536 2 0.5 3500 0.2 2 0 2e-06 0 9.81 10 35
0,0.25,2.5,10.7409,-3.03401e-05,4.37683
0,0.25,2.49999,11.2618,-0.00164628,4.48893
0,0.25,2.4999,11.763,-0.0231339,4.47343
0,0.25,2.4993,12.2623,-0.0928388,4.35278
0,0.25,2.49812,12.7599,-0.145862,4.12627
0,0.25,2.49695,13.2552,-0.181975,3.82883
0,0.25,2.49547,13.7475,-0.242492,3.40954
0,0.25,2.49342,14.2356,-0.343218,2.79983
0,0.25,2.49059,14.7177,-0.4321,2.06807
0,0.25,2.48729,15.1929,-0.481316,1.32483
0,0.25,2.48446,15.662,-0.424602,0.727358
0,0.25,2.48293,16.1267,-0.239097,0.433095
0,0.25,2.48411,16.5894,0.0496603,0.419138
0,0.25,2.48716,17.0525,0.289383,0.576199
0,0.25,2.49222,17.5171,0.421139,0.787636
0,0.25,2.49566,17.982,0.347876,0.802895
0,0.25,2.49782,18.448,0.131691,0.620613
0,0.25,2.49529,18.9128,-0.0792015,0.492537
0,0.25,2.48902,19.3786,-0.289549,0.182582
0,0.25,2.47948,19.8495,-0.362624,0.233441
0,0.25,2.47009,20.3228,-0.379648,0.0998428
0,0.25,2.46158,20.8045,-0.298444,0.0405369
0,0.25,2.45565,21.2844,-0.222699,0.10839
0,0.25,2.45345,21.7705,0.011982,0.154262
0,0.25,2.45763,22.2538,0.23924,0.641942
0,0.25,2.46236,22.7367,0.396529,0.965478
0,0.25,2.47809,23.2119,0.450504,1.11704
0,0.25,2.48761,23.6761,0.441359,0.975419
0,0.25,2.50533,24.1276,0.74719,0.384076
0,0.25,2.50812,24.571,0.828388,-0.146935
0,0.25,2.99997,10.8948,-0.00389994,5.16218
0,0.25,2.99974,11.3943,-0.0290203,5.14326
0,0.25,2.99921,11.8941,-0.0794171,5.05815
0,0.25,2.9984,12.3923,-0.129775,4.88719
0,0.25,2.99709,12.8888,-0.159697,4.63239
0,0.25,2.99603,13.3826,-0.201815,4.26454
0,0.25,2.9944,13.8723,-0.255985,3.70069
0,0.25,2.99221,14.3567,-0.346227,2.96893
0,0.25,2.98966,14.8341,-0.381292,2.20431
0,0.25,2.98696,15.3048,-0.342922,1.49098
0,0.25,2.98545,15.7708,-0.220617,1.03341
0,0.25,2.98547,16.2344,-0.017824,0.963494
0,0.25,2.98768,16.6984,0.187382,1.09425
0,0.25,2.99085,17.1661,0.237715,1.34681
0,0.25,2.99462,17.6359,0.190781,1.67417
0,0.25,2.99493,18.1071,0.00622502,1.62462
0,0.25,2.994,18.5814,-0.204337,1.81187
0,0.25,2.98919,19.0501,-0.132997,1.88026
0,0.25,2.98232,19.5225,-0.170207,1.67863
0,0.25,2.97636,19.9874,-0.0607141,1.89671
0,0.25,2.96902,20.4475,-0.10962,1.21735
0,0.25,2.9643,20.9043,-0.256011,0.962275
0,0.25,2.95877,21.3525,-0.331166,0.593904
0,0.25,2.95781,21.8007,-0.178641,0.409944
0,0.25,2.95859,22.247,0.0488949,0.300984
0,0.25,2.96429,22.6957,0.0983233,0.242124
0,0.25,2.97773,23.1463,0.462883,0.221959
0,0.25,2.99236,23.6053,0.655331,0.0319312
0,0.25,2.99712,24.0683,0.94928,0.161829
0,0.25,3.02683,24.5489,0.981698,0.0940132
0,0.25,3.49997,10.9026,-0.00501991,5.22308
0,0.25,3.49972,11.402,-0.0302029,5.17314
0,0.25,3.49919,11.9014,-0.0558348,5.09408
0,0.25,3.49895,12.3993,-0.0650688,4.949
0,0.25,3.49838,12.8957,-0.0779727,4.66436
0,0.25,3.4977,13.3893,-0.1316,4.26642
0,0.25,3.49671,13.8781,-0.180042,3.67563
0,0.25,3.49508,14.3617,-0.238303,2.9116
0,0.25,3.49341,14.8385,-0.290379,2.18101
0,0.25,3.49154,15.3083,-0.280049,1.48216
0,0.25,3.48982,15.7743,-0.243849,1.01577
0,0.25,3.48932,16.2375,-0.147645,0.960375
0,0.25,3.48954,16.6998,0.00681958,0.928167
0,0.25,3.49068,17.1654,0.0557611,0.976083
0,0.25,3.49273,17.6301,0.0946268,1.23039
0,0.25,3.49304,18.0948,0.062225,0.971155
0,0.25,3.49279,18.5648,-0.0758138,1.26665
0,0.25,3.49114,19.0271,-0.0828057,1.50734
0,0.25,3.48682,19.4983,-0.148248,1.12396
0,0.25,3.48361,19.9637,-0.240947,1.5916
0,0.25,3.47775,20.4219,-0.166196,0.690552
0,0.25,3.47364,20.8846,-0.277689,0.588592
0,0.25,3.4715,21.3351,-0.0139742,0.583017
0,0.25,3.47059,21.7933,0.134306,0.490025
0,0.25,3.47476,22.2458,0.343933,0.372073
0,0.25,3.48163,22.7046,0.466571,0.1322
0,0.25,3.48461,23.1527,0.595135,0.106344
0,0.25,3.5029,23.6119,0.718141,-0.24361
0,0.25,3.48739,24.0654,0.859749,0.0325547
0,0.25,3.50978,24.5373,1.08062,0.0470187
0,0.25,3.99999,10.9027,-0.00210536,5.21501
0,0.25,3.99991,11.4019,-0.0111485,5.16148
0,0.25,3.99969,11.9013,-0.0200743,5.07835
0,0.25,3.9995,12.3992,-0.0425582,4.92887
0,0.25,3.99909,12.8952,-0.0643565,4.62702
0,0.25,3.99847,13.3886,-0.0970529,4.21027
0,0.25,3.99776,13.877,-0.130787,3.63584
0,0.25,3.99681,14.3602,-0.150401,2.86041
0,0.25,3.99562,14.8371,-0.177799,2.15083
0,0.25,3.99471,15.3067,-0.163463,1.52525
0,0.25,3.99379,15.7731,-0.102993,1.06969
0,0.25,3.99366,16.2379,-0.0469268,1.09624
0,0.25,3.99449,16.7006,0.0550173,1.08132
0,0.25,3.99529,17.1677,0.101937,0.999722
0,0.25,3.99654,17.6327,0.0382391,1.27593
0,0.25,3.99702,18.0955,0.00828393,0.89582
0,0.25,3.99531,18.5653,-0.11823,1.12104
0,0.25,3.99384,19.0254,-0.193156,1.54484
0,0.25,3.99057,19.4942,-0.0722635,1.02595
0,0.25,3.9875,19.9605,-0.0948908,1.59977
0,0.25,3.98627,20.4155,0.00960441,0.749938
0,0.25,3.9847,20.8803,0.104151,0.494275
0,0.25,3.98355,21.3277,-0.0133832,0.650784
0,0.25,3.98497,21.7867,0.0250956,0.364622
0,0.25,3.98387,22.2395,0.0705148,0.525921
0,0.25,3.98867,22.7012,0.192818,0.351612
0,0.25,3.99075,23.1568,0.350736,0.550498
0,0.25,4.00304,23.626,0.842893,0.324604
0,0.25,3.99314,24.0808,0.593495,0.308706
0,0.25,3.99856,24.5429,0.833528,-0.0678258
0,0.25,4.49999,10.9026,-0.0010973,5.20947
0,0.25,4.49994,11.4018,-0.00628737,5.15338
0,0.25,4.49987,11.9011,-0.0114948,5.06712
0,0.25,4.49974,12.399,-0.0170428,4.91758
0,0.25,4.49961,12.8949,-0.0175268,4.62064
0,0.25,4.49953,13.3883,-0.01648,4.1959
0,0.25,4.49936,13.8767,-0.0227196,3.6218
0,0.25,4.49925,14.3596,-0.0302961,2.84881
0,0.25,4.49891,14.8364,-0.0427768,2.13296
0,0.25,4.49861,15.3063,-0.0573271,1.55145
0,0.25,4.4983,15.7727,-0.0426606,1.11671
0,0.25,4.49795,16.2382,-0.036868,1.11793
0,0.25,4.49813,16.7015,-0.024239,1.15256
0,0.25,4.49817,17.1676,0.00997465,0.960637
0,0.25,4.49795,17.6334,-0.0348024,1.17711
0,0.25,4.49854,18.0945,-0.0220669,0.916583
0,0.25,4.49763,18.5629,-9.04388e-05,0.975368
0,0.25,4.49784,19.0253,-0.0452526,1.64638
0,0.25,4.49792,19.4911,0.0765564,1.16303
0,0.25,4.49664,19.9611,-0.0344846,1.46551
0,0.25,4.49778,20.417,-0.0882869,1.0048
0,0.25,4.49489,20.8789,-0.057179,0.411183
0,0.25,4.49366,21.333,-0.196869,0.693205
0,0.25,4.49362,21.7897,0.0471686,0.699437
0,0.25,4.4924,22.2456,0.156575,0.611241
0,0.25,4.49712,22.7063,0.366698,0.474209
0,0.25,4.49443,23.1606,0.265956,0.422845
0,0.25,4.50284,23.6229,0.0820414,0.236445
0,0.25,4.50252,24.0849,0.0176481,0.442011
0,0.25,4.50014,24.5462,0.114642,0.193783
0,0.25,5.00001,10.9026,0.0010973,5.20947
0,0.25,5.00006,11.4018,0.00628737,5.15338
0,0.25,5.00013,11.9011,0.0114948,5.06712
0,0.25,5.00026,12.399,0.0170428,4.91758
0,0.25,5.00039,12.8949,0.0175268,4.62064
0,0.25,5.00047,13.3883,0.01648,4.1959
0,0.25,5.00064,13.8767,0.0227196,3.6218
0,0.25,5.00075,14.3596,0.0302961,2.84881
0,0.25,5.00109,14.8364,0.0427768,2.13296
0,0.25,5.00139,15.3063,0.0573271,1.55145
0,0.25,5.0017,15.7727,0.0426606,1.11671
0,0.25,5.00205,16.2382,0.036868,1.11793
0,0.25,5.00187,16.7015,0.024239,1.15256
0,0.25,5.00183,17.1676,-0.00997465,0.960637
0,0.25,5.00205,17.6334,0.0348024,1.17711
0,0.25,5.00146,18.0945,0.0220669,0.916583
0,0.25,5.00237,18.5629,9.04387e-05,0.975368
0,0.25,5.00216,19.0253,0.0452526,1.64638
0,0.25,5.00208,19.4911,-0.0765564,1.16303
0,0.25,5.00336,19.9611,0.0344846,1.46551
0,0.25,5.00222,20.417,0.0882869,1.0048
0,0.25,5.00511,20.8789,0.057179,0.411183
0,0.25,5.00634,21.333,0.196869,0.693205
0,0.25,5.00638,21.7897,-0.0471686,0.699437
0,0.25,5.0076,22.2456,-0.156575,0.611241
0,0.25,5.00288,22.7063,-0.366698,0.474209
0,0.25,5.00557,23.1606,-0.265956,0.422845
0,0.25,4.99716,23.6229,-0.0820414,0.236445
0,0.25,4.99748,24.0849,-0.0176481,0.442011
0,0.25,4.99986,24.5462,-0.114642,0.193783
0,0.25,5.50001,10.9027,0.00210536,5.21501
0,0.25,5.50009,11.4019,0.0111485,5.16148
0,0.25,5.50031,11.9013,0.0200743,5.07835
0,0.25,5.5005,12.3992,0.0425582,4.92887
0,0.25,5.50091,12.8952,0.0643565,4.62702
0,0.25,5.50153,13.3886,0.0970529,4.21027
0,0.25,5.50224,13.877,0.130787,3.63584
0,0.25,5.50319,14.3602,0.150401,2.86041
0,0.25,5.50438,14.8371,0.177799,2.15083
0,0.25,5.50529,15.3067,0.163463,1.52525
0,0.25,5.50621,15.7731,0.102993,1.06969
0,0.25,5.50634,16.2379,0.0469268,1.09624
0,0.25,5.50551,16.7006,-0.0550173,1.08132
0,0.25,5.50471,17.1677,-0.101937,0.999722
0,0.25,5.50346,17.6327,-0.0382391,1.27593
0,0.25,5.50298,18.0955,-0.00828393,0.89582
0,0.25,5.50469,18.5653,0.11823,1.12104
0,0.25,5.50616,19.0254,0.193156,1.54484
0,0.25,5.50943,19.4942,0.0722635,1.02595
0,0.25,5.5125,19.9605,0.0948908,1.59977
0,0.25,5.51373,20.4155,-0.00960441,0.749938
0,0.25,5.5153,20.8803,-0.104151,0.494275
0,0.25,5.51645,21.3277,0.0133832,0.650784
0,0.25,5.51503,21.7867,-0.0250956,0.364622
0,0.25,5.51613,22.2395,-0.0705148,0.525921
0,0.25,5.51133,22.7012,-0.192818,0.351612
0,0.25,5.50925,23.1568,-0.350736,0.550498
0,0.25,5.49696,23.626,-0.842893,0.324604
0,0.25,5.50686,24.0808,-0.593495,0.308706
0,0.25,5.50144,24.5429,-0.833528,-0.0678258
0,0.25,6.00003,10.9026,0.00501991,5.22308
0,0.25,6.00028,11.402,0.0302029,5.17314
0,0.25,6.00081,11.9014,0.0558348,5.09408
0,0.25,6.00105,12.3993,0.0650688,4.949
0,0.25,6.00162,12.8957,0.0779727,4.66436
0,0.25,6.0023,13.3893,0.1316,4.26642
0,0.25,6.00329,13.8781,0.180042,3.67563
0,0.25,6.00492,14.3617,0.238303,2.9116
0,0.25,6.00659,14.8385,0.290379,2.18101
0,0.25,6.00846,15.3083,0.280049,1.48216
0,0.25,6.01018,15.7743,0.243849,1.01577
0,0.25,6.01068,16.2375,0.147645,0.960375
0,0.25,6.01046,16.6998,-0.00681958,0.928167
0,0.25,6.00932,17.1654,-0.0557611,0.976083
0,0.25,6.00727,17.6301,-0.0946268,1.23039
0,0.25,6.00696,18.0948,-0.062225,0.971155
0,0.25,6.00721,18.5648,0.0758138,1.26665
0,0.25,6.00886,19.0271,0.0828057,1.50734
0,0.25,6.01318,19.4983,0.148248,1.12396
0,0.25,6.01639,19.9637,0.240947,1.5916
0,0.25,6.02225,20.4219,0.166196,0.690552
0,0.25,6.02636,20.8846,0.277689,0.588592
0,0.25,6.0285,21.3351,0.0139742,0.583017
0,0.25,6.02941,21.7933,-0.134306,0.490025
0,0.25,6.02524,22.2458,-0.343933,0.372073
0,0.25,6.01837,22.7046,-0.466571,0.1322
0,0.25,6.01539,23.1527,-0.595135,0.106344
0,0.25,5.9971,23.6119,-0.718141,-0.24361
0,0.25,6.01261,24.0654,-0.859749,0.0325547
0,0.25,5.99022,24.5373,-1.08062,0.0470187
0,0.25,6.50003,10.8948,0.00389994,5.16218
0,0.25,6.50026,11.3943,0.0290203,5.14326
0,0.25,6.50079,11.8941,0.0794171,5.05815
0,0.25,6.5016,12.3923,0.129775,4.88719
0,0.25,6.50291,12.8888,0.159697,4.63239
0,0.25,6.50397,13.3826,0.201815,4.26454
0,0.25,6.5056,13.8723,0.255985,3.70069
0,0.25,6.50779,14.3567,0.346227,2.96893
0,0.25,6.51034,14.8341,0.381292,2.20431
0,0.25,6.51304,15.3048,0.342922,1.49098
0,0.25,6.51455,15.7708,0.220617,1.03341
0,0.25,6.51453,16.2344,0.017824,0.963494
0,0.25,6.51232,16.6984,-0.187382,1.09425
0,0.25,6.50915,17.1661,-0.237715,1.34681
0,0.25,6.50538,17.6359,-0.190781,1.67417
0,0.25,6.50507,18.1071,-0.00622502,1.62462
0,0.25,6.506,18.5814,0.204337,1.81187
0,0.25,6.51081,19.0501,0.132997,1.88026
0,0.25,6.51768,19.5225,0.170207,1.67863
0,0.25,6.52364,19.9874,0.0607141,1.89671
0,0.25,6.53098,20.4475,0.10962,1.21735
0,0.25,6.5357,20.9043,0.256011,0.962275
0,0.25,6.54123,21.3525,0.331166,0.593904
0,0.25,6.54219,21.8007,0.178641,0.409944
0,0.25,6.54141,22.247,-0.0488949,0.300984
0,0.25,6.53571,22.6957,-0.0983233,0.242124
0,0.25,6.52227,23.1463,-0.462883,0.221959
0,0.25,6.50764,23.6053,-0.655331,0.0319312
0,0.25,6.50288,24.0683,-0.94928,0.161829
0,0.25,6.47317,24.5489,-0.981698,0.0940132
0,0.25,7,10.7409,3.03401e-05,4.37683
0,0.25,7.00001,11.2618,0.00164628,4.48893
0,0.25,7.0001,11.763,0.0231339,4.47343
0,0.25,7.0007,12.2623,0.0928388,4.35278
0,0.25,7.00188,12.7599,0.145862,4.12627
0,0.25,7.00305,13.2552,0.181975,3.82883
0,0.25,7.00453,13.7475,0.242492,3.40954
0,0.25,7.00658,14.2356,0.343218,2.79983
0,0.25,7.00941,14.7177,0.4321,2.06807
0,0.25,7.01271,15.1929,0.481316,1.32483
0,0.25,7.01554,15.662,0.424602,0.727358
0,0.25,7.01707,16.1267,0.239097,0.433095
0,0.25,7.01589,16.5894,-0.0496603,0.419138
0,0.25,7.01284,17.0525,-0.289383,0.576199
0,0.25,7.00778,17.5171,-0.421139,0.787636
0,0.25,7.00434,17.982,-0.347876,0.802895
0,0.25,7.00218,18.448,-0.131691,0.620613
0,0.25,7.00471,18.9128,0.0792015,0.492537
0,0.25,7.01098,19.3786,0.289549,0.182582
0,0.25,7.02052,19.8495,0.362624,0.233441
0,0.25,7.02991,20.3228,0.379648,0.0998428
0,0.25,7.03842,20.8045,0.298444,0.0405369
0,0.25,7.04435,21.2844,0.222699,0.10839
0,0.25,7.04655,21.7705,-0.011982,0.154262
0,0.25,7.04237,22.2538,-0.23924,0.641942
0,0.25,7.03764,22.7367,-0.396529,0.965478
0,0.25,7.02191,23.2119,-0.450504,1.11704
0,0.25,7.01239,23.6761,-0.441359,0.975419
0,0.25,6.99467,24.1276,-0.74719,0.384076
0,0.25,6.99188,24.571,-0.828388,-0.146935
1,0.25,7.5,1.5,0,0
1,0.25,8,1.5,0,0
1,0.25,1.5,1.5,0,0
1,0.25,2,1.5,0,0
1,0.25,7.5,2,0,0
1,0.25,8,2,0,0
1,0.25,1.5,2,0,0
1,0.25,2,2,0,0
1,0.25,7.5,2.5,0,0
1,0.25,8,2.5,0,0
1,0.25,1.5,2.5,0,0
1,0.25,2,2.5,0,0
1,0.25,7.5,3,0,0
1,0.25,8,3,0,0
1,0.25,1.5,3,0,0
1,0.25,2,3,0,0
1,0.25,7.5,3.5,0,0
1,0.25,8,3.5,0,0
1,0.25,1.5,3.5,0,0
1,0.25,2,3.5,0,0
1,0.25,7.5,4,0,0
1,0.25,8,4,0,0
1,0.25,1.5,4,0,0
1,0.25,2,4,0,0
1,0.25,7.5,4.5,0,0
1,0.25,8,4.5,0,0
1,0.25,1.5,4.5,0,0
1,0.25,2,4.5,0,0
1,0.25,7.5,5,0,0
1,0.25,8,5,0,0
1,0.25,1.5,5,0,0
1,0.25,2,5,0,0
1,0.25,7.5,5.5,0,0
1,0.25,8,5.5,0,0
1,0.25,1.5,5.5,0,0
1,0.25,2,5.5,0,0
1,0.25,7.5,6,0,0
1,0.25,8,6,0,0
1,0.25,1.5,6,0,0
1,0.25,2,6,0,0
1,0.25,7.5,6.5,0,0
1,0.25,8,6.5,0,0
1,0.25,1.5,6.5,0,0
1,0.25,2,6.5,0,0
1,0.25,7.5,7,0,0
1,0.25,8,7,0,0
1,0.25,1.5,7,0,0
1,0.25,2,7,0,0
1,0.25,7.5,7.5,0,0
1,0.25,8,7.5,0,0
1,0.25,1.5,7.5,0,0
1,0.25,2,7.5,0,0
1,0.25,7.5,8,0,0
1,0.25,8,8,0,0
1,0.25,1.5,8,0,0
1,0.25,2,8,0,0
1,0.25,7.5,8.5,0,0
1,0.25,8,8.5,0,0
1,0.25,1.5,8.5,0,0
1,0.25,2,8.5,0,0
1,0.25,7.5,9,0,0
1,0.25,8,9,0,0
1,0.25,1.5,9,0,0
1,0.25,2,9,0,0
1,0.25,7.5,9.5,0,0
1,0.25,8,9.5,0,0
1,0.25,1.5,9.5,0,0
1,0.25,2,9.5,0,0
1,0.25,7.5,10,0,0
1,0.25,8,10,0,0
1,0.25,1.5,10,0,0
1,0.25,2,10,0,0
1,0.25,7.5,10.5,0,0
1,0.25,8,10.5,0,0
1,0.25,1.5,10.5,0,0
1,0.25,2,10.5,0,0
1,0.25,7.5,11,0,0
1,0.25,8,11,0,0
1,0.25,1.5,11,0,0
1,0.25,2,11,0,0
1,0.25,7.5,11.5,0,0
1,0.25,8,11.5,0,0
1,0.25,1.5,11.5,0,0
1,0.25,2,11.5,0,0
1,0.25,7.5,12,0,0
1,0.25,8,12,0,0
1,0.25,1.5,12,0,0
1,0.25,2,12,0,0
1,0.25,7.5,12.5,0,0
1,0.25,8,12.5,0,0
1,0.25,1.5,12.5,0,0
1,0.25,2,12.5,0,0
1,0.25,7.5,13,0,0
1,0.25,8,13,0,0
1,0.25,1.5,13,0,0
1,0.25,2,13,0,0
1,0.25,7.5,13.5,0,0
1,0.25,8,13.5,0,0
1,0.25,1.5,13.5,0,0
1,0.25,2,13.5,0,0
1,0.25,7.5,14,0,0
1,0.25,8,14,0,0
1,0.25,1.5,14,0,0
1,0.25,2,14,0,0
1,0.25,7.5,14.5,0,0
1,0.25,8,14.5,0,0
1,0.25,1.5,14.5,0,0
1,0.25,2,14.5,0,0
1,0.25,7.5,15,0,0
1,0.25,8,15,0,0
1,0.25,1.5,15,0,0
1,0.25,2,15,0,0
1,0.25,7.5,15.5,0,0
1,0.25,8,15.5,0,0
1,0.25,1.5,15.5,0,0
1,0.25,2,15.5,0,0
1,0.25,7.5,16,0,0
1,0.25,8,16,0,0
1,0.25,1.5,16,0,0
1,0.25,2,16,0,0
1,0.25,7.5,16.5,0,0
1,0.25,8,16.5,0,0
1,0.25,1.5,16.5,0,0
1,0.25,2,16.5,0,0
1,0.25,7.5,17,0,0
1,0.25,8,17,0,0
1,0.25,1.5,17,0,0
1,0.25,2,17,0,0
1,0.25,7.5,17.5,0,0
1,0.25,8,17.5,0,0
1,0.25,1.5,17.5,0,0
1,0.25,2,17.5,0,0
1,0.25,7.5,18,0,0
1,0.25,8,18,0,0
1,0.25,1.5,18,0,0
1,0.25,2,18,0,0
1,0.25,7.5,18.5,0,0
1,0.25,8,18.5,0,0
1,0.25,1.5,18.5,0,0
1,0.25,2,18.5,0,0
1,0.25,7.5,19,0,0
1,0.25,8,19,0,0
1,0.25,1.5,19,0,0
1,0.25,2,19,0,0
1,0.25,7.5,19.5,0,0
1,0.25,8,19.5,0,0
1,0.25,1.5,19.5,0,0
1,0.25,2,19.5,0,0
1,0.25,7.5,20,0,0
1,0.25,8,20,0,0
1,0.25,1.5,20,0,0
1,0.25,2,20,0,0
1,0.25,7.5,20.5,0,0
1,0.25,8,20.5,0,0
1,0.25,1.5,20.5,0,0
1,0.25,2,20.5,0,0
1,0.25,7.5,21,0,0
1,0.25,8,21,0,0
1,0.25,1.5,21,0,0
1,0.25,2,21,0,0
1,0.25,7.5,21.5,0,0
1,0.25,8,21.5,0,0
1,0.25,1.5,21.5,0,0
1,0.25,2,21.5,0,0
1,0.25,7.5,22,0,0
1,0.25,8,22,0,0
1,0.25,1.5,22,0,0
1,0.25,2,22,0,0
1,0.25,7.5,22.5,0,0
1,0.25,8,22.5,0,0
1,0.25,1.5,22.5,0,0
1,0.25,2,22.5,0,0
1,0.25,7.5,23,0,0
1,0.25,8,23,0,0
1,0.25,1.5,23,0,0
1,0.25,2,23,0,0
1,0.25,7.5,23.5,0,0
1,0.25,8,23.5,0,0
1,0.25,1.5,23.5,0,0
1,0.25,2,23.5,0,0
1,0.25,7.5,24,0,0
1,0.25,8,24,0,0
1,0.25,1.5,24,0,0
1,0.25,2,24,0,0
1,0.25,7.5,24.5,0,0
1,0.25,8,24.5,0,0
1,0.25,1.5,24.5,0,0
1,0.25,2,24.5,0,0
1,0.25,7.5,25,0,0
1,0.25,8,25,0,0
1,0.25,1.5,25,0,0
1,0.25,2,25,0,0
1,0.25,7.5,25.5,0,0
1,0.25,8,25.5,0,0
1,0.25,1.5,25.5,0,0
1,0.25,2,25.5,0,0
1,0.25,2.5,1.5,0,0
1,0.25,2.5,2,0,0
1,0.25,2.5,25,0,0
1,0.25,2.5,25.5,0,0
1,0.25,3,1.5,0,0
1,0.25,3,2,0,0
1,0.25,3,25,0,0
1,0.25,3,25.5,0,0
1,0.25,3.5,1.5,0,0
1,0.25,3.5,2,0,0
1,0.25,3.5,25,0,0
1,0.25,3.5,25.5,0,0
1,0.25,4,1.5,0,0
1,0.25,4,2,0,0
1,0.25,4,25,0,0
1,0.25,4,25.5,0,0
1,0.25,4.5,1.5,0,0
1,0.25,4.5,2,0,0
1,0.25,4.5,25,0,0
1,0.25,4.5,25.5,0,0
1,0.25,5,1.5,0,0
1,0.25,5,2,0,0
1,0.25,5,25,0,0
1,0.25,5,25.5,0,0
1,0.25,5.5,1.5,0,0
1,0.25,5.5,2,0,0
1,0.25,5.5,25,0,0
1,0.25,5.5,25.5,0,0
1,0.25,6,1.5,0,0
1,0.25,6,2,0,0
1,0.25,6,25,0,0
1,0.25,6,25.5,0,0
1,0.25,6.5,1.5,0,0
1,0.25,6.5,2,0,0
1,0.25,6.5,25,0,0
1,0.25,6.5,25.5,0,0
1,0.25,7,1.5,0,0
1,0.25,7,2,0,0
1,0.25,7,25,0,0
1,0.25,7,25.5,0,0
