536 2 0.5 3500 0.2 2 0 2e-06 0 9.81 10 35
0,0.25,2.5,9.80257,-2.02058e-06,2.27571
0,0.25,2.5,10.3049,-4.17548e-06,2.30553
0,0.25,2.5,10.8049,-3.37573e-06,2.30656
0,0.25,2.5,11.3049,-3.79043e-06,2.30659
0,0.25,2.5,11.8049,-4.05345e-06,2.30659
0,0.25,2.5,12.3049,-4.49619e-06,2.30659
0,0.25,2.5,12.8049,-4.70424e-06,2.30659
0,0.25,2.5,13.3049,-4.86777e-06,2.30659
0,0.25,2.5,13.8049,-4.91889e-06,2.30659
0,0.25,2.5,14.3049,-4.94239e-06,2.30659
0,0.25,2.5,14.8049,-4.94918e-06,2.30659
0,0.25,2.5,15.3049,-4.95119e-06,2.30659
0,0.25,2.5,15.8049,-4.95494e-06,2.30659
0,0.25,2.5,16.3049,-4.97943e-06,2.30659
0,0.25,2.5,16.8049,-5.05292e-06,2.30659
0,0.25,2.5,17.3049,-5.27948e-06,2.30659
0,0.25,2.5,17.8049,-5.78058e-06,2.30659
0,0.25,2.5,18.3049,-6.24628e-06,2.30659
0,0.25,2.5,18.8049,-7.6034e-06,2.30659
0,0.25,2.5,19.3049,-4.18261e-05,2.30656
0,0.25,2.5,19.8049,-0.000158567,2.30659
0,0.25,2.49999,20.3049,-0.000167288,2.30651
0,0.25,2.49998,20.8049,-0.000528421,2.30657
0,0.25,2.49998,21.3049,-0.000452059,2.30642
0,0.25,2.49996,21.8049,-0.00133986,2.30653
0,0.25,2.49996,22.3049,-0.0011445,2.30613
0,0.25,2.49988,22.8049,-0.00342053,2.30641
0,0.25,2.49988,23.3048,-0.0030712,2.29978
0,0.25,2.49966,23.8048,-0.00184713,2.30496
0,0.25,2.49991,24.3023,-0.00245494,2.27103
0,0.25,3,9.81982,-2.52717e-05,2.50294
0,0.25,2.99999,10.3197,-0.000103192,2.50091
0,0.25,3,10.8197,-3.12341e-05,2.50141
0,0.25,3,11.3197,-2.19828e-05,2.50142
0,0.25,3,11.8197,-8.72699e-06,2.50142
0,0.25,3,12.3197,-5.31091e-06,2.50142
0,0.25,3,12.8197,-5.28448e-06,2.50142
0,0.25,3,13.3197,-5.42709e-06,2.50142
0,0.25,3,13.8197,-5.51151e-06,2.50142
0,0.25,3,14.3197,-5.55622e-06,2.50142
0,0.25,3,14.8197,-5.57101e-06,2.50142
0,0.25,3,15.3197,-5.57615e-06,2.50142
0,0.25,3,15.8197,-5.5787e-06,2.50142
0,0.25,3,16.3197,-9.68176e-06,2.50142
0,0.25,3,16.8197,-2.25323e-05,2.50142
0,0.25,3,17.3197,-2.59023e-05,2.50141
0,0.25,3,17.8197,-7.20355e-05,2.50142
0,0.25,3,18.3197,-6.33549e-05,2.50139
0,0.25,2.99999,18.8197,-0.000175338,2.50142
0,0.25,3,19.3197,-0.000139437,2.50122
0,0.25,2.99999,19.8197,-0.000381574,2.50141
0,0.25,2.99999,20.3197,-0.000292996,2.50096
0,0.25,2.99998,20.8197,-0.000798611,2.50139
0,0.25,2.99998,21.3197,-0.000598053,2.50043
0,0.25,2.99995,21.8197,-0.00161838,2.50134
0,0.25,2.99996,22.3196,-0.00121225,2.49897
0,0.25,2.9999,22.8197,-0.00329523,2.50119
0,0.25,2.99994,23.3195,-0.000928699,2.49336
0,0.25,2.99986,23.8197,-0.000647217,2.50059
0,0.25,2.99996,24.3196,-0.000306732,2.49346
0,0.25,3.5,9.81994,-6.31157e-07,2.50533
0,0.25,3.5,10.3199,-1.8512e-06,2.50542
0,0.25,3.5,10.82,-4.01707e-06,2.50549
0,0.25,3.5,11.3199,-1.24384e-05,2.50542
0,0.25,3.5,11.8199,-5.08404e-06,2.50544
0,0.25,3.5,12.3199,-3.60213e-06,2.50542
0,0.25,3.5,12.8199,-3.99047e-06,2.50542
0,0.25,3.5,13.3199,-4.49603e-06,2.50542
0,0.25,3.5,13.8199,-4.66191e-06,2.50542
0,0.25,3.5,14.3199,-4.79748e-06,2.50542
0,0.25,3.5,14.8199,-4.83775e-06,2.50542
0,0.25,3.5,15.3199,-4.85772e-06,2.50542
0,0.25,3.5,15.8199,-4.86495e-06,2.50542
0,0.25,3.5,16.3199,-7.03667e-06,2.5054
0,0.25,3.5,16.8199,-1.38412e-05,2.50542
0,0.25,3.5,17.3199,-2.61733e-05,2.50535
0,0.25,3.5,17.8199,-8.31438e-05,2.50541
0,0.25,3.5,18.3199,-6.9381e-05,2.50529
0,0.25,3.49999,18.8199,-0.000189873,2.50541
0,0.25,3.5,19.3199,-0.00012849,2.50511
0,0.25,3.49999,19.8199,-0.000322059,2.5054
0,0.25,3.49999,20.3199,-0.000216342,2.50478
0,0.25,3.49998,20.8199,-0.000542054,2.50537
0,0.25,3.49999,21.3199,-0.000365937,2.50415
0,0.25,3.49997,21.8199,-0.000920862,2.50532
0,0.25,3.49999,22.3199,-0.000549909,2.50273
0,0.25,3.49997,22.8199,-0.00124328,2.50517
0,0.25,3.5,23.3198,-0.000340632,2.50009
0,0.25,3.50006,23.8199,6.1426e-05,2.50502
0,0.25,3.50001,24.3196,-1.13875e-05,2.49411
0,0.25,4,9.81995,1.85716e-05,2.50544
0,0.25,4,10.32,7.46676e-05,2.50547
0,0.25,4,10.82,1.13105e-05,2.50548
0,0.25,4,11.32,2.06997e-06,2.50547
0,0.25,4,11.82,-5.88488e-07,2.50549
0,0.25,4,12.32,-2.51455e-06,2.50547
0,0.25,4,12.82,-3.18188e-06,2.50547
0,0.25,4,13.32,-3.76448e-06,2.50547
0,0.25,4,13.82,-3.92259e-06,2.50547
0,0.25,4,14.32,-4.05999e-06,2.50547
0,0.25,4,14.82,-4.10075e-06,2.50547
0,0.25,4,15.32,-4.122e-06,2.50547
0,0.25,4,15.82,-4.12954e-06,2.50547
0,0.25,4,16.32,-3.51662e-06,2.50546
0,0.25,4,16.82,-1.62856e-06,2.50547
0,0.25,4,17.3199,-1.27139e-05,2.50537
0,0.25,4,17.82,-4.14494e-05,2.50547
0,0.25,4,18.3199,-2.92102e-05,2.50531
0,0.25,4,18.82,-6.75158e-05,2.50546
0,0.25,4,19.3199,-6.18248e-05,2.50508
0,0.25,4,19.82,-0.00017205,2.50545
0,0.25,4,20.3199,-0.000133971,2.50466
0,0.25,3.99999,20.82,-0.000360234,2.50542
0,0.25,3.99999,21.3199,-0.000266505,2.50385
0,0.25,3.99998,21.8199,-0.000711002,2.50535
0,0.25,3.99998,22.3198,-0.000479605,2.50223
0,0.25,3.99996,22.8199,-0.00120757,2.50523
0,0.25,3.99997,23.3198,-0.000760476,2.49929
0,0.25,3.99992,23.8199,-0.00204937,2.50508
0,0.25,3.99998,24.3197,-0.000489478,2.4963
0,0.25,4.5,9.81995,-4.33794e-06,2.50544
0,0.25,4.5,10.3199,-2.25606e-05,2.50546
0,0.25,4.5,10.82,-1.28114e-05,2.50548
0,0.25,4.5,11.32,-4.11218e-06,2.50548
0,0.25,4.5,11.82,-7.38547e-07,2.50549
0,0.25,4.5,12.32,-3.62263e-07,2.50547
0,0.25,4.5,12.82,-4.45804e-07,2.50547
0,0.25,4.5,13.32,-5.23049e-07,2.50547
0,0.25,4.5,13.82,-5.57103e-07,2.50547
0,0.25,4.5,14.32,-5.83363e-07,2.50547
0,0.25,4.5,14.82,-5.92934e-07,2.50547
0,0.25,4.5,15.32,-5.97642e-07,2.50547
0,0.25,4.5,15.82,-5.96581e-07,2.50547
0,0.25,4.5,16.32,-1.89457e-06,2.50545
0,0.25,4.5,16.82,-5.97386e-06,2.50547
0,0.25,4.5,17.3199,-7.8762e-06,2.50535
0,0.25,4.5,17.82,-2.52724e-05,2.50547
0,0.25,4.5,18.3199,-1.76658e-05,2.50529
0,0.25,4.5,18.82,-4.61949e-05,2.50546
0,0.25,4.5,19.3199,-3.00655e-05,2.50503
0,0.25,4.5,19.82,-7.57672e-05,2.50544
0,0.25,4.5,20.3199,-4.32332e-05,2.5046
0,0.25,4.5,20.8199,-9.82998e-05,2.50541
0,0.25,4.5,21.3199,-5.05432e-05,2.50378
0,0.25,4.5,21.8199,-9.69616e-05,2.50535
0,0.25,4.5,22.3199,-1.01114e-05,2.50226
0,0.25,4.50001,22.8199,8.18907e-05,2.50525
0,0.25,4.50002,23.3198,0.000262915,2.4998
0,0.25,4.50005,23.8199,0.000999517,2.50507
0,0.25,4.50001,24.3196,0.000227961,2.49599
0,0.25,5,9.81995,4.33795e-06,2.50544
0,0.25,5,10.3199,2.25607e-05,2.50546
0,0.25,5,10.82,1.28114e-05,2.50548
0,0.25,5,11.32,4.11215e-06,2.50548
0,0.25,5,11.82,7.38542e-07,2.50549
0,0.25,5,12.32,3.62268e-07,2.50547
0,0.25,5,12.82,4.4581e-07,2.50547
0,0.25,5,13.32,5.23054e-07,2.50547
0,0.25,5,13.82,5.57109e-07,2.50547
0,0.25,5,14.32,5.83369e-07,2.50547
0,0.25,5,14.82,5.92938e-07,2.50547
0,0.25,5,15.32,5.97646e-07,2.50547
0,0.25,5,15.82,5.96586e-07,2.50547
0,0.25,5,16.32,1.89455e-06,2.50545
0,0.25,5,16.82,5.97378e-06,2.50547
0,0.25,5,17.3199,7.87619e-06,2.50535
0,0.25,5,17.82,2.52725e-05,2.50547
0,0.25,5,18.3199,1.76658e-05,2.50529
0,0.25,5,18.82,4.61949e-05,2.50546
0,0.25,5,19.3199,3.00655e-05,2.50503
0,0.25,5,19.82,7.57672e-05,2.50544
0,0.25,5,20.3199,4.32332e-05,2.5046
0,0.25,5,20.8199,9.82998e-05,2.50541
0,0.25,5,21.3199,5.05432e-05,2.50378
0,0.25,5,21.8199,9.69616e-05,2.50535
0,0.25,5,22.3199,1.01114e-05,2.50226
0,0.25,4.99999,22.8199,-8.18906e-05,2.50525
0,0.25,4.99998,23.3198,-0.000262915,2.4998
0,0.25,4.99995,23.8199,-0.000999517,2.50507
0,0.25,4.99999,24.3196,-0.000227961,2.49599
0,0.25,5.5,9.81995,-1.85716e-05,2.50544
0,0.25,5.5,10.32,-7.46676e-05,2.50547
0,0.25,5.5,10.82,-1.13105e-05,2.50548
0,0.25,5.5,11.32,-2.06997e-06,2.50547
0,0.25,5.5,11.82,5.88491e-07,2.50549
0,0.25,5.5,12.32,2.51455e-06,2.50547
0,0.25,5.5,12.82,3.18187e-06,2.50547
0,0.25,5.5,13.32,3.76447e-06,2.50547
0,0.25,5.5,13.82,3.92259e-06,2.50547
0,0.25,5.5,14.32,4.05999e-06,2.50547
0,0.25,5.5,14.82,4.10075e-06,2.50547
0,0.25,5.5,15.32,4.12199e-06,2.50547
0,0.25,5.5,15.82,4.12954e-06,2.50547
0,0.25,5.5,16.32,3.51662e-06,2.50546
0,0.25,5.5,16.82,1.62858e-06,2.50547
0,0.25,5.5,17.3199,1.27139e-05,2.50537
0,0.25,5.5,17.82,4.14494e-05,2.50547
0,0.25,5.5,18.3199,2.92102e-05,2.50531
0,0.25,5.5,18.82,6.75158e-05,2.50546
0,0.25,5.5,19.3199,6.18248e-05,2.50508
0,0.25,5.5,19.82,0.00017205,2.50545
0,0.25,5.5,20.3199,0.000133971,2.50466
0,0.25,5.50001,20.82,0.000360234,2.50542
0,0.25,5.50001,21.3199,0.000266505,2.50385
0,0.25,5.50002,21.8199,0.000711002,2.50535
0,0.25,5.50002,22.3198,0.000479605,2.50223
0,0.25,5.50004,22.8199,0.00120757,2.50523
0,0.25,5.50003,23.3198,0.000760476,2.49929
0,0.25,5.50008,23.8199,0.00204937,2.50508
0,0.25,5.50002,24.3197,0.000489478,2.4963
0,0.25,6,9.81994,6.31157e-07,2.50533
0,0.25,6,10.3199,1.8512e-06,2.50542
0,0.25,6,10.82,4.01708e-06,2.50549
0,0.25,6,11.3199,1.24384e-05,2.50542
0,0.25,6,11.8199,5.08404e-06,2.50544
0,0.25,6,12.3199,3.60213e-06,2.50542
0,0.25,6,12.8199,3.99047e-06,2.50542
0,0.25,6,13.3199,4.49602e-06,2.50542
0,0.25,6,13.8199,4.66191e-06,2.50542
0,0.25,6,14.3199,4.79748e-06,2.50542
0,0.25,6,14.8199,4.83774e-06,2.50542
0,0.25,6,15.3199,4.85772e-06,2.50542
0,0.25,6,15.8199,4.86495e-06,2.50542
0,0.25,6,16.3199,7.03668e-06,2.5054
0,0.25,6,16.8199,1.38412e-05,2.50542
0,0.25,6,17.3199,2.61733e-05,2.50535
0,0.25,6,17.8199,8.31438e-05,2.50541
0,0.25,6,18.3199,6.9381e-05,2.50529
0,0.25,6.00001,18.8199,0.000189873,2.50541
0,0.25,6,19.3199,0.00012849,2.50511
0,0.25,6.00001,19.8199,0.000322059,2.5054
0,0.25,6.00001,20.3199,0.000216342,2.50478
0,0.25,6.00002,20.8199,0.000542054,2.50537
0,0.25,6.00001,21.3199,0.000365937,2.50415
0,0.25,6.00003,21.8199,0.000920862,2.50532
0,0.25,6.00001,22.3199,0.000549909,2.50273
0,0.25,6.00003,22.8199,0.00124328,2.50517
0,0.25,6,23.3198,0.000340632,2.50009
0,0.25,5.99994,23.8199,-6.1426e-05,2.50502
0,0.25,5.99999,24.3196,1.13875e-05,2.49411
0,0.25,6.5,9.81982,2.52717e-05,2.50294
0,0.25,6.50001,10.3197,0.000103192,2.50091
0,0.25,6.5,10.8197,3.12341e-05,2.50141
0,0.25,6.5,11.3197,2.19828e-05,2.50142
0,0.25,6.5,11.8197,8.72698e-06,2.50142
0,0.25,6.5,12.3197,5.31091e-06,2.50142
0,0.25,6.5,12.8197,5.28448e-06,2.50142
0,0.25,6.5,13.3197,5.42709e-06,2.50142
0,0.25,6.5,13.8197,5.51151e-06,2.50142
0,0.25,6.5,14.3197,5.55622e-06,2.50142
0,0.25,6.5,14.8197,5.57101e-06,2.50142
0,0.25,6.5,15.3197,5.57615e-06,2.50142
0,0.25,6.5,15.8197,5.5787e-06,2.50142
0,0.25,6.5,16.3197,9.68176e-06,2.50142
0,0.25,6.5,16.8197,2.25323e-05,2.50142
0,0.25,6.5,17.3197,2.59023e-05,2.50141
0,0.25,6.5,17.8197,7.20355e-05,2.50142
0,0.25,6.5,18.3197,6.33549e-05,2.50139
0,0.25,6.50001,18.8197,0.000175338,2.50142
0,0.25,6.5,19.3197,0.000139437,2.50122
0,0.25,6.50001,19.8197,0.000381574,2.50141
0,0.25,6.50001,20.3197,0.000292996,2.50096
0,0.25,6.50002,20.8197,0.000798611,2.50139
0,0.25,6.50002,21.3197,0.000598053,2.50043
0,0.25,6.50005,21.8197,0.00161838,2.50134
0,0.25,6.50004,22.3196,0.00121225,2.49897
0,0.25,6.5001,22.8197,0.00329523,2.50119
0,0.25,6.50006,23.3195,0.000928699,2.49336
0,0.25,6.50014,23.8197,0.000647217,2.50059
0,0.25,6.50004,24.3196,0.000306732,2.49346
0,0.25,7,9.80257,2.02058e-06,2.27571
0,0.25,7,10.3049,4.17548e-06,2.30553
0,0.25,7,10.8049,3.37573e-06,2.30656
0,0.25,7,11.3049,3.79043e-06,2.30659
0,0.25,7,11.8049,4.05345e-06,2.30659
0,0.25,7,12.3049,4.49619e-06,2.30659
0,0.25,7,12.8049,4.70424e-06,2.30659
0,0.25,7,13.3049,4.86777e-06,2.30659
0,0.25,7,13.8049,4.91889e-06,2.30659
0,0.25,7,14.3049,4.94239e-06,2.30659
0,0.25,7,14.8049,4.94918e-06,2.30659
0,0.25,7,15.3049,4.9512e-06,2.30659
0,0.25,7,15.8049,4.95495e-06,2.30659
0,0.25,7,16.3049,4.97943e-06,2.30659
0,0.25,7,16.8049,5.05293e-06,2.30659
0,0.25,7,17.3049,5.27948e-06,2.30659
0,0.25,7,17.8049,5.78058e-06,2.30659
0,0.25,7,18.3049,6.24628e-06,2.30659
0,0.25,7,18.8049,7.6034e-06,2.30659
0,0.25,7,19.3049,4.18261e-05,2.30656
0,0.25,7,19.8049,0.000158567,2.30659
0,0.25,7.00001,20.3049,0.000167288,2.30651
0,0.25,7.00002,20.8049,0.000528421,2.30657
0,0.25,7.00002,21.3049,0.000452059,2.30642
0,0.25,7.00004,21.8049,0.00133986,2.30653
0,0.25,7.00004,22.3049,0.0011445,2.30613
0,0.25,7.00012,22.8049,0.00342053,2.30641
0,0.25,7.00012,23.3048,0.0030712,2.29978
0,0.25,7.00034,23.8048,0.00184713,2.30496
0,0.25,7.00009,24.3023,0.00245494,2.27103
1,0.25,7.5,1.5,0,0
1,0.25,8,1.5,0,0
1,0.25,1.5,1.5,0,0
1,0.25,2,1.5,0,0
1,0.25,7.5,2,0,0
1,0.25,8,2,0,0
1,0.25,1.5,2,0,0
1,0.25,2,2,0,0
1,0.25,7.5,2.5,0,0
1,0.25,8,2.5,0,0
1,0.25,1.5,2.5,0,0
1,0.25,2,2.5,0,0
1,0.25,7.5,3,0,0
1,0.25,8,3,0,0
1,0.25,1.5,3,0,0
1,0.25,2,3,0,0
1,0.25,7.5,3.5,0,0
1,0.25,8,3.5,0,0
1,0.25,1.5,3.5,0,0
1,0.25,2,3.5,0,0
1,0.25,7.5,4,0,0
1,0.25,8,4,0,0
1,0.25,1.5,4,0,0
1,0.25,2,4,0,0
1,0.25,7.5,4.5,0,0
1,0.25,8,4.5,0,0
1,0.25,1.5,4.5,0,0
1,0.25,2,4.5,0,0
1,0.25,7.5,5,0,0
1,0.25,8,5,0,0
1,0.25,1.5,5,0,0
1,0.25,2,5,0,0
1,0.25,7.5,5.5,0,0
1,0.25,8,5.5,0,0
1,0.25,1.5,5.5,0,0
1,0.25,2,5.5,0,0
1,0.25,7.5,6,0,0
1,0.25,8,6,0,0
1,0.25,1.5,6,0,0
1,0.25,2,6,0,0
1,0.25,7.5,6.5,0,0
1,0.25,8,6.5,0,0
1,0.25,1.5,6.5,0,0
1,0.25,2,6.5,0,0
1,0.25,7.5,7,0,0
1,0.25,8,7,0,0
1,0.25,1.5,7,0,0
1,0.25,2,7,0,0
1,0.25,7.5,7.5,0,0
1,0.25,8,7.5,0,0
1,0.25,1.5,7.5,0,0
1,0.25,2,7.5,0,0
1,0.25,7.5,8,0,0
1,0.25,8,8,0,0
1,0.25,1.5,8,0,0
1,0.25,2,8,0,0
1,0.25,7.5,8.5,0,0
1,0.25,8,8.5,0,0
1,0.25,1.5,8.5,0,0
1,0.25,2,8.5,0,0
1,0.25,7.5,9,0,0
1,0.25,8,9,0,0
1,0.25,1.5,9,0,0
1,0.25,2,9,0,0
1,0.25,7.5,9.5,0,0
1,0.25,8,9.5,0,0
1,0.25,1.5,9.5,0,0
1,0.25,2,9.5,0,0
1,0.25,7.5,10,0,0
1,0.25,8,10,0,0
1,0.25,1.5,10,0,0
1,0.25,2,10,0,0
1,0.25,7.5,10.5,0,0
1,0.25,8,10.5,0,0
1,0.25,1.5,10.5,0,0
1,0.25,2,10.5,0,0
1,0.25,7.5,11,0,0
1,0.25,8,11,0,0
1,0.25,1.5,11,0,0
1,0.25,2,11,0,0
1,0.25,7.5,11.5,0,0
1,0.25,8,11.5,0,0
1,0.25,1.5,11.5,0,0
1,0.25,2,11.5,0,0
1,0.25,7.5,12,0,0
1,0.25,8,12,0,0
1,0.25,1.5,12,0,0
1,0.25,2,12,0,0
1,0.25,7.5,12.5,0,0
1,0.25,8,12.5,0,0
1,0.25,1.5,12.5,0,0
1,0.25,2,12.5,0,0
1,0.25,7.5,13,0,0
1,0.25,8,13,0,0
1,0.25,1.5,13,0,0
1,0.25,2,13,0,0
1,0.25,7.5,13.5,0,0
1,0.25,8,13.5,0,0
1,0.25,1.5,13.5,0,0
1,0.25,2,13.5,0,0
1,0.25,7.5,14,0,0
1,0.25,8,14,0,0
1,0.25,1.5,14,0,0
1,0.25,2,14,0,0
1,0.25,7.5,14.5,0,0
1,0.25,8,14.5,0,0
1,0.25,1.5,14.5,0,0
1,0.25,2,14.5,0,0
1,0.25,7.5,15,0,0
1,0.25,8,15,0,0
1,0.25,1.5,15,0,0
1,0.25,2,15,0,0
1,0.25,7.5,15.5,0,0
1,0.25,8,15.5,0,0
1,0.25,1.5,15.5,0,0
1,0.25,2,15.5,0,0
1,0.25,7.5,16,0,0
1,0.25,8,16,0,0
1,0.25,1.5,16,0,0
1,0.25,2,16,0,0
1,0.25,7.5,16.5,0,0
1,0.25,8,16.5,0,0
1,0.25,1.5,16.5,0,0
1,0.25,2,16.5,0,0
1,0.25,7.5,17,0,0
1,0.25,8,17,0,0
1,0.25,1.5,17,0,0
1,0.25,2,17,0,0
1,0.25,7.5,17.5,0,0
1,0.25,8,17.5,0,0
1,0.25,1.5,17.5,0,0
1,0.25,2,17.5,0,0
1,0.25,7.5,18,0,0
1,0.25,8,18,0,0
1,0.25,1.5,18,0,0
1,0.25,2,18,0,0
1,0.25,7.5,18.5,0,0
1,0.25,8,18.5,0,0
1,0.25,1.5,18.5,0,0
1,0.25,2,18.5,0,0
1,0.25,7.5,19,0,0
1,0.25,8,19,0,0
1,0.25,1.5,19,0,0
1,0.25,2,19,0,0
1,0.25,7.5,19.5,0,0
1,0.25,8,19.5,0,0
1,0.25,1.5,19.5,0,0
1,0.25,2,19.5,0,0
1,0.25,7.5,20,0,0
1,0.25,8,20,0,0
1,0.25,1.5,20,0,0
1,0.25,2,20,0,0
1,0.25,7.5,20.5,0,0
1,0.25,8,20.5,0,0
1,0.25,1.5,20.5,0,0
1,0.25,2,20.5,0,0
1,0.25,7.5,21,0,0
1,0.25,8,21,0,0
1,0.25,1.5,21,0,0
1,0.25,2,21,0,0
1,0.25,7.5,21.5,0,0
1,0.25,8,21.5,0,0
1,0.25,1.5,21.5,0,0
1,0.25,2,21.5,0,0
1,0.25,7.5,22,0,0
1,0.25,8,22,0,0
1,0.25,1.5,22,0,0
1,0.25,2,22,0,0
1,0.25,7.5,22.5,0,0
1,0.25,8,22.5,0,0
1,0.25,1.5,22.5,0,0
1,0.25,2,22.5,0,0
1,0.25,7.5,23,0,0
1,0.25,8,23,0,0
1,0.25,1.5,23,0,0
1,0.25,2,23,0,0
1,0.25,7.5,23.5,0,0
1,0.25,8,23.5,0,0
1,0.25,1.5,23.5,0,0
1,0.25,2,23.5,0,0
1,0.25,7.5,24,0,0
1,0.25,8,24,0,0
1,0.25,1.5,24,0,0
1,0.25,2,24,0,0
1,0.25,7.5,24.5,0,0
1,0.25,8,24.5,0,0
1,0.25,1.5,24.5,0,0
1,0.25,2,24.5,0,0
1,0.25,7.5,25,0,0
1,0.25,8,25,0,0
1,0.25,1.5,25,0,0
1,0.25,2,25,0,0
1,0.25,7.5,25.5,0,0
1,0.25,8,25.5,0,0
1,0.25,1.5,25.5,0,0
1,0.25,2,25.5,0,0
1,0.25,2.5,1.5,0,0
1,0.25,2.5,2,0,0
1,0.25,2.5,25,0,0
1,0.25,2.5,25.5,0,0
1,0.25,3,1.5,0,0
1,0.25,3,2,0,0
1,0.25,3,25,0,0
1,0.25,3,25.5,0,0
1,0.25,3.5,1.5,0,0
1,0.25,3.5,2,0,0
1,0.25,3.5,25,0,0
1,0.25,3.5,25.5,0,0
1,0.25,4,1.5,0,0
1,0.25,4,2,0,0
1,0.25,4,25,0,0
1,0.25,4,25.5,0,0
1,0.25,4.5,1.5,0,0
1,0.25,4.5,2,0,0
1,0.25,4.5,25,0,0
1,0.25,4.5,25.5,0,0
1,0.25,5,1.5,0,0
1,0.25,5,2,0,0
1,0.25,5,25,0,0
1,0.25,5,25.5,0,0
1,0.25,5.5,1.5,0,0
1,0.25,5.5,2,0,0
1,0.25,5.5,25,0,0
1,0.25,5.5,25.5,0,0
1,0.25,6,1.5,0,0
1,0.25,6,2,0,0
1,0.25,6,25,0,0
1,0.25,6,25.5,0,0
1,0.25,6.5,1.5,0,0
1,0.25,6.5,2,0,0
1,0.25,6.5,25,0,0
1,0.25,6.5,25.5,0,0
1,0.25,7,1.5,0,0
1,0.25,7,2,0,0
1,0.25,7,25,0,0
1,0.25,7,25.5,0,0
