536 2 0.5 3500 0.2 2 0 2e-06 0 9.81 10 35
0,0.25,2.42228,10.8154,-0.389034,-1.09889
0,0.25,2.79789,11.2059,1.40668,-1.86173
0,0.25,2.41045,11.8197,-1.10427,-1.11681
0,0.25,2.6425,12.2089,0.266173,-2.56108
0,0.25,2.39929,12.6739,0.450331,-2.87912
0,0.25,2.5827,13.1466,0.258409,-1.85614
0,0.25,2.4432,13.6194,-0.479958,-2.95445
0,0.25,2.52463,14.127,-0.114186,-2.70355
0,0.25,2.48289,14.6191,-0.26468,-2.73251
0,0.25,2.49987,15.1306,-0.327272,-2.72157
0,0.25,2.48832,15.637,-0.186991,-2.58517
0,0.25,2.48892,16.1371,-0.136334,-2.41814
0,0.25,2.4947,16.6358,0.0156836,-2.30304
0,0.25,2.50111,17.1229,0.0670511,-1.83721
0,0.25,2.51132,17.5919,-0.0774312,-1.63201
0,0.25,2.51634,18.0501,0.016442,-1.59654
0,0.25,2.51438,18.4945,0.145014,-1.51643
0,0.25,2.51051,18.9344,0.403977,-1.50433
0,0.25,2.49694,19.3747,0.650394,-1.27314
0,0.25,2.47885,19.8285,0.644072,-0.930043
0,0.25,2.46417,20.3008,0.526665,-0.355165
0,0.25,2.45745,20.7874,0.325558,0.126521
0,0.25,2.45354,21.2807,0.291568,0.255718
0,0.25,2.44991,21.7776,0.419728,-0.171536
0,0.25,2.44785,22.2672,0.544399,-0.721681
0,0.25,2.43926,22.7557,0.492294,-1.11698
0,0.25,2.44434,23.2497,0.122242,-0.911776
0,0.25,2.45962,23.713,-0.152569,-0.816264
0,0.25,2.43111,24.1833,-0.428022,-0.624626
0,0.25,2.52458,24.6278,0.171884,0.595421
0,0.25,3.24369,10.7015,1.62854,-3.14076
0,0.25,3.07391,11.4576,0.341935,-1.94641
0,0.25,3.06179,11.9064,-0.351185,-1.72691
0,0.25,3.00151,12.4752,-0.0195947,-2.40431
0,0.25,3.01072,12.9502,-0.257102,-2.0069
0,0.25,2.99178,13.4843,-0.404338,-2.11566
0,0.25,2.97489,13.9621,-0.513194,-2.1251
0,0.25,2.967,14.4834,-0.232419,-2.18103
0,0.25,2.95921,14.9808,-0.283639,-1.98504
0,0.25,2.9655,15.4903,-0.152853,-2.15887
0,0.25,2.96868,15.9925,-0.349226,-1.77962
0,0.25,2.98175,16.4866,-0.240358,-1.93809
0,0.25,2.99732,16.9765,-0.0281789,-1.7762
0,0.25,3.01856,17.4586,0.165581,-1.84966
0,0.25,3.03538,17.9393,0.343681,-1.68447
0,0.25,3.04039,18.4136,0.454986,-1.6859
0,0.25,3.03632,18.8862,0.477892,-1.39881
0,0.25,3.01679,19.3473,0.606009,-1.17576
0,0.25,2.98559,19.8044,0.611693,-0.978647
0,0.25,2.96068,20.2548,0.547721,-0.569871
0,0.25,2.94593,20.7102,0.50719,-0.0489499
0,0.25,2.93468,21.166,0.360536,0.32533
0,0.25,2.92502,21.6284,0.0586115,0.6002
0,0.25,2.9245,22.0881,0.298259,1.00565
0,0.25,2.91904,22.5409,0.010494,1.33456
0,0.25,2.91825,22.9874,0.18805,1.64953
0,0.25,2.96349,23.4083,0.0530821,1.82968
0,0.25,2.98978,23.8284,0.0458456,1.7404
0,0.25,2.94353,24.2398,-1.50681,1.72485
0,0.25,3.15616,24.5843,2.18272,0.108784
0,0.25,3.5355,10.7833,0.386888,-2.67948
0,0.25,3.55722,11.3706,0.6739,-2.70875
0,0.25,3.54692,11.9213,0.2583,-1.83202
0,0.25,3.52249,12.4176,0.0491502,-2.68966
0,0.25,3.51616,12.9106,-0.203229,-2.62526
0,0.25,3.48763,13.4058,-0.256953,-2.57037
0,0.25,3.49367,13.882,-0.17456,-2.68876
0,0.25,3.4738,14.3603,-0.249801,-3.11259
0,0.25,3.47609,14.8224,-0.426595,-3.11909
0,0.25,3.46678,15.2905,-0.291796,-3.58376
0,0.25,3.4709,15.7511,-0.391416,-3.63326
0,0.25,3.47786,16.2231,-0.178409,-3.36069
0,0.25,3.49107,16.6952,0.00118702,-3.3206
0,0.25,3.50419,17.1811,0.134439,-3.20492
0,0.25,3.51498,17.6739,0.263233,-3.07061
0,0.25,3.52114,18.1696,0.378222,-2.84416
0,0.25,3.52431,18.664,0.603523,-2.65857
0,0.25,3.51994,19.1474,0.72739,-2.33052
0,0.25,3.50662,19.6137,0.67709,-2.23275
0,0.25,3.48575,20.0626,0.626689,-2.00378
0,0.25,3.46425,20.5042,0.419561,-1.58827
0,0.25,3.4503,20.9411,0.241568,-1.073
0,0.25,3.44333,21.377,0.128204,-0.851122
0,0.25,3.42879,21.8081,-0.212603,-0.366002
0,0.25,3.45592,22.2282,-0.0147373,-0.16542
0,0.25,3.41948,22.6529,-0.391229,0.068348
0,0.25,3.46738,23.0846,0.00633156,0.0115033
0,0.25,3.48989,23.5183,-0.0397744,0.000850844
0,0.25,3.47111,23.9905,-0.18517,-0.221381
0,0.25,3.60166,24.4926,1.01757,-0.224148
0,0.25,4.01037,10.8393,0.0510577,-2.3915
0,0.25,4.04192,11.3659,-0.044378,-2.94996
0,0.25,4.02456,11.8749,-0.3106,-2.39928
0,0.25,3.99546,12.4017,-0.376056,-2.68837
0,0.25,4.00728,12.9092,-0.0442344,-2.4158
0,0.25,3.99776,13.4099,-0.19286,-2.46974
0,0.25,3.99663,13.8972,-0.172125,-2.25443
0,0.25,3.99134,14.399,-0.260382,-2.74576
0,0.25,3.99076,14.8728,-0.159717,-2.31072
0,0.25,3.98848,15.3598,-0.199435,-2.8492
0,0.25,3.99143,15.8356,-0.24946,-2.55624
0,0.25,3.99489,16.3179,-0.0679483,-2.34675
0,0.25,3.99966,16.801,0.0103778,-2.48598
0,0.25,4.00518,17.2865,0.149004,-2.37255
0,0.25,4.01006,17.769,0.199582,-2.21089
0,0.25,4.01328,18.2494,0.311613,-1.80167
0,0.25,4.014,18.7302,0.397085,-1.45434
0,0.25,4.01311,19.2087,0.508731,-0.831081
0,0.25,4.00486,19.6821,0.585281,-0.568911
0,0.25,3.99269,20.146,0.356491,-0.125595
0,0.25,3.9774,20.6003,0.161032,0.0989489
0,0.25,3.97183,21.0448,-0.0103488,0.560364
0,0.25,3.963,21.4798,-0.29436,0.575698
0,0.25,3.96902,21.9098,-0.193649,0.620531
0,0.25,3.97573,22.3448,-0.119027,0.654494
0,0.25,3.94027,22.7781,-0.27202,0.670938
0,0.25,3.99302,23.2188,0.0715179,0.629601
0,0.25,3.97815,23.6637,-0.0435801,0.43462
0,0.25,3.93171,24.1018,-0.186314,0.35072
0,0.25,4.07043,24.563,0.926494,0.648683
0,0.25,4.4991,10.8491,0.0207036,-2.34838
0,0.25,4.49344,11.3682,0.0797975,-3.11358
0,0.25,4.50693,11.8766,0.159884,-2.21402
0,0.25,4.5114,12.3998,0.177207,-2.80884
0,0.25,4.50515,12.9009,-0.246084,-2.54074
0,0.25,4.49596,13.4012,-0.133582,-2.51495
0,0.25,4.49964,13.8852,-0.101786,-2.50219
0,0.25,4.49163,14.3842,-0.134495,-2.7498
0,0.25,4.49492,14.8567,0.0666743,-2.50916
0,0.25,4.49225,15.3416,-0.0831887,-3.1558
0,0.25,4.4946,15.8187,0.0163648,-2.7349
0,0.25,4.49741,16.3032,-0.0325559,-2.49212
0,0.25,4.50093,16.7909,-0.0153625,-2.38064
0,0.25,4.50365,17.2857,0.109842,-2.21312
0,0.25,4.50718,17.7793,0.154103,-1.99377
0,0.25,4.50819,18.2695,0.212233,-1.63993
0,0.25,4.50764,18.7602,0.083006,-1.37044
0,0.25,4.50429,19.2415,0.0419501,-0.706044
0,0.25,4.49886,19.7114,0.053513,-0.727827
0,0.25,4.49336,20.1688,0.144616,-0.331848
0,0.25,4.48686,20.6122,0.119645,-0.188949
0,0.25,4.49028,21.049,0.0672195,0.401355
0,0.25,4.48811,21.4826,-0.000931581,0.221309
0,0.25,4.48946,21.9149,-0.0433925,0.529516
0,0.25,4.49245,22.3517,-0.0736737,0.540527
0,0.25,4.47179,22.7752,-0.216328,0.656139
0,0.25,4.4977,23.1958,0.0558294,0.383984
0,0.25,4.49316,23.6506,0.0238129,0.57862
0,0.25,4.46805,24.0563,-0.428259,0.0671221
0,0.25,4.53195,24.5059,0.296865,-0.190251
0,0.25,5.0009,10.8491,-0.0207036,-2.34838
0,0.25,5.00656,11.3682,-0.0797975,-3.11358
0,0.25,4.99307,11.8766,-0.159884,-2.21402
0,0.25,4.9886,12.3998,-0.177207,-2.80884
0,0.25,4.99485,12.9009,0.246084,-2.54074
0,0.25,5.00404,13.4012,0.133582,-2.51495
0,0.25,5.00036,13.8852,0.101786,-2.50219
0,0.25,5.00837,14.3842,0.134495,-2.7498
0,0.25,5.00508,14.8567,-0.0666743,-2.50916
0,0.25,5.00775,15.3416,0.0831887,-3.1558
0,0.25,5.0054,15.8187,-0.0163648,-2.7349
0,0.25,5.00259,16.3032,0.0325559,-2.49212
0,0.25,4.99907,16.7909,0.0153625,-2.38064
0,0.25,4.99635,17.2857,-0.109842,-2.21312
0,0.25,4.99282,17.7793,-0.154103,-1.99377
0,0.25,4.99181,18.2695,-0.212233,-1.63993
0,0.25,4.99236,18.7602,-0.083006,-1.37044
0,0.25,4.99571,19.2415,-0.0419501,-0.706044
0,0.25,5.00114,19.7114,-0.053513,-0.727827
0,0.25,5.00664,20.1688,-0.144616,-0.331848
0,0.25,5.01314,20.6122,-0.119645,-0.188949
0,0.25,5.00972,21.049,-0.0672195,0.401355
0,0.25,5.01189,21.4826,0.000931581,0.221309
0,0.25,5.01054,21.9149,0.0433925,0.529516
0,0.25,5.00755,22.3517,0.0736737,0.540527
0,0.25,5.02821,22.7752,0.216328,0.656139
0,0.25,5.0023,23.1958,-0.0558294,0.383984
0,0.25,5.00684,23.6506,-0.0238129,0.57862
0,0.25,5.03195,24.0563,0.428259,0.0671221
0,0.25,4.96805,24.5059,-0.296865,-0.190251
0,0.25,5.48963,10.8393,-0.0510577,-2.3915
0,0.25,5.45808,11.3659,0.044378,-2.94996
0,0.25,5.47544,11.8749,0.3106,-2.39928
0,0.25,5.50454,12.4017,0.376056,-2.68837
0,0.25,5.49272,12.9092,0.0442344,-2.4158
0,0.25,5.50224,13.4099,0.19286,-2.46974
0,0.25,5.50337,13.8972,0.172125,-2.25443
0,0.25,5.50866,14.399,0.260382,-2.74576
0,0.25,5.50924,14.8728,0.159717,-2.31072
0,0.25,5.51152,15.3598,0.199435,-2.8492
0,0.25,5.50857,15.8356,0.24946,-2.55624
0,0.25,5.50511,16.3179,0.0679483,-2.34675
0,0.25,5.50034,16.801,-0.0103778,-2.48598
0,0.25,5.49482,17.2865,-0.149004,-2.37255
0,0.25,5.48994,17.769,-0.199582,-2.21089
0,0.25,5.48672,18.2494,-0.311613,-1.80167
0,0.25,5.486,18.7302,-0.397085,-1.45434
0,0.25,5.48689,19.2087,-0.508731,-0.831081
0,0.25,5.49514,19.6821,-0.585281,-0.568911
0,0.25,5.50731,20.146,-0.356491,-0.125595
0,0.25,5.5226,20.6003,-0.161032,0.0989489
0,0.25,5.52817,21.0448,0.0103488,0.560364
0,0.25,5.537,21.4798,0.29436,0.575698
0,0.25,5.53098,21.9098,0.193649,0.620531
0,0.25,5.52427,22.3448,0.119027,0.654494
0,0.25,5.55973,22.7781,0.27202,0.670938
0,0.25,5.50698,23.2188,-0.0715179,0.629601
0,0.25,5.52185,23.6637,0.0435801,0.43462
0,0.25,5.56829,24.1018,0.186314,0.35072
0,0.25,5.42957,24.563,-0.926494,0.648683
0,0.25,5.9645,10.7833,-0.386888,-2.67948
0,0.25,5.94278,11.3706,-0.6739,-2.70875
0,0.25,5.95308,11.9213,-0.2583,-1.83202
0,0.25,5.97751,12.4176,-0.0491502,-2.68966
0,0.25,5.98384,12.9106,0.203229,-2.62526
0,0.25,6.01237,13.4058,0.256953,-2.57037
0,0.25,6.00633,13.882,0.17456,-2.68876
0,0.25,6.0262,14.3603,0.249801,-3.11259
0,0.25,6.02391,14.8224,0.426595,-3.11909
0,0.25,6.03322,15.2905,0.291796,-3.58376
0,0.25,6.0291,15.7511,0.391416,-3.63326
0,0.25,6.02214,16.2231,0.178409,-3.36069
0,0.25,6.00893,16.6952,-0.00118702,-3.3206
0,0.25,5.99581,17.1811,-0.134439,-3.20492
0,0.25,5.98502,17.6739,-0.263233,-3.07061
0,0.25,5.97886,18.1696,-0.378222,-2.84416
0,0.25,5.97569,18.664,-0.603523,-2.65857
0,0.25,5.98006,19.1474,-0.72739,-2.33052
0,0.25,5.99338,19.6137,-0.67709,-2.23275
0,0.25,6.01425,20.0626,-0.626689,-2.00378
0,0.25,6.03575,20.5042,-0.419561,-1.58827
0,0.25,6.0497,20.9411,-0.241568,-1.073
0,0.25,6.05667,21.377,-0.128204,-0.851122
0,0.25,6.07121,21.8081,0.212603,-0.366002
0,0.25,6.04408,22.2282,0.0147373,-0.16542
0,0.25,6.08052,22.6529,0.391229,0.068348
0,0.25,6.03262,23.0846,-0.00633156,0.0115033
0,0.25,6.01011,23.5183,0.0397744,0.000850844
0,0.25,6.02889,23.9905,0.18517,-0.221381
0,0.25,5.89834,24.4926,-1.01757,-0.224148
0,0.25,6.25631,10.7015,-1.62854,-3.14076
0,0.25,6.42609,11.4576,-0.341935,-1.94641
0,0.25,6.43821,11.9064,0.351185,-1.72691
0,0.25,6.49849,12.4752,0.0195947,-2.40431
0,0.25,6.48928,12.9502,0.257102,-2.0069
0,0.25,6.50822,13.4843,0.404338,-2.11566
0,0.25,6.52511,13.9621,0.513194,-2.1251
0,0.25,6.533,14.4834,0.232419,-2.18103
0,0.25,6.54079,14.9808,0.283639,-1.98504
0,0.25,6.5345,15.4903,0.152853,-2.15887
0,0.25,6.53132,15.9925,0.349226,-1.77962
0,0.25,6.51825,16.4866,0.240358,-1.93809
0,0.25,6.50268,16.9765,0.0281789,-1.7762
0,0.25,6.48144,17.4586,-0.165581,-1.84966
0,0.25,6.46462,17.9393,-0.343681,-1.68447
0,0.25,6.45961,18.4136,-0.454986,-1.6859
0,0.25,6.46368,18.8862,-0.477892,-1.39881
0,0.25,6.48321,19.3473,-0.606009,-1.17576
0,0.25,6.51441,19.8044,-0.611693,-0.978647
0,0.25,6.53932,20.2548,-0.547721,-0.569871
0,0.25,6.55407,20.7102,-0.50719,-0.0489499
0,0.25,6.56532,21.166,-0.360536,0.32533
0,0.25,6.57498,21.6284,-0.0586115,0.6002
0,0.25,6.5755,22.0881,-0.298259,1.00565
0,0.25,6.58096,22.5409,-0.010494,1.33456
0,0.25,6.58175,22.9874,-0.18805,1.64953
0,0.25,6.53651,23.4083,-0.0530821,1.82968
0,0.25,6.51022,23.8284,-0.0458456,1.7404
0,0.25,6.55647,24.2398,1.50681,1.72485
0,0.25,6.34384,24.5843,-2.18272,0.108784
0,0.25,7.07772,10.8154,0.389034,-1.09889
0,0.25,6.70211,11.2059,-1.40668,-1.86173
0,0.25,7.08955,11.8197,1.10427,-1.11681
0,0.25,6.8575,12.2089,-0.266173,-2.56108
0,0.25,7.10071,12.6739,-0.450331,-2.87912
0,0.25,6.9173,13.1466,-0.258409,-1.85614
0,0.25,7.0568,13.6194,0.479958,-2.95445
0,0.25,6.97537,14.127,0.114186,-2.70355
0,0.25,7.01711,14.6191,0.26468,-2.73251
0,0.25,7.00013,15.1306,0.327272,-2.72157
0,0.25,7.01168,15.637,0.186991,-2.58517
0,0.25,7.01108,16.1371,0.136334,-2.41814
0,0.25,7.0053,16.6358,-0.0156836,-2.30304
0,0.25,6.99889,17.1229,-0.0670511,-1.83721
0,0.25,6.98868,17.5919,0.0774312,-1.63201
0,0.25,6.98366,18.0501,-0.016442,-1.59654
0,0.25,6.98562,18.4945,-0.145014,-1.51643
0,0.25,6.98949,18.9344,-0.403977,-1.50433
0,0.25,7.00306,19.3747,-0.650394,-1.27314
0,0.25,7.02115,19.8285,-0.644072,-0.930043
0,0.25,7.03583,20.3008,-0.526665,-0.355165
0,0.25,7.04255,20.7874,-0.325558,0.126521
0,0.25,7.04646,21.2807,-0.291568,0.255718
0,0.25,7.05009,21.7776,-0.419728,-0.171536
0,0.25,7.05215,22.2672,-0.544399,-0.721681
0,0.25,7.06074,22.7557,-0.492294,-1.11698
0,0.25,7.05566,23.2497,-0.122242,-0.911776
0,0.25,7.04038,23.713,0.152569,-0.816264
0,0.25,7.06889,24.1833,0.428022,-0.624626
0,0.25,6.97542,24.6278,-0.171884,0.595421
1,0.25,7.5,1.5,0,0
1,0.25,8,1.5,0,0
1,0.25,1.5,1.5,0,0
1,0.25,2,1.5,0,0
1,0.25,7.5,2,0,0
1,0.25,8,2,0,0
1,0.25,1.5,2,0,0
1,0.25,2,2,0,0
1,0.25,7.5,2.5,0,0
1,0.25,8,2.5,0,0
1,0.25,1.5,2.5,0,0
1,0.25,2,2.5,0,0
1,0.25,7.5,3,0,0
1,0.25,8,3,0,0
1,0.25,1.5,3,0,0
1,0.25,2,3,0,0
1,0.25,7.5,3.5,0,0
1,0.25,8,3.5,0,0
1,0.25,1.5,3.5,0,0
1,0.25,2,3.5,0,0
1,0.25,7.5,4,0,0
1,0.25,8,4,0,0
1,0.25,1.5,4,0,0
1,0.25,2,4,0,0
1,0.25,7.5,4.5,0,0
1,0.25,8,4.5,0,0
1,0.25,1.5,4.5,0,0
1,0.25,2,4.5,0,0
1,0.25,7.5,5,0,0
1,0.25,8,5,0,0
1,0.25,1.5,5,0,0
1,0.25,2,5,0,0
1,0.25,7.5,5.5,0,0
1,0.25,8,5.5,0,0
1,0.25,1.5,5.5,0,0
1,0.25,2,5.5,0,0
1,0.25,7.5,6,0,0
1,0.25,8,6,0,0
1,0.25,1.5,6,0,0
1,0.25,2,6,0,0
1,0.25,7.5,6.5,0,0
1,0.25,8,6.5,0,0
1,0.25,1.5,6.5,0,0
1,0.25,2,6.5,0,0
1,0.25,7.5,7,0,0
1,0.25,8,7,0,0
1,0.25,1.5,7,0,0
1,0.25,2,7,0,0
1,0.25,7.5,7.5,0,0
1,0.25,8,7.5,0,0
1,0.25,1.5,7.5,0,0
1,0.25,2,7.5,0,0
1,0.25,7.5,8,0,0
1,0.25,8,8,0,0
1,0.25,1.5,8,0,0
1,0.25,2,8,0,0
1,0.25,7.5,8.5,0,0
1,0.25,8,8.5,0,0
1,0.25,1.5,8.5,0,0
1,0.25,2,8.5,0,0
1,0.25,7.5,9,0,0
1,0.25,8,9,0,0
1,0.25,1.5,9,0,0
1,0.25,2,9,0,0
1,0.25,7.5,9.5,0,0
1,0.25,8,9.5,0,0
1,0.25,1.5,9.5,0,0
1,0.25,2,9.5,0,0
1,0.25,7.5,10,0,0
1,0.25,8,10,0,0
1,0.25,1.5,10,0,0
1,0.25,2,10,0,0
1,0.25,7.5,10.5,0,0
1,0.25,8,10.5,0,0
1,0.25,1.5,10.5,0,0
1,0.25,2,10.5,0,0
1,0.25,7.5,11,0,0
1,0.25,8,11,0,0
1,0.25,1.5,11,0,0
1,0.25,2,11,0,0
1,0.25,7.5,11.5,0,0
1,0.25,8,11.5,0,0
1,0.25,1.5,11.5,0,0
1,0.25,2,11.5,0,0
1,0.25,7.5,12,0,0
1,0.25,8,12,0,0
1,0.25,1.5,12,0,0
1,0.25,2,12,0,0
1,0.25,7.5,12.5,0,0
1,0.25,8,12.5,0,0
1,0.25,1.5,12.5,0,0
1,0.25,2,12.5,0,0
1,0.25,7.5,13,0,0
1,0.25,8,13,0,0
1,0.25,1.5,13,0,0
1,0.25,2,13,0,0
1,0.25,7.5,13.5,0,0
1,0.25,8,13.5,0,0
1,0.25,1.5,13.5,0,0
1,0.25,2,13.5,0,0
1,0.25,7.5,14,0,0
1,0.25,8,14,0,0
1,0.25,1.5,14,0,0
1,0.25,2,14,0,0
1,0.25,7.5,14.5,0,0
1,0.25,8,14.5,0,0
1,0.25,1.5,14.5,0,0
1,0.25,2,14.5,0,0
1,0.25,7.5,15,0,0
1,0.25,8,15,0,0
1,0.25,1.5,15,0,0
1,0.25,2,15,0,0
1,0.25,7.5,15.5,0,0
1,0.25,8,15.5,0,0
1,0.25,1.5,15.5,0,0
1,0.25,2,15.5,0,0
1,0.25,7.5,16,0,0
1,0.25,8,16,0,0
1,0.25,1.5,16,0,0
1,0.25,2,16,0,0
1,0.25,7.5,16.5,0,0
1,0.25,8,16.5,0,0
1,0.25,1.5,16.5,0,0
1,0.25,2,16.5,0,0
1,0.25,7.5,17,0,0
1,0.25,8,17,0,0
1,0.25,1.5,17,0,0
1,0.25,2,17,0,0
1,0.25,7.5,17.5,0,0
1,0.25,8,17.5,0,0
1,0.25,1.5,17.5,0,0
1,0.25,2,17.5,0,0
1,0.25,7.5,18,0,0
1,0.25,8,18,0,0
1,0.25,1.5,18,0,0
1,0.25,2,18,0,0
1,0.25,7.5,18.5,0,0
1,0.25,8,18.5,0,0
1,0.25,1.5,18.5,0,0
1,0.25,2,18.5,0,0
1,0.25,7.5,19,0,0
1,0.25,8,19,0,0
1,0.25,1.5,19,0,0
1,0.25,2,19,0,0
1,0.25,7.5,19.5,0,0
1,0.25,8,19.5,0,0
1,0.25,1.5,19.5,0,0
1,0.25,2,19.5,0,0
1,0.25,7.5,20,0,0
1,0.25,8,20,0,0
1,0.25,1.5,20,0,0
1,0.25,2,20,0,0
1,0.25,7.5,20.5,0,0
1,0.25,8,20.5,0,0
1,0.25,1.5,20.5,0,0
1,0.25,2,20.5,0,0
1,0.25,7.5,21,0,0
1,0.25,8,21,0,0
1,0.25,1.5,21,0,0
1,0.25,2,21,0,0
1,0.25,7.5,21.5,0,0
1,0.25,8,21.5,0,0
1,0.25,1.5,21.5,0,0
1,0.25,2,21.5,0,0
1,0.25,7.5,22,0,0
1,0.25,8,22,0,0
1,0.25,1.5,22,0,0
1,0.25,2,22,0,0
1,0.25,7.5,22.5,0,0
1,0.25,8,22.5,0,0
1,0.25,1.5,22.5,0,0
1,0.25,2,22.5,0,0
1,0.25,7.5,23,0,0
1,0.25,8,23,0,0
1,0.25,1.5,23,0,0
1,0.25,2,23,0,0
1,0.25,7.5,23.5,0,0
1,0.25,8,23.5,0,0
1,0.25,1.5,23.5,0,0
1,0.25,2,23.5,0,0
1,0.25,7.5,24,0,0
1,0.25,8,24,0,0
1,0.25,1.5,24,0,0
1,0.25,2,24,0,0
1,0.25,7.5,24.5,0,0
1,0.25,8,24.5,0,0
1,0.25,1.5,24.5,0,0
1,0.25,2,24.5,0,0
1,0.25,7.5,25,0,0
1,0.25,8,25,0,0
1,0.25,1.5,25,0,0
1,0.25,2,25,0,0
1,0.25,7.5,25.5,0,0
1,0.25,8,25.5,0,0
1,0.25,1.5,25.5,0,0
1,0.25,2,25.5,0,0
1,0.25,2.5,1.5,0,0
1,0.25,2.5,2,0,0
1,0.25,2.5,25,0,0
1,0.25,2.5,25.5,0,0
1,0.25,3,1.5,0,0
1,0.25,3,2,0,0
1,0.25,3,25,0,0
1,0.25,3,25.5,0,0
1,0.25,3.5,1.5,0,0
1,0.25,3.5,2,0,0
1,0.25,3.5,25,0,0
1,0.25,3.5,25.5,0,0
1,0.25,4,1.5,0,0
1,0.25,4,2,0,0
1,0.25,4,25,0,0
1,0.25,4,25.5,0,0
1,0.25,4.5,1.5,0,0
1,0.25,4.5,2,0,0
1,0.25,4.5,25,0,0
1,0.25,4.5,25.5,0,0
1,0.25,5,1.5,0,0
1,0.25,5,2,0,0
1,0.25,5,25,0,0
1,0.25,5,25.5,0,0
1,0.25,5.5,1.5,0,0
1,0.25,5.5,2,0,0
1,0.25,5.5,25,0,0
1,0.25,5.5,25.5,0,0
1,0.25,6,1.5,0,0
1,0.25,6,2,0,0
1,0.25,6,25,0,0
1,0.25,6,25.5,0,0
1,0.25,6.5,1.5,0,0
1,0.25,6.5,2,0,0
1,0.25,6.5,25,0,0
1,0.25,6.5,25.5,0,0
1,0.25,7,1.5,0,0
1,0.25,7,2,0,0
1,0.25,7,25,0,0
1,0.25,7,25.5,0,0
