536 2 0.5 3500 0.2 2 0 2e-06 0 9.81 10 35
0,0.25,2.5,10.7026,-1.33705e-05,4.32155
0,0.25,2.5,11.2226,-7.11536e-05,4.43062
0,0.25,2.49999,11.7237,-0.00257456,4.43655
0,0.25,2.49984,12.2237,-0.0314998,4.40407
0,0.25,2.4992,12.7228,-0.0963008,4.28193
0,0.25,2.49833,13.2203,-0.133015,4.07354
0,0.25,2.49729,13.7157,-0.172458,3.78492
0,0.25,2.49602,14.2084,-0.247282,3.3525
0,0.25,2.49397,14.6964,-0.33346,2.74789
0,0.25,2.49131,15.1783,-0.421076,1.99312
0,0.25,2.48838,15.6536,-0.447023,1.24136
0,0.25,2.48572,16.1222,-0.376044,0.649641
0,0.25,2.48467,16.5864,-0.170941,0.311501
0,0.25,2.48543,17.0488,0.0930259,0.296491
0,0.25,2.48871,17.5114,0.350288,0.491938
0,0.25,2.49219,17.9756,0.420327,0.633183
0,0.25,2.49577,18.4421,0.330329,0.696414
0,0.25,2.49529,18.908,0.0925801,0.581018
0,0.25,2.49132,19.3764,-0.207469,0.315324
0,0.25,2.48291,19.8469,-0.396623,0.366072
0,0.25,2.47397,20.3214,-0.492209,0.196731
0,0.25,2.46501,20.8028,-0.477648,0.347657
0,0.25,2.45853,21.2829,-0.427922,0.236498
0,0.25,2.45429,21.7688,-0.212277,0.275249
0,0.25,2.45634,22.2487,0.0292082,0.527142
0,0.25,2.45916,22.7292,0.296577,0.758065
0,0.25,2.47377,23.2028,0.499503,0.954373
0,0.25,2.48325,23.6674,0.534086,0.973661
0,0.25,2.49793,24.1241,0.920435,0.428282
0,0.25,2.50058,24.5713,0.861876,0.082584
0,0.25,2.99999,10.8497,-0.000979167,5.08383
0,0.25,2.99989,11.3493,-0.00946532,5.08434
0,0.25,2.99969,11.8496,-0.0348247,5.05832
0,0.25,2.99929,12.3488,-0.0725147,4.96804
0,0.25,2.99834,12.8472,-0.120919,4.80908
0,0.25,2.99758,13.3436,-0.151168,4.57208
0,0.25,2.99634,13.8375,-0.186624,4.17293
0,0.25,2.99494,14.3276,-0.270687,3.61768
0,0.25,2.99283,14.8117,-0.328923,2.90135
0,0.25,2.99015,15.2892,-0.369109,2.07962
0,0.25,2.98791,15.7603,-0.32667,1.40326
0,0.25,2.9863,16.226,-0.169787,0.987484
0,0.25,2.98662,16.69,0.0382374,0.856377
0,0.25,2.98876,17.1553,0.216715,1.09426
0,0.25,2.99227,17.6223,0.322294,1.38935
0,0.25,2.99419,18.0934,0.166296,1.49018
0,0.25,2.99523,18.5655,-0.0469996,1.778
0,0.25,2.99076,19.0348,-0.197467,1.59539
0,0.25,2.98477,19.5078,-0.366008,1.67283
0,0.25,2.9774,19.9709,-0.189619,1.80043
0,0.25,2.97025,20.4365,-0.195929,1.28724
0,0.25,2.96637,20.8946,-0.217707,1.23788
0,0.25,2.96163,21.3474,-0.309119,0.581815
0,0.25,2.95993,21.7973,-0.296259,0.379746
0,0.25,2.95918,22.245,-0.187272,0.15463
0,0.25,2.96382,22.6937,-0.00942965,0.196357
0,0.25,2.97344,23.1451,0.478423,0.0419391
0,0.25,2.98664,23.6047,0.626616,0.0912923
0,0.25,2.9887,24.0667,0.954696,0.197257
0,0.25,3.01769,24.5468,1.07518,0.37622
0,0.25,3.49999,10.8569,-0.00132924,5.15328
0,0.25,3.4999,11.3566,-0.0115972,5.12913
0,0.25,3.49959,11.8565,-0.033912,5.09666
0,0.25,3.49943,12.3554,-0.0433341,5.01533
0,0.25,3.49893,12.8537,-0.0513139,4.84905
0,0.25,3.49861,13.3501,-0.0804248,4.60951
0,0.25,3.49796,13.8434,-0.107992,4.16963
0,0.25,3.49688,14.3331,-0.169473,3.58025
0,0.25,3.49567,14.8163,-0.220852,2.87924
0,0.25,3.49387,15.293,-0.245537,2.03897
0,0.25,3.49211,15.7639,-0.266069,1.39952
0,0.25,3.49086,16.2289,-0.197134,1.02484
0,0.25,3.48988,16.6924,-0.0860206,0.784299
0,0.25,3.49042,17.157,-0.000939769,0.943653
0,0.25,3.49171,17.62,0.125936,1.05753
0,0.25,3.49233,18.0868,0.0948359,0.873375
0,0.25,3.49319,18.5536,-0.00367715,1.26405
0,0.25,3.49172,19.0158,-0.0416668,1.05047
0,0.25,3.48841,19.4881,-0.202973,1.19671
0,0.25,3.4857,19.9492,-0.228963,1.62147
0,0.25,3.47958,20.4157,-0.249087,0.758219
0,0.25,3.47664,20.8778,-0.387792,0.98115
0,0.25,3.47239,21.3309,-0.183264,0.388951
0,0.25,3.47065,21.7896,-0.153664,0.376913
0,0.25,3.4726,22.2428,0.131397,0.306992
0,0.25,3.47799,22.7024,0.337535,0.348364
0,0.25,3.47979,23.1522,0.472371,-0.00421331
0,0.25,3.49669,23.6135,0.661294,-0.12023
0,0.25,3.48009,24.0649,0.756222,0.0740804
0,0.25,3.50069,24.5355,0.948537,0.352586
0,0.25,4,10.857,-0.000760226,5.15153
0,0.25,3.99997,11.3566,-0.00462535,5.12205
0,0.25,3.99982,11.8565,-0.010601,5.08703
0,0.25,3.99977,12.3554,-0.0211287,5.00856
0,0.25,3.99951,12.8535,-0.03406,4.82488
0,0.25,3.99916,13.3499,-0.0608483,4.57451
0,0.25,3.99871,13.8427,-0.0852617,4.134
0,0.25,3.99796,14.332,-0.111385,3.52066
0,0.25,3.99708,14.8151,-0.148861,2.84366
0,0.25,3.99612,15.2913,-0.152979,2.02629
0,0.25,3.99491,15.7625,-0.144748,1.3987
0,0.25,3.99436,16.2281,-0.106814,1.1373
0,0.25,3.99423,16.692,-8.99698e-07,0.89935
0,0.25,3.99456,17.1587,0.0565852,1.04487
0,0.25,3.99595,17.6218,0.0895962,1.18516
0,0.25,3.99653,18.0883,0.0945994,0.787266
0,0.25,3.99618,18.5552,-0.0681516,1.17453
0,0.25,3.99537,19.0142,-0.138225,0.994454
0,0.25,3.99167,19.4854,-0.172503,0.993988
0,0.25,3.98901,19.9458,-0.236169,1.67144
0,0.25,3.98644,20.4091,-0.0570472,0.708851
0,0.25,3.98419,20.874,-0.00499815,0.949723
0,0.25,3.98374,21.3229,-0.0326443,0.449294
0,0.25,3.98465,21.784,0.0438793,0.255528
0,0.25,3.98359,22.2352,-0.00437315,0.436914
0,0.25,3.98759,22.6975,0.0535628,0.46174
0,0.25,3.98829,23.1525,0.195776,0.404861
0,0.25,3.99638,23.6228,0.635984,0.403223
0,0.25,3.98875,24.0778,0.368511,0.351995
0,0.25,3.99219,24.5425,0.585151,0.149825
0,0.25,4.5,10.857,-0.00042858,5.14941
0,0.25,4.49997,11.3566,-0.00260213,5.11803
0,0.25,4.49994,11.8565,-0.00579352,5.0795
0,0.25,4.49987,12.3552,-0.0110338,5.00058
0,0.25,4.49975,12.8533,-0.0136288,4.81687
0,0.25,4.49966,13.3496,-0.0149196,4.56294
0,0.25,4.49953,13.8425,-0.0169217,4.12695
0,0.25,4.49946,14.3316,-0.0177438,3.50551
0,0.25,4.49922,14.8146,-0.0284337,2.82349
0,0.25,4.49904,15.2907,-0.0401617,2.03331
0,0.25,4.49867,15.7618,-0.0397044,1.40717
0,0.25,4.49831,16.2281,-0.0442287,1.17685
0,0.25,4.4983,16.6922,-0.0164284,0.982266
0,0.25,4.49808,17.1589,0.00684511,1.02367
0,0.25,4.49821,17.6229,-0.0198519,1.18207
0,0.25,4.49859,18.0874,0.0108413,0.750084
0,0.25,4.49778,18.5544,-0.0287812,0.99431
0,0.25,4.49828,19.0132,-0.0463523,1.08676
0,0.25,4.49738,19.4818,0.0404403,0.958557
0,0.25,4.49703,19.9468,-0.0555176,1.69743
0,0.25,4.49807,20.4082,0.0166459,0.973381
0,0.25,4.49549,20.8741,-0.0763457,0.73769
0,0.25,4.49573,21.3274,-0.246823,0.595217
0,0.25,4.49374,21.7847,-0.0645037,0.416386
0,0.25,4.49189,22.2407,-0.0499431,0.497611
0,0.25,4.49436,22.7013,0.236433,0.634663
0,0.25,4.49223,23.1568,0.210318,0.412573
0,0.25,4.50148,23.6203,0.225585,0.357934
0,0.25,4.5013,24.0808,0.262952,0.466123
0,0.25,4.4986,24.5437,0.234552,0.351989
0,0.25,5,10.857,0.00042858,5.14941
0,0.25,5.00003,11.3566,0.00260213,5.11803
0,0.25,5.00006,11.8565,0.00579352,5.0795
0,0.25,5.00013,12.3552,0.0110338,5.00058
0,0.25,5.00025,12.8533,0.0136288,4.81687
0,0.25,5.00034,13.3496,0.0149196,4.56294
0,0.25,5.00047,13.8425,0.0169217,4.12695
0,0.25,5.00054,14.3316,0.0177438,3.50551
0,0.25,5.00078,14.8146,0.0284337,2.82349
0,0.25,5.00096,15.2907,0.0401617,2.03331
0,0.25,5.00133,15.7618,0.0397044,1.40717
0,0.25,5.00169,16.2281,0.0442287,1.17685
0,0.25,5.0017,16.6922,0.0164284,0.982266
0,0.25,5.00192,17.1589,-0.00684511,1.02367
0,0.25,5.00179,17.6229,0.0198519,1.18207
0,0.25,5.00141,18.0874,-0.0108413,0.750084
0,0.25,5.00222,18.5544,0.0287812,0.99431
0,0.25,5.00172,19.0132,0.0463523,1.08676
0,0.25,5.00262,19.4818,-0.0404403,0.958557
0,0.25,5.00297,19.9468,0.0555176,1.69743
0,0.25,5.00193,20.4082,-0.0166459,0.973381
0,0.25,5.00451,20.8741,0.0763457,0.73769
0,0.25,5.00427,21.3274,0.246823,0.595217
0,0.25,5.00626,21.7847,0.0645037,0.416386
0,0.25,5.00811,22.2407,0.0499431,0.497611
0,0.25,5.00564,22.7013,-0.236433,0.634663
0,0.25,5.00777,23.1568,-0.210318,0.412573
0,0.25,4.99852,23.6203,-0.225585,0.357934
0,0.25,4.9987,24.0808,-0.262952,0.466123
0,0.25,5.0014,24.5437,-0.234552,0.351989
0,0.25,5.5,10.857,0.000760226,5.15153
0,0.25,5.50003,11.3566,0.00462535,5.12205
0,0.25,5.50018,11.8565,0.010601,5.08703
0,0.25,5.50023,12.3554,0.0211287,5.00856
0,0.25,5.50049,12.8535,0.03406,4.82488
0,0.25,5.50084,13.3499,0.0608483,4.57451
0,0.25,5.50129,13.8427,0.0852617,4.134
0,0.25,5.50204,14.332,0.111385,3.52066
0,0.25,5.50292,14.8151,0.148861,2.84366
0,0.25,5.50388,15.2913,0.152979,2.02629
0,0.25,5.50509,15.7625,0.144748,1.3987
0,0.25,5.50564,16.2281,0.106814,1.1373
0,0.25,5.50577,16.692,8.99736e-07,0.89935
0,0.25,5.50544,17.1587,-0.0565852,1.04487
0,0.25,5.50405,17.6218,-0.0895962,1.18516
0,0.25,5.50347,18.0883,-0.0945994,0.787266
0,0.25,5.50382,18.5552,0.0681516,1.17453
0,0.25,5.50463,19.0142,0.138225,0.994454
0,0.25,5.50833,19.4854,0.172503,0.993988
0,0.25,5.51099,19.9458,0.236169,1.67144
0,0.25,5.51356,20.4091,0.0570472,0.708851
0,0.25,5.51581,20.874,0.00499815,0.949723
0,0.25,5.51626,21.3229,0.0326443,0.449294
0,0.25,5.51535,21.784,-0.0438793,0.255528
0,0.25,5.51641,22.2352,0.00437315,0.436914
0,0.25,5.51241,22.6975,-0.0535628,0.46174
0,0.25,5.51171,23.1525,-0.195776,0.404861
0,0.25,5.50362,23.6228,-0.635984,0.403223
0,0.25,5.51125,24.0778,-0.368511,0.351995
0,0.25,5.50781,24.5425,-0.585151,0.149825
0,0.25,6.00001,10.8569,0.00132924,5.15328
0,0.25,6.0001,11.3566,0.0115972,5.12913
0,0.25,6.00041,11.8565,0.033912,5.09666
0,0.25,6.00057,12.3554,0.0433341,5.01533
0,0.25,6.00107,12.8537,0.0513139,4.84905
0,0.25,6.00139,13.3501,0.0804248,4.60951
0,0.25,6.00204,13.8434,0.107992,4.16963
0,0.25,6.00312,14.3331,0.169473,3.58025
0,0.25,6.00433,14.8163,0.220852,2.87924
0,0.25,6.00613,15.293,0.245537,2.03897
0,0.25,6.00789,15.7639,0.266069,1.39952
0,0.25,6.00914,16.2289,0.197134,1.02484
0,0.25,6.01012,16.6924,0.0860206,0.784299
0,0.25,6.00958,17.157,0.000939769,0.943653
0,0.25,6.00829,17.62,-0.125936,1.05753
0,0.25,6.00767,18.0868,-0.0948359,0.873375
0,0.25,6.00681,18.5536,0.00367715,1.26405
0,0.25,6.00828,19.0158,0.0416668,1.05047
0,0.25,6.01159,19.4881,0.202973,1.19671
0,0.25,6.0143,19.9492,0.228963,1.62147
0,0.25,6.02042,20.4157,0.249087,0.758219
0,0.25,6.02336,20.8778,0.387792,0.98115
0,0.25,6.02761,21.3309,0.183264,0.388951
0,0.25,6.02935,21.7896,0.153664,0.376913
0,0.25,6.0274,22.2428,-0.131397,0.306992
0,0.25,6.02201,22.7024,-0.337535,0.348364
0,0.25,6.02021,23.1522,-0.472371,-0.00421331
0,0.25,6.00331,23.6135,-0.661294,-0.12023
0,0.25,6.01991,24.0649,-0.756222,0.0740804
0,0.25,5.99931,24.5355,-0.948537,0.352586
0,0.25,6.50001,10.8497,0.000979167,5.08383
0,0.25,6.50011,11.3493,0.00946532,5.08434
0,0.25,6.50031,11.8496,0.0348247,5.05832
0,0.25,6.50071,12.3488,0.0725147,4.96804
0,0.25,6.50166,12.8472,0.120919,4.80908
0,0.25,6.50242,13.3436,0.151168,4.57208
0,0.25,6.50366,13.8375,0.186624,4.17293
0,0.25,6.50506,14.3276,0.270687,3.61768
0,0.25,6.50717,14.8117,0.328923,2.90135
0,0.25,6.50985,15.2892,0.369109,2.07962
0,0.25,6.51209,15.7603,0.32667,1.40326
0,0.25,6.5137,16.226,0.169787,0.987484
0,0.25,6.51338,16.69,-0.0382374,0.856377
0,0.25,6.51124,17.1553,-0.216715,1.09426
0,0.25,6.50773,17.6223,-0.322294,1.38935
0,0.25,6.50581,18.0934,-0.166296,1.49018
0,0.25,6.50477,18.5655,0.0469996,1.778
0,0.25,6.50924,19.0348,0.197467,1.59539
0,0.25,6.51523,19.5078,0.366008,1.67283
0,0.25,6.5226,19.9709,0.189619,1.80043
0,0.25,6.52975,20.4365,0.195929,1.28724
0,0.25,6.53363,20.8946,0.217707,1.23788
0,0.25,6.53837,21.3474,0.309119,0.581815
0,0.25,6.54007,21.7973,0.296259,0.379746
0,0.25,6.54082,22.245,0.187272,0.15463
0,0.25,6.53618,22.6937,0.00942965,0.196357
0,0.25,6.52656,23.1451,-0.478423,0.0419391
0,0.25,6.51336,23.6047,-0.626616,0.0912923
0,0.25,6.5113,24.0667,-0.954696,0.197257
0,0.25,6.48231,24.5468,-1.07518,0.37622
0,0.25,7,10.7026,1.33705e-05,4.32155
0,0.25,7,11.2226,7.11536e-05,4.43062
0,0.25,7.00001,11.7237,0.00257456,4.43655
0,0.25,7.00016,12.2237,0.0314998,4.40407
0,0.25,7.0008,12.7228,0.0963008,4.28193
0,0.25,7.00167,13.2203,0.133015,4.07354
0,0.25,7.00271,13.7157,0.172458,3.78492
0,0.25,7.00398,14.2084,0.247282,3.3525
0,0.25,7.00603,14.6964,0.33346,2.74789
0,0.25,7.00869,15.1783,0.421076,1.99312
0,0.25,7.01162,15.6536,0.447023,1.24136
0,0.25,7.01428,16.1222,0.376044,0.649641
0,0.25,7.01533,16.5864,0.170941,0.311501
0,0.25,7.01457,17.0488,-0.0930259,0.296491
0,0.25,7.01129,17.5114,-0.350288,0.491938
0,0.25,7.00781,17.9756,-0.420327,0.633183
0,0.25,7.00423,18.4421,-0.330329,0.696414
0,0.25,7.00471,18.908,-0.0925801,0.581018
0,0.25,7.00868,19.3764,0.207469,0.315324
0,0.25,7.01709,19.8469,0.396623,0.366072
0,0.25,7.02603,20.3214,0.492209,0.196731
0,0.25,7.03499,20.8028,0.477648,0.347657
0,0.25,7.04147,21.2829,0.427922,0.236498
0,0.25,7.04571,21.7688,0.212277,0.275249
0,0.25,7.04366,22.2487,-0.0292082,0.527142
0,0.25,7.04084,22.7292,-0.296577,0.758065
0,0.25,7.02623,23.2028,-0.499503,0.954373
0,0.25,7.01675,23.6674,-0.534086,0.973661
0,0.25,7.00207,24.1241,-0.920435,0.428282
0,0.25,6.99942,24.5713,-0.861876,0.082584
1,0.25,7.5,1.5,0,0
1,0.25,8,1.5,0,0
1,0.25,1.5,1.5,0,0
1,0.25,2,1.5,0,0
1,0.25,7.5,2,0,0
1,0.25,8,2,0,0
1,0.25,1.5,2,0,0
1,0.25,2,2,0,0
1,0.25,7.5,2.5,0,0
1,0.25,8,2.5,0,0
1,0.25,1.5,2.5,0,0
1,0.25,2,2.5,0,0
1,0.25,7.5,3,0,0
1,0.25,8,3,0,0
1,0.25,1.5,3,0,0
1,0.25,2,3,0,0
1,0.25,7.5,3.5,0,0
1,0.25,8,3.5,0,0
1,0.25,1.5,3.5,0,0
1,0.25,2,3.5,0,0
1,0.25,7.5,4,0,0
1,0.25,8,4,0,0
1,0.25,1.5,4,0,0
1,0.25,2,4,0,0
1,0.25,7.5,4.5,0,0
1,0.25,8,4.5,0,0
1,0.25,1.5,4.5,0,0
1,0.25,2,4.5,0,0
1,0.25,7.5,5,0,0
1,0.25,8,5,0,0
1,0.25,1.5,5,0,0
1,0.25,2,5,0,0
1,0.25,7.5,5.5,0,0
1,0.25,8,5.5,0,0
1,0.25,1.5,5.5,0,0
1,0.25,2,5.5,0,0
1,0.25,7.5,6,0,0
1,0.25,8,6,0,0
1,0.25,1.5,6,0,0
1,0.25,2,6,0,0
1,0.25,7.5,6.5,0,0
1,0.25,8,6.5,0,0
1,0.25,1.5,6.5,0,0
1,0.25,2,6.5,0,0
1,0.25,7.5,7,0,0
1,0.25,8,7,0,0
1,0.25,1.5,7,0,0
1,0.25,2,7,0,0
1,0.25,7.5,7.5,0,0
1,0.25,8,7.5,0,0
1,0.25,1.5,7.5,0,0
1,0.25,2,7.5,0,0
1,0.25,7.5,8,0,0
1,0.25,8,8,0,0
1,0.25,1.5,8,0,0
1,0.25,2,8,0,0
1,0.25,7.5,8.5,0,0
1,0.25,8,8.5,0,0
1,0.25,1.5,8.5,0,0
1,0.25,2,8.5,0,0
1,0.25,7.5,9,0,0
1,0.25,8,9,0,0
1,0.25,1.5,9,0,0
1,0.25,2,9,0,0
1,0.25,7.5,9.5,0,0
1,0.25,8,9.5,0,0
1,0.25,1.5,9.5,0,0
1,0.25,2,9.5,0,0
1,0.25,7.5,10,0,0
1,0.25,8,10,0,0
1,0.25,1.5,10,0,0
1,0.25,2,10,0,0
1,0.25,7.5,10.5,0,0
1,0.25,8,10.5,0,0
1,0.25,1.5,10.5,0,0
1,0.25,2,10.5,0,0
1,0.25,7.5,11,0,0
1,0.25,8,11,0,0
1,0.25,1.5,11,0,0
1,0.25,2,11,0,0
1,0.25,7.5,11.5,0,0
1,0.25,8,11.5,0,0
1,0.25,1.5,11.5,0,0
1,0.25,2,11.5,0,0
1,0.25,7.5,12,0,0
1,0.25,8,12,0,0
1,0.25,1.5,12,0,0
1,0.25,2,12,0,0
1,0.25,7.5,12.5,0,0
1,0.25,8,12.5,0,0
1,0.25,1.5,12.5,0,0
1,0.25,2,12.5,0,0
1,0.25,7.5,13,0,0
1,0.25,8,13,0,0
1,0.25,1.5,13,0,0
1,0.25,2,13,0,0
1,0.25,7.5,13.5,0,0
1,0.25,8,13.5,0,0
1,0.25,1.5,13.5,0,0
1,0.25,2,13.5,0,0
1,0.25,7.5,14,0,0
1,0.25,8,14,0,0
1,0.25,1.5,14,0,0
1,0.25,2,14,0,0
1,0.25,7.5,14.5,0,0
1,0.25,8,14.5,0,0
1,0.25,1.5,14.5,0,0
1,0.25,2,14.5,0,0
1,0.25,7.5,15,0,0
1,0.25,8,15,0,0
1,0.25,1.5,15,0,0
1,0.25,2,15,0,0
1,0.25,7.5,15.5,0,0
1,0.25,8,15.5,0,0
1,0.25,1.5,15.5,0,0
1,0.25,2,15.5,0,0
1,0.25,7.5,16,0,0
1,0.25,8,16,0,0
1,0.25,1.5,16,0,0
1,0.25,2,16,0,0
1,0.25,7.5,16.5,0,0
1,0.25,8,16.5,0,0
1,0.25,1.5,16.5,0,0
1,0.25,2,16.5,0,0
1,0.25,7.5,17,0,0
1,0.25,8,17,0,0
1,0.25,1.5,17,0,0
1,0.25,2,17,0,0
1,0.25,7.5,17.5,0,0
1,0.25,8,17.5,0,0
1,0.25,1.5,17.5,0,0
1,0.25,2,17.5,0,0
1,0.25,7.5,18,0,0
1,0.25,8,18,0,0
1,0.25,1.5,18,0,0
1,0.25,2,18,0,0
1,0.25,7.5,18.5,0,0
1,0.25,8,18.5,0,0
1,0.25,1.5,18.5,0,0
1,0.25,2,18.5,0,0
1,0.25,7.5,19,0,0
1,0.25,8,19,0,0
1,0.25,1.5,19,0,0
1,0.25,2,19,0,0
1,0.25,7.5,19.5,0,0
1,0.25,8,19.5,0,0
1,0.25,1.5,19.5,0,0
1,0.25,2,19.5,0,0
1,0.25,7.5,20,0,0
1,0.25,8,20,0,0
1,0.25,1.5,20,0,0
1,0.25,2,20,0,0
1,0.25,7.5,20.5,0,0
1,0.25,8,20.5,0,0
1,0.25,1.5,20.5,0,0
1,0.25,2,20.5,0,0
1,0.25,7.5,21,0,0
1,0.25,8,21,0,0
1,0.25,1.5,21,0,0
1,0.25,2,21,0,0
1,0.25,7.5,21.5,0,0
1,0.25,8,21.5,0,0
1,0.25,1.5,21.5,0,0
1,0.25,2,21.5,0,0
1,0.25,7.5,22,0,0
1,0.25,8,22,0,0
1,0.25,1.5,22,0,0
1,0.25,2,22,0,0
1,0.25,7.5,22.5,0,0
1,0.25,8,22.5,0,0
1,0.25,1.5,22.5,0,0
1,0.25,2,22.5,0,0
1,0.25,7.5,23,0,0
1,0.25,8,23,0,0
1,0.25,1.5,23,0,0
1,0.25,2,23,0,0
1,0.25,7.5,23.5,0,0
1,0.25,8,23.5,0,0
1,0.25,1.5,23.5,0,0
1,0.25,2,23.5,0,0
1,0.25,7.5,24,0,0
1,0.25,8,24,0,0
1,0.25,1.5,24,0,0
1,0.25,2,24,0,0
1,0.25,7.5,24.5,0,0
1,0.25,8,24.5,0,0
1,0.25,1.5,24.5,0,0
1,0.25,2,24.5,0,0
1,0.25,7.5,25,0,0
1,0.25,8,25,0,0
1,0.25,1.5,25,0,0
1,0.25,2,25,0,0
1,0.25,7.5,25.5,0,0
1,0.25,8,25.5,0,0
1,0.25,1.5,25.5,0,0
1,0.25,2,25.5,0,0
1,0.25,2.5,1.5,0,0
1,0.25,2.5,2,0,0
1,0.25,2.5,25,0,0
1,0.25,2.5,25.5,0,0
1,0.25,3,1.5,0,0
1,0.25,3,2,0,0
1,0.25,3,25,0,0
1,0.25,3,25.5,0,0
1,0.25,3.5,1.5,0,0
1,0.25,3.5,2,0,0
1,0.25,3.5,25,0,0
1,0.25,3.5,25.5,0,0
1,0.25,4,1.5,0,0
1,0.25,4,2,0,0
1,0.25,4,25,0,0
1,0.25,4,25.5,0,0
1,0.25,4.5,1.5,0,0
1,0.25,4.5,2,0,0
1,0.25,4.5,25,0,0
1,0.25,4.5,25.5,0,0
1,0.25,5,1.5,0,0
1,0.25,5,2,0,0
1,0.25,5,25,0,0
1,0.25,5,25.5,0,0
1,0.25,5.5,1.5,0,0
1,0.25,5.5,2,0,0
1,0.25,5.5,25,0,0
1,0.25,5.5,25.5,0,0
1,0.25,6,1.5,0,0
1,0.25,6,2,0,0
1,0.25,6,25,0,0
1,0.25,6,25.5,0,0
1,0.25,6.5,1.5,0,0
1,0.25,6.5,2,0,0
1,0.25,6.5,25,0,0
1,0.25,6.5,25.5,0,0
1,0.25,7,1.5,0,0
1,0.25,7,2,0,0
1,0.25,7,25,0,0
1,0.25,7,25.5,0,0
