536 2 0.5 3500 0.2 2 0 2e-06 0 9.81 10 35
0,0.25,2.39867,10.7652,-0.346522,-0.46595
0,0.25,2.84858,11.068,0.169146,-2.44016
0,0.25,2.30021,11.6912,0.119146,-2.42569
0,0.25,2.66361,12.0093,-0.0104443,-3.05217
0,0.25,2.4033,12.4986,0.0412863,-2.93964
0,0.25,2.57571,12.9523,-0.424531,-2.87478
0,0.25,2.48212,13.4378,0.616899,-2.75544
0,0.25,2.5099,13.9542,-0.552446,-2.75151
0,0.25,2.49165,14.4576,0.160051,-2.48703
0,0.25,2.49225,14.9763,-0.0489982,-2.53668
0,0.25,2.48781,15.4894,-0.2134,-2.20726
0,0.25,2.48763,15.9971,-0.313409,-2.57266
0,0.25,2.48342,16.4965,-0.0178304,-2.54557
0,0.25,2.49726,16.9774,0.0415246,-2.28877
0,0.25,2.51103,17.4458,0.084072,-2.16755
0,0.25,2.52641,17.8996,-0.0796647,-1.82233
0,0.25,2.52688,18.3513,-0.389876,-2.02726
0,0.25,2.5243,18.7981,-0.411977,-2.33112
0,0.25,2.50605,19.2517,-0.334611,-2.58174
0,0.25,2.48207,19.718,-0.0766094,-2.51766
0,0.25,2.47047,20.2068,0.119592,-2.37382
0,0.25,2.46845,20.7111,0.38892,-1.95384
0,0.25,2.46611,21.2125,0.284123,-1.8276
0,0.25,2.47009,21.7146,0.316825,-1.96559
0,0.25,2.46859,22.192,0.240349,-2.23283
0,0.25,2.44995,22.6883,0.291793,-1.8011
0,0.25,2.45713,23.1735,0.427892,-1.73275
0,0.25,2.47569,23.6555,0.752635,-0.962231
0,0.25,2.41294,24.1184,-0.120072,-1.13958
0,0.25,2.52484,24.6294,-0.961682,-0.844955
0,0.25,3.33762,10.5091,0.553096,-3.06837
0,0.25,3.08408,11.3112,-0.0736984,-2.70316
0,0.25,3.05077,11.7604,-0.498735,-2.34993
0,0.25,3.01736,12.3061,-0.0500541,-3.0799
0,0.25,3.01259,12.7778,-0.267391,-2.70098
0,0.25,3.00052,13.3343,-0.469721,-2.32575
0,0.25,2.96903,13.8143,-0.236823,-2.6568
0,0.25,2.97502,14.3393,-0.165088,-2.18936
0,0.25,2.95799,14.8454,-0.172566,-2.70026
0,0.25,2.96306,15.3511,-0.246822,-2.60518
0,0.25,2.96402,15.8507,-0.36154,-2.96411
0,0.25,2.9754,16.3389,-0.181039,-2.95651
0,0.25,2.99661,16.8142,-0.111191,-3.11932
0,0.25,3.0227,17.2896,-0.144304,-2.86188
0,0.25,3.04265,17.7608,-0.140534,-2.85169
0,0.25,3.0494,18.2371,-0.205819,-2.75878
0,0.25,3.04589,18.7104,-0.0963482,-3.1061
0,0.25,3.02681,19.182,0.0309779,-3.46495
0,0.25,2.99548,19.6459,0.242404,-3.77857
0,0.25,2.96921,20.1121,0.404533,-3.82359
0,0.25,2.95589,20.5856,0.415664,-3.46551
0,0.25,2.95246,21.0655,0.250355,-3.17407
0,0.25,2.93864,21.5513,0.0284224,-3.04796
0,0.25,2.96382,22.041,0.502607,-3.05844
0,0.25,2.91647,22.509,-0.084994,-2.84615
0,0.25,2.94582,22.9849,0.681253,-2.42704
0,0.25,2.93125,23.439,-0.553533,-1.17956
0,0.25,2.98418,23.8906,-0.475833,-0.141508
0,0.25,2.86997,24.3332,0.460977,0.564062
0,0.25,3.24428,24.5727,0.109227,0.233845
0,0.25,3.56036,10.6125,0.276899,-3.03061
0,0.25,3.59454,11.1841,0.17079,-2.79302
0,0.25,3.56271,11.747,-0.394082,-3.24479
0,0.25,3.51854,12.2255,-0.600422,-3.14027
0,0.25,3.52368,12.734,-0.213651,-3.50685
0,0.25,3.49261,13.1989,-0.444384,-3.0901
0,0.25,3.49903,13.6834,-0.0243231,-3.06994
0,0.25,3.47523,14.1414,-0.096926,-3.5016
0,0.25,3.4689,14.6117,-0.190313,-3.58207
0,0.25,3.46394,15.0648,-0.125003,-3.66467
0,0.25,3.46534,15.5335,-0.0634239,-3.84976
0,0.25,3.47755,15.9936,-0.112028,-3.87733
0,0.25,3.48997,16.4644,-0.156068,-3.90061
0,0.25,3.50962,16.932,-0.0413855,-4.04613
0,0.25,3.52576,17.4207,-0.038774,-3.8847
0,0.25,3.53984,17.9145,0.069885,-3.82022
0,0.25,3.54656,18.4122,0.157701,-3.94934
0,0.25,3.54665,18.9003,0.259012,-4.33916
0,0.25,3.52813,19.3779,0.292801,-4.48131
0,0.25,3.50128,19.8449,0.224486,-4.42207
0,0.25,3.4715,20.3084,0.166725,-4.2321
0,0.25,3.45729,20.7743,0.180536,-4.01932
0,0.25,3.44419,21.2371,0.0499737,-3.55316
0,0.25,3.4232,21.7037,0.0133949,-3.14556
0,0.25,3.46178,22.1678,0.0188634,-2.23017
0,0.25,3.40261,22.6198,-0.193713,-1.99571
0,0.25,3.44597,23.0809,-0.534096,-0.854483
0,0.25,3.46674,23.5109,-0.657369,-0.770115
0,0.25,3.41511,23.979,-0.664677,-0.426049
0,0.25,3.64604,24.4417,0.729834,-0.852936
0,0.25,4.01887,10.6672,0.80177,-3.02211
0,0.25,4.02266,11.1744,-0.877762,-3.26024
0,0.25,4.02588,11.7129,-0.224699,-3.07513
0,0.25,4.01508,12.2075,-0.0934382,-3.02303
0,0.25,4.02358,12.7314,-0.307747,-3.18483
0,0.25,4.00545,13.2312,-0.166448,-2.18838
0,0.25,4.0115,13.7399,-0.0489044,-2.50902
0,0.25,4.00117,14.2252,-0.194437,-2.59709
0,0.25,3.99892,14.7122,-0.204497,-2.88101
0,0.25,3.9917,15.184,-0.324327,-2.81453
0,0.25,3.98909,15.6602,-0.194711,-3.25627
0,0.25,3.99625,16.1302,-0.0891072,-3.29138
0,0.25,4.00372,16.6079,0.0695741,-3.39723
0,0.25,4.01305,17.0842,0.0615949,-3.45919
0,0.25,4.01993,17.5734,-0.0232271,-3.03092
0,0.25,4.02579,18.0657,-0.0327063,-2.51079
0,0.25,4.02991,18.5697,0.0588688,-2.28742
0,0.25,4.02547,19.0784,0.12114,-2.27119
0,0.25,4.01501,19.5822,0.0924075,-2.22838
0,0.25,3.99436,20.0662,0.145697,-2.28869
0,0.25,3.97347,20.5369,0.0356744,-2.42163
0,0.25,3.96844,20.9956,-0.0894774,-2.24241
0,0.25,3.94446,21.4519,-0.418981,-2.10842
0,0.25,3.95593,21.8912,-0.311259,-1.75338
0,0.25,3.96429,22.34,-0.2489,-1.58304
0,0.25,3.91301,22.7673,-0.763632,-1.38919
0,0.25,3.99332,23.2017,-0.00355782,-1.45846
0,0.25,3.95407,23.6327,-0.73052,-1.36405
0,0.25,3.93486,24.0762,0.255131,-1.1071
0,0.25,4.10599,24.5896,-0.0647271,0.115427
0,0.25,4.50555,10.6852,0.0605058,-3.35243
0,0.25,4.52179,11.1701,0.204404,-3.40967
0,0.25,4.51412,11.7101,0.0312172,-3.08255
0,0.25,4.49842,12.202,-0.422222,-3.21073
0,0.25,4.49782,12.7268,-0.088087,-3.34273
0,0.25,4.4977,13.2096,-0.295936,-2.46312
0,0.25,4.49504,13.7086,-0.221244,-2.57557
0,0.25,4.48811,14.1942,0.0769765,-2.87473
0,0.25,4.48966,14.6765,0.0999453,-3.08252
0,0.25,4.49068,15.1535,0.263564,-3.07748
0,0.25,4.49649,15.6323,0.0358561,-3.4497
0,0.25,4.50076,16.1123,-0.0241862,-3.33296
0,0.25,4.50387,16.599,-0.0503966,-3.34448
0,0.25,4.50694,17.0883,-0.0634313,-3.42573
0,0.25,4.50991,17.5891,0.0442214,-2.96324
0,0.25,4.51055,18.0886,0.053555,-2.65361
0,0.25,4.50846,18.5968,0.0065655,-2.46708
0,0.25,4.50517,19.0951,0.0455118,-2.68433
0,0.25,4.50064,19.59,0.0939157,-2.63054
0,0.25,4.49533,20.0677,0.0154264,-2.64364
0,0.25,4.49182,20.5366,0.0733364,-2.67835
0,0.25,4.48614,20.9904,0.00295817,-2.53946
0,0.25,4.47892,21.4357,-0.164028,-2.47941
0,0.25,4.4841,21.8677,-0.220243,-2.41956
0,0.25,4.49387,22.3163,-0.140977,-2.3414
0,0.25,4.4647,22.7416,-0.0685937,-2.03207
0,0.25,4.4967,23.1645,-0.155884,-1.83989
0,0.25,4.50394,23.6282,0.232893,-1.42178
0,0.25,4.42852,24.022,-0.202967,-1.09417
0,0.25,4.55022,24.4612,0.287721,-0.887167
0,0.25,4.99445,10.6852,-0.0605058,-3.35243
0,0.25,4.97821,11.1701,-0.204404,-3.40967
0,0.25,4.98588,11.7101,-0.0312172,-3.08255
0,0.25,5.00158,12.202,0.422222,-3.21073
0,0.25,5.00218,12.7268,0.088087,-3.34273
0,0.25,5.0023,13.2096,0.295936,-2.46312
0,0.25,5.00496,13.7086,0.221244,-2.57557
0,0.25,5.01189,14.1942,-0.0769765,-2.87473
0,0.25,5.01034,14.6765,-0.0999453,-3.08252
0,0.25,5.00932,15.1535,-0.263564,-3.07748
0,0.25,5.00351,15.6323,-0.0358561,-3.4497
0,0.25,4.99924,16.1123,0.0241862,-3.33296
0,0.25,4.99613,16.599,0.0503966,-3.34448
0,0.25,4.99306,17.0883,0.0634313,-3.42573
0,0.25,4.99009,17.5891,-0.0442214,-2.96324
0,0.25,4.98945,18.0886,-0.053555,-2.65361
0,0.25,4.99154,18.5968,-0.0065655,-2.46708
0,0.25,4.99483,19.0951,-0.0455118,-2.68433
0,0.25,4.99936,19.59,-0.0939157,-2.63054
0,0.25,5.00467,20.0677,-0.0154264,-2.64364
0,0.25,5.00818,20.5366,-0.0733364,-2.67835
0,0.25,5.01386,20.9904,-0.00295817,-2.53946
0,0.25,5.02108,21.4357,0.164028,-2.47941
0,0.25,5.0159,21.8677,0.220243,-2.41956
0,0.25,5.00613,22.3163,0.140977,-2.3414
0,0.25,5.0353,22.7416,0.0685937,-2.03207
0,0.25,5.0033,23.1645,0.155884,-1.83989
0,0.25,4.99606,23.6282,-0.232893,-1.42178
0,0.25,5.07148,24.022,0.202967,-1.09417
0,0.25,4.94978,24.4612,-0.287721,-0.887167
0,0.25,5.48113,10.6672,-0.80177,-3.02211
0,0.25,5.47734,11.1744,0.877762,-3.26024
0,0.25,5.47412,11.7129,0.224699,-3.07513
0,0.25,5.48492,12.2075,0.0934382,-3.02303
0,0.25,5.47642,12.7314,0.307747,-3.18483
0,0.25,5.49455,13.2312,0.166448,-2.18838
0,0.25,5.4885,13.7399,0.0489044,-2.50902
0,0.25,5.49883,14.2252,0.194437,-2.59709
0,0.25,5.50108,14.7122,0.204497,-2.88101
0,0.25,5.5083,15.184,0.324327,-2.81453
0,0.25,5.51091,15.6602,0.194711,-3.25627
0,0.25,5.50375,16.1302,0.0891072,-3.29138
0,0.25,5.49628,16.6079,-0.0695741,-3.39723
0,0.25,5.48695,17.0842,-0.0615949,-3.45919
0,0.25,5.48007,17.5734,0.0232271,-3.03092
0,0.25,5.47421,18.0657,0.0327063,-2.51079
0,0.25,5.47009,18.5697,-0.0588688,-2.28742
0,0.25,5.47453,19.0784,-0.12114,-2.27119
0,0.25,5.48499,19.5822,-0.0924075,-2.22838
0,0.25,5.50564,20.0662,-0.145697,-2.28869
0,0.25,5.52653,20.5369,-0.0356744,-2.42163
0,0.25,5.53156,20.9956,0.0894774,-2.24241
0,0.25,5.55554,21.4519,0.418981,-2.10842
0,0.25,5.54407,21.8912,0.311259,-1.75338
0,0.25,5.53571,22.34,0.2489,-1.58304
0,0.25,5.58699,22.7673,0.763632,-1.38919
0,0.25,5.50668,23.2017,0.00355782,-1.45846
0,0.25,5.54593,23.6327,0.73052,-1.36405
0,0.25,5.56514,24.0762,-0.255131,-1.1071
0,0.25,5.39401,24.5896,0.0647271,0.115427
0,0.25,5.93964,10.6125,-0.276899,-3.03061
0,0.25,5.90546,11.1841,-0.17079,-2.79302
0,0.25,5.93729,11.747,0.394082,-3.24479
0,0.25,5.98146,12.2255,0.600422,-3.14027
0,0.25,5.97632,12.734,0.213651,-3.50685
0,0.25,6.00739,13.1989,0.444384,-3.0901
0,0.25,6.00097,13.6834,0.0243231,-3.06994
0,0.25,6.02477,14.1414,0.096926,-3.5016
0,0.25,6.0311,14.6117,0.190313,-3.58207
0,0.25,6.03606,15.0648,0.125003,-3.66467
0,0.25,6.03466,15.5335,0.0634239,-3.84976
0,0.25,6.02245,15.9936,0.112028,-3.87733
0,0.25,6.01003,16.4644,0.156068,-3.90061
0,0.25,5.99038,16.932,0.0413855,-4.04613
0,0.25,5.97424,17.4207,0.038774,-3.8847
0,0.25,5.96016,17.9145,-0.069885,-3.82022
0,0.25,5.95344,18.4122,-0.157701,-3.94934
0,0.25,5.95335,18.9003,-0.259012,-4.33916
0,0.25,5.97187,19.3779,-0.292801,-4.48131
0,0.25,5.99872,19.8449,-0.224486,-4.42207
0,0.25,6.0285,20.3084,-0.166725,-4.2321
0,0.25,6.04271,20.7743,-0.180536,-4.01932
0,0.25,6.05581,21.2371,-0.0499737,-3.55316
0,0.25,6.0768,21.7037,-0.0133949,-3.14556
0,0.25,6.03822,22.1678,-0.0188634,-2.23017
0,0.25,6.09739,22.6198,0.193713,-1.99571
0,0.25,6.05403,23.0809,0.534096,-0.854483
0,0.25,6.03326,23.5109,0.657369,-0.770115
0,0.25,6.08489,23.979,0.664677,-0.426049
0,0.25,5.85396,24.4417,-0.729834,-0.852936
0,0.25,6.16238,10.5091,-0.553096,-3.06837
0,0.25,6.41592,11.3112,0.0736984,-2.70316
0,0.25,6.44923,11.7604,0.498735,-2.34993
0,0.25,6.48264,12.3061,0.0500541,-3.0799
0,0.25,6.48741,12.7778,0.267391,-2.70098
0,0.25,6.49948,13.3343,0.469721,-2.32575
0,0.25,6.53097,13.8143,0.236823,-2.6568
0,0.25,6.52498,14.3393,0.165088,-2.18936
0,0.25,6.54201,14.8454,0.172566,-2.70026
0,0.25,6.53694,15.3511,0.246822,-2.60518
0,0.25,6.53598,15.8507,0.36154,-2.96411
0,0.25,6.5246,16.3389,0.181039,-2.95651
0,0.25,6.50339,16.8142,0.111191,-3.11932
0,0.25,6.4773,17.2896,0.144304,-2.86188
0,0.25,6.45735,17.7608,0.140534,-2.85169
0,0.25,6.4506,18.2371,0.205819,-2.75878
0,0.25,6.45411,18.7104,0.0963482,-3.1061
0,0.25,6.47319,19.182,-0.0309779,-3.46495
0,0.25,6.50452,19.6459,-0.242404,-3.77857
0,0.25,6.53079,20.1121,-0.404533,-3.82359
0,0.25,6.54411,20.5856,-0.415664,-3.46551
0,0.25,6.54754,21.0655,-0.250355,-3.17407
0,0.25,6.56136,21.5513,-0.0284224,-3.04796
0,0.25,6.53618,22.041,-0.502607,-3.05844
0,0.25,6.58353,22.509,0.084994,-2.84615
0,0.25,6.55418,22.9849,-0.681253,-2.42704
0,0.25,6.56875,23.439,0.553533,-1.17956
0,0.25,6.51582,23.8906,0.475833,-0.141508
0,0.25,6.63003,24.3332,-0.460977,0.564062
0,0.25,6.25572,24.5727,-0.109227,0.233845
0,0.25,7.10133,10.7652,0.346522,-0.46595
0,0.25,6.65142,11.068,-0.169146,-2.44016
0,0.25,7.19979,11.6912,-0.119146,-2.42569
0,0.25,6.83639,12.0093,0.0104443,-3.05217
0,0.25,7.0967,12.4986,-0.0412863,-2.93964
0,0.25,6.92429,12.9523,0.424531,-2.87478
0,0.25,7.01788,13.4378,-0.616899,-2.75544
0,0.25,6.9901,13.9542,0.552446,-2.75151
0,0.25,7.00835,14.4576,-0.160051,-2.48703
0,0.25,7.00775,14.9763,0.0489982,-2.53668
0,0.25,7.01219,15.4894,0.2134,-2.20726
0,0.25,7.01237,15.9971,0.313409,-2.57266
0,0.25,7.01658,16.4965,0.0178304,-2.54557
0,0.25,7.00274,16.9774,-0.0415246,-2.28877
0,0.25,6.98897,17.4458,-0.084072,-2.16755
0,0.25,6.97359,17.8996,0.0796647,-1.82233
0,0.25,6.97312,18.3513,0.389876,-2.02726
0,0.25,6.9757,18.7981,0.411977,-2.33112
0,0.25,6.99395,19.2517,0.334611,-2.58174
0,0.25,7.01793,19.718,0.0766094,-2.51766
0,0.25,7.02953,20.2068,-0.119592,-2.37382
0,0.25,7.03155,20.7111,-0.38892,-1.95384
0,0.25,7.03389,21.2125,-0.284123,-1.8276
0,0.25,7.02991,21.7146,-0.316825,-1.96559
0,0.25,7.03141,22.192,-0.240349,-2.23283
0,0.25,7.05005,22.6883,-0.291793,-1.8011
0,0.25,7.04287,23.1735,-0.427892,-1.73275
0,0.25,7.02431,23.6555,-0.752635,-0.962231
0,0.25,7.08706,24.1184,0.120072,-1.13958
0,0.25,6.97516,24.6294,0.961682,-0.844955
1,0.25,7.5,1.5,0,0
1,0.25,8,1.5,0,0
1,0.25,1.5,1.5,0,0
1,0.25,2,1.5,0,0
1,0.25,7.5,2,0,0
1,0.25,8,2,0,0
1,0.25,1.5,2,0,0
1,0.25,2,2,0,0
1,0.25,7.5,2.5,0,0
1,0.25,8,2.5,0,0
1,0.25,1.5,2.5,0,0
1,0.25,2,2.5,0,0
1,0.25,7.5,3,0,0
1,0.25,8,3,0,0
1,0.25,1.5,3,0,0
1,0.25,2,3,0,0
1,0.25,7.5,3.5,0,0
1,0.25,8,3.5,0,0
1,0.25,1.5,3.5,0,0
1,0.25,2,3.5,0,0
1,0.25,7.5,4,0,0
1,0.25,8,4,0,0
1,0.25,1.5,4,0,0
1,0.25,2,4,0,0
1,0.25,7.5,4.5,0,0
1,0.25,8,4.5,0,0
1,0.25,1.5,4.5,0,0
1,0.25,2,4.5,0,0
1,0.25,7.5,5,0,0
1,0.25,8,5,0,0
1,0.25,1.5,5,0,0
1,0.25,2,5,0,0
1,0.25,7.5,5.5,0,0
1,0.25,8,5.5,0,0
1,0.25,1.5,5.5,0,0
1,0.25,2,5.5,0,0
1,0.25,7.5,6,0,0
1,0.25,8,6,0,0
1,0.25,1.5,6,0,0
1,0.25,2,6,0,0
1,0.25,7.5,6.5,0,0
1,0.25,8,6.5,0,0
1,0.25,1.5,6.5,0,0
1,0.25,2,6.5,0,0
1,0.25,7.5,7,0,0
1,0.25,8,7,0,0
1,0.25,1.5,7,0,0
1,0.25,2,7,0,0
1,0.25,7.5,7.5,0,0
1,0.25,8,7.5,0,0
1,0.25,1.5,7.5,0,0
1,0.25,2,7.5,0,0
1,0.25,7.5,8,0,0
1,0.25,8,8,0,0
1,0.25,1.5,8,0,0
1,0.25,2,8,0,0
1,0.25,7.5,8.5,0,0
1,0.25,8,8.5,0,0
1,0.25,1.5,8.5,0,0
1,0.25,2,8.5,0,0
1,0.25,7.5,9,0,0
1,0.25,8,9,0,0
1,0.25,1.5,9,0,0
1,0.25,2,9,0,0
1,0.25,7.5,9.5,0,0
1,0.25,8,9.5,0,0
1,0.25,1.5,9.5,0,0
1,0.25,2,9.5,0,0
1,0.25,7.5,10,0,0
1,0.25,8,10,0,0
1,0.25,1.5,10,0,0
1,0.25,2,10,0,0
1,0.25,7.5,10.5,0,0
1,0.25,8,10.5,0,0
1,0.25,1.5,10.5,0,0
1,0.25,2,10.5,0,0
1,0.25,7.5,11,0,0
1,0.25,8,11,0,0
1,0.25,1.5,11,0,0
1,0.25,2,11,0,0
1,0.25,7.5,11.5,0,0
1,0.25,8,11.5,0,0
1,0.25,1.5,11.5,0,0
1,0.25,2,11.5,0,0
1,0.25,7.5,12,0,0
1,0.25,8,12,0,0
1,0.25,1.5,12,0,0
1,0.25,2,12,0,0
1,0.25,7.5,12.5,0,0
1,0.25,8,12.5,0,0
1,0.25,1.5,12.5,0,0
1,0.25,2,12.5,0,0
1,0.25,7.5,13,0,0
1,0.25,8,13,0,0
1,0.25,1.5,13,0,0
1,0.25,2,13,0,0
1,0.25,7.5,13.5,0,0
1,0.25,8,13.5,0,0
1,0.25,1.5,13.5,0,0
1,0.25,2,13.5,0,0
1,0.25,7.5,14,0,0
1,0.25,8,14,0,0
1,0.25,1.5,14,0,0
1,0.25,2,14,0,0
1,0.25,7.5,14.5,0,0
1,0.25,8,14.5,0,0
1,0.25,1.5,14.5,0,0
1,0.25,2,14.5,0,0
1,0.25,7.5,15,0,0
1,0.25,8,15,0,0
1,0.25,1.5,15,0,0
1,0.25,2,15,0,0
1,0.25,7.5,15.5,0,0
1,0.25,8,15.5,0,0
1,0.25,1.5,15.5,0,0
1,0.25,2,15.5,0,0
1,0.25,7.5,16,0,0
1,0.25,8,16,0,0
1,0.25,1.5,16,0,0
1,0.25,2,16,0,0
1,0.25,7.5,16.5,0,0
1,0.25,8,16.5,0,0
1,0.25,1.5,16.5,0,0
1,0.25,2,16.5,0,0
1,0.25,7.5,17,0,0
1,0.25,8,17,0,0
1,0.25,1.5,17,0,0
1,0.25,2,17,0,0
1,0.25,7.5,17.5,0,0
1,0.25,8,17.5,0,0
1,0.25,1.5,17.5,0,0
1,0.25,2,17.5,0,0
1,0.25,7.5,18,0,0
1,0.25,8,18,0,0
1,0.25,1.5,18,0,0
1,0.25,2,18,0,0
1,0.25,7.5,18.5,0,0
1,0.25,8,18.5,0,0
1,0.25,1.5,18.5,0,0
1,0.25,2,18.5,0,0
1,0.25,7.5,19,0,0
1,0.25,8,19,0,0
1,0.25,1.5,19,0,0
1,0.25,2,19,0,0
1,0.25,7.5,19.5,0,0
1,0.25,8,19.5,0,0
1,0.25,1.5,19.5,0,0
1,0.25,2,19.5,0,0
1,0.25,7.5,20,0,0
1,0.25,8,20,0,0
1,0.25,1.5,20,0,0
1,0.25,2,20,0,0
1,0.25,7.5,20.5,0,0
1,0.25,8,20.5,0,0
1,0.25,1.5,20.5,0,0
1,0.25,2,20.5,0,0
1,0.25,7.5,21,0,0
1,0.25,8,21,0,0
1,0.25,1.5,21,0,0
1,0.25,2,21,0,0
1,0.25,7.5,21.5,0,0
1,0.25,8,21.5,0,0
1,0.25,1.5,21.5,0,0
1,0.25,2,21.5,0,0
1,0.25,7.5,22,0,0
1,0.25,8,22,0,0
1,0.25,1.5,22,0,0
1,0.25,2,22,0,0
1,0.25,7.5,22.5,0,0
1,0.25,8,22.5,0,0
1,0.25,1.5,22.5,0,0
1,0.25,2,22.5,0,0
1,0.25,7.5,23,0,0
1,0.25,8,23,0,0
1,0.25,1.5,23,0,0
1,0.25,2,23,0,0
1,0.25,7.5,23.5,0,0
1,0.25,8,23.5,0,0
1,0.25,1.5,23.5,0,0
1,0.25,2,23.5,0,0
1,0.25,7.5,24,0,0
1,0.25,8,24,0,0
1,0.25,1.5,24,0,0
1,0.25,2,24,0,0
1,0.25,7.5,24.5,0,0
1,0.25,8,24.5,0,0
1,0.25,1.5,24.5,0,0
1,0.25,2,24.5,0,0
1,0.25,7.5,25,0,0
1,0.25,8,25,0,0
1,0.25,1.5,25,0,0
1,0.25,2,25,0,0
1,0.25,7.5,25.5,0,0
1,0.25,8,25.5,0,0
1,0.25,1.5,25.5,0,0
1,0.25,2,25.5,0,0
1,0.25,2.5,1.5,0,0
1,0.25,2.5,2,0,0
1,0.25,2.5,25,0,0
1,0.25,2.5,25.5,0,0
1,0.25,3,1.5,0,0
1,0.25,3,2,0,0
1,0.25,3,25,0,0
1,0.25,3,25.5,0,0
1,0.25,3.5,1.5,0,0
1,0.25,3.5,2,0,0
1,0.25,3.5,25,0,0
1,0.25,3.5,25.5,0,0
1,0.25,4,1.5,0,0
1,0.25,4,2,0,0
1,0.25,4,25,0,0
1,0.25,4,25.5,0,0
1,0.25,4.5,1.5,0,0
1,0.25,4.5,2,0,0
1,0.25,4.5,25,0,0
1,0.25,4.5,25.5,0,0
1,0.25,5,1.5,0,0
1,0.25,5,2,0,0
1,0.25,5,25,0,0
1,0.25,5,25.5,0,0
1,0.25,5.5,1.5,0,0
1,0.25,5.5,2,0,0
1,0.25,5.5,25,0,0
1,0.25,5.5,25.5,0,0
1,0.25,6,1.5,0,0
1,0.25,6,2,0,0
1,0.25,6,25,0,0
1,0.25,6,25.5,0,0
1,0.25,6.5,1.5,0,0
1,0.25,6.5,2,0,0
1,0.25,6.5,25,0,0
1,0.25,6.5,25.5,0,0
1,0.25,7,1.5,0,0
1,0.25,7,2,0,0
1,0.25,7,25,0,0
1,0.25,7,25.5,0,0
