536 2 0.5 3500 0.2 2 0 2e-06 0 9.81 10 35
0,0.25,2.47278,10.9842,-0.651398,-2.23391
0,0.25,2.58511,11.3973,2.4305,-2.32464
0,0.25,2.48103,11.9516,-0.656646,-1.72712
0,0.25,2.54438,12.3916,1.97013,-1.73669
0,0.25,2.49874,12.9134,-0.294331,-0.856837
0,0.25,2.51247,13.3742,0.834103,-1.09882
0,0.25,2.49278,13.8694,-0.039934,-0.303969
0,0.25,2.48755,14.3462,0.134208,-0.217691
0,0.25,2.47884,14.8314,-0.103169,0.00853515
0,0.25,2.47672,15.3095,-0.0393802,0.127311
0,0.25,2.47783,15.7817,-0.0941797,0.17383
0,0.25,2.48372,16.2479,-0.0536947,0.336094
0,0.25,2.49157,16.704,-0.00706854,0.765804
0,0.25,2.50001,17.1553,0.0250963,0.846205
0,0.25,2.5063,17.6029,0.0317789,1.06246
0,0.25,2.50725,18.0451,-0.0518656,0.87818
0,0.25,2.50346,18.4863,-0.155579,0.399328
0,0.25,2.49526,18.9279,-0.0698733,0.0434331
0,0.25,2.48165,19.371,0.000768677,-0.235951
0,0.25,2.46821,19.8244,0.123511,-0.548019
0,0.25,2.456,20.2947,0.356335,-0.460188
0,0.25,2.44666,20.7773,0.354156,-0.191442
0,0.25,2.4407,21.279,0.44097,-0.183226
0,0.25,2.43173,21.7922,0.138266,0.185055
0,0.25,2.43291,22.3089,-0.404414,0.1069
0,0.25,2.44682,22.8209,-0.340811,0.0720369
0,0.25,2.4641,23.3051,-0.0566405,0.233628
0,0.25,2.4845,23.7546,0.0680475,0.0290794
0,0.25,2.5113,24.1821,0.0720243,-0.0995436
0,0.25,2.53207,24.5918,0.625594,-0.353543
0,0.25,3.07038,11.0663,1.81753,-4.17545
0,0.25,3.01461,11.6017,0.698595,-1.30178
0,0.25,3.02827,12.1125,0.949888,-1.98784
0,0.25,3.00987,12.6239,0.359368,-0.468507
0,0.25,3.00555,13.1237,0.323452,-0.350538
0,0.25,2.99312,13.6213,0.236575,0.68433
0,0.25,2.98488,14.1065,0.12969,0.954152
0,0.25,2.976,14.5852,-0.0386232,1.3389
0,0.25,2.9722,15.0594,-0.216783,1.48365
0,0.25,2.97088,15.526,-0.317741,1.74399
0,0.25,2.97551,15.9935,-0.327195,1.71783
0,0.25,2.98459,16.4615,-0.138021,2.21873
0,0.25,2.99531,16.9283,0.062026,2.17041
0,0.25,3.00539,17.4046,0.137708,2.23703
0,0.25,3.01123,17.874,0.149339,2.34298
0,0.25,3.01085,18.3459,0.0331468,1.78894
0,0.25,3.00616,18.8111,0.135494,1.82725
0,0.25,2.99338,19.2681,0.22398,1.36558
0,0.25,2.97683,19.7213,0.250975,1.19531
0,0.25,2.9572,20.1667,0.250911,1.04023
0,0.25,2.94164,20.6125,0.217655,1.35108
0,0.25,2.93022,21.0522,0.174409,1.52
0,0.25,2.92417,21.4897,0.161185,1.80975
0,0.25,2.92564,21.9197,0.163861,1.73397
0,0.25,2.93055,22.3469,0.207028,1.67687
0,0.25,2.9399,22.7763,0.112687,1.44536
0,0.25,2.96881,23.2155,0.0868062,1.31387
0,0.25,3.00532,23.6467,0.239463,0.932168
0,0.25,3.02391,24.0996,0.076341,0.655054
0,0.25,3.07757,24.5525,0.804703,0.0993918
0,0.25,3.50523,11.0967,0.215989,-3.6127
0,0.25,3.50622,11.5948,0.483601,-2.01957
0,0.25,3.5124,12.1219,0.439602,-2.00861
0,0.25,3.50028,12.6087,0.212288,-1.08506
0,0.25,3.50328,13.1146,0.438634,-0.400674
0,0.25,3.49404,13.5981,0.0553738,0.0310103
0,0.25,3.48951,14.0814,0.0144401,0.4892
0,0.25,3.48222,14.5503,-0.186024,0.475668
0,0.25,3.47825,15.0155,-0.285781,0.503335
0,0.25,3.47605,15.4699,-0.306559,0.583498
0,0.25,3.47855,15.9255,-0.202511,0.462676
0,0.25,3.48355,16.3818,-0.0716464,0.812774
0,0.25,3.49077,16.8383,0.0267869,0.759809
0,0.25,3.49597,17.3028,0.0574101,0.671623
0,0.25,3.49945,17.7642,-0.0271026,0.928983
0,0.25,3.49989,18.2303,-0.00943989,0.713184
0,0.25,3.49661,18.6975,0.0962733,1.03089
0,0.25,3.49124,19.1627,0.15981,0.897795
0,0.25,3.48159,19.6236,0.331512,0.816873
0,0.25,3.47062,20.0747,0.308299,0.440614
0,0.25,3.46143,20.5189,0.316716,0.534966
0,0.25,3.45983,20.9542,0.25985,0.36059
0,0.25,3.46112,21.3896,0.253164,0.229389
0,0.25,3.4609,21.8208,0.170651,0.0589882
0,0.25,3.46626,22.2535,0.140112,-0.101389
0,0.25,3.46045,22.6869,-0.0130961,-0.234449
0,0.25,3.48184,23.1311,0.287441,-0.309381
0,0.25,3.51074,23.5753,0.419638,-0.385136
0,0.25,3.50262,24.0449,0.493617,-0.465333
0,0.25,3.55636,24.5258,0.99178,-0.162389
0,0.25,4.001,11.106,0.0896996,-3.13808
0,0.25,4.00819,11.5955,0.410734,-1.97664
0,0.25,4.00945,12.1166,0.377074,-2.21308
0,0.25,4.00352,12.605,0.242739,-1.07769
0,0.25,4.00245,13.1105,0.185007,-0.635137
0,0.25,3.99562,13.5915,0.0408255,-0.127412
0,0.25,3.99379,14.0779,0.0726381,0.510158
0,0.25,3.99076,14.5483,0.0404117,0.497383
0,0.25,3.98976,15.019,-0.0725169,0.61844
0,0.25,3.99035,15.4786,-0.124369,0.924019
0,0.25,3.99065,15.9391,-0.134966,0.818015
0,0.25,3.99261,16.4018,-0.20946,1.30758
0,0.25,3.9958,16.86,-0.0153,1.35419
0,0.25,3.99677,17.325,0.0165383,1.08101
0,0.25,4.00028,17.7853,0.0463269,1.37789
0,0.25,3.9993,18.2448,0.161477,1.11105
0,0.25,3.99829,18.7051,0.0802711,1.18974
0,0.25,3.99477,19.1619,0.131026,1.12593
0,0.25,3.98929,19.6136,0.13231,0.967608
0,0.25,3.98227,20.0616,0.138552,0.619794
0,0.25,3.97744,20.5071,0.133571,0.915531
0,0.25,3.97547,20.9502,0.303836,0.834669
0,0.25,3.97655,21.4004,0.373083,0.804844
0,0.25,3.97657,21.8459,0.34887,0.6959
0,0.25,3.98566,22.293,0.387868,0.539612
0,0.25,3.97592,22.733,-0.0211828,0.380201
0,0.25,3.99733,23.1767,0.263618,0.264702
0,0.25,4.00724,23.6249,0.0868346,0.292608
0,0.25,3.98177,24.0787,0.129962,0.233557
0,0.25,4.03313,24.5424,0.616062,0.378322
0,0.25,4.49968,11.1086,-0.0131247,-3.06233
0,0.25,4.49822,11.5983,-0.0660574,-1.89859
0,0.25,4.49952,12.1157,-0.00173008,-2.22572
0,0.25,4.50049,12.6039,0.0204206,-1.12691
0,0.25,4.49967,13.1061,0.0191527,-0.666602
0,0.25,4.49859,13.5897,0.0603531,-0.111825
0,0.25,4.49879,14.0764,0.024324,0.457426
0,0.25,4.49694,14.5452,-0.069042,0.350188
0,0.25,4.49551,15.0172,-0.160001,0.454502
0,0.25,4.49479,15.4759,-0.101741,0.94329
0,0.25,4.49445,15.9357,-0.014012,0.693379
0,0.25,4.49645,16.4013,0.0460412,1.31125
0,0.25,4.49857,16.8569,0.146657,1.42484
0,0.25,4.50002,17.324,0.0512307,0.848051
0,0.25,4.50167,17.7854,-0.0509466,1.49763
0,0.25,4.50044,18.2438,-0.0701021,1.1151
0,0.25,4.49937,18.7112,-0.111954,1.42161
0,0.25,4.49774,19.169,0.0850562,1.55557
0,0.25,4.49617,19.6288,0.161165,1.28037
0,0.25,4.49545,20.0776,0.241344,0.93425
0,0.25,4.49339,20.5268,0.103049,0.928077
0,0.25,4.49226,20.965,-0.0225471,0.954401
0,0.25,4.49161,21.4103,-0.0284816,0.731808
0,0.25,4.48778,21.8472,-0.00573515,0.691744
0,0.25,4.49389,22.2912,0.0670616,0.510974
0,0.25,4.49216,22.7309,0.074587,0.489828
0,0.25,4.50113,23.1757,0.203319,0.129346
0,0.25,4.50551,23.6352,-0.0669301,0.338409
0,0.25,4.4891,24.0786,0.00646835,-0.129276
0,0.25,4.51414,24.5316,0.356027,0.241794
0,0.25,5.00032,11.1086,0.0131247,-3.06233
0,0.25,5.00178,11.5983,0.0660574,-1.89859
0,0.25,5.00048,12.1157,0.00173008,-2.22572
0,0.25,4.99951,12.6039,-0.0204206,-1.12691
0,0.25,5.00033,13.1061,-0.0191527,-0.666602
0,0.25,5.00141,13.5897,-0.0603531,-0.111825
0,0.25,5.00121,14.0764,-0.024324,0.457426
0,0.25,5.00306,14.5452,0.069042,0.350188
0,0.25,5.00449,15.0172,0.160001,0.454502
0,0.25,5.00521,15.4759,0.101741,0.94329
0,0.25,5.00555,15.9357,0.014012,0.693379
0,0.25,5.00355,16.4013,-0.0460412,1.31125
0,0.25,5.00143,16.8569,-0.146657,1.42484
0,0.25,4.99998,17.324,-0.0512307,0.848051
0,0.25,4.99833,17.7854,0.0509466,1.49763
0,0.25,4.99956,18.2438,0.0701021,1.1151
0,0.25,5.00063,18.7112,0.111954,1.42161
0,0.25,5.00226,19.169,-0.0850562,1.55557
0,0.25,5.00383,19.6288,-0.161165,1.28037
0,0.25,5.00455,20.0776,-0.241344,0.93425
0,0.25,5.00661,20.5268,-0.103049,0.928077
0,0.25,5.00774,20.965,0.0225471,0.954401
0,0.25,5.00839,21.4103,0.0284816,0.731808
0,0.25,5.01222,21.8472,0.00573515,0.691744
0,0.25,5.00611,22.2912,-0.0670616,0.510974
0,0.25,5.00784,22.7309,-0.074587,0.489828
0,0.25,4.99887,23.1757,-0.203319,0.129346
0,0.25,4.99449,23.6352,0.0669301,0.338409
0,0.25,5.0109,24.0786,-0.00646835,-0.129276
0,0.25,4.98586,24.5316,-0.356027,0.241794
0,0.25,5.499,11.106,-0.0896996,-3.13808
0,0.25,5.49181,11.5955,-0.410734,-1.97664
0,0.25,5.49055,12.1166,-0.377074,-2.21308
0,0.25,5.49648,12.605,-0.242739,-1.07769
0,0.25,5.49755,13.1105,-0.185007,-0.635137
0,0.25,5.50438,13.5915,-0.0408255,-0.127412
0,0.25,5.50621,14.0779,-0.0726381,0.510158
0,0.25,5.50924,14.5483,-0.0404117,0.497383
0,0.25,5.51024,15.019,0.0725169,0.61844
0,0.25,5.50965,15.4786,0.124369,0.924019
0,0.25,5.50935,15.9391,0.134966,0.818015
0,0.25,5.50739,16.4018,0.20946,1.30758
0,0.25,5.5042,16.86,0.0153,1.35419
0,0.25,5.50323,17.325,-0.0165383,1.08101
0,0.25,5.49972,17.7853,-0.0463269,1.37789
0,0.25,5.5007,18.2448,-0.161477,1.11105
0,0.25,5.50171,18.7051,-0.0802711,1.18974
0,0.25,5.50523,19.1619,-0.131026,1.12593
0,0.25,5.51071,19.6136,-0.13231,0.967608
0,0.25,5.51773,20.0616,-0.138552,0.619794
0,0.25,5.52256,20.5071,-0.133571,0.915531
0,0.25,5.52453,20.9502,-0.303836,0.834669
0,0.25,5.52345,21.4004,-0.373083,0.804844
0,0.25,5.52343,21.8459,-0.34887,0.6959
0,0.25,5.51434,22.293,-0.387868,0.539612
0,0.25,5.52408,22.733,0.0211828,0.380201
0,0.25,5.50267,23.1767,-0.263618,0.264702
0,0.25,5.49276,23.6249,-0.0868346,0.292608
0,0.25,5.51823,24.0787,-0.129962,0.233557
0,0.25,5.46687,24.5424,-0.616062,0.378322
0,0.25,5.99477,11.0967,-0.215989,-3.6127
0,0.25,5.99378,11.5948,-0.483601,-2.01957
0,0.25,5.9876,12.1219,-0.439602,-2.00861
0,0.25,5.99972,12.6087,-0.212288,-1.08506
0,0.25,5.99672,13.1146,-0.438634,-0.400674
0,0.25,6.00596,13.5981,-0.0553738,0.0310103
0,0.25,6.01049,14.0814,-0.0144401,0.4892
0,0.25,6.01778,14.5503,0.186024,0.475668
0,0.25,6.02175,15.0155,0.285781,0.503335
0,0.25,6.02395,15.4699,0.306559,0.583498
0,0.25,6.02145,15.9255,0.202511,0.462676
0,0.25,6.01645,16.3818,0.0716464,0.812774
0,0.25,6.00923,16.8383,-0.0267869,0.759809
0,0.25,6.00403,17.3028,-0.0574101,0.671623
0,0.25,6.00055,17.7642,0.0271026,0.928983
0,0.25,6.00011,18.2303,0.00943989,0.713184
0,0.25,6.00339,18.6975,-0.0962733,1.03089
0,0.25,6.00876,19.1627,-0.15981,0.897795
0,0.25,6.01841,19.6236,-0.331512,0.816873
0,0.25,6.02938,20.0747,-0.308299,0.440614
0,0.25,6.03857,20.5189,-0.316716,0.534966
0,0.25,6.04017,20.9542,-0.25985,0.36059
0,0.25,6.03888,21.3896,-0.253164,0.229389
0,0.25,6.0391,21.8208,-0.170651,0.0589882
0,0.25,6.03374,22.2535,-0.140112,-0.101389
0,0.25,6.03955,22.6869,0.0130961,-0.234449
0,0.25,6.01816,23.1311,-0.287441,-0.309381
0,0.25,5.98926,23.5753,-0.419638,-0.385136
0,0.25,5.99738,24.0449,-0.493617,-0.465333
0,0.25,5.94364,24.5258,-0.99178,-0.162389
0,0.25,6.42962,11.0663,-1.81753,-4.17545
0,0.25,6.48539,11.6017,-0.698595,-1.30178
0,0.25,6.47173,12.1125,-0.949888,-1.98784
0,0.25,6.49013,12.6239,-0.359368,-0.468507
0,0.25,6.49445,13.1237,-0.323452,-0.350538
0,0.25,6.50688,13.6213,-0.236575,0.68433
0,0.25,6.51512,14.1065,-0.12969,0.954152
0,0.25,6.524,14.5852,0.0386232,1.3389
0,0.25,6.5278,15.0594,0.216783,1.48365
0,0.25,6.52912,15.526,0.317741,1.74399
0,0.25,6.52449,15.9935,0.327195,1.71783
0,0.25,6.51541,16.4615,0.138021,2.21873
0,0.25,6.50469,16.9283,-0.062026,2.17041
0,0.25,6.49461,17.4046,-0.137708,2.23703
0,0.25,6.48877,17.874,-0.149339,2.34298
0,0.25,6.48915,18.3459,-0.0331468,1.78894
0,0.25,6.49384,18.8111,-0.135494,1.82725
0,0.25,6.50662,19.2681,-0.22398,1.36558
0,0.25,6.52317,19.7213,-0.250975,1.19531
0,0.25,6.5428,20.1667,-0.250911,1.04023
0,0.25,6.55836,20.6125,-0.217655,1.35108
0,0.25,6.56978,21.0522,-0.174409,1.52
0,0.25,6.57583,21.4897,-0.161185,1.80975
0,0.25,6.57436,21.9197,-0.163861,1.73397
0,0.25,6.56945,22.3469,-0.207028,1.67687
0,0.25,6.5601,22.7763,-0.112687,1.44536
0,0.25,6.53119,23.2155,-0.0868062,1.31387
0,0.25,6.49468,23.6467,-0.239463,0.932168
0,0.25,6.47609,24.0996,-0.076341,0.655054
0,0.25,6.42243,24.5525,-0.804703,0.0993918
0,0.25,7.02722,10.9842,0.651398,-2.23391
0,0.25,6.91489,11.3973,-2.4305,-2.32464
0,0.25,7.01897,11.9516,0.656646,-1.72712
0,0.25,6.95562,12.3916,-1.97013,-1.73669
0,0.25,7.00126,12.9134,0.294331,-0.856837
0,0.25,6.98753,13.3742,-0.834103,-1.09882
0,0.25,7.00722,13.8694,0.039934,-0.303969
0,0.25,7.01245,14.3462,-0.134208,-0.217691
0,0.25,7.02116,14.8314,0.103169,0.00853515
0,0.25,7.02328,15.3095,0.0393802,0.127311
0,0.25,7.02217,15.7817,0.0941797,0.17383
0,0.25,7.01628,16.2479,0.0536947,0.336094
0,0.25,7.00843,16.704,0.00706854,0.765804
0,0.25,6.99999,17.1553,-0.0250963,0.846205
0,0.25,6.9937,17.6029,-0.0317789,1.06246
0,0.25,6.99275,18.0451,0.0518656,0.87818
0,0.25,6.99654,18.4863,0.155579,0.399328
0,0.25,7.00474,18.9279,0.0698733,0.0434331
0,0.25,7.01835,19.371,-0.000768677,-0.235951
0,0.25,7.03179,19.8244,-0.123511,-0.548019
0,0.25,7.044,20.2947,-0.356335,-0.460188
0,0.25,7.05334,20.7773,-0.354156,-0.191442
0,0.25,7.0593,21.279,-0.44097,-0.183226
0,0.25,7.06827,21.7922,-0.138266,0.185055
0,0.25,7.06709,22.3089,0.404414,0.1069
0,0.25,7.05318,22.8209,0.340811,0.0720369
0,0.25,7.0359,23.3051,0.0566405,0.233628
0,0.25,7.0155,23.7546,-0.0680475,0.0290794
0,0.25,6.9887,24.1821,-0.0720243,-0.0995436
0,0.25,6.96793,24.5918,-0.625594,-0.353543
1,0.25,7.5,1.5,0,0
1,0.25,8,1.5,0,0
1,0.25,1.5,1.5,0,0
1,0.25,2,1.5,0,0
1,0.25,7.5,2,0,0
1,0.25,8,2,0,0
1,0.25,1.5,2,0,0
1,0.25,2,2,0,0
1,0.25,7.5,2.5,0,0
1,0.25,8,2.5,0,0
1,0.25,1.5,2.5,0,0
1,0.25,2,2.5,0,0
1,0.25,7.5,3,0,0
1,0.25,8,3,0,0
1,0.25,1.5,3,0,0
1,0.25,2,3,0,0
1,0.25,7.5,3.5,0,0
1,0.25,8,3.5,0,0
1,0.25,1.5,3.5,0,0
1,0.25,2,3.5,0,0
1,0.25,7.5,4,0,0
1,0.25,8,4,0,0
1,0.25,1.5,4,0,0
1,0.25,2,4,0,0
1,0.25,7.5,4.5,0,0
1,0.25,8,4.5,0,0
1,0.25,1.5,4.5,0,0
1,0.25,2,4.5,0,0
1,0.25,7.5,5,0,0
1,0.25,8,5,0,0
1,0.25,1.5,5,0,0
1,0.25,2,5,0,0
1,0.25,7.5,5.5,0,0
1,0.25,8,5.5,0,0
1,0.25,1.5,5.5,0,0
1,0.25,2,5.5,0,0
1,0.25,7.5,6,0,0
1,0.25,8,6,0,0
1,0.25,1.5,6,0,0
1,0.25,2,6,0,0
1,0.25,7.5,6.5,0,0
1,0.25,8,6.5,0,0
1,0.25,1.5,6.5,0,0
1,0.25,2,6.5,0,0
1,0.25,7.5,7,0,0
1,0.25,8,7,0,0
1,0.25,1.5,7,0,0
1,0.25,2,7,0,0
1,0.25,7.5,7.5,0,0
1,0.25,8,7.5,0,0
1,0.25,1.5,7.5,0,0
1,0.25,2,7.5,0,0
1,0.25,7.5,8,0,0
1,0.25,8,8,0,0
1,0.25,1.5,8,0,0
1,0.25,2,8,0,0
1,0.25,7.5,8.5,0,0
1,0.25,8,8.5,0,0
1,0.25,1.5,8.5,0,0
1,0.25,2,8.5,0,0
1,0.25,7.5,9,0,0
1,0.25,8,9,0,0
1,0.25,1.5,9,0,0
1,0.25,2,9,0,0
1,0.25,7.5,9.5,0,0
1,0.25,8,9.5,0,0
1,0.25,1.5,9.5,0,0
1,0.25,2,9.5,0,0
1,0.25,7.5,10,0,0
1,0.25,8,10,0,0
1,0.25,1.5,10,0,0
1,0.25,2,10,0,0
1,0.25,7.5,10.5,0,0
1,0.25,8,10.5,0,0
1,0.25,1.5,10.5,0,0
1,0.25,2,10.5,0,0
1,0.25,7.5,11,0,0
1,0.25,8,11,0,0
1,0.25,1.5,11,0,0
1,0.25,2,11,0,0
1,0.25,7.5,11.5,0,0
1,0.25,8,11.5,0,0
1,0.25,1.5,11.5,0,0
1,0.25,2,11.5,0,0
1,0.25,7.5,12,0,0
1,0.25,8,12,0,0
1,0.25,1.5,12,0,0
1,0.25,2,12,0,0
1,0.25,7.5,12.5,0,0
1,0.25,8,12.5,0,0
1,0.25,1.5,12.5,0,0
1,0.25,2,12.5,0,0
1,0.25,7.5,13,0,0
1,0.25,8,13,0,0
1,0.25,1.5,13,0,0
1,0.25,2,13,0,0
1,0.25,7.5,13.5,0,0
1,0.25,8,13.5,0,0
1,0.25,1.5,13.5,0,0
1,0.25,2,13.5,0,0
1,0.25,7.5,14,0,0
1,0.25,8,14,0,0
1,0.25,1.5,14,0,0
1,0.25,2,14,0,0
1,0.25,7.5,14.5,0,0
1,0.25,8,14.5,0,0
1,0.25,1.5,14.5,0,0
1,0.25,2,14.5,0,0
1,0.25,7.5,15,0,0
1,0.25,8,15,0,0
1,0.25,1.5,15,0,0
1,0.25,2,15,0,0
1,0.25,7.5,15.5,0,0
1,0.25,8,15.5,0,0
1,0.25,1.5,15.5,0,0
1,0.25,2,15.5,0,0
1,0.25,7.5,16,0,0
1,0.25,8,16,0,0
1,0.25,1.5,16,0,0
1,0.25,2,16,0,0
1,0.25,7.5,16.5,0,0
1,0.25,8,16.5,0,0
1,0.25,1.5,16.5,0,0
1,0.25,2,16.5,0,0
1,0.25,7.5,17,0,0
1,0.25,8,17,0,0
1,0.25,1.5,17,0,0
1,0.25,2,17,0,0
1,0.25,7.5,17.5,0,0
1,0.25,8,17.5,0,0
1,0.25,1.5,17.5,0,0
1,0.25,2,17.5,0,0
1,0.25,7.5,18,0,0
1,0.25,8,18,0,0
1,0.25,1.5,18,0,0
1,0.25,2,18,0,0
1,0.25,7.5,18.5,0,0
1,0.25,8,18.5,0,0
1,0.25,1.5,18.5,0,0
1,0.25,2,18.5,0,0
1,0.25,7.5,19,0,0
1,0.25,8,19,0,0
1,0.25,1.5,19,0,0
1,0.25,2,19,0,0
1,0.25,7.5,19.5,0,0
1,0.25,8,19.5,0,0
1,0.25,1.5,19.5,0,0
1,0.25,2,19.5,0,0
1,0.25,7.5,20,0,0
1,0.25,8,20,0,0
1,0.25,1.5,20,0,0
1,0.25,2,20,0,0
1,0.25,7.5,20.5,0,0
1,0.25,8,20.5,0,0
1,0.25,1.5,20.5,0,0
1,0.25,2,20.5,0,0
1,0.25,7.5,21,0,0
1,0.25,8,21,0,0
1,0.25,1.5,21,0,0
1,0.25,2,21,0,0
1,0.25,7.5,21.5,0,0
1,0.25,8,21.5,0,0
1,0.25,1.5,21.5,0,0
1,0.25,2,21.5,0,0
1,0.25,7.5,22,0,0
1,0.25,8,22,0,0
1,0.25,1.5,22,0,0
1,0.25,2,22,0,0
1,0.25,7.5,22.5,0,0
1,0.25,8,22.5,0,0
1,0.25,1.5,22.5,0,0
1,0.25,2,22.5,0,0
1,0.25,7.5,23,0,0
1,0.25,8,23,0,0
1,0.25,1.5,23,0,0
1,0.25,2,23,0,0
1,0.25,7.5,23.5,0,0
1,0.25,8,23.5,0,0
1,0.25,1.5,23.5,0,0
1,0.25,2,23.5,0,0
1,0.25,7.5,24,0,0
1,0.25,8,24,0,0
1,0.25,1.5,24,0,0
1,0.25,2,24,0,0
1,0.25,7.5,24.5,0,0
1,0.25,8,24.5,0,0
1,0.25,1.5,24.5,0,0
1,0.25,2,24.5,0,0
1,0.25,7.5,25,0,0
1,0.25,8,25,0,0
1,0.25,1.5,25,0,0
1,0.25,2,25,0,0
1,0.25,7.5,25.5,0,0
1,0.25,8,25.5,0,0
1,0.25,1.5,25.5,0,0
1,0.25,2,25.5,0,0
1,0.25,2.5,1.5,0,0
1,0.25,2.5,2,0,0
1,0.25,2.5,25,0,0
1,0.25,2.5,25.5,0,0
1,0.25,3,1.5,0,0
1,0.25,3,2,0,0
1,0.25,3,25,0,0
1,0.25,3,25.5,0,0
1,0.25,3.5,1.5,0,0
1,0.25,3.5,2,0,0
1,0.25,3.5,25,0,0
1,0.25,3.5,25.5,0,0
1,0.25,4,1.5,0,0
1,0.25,4,2,0,0
1,0.25,4,25,0,0
1,0.25,4,25.5,0,0
1,0.25,4.5,1.5,0,0
1,0.25,4.5,2,0,0
1,0.25,4.5,25,0,0
1,0.25,4.5,25.5,0,0
1,0.25,5,1.5,0,0
1,0.25,5,2,0,0
1,0.25,5,25,0,0
1,0.25,5,25.5,0,0
1,0.25,5.5,1.5,0,0
1,0.25,5.5,2,0,0
1,0.25,5.5,25,0,0
1,0.25,5.5,25.5,0,0
1,0.25,6,1.5,0,0
1,0.25,6,2,0,0
1,0.25,6,25,0,0
1,0.25,6,25.5,0,0
1,0.25,6.5,1.5,0,0
1,0.25,6.5,2,0,0
1,0.25,6.5,25,0,0
1,0.25,6.5,25.5,0,0
1,0.25,7,1.5,0,0
1,0.25,7,2,0,0
1,0.25,7,25,0,0
1,0.25,7,25.5,0,0
