536 2 0.5 3500 0.2 2 0 2e-06 0 9.81 10 35
0,0.25,2.41268,10.7907,-0.363089,-0.833486
0,0.25,2.82781,11.1563,0.938998,-2.02153
0,0.25,2.3707,11.7773,-2.01153,-2.14123
0,0.25,2.65557,12.1355,0.552727,-3.08478
0,0.25,2.41258,12.6083,0.161186,-2.40028
0,0.25,2.58624,13.086,0.0213957,-3.10874
0,0.25,2.44555,13.5442,0.734178,-2.79965
0,0.25,2.52199,14.0564,-0.11383,-2.63697
0,0.25,2.4818,14.5525,0.164045,-2.4809
0,0.25,2.49047,15.0678,-0.262402,-2.25496
0,0.25,2.48566,15.5738,0.0374227,-2.31804
0,0.25,2.48877,16.0821,0.140228,-1.95638
0,0.25,2.49167,16.5817,-0.234296,-1.91747
0,0.25,2.50109,17.0705,-0.0976443,-2.21358
0,0.25,2.50882,17.5405,-0.0581381,-2.3441
0,0.25,2.51925,17.9931,0.24808,-2.6777
0,0.25,2.52433,18.4395,0.505179,-2.50199
0,0.25,2.52547,18.8833,0.537318,-2.204
0,0.25,2.51293,19.3353,0.345565,-1.69556
0,0.25,2.49017,19.8018,0.0731671,-1.26915
0,0.25,2.47141,20.2875,0.00657171,-0.981787
0,0.25,2.46068,20.7797,-0.00523101,-1.02584
0,0.25,2.45784,21.2721,0.099805,-1.08838
0,0.25,2.45976,21.7605,0.304186,-0.933052
0,0.25,2.4614,22.244,0.362555,-0.876997
0,0.25,2.44812,22.7345,0.0789897,-0.589633
0,0.25,2.4458,23.2299,0.0312383,-0.912052
0,0.25,2.45568,23.6933,0.0185623,-0.850778
0,0.25,2.42413,24.16,-0.196661,-0.995863
0,0.25,2.53422,24.6351,0.414965,0.11267
0,0.25,3.28496,10.6236,1.59415,-2.94027
0,0.25,3.08149,11.4058,0.221741,-2.18767
0,0.25,3.05996,11.8545,0.0560037,-2.42153
0,0.25,3.01079,12.4164,0.500211,-2.1936
0,0.25,3.00971,12.892,0.218764,-2.56591
0,0.25,2.99015,13.4253,0.430317,-2.42296
0,0.25,2.96835,13.9072,-0.0115057,-2.12517
0,0.25,2.9686,14.4226,0.236351,-2.38667
0,0.25,2.95426,14.9309,-0.065702,-1.93677
0,0.25,2.96196,15.438,-0.0391954,-1.91464
0,0.25,2.96495,15.9465,0.113894,-1.91085
0,0.25,2.97862,16.4366,-0.00170277,-2.03992
0,0.25,2.9992,16.9243,0.0698818,-2.28473
0,0.25,3.02445,17.3994,0.191805,-2.61706
0,0.25,3.04331,17.8799,0.233261,-2.85621
0,0.25,3.05199,18.3541,0.331699,-2.85981
0,0.25,3.04897,18.8283,0.328274,-2.87828
0,0.25,3.03051,19.2989,0.254096,-2.46081
0,0.25,2.99721,19.7659,0.110216,-2.00832
0,0.25,2.96709,20.229,-0.0944502,-1.60691
0,0.25,2.94905,20.6933,-0.155844,-1.54196
0,0.25,2.93864,21.1575,0.138201,-1.26088
0,0.25,2.92709,21.6242,0.312036,-0.889192
0,0.25,2.93916,22.0972,0.843673,-0.21888
0,0.25,2.92332,22.5594,0.128066,0.142192
0,0.25,2.92833,23.0194,0.392499,0.692802
0,0.25,2.95974,23.4456,-0.458742,0.906031
0,0.25,2.9913,23.8684,0.0836277,1.31603
0,0.25,2.89873,24.2813,-1.73445,1.63304
0,0.25,3.20988,24.5789,1.75919,-0.46193
0,0.25,3.54518,10.7159,0.381369,-2.56864
0,0.25,3.57113,11.3004,0.527542,-2.84899
0,0.25,3.55478,11.8679,0.429338,-2.59118
0,0.25,3.52675,12.3465,0.194693,-2.76931
0,0.25,3.51805,12.8458,0.329352,-2.28388
0,0.25,3.48898,13.3292,0.364658,-3.41789
0,0.25,3.49411,13.8084,0.141889,-3.16494
0,0.25,3.47033,14.2733,0.00139059,-3.46269
0,0.25,3.46696,14.7382,-0.138115,-3.30563
0,0.25,3.46221,15.2025,0.00172739,-3.28575
0,0.25,3.46527,15.6673,-0.0130911,-2.9651
0,0.25,3.47745,16.139,0.108571,-3.38315
0,0.25,3.49267,16.6103,0.0352323,-3.43372
0,0.25,3.50817,17.0917,0.110804,-3.70867
0,0.25,3.52254,17.5806,0.27929,-4.00842
0,0.25,3.53242,18.0803,0.425456,-4.10071
0,0.25,3.53938,18.5757,0.433235,-4.08076
0,0.25,3.53727,19.0639,0.481593,-3.94447
0,0.25,3.5199,19.5382,0.317317,-3.51191
0,0.25,3.49621,19.9984,0.166535,-3.01073
0,0.25,3.46998,20.4504,0.00326641,-2.68319
0,0.25,3.45231,20.901,-0.0144482,-2.22476
0,0.25,3.44168,21.3437,-0.100918,-1.79042
0,0.25,3.423,21.7888,-0.10474,-1.18759
0,0.25,3.45744,22.2196,0.182499,-0.614398
0,0.25,3.41244,22.6554,-0.189596,-0.0570261
0,0.25,3.46529,23.0889,-0.253246,0.241322
0,0.25,3.48656,23.5221,-0.265685,0.218143
0,0.25,3.45622,23.9862,-0.964355,-0.0837254
0,0.25,3.62291,24.478,0.580914,-0.928037
0,0.25,4.0109,10.7734,0.0121921,-2.64667
0,0.25,4.03745,11.2916,-0.180391,-2.82922
0,0.25,4.02202,11.8209,0.250263,-2.12216
0,0.25,3.99959,12.3324,0.795651,-2.79243
0,0.25,4.01364,12.8429,0.569126,-2.57188
0,0.25,3.99678,13.339,0.188133,-3.12964
0,0.25,4.00036,13.8367,0.402368,-2.5301
0,0.25,3.99108,14.3206,0.280484,-2.91173
0,0.25,3.99,14.8128,0.188688,-2.36592
0,0.25,3.98847,15.2936,0.20895,-2.42182
0,0.25,3.98905,15.7743,0.0783588,-2.37372
0,0.25,3.99555,16.2545,0.0859807,-2.84777
0,0.25,4.00167,16.733,0.06968,-2.86902
0,0.25,4.00946,17.216,0.134108,-2.94817
0,0.25,4.01513,17.6993,0.198578,-3.07686
0,0.25,4.02175,18.1882,0.299003,-3.04575
0,0.25,4.02557,18.6742,0.39015,-2.7777
0,0.25,4.02435,19.1655,0.24811,-2.25335
0,0.25,4.01465,19.6532,0.103981,-1.47888
0,0.25,3.99461,20.1332,-0.155824,-0.886321
0,0.25,3.97509,20.5952,-0.205003,-0.550866
0,0.25,3.96795,21.0478,-0.117608,-0.422102
0,0.25,3.95393,21.4904,-0.291609,0.119506
0,0.25,3.96321,21.9221,-0.187946,0.186678
0,0.25,3.97244,22.3605,-0.113188,0.378297
0,0.25,3.93339,22.7901,-0.260539,0.131489
0,0.25,3.99478,23.2294,0.0653924,0.10461
0,0.25,3.97584,23.6669,-0.232286,-0.221805
0,0.25,3.9302,24.1036,-0.0216875,-0.282885
0,0.25,4.09702,24.5768,0.876908,0.404839
0,0.25,4.50114,10.787,0.126055,-2.39405
0,0.25,4.5029,11.2917,0.578157,-2.85178
0,0.25,4.51359,11.8268,0.303455,-1.96806
0,0.25,4.51645,12.3275,0.163443,-2.88292
0,0.25,4.50011,12.8294,-0.0691179,-2.75692
0,0.25,4.494,13.3287,0.0738102,-3.26991
0,0.25,4.49809,13.8197,0.0073213,-2.79443
0,0.25,4.4898,14.3012,-0.0356164,-3.25145
0,0.25,4.49464,14.7885,-0.134774,-2.76918
0,0.25,4.48952,15.2696,-0.129456,-2.55587
0,0.25,4.49462,15.7527,0.00637535,-2.52289
0,0.25,4.49761,16.2386,0.0802261,-2.85423
0,0.25,4.50301,16.726,0.133255,-2.83516
0,0.25,4.50823,17.2173,0.14414,-2.91696
0,0.25,4.50973,17.7122,0.0147768,-3.0419
0,0.25,4.5109,18.2129,-0.00800051,-2.88605
0,0.25,4.50877,18.7049,0.0231303,-2.77642
0,0.25,4.50479,19.1968,0.0153163,-2.52491
0,0.25,4.50013,19.6754,0.00962576,-1.85493
0,0.25,4.49622,20.1477,0.0135493,-1.24723
0,0.25,4.48887,20.5999,0.0331702,-0.710634
0,0.25,4.48808,21.0491,-0.160915,-0.500398
0,0.25,4.48455,21.4862,-0.194991,-0.107395
0,0.25,4.48724,21.9217,-0.0550429,-0.167458
0,0.25,4.49149,22.3612,0.0851311,0.0030869
0,0.25,4.4671,22.7849,-0.0875362,-0.117166
0,0.25,4.50079,23.2034,0.11542,-0.018226
0,0.25,4.49774,23.659,0.219038,-0.0775392
0,0.25,4.45526,24.054,-0.68791,-0.394145
0,0.25,4.54168,24.4956,0.341679,-0.652207
0,0.25,4.99886,10.787,-0.126055,-2.39405
0,0.25,4.9971,11.2917,-0.578157,-2.85178
0,0.25,4.98641,11.8268,-0.303455,-1.96806
0,0.25,4.98355,12.3275,-0.163443,-2.88292
0,0.25,4.99989,12.8294,0.0691179,-2.75692
0,0.25,5.006,13.3287,-0.0738102,-3.26991
0,0.25,5.00191,13.8197,-0.0073213,-2.79443
0,0.25,5.0102,14.3012,0.0356164,-3.25145
0,0.25,5.00536,14.7885,0.134774,-2.76918
0,0.25,5.01048,15.2696,0.129456,-2.55587
0,0.25,5.00538,15.7527,-0.00637535,-2.52289
0,0.25,5.00239,16.2386,-0.0802261,-2.85423
0,0.25,4.99699,16.726,-0.133255,-2.83516
0,0.25,4.99177,17.2173,-0.14414,-2.91696
0,0.25,4.99027,17.7122,-0.0147768,-3.0419
0,0.25,4.9891,18.2129,0.00800051,-2.88605
0,0.25,4.99123,18.7049,-0.0231303,-2.77642
0,0.25,4.99521,19.1968,-0.0153163,-2.52491
0,0.25,4.99987,19.6754,-0.00962576,-1.85493
0,0.25,5.00378,20.1477,-0.0135493,-1.24723
0,0.25,5.01113,20.5999,-0.0331702,-0.710634
0,0.25,5.01192,21.0491,0.160915,-0.500398
0,0.25,5.01545,21.4862,0.194991,-0.107395
0,0.25,5.01276,21.9217,0.0550429,-0.167458
0,0.25,5.00851,22.3612,-0.0851311,0.0030869
0,0.25,5.0329,22.7849,0.0875362,-0.117166
0,0.25,4.99921,23.2034,-0.11542,-0.018226
0,0.25,5.00226,23.659,-0.219038,-0.0775392
0,0.25,5.04474,24.054,0.68791,-0.394145
0,0.25,4.95832,24.4956,-0.341679,-0.652207
0,0.25,5.4891,10.7734,-0.0121921,-2.64667
0,0.25,5.46255,11.2916,0.180391,-2.82922
0,0.25,5.47798,11.8209,-0.250263,-2.12216
0,0.25,5.50041,12.3324,-0.795651,-2.79243
0,0.25,5.48636,12.8429,-0.569126,-2.57188
0,0.25,5.50322,13.339,-0.188133,-3.12964
0,0.25,5.49964,13.8367,-0.402368,-2.5301
0,0.25,5.50892,14.3206,-0.280484,-2.91173
0,0.25,5.51,14.8128,-0.188688,-2.36592
0,0.25,5.51153,15.2936,-0.20895,-2.42182
0,0.25,5.51095,15.7743,-0.0783588,-2.37372
0,0.25,5.50445,16.2545,-0.0859807,-2.84777
0,0.25,5.49833,16.733,-0.06968,-2.86902
0,0.25,5.49054,17.216,-0.134108,-2.94817
0,0.25,5.48487,17.6993,-0.198578,-3.07686
0,0.25,5.47825,18.1882,-0.299003,-3.04575
0,0.25,5.47443,18.6742,-0.39015,-2.7777
0,0.25,5.47565,19.1655,-0.24811,-2.25335
0,0.25,5.48535,19.6532,-0.103981,-1.47888
0,0.25,5.50539,20.1332,0.155824,-0.886321
0,0.25,5.52491,20.5952,0.205003,-0.550866
0,0.25,5.53205,21.0478,0.117608,-0.422102
0,0.25,5.54607,21.4904,0.291609,0.119506
0,0.25,5.53679,21.9221,0.187946,0.186678
0,0.25,5.52756,22.3605,0.113188,0.378297
0,0.25,5.56661,22.7901,0.260539,0.131489
0,0.25,5.50522,23.2294,-0.0653924,0.10461
0,0.25,5.52416,23.6669,0.232286,-0.221805
0,0.25,5.5698,24.1036,0.0216875,-0.282885
0,0.25,5.40298,24.5768,-0.876908,0.404839
0,0.25,5.95482,10.7159,-0.381369,-2.56864
0,0.25,5.92887,11.3004,-0.527542,-2.84899
0,0.25,5.94522,11.8679,-0.429338,-2.59118
0,0.25,5.97325,12.3465,-0.194693,-2.76931
0,0.25,5.98195,12.8458,-0.329352,-2.28388
0,0.25,6.01102,13.3292,-0.364658,-3.41789
0,0.25,6.00589,13.8084,-0.141889,-3.16494
0,0.25,6.02967,14.2733,-0.00139059,-3.46269
0,0.25,6.03304,14.7382,0.138115,-3.30563
0,0.25,6.03779,15.2025,-0.00172739,-3.28575
0,0.25,6.03473,15.6673,0.0130911,-2.9651
0,0.25,6.02255,16.139,-0.108571,-3.38315
0,0.25,6.00733,16.6103,-0.0352323,-3.43372
0,0.25,5.99183,17.0917,-0.110804,-3.70867
0,0.25,5.97746,17.5806,-0.27929,-4.00842
0,0.25,5.96758,18.0803,-0.425456,-4.10071
0,0.25,5.96062,18.5757,-0.433235,-4.08076
0,0.25,5.96273,19.0639,-0.481593,-3.94447
0,0.25,5.9801,19.5382,-0.317317,-3.51191
0,0.25,6.00379,19.9984,-0.166535,-3.01073
0,0.25,6.03002,20.4504,-0.00326641,-2.68319
0,0.25,6.04769,20.901,0.0144482,-2.22476
0,0.25,6.05832,21.3437,0.100918,-1.79042
0,0.25,6.077,21.7888,0.10474,-1.18759
0,0.25,6.04256,22.2196,-0.182499,-0.614398
0,0.25,6.08756,22.6554,0.189596,-0.0570261
0,0.25,6.03471,23.0889,0.253246,0.241322
0,0.25,6.01344,23.5221,0.265685,0.218143
0,0.25,6.04378,23.9862,0.964355,-0.0837254
0,0.25,5.87709,24.478,-0.580914,-0.928037
0,0.25,6.21504,10.6236,-1.59415,-2.94027
0,0.25,6.41851,11.4058,-0.221741,-2.18767
0,0.25,6.44004,11.8545,-0.0560037,-2.42153
0,0.25,6.48921,12.4164,-0.500211,-2.1936
0,0.25,6.49029,12.892,-0.218764,-2.56591
0,0.25,6.50985,13.4253,-0.430317,-2.42296
0,0.25,6.53165,13.9072,0.0115057,-2.12517
0,0.25,6.5314,14.4226,-0.236351,-2.38667
0,0.25,6.54574,14.9309,0.065702,-1.93677
0,0.25,6.53804,15.438,0.0391954,-1.91464
0,0.25,6.53505,15.9465,-0.113894,-1.91085
0,0.25,6.52138,16.4366,0.00170277,-2.03992
0,0.25,6.5008,16.9243,-0.0698818,-2.28473
0,0.25,6.47555,17.3994,-0.191805,-2.61706
0,0.25,6.45669,17.8799,-0.233261,-2.85621
0,0.25,6.44801,18.3541,-0.331699,-2.85981
0,0.25,6.45103,18.8283,-0.328274,-2.87828
0,0.25,6.46949,19.2989,-0.254096,-2.46081
0,0.25,6.50279,19.7659,-0.110216,-2.00832
0,0.25,6.53291,20.229,0.0944502,-1.60691
0,0.25,6.55095,20.6933,0.155844,-1.54196
0,0.25,6.56136,21.1575,-0.138201,-1.26088
0,0.25,6.57291,21.6242,-0.312036,-0.889192
0,0.25,6.56084,22.0972,-0.843673,-0.21888
0,0.25,6.57668,22.5594,-0.128066,0.142192
0,0.25,6.57167,23.0194,-0.392499,0.692802
0,0.25,6.54026,23.4456,0.458742,0.906031
0,0.25,6.5087,23.8684,-0.0836277,1.31603
0,0.25,6.60127,24.2813,1.73445,1.63304
0,0.25,6.29012,24.5789,-1.75919,-0.46193
0,0.25,7.08732,10.7907,0.363089,-0.833486
0,0.25,6.67219,11.1563,-0.938998,-2.02153
0,0.25,7.1293,11.7773,2.01153,-2.14123
0,0.25,6.84443,12.1355,-0.552727,-3.08478
0,0.25,7.08742,12.6083,-0.161186,-2.40028
0,0.25,6.91376,13.086,-0.0213957,-3.10874
0,0.25,7.05445,13.5442,-0.734178,-2.79965
0,0.25,6.97801,14.0564,0.11383,-2.63697
0,0.25,7.0182,14.5525,-0.164045,-2.4809
0,0.25,7.00953,15.0678,0.262402,-2.25496
0,0.25,7.01434,15.5738,-0.0374227,-2.31804
0,0.25,7.01123,16.0821,-0.140228,-1.95638
0,0.25,7.00833,16.5817,0.234296,-1.91747
0,0.25,6.99891,17.0705,0.0976443,-2.21358
0,0.25,6.99118,17.5405,0.0581381,-2.3441
0,0.25,6.98075,17.9931,-0.24808,-2.6777
0,0.25,6.97567,18.4395,-0.505179,-2.50199
0,0.25,6.97453,18.8833,-0.537318,-2.204
0,0.25,6.98707,19.3353,-0.345565,-1.69556
0,0.25,7.00983,19.8018,-0.0731671,-1.26915
0,0.25,7.02859,20.2875,-0.00657171,-0.981787
0,0.25,7.03932,20.7797,0.00523101,-1.02584
0,0.25,7.04216,21.2721,-0.099805,-1.08838
0,0.25,7.04024,21.7605,-0.304186,-0.933052
0,0.25,7.0386,22.244,-0.362555,-0.876997
0,0.25,7.05188,22.7345,-0.0789897,-0.589633
0,0.25,7.0542,23.2299,-0.0312383,-0.912052
0,0.25,7.04432,23.6933,-0.0185623,-0.850778
0,0.25,7.07587,24.16,0.196661,-0.995863
0,0.25,6.96578,24.6351,-0.414965,0.11267
1,0.25,7.5,1.5,0,0
1,0.25,8,1.5,0,0
1,0.25,1.5,1.5,0,0
1,0.25,2,1.5,0,0
1,0.25,7.5,2,0,0
1,0.25,8,2,0,0
1,0.25,1.5,2,0,0
1,0.25,2,2,0,0
1,0.25,7.5,2.5,0,0
1,0.25,8,2.5,0,0
1,0.25,1.5,2.5,0,0
1,0.25,2,2.5,0,0
1,0.25,7.5,3,0,0
1,0.25,8,3,0,0
1,0.25,1.5,3,0,0
1,0.25,2,3,0,0
1,0.25,7.5,3.5,0,0
1,0.25,8,3.5,0,0
1,0.25,1.5,3.5,0,0
1,0.25,2,3.5,0,0
1,0.25,7.5,4,0,0
1,0.25,8,4,0,0
1,0.25,1.5,4,0,0
1,0.25,2,4,0,0
1,0.25,7.5,4.5,0,0
1,0.25,8,4.5,0,0
1,0.25,1.5,4.5,0,0
1,0.25,2,4.5,0,0
1,0.25,7.5,5,0,0
1,0.25,8,5,0,0
1,0.25,1.5,5,0,0
1,0.25,2,5,0,0
1,0.25,7.5,5.5,0,0
1,0.25,8,5.5,0,0
1,0.25,1.5,5.5,0,0
1,0.25,2,5.5,0,0
1,0.25,7.5,6,0,0
1,0.25,8,6,0,0
1,0.25,1.5,6,0,0
1,0.25,2,6,0,0
1,0.25,7.5,6.5,0,0
1,0.25,8,6.5,0,0
1,0.25,1.5,6.5,0,0
1,0.25,2,6.5,0,0
1,0.25,7.5,7,0,0
1,0.25,8,7,0,0
1,0.25,1.5,7,0,0
1,0.25,2,7,0,0
1,0.25,7.5,7.5,0,0
1,0.25,8,7.5,0,0
1,0.25,1.5,7.5,0,0
1,0.25,2,7.5,0,0
1,0.25,7.5,8,0,0
1,0.25,8,8,0,0
1,0.25,1.5,8,0,0
1,0.25,2,8,0,0
1,0.25,7.5,8.5,0,0
1,0.25,8,8.5,0,0
1,0.25,1.5,8.5,0,0
1,0.25,2,8.5,0,0
1,0.25,7.5,9,0,0
1,0.25,8,9,0,0
1,0.25,1.5,9,0,0
1,0.25,2,9,0,0
1,0.25,7.5,9.5,0,0
1,0.25,8,9.5,0,0
1,0.25,1.5,9.5,0,0
1,0.25,2,9.5,0,0
1,0.25,7.5,10,0,0
1,0.25,8,10,0,0
1,0.25,1.5,10,0,0
1,0.25,2,10,0,0
1,0.25,7.5,10.5,0,0
1,0.25,8,10.5,0,0
1,0.25,1.5,10.5,0,0
1,0.25,2,10.5,0,0
1,0.25,7.5,11,0,0
1,0.25,8,11,0,0
1,0.25,1.5,11,0,0
1,0.25,2,11,0,0
1,0.25,7.5,11.5,0,0
1,0.25,8,11.5,0,0
1,0.25,1.5,11.5,0,0
1,0.25,2,11.5,0,0
1,0.25,7.5,12,0,0
1,0.25,8,12,0,0
1,0.25,1.5,12,0,0
1,0.25,2,12,0,0
1,0.25,7.5,12.5,0,0
1,0.25,8,12.5,0,0
1,0.25,1.5,12.5,0,0
1,0.25,2,12.5,0,0
1,0.25,7.5,13,0,0
1,0.25,8,13,0,0
1,0.25,1.5,13,0,0
1,0.25,2,13,0,0
1,0.25,7.5,13.5,0,0
1,0.25,8,13.5,0,0
1,0.25,1.5,13.5,0,0
1,0.25,2,13.5,0,0
1,0.25,7.5,14,0,0
1,0.25,8,14,0,0
1,0.25,1.5,14,0,0
1,0.25,2,14,0,0
1,0.25,7.5,14.5,0,0
1,0.25,8,14.5,0,0
1,0.25,1.5,14.5,0,0
1,0.25,2,14.5,0,0
1,0.25,7.5,15,0,0
1,0.25,8,15,0,0
1,0.25,1.5,15,0,0
1,0.25,2,15,0,0
1,0.25,7.5,15.5,0,0
1,0.25,8,15.5,0,0
1,0.25,1.5,15.5,0,0
1,0.25,2,15.5,0,0
1,0.25,7.5,16,0,0
1,0.25,8,16,0,0
1,0.25,1.5,16,0,0
1,0.25,2,16,0,0
1,0.25,7.5,16.5,0,0
1,0.25,8,16.5,0,0
1,0.25,1.5,16.5,0,0
1,0.25,2,16.5,0,0
1,0.25,7.5,17,0,0
1,0.25,8,17,0,0
1,0.25,1.5,17,0,0
1,0.25,2,17,0,0
1,0.25,7.5,17.5,0,0
1,0.25,8,17.5,0,0
1,0.25,1.5,17.5,0,0
1,0.25,2,17.5,0,0
1,0.25,7.5,18,0,0
1,0.25,8,18,0,0
1,0.25,1.5,18,0,0
1,0.25,2,18,0,0
1,0.25,7.5,18.5,0,0
1,0.25,8,18.5,0,0
1,0.25,1.5,18.5,0,0
1,0.25,2,18.5,0,0
1,0.25,7.5,19,0,0
1,0.25,8,19,0,0
1,0.25,1.5,19,0,0
1,0.25,2,19,0,0
1,0.25,7.5,19.5,0,0
1,0.25,8,19.5,0,0
1,0.25,1.5,19.5,0,0
1,0.25,2,19.5,0,0
1,0.25,7.5,20,0,0
1,0.25,8,20,0,0
1,0.25,1.5,20,0,0
1,0.25,2,20,0,0
1,0.25,7.5,20.5,0,0
1,0.25,8,20.5,0,0
1,0.25,1.5,20.5,0,0
1,0.25,2,20.5,0,0
1,0.25,7.5,21,0,0
1,0.25,8,21,0,0
1,0.25,1.5,21,0,0
1,0.25,2,21,0,0
1,0.25,7.5,21.5,0,0
1,0.25,8,21.5,0,0
1,0.25,1.5,21.5,0,0
1,0.25,2,21.5,0,0
1,0.25,7.5,22,0,0
1,0.25,8,22,0,0
1,0.25,1.5,22,0,0
1,0.25,2,22,0,0
1,0.25,7.5,22.5,0,0
1,0.25,8,22.5,0,0
1,0.25,1.5,22.5,0,0
1,0.25,2,22.5,0,0
1,0.25,7.5,23,0,0
1,0.25,8,23,0,0
1,0.25,1.5,23,0,0
1,0.25,2,23,0,0
1,0.25,7.5,23.5,0,0
1,0.25,8,23.5,0,0
1,0.25,1.5,23.5,0,0
1,0.25,2,23.5,0,0
1,0.25,7.5,24,0,0
1,0.25,8,24,0,0
1,0.25,1.5,24,0,0
1,0.25,2,24,0,0
1,0.25,7.5,24.5,0,0
1,0.25,8,24.5,0,0
1,0.25,1.5,24.5,0,0
1,0.25,2,24.5,0,0
1,0.25,7.5,25,0,0
1,0.25,8,25,0,0
1,0.25,1.5,25,0,0
1,0.25,2,25,0,0
1,0.25,7.5,25.5,0,0
1,0.25,8,25.5,0,0
1,0.25,1.5,25.5,0,0
1,0.25,2,25.5,0,0
1,0.25,2.5,1.5,0,0
1,0.25,2.5,2,0,0
1,0.25,2.5,25,0,0
1,0.25,2.5,25.5,0,0
1,0.25,3,1.5,0,0
1,0.25,3,2,0,0
1,0.25,3,25,0,0
1,0.25,3,25.5,0,0
1,0.25,3.5,1.5,0,0
1,0.25,3.5,2,0,0
1,0.25,3.5,25,0,0
1,0.25,3.5,25.5,0,0
1,0.25,4,1.5,0,0
1,0.25,4,2,0,0
1,0.25,4,25,0,0
1,0.25,4,25.5,0,0
1,0.25,4.5,1.5,0,0
1,0.25,4.5,2,0,0
1,0.25,4.5,25,0,0
1,0.25,4.5,25.5,0,0
1,0.25,5,1.5,0,0
1,0.25,5,2,0,0
1,0.25,5,25,0,0
1,0.25,5,25.5,0,0
1,0.25,5.5,1.5,0,0
1,0.25,5.5,2,0,0
1,0.25,5.5,25,0,0
1,0.25,5.5,25.5,0,0
1,0.25,6,1.5,0,0
1,0.25,6,2,0,0
1,0.25,6,25,0,0
1,0.25,6,25.5,0,0
1,0.25,6.5,1.5,0,0
1,0.25,6.5,2,0,0
1,0.25,6.5,25,0,0
1,0.25,6.5,25.5,0,0
1,0.25,7,1.5,0,0
1,0.25,7,2,0,0
1,0.25,7,25,0,0
1,0.25,7,25.5,0,0
