536 2 0.5 3500 0.2 2 0 2e-06 0 9.81 10 35
0,0.25,2.5,9.55398,-5.89031e-07,1.01157
0,0.25,2.5,10.0541,-9.04739e-07,1.01483
0,0.25,2.5,10.5541,-1.86367e-06,1.01488
0,0.25,2.5,11.0541,-3.44251e-06,1.01488
0,0.25,2.5,11.5541,-4.26744e-06,1.01488
0,0.25,2.5,12.0541,-4.99996e-06,1.01488
0,0.25,2.5,12.5541,-5.25237e-06,1.01488
0,0.25,2.5,13.0541,-5.43007e-06,1.01488
0,0.25,2.5,13.5541,-5.48157e-06,1.01488
0,0.25,2.5,14.0541,-5.50561e-06,1.01488
0,0.25,2.5,14.5541,-5.51203e-06,1.01488
0,0.25,2.5,15.0541,-5.51387e-06,1.01488
0,0.25,2.5,15.5541,-5.51434e-06,1.01488
0,0.25,2.5,16.0541,-5.51444e-06,1.01488
0,0.25,2.5,16.5541,-5.51446e-06,1.01488
0,0.25,2.5,17.0541,-5.51446e-06,1.01488
0,0.25,2.5,17.5541,-5.51444e-06,1.01488
0,0.25,2.5,18.0541,-5.51436e-06,1.01488
0,0.25,2.5,18.5541,-5.51394e-06,1.01488
0,0.25,2.5,19.0541,-5.51245e-06,1.01488
0,0.25,2.5,19.5541,-5.5072e-06,1.01488
0,0.25,2.5,20.0541,-5.5295e-06,1.01488
0,0.25,2.5,20.5541,-5.62849e-06,1.01488
0,0.25,2.5,21.0541,-7.52453e-06,1.01488
0,0.25,2.5,21.5541,-1.41855e-05,1.01488
0,0.25,2.5,22.0541,-1.66331e-05,1.01487
0,0.25,2.5,22.5541,-4.51646e-05,1.01488
0,0.25,2.5,23.0541,-5.68124e-05,1.01484
0,0.25,2.5,23.5541,-0.000172297,1.01484
0,0.25,2.5,24.054,-4.53169e-05,1.01157
0,0.25,3,9.5547,-7.86135e-07,1.03585
0,0.25,3,10.0547,-3.27141e-06,1.03574
0,0.25,3,10.5547,-2.41377e-06,1.03577
0,0.25,3,11.0547,-3.63685e-06,1.03577
0,0.25,3,11.5547,-4.2892e-06,1.03577
0,0.25,3,12.0547,-5.10653e-06,1.03577
0,0.25,3,12.5547,-5.37868e-06,1.03577
0,0.25,3,13.0547,-5.60724e-06,1.03577
0,0.25,3,13.5547,-5.67559e-06,1.03577
0,0.25,3,14.0547,-5.71147e-06,1.03577
0,0.25,3,14.5547,-5.72179e-06,1.03577
0,0.25,3,15.0547,-5.72508e-06,1.03577
0,0.25,3,15.5547,-5.726e-06,1.03577
0,0.25,3,16.0547,-5.72621e-06,1.03577
0,0.25,3,16.5547,-5.72627e-06,1.03577
0,0.25,3,17.0547,-5.72627e-06,1.03577
0,0.25,3,17.5547,-5.72622e-06,1.03577
0,0.25,3,18.0547,-5.72604e-06,1.03577
0,0.25,3,18.5547,-5.72521e-06,1.03577
0,0.25,3,19.0547,-5.72242e-06,1.03577
0,0.25,3,19.5547,-5.71375e-06,1.03578
0,0.25,3,20.0547,-5.68369e-06,1.03577
0,0.25,3,20.5547,-5.63718e-06,1.03578
0,0.25,3,21.0547,-6.79538e-06,1.03576
0,0.25,3,21.5547,-1.09091e-05,1.03578
0,0.25,3,22.0547,-9.36687e-06,1.03574
0,0.25,3,22.5547,-1.85733e-05,1.03577
0,0.25,3,23.0547,-4.23156e-06,1.03564
0,0.25,3,23.5547,6.33213e-06,1.03576
0,0.25,3,24.0547,1.4598e-06,1.03598
0,0.25,3.5,9.5547,-3.05783e-07,1.03593
0,0.25,3.5,10.0547,-1.19284e-06,1.03593
0,0.25,3.5,10.5547,-8.90256e-07,1.03593
0,0.25,3.5,11.0547,-1.97028e-06,1.03593
0,0.25,3.5,11.5547,-2.37702e-06,1.03593
0,0.25,3.5,12.0547,-3.49936e-06,1.03593
0,0.25,3.5,12.5547,-3.89082e-06,1.03593
0,0.25,3.5,13.0547,-4.44557e-06,1.03593
0,0.25,3.5,13.5547,-4.61395e-06,1.03593
0,0.25,3.5,14.0547,-4.76282e-06,1.03593
0,0.25,3.5,14.5547,-4.80431e-06,1.03593
0,0.25,3.5,15.0547,-4.82591e-06,1.03593
0,0.25,3.5,15.5547,-4.83167e-06,1.03593
0,0.25,3.5,16.0547,-4.83355e-06,1.03593
0,0.25,3.5,16.5547,-4.83401e-06,1.03593
0,0.25,3.5,17.0547,-4.83402e-06,1.03593
0,0.25,3.5,17.5547,-4.83361e-06,1.03593
0,0.25,3.5,18.0547,-4.83194e-06,1.03593
0,0.25,3.5,18.5547,-4.82698e-06,1.03594
0,0.25,3.5,19.0547,-4.80773e-06,1.03594
0,0.25,3.5,19.5547,-4.77471e-06,1.03594
0,0.25,3.5,20.0547,-4.59833e-06,1.03594
0,0.25,3.5,20.5547,-4.34689e-06,1.03594
0,0.25,3.5,21.0547,-2.55727e-06,1.03593
0,0.25,3.5,21.5547,1.7018e-06,1.03594
0,0.25,3.5,22.0547,2.28563e-06,1.03592
0,0.25,3.5,22.5547,1.64551e-05,1.03593
0,0.25,3.5,23.0547,2.59885e-05,1.03591
0,0.25,3.5,23.5547,0.000125245,1.03594
0,0.25,3.5,24.0547,3.11245e-05,1.03593
0,0.25,4,9.5547,2.27002e-07,1.03593
0,0.25,4,10.0547,9.2528e-07,1.03593
0,0.25,4,10.5547,-3.97002e-07,1.03593
0,0.25,4,11.0547,-1.70631e-06,1.03593
0,0.25,4,11.5547,-2.18092e-06,1.03593
0,0.25,4,12.0547,-3.21682e-06,1.03593
0,0.25,4,12.5547,-3.59362e-06,1.03593
0,0.25,4,13.0547,-4.13637e-06,1.03594
0,0.25,4,13.5547,-4.30286e-06,1.03594
0,0.25,4,14.0547,-4.45714e-06,1.03594
0,0.25,4,14.5547,-4.50029e-06,1.03594
0,0.25,4,15.0547,-4.5238e-06,1.03594
0,0.25,4,15.5547,-4.53008e-06,1.03594
0,0.25,4,16.0547,-4.53221e-06,1.03594
0,0.25,4,16.5547,-4.53273e-06,1.03594
0,0.25,4,17.0547,-4.53274e-06,1.03594
0,0.25,4,17.5547,-4.53228e-06,1.03594
0,0.25,4,18.0547,-4.53036e-06,1.03594
0,0.25,4,18.5547,-4.52492e-06,1.03594
0,0.25,4,19.0547,-4.50369e-06,1.03594
0,0.25,4,19.5547,-4.46769e-06,1.03594
0,0.25,4,20.0547,-4.32547e-06,1.03594
0,0.25,4,20.5547,-4.17796e-06,1.03594
0,0.25,4,21.0547,-2.34471e-06,1.03593
0,0.25,4,21.5547,2.01634e-06,1.03594
0,0.25,4,22.0547,-4.72789e-07,1.03592
0,0.25,4,22.5547,7.65933e-07,1.03593
0,0.25,4,23.0547,-6.90782e-06,1.03591
0,0.25,4,23.5547,-1.72287e-05,1.03595
0,0.25,4,24.0547,-3.32219e-06,1.03593
0,0.25,4.5,9.5547,-2.79193e-08,1.03593
0,0.25,4.5,10.0547,-1.22968e-07,1.03593
0,0.25,4.5,10.5547,-9.92149e-08,1.03593
0,0.25,4.5,11.0547,-8.35898e-08,1.03593
0,0.25,4.5,11.5547,-8.2783e-08,1.03593
0,0.25,4.5,12.0547,-1.16941e-07,1.03593
0,0.25,4.5,12.5547,-1.41932e-07,1.03593
0,0.25,4.5,13.0547,-1.89319e-07,1.03593
0,0.25,4.5,13.5547,-2.07693e-07,1.03594
0,0.25,4.5,14.0547,-2.26167e-07,1.03594
0,0.25,4.5,14.5547,-2.32127e-07,1.03594
0,0.25,4.5,15.0547,-2.35597e-07,1.03594
0,0.25,4.5,15.5547,-2.36591e-07,1.03594
0,0.25,4.5,16.0547,-2.36967e-07,1.03594
0,0.25,4.5,16.5547,-2.37061e-07,1.03594
0,0.25,4.5,17.0547,-2.37063e-07,1.03594
0,0.25,4.5,17.5547,-2.36982e-07,1.03594
0,0.25,4.5,18.0547,-2.36624e-07,1.03594
0,0.25,4.5,18.5547,-2.35718e-07,1.03594
0,0.25,4.5,19.0547,-2.32341e-07,1.03594
0,0.25,4.5,19.5547,-2.25625e-07,1.03594
0,0.25,4.5,20.0547,-2.06493e-07,1.03594
0,0.25,4.5,20.5547,-1.67208e-07,1.03594
0,0.25,4.5,21.0547,5.9174e-07,1.03594
0,0.25,4.5,21.5547,3.17225e-06,1.03594
0,0.25,4.5,22.0547,3.9503e-06,1.03592
0,0.25,4.5,22.5547,1.0068e-05,1.03593
0,0.25,4.5,23.0547,1.62454e-05,1.03592
0,0.25,4.5,23.5547,3.79249e-05,1.03595
0,0.25,4.5,24.0547,8.76872e-06,1.03591
0,0.25,5,9.5547,2.7919e-08,1.03593
0,0.25,5,10.0547,1.22966e-07,1.03593
0,0.25,5,10.5547,9.92126e-08,1.03593
0,0.25,5,11.0547,8.35875e-08,1.03593
0,0.25,5,11.5547,8.27833e-08,1.03593
0,0.25,5,12.0547,1.16947e-07,1.03593
0,0.25,5,12.5547,1.41939e-07,1.03593
0,0.25,5,13.0547,1.89326e-07,1.03593
0,0.25,5,13.5547,2.07699e-07,1.03594
0,0.25,5,14.0547,2.26173e-07,1.03594
0,0.25,5,14.5547,2.32133e-07,1.03594
0,0.25,5,15.0547,2.35602e-07,1.03594
0,0.25,5,15.5547,2.36597e-07,1.03594
0,0.25,5,16.0547,2.36972e-07,1.03594
0,0.25,5,16.5547,2.37066e-07,1.03594
0,0.25,5,17.0547,2.37068e-07,1.03594
0,0.25,5,17.5547,2.36987e-07,1.03594
0,0.25,5,18.0547,2.3663e-07,1.03594
0,0.25,5,18.5547,2.35722e-07,1.03594
0,0.25,5,19.0547,2.32346e-07,1.03594
0,0.25,5,19.5547,2.2563e-07,1.03594
0,0.25,5,20.0547,2.06499e-07,1.03594
0,0.25,5,20.5547,1.67213e-07,1.03594
0,0.25,5,21.0547,-5.91738e-07,1.03594
0,0.25,5,21.5547,-3.17226e-06,1.03594
0,0.25,5,22.0547,-3.95031e-06,1.03592
0,0.25,5,22.5547,-1.0068e-05,1.03593
0,0.25,5,23.0547,-1.62454e-05,1.03592
0,0.25,5,23.5547,-3.79249e-05,1.03595
0,0.25,5,24.0547,-8.76872e-06,1.03591
0,0.25,5.5,9.5547,-2.27004e-07,1.03593
0,0.25,5.5,10.0547,-9.25286e-07,1.03593
0,0.25,5.5,10.5547,3.97004e-07,1.03593
0,0.25,5.5,11.0547,1.70632e-06,1.03593
0,0.25,5.5,11.5547,2.18092e-06,1.03593
0,0.25,5.5,12.0547,3.21681e-06,1.03593
0,0.25,5.5,12.5547,3.59362e-06,1.03593
0,0.25,5.5,13.0547,4.13637e-06,1.03594
0,0.25,5.5,13.5547,4.30286e-06,1.03594
0,0.25,5.5,14.0547,4.45713e-06,1.03594
0,0.25,5.5,14.5547,4.50029e-06,1.03594
0,0.25,5.5,15.0547,4.5238e-06,1.03594
0,0.25,5.5,15.5547,4.53008e-06,1.03594
0,0.25,5.5,16.0547,4.53221e-06,1.03594
0,0.25,5.5,16.5547,4.53273e-06,1.03594
0,0.25,5.5,17.0547,4.53274e-06,1.03594
0,0.25,5.5,17.5547,4.53228e-06,1.03594
0,0.25,5.5,18.0547,4.53036e-06,1.03594
0,0.25,5.5,18.5547,4.52492e-06,1.03594
0,0.25,5.5,19.0547,4.50369e-06,1.03594
0,0.25,5.5,19.5547,4.46768e-06,1.03594
0,0.25,5.5,20.0547,4.32547e-06,1.03594
0,0.25,5.5,20.5547,4.17795e-06,1.03594
0,0.25,5.5,21.0547,2.34471e-06,1.03593
0,0.25,5.5,21.5547,-2.01634e-06,1.03594
0,0.25,5.5,22.0547,4.72791e-07,1.03592
0,0.25,5.5,22.5547,-7.65932e-07,1.03593
0,0.25,5.5,23.0547,6.90782e-06,1.03591
0,0.25,5.5,23.5547,1.72287e-05,1.03595
0,0.25,5.5,24.0547,3.32219e-06,1.03593
0,0.25,6,9.5547,3.05783e-07,1.03593
0,0.25,6,10.0547,1.19284e-06,1.03593
0,0.25,6,10.5547,8.90257e-07,1.03593
0,0.25,6,11.0547,1.97028e-06,1.03593
0,0.25,6,11.5547,2.37702e-06,1.03593
0,0.25,6,12.0547,3.49936e-06,1.03593
0,0.25,6,12.5547,3.89082e-06,1.03593
0,0.25,6,13.0547,4.44557e-06,1.03593
0,0.25,6,13.5547,4.61395e-06,1.03593
0,0.25,6,14.0547,4.76282e-06,1.03593
0,0.25,6,14.5547,4.80431e-06,1.03593
0,0.25,6,15.0547,4.8259e-06,1.03593
0,0.25,6,15.5547,4.83166e-06,1.03593
0,0.25,6,16.0547,4.83355e-06,1.03593
0,0.25,6,16.5547,4.83401e-06,1.03593
0,0.25,6,17.0547,4.83402e-06,1.03593
0,0.25,6,17.5547,4.83361e-06,1.03593
0,0.25,6,18.0547,4.83194e-06,1.03593
0,0.25,6,18.5547,4.82698e-06,1.03594
0,0.25,6,19.0547,4.80772e-06,1.03594
0,0.25,6,19.5547,4.77471e-06,1.03594
0,0.25,6,20.0547,4.59833e-06,1.03594
0,0.25,6,20.5547,4.3469e-06,1.03594
0,0.25,6,21.0547,2.55727e-06,1.03593
0,0.25,6,21.5547,-1.70179e-06,1.03594
0,0.25,6,22.0547,-2.28563e-06,1.03592
0,0.25,6,22.5547,-1.64551e-05,1.03593
0,0.25,6,23.0547,-2.59885e-05,1.03591
0,0.25,6,23.5547,-0.000125245,1.03594
0,0.25,6,24.0547,-3.11245e-05,1.03593
0,0.25,6.5,9.5547,7.86137e-07,1.03585
0,0.25,6.5,10.0547,3.27142e-06,1.03574
0,0.25,6.5,10.5547,2.41377e-06,1.03577
0,0.25,6.5,11.0547,3.63685e-06,1.03577
0,0.25,6.5,11.5547,4.2892e-06,1.03577
0,0.25,6.5,12.0547,5.10653e-06,1.03577
0,0.25,6.5,12.5547,5.37868e-06,1.03577
0,0.25,6.5,13.0547,5.60724e-06,1.03577
0,0.25,6.5,13.5547,5.67559e-06,1.03577
0,0.25,6.5,14.0547,5.71148e-06,1.03577
0,0.25,6.5,14.5547,5.72179e-06,1.03577
0,0.25,6.5,15.0547,5.72508e-06,1.03577
0,0.25,6.5,15.5547,5.726e-06,1.03577
0,0.25,6.5,16.0547,5.72621e-06,1.03577
0,0.25,6.5,16.5547,5.72627e-06,1.03577
0,0.25,6.5,17.0547,5.72627e-06,1.03577
0,0.25,6.5,17.5547,5.72622e-06,1.03577
0,0.25,6.5,18.0547,5.72604e-06,1.03577
0,0.25,6.5,18.5547,5.72521e-06,1.03577
0,0.25,6.5,19.0547,5.72242e-06,1.03577
0,0.25,6.5,19.5547,5.71375e-06,1.03578
0,0.25,6.5,20.0547,5.68369e-06,1.03577
0,0.25,6.5,20.5547,5.63718e-06,1.03578
0,0.25,6.5,21.0547,6.79538e-06,1.03576
0,0.25,6.5,21.5547,1.09091e-05,1.03578
0,0.25,6.5,22.0547,9.36687e-06,1.03574
0,0.25,6.5,22.5547,1.85733e-05,1.03577
0,0.25,6.5,23.0547,4.23156e-06,1.03564
0,0.25,6.5,23.5547,-6.33213e-06,1.03576
0,0.25,6.5,24.0547,-1.45979e-06,1.03598
0,0.25,7,9.55398,5.89031e-07,1.01157
0,0.25,7,10.0541,9.04739e-07,1.01483
0,0.25,7,10.5541,1.86367e-06,1.01488
0,0.25,7,11.0541,3.44251e-06,1.01488
0,0.25,7,11.5541,4.26744e-06,1.01488
0,0.25,7,12.0541,4.99996e-06,1.01488
0,0.25,7,12.5541,5.25237e-06,1.01488
0,0.25,7,13.0541,5.43007e-06,1.01488
0,0.25,7,13.5541,5.48157e-06,1.01488
0,0.25,7,14.0541,5.50561e-06,1.01488
0,0.25,7,14.5541,5.51203e-06,1.01488
0,0.25,7,15.0541,5.51388e-06,1.01488
0,0.25,7,15.5541,5.51435e-06,1.01488
0,0.25,7,16.0541,5.51444e-06,1.01488
0,0.25,7,16.5541,5.51446e-06,1.01488
0,0.25,7,17.0541,5.51446e-06,1.01488
0,0.25,7,17.5541,5.51444e-06,1.01488
0,0.25,7,18.0541,5.51436e-06,1.01488
0,0.25,7,18.5541,5.51394e-06,1.01488
0,0.25,7,19.0541,5.51246e-06,1.01488
0,0.25,7,19.5541,5.50721e-06,1.01488
0,0.25,7,20.0541,5.5295e-06,1.01488
0,0.25,7,20.5541,5.62849e-06,1.01488
0,0.25,7,21.0541,7.52453e-06,1.01488
0,0.25,7,21.5541,1.41855e-05,1.01488
0,0.25,7,22.0541,1.66331e-05,1.01487
0,0.25,7,22.5541,4.51646e-05,1.01488
0,0.25,7,23.0541,5.68124e-05,1.01484
0,0.25,7,23.5541,0.000172297,1.01484
0,0.25,7,24.054,4.53169e-05,1.01157
1,0.25,7.5,1.5,0,0
1,0.25,8,1.5,0,0
1,0.25,1.5,1.5,0,0
1,0.25,2,1.5,0,0
1,0.25,7.5,2,0,0
1,0.25,8,2,0,0
1,0.25,1.5,2,0,0
1,0.25,2,2,0,0
1,0.25,7.5,2.5,0,0
1,0.25,8,2.5,0,0
1,0.25,1.5,2.5,0,0
1,0.25,2,2.5,0,0
1,0.25,7.5,3,0,0
1,0.25,8,3,0,0
1,0.25,1.5,3,0,0
1,0.25,2,3,0,0
1,0.25,7.5,3.5,0,0
1,0.25,8,3.5,0,0
1,0.25,1.5,3.5,0,0
1,0.25,2,3.5,0,0
1,0.25,7.5,4,0,0
1,0.25,8,4,0,0
1,0.25,1.5,4,0,0
1,0.25,2,4,0,0
1,0.25,7.5,4.5,0,0
1,0.25,8,4.5,0,0
1,0.25,1.5,4.5,0,0
1,0.25,2,4.5,0,0
1,0.25,7.5,5,0,0
1,0.25,8,5,0,0
1,0.25,1.5,5,0,0
1,0.25,2,5,0,0
1,0.25,7.5,5.5,0,0
1,0.25,8,5.5,0,0
1,0.25,1.5,5.5,0,0
1,0.25,2,5.5,0,0
1,0.25,7.5,6,0,0
1,0.25,8,6,0,0
1,0.25,1.5,6,0,0
1,0.25,2,6,0,0
1,0.25,7.5,6.5,0,0
1,0.25,8,6.5,0,0
1,0.25,1.5,6.5,0,0
1,0.25,2,6.5,0,0
1,0.25,7.5,7,0,0
1,0.25,8,7,0,0
1,0.25,1.5,7,0,0
1,0.25,2,7,0,0
1,0.25,7.5,7.5,0,0
1,0.25,8,7.5,0,0
1,0.25,1.5,7.5,0,0
1,0.25,2,7.5,0,0
1,0.25,7.5,8,0,0
1,0.25,8,8,0,0
1,0.25,1.5,8,0,0
1,0.25,2,8,0,0
1,0.25,7.5,8.5,0,0
1,0.25,8,8.5,0,0
1,0.25,1.5,8.5,0,0
1,0.25,2,8.5,0,0
1,0.25,7.5,9,0,0
1,0.25,8,9,0,0
1,0.25,1.5,9,0,0
1,0.25,2,9,0,0
1,0.25,7.5,9.5,0,0
1,0.25,8,9.5,0,0
1,0.25,1.5,9.5,0,0
1,0.25,2,9.5,0,0
1,0.25,7.5,10,0,0
1,0.25,8,10,0,0
1,0.25,1.5,10,0,0
1,0.25,2,10,0,0
1,0.25,7.5,10.5,0,0
1,0.25,8,10.5,0,0
1,0.25,1.5,10.5,0,0
1,0.25,2,10.5,0,0
1,0.25,7.5,11,0,0
1,0.25,8,11,0,0
1,0.25,1.5,11,0,0
1,0.25,2,11,0,0
1,0.25,7.5,11.5,0,0
1,0.25,8,11.5,0,0
1,0.25,1.5,11.5,0,0
1,0.25,2,11.5,0,0
1,0.25,7.5,12,0,0
1,0.25,8,12,0,0
1,0.25,1.5,12,0,0
1,0.25,2,12,0,0
1,0.25,7.5,12.5,0,0
1,0.25,8,12.5,0,0
1,0.25,1.5,12.5,0,0
1,0.25,2,12.5,0,0
1,0.25,7.5,13,0,0
1,0.25,8,13,0,0
1,0.25,1.5,13,0,0
1,0.25,2,13,0,0
1,0.25,7.5,13.5,0,0
1,0.25,8,13.5,0,0
1,0.25,1.5,13.5,0,0
1,0.25,2,13.5,0,0
1,0.25,7.5,14,0,0
1,0.25,8,14,0,0
1,0.25,1.5,14,0,0
1,0.25,2,14,0,0
1,0.25,7.5,14.5,0,0
1,0.25,8,14.5,0,0
1,0.25,1.5,14.5,0,0
1,0.25,2,14.5,0,0
1,0.25,7.5,15,0,0
1,0.25,8,15,0,0
1,0.25,1.5,15,0,0
1,0.25,2,15,0,0
1,0.25,7.5,15.5,0,0
1,0.25,8,15.5,0,0
1,0.25,1.5,15.5,0,0
1,0.25,2,15.5,0,0
1,0.25,7.5,16,0,0
1,0.25,8,16,0,0
1,0.25,1.5,16,0,0
1,0.25,2,16,0,0
1,0.25,7.5,16.5,0,0
1,0.25,8,16.5,0,0
1,0.25,1.5,16.5,0,0
1,0.25,2,16.5,0,0
1,0.25,7.5,17,0,0
1,0.25,8,17,0,0
1,0.25,1.5,17,0,0
1,0.25,2,17,0,0
1,0.25,7.5,17.5,0,0
1,0.25,8,17.5,0,0
1,0.25,1.5,17.5,0,0
1,0.25,2,17.5,0,0
1,0.25,7.5,18,0,0
1,0.25,8,18,0,0
1,0.25,1.5,18,0,0
1,0.25,2,18,0,0
1,0.25,7.5,18.5,0,0
1,0.25,8,18.5,0,0
1,0.25,1.5,18.5,0,0
1,0.25,2,18.5,0,0
1,0.25,7.5,19,0,0
1,0.25,8,19,0,0
1,0.25,1.5,19,0,0
1,0.25,2,19,0,0
1,0.25,7.5,19.5,0,0
1,0.25,8,19.5,0,0
1,0.25,1.5,19.5,0,0
1,0.25,2,19.5,0,0
1,0.25,7.5,20,0,0
1,0.25,8,20,0,0
1,0.25,1.5,20,0,0
1,0.25,2,20,0,0
1,0.25,7.5,20.5,0,0
1,0.25,8,20.5,0,0
1,0.25,1.5,20.5,0,0
1,0.25,2,20.5,0,0
1,0.25,7.5,21,0,0
1,0.25,8,21,0,0
1,0.25,1.5,21,0,0
1,0.25,2,21,0,0
1,0.25,7.5,21.5,0,0
1,0.25,8,21.5,0,0
1,0.25,1.5,21.5,0,0
1,0.25,2,21.5,0,0
1,0.25,7.5,22,0,0
1,0.25,8,22,0,0
1,0.25,1.5,22,0,0
1,0.25,2,22,0,0
1,0.25,7.5,22.5,0,0
1,0.25,8,22.5,0,0
1,0.25,1.5,22.5,0,0
1,0.25,2,22.5,0,0
1,0.25,7.5,23,0,0
1,0.25,8,23,0,0
1,0.25,1.5,23,0,0
1,0.25,2,23,0,0
1,0.25,7.5,23.5,0,0
1,0.25,8,23.5,0,0
1,0.25,1.5,23.5,0,0
1,0.25,2,23.5,0,0
1,0.25,7.5,24,0,0
1,0.25,8,24,0,0
1,0.25,1.5,24,0,0
1,0.25,2,24,0,0
1,0.25,7.5,24.5,0,0
1,0.25,8,24.5,0,0
1,0.25,1.5,24.5,0,0
1,0.25,2,24.5,0,0
1,0.25,7.5,25,0,0
1,0.25,8,25,0,0
1,0.25,1.5,25,0,0
1,0.25,2,25,0,0
1,0.25,7.5,25.5,0,0
1,0.25,8,25.5,0,0
1,0.25,1.5,25.5,0,0
1,0.25,2,25.5,0,0
1,0.25,2.5,1.5,0,0
1,0.25,2.5,2,0,0
1,0.25,2.5,25,0,0
1,0.25,2.5,25.5,0,0
1,0.25,3,1.5,0,0
1,0.25,3,2,0,0
1,0.25,3,25,0,0
1,0.25,3,25.5,0,0
1,0.25,3.5,1.5,0,0
1,0.25,3.5,2,0,0
1,0.25,3.5,25,0,0
1,0.25,3.5,25.5,0,0
1,0.25,4,1.5,0,0
1,0.25,4,2,0,0
1,0.25,4,25,0,0
1,0.25,4,25.5,0,0
1,0.25,4.5,1.5,0,0
1,0.25,4.5,2,0,0
1,0.25,4.5,25,0,0
1,0.25,4.5,25.5,0,0
1,0.25,5,1.5,0,0
1,0.25,5,2,0,0
1,0.25,5,25,0,0
1,0.25,5,25.5,0,0
1,0.25,5.5,1.5,0,0
1,0.25,5.5,2,0,0
1,0.25,5.5,25,0,0
1,0.25,5.5,25.5,0,0
1,0.25,6,1.5,0,0
1,0.25,6,2,0,0
1,0.25,6,25,0,0
1,0.25,6,25.5,0,0
1,0.25,6.5,1.5,0,0
1,0.25,6.5,2,0,0
1,0.25,6.5,25,0,0
1,0.25,6.5,25.5,0,0
1,0.25,7,1.5,0,0
1,0.25,7,2,0,0
1,0.25,7,25,0,0
1,0.25,7,25.5,0,0
