536 2 0.5 3500 0.2 2 0 2e-06 0 9.81 10 35
0,0.25,2.5,9.74899,-1.47693e-06,2.08012
0,0.25,2.5,10.2506,-2.94251e-06,2.10411
0,0.25,2.5,10.7506,-2.75167e-06,2.10484
0,0.25,2.5,11.2506,-3.53875e-06,2.10486
0,0.25,2.5,11.7506,-4.01404e-06,2.10486
0,0.25,2.5,12.2506,-4.56228e-06,2.10486
0,0.25,2.5,12.7506,-4.78603e-06,2.10486
0,0.25,2.5,13.2506,-4.95163e-06,2.10486
0,0.25,2.5,13.7506,-5.00268e-06,2.10486
0,0.25,2.5,14.2506,-5.02617e-06,2.10486
0,0.25,2.5,14.7506,-5.03287e-06,2.10486
0,0.25,2.5,15.2506,-5.03484e-06,2.10486
0,0.25,2.5,15.7506,-5.03537e-06,2.10486
0,0.25,2.5,16.2506,-5.03548e-06,2.10486
0,0.25,2.5,16.7506,-5.04032e-06,2.10486
0,0.25,2.5,17.2506,-5.07636e-06,2.10486
0,0.25,2.5,17.7506,-5.17004e-06,2.10486
0,0.25,2.5,18.2506,-5.39681e-06,2.10486
0,0.25,2.5,18.7506,-5.90876e-06,2.10486
0,0.25,2.5,19.2506,-1.79358e-05,2.10485
0,0.25,2.5,19.7506,-5.78671e-05,2.10486
0,0.25,2.5,20.2506,-7.04971e-05,2.10483
0,0.25,2.49999,20.7506,-0.000223317,2.10485
0,0.25,2.49999,21.2506,-0.000212335,2.10477
0,0.25,2.49998,21.7506,-0.000645793,2.10484
0,0.25,2.49998,22.2506,-0.000565035,2.10463
0,0.25,2.49994,22.7506,-0.00168641,2.10479
0,0.25,2.49994,23.2506,-0.00158896,2.10409
0,0.25,2.49981,23.7506,-0.00490706,2.10398
0,0.25,2.49995,24.2488,-0.00125136,2.07483
0,0.25,3,9.76121,-1.88934e-05,2.26251
0,0.25,3,10.2611,-7.7213e-05,2.26097
0,0.25,3,10.7611,-2.44992e-05,2.26134
0,0.25,3,11.2611,-2.0478e-05,2.26135
0,0.25,3,11.7611,-8.25823e-06,2.26135
0,0.25,3,12.2611,-4.91975e-06,2.26135
0,0.25,3,12.7611,-5.21499e-06,2.26135
0,0.25,3,13.2611,-5.45773e-06,2.26135
0,0.25,3,13.7611,-5.5399e-06,2.26135
0,0.25,3,14.2611,-5.58339e-06,2.26135
0,0.25,3,14.7611,-5.59754e-06,2.26135
0,0.25,3,15.2611,-5.60241e-06,2.26135
0,0.25,3,15.7611,-5.60391e-06,2.26135
0,0.25,3,16.2611,-5.60431e-06,2.26135
0,0.25,3,16.7611,-5.60625e-06,2.26135
0,0.25,3,17.2611,-1.0469e-05,2.26134
0,0.25,3,17.7611,-2.56776e-05,2.26135
0,0.25,3,18.2611,-2.64822e-05,2.26134
0,0.25,3,18.7611,-7.1171e-05,2.26135
0,0.25,3,19.2611,-6.13287e-05,2.26128
0,0.25,2.99999,19.7611,-0.000167747,2.26134
0,0.25,3,20.2611,-0.000132432,2.26114
0,0.25,2.99999,20.7611,-0.000360177,2.26133
0,0.25,2.99999,21.2611,-0.000278029,2.26084
0,0.25,2.99998,21.7611,-0.000759037,2.26131
0,0.25,2.99998,22.2611,-0.000560661,2.26014
0,0.25,2.99996,22.7611,-0.00151397,2.26123
0,0.25,2.99997,23.261,-0.00106959,2.25783
0,0.25,2.99994,23.7611,-0.00266357,2.26077
0,0.25,2.99999,24.2611,-0.000665284,2.25768
0,0.25,3.5,9.76128,-4.86727e-07,2.26404
0,0.25,3.5,10.2613,-1.52087e-06,2.26411
0,0.25,3.5,10.7613,-2.93859e-06,2.26416
0,0.25,3.5,11.2613,-9.09899e-06,2.26411
0,0.25,3.5,11.7613,-4.23186e-06,2.26413
0,0.25,3.5,12.2613,-3.58334e-06,2.26411
0,0.25,3.5,12.7613,-3.97969e-06,2.26411
0,0.25,3.5,13.2613,-4.49279e-06,2.26411
0,0.25,3.5,13.7613,-4.65907e-06,2.26411
0,0.25,3.5,14.2613,-4.79664e-06,2.26411
0,0.25,3.5,14.7613,-4.83709e-06,2.26411
0,0.25,3.5,15.2613,-4.8573e-06,2.26411
0,0.25,3.5,15.7613,-4.8629e-06,2.26411
0,0.25,3.5,16.2613,-4.8647e-06,2.26411
0,0.25,3.5,16.7613,-4.86813e-06,2.26411
0,0.25,3.5,17.2613,-8.02402e-06,2.26409
0,0.25,3.5,17.7613,-1.78908e-05,2.26411
0,0.25,3.5,18.2613,-2.63552e-05,2.26405
0,0.25,3.5,18.7613,-7.98052e-05,2.26411
0,0.25,3.5,19.2613,-5.70636e-05,2.26398
0,0.25,3.5,19.7613,-0.000142554,2.2641
0,0.25,3.5,20.2613,-9.93184e-05,2.26382
0,0.25,3.49999,20.7613,-0.000249967,2.26409
0,0.25,3.5,21.2613,-0.000165786,2.26349
0,0.25,3.49999,21.7613,-0.000410489,2.26407
0,0.25,3.49999,22.2612,-0.000240005,2.26287
0,0.25,3.49999,22.7613,-0.000520586,2.26398
0,0.25,3.50001,23.2612,-6.0803e-05,2.26165
0,0.25,3.50005,23.7613,0.000422112,2.26396
0,0.25,3.50001,24.2611,9.17286e-05,2.25848
0,0.25,4,9.76128,1.45119e-05,2.26412
0,0.25,4,10.2613,5.78347e-05,2.26414
0,0.25,4,10.7613,8.10182e-06,2.26415
0,0.25,4,11.2613,6.23248e-06,2.26415
0,0.25,4,11.7613,3.41438e-07,2.26416
0,0.25,4,12.2613,-2.96706e-06,2.26415
0,0.25,4,12.7613,-3.32684e-06,2.26415
0,0.25,4,13.2613,-3.8167e-06,2.26415
0,0.25,4,13.7613,-3.97602e-06,2.26415
0,0.25,4,14.2613,-4.11594e-06,2.26415
0,0.25,4,14.7613,-4.15705e-06,2.26415
0,0.25,4,15.2613,-4.17863e-06,2.26415
0,0.25,4,15.7613,-4.18459e-06,2.26415
0,0.25,4,16.2613,-4.18658e-06,2.26415
0,0.25,4,16.7613,-4.19001e-06,2.26415
0,0.25,4,17.2613,-4.16363e-06,2.26413
0,0.25,4,17.7613,-4.09712e-06,2.26415
0,0.25,4,18.2613,-1.193e-05,2.26406
0,0.25,4,18.7613,-3.55721e-05,2.26414
0,0.25,4,19.2613,-2.77334e-05,2.26398
0,0.25,4,19.7613,-6.74749e-05,2.26414
0,0.25,4,20.2613,-5.6376e-05,2.26377
0,0.25,4,20.7613,-0.000151811,2.26412
0,0.25,4,21.2613,-0.000114916,2.26336
0,0.25,3.99999,21.7613,-0.000305865,2.26409
0,0.25,3.99999,22.2612,-0.000222696,2.26261
0,0.25,3.99998,22.7613,-0.00057001,2.26402
0,0.25,3.99999,23.2612,-0.000380862,2.26119
0,0.25,3.99996,23.7613,-0.0011332,2.264
0,0.25,3.99999,24.2612,-0.000267728,2.25962
0,0.25,4.5,9.76128,-2.71855e-06,2.26412
0,0.25,4.5,10.2613,-1.49324e-05,2.26413
0,0.25,4.5,10.7613,-1.09311e-05,2.26415
0,0.25,4.5,11.2613,-1.98932e-06,2.26415
0,0.25,4.5,11.7613,-1.88055e-07,2.26416
0,0.25,4.5,12.2613,-3.32707e-07,2.26415
0,0.25,4.5,12.7613,-4.05589e-07,2.26415
0,0.25,4.5,13.2613,-4.78891e-07,2.26415
0,0.25,4.5,13.7613,-5.10871e-07,2.26415
0,0.25,4.5,14.2613,-5.36142e-07,2.26415
0,0.25,4.5,14.7613,-5.45243e-07,2.26415
0,0.25,4.5,15.2613,-5.49792e-07,2.26415
0,0.25,4.5,15.7613,-5.51202e-07,2.26415
0,0.25,4.5,16.2613,-5.51692e-07,2.26415
0,0.25,4.5,16.7613,-5.48555e-07,2.26415
0,0.25,4.5,17.2613,-2.19577e-06,2.26412
0,0.25,4.5,17.7613,-7.37465e-06,2.26415
0,0.25,4.5,18.2613,-7.32457e-06,2.26404
0,0.25,4.5,18.7613,-2.17172e-05,2.26414
0,0.25,4.5,19.2613,-1.42969e-05,2.26397
0,0.25,4.5,19.7613,-3.60215e-05,2.26414
0,0.25,4.5,20.2613,-1.96801e-05,2.26375
0,0.25,4.5,20.7613,-4.31866e-05,2.26412
0,0.25,4.5,21.2613,-1.7701e-05,2.26334
0,0.25,4.5,21.7613,-2.21363e-05,2.26409
0,0.25,4.5,22.2612,1.11216e-05,2.26263
0,0.25,4.50001,22.7613,8.27348e-05,2.26405
0,0.25,4.50001,23.2612,0.000163932,2.26143
0,0.25,4.50003,23.7613,0.000561537,2.26398
0,0.25,4.50001,24.2611,0.000126885,2.25944
0,0.25,5,9.76128,2.71855e-06,2.26412
0,0.25,5,10.2613,1.49324e-05,2.26413
0,0.25,5,10.7613,1.09311e-05,2.26415
0,0.25,5,11.2613,1.98932e-06,2.26415
0,0.25,5,11.7613,1.88057e-07,2.26416
0,0.25,5,12.2613,3.32711e-07,2.26415
0,0.25,5,12.7613,4.05594e-07,2.26415
0,0.25,5,13.2613,4.78897e-07,2.26415
0,0.25,5,13.7613,5.10876e-07,2.26415
0,0.25,5,14.2613,5.36147e-07,2.26415
0,0.25,5,14.7613,5.45248e-07,2.26415
0,0.25,5,15.2613,5.49797e-07,2.26415
0,0.25,5,15.7613,5.51207e-07,2.26415
0,0.25,5,16.2613,5.51696e-07,2.26415
0,0.25,5,16.7613,5.48559e-07,2.26415
0,0.25,5,17.2613,2.19575e-06,2.26412
0,0.25,5,17.7613,7.37456e-06,2.26415
0,0.25,5,18.2613,7.32457e-06,2.26404
0,0.25,5,18.7613,2.17172e-05,2.26414
0,0.25,5,19.2613,1.4297e-05,2.26397
0,0.25,5,19.7613,3.60215e-05,2.26414
0,0.25,5,20.2613,1.96801e-05,2.26375
0,0.25,5,20.7613,4.31866e-05,2.26412
0,0.25,5,21.2613,1.7701e-05,2.26334
0,0.25,5,21.7613,2.21363e-05,2.26409
0,0.25,5,22.2612,-1.11216e-05,2.26263
0,0.25,4.99999,22.7613,-8.27348e-05,2.26405
0,0.25,4.99999,23.2612,-0.000163932,2.26143
0,0.25,4.99997,23.7613,-0.000561537,2.26398
0,0.25,4.99999,24.2611,-0.000126885,2.25944
0,0.25,5.5,9.76128,-1.45119e-05,2.26412
0,0.25,5.5,10.2613,-5.78347e-05,2.26414
0,0.25,5.5,10.7613,-8.10182e-06,2.26415
0,0.25,5.5,11.2613,-6.23248e-06,2.26415
0,0.25,5.5,11.7613,-3.41437e-07,2.26416
0,0.25,5.5,12.2613,2.96706e-06,2.26415
0,0.25,5.5,12.7613,3.32684e-06,2.26415
0,0.25,5.5,13.2613,3.8167e-06,2.26415
0,0.25,5.5,13.7613,3.97602e-06,2.26415
0,0.25,5.5,14.2613,4.11594e-06,2.26415
0,0.25,5.5,14.7613,4.15704e-06,2.26415
0,0.25,5.5,15.2613,4.17863e-06,2.26415
0,0.25,5.5,15.7613,4.18459e-06,2.26415
0,0.25,5.5,16.2613,4.18658e-06,2.26415
0,0.25,5.5,16.7613,4.19001e-06,2.26415
0,0.25,5.5,17.2613,4.16363e-06,2.26413
0,0.25,5.5,17.7613,4.09715e-06,2.26415
0,0.25,5.5,18.2613,1.193e-05,2.26406
0,0.25,5.5,18.7613,3.55721e-05,2.26414
0,0.25,5.5,19.2613,2.77334e-05,2.26398
0,0.25,5.5,19.7613,6.74749e-05,2.26414
0,0.25,5.5,20.2613,5.6376e-05,2.26377
0,0.25,5.5,20.7613,0.000151811,2.26412
0,0.25,5.5,21.2613,0.000114916,2.26336
0,0.25,5.50001,21.7613,0.000305865,2.26409
0,0.25,5.50001,22.2612,0.000222696,2.26261
0,0.25,5.50002,22.7613,0.00057001,2.26402
0,0.25,5.50001,23.2612,0.000380862,2.26119
0,0.25,5.50004,23.7613,0.0011332,2.264
0,0.25,5.50001,24.2612,0.000267728,2.25962
0,0.25,6,9.76128,4.86727e-07,2.26404
0,0.25,6,10.2613,1.52087e-06,2.26411
0,0.25,6,10.7613,2.93859e-06,2.26416
0,0.25,6,11.2613,9.09899e-06,2.26411
0,0.25,6,11.7613,4.23187e-06,2.26413
0,0.25,6,12.2613,3.58334e-06,2.26411
0,0.25,6,12.7613,3.97969e-06,2.26411
0,0.25,6,13.2613,4.49279e-06,2.26411
0,0.25,6,13.7613,4.65907e-06,2.26411
0,0.25,6,14.2613,4.79664e-06,2.26411
0,0.25,6,14.7613,4.83709e-06,2.26411
0,0.25,6,15.2613,4.8573e-06,2.26411
0,0.25,6,15.7613,4.8629e-06,2.26411
0,0.25,6,16.2613,4.8647e-06,2.26411
0,0.25,6,16.7613,4.86813e-06,2.26411
0,0.25,6,17.2613,8.02403e-06,2.26409
0,0.25,6,17.7613,1.78908e-05,2.26411
0,0.25,6,18.2613,2.63552e-05,2.26405
0,0.25,6,18.7613,7.98052e-05,2.26411
0,0.25,6,19.2613,5.70636e-05,2.26398
0,0.25,6,19.7613,0.000142554,2.2641
0,0.25,6,20.2613,9.93184e-05,2.26382
0,0.25,6.00001,20.7613,0.000249967,2.26409
0,0.25,6,21.2613,0.000165786,2.26349
0,0.25,6.00001,21.7613,0.000410489,2.26407
0,0.25,6.00001,22.2612,0.000240005,2.26287
0,0.25,6.00001,22.7613,0.000520586,2.26398
0,0.25,5.99999,23.2612,6.0803e-05,2.26165
0,0.25,5.99995,23.7613,-0.000422112,2.26396
0,0.25,5.99999,24.2611,-9.17286e-05,2.25848
0,0.25,6.5,9.76121,1.88934e-05,2.26251
0,0.25,6.5,10.2611,7.7213e-05,2.26097
0,0.25,6.5,10.7611,2.44992e-05,2.26134
0,0.25,6.5,11.2611,2.0478e-05,2.26135
0,0.25,6.5,11.7611,8.25823e-06,2.26135
0,0.25,6.5,12.2611,4.91975e-06,2.26135
0,0.25,6.5,12.7611,5.21499e-06,2.26135
0,0.25,6.5,13.2611,5.45773e-06,2.26135
0,0.25,6.5,13.7611,5.5399e-06,2.26135
0,0.25,6.5,14.2611,5.58339e-06,2.26135
0,0.25,6.5,14.7611,5.59754e-06,2.26135
0,0.25,6.5,15.2611,5.60241e-06,2.26135
0,0.25,6.5,15.7611,5.60391e-06,2.26135
0,0.25,6.5,16.2611,5.60431e-06,2.26135
0,0.25,6.5,16.7611,5.60625e-06,2.26135
0,0.25,6.5,17.2611,1.0469e-05,2.26134
0,0.25,6.5,17.7611,2.56776e-05,2.26135
0,0.25,6.5,18.2611,2.64822e-05,2.26134
0,0.25,6.5,18.7611,7.1171e-05,2.26135
0,0.25,6.5,19.2611,6.13287e-05,2.26128
0,0.25,6.50001,19.7611,0.000167747,2.26134
0,0.25,6.5,20.2611,0.000132432,2.26114
0,0.25,6.50001,20.7611,0.000360177,2.26133
0,0.25,6.50001,21.2611,0.000278029,2.26084
0,0.25,6.50002,21.7611,0.000759037,2.26131
0,0.25,6.50002,22.2611,0.000560661,2.26014
0,0.25,6.50004,22.7611,0.00151397,2.26123
0,0.25,6.50003,23.261,0.00106959,2.25783
0,0.25,6.50006,23.7611,0.00266357,2.26077
0,0.25,6.50001,24.2611,0.000665284,2.25768
0,0.25,7,9.74899,1.47693e-06,2.08012
0,0.25,7,10.2506,2.94251e-06,2.10411
0,0.25,7,10.7506,2.75167e-06,2.10484
0,0.25,7,11.2506,3.53875e-06,2.10486
0,0.25,7,11.7506,4.01405e-06,2.10486
0,0.25,7,12.2506,4.56228e-06,2.10486
0,0.25,7,12.7506,4.78603e-06,2.10486
0,0.25,7,13.2506,4.95163e-06,2.10486
0,0.25,7,13.7506,5.00268e-06,2.10486
0,0.25,7,14.2506,5.02618e-06,2.10486
0,0.25,7,14.7506,5.03287e-06,2.10486
0,0.25,7,15.2506,5.03484e-06,2.10486
0,0.25,7,15.7506,5.03537e-06,2.10486
0,0.25,7,16.2506,5.03549e-06,2.10486
0,0.25,7,16.7506,5.04033e-06,2.10486
0,0.25,7,17.2506,5.07637e-06,2.10486
0,0.25,7,17.7506,5.17004e-06,2.10486
0,0.25,7,18.2506,5.39681e-06,2.10486
0,0.25,7,18.7506,5.90877e-06,2.10486
0,0.25,7,19.2506,1.79358e-05,2.10485
0,0.25,7,19.7506,5.78671e-05,2.10486
0,0.25,7,20.2506,7.04971e-05,2.10483
0,0.25,7.00001,20.7506,0.000223317,2.10485
0,0.25,7.00001,21.2506,0.000212335,2.10477
0,0.25,7.00002,21.7506,0.000645793,2.10484
0,0.25,7.00002,22.2506,0.000565035,2.10463
0,0.25,7.00006,22.7506,0.00168641,2.10479
0,0.25,7.00006,23.2506,0.00158896,2.10409
0,0.25,7.00019,23.7506,0.00490706,2.10398
0,0.25,7.00005,24.2488,0.00125136,2.07483
1,0.25,7.5,1.5,0,0
1,0.25,8,1.5,0,0
1,0.25,1.5,1.5,0,0
1,0.25,2,1.5,0,0
1,0.25,7.5,2,0,0
1,0.25,8,2,0,0
1,0.25,1.5,2,0,0
1,0.25,2,2,0,0
1,0.25,7.5,2.5,0,0
1,0.25,8,2.5,0,0
1,0.25,1.5,2.5,0,0
1,0.25,2,2.5,0,0
1,0.25,7.5,3,0,0
1,0.25,8,3,0,0
1,0.25,1.5,3,0,0
1,0.25,2,3,0,0
1,0.25,7.5,3.5,0,0
1,0.25,8,3.5,0,0
1,0.25,1.5,3.5,0,0
1,0.25,2,3.5,0,0
1,0.25,7.5,4,0,0
1,0.25,8,4,0,0
1,0.25,1.5,4,0,0
1,0.25,2,4,0,0
1,0.25,7.5,4.5,0,0
1,0.25,8,4.5,0,0
1,0.25,1.5,4.5,0,0
1,0.25,2,4.5,0,0
1,0.25,7.5,5,0,0
1,0.25,8,5,0,0
1,0.25,1.5,5,0,0
1,0.25,2,5,0,0
1,0.25,7.5,5.5,0,0
1,0.25,8,5.5,0,0
1,0.25,1.5,5.5,0,0
1,0.25,2,5.5,0,0
1,0.25,7.5,6,0,0
1,0.25,8,6,0,0
1,0.25,1.5,6,0,0
1,0.25,2,6,0,0
1,0.25,7.5,6.5,0,0
1,0.25,8,6.5,0,0
1,0.25,1.5,6.5,0,0
1,0.25,2,6.5,0,0
1,0.25,7.5,7,0,0
1,0.25,8,7,0,0
1,0.25,1.5,7,0,0
1,0.25,2,7,0,0
1,0.25,7.5,7.5,0,0
1,0.25,8,7.5,0,0
1,0.25,1.5,7.5,0,0
1,0.25,2,7.5,0,0
1,0.25,7.5,8,0,0
1,0.25,8,8,0,0
1,0.25,1.5,8,0,0
1,0.25,2,8,0,0
1,0.25,7.5,8.5,0,0
1,0.25,8,8.5,0,0
1,0.25,1.5,8.5,0,0
1,0.25,2,8.5,0,0
1,0.25,7.5,9,0,0
1,0.25,8,9,0,0
1,0.25,1.5,9,0,0
1,0.25,2,9,0,0
1,0.25,7.5,9.5,0,0
1,0.25,8,9.5,0,0
1,0.25,1.5,9.5,0,0
1,0.25,2,9.5,0,0
1,0.25,7.5,10,0,0
1,0.25,8,10,0,0
1,0.25,1.5,10,0,0
1,0.25,2,10,0,0
1,0.25,7.5,10.5,0,0
1,0.25,8,10.5,0,0
1,0.25,1.5,10.5,0,0
1,0.25,2,10.5,0,0
1,0.25,7.5,11,0,0
1,0.25,8,11,0,0
1,0.25,1.5,11,0,0
1,0.25,2,11,0,0
1,0.25,7.5,11.5,0,0
1,0.25,8,11.5,0,0
1,0.25,1.5,11.5,0,0
1,0.25,2,11.5,0,0
1,0.25,7.5,12,0,0
1,0.25,8,12,0,0
1,0.25,1.5,12,0,0
1,0.25,2,12,0,0
1,0.25,7.5,12.5,0,0
1,0.25,8,12.5,0,0
1,0.25,1.5,12.5,0,0
1,0.25,2,12.5,0,0
1,0.25,7.5,13,0,0
1,0.25,8,13,0,0
1,0.25,1.5,13,0,0
1,0.25,2,13,0,0
1,0.25,7.5,13.5,0,0
1,0.25,8,13.5,0,0
1,0.25,1.5,13.5,0,0
1,0.25,2,13.5,0,0
1,0.25,7.5,14,0,0
1,0.25,8,14,0,0
1,0.25,1.5,14,0,0
1,0.25,2,14,0,0
1,0.25,7.5,14.5,0,0
1,0.25,8,14.5,0,0
1,0.25,1.5,14.5,0,0
1,0.25,2,14.5,0,0
1,0.25,7.5,15,0,0
1,0.25,8,15,0,0
1,0.25,1.5,15,0,0
1,0.25,2,15,0,0
1,0.25,7.5,15.5,0,0
1,0.25,8,15.5,0,0
1,0.25,1.5,15.5,0,0
1,0.25,2,15.5,0,0
1,0.25,7.5,16,0,0
1,0.25,8,16,0,0
1,0.25,1.5,16,0,0
1,0.25,2,16,0,0
1,0.25,7.5,16.5,0,0
1,0.25,8,16.5,0,0
1,0.25,1.5,16.5,0,0
1,0.25,2,16.5,0,0
1,0.25,7.5,17,0,0
1,0.25,8,17,0,0
1,0.25,1.5,17,0,0
1,0.25,2,17,0,0
1,0.25,7.5,17.5,0,0
1,0.25,8,17.5,0,0
1,0.25,1.5,17.5,0,0
1,0.25,2,17.5,0,0
1,0.25,7.5,18,0,0
1,0.25,8,18,0,0
1,0.25,1.5,18,0,0
1,0.25,2,18,0,0
1,0.25,7.5,18.5,0,0
1,0.25,8,18.5,0,0
1,0.25,1.5,18.5,0,0
1,0.25,2,18.5,0,0
1,0.25,7.5,19,0,0
1,0.25,8,19,0,0
1,0.25,1.5,19,0,0
1,0.25,2,19,0,0
1,0.25,7.5,19.5,0,0
1,0.25,8,19.5,0,0
1,0.25,1.5,19.5,0,0
1,0.25,2,19.5,0,0
1,0.25,7.5,20,0,0
1,0.25,8,20,0,0
1,0.25,1.5,20,0,0
1,0.25,2,20,0,0
1,0.25,7.5,20.5,0,0
1,0.25,8,20.5,0,0
1,0.25,1.5,20.5,0,0
1,0.25,2,20.5,0,0
1,0.25,7.5,21,0,0
1,0.25,8,21,0,0
1,0.25,1.5,21,0,0
1,0.25,2,21,0,0
1,0.25,7.5,21.5,0,0
1,0.25,8,21.5,0,0
1,0.25,1.5,21.5,0,0
1,0.25,2,21.5,0,0
1,0.25,7.5,22,0,0
1,0.25,8,22,0,0
1,0.25,1.5,22,0,0
1,0.25,2,22,0,0
1,0.25,7.5,22.5,0,0
1,0.25,8,22.5,0,0
1,0.25,1.5,22.5,0,0
1,0.25,2,22.5,0,0
1,0.25,7.5,23,0,0
1,0.25,8,23,0,0
1,0.25,1.5,23,0,0
1,0.25,2,23,0,0
1,0.25,7.5,23.5,0,0
1,0.25,8,23.5,0,0
1,0.25,1.5,23.5,0,0
1,0.25,2,23.5,0,0
1,0.25,7.5,24,0,0
1,0.25,8,24,0,0
1,0.25,1.5,24,0,0
1,0.25,2,24,0,0
1,0.25,7.5,24.5,0,0
1,0.25,8,24.5,0,0
1,0.25,1.5,24.5,0,0
1,0.25,2,24.5,0,0
1,0.25,7.5,25,0,0
1,0.25,8,25,0,0
1,0.25,1.5,25,0,0
1,0.25,2,25,0,0
1,0.25,7.5,25.5,0,0
1,0.25,8,25.5,0,0
1,0.25,1.5,25.5,0,0
1,0.25,2,25.5,0,0
1,0.25,2.5,1.5,0,0
1,0.25,2.5,2,0,0
1,0.25,2.5,25,0,0
1,0.25,2.5,25.5,0,0
1,0.25,3,1.5,0,0
1,0.25,3,2,0,0
1,0.25,3,25,0,0
1,0.25,3,25.5,0,0
1,0.25,3.5,1.5,0,0
1,0.25,3.5,2,0,0
1,0.25,3.5,25,0,0
1,0.25,3.5,25.5,0,0
1,0.25,4,1.5,0,0
1,0.25,4,2,0,0
1,0.25,4,25,0,0
1,0.25,4,25.5,0,0
1,0.25,4.5,1.5,0,0
1,0.25,4.5,2,0,0
1,0.25,4.5,25,0,0
1,0.25,4.5,25.5,0,0
1,0.25,5,1.5,0,0
1,0.25,5,2,0,0
1,0.25,5,25,0,0
1,0.25,5,25.5,0,0
1,0.25,5.5,1.5,0,0
1,0.25,5.5,2,0,0
1,0.25,5.5,25,0,0
1,0.25,5.5,25.5,0,0
1,0.25,6,1.5,0,0
1,0.25,6,2,0,0
1,0.25,6,25,0,0
1,0.25,6,25.5,0,0
1,0.25,6.5,1.5,0,0
1,0.25,6.5,2,0,0
1,0.25,6.5,25,0,0
1,0.25,6.5,25.5,0,0
1,0.25,7,1.5,0,0
1,0.25,7,2,0,0
1,0.25,7,25,0,0
1,0.25,7,25.5,0,0
