536 2 0.5 3500 0.2 2 0 2e-06 0 9.81 10 35
0,0.25,2.49999,10.8234,-0.00309572,4.48797
0,0.25,2.49971,11.3459,-0.0587791,4.4887
0,0.25,2.49827,11.8445,-0.146152,4.18402
0,0.25,2.4967,12.3393,-0.168409,3.8444
0,0.25,2.49479,12.831,-0.205817,3.41868
0,0.25,2.4926,13.3181,-0.28484,2.81568
0,0.25,2.48952,13.7996,-0.386028,2.08622
0,0.25,2.48564,14.2742,-0.453761,1.34359
0,0.25,2.48193,14.7431,-0.429933,0.782311
0,0.25,2.47933,15.2084,-0.292125,0.552156
0,0.25,2.4796,15.6725,-0.0393244,0.616506
0,0.25,2.48278,16.1372,0.218717,0.832017
0,0.25,2.48871,16.6031,0.368882,1.05475
0,0.25,2.49393,17.0689,0.346319,1.10889
0,0.25,2.49836,17.534,0.184284,0.909346
0,0.25,2.49927,17.997,0.0497099,0.739726
0,0.25,2.49748,18.4571,-0.0887209,0.410369
0,0.25,2.49284,18.9196,-0.105975,0.234597
0,0.25,2.4849,19.3812,-0.106534,0.101595
0,0.25,2.47523,19.8498,-0.0800125,-0.237593
0,0.25,2.46582,20.3217,-0.081749,-0.240713
0,0.25,2.4594,20.8004,0.028963,-0.367345
0,0.25,2.4553,21.2858,0.129954,0.115608
0,0.25,2.45561,21.7755,0.112316,0.482551
0,0.25,2.46155,22.269,0.0277601,0.978486
0,0.25,2.46742,22.7579,0.0516796,1.22424
0,0.25,2.48231,23.2338,-0.0332994,1.1522
0,0.25,2.49266,23.6921,0.0862223,0.719809
0,0.25,2.51477,24.1346,0.261562,0.394996
0,0.25,2.52024,24.5661,0.427951,-0.268804
0,0.25,2.99971,10.9921,-0.0309432,5.26235
0,0.25,2.99822,11.4896,-0.150631,5.01487
0,0.25,2.99661,11.9857,-0.18295,4.6983
0,0.25,2.99528,12.4791,-0.19083,4.35194
0,0.25,2.99354,12.9683,-0.225333,3.79072
0,0.25,2.99123,13.4518,-0.311131,3.06829
0,0.25,2.9884,13.9287,-0.363858,2.31962
0,0.25,2.98531,14.3987,-0.346346,1.64776
0,0.25,2.98322,14.8642,-0.254205,1.21623
0,0.25,2.98258,15.3272,-0.10413,1.12605
0,0.25,2.98425,15.7902,0.0697099,1.22666
0,0.25,2.98719,16.2561,0.142841,1.4135
0,0.25,2.99137,16.7249,0.124294,1.70599
0,0.25,2.99357,17.1951,0.0396196,1.7576
0,0.25,2.99488,17.6694,-0.0875541,1.8629
0,0.25,2.99431,18.1414,0.0359087,2.09893
0,0.25,2.99195,18.6157,0.0993674,1.91262
0,0.25,2.98992,19.0893,0.180698,2.1781
0,0.25,2.98292,19.5541,0.132927,1.72059
0,0.25,2.97503,20.0184,-0.141072,1.35023
0,0.25,2.96578,20.4698,-0.25796,1.22273
0,0.25,2.95977,20.92,-0.174043,0.881339
0,0.25,2.95437,21.3659,-0.0904408,0.883999
0,0.25,2.95644,21.8108,-0.0385077,0.69228
0,0.25,2.96128,22.2561,0.0894257,0.671641
0,0.25,2.96555,22.7012,-0.0363445,0.37765
0,0.25,2.98285,23.153,0.05326,0.417919
0,0.25,3.00295,23.6054,0.417181,-0.0130398
0,0.25,3.01368,24.0697,0.776429,-0.000119467
0,0.25,3.04156,24.5457,0.581266,-0.343411
0,0.25,3.49969,11.0004,-0.0248275,5.24596
0,0.25,3.49841,11.4977,-0.111599,5.03767
0,0.25,3.49779,11.9941,-0.094419,4.79283
0,0.25,3.4971,12.4871,-0.144113,4.36742
0,0.25,3.49589,12.9753,-0.201646,3.76539
0,0.25,3.49397,13.4578,-0.263902,3.00388
0,0.25,3.49192,13.9337,-0.314032,2.28066
0,0.25,3.48971,14.4029,-0.309997,1.62151
0,0.25,3.48769,14.868,-0.276977,1.17059
0,0.25,3.48675,15.3306,-0.195006,1.08129
0,0.25,3.4869,15.7923,-0.0532948,1.07781
0,0.25,3.48815,16.2564,0.0225471,1.08768
0,0.25,3.49065,16.721,0.0764173,1.29682
0,0.25,3.49215,17.1848,0.080748,1.17964
0,0.25,3.49337,17.6539,-0.003248,1.29138
0,0.25,3.49352,18.1189,0.0068459,1.66259
0,0.25,3.49179,18.5882,0.0107198,1.27017
0,0.25,3.48961,19.0591,-0.0660294,1.62824
0,0.25,3.48549,19.5184,-0.0142054,1.07508
0,0.25,3.47982,19.9847,-0.127638,0.655011
0,0.25,3.47643,20.4369,0.0372684,0.971639
0,0.25,3.47241,20.8938,0.150168,0.599723
0,0.25,3.47438,21.3486,0.264579,0.779692
0,0.25,3.47615,21.8031,0.328462,0.447289
0,0.25,3.48178,22.2533,0.267405,0.422644
0,0.25,3.48899,22.7032,0.19866,-0.16321
0,0.25,3.49421,23.1555,0.320655,0.0997729
0,0.25,3.51267,23.6064,0.219007,-0.344281
0,0.25,3.4991,24.0635,0.253981,-0.235922
0,0.25,3.52685,24.533,0.604552,-0.383886
0,0.25,3.9999,11,-0.00801324,5.20803
0,0.25,3.99945,11.4972,-0.0421649,5.00852
0,0.25,3.99892,11.9936,-0.0697052,4.75526
0,0.25,3.99806,12.4861,-0.115409,4.29621
0,0.25,3.9971,12.9739,-0.146576,3.72574
0,0.25,3.99599,13.4561,-0.161072,2.961
0,0.25,3.99468,13.9321,-0.181185,2.25634
0,0.25,3.99362,14.4012,-0.169482,1.65891
0,0.25,3.99263,14.8667,-0.113077,1.22667
0,0.25,3.9924,15.3308,-0.0579896,1.20027
0,0.25,3.99319,15.7932,0.030289,1.22172
0,0.25,3.99415,16.2586,0.0780804,1.12647
0,0.25,3.99557,16.7239,0.0252747,1.33686
0,0.25,3.99664,17.1866,0.00293056,1.15386
0,0.25,3.99598,17.6558,-0.0691084,1.21171
0,0.25,3.99548,18.1198,-0.12549,1.75024
0,0.25,3.99399,18.5871,0.0184521,1.29337
0,0.25,3.99162,19.0583,0.014801,1.63828
0,0.25,3.99105,19.5147,0.0895644,1.17273
0,0.25,3.9887,19.9806,0.173328,0.566331
0,0.25,3.98665,20.4316,0.00632437,0.976141
0,0.25,3.98637,20.8871,0.0156579,0.448231
0,0.25,3.98355,21.3417,0.00942384,0.749833
0,0.25,3.98526,21.7945,0.0203535,0.370603
0,0.25,3.98643,22.2499,0.176863,0.567008
0,0.25,3.99373,22.7054,0.265596,0.179275
0,0.25,3.99728,23.1661,0.231289,0.308919
0,0.25,4.01702,23.6287,0.485163,-0.087985
0,0.25,4.00242,24.0832,0.211895,-0.0858266
0,0.25,4.01359,24.5384,0.596121,-0.320277
0,0.25,4.49994,10.9998,-0.00437175,5.18671
0,0.25,4.49969,11.4968,-0.0222325,4.98353
0,0.25,4.4995,11.9932,-0.0270812,4.7458
0,0.25,4.49935,12.4857,-0.0226022,4.28601
0,0.25,4.49923,12.9735,-0.0254494,3.71486
0,0.25,4.49909,13.4554,-0.0370818,2.94767
0,0.25,4.49867,13.9313,-0.0560106,2.23436
0,0.25,4.49826,14.4006,-0.0767572,1.67746
0,0.25,4.49785,14.8662,-0.0656708,1.27166
0,0.25,4.49741,15.331,-0.058952,1.22246
0,0.25,4.49749,15.7941,-0.0436609,1.28623
0,0.25,4.49753,16.2588,-0.00860709,1.10307
0,0.25,4.49748,16.7248,-0.0353188,1.2548
0,0.25,4.49814,17.1863,-0.0122643,1.19235
0,0.25,4.49769,17.654,0.0310734,1.10777
0,0.25,4.49804,18.12,-0.00765044,1.81221
0,0.25,4.49864,18.5846,0.0955641,1.43205
0,0.25,4.49759,19.0581,0.0178653,1.50188
0,0.25,4.49866,19.5156,-0.0410259,1.3753
0,0.25,4.49627,19.978,-0.0100355,0.486786
0,0.25,4.49482,20.4354,-0.154641,0.963488
0,0.25,4.4948,20.889,0.0688655,0.854208
0,0.25,4.49348,21.3473,0.186552,0.781647
0,0.25,4.49678,21.8035,0.23382,0.581859
0,0.25,4.4965,22.2561,0.15379,0.430197
0,0.25,4.50189,22.7105,0.0161046,0.0591897
0,0.25,4.49763,23.1665,0.035481,0.157254
0,0.25,4.50315,23.6254,0.0463959,0.0339473
0,0.25,4.50096,24.0898,-0.0496597,0.0269641
0,0.25,4.50141,24.5464,0.0962348,-0.121574
0,0.25,5.00006,10.9998,0.00437175,5.18671
0,0.25,5.00031,11.4968,0.0222325,4.98353
0,0.25,5.0005,11.9932,0.0270812,4.7458
0,0.25,5.00065,12.4857,0.0226022,4.28601
0,0.25,5.00077,12.9735,0.0254494,3.71486
0,0.25,5.00091,13.4554,0.0370818,2.94767
0,0.25,5.00133,13.9313,0.0560106,2.23436
0,0.25,5.00174,14.4006,0.0767572,1.67746
0,0.25,5.00215,14.8662,0.0656708,1.27166
0,0.25,5.00259,15.331,0.058952,1.22246
0,0.25,5.00251,15.7941,0.0436609,1.28623
0,0.25,5.00247,16.2588,0.00860709,1.10307
0,0.25,5.00252,16.7248,0.0353188,1.2548
0,0.25,5.00186,17.1863,0.0122643,1.19235
0,0.25,5.00231,17.654,-0.0310734,1.10777
0,0.25,5.00196,18.12,0.00765044,1.81221
0,0.25,5.00136,18.5846,-0.0955641,1.43205
0,0.25,5.00241,19.0581,-0.0178653,1.50188
0,0.25,5.00134,19.5156,0.0410259,1.3753
0,0.25,5.00373,19.978,0.0100355,0.486786
0,0.25,5.00518,20.4354,0.154641,0.963488
0,0.25,5.0052,20.889,-0.0688655,0.854208
0,0.25,5.00652,21.3473,-0.186552,0.781647
0,0.25,5.00322,21.8035,-0.23382,0.581859
0,0.25,5.0035,22.2561,-0.15379,0.430197
0,0.25,4.99811,22.7105,-0.0161046,0.0591897
0,0.25,5.00237,23.1665,-0.035481,0.157254
0,0.25,4.99685,23.6254,-0.0463959,0.0339473
0,0.25,4.99904,24.0898,0.0496597,0.0269641
0,0.25,4.99859,24.5464,-0.0962348,-0.121574
0,0.25,5.5001,11,0.00801324,5.20803
0,0.25,5.50055,11.4972,0.0421649,5.00852
0,0.25,5.50108,11.9936,0.0697052,4.75526
0,0.25,5.50194,12.4861,0.115409,4.29621
0,0.25,5.5029,12.9739,0.146576,3.72574
0,0.25,5.50401,13.4561,0.161072,2.961
0,0.25,5.50532,13.9321,0.181185,2.25634
0,0.25,5.50638,14.4012,0.169482,1.65891
0,0.25,5.50737,14.8667,0.113077,1.22667
0,0.25,5.5076,15.3308,0.0579896,1.20027
0,0.25,5.50681,15.7932,-0.030289,1.22172
0,0.25,5.50585,16.2586,-0.0780804,1.12647
0,0.25,5.50443,16.7239,-0.0252747,1.33686
0,0.25,5.50336,17.1866,-0.00293056,1.15386
0,0.25,5.50402,17.6558,0.0691084,1.21171
0,0.25,5.50452,18.1198,0.12549,1.75024
0,0.25,5.50601,18.5871,-0.0184521,1.29337
0,0.25,5.50838,19.0583,-0.014801,1.63828
0,0.25,5.50895,19.5147,-0.0895644,1.17273
0,0.25,5.5113,19.9806,-0.173328,0.566331
0,0.25,5.51335,20.4316,-0.00632437,0.976141
0,0.25,5.51363,20.8871,-0.0156579,0.448231
0,0.25,5.51645,21.3417,-0.00942384,0.749833
0,0.25,5.51474,21.7945,-0.0203535,0.370603
0,0.25,5.51357,22.2499,-0.176863,0.567008
0,0.25,5.50627,22.7054,-0.265596,0.179275
0,0.25,5.50272,23.1661,-0.231289,0.308919
0,0.25,5.48298,23.6287,-0.485163,-0.087985
0,0.25,5.49758,24.0832,-0.211895,-0.0858266
0,0.25,5.48641,24.5384,-0.596121,-0.320277
0,0.25,6.00031,11.0004,0.0248275,5.24596
0,0.25,6.00159,11.4977,0.111599,5.03767
0,0.25,6.00221,11.9941,0.094419,4.79283
0,0.25,6.0029,12.4871,0.144113,4.36742
0,0.25,6.00411,12.9753,0.201646,3.76539
0,0.25,6.00603,13.4578,0.263902,3.00388
0,0.25,6.00808,13.9337,0.314032,2.28066
0,0.25,6.01029,14.4029,0.309997,1.62151
0,0.25,6.01231,14.868,0.276977,1.17059
0,0.25,6.01325,15.3306,0.195006,1.08129
0,0.25,6.0131,15.7923,0.0532948,1.07781
0,0.25,6.01185,16.2564,-0.0225471,1.08768
0,0.25,6.00935,16.721,-0.0764173,1.29682
0,0.25,6.00785,17.1848,-0.080748,1.17964
0,0.25,6.00663,17.6539,0.003248,1.29138
0,0.25,6.00648,18.1189,-0.0068459,1.66259
0,0.25,6.00821,18.5882,-0.0107198,1.27017
0,0.25,6.01039,19.0591,0.0660294,1.62824
0,0.25,6.01451,19.5184,0.0142054,1.07508
0,0.25,6.02018,19.9847,0.127638,0.655011
0,0.25,6.02357,20.4369,-0.0372684,0.971639
0,0.25,6.02759,20.8938,-0.150168,0.599723
0,0.25,6.02562,21.3486,-0.264579,0.779692
0,0.25,6.02385,21.8031,-0.328462,0.447289
0,0.25,6.01822,22.2533,-0.267405,0.422644
0,0.25,6.01101,22.7032,-0.19866,-0.16321
0,0.25,6.00579,23.1555,-0.320655,0.0997729
0,0.25,5.98733,23.6064,-0.219007,-0.344281
0,0.25,6.0009,24.0635,-0.253981,-0.235922
0,0.25,5.97315,24.533,-0.604552,-0.383886
0,0.25,6.50029,10.9921,0.0309432,5.26235
0,0.25,6.50178,11.4896,0.150631,5.01487
0,0.25,6.50339,11.9857,0.18295,4.6983
0,0.25,6.50472,12.4791,0.19083,4.35194
0,0.25,6.50646,12.9683,0.225333,3.79072
0,0.25,6.50877,13.4518,0.311131,3.06829
0,0.25,6.5116,13.9287,0.363858,2.31962
0,0.25,6.51469,14.3987,0.346346,1.64776
0,0.25,6.51678,14.8642,0.254205,1.21623
0,0.25,6.51742,15.3272,0.10413,1.12605
0,0.25,6.51575,15.7902,-0.0697099,1.22666
0,0.25,6.51281,16.2561,-0.142841,1.4135
0,0.25,6.50863,16.7249,-0.124294,1.70599
0,0.25,6.50643,17.1951,-0.0396196,1.7576
0,0.25,6.50512,17.6694,0.0875541,1.8629
0,0.25,6.50569,18.1414,-0.0359087,2.09893
0,0.25,6.50805,18.6157,-0.0993674,1.91262
0,0.25,6.51008,19.0893,-0.180698,2.1781
0,0.25,6.51708,19.5541,-0.132927,1.72059
0,0.25,6.52497,20.0184,0.141072,1.35023
0,0.25,6.53422,20.4698,0.25796,1.22273
0,0.25,6.54023,20.92,0.174043,0.881339
0,0.25,6.54563,21.3659,0.0904408,0.883999
0,0.25,6.54356,21.8108,0.0385077,0.69228
0,0.25,6.53872,22.2561,-0.0894257,0.671641
0,0.25,6.53445,22.7012,0.0363445,0.37765
0,0.25,6.51715,23.153,-0.05326,0.417919
0,0.25,6.49705,23.6054,-0.417181,-0.0130398
0,0.25,6.48632,24.0697,-0.776429,-0.000119467
0,0.25,6.45844,24.5457,-0.581266,-0.343411
0,0.25,7.00001,10.8234,0.00309572,4.48797
0,0.25,7.00029,11.3459,0.0587791,4.4887
0,0.25,7.00173,11.8445,0.146152,4.18402
0,0.25,7.0033,12.3393,0.168409,3.8444
0,0.25,7.00521,12.831,0.205817,3.41868
0,0.25,7.0074,13.3181,0.28484,2.81568
0,0.25,7.01048,13.7996,0.386028,2.08622
0,0.25,7.01436,14.2742,0.453761,1.34359
0,0.25,7.01807,14.7431,0.429933,0.782311
0,0.25,7.02067,15.2084,0.292125,0.552156
0,0.25,7.0204,15.6725,0.0393244,0.616506
0,0.25,7.01722,16.1372,-0.218717,0.832017
0,0.25,7.01129,16.6031,-0.368882,1.05475
0,0.25,7.00607,17.0689,-0.346319,1.10889
0,0.25,7.00164,17.534,-0.184284,0.909346
0,0.25,7.00073,17.997,-0.0497099,0.739726
0,0.25,7.00252,18.4571,0.0887209,0.410369
0,0.25,7.00716,18.9196,0.105975,0.234597
0,0.25,7.0151,19.3812,0.106534,0.101595
0,0.25,7.02477,19.8498,0.0800125,-0.237593
0,0.25,7.03418,20.3217,0.081749,-0.240713
0,0.25,7.0406,20.8004,-0.028963,-0.367345
0,0.25,7.0447,21.2858,-0.129954,0.115608
0,0.25,7.04439,21.7755,-0.112316,0.482551
0,0.25,7.03845,22.269,-0.0277601,0.978486
0,0.25,7.03258,22.7579,-0.0516796,1.22424
0,0.25,7.01769,23.2338,0.0332994,1.1522
0,0.25,7.00734,23.6921,-0.0862223,0.719809
0,0.25,6.98523,24.1346,-0.261562,0.394996
0,0.25,6.97976,24.5661,-0.427951,-0.268804
1,0.25,7.5,1.5,0,0
1,0.25,8,1.5,0,0
1,0.25,1.5,1.5,0,0
1,0.25,2,1.5,0,0
1,0.25,7.5,2,0,0
1,0.25,8,2,0,0
1,0.25,1.5,2,0,0
1,0.25,2,2,0,0
1,0.25,7.5,2.5,0,0
1,0.25,8,2.5,0,0
1,0.25,1.5,2.5,0,0
1,0.25,2,2.5,0,0
1,0.25,7.5,3,0,0
1,0.25,8,3,0,0
1,0.25,1.5,3,0,0
1,0.25,2,3,0,0
1,0.25,7.5,3.5,0,0
1,0.25,8,3.5,0,0
1,0.25,1.5,3.5,0,0
1,0.25,2,3.5,0,0
1,0.25,7.5,4,0,0
1,0.25,8,4,0,0
1,0.25,1.5,4,0,0
1,0.25,2,4,0,0
1,0.25,7.5,4.5,0,0
1,0.25,8,4.5,0,0
1,0.25,1.5,4.5,0,0
1,0.25,2,4.5,0,0
1,0.25,7.5,5,0,0
1,0.25,8,5,0,0
1,0.25,1.5,5,0,0
1,0.25,2,5,0,0
1,0.25,7.5,5.5,0,0
1,0.25,8,5.5,0,0
1,0.25,1.5,5.5,0,0
1,0.25,2,5.5,0,0
1,0.25,7.5,6,0,0
1,0.25,8,6,0,0
1,0.25,1.5,6,0,0
1,0.25,2,6,0,0
1,0.25,7.5,6.5,0,0
1,0.25,8,6.5,0,0
1,0.25,1.5,6.5,0,0
1,0.25,2,6.5,0,0
1,0.25,7.5,7,0,0
1,0.25,8,7,0,0
1,0.25,1.5,7,0,0
1,0.25,2,7,0,0
1,0.25,7.5,7.5,0,0
1,0.25,8,7.5,0,0
1,0.25,1.5,7.5,0,0
1,0.25,2,7.5,0,0
1,0.25,7.5,8,0,0
1,0.25,8,8,0,0
1,0.25,1.5,8,0,0
1,0.25,2,8,0,0
1,0.25,7.5,8.5,0,0
1,0.25,8,8.5,0,0
1,0.25,1.5,8.5,0,0
1,0.25,2,8.5,0,0
1,0.25,7.5,9,0,0
1,0.25,8,9,0,0
1,0.25,1.5,9,0,0
1,0.25,2,9,0,0
1,0.25,7.5,9.5,0,0
1,0.25,8,9.5,0,0
1,0.25,1.5,9.5,0,0
1,0.25,2,9.5,0,0
1,0.25,7.5,10,0,0
1,0.25,8,10,0,0
1,0.25,1.5,10,0,0
1,0.25,2,10,0,0
1,0.25,7.5,10.5,0,0
1,0.25,8,10.5,0,0
1,0.25,1.5,10.5,0,0
1,0.25,2,10.5,0,0
1,0.25,7.5,11,0,0
1,0.25,8,11,0,0
1,0.25,1.5,11,0,0
1,0.25,2,11,0,0
1,0.25,7.5,11.5,0,0
1,0.25,8,11.5,0,0
1,0.25,1.5,11.5,0,0
1,0.25,2,11.5,0,0
1,0.25,7.5,12,0,0
1,0.25,8,12,0,0
1,0.25,1.5,12,0,0
1,0.25,2,12,0,0
1,0.25,7.5,12.5,0,0
1,0.25,8,12.5,0,0
1,0.25,1.5,12.5,0,0
1,0.25,2,12.5,0,0
1,0.25,7.5,13,0,0
1,0.25,8,13,0,0
1,0.25,1.5,13,0,0
1,0.25,2,13,0,0
1,0.25,7.5,13.5,0,0
1,0.25,8,13.5,0,0
1,0.25,1.5,13.5,0,0
1,0.25,2,13.5,0,0
1,0.25,7.5,14,0,0
1,0.25,8,14,0,0
1,0.25,1.5,14,0,0
1,0.25,2,14,0,0
1,0.25,7.5,14.5,0,0
1,0.25,8,14.5,0,0
1,0.25,1.5,14.5,0,0
1,0.25,2,14.5,0,0
1,0.25,7.5,15,0,0
1,0.25,8,15,0,0
1,0.25,1.5,15,0,0
1,0.25,2,15,0,0
1,0.25,7.5,15.5,0,0
1,0.25,8,15.5,0,0
1,0.25,1.5,15.5,0,0
1,0.25,2,15.5,0,0
1,0.25,7.5,16,0,0
1,0.25,8,16,0,0
1,0.25,1.5,16,0,0
1,0.25,2,16,0,0
1,0.25,7.5,16.5,0,0
1,0.25,8,16.5,0,0
1,0.25,1.5,16.5,0,0
1,0.25,2,16.5,0,0
1,0.25,7.5,17,0,0
1,0.25,8,17,0,0
1,0.25,1.5,17,0,0
1,0.25,2,17,0,0
1,0.25,7.5,17.5,0,0
1,0.25,8,17.5,0,0
1,0.25,1.5,17.5,0,0
1,0.25,2,17.5,0,0
1,0.25,7.5,18,0,0
1,0.25,8,18,0,0
1,0.25,1.5,18,0,0
1,0.25,2,18,0,0
1,0.25,7.5,18.5,0,0
1,0.25,8,18.5,0,0
1,0.25,1.5,18.5,0,0
1,0.25,2,18.5,0,0
1,0.25,7.5,19,0,0
1,0.25,8,19,0,0
1,0.25,1.5,19,0,0
1,0.25,2,19,0,0
1,0.25,7.5,19.5,0,0
1,0.25,8,19.5,0,0
1,0.25,1.5,19.5,0,0
1,0.25,2,19.5,0,0
1,0.25,7.5,20,0,0
1,0.25,8,20,0,0
1,0.25,1.5,20,0,0
1,0.25,2,20,0,0
1,0.25,7.5,20.5,0,0
1,0.25,8,20.5,0,0
1,0.25,1.5,20.5,0,0
1,0.25,2,20.5,0,0
1,0.25,7.5,21,0,0
1,0.25,8,21,0,0
1,0.25,1.5,21,0,0
1,0.25,2,21,0,0
1,0.25,7.5,21.5,0,0
1,0.25,8,21.5,0,0
1,0.25,1.5,21.5,0,0
1,0.25,2,21.5,0,0
1,0.25,7.5,22,0,0
1,0.25,8,22,0,0
1,0.25,1.5,22,0,0
1,0.25,2,22,0,0
1,0.25,7.5,22.5,0,0
1,0.25,8,22.5,0,0
1,0.25,1.5,22.5,0,0
1,0.25,2,22.5,0,0
1,0.25,7.5,23,0,0
1,0.25,8,23,0,0
1,0.25,1.5,23,0,0
1,0.25,2,23,0,0
1,0.25,7.5,23.5,0,0
1,0.25,8,23.5,0,0
1,0.25,1.5,23.5,0,0
1,0.25,2,23.5,0,0
1,0.25,7.5,24,0,0
1,0.25,8,24,0,0
1,0.25,1.5,24,0,0
1,0.25,2,24,0,0
1,0.25,7.5,24.5,0,0
1,0.25,8,24.5,0,0
1,0.25,1.5,24.5,0,0
1,0.25,2,24.5,0,0
1,0.25,7.5,25,0,0
1,0.25,8,25,0,0
1,0.25,1.5,25,0,0
1,0.25,2,25,0,0
1,0.25,7.5,25.5,0,0
1,0.25,8,25.5,0,0
1,0.25,1.5,25.5,0,0
1,0.25,2,25.5,0,0
1,0.25,2.5,1.5,0,0
1,0.25,2.5,2,0,0
1,0.25,2.5,25,0,0
1,0.25,2.5,25.5,0,0
1,0.25,3,1.5,0,0
1,0.25,3,2,0,0
1,0.25,3,25,0,0
1,0.25,3,25.5,0,0
1,0.25,3.5,1.5,0,0
1,0.25,3.5,2,0,0
1,0.25,3.5,25,0,0
1,0.25,3.5,25.5,0,0
1,0.25,4,1.5,0,0
1,0.25,4,2,0,0
1,0.25,4,25,0,0
1,0.25,4,25.5,0,0
1,0.25,4.5,1.5,0,0
1,0.25,4.5,2,0,0
1,0.25,4.5,25,0,0
1,0.25,4.5,25.5,0,0
1,0.25,5,1.5,0,0
1,0.25,5,2,0,0
1,0.25,5,25,0,0
1,0.25,5,25.5,0,0
1,0.25,5.5,1.5,0,0
1,0.25,5.5,2,0,0
1,0.25,5.5,25,0,0
1,0.25,5.5,25.5,0,0
1,0.25,6,1.5,0,0
1,0.25,6,2,0,0
1,0.25,6,25,0,0
1,0.25,6,25.5,0,0
1,0.25,6.5,1.5,0,0
1,0.25,6.5,2,0,0
1,0.25,6.5,25,0,0
1,0.25,6.5,25.5,0,0
1,0.25,7,1.5,0,0
1,0.25,7,2,0,0
1,0.25,7,25,0,0
1,0.25,7,25.5,0,0
