536 2 0.5 3500 0.2 2 0 2e-06 0 9.81 10 35
0,0.25,2.5,9.69096,-1.02072e-06,1.83948
0,0.25,2.5,10.192,-1.91209e-06,1.85708
0,0.25,2.5,10.692,-2.22299e-06,1.85753
0,0.25,2.5,11.192,-3.29934e-06,1.85755
0,0.25,2.5,11.692,-3.98665e-06,1.85755
0,0.25,2.5,12.192,-4.64798e-06,1.85755
0,0.25,2.5,12.692,-4.88811e-06,1.85755
0,0.25,2.5,13.192,-5.05616e-06,1.85755
0,0.25,2.5,13.692,-5.10715e-06,1.85755
0,0.25,2.5,14.192,-5.13069e-06,1.85755
0,0.25,2.5,14.692,-5.13728e-06,1.85755
0,0.25,2.5,15.192,-5.1392e-06,1.85755
0,0.25,2.5,15.692,-5.13971e-06,1.85755
0,0.25,2.5,16.192,-5.13982e-06,1.85755
0,0.25,2.5,16.692,-5.13985e-06,1.85755
0,0.25,2.5,17.192,-5.13985e-06,1.85755
0,0.25,2.5,17.692,-5.14406e-06,1.85755
0,0.25,2.5,18.192,-5.1753e-06,1.85755
0,0.25,2.5,18.692,-5.25529e-06,1.85755
0,0.25,2.5,19.192,-6.04965e-06,1.85755
0,0.25,2.5,19.692,-8.43718e-06,1.85755
0,0.25,2.5,20.192,-2.39145e-05,1.85753
0,0.25,2.5,20.692,-7.94609e-05,1.85754
0,0.25,2.5,21.192,-8.20151e-05,1.85751
0,0.25,2.49999,21.692,-0.000248027,1.85754
0,0.25,2.49999,22.192,-0.00024413,1.85743
0,0.25,2.49997,22.692,-0.000752088,1.85752
0,0.25,2.49997,23.192,-0.000753986,1.85715
0,0.25,2.49991,23.692,-0.00235683,1.85705
0,0.25,2.49998,24.1909,-0.00058934,1.83733
0,0.25,3,9.69852,-1.17754e-05,1.97283
0,0.25,3,10.1985,-4.81533e-05,1.97182
0,0.25,3,10.6985,-1.53871e-05,1.97206
0,0.25,3,11.1985,-1.2148e-05,1.97207
0,0.25,3,11.6985,-6.25491e-06,1.97207
0,0.25,3,12.1985,-4.96095e-06,1.97207
0,0.25,3,12.6985,-5.25412e-06,1.97207
0,0.25,3,13.1985,-5.49413e-06,1.97207
0,0.25,3,13.6985,-5.5734e-06,1.97207
0,0.25,3,14.1985,-5.61531e-06,1.97207
0,0.25,3,14.6985,-5.62864e-06,1.97207
0,0.25,3,15.1985,-5.63318e-06,1.97207
0,0.25,3,15.6985,-5.63456e-06,1.97207
0,0.25,3,16.1985,-5.63491e-06,1.97207
0,0.25,3,16.6985,-5.635e-06,1.97207
0,0.25,3,17.1985,-5.63501e-06,1.97207
0,0.25,3,17.6985,-5.63602e-06,1.97207
0,0.25,3,18.1985,-9.56499e-06,1.97206
0,0.25,3,18.6985,-2.18501e-05,1.97207
0,0.25,3,19.1985,-2.25445e-05,1.97206
0,0.25,3,19.6985,-5.88152e-05,1.97207
0,0.25,3,20.1985,-4.87442e-05,1.97198
0,0.25,3,20.6985,-0.000128573,1.97206
0,0.25,3,21.1985,-0.000100873,1.97187
0,0.25,2.99999,21.6985,-0.000271025,1.97205
0,0.25,2.99999,22.1985,-0.000202298,1.9715
0,0.25,2.99998,22.6985,-0.000549231,1.97201
0,0.25,2.99999,23.1984,-0.000383908,1.97037
0,0.25,2.99999,23.6985,-0.000858464,1.97177
0,0.25,3,24.1985,-0.000213804,1.97147
0,0.25,3.5,9.69856,-3.93007e-07,1.97371
0,0.25,3.5,10.1986,-1.31417e-06,1.97375
0,0.25,3.5,10.6986,-1.09142e-06,1.97379
0,0.25,3.5,11.1986,-2.23118e-06,1.97375
0,0.25,3.5,11.6986,-2.5405e-06,1.97376
0,0.25,3.5,12.1986,-3.56725e-06,1.97375
0,0.25,3.5,12.6986,-3.96409e-06,1.97375
0,0.25,3.5,13.1986,-4.4865e-06,1.97375
0,0.25,3.5,13.6986,-4.65327e-06,1.97375
0,0.25,3.5,14.1986,-4.79334e-06,1.97375
0,0.25,3.5,14.6986,-4.83402e-06,1.97375
0,0.25,3.5,15.1986,-4.85453e-06,1.97375
0,0.25,3.5,15.6986,-4.86016e-06,1.97375
0,0.25,3.5,16.1986,-4.86198e-06,1.97375
0,0.25,3.5,16.6986,-4.86243e-06,1.97375
0,0.25,3.5,17.1986,-4.86244e-06,1.97375
0,0.25,3.5,17.6986,-4.86375e-06,1.97375
0,0.25,3.5,18.1986,-6.90843e-06,1.97373
0,0.25,3.5,18.6986,-1.33084e-05,1.97375
0,0.25,3.5,19.1986,-2.06488e-05,1.9737
0,0.25,3.5,19.6986,-6.10812e-05,1.97375
0,0.25,3.5,20.1986,-3.94853e-05,1.97364
0,0.25,3.5,20.6986,-8.98913e-05,1.97375
0,0.25,3.5,21.1986,-5.86781e-05,1.97352
0,0.25,3.5,21.6986,-0.000140219,1.97374
0,0.25,3.5,22.1985,-7.40579e-05,1.97325
0,0.25,3.5,22.6986,-0.000128638,1.97368
0,0.25,3.50001,23.1985,6.56094e-05,1.97282
0,0.25,3.50004,23.6986,0.000512391,1.97373
0,0.25,3.50001,24.1985,0.000122599,1.9716
0,0.25,4,9.69856,9.49212e-06,1.97375
0,0.25,4,10.1986,3.88878e-05,1.97377
0,0.25,4,10.6986,9.97409e-06,1.97378
0,0.25,4,11.1986,6.80144e-06,1.97377
0,0.25,4,11.6986,3.82268e-08,1.97377
0,0.25,4,12.1986,-3.01787e-06,1.97377
0,0.25,4,12.6986,-3.38228e-06,1.97377
0,0.25,4,13.1986,-3.88371e-06,1.97377
0,0.25,4,13.6986,-4.04456e-06,1.97377
0,0.25,4,14.1986,-4.18762e-06,1.97377
0,0.25,4,14.6986,-4.22917e-06,1.97377
0,0.25,4,15.1986,-4.25118e-06,1.97377
0,0.25,4,15.6986,-4.25721e-06,1.97377
0,0.25,4,16.1986,-4.25923e-06,1.97377
0,0.25,4,16.6986,-4.25973e-06,1.97377
0,0.25,4,17.1986,-4.25974e-06,1.97377
0,0.25,4,17.6986,-4.26096e-06,1.97377
0,0.25,4,18.1986,-3.45305e-06,1.97376
0,0.25,4,18.6986,-9.48897e-07,1.97377
0,0.25,4,19.1986,-8.86834e-06,1.9737
0,0.25,4,19.6986,-2.61254e-05,1.97377
0,0.25,4,20.1986,-2.14118e-05,1.97364
0,0.25,4,20.6986,-5.24326e-05,1.97376
0,0.25,4,21.1986,-4.24072e-05,1.97348
0,0.25,4,21.6986,-0.000111653,1.97375
0,0.25,4,22.1985,-8.60653e-05,1.97314
0,0.25,3.99999,22.6986,-0.000206654,1.97371
0,0.25,3.99999,23.1985,-0.000139296,1.97257
0,0.25,3.99998,23.6986,-0.000501037,1.97375
0,0.25,4,24.1985,-0.000116718,1.97214
0,0.25,4.5,9.69856,-1.18308e-06,1.97376
0,0.25,4.5,10.1986,-6.01458e-06,1.97377
0,0.25,4.5,10.6986,-2.27192e-06,1.97378
0,0.25,4.5,11.1986,-1.46543e-07,1.97377
0,0.25,4.5,11.6986,-1.53691e-07,1.97377
0,0.25,4.5,12.1986,-2.96714e-07,1.97377
0,0.25,4.5,12.6986,-3.52513e-07,1.97377
0,0.25,4.5,13.1986,-4.20731e-07,1.97377
0,0.25,4.5,13.6986,-4.49997e-07,1.97377
0,0.25,4.5,14.1986,-4.73942e-07,1.97377
0,0.25,4.5,14.6986,-4.8242e-07,1.97377
0,0.25,4.5,15.1986,-4.86759e-07,1.97377
0,0.25,4.5,15.6986,-4.88087e-07,1.97377
0,0.25,4.5,16.1986,-4.88551e-07,1.97377
0,0.25,4.5,16.6986,-4.8867e-07,1.97377
0,0.25,4.5,17.1986,-4.88677e-07,1.97377
0,0.25,4.5,17.6986,-4.85278e-07,1.97377
0,0.25,4.5,18.1986,-1.5316e-06,1.97375
0,0.25,4.5,18.6986,-4.83223e-06,1.97377
0,0.25,4.5,19.1986,-5.29249e-06,1.97368
0,0.25,4.5,19.6986,-1.60814e-05,1.97377
0,0.25,4.5,20.1986,-7.39692e-06,1.97363
0,0.25,4.5,20.6986,-1.35291e-05,1.97376
0,0.25,4.5,21.1986,-4.46941e-06,1.97348
0,0.25,4.5,21.6986,1.06906e-07,1.97375
0,0.25,4.5,22.1985,2.42225e-05,1.9732
0,0.25,4.5,22.6986,0.000107563,1.97374
0,0.25,4.50001,23.1985,0.000143226,1.97275
0,0.25,4.50002,23.6986,0.000430746,1.97372
0,0.25,4.5,24.1985,9.88025e-05,1.97192
0,0.25,5,9.69856,1.18308e-06,1.97376
0,0.25,5,10.1986,6.01457e-06,1.97377
0,0.25,5,10.6986,2.27194e-06,1.97378
0,0.25,5,11.1986,1.46554e-07,1.97377
0,0.25,5,11.6986,1.53693e-07,1.97377
0,0.25,5,12.1986,2.96719e-07,1.97377
0,0.25,5,12.6986,3.52518e-07,1.97377
0,0.25,5,13.1986,4.20736e-07,1.97377
0,0.25,5,13.6986,4.50003e-07,1.97377
0,0.25,5,14.1986,4.73947e-07,1.97377
0,0.25,5,14.6986,4.82425e-07,1.97377
0,0.25,5,15.1986,4.86764e-07,1.97377
0,0.25,5,15.6986,4.88092e-07,1.97377
0,0.25,5,16.1986,4.88555e-07,1.97377
0,0.25,5,16.6986,4.88674e-07,1.97377
0,0.25,5,17.1986,4.88681e-07,1.97377
0,0.25,5,17.6986,4.85283e-07,1.97377
0,0.25,5,18.1986,1.53159e-06,1.97375
0,0.25,5,18.6986,4.83217e-06,1.97377
0,0.25,5,19.1986,5.29249e-06,1.97368
0,0.25,5,19.6986,1.60814e-05,1.97377
0,0.25,5,20.1986,7.39693e-06,1.97363
0,0.25,5,20.6986,1.35291e-05,1.97376
0,0.25,5,21.1986,4.4694e-06,1.97348
0,0.25,5,21.6986,-1.06894e-07,1.97375
0,0.25,5,22.1985,-2.42224e-05,1.9732
0,0.25,5,22.6986,-0.000107563,1.97374
0,0.25,4.99999,23.1985,-0.000143226,1.97275
0,0.25,4.99998,23.6986,-0.000430746,1.97372
0,0.25,5,24.1985,-9.88025e-05,1.97192
0,0.25,5.5,9.69856,-9.49211e-06,1.97375
0,0.25,5.5,10.1986,-3.88878e-05,1.97377
0,0.25,5.5,10.6986,-9.97411e-06,1.97378
0,0.25,5.5,11.1986,-6.80145e-06,1.97377
0,0.25,5.5,11.6986,-3.82282e-08,1.97377
0,0.25,5.5,12.1986,3.01787e-06,1.97377
0,0.25,5.5,12.6986,3.38228e-06,1.97377
0,0.25,5.5,13.1986,3.8837e-06,1.97377
0,0.25,5.5,13.6986,4.04456e-06,1.97377
0,0.25,5.5,14.1986,4.18762e-06,1.97377
0,0.25,5.5,14.6986,4.22917e-06,1.97377
0,0.25,5.5,15.1986,4.25117e-06,1.97377
0,0.25,5.5,15.6986,4.25721e-06,1.97377
0,0.25,5.5,16.1986,4.25923e-06,1.97377
0,0.25,5.5,16.6986,4.25973e-06,1.97377
0,0.25,5.5,17.1986,4.25974e-06,1.97377
0,0.25,5.5,17.6986,4.26096e-06,1.97377
0,0.25,5.5,18.1986,3.45306e-06,1.97376
0,0.25,5.5,18.6986,9.48923e-07,1.97377
0,0.25,5.5,19.1986,8.86834e-06,1.9737
0,0.25,5.5,19.6986,2.61253e-05,1.97377
0,0.25,5.5,20.1986,2.14118e-05,1.97364
0,0.25,5.5,20.6986,5.24326e-05,1.97376
0,0.25,5.5,21.1986,4.24072e-05,1.97348
0,0.25,5.5,21.6986,0.000111653,1.97375
0,0.25,5.5,22.1985,8.60653e-05,1.97314
0,0.25,5.50001,22.6986,0.000206654,1.97371
0,0.25,5.50001,23.1985,0.000139296,1.97257
0,0.25,5.50002,23.6986,0.000501037,1.97375
0,0.25,5.5,24.1985,0.000116718,1.97214
0,0.25,6,9.69856,3.93007e-07,1.97371
0,0.25,6,10.1986,1.31417e-06,1.97375
0,0.25,6,10.6986,1.09142e-06,1.97379
0,0.25,6,11.1986,2.23117e-06,1.97375
0,0.25,6,11.6986,2.5405e-06,1.97376
0,0.25,6,12.1986,3.56725e-06,1.97375
0,0.25,6,12.6986,3.96408e-06,1.97375
0,0.25,6,13.1986,4.4865e-06,1.97375
0,0.25,6,13.6986,4.65327e-06,1.97375
0,0.25,6,14.1986,4.79333e-06,1.97375
0,0.25,6,14.6986,4.83401e-06,1.97375
0,0.25,6,15.1986,4.85452e-06,1.97375
0,0.25,6,15.6986,4.86015e-06,1.97375
0,0.25,6,16.1986,4.86197e-06,1.97375
0,0.25,6,16.6986,4.86243e-06,1.97375
0,0.25,6,17.1986,4.86244e-06,1.97375
0,0.25,6,17.6986,4.86374e-06,1.97375
0,0.25,6,18.1986,6.90843e-06,1.97373
0,0.25,6,18.6986,1.33084e-05,1.97375
0,0.25,6,19.1986,2.06488e-05,1.9737
0,0.25,6,19.6986,6.10812e-05,1.97375
0,0.25,6,20.1986,3.94853e-05,1.97364
0,0.25,6,20.6986,8.98914e-05,1.97375
0,0.25,6,21.1986,5.86781e-05,1.97352
0,0.25,6,21.6986,0.000140219,1.97374
0,0.25,6,22.1985,7.40579e-05,1.97325
0,0.25,6,22.6986,0.000128638,1.97368
0,0.25,5.99999,23.1985,-6.56094e-05,1.97282
0,0.25,5.99996,23.6986,-0.000512391,1.97373
0,0.25,5.99999,24.1985,-0.000122599,1.9716
0,0.25,6.5,9.69852,1.17754e-05,1.97283
0,0.25,6.5,10.1985,4.81533e-05,1.97182
0,0.25,6.5,10.6985,1.53871e-05,1.97206
0,0.25,6.5,11.1985,1.2148e-05,1.97207
0,0.25,6.5,11.6985,6.25491e-06,1.97207
0,0.25,6.5,12.1985,4.96095e-06,1.97207
0,0.25,6.5,12.6985,5.25412e-06,1.97207
0,0.25,6.5,13.1985,5.49414e-06,1.97207
0,0.25,6.5,13.6985,5.5734e-06,1.97207
0,0.25,6.5,14.1985,5.61531e-06,1.97207
0,0.25,6.5,14.6985,5.62864e-06,1.97207
0,0.25,6.5,15.1985,5.63318e-06,1.97207
0,0.25,6.5,15.6985,5.63456e-06,1.97207
0,0.25,6.5,16.1985,5.63491e-06,1.97207
0,0.25,6.5,16.6985,5.635e-06,1.97207
0,0.25,6.5,17.1985,5.63501e-06,1.97207
0,0.25,6.5,17.6985,5.63602e-06,1.97207
0,0.25,6.5,18.1985,9.56499e-06,1.97206
0,0.25,6.5,18.6985,2.18501e-05,1.97207
0,0.25,6.5,19.1985,2.25445e-05,1.97206
0,0.25,6.5,19.6985,5.88152e-05,1.97207
0,0.25,6.5,20.1985,4.87442e-05,1.97198
0,0.25,6.5,20.6985,0.000128573,1.97206
0,0.25,6.5,21.1985,0.000100873,1.97187
0,0.25,6.50001,21.6985,0.000271025,1.97205
0,0.25,6.50001,22.1985,0.000202298,1.9715
0,0.25,6.50002,22.6985,0.000549231,1.97201
0,0.25,6.50001,23.1984,0.000383908,1.97037
0,0.25,6.50001,23.6985,0.000858464,1.97177
0,0.25,6.5,24.1985,0.000213804,1.97147
0,0.25,7,9.69096,1.02072e-06,1.83948
0,0.25,7,10.192,1.91209e-06,1.85708
0,0.25,7,10.692,2.22299e-06,1.85753
0,0.25,7,11.192,3.29935e-06,1.85755
0,0.25,7,11.692,3.98665e-06,1.85755
0,0.25,7,12.192,4.64798e-06,1.85755
0,0.25,7,12.692,4.88811e-06,1.85755
0,0.25,7,13.192,5.05616e-06,1.85755
0,0.25,7,13.692,5.10716e-06,1.85755
0,0.25,7,14.192,5.13069e-06,1.85755
0,0.25,7,14.692,5.13728e-06,1.85755
0,0.25,7,15.192,5.13921e-06,1.85755
0,0.25,7,15.692,5.13972e-06,1.85755
0,0.25,7,16.192,5.13983e-06,1.85755
0,0.25,7,16.692,5.13985e-06,1.85755
0,0.25,7,17.192,5.13986e-06,1.85755
0,0.25,7,17.692,5.14407e-06,1.85755
0,0.25,7,18.192,5.1753e-06,1.85755
0,0.25,7,18.692,5.2553e-06,1.85755
0,0.25,7,19.192,6.04965e-06,1.85755
0,0.25,7,19.692,8.43717e-06,1.85755
0,0.25,7,20.192,2.39145e-05,1.85753
0,0.25,7,20.692,7.94609e-05,1.85754
0,0.25,7,21.192,8.20151e-05,1.85751
0,0.25,7.00001,21.692,0.000248027,1.85754
0,0.25,7.00001,22.192,0.00024413,1.85743
0,0.25,7.00003,22.692,0.000752088,1.85752
0,0.25,7.00003,23.192,0.000753986,1.85715
0,0.25,7.00009,23.692,0.00235683,1.85705
0,0.25,7.00002,24.1909,0.00058934,1.83733
1,0.25,7.5,1.5,0,0
1,0.25,8,1.5,0,0
1,0.25,1.5,1.5,0,0
1,0.25,2,1.5,0,0
1,0.25,7.5,2,0,0
1,0.25,8,2,0,0
1,0.25,1.5,2,0,0
1,0.25,2,2,0,0
1,0.25,7.5,2.5,0,0
1,0.25,8,2.5,0,0
1,0.25,1.5,2.5,0,0
1,0.25,2,2.5,0,0
1,0.25,7.5,3,0,0
1,0.25,8,3,0,0
1,0.25,1.5,3,0,0
1,0.25,2,3,0,0
1,0.25,7.5,3.5,0,0
1,0.25,8,3.5,0,0
1,0.25,1.5,3.5,0,0
1,0.25,2,3.5,0,0
1,0.25,7.5,4,0,0
1,0.25,8,4,0,0
1,0.25,1.5,4,0,0
1,0.25,2,4,0,0
1,0.25,7.5,4.5,0,0
1,0.25,8,4.5,0,0
1,0.25,1.5,4.5,0,0
1,0.25,2,4.5,0,0
1,0.25,7.5,5,0,0
1,0.25,8,5,0,0
1,0.25,1.5,5,0,0
1,0.25,2,5,0,0
1,0.25,7.5,5.5,0,0
1,0.25,8,5.5,0,0
1,0.25,1.5,5.5,0,0
1,0.25,2,5.5,0,0
1,0.25,7.5,6,0,0
1,0.25,8,6,0,0
1,0.25,1.5,6,0,0
1,0.25,2,6,0,0
1,0.25,7.5,6.5,0,0
1,0.25,8,6.5,0,0
1,0.25,1.5,6.5,0,0
1,0.25,2,6.5,0,0
1,0.25,7.5,7,0,0
1,0.25,8,7,0,0
1,0.25,1.5,7,0,0
1,0.25,2,7,0,0
1,0.25,7.5,7.5,0,0
1,0.25,8,7.5,0,0
1,0.25,1.5,7.5,0,0
1,0.25,2,7.5,0,0
1,0.25,7.5,8,0,0
1,0.25,8,8,0,0
1,0.25,1.5,8,0,0
1,0.25,2,8,0,0
1,0.25,7.5,8.5,0,0
1,0.25,8,8.5,0,0
1,0.25,1.5,8.5,0,0
1,0.25,2,8.5,0,0
1,0.25,7.5,9,0,0
1,0.25,8,9,0,0
1,0.25,1.5,9,0,0
1,0.25,2,9,0,0
1,0.25,7.5,9.5,0,0
1,0.25,8,9.5,0,0
1,0.25,1.5,9.5,0,0
1,0.25,2,9.5,0,0
1,0.25,7.5,10,0,0
1,0.25,8,10,0,0
1,0.25,1.5,10,0,0
1,0.25,2,10,0,0
1,0.25,7.5,10.5,0,0
1,0.25,8,10.5,0,0
1,0.25,1.5,10.5,0,0
1,0.25,2,10.5,0,0
1,0.25,7.5,11,0,0
1,0.25,8,11,0,0
1,0.25,1.5,11,0,0
1,0.25,2,11,0,0
1,0.25,7.5,11.5,0,0
1,0.25,8,11.5,0,0
1,0.25,1.5,11.5,0,0
1,0.25,2,11.5,0,0
1,0.25,7.5,12,0,0
1,0.25,8,12,0,0
1,0.25,1.5,12,0,0
1,0.25,2,12,0,0
1,0.25,7.5,12.5,0,0
1,0.25,8,12.5,0,0
1,0.25,1.5,12.5,0,0
1,0.25,2,12.5,0,0
1,0.25,7.5,13,0,0
1,0.25,8,13,0,0
1,0.25,1.5,13,0,0
1,0.25,2,13,0,0
1,0.25,7.5,13.5,0,0
1,0.25,8,13.5,0,0
1,0.25,1.5,13.5,0,0
1,0.25,2,13.5,0,0
1,0.25,7.5,14,0,0
1,0.25,8,14,0,0
1,0.25,1.5,14,0,0
1,0.25,2,14,0,0
1,0.25,7.5,14.5,0,0
1,0.25,8,14.5,0,0
1,0.25,1.5,14.5,0,0
1,0.25,2,14.5,0,0
1,0.25,7.5,15,0,0
1,0.25,8,15,0,0
1,0.25,1.5,15,0,0
1,0.25,2,15,0,0
1,0.25,7.5,15.5,0,0
1,0.25,8,15.5,0,0
1,0.25,1.5,15.5,0,0
1,0.25,2,15.5,0,0
1,0.25,7.5,16,0,0
1,0.25,8,16,0,0
1,0.25,1.5,16,0,0
1,0.25,2,16,0,0
1,0.25,7.5,16.5,0,0
1,0.25,8,16.5,0,0
1,0.25,1.5,16.5,0,0
1,0.25,2,16.5,0,0
1,0.25,7.5,17,0,0
1,0.25,8,17,0,0
1,0.25,1.5,17,0,0
1,0.25,2,17,0,0
1,0.25,7.5,17.5,0,0
1,0.25,8,17.5,0,0
1,0.25,1.5,17.5,0,0
1,0.25,2,17.5,0,0
1,0.25,7.5,18,0,0
1,0.25,8,18,0,0
1,0.25,1.5,18,0,0
1,0.25,2,18,0,0
1,0.25,7.5,18.5,0,0
1,0.25,8,18.5,0,0
1,0.25,1.5,18.5,0,0
1,0.25,2,18.5,0,0
1,0.25,7.5,19,0,0
1,0.25,8,19,0,0
1,0.25,1.5,19,0,0
1,0.25,2,19,0,0
1,0.25,7.5,19.5,0,0
1,0.25,8,19.5,0,0
1,0.25,1.5,19.5,0,0
1,0.25,2,19.5,0,0
1,0.25,7.5,20,0,0
1,0.25,8,20,0,0
1,0.25,1.5,20,0,0
1,0.25,2,20,0,0
1,0.25,7.5,20.5,0,0
1,0.25,8,20.5,0,0
1,0.25,1.5,20.5,0,0
1,0.25,2,20.5,0,0
1,0.25,7.5,21,0,0
1,0.25,8,21,0,0
1,0.25,1.5,21,0,0
1,0.25,2,21,0,0
1,0.25,7.5,21.5,0,0
1,0.25,8,21.5,0,0
1,0.25,1.5,21.5,0,0
1,0.25,2,21.5,0,0
1,0.25,7.5,22,0,0
1,0.25,8,22,0,0
1,0.25,1.5,22,0,0
1,0.25,2,22,0,0
1,0.25,7.5,22.5,0,0
1,0.25,8,22.5,0,0
1,0.25,1.5,22.5,0,0
1,0.25,2,22.5,0,0
1,0.25,7.5,23,0,0
1,0.25,8,23,0,0
1,0.25,1.5,23,0,0
1,0.25,2,23,0,0
1,0.25,7.5,23.5,0,0
1,0.25,8,23.5,0,0
1,0.25,1.5,23.5,0,0
1,0.25,2,23.5,0,0
1,0.25,7.5,24,0,0
1,0.25,8,24,0,0
1,0.25,1.5,24,0,0
1,0.25,2,24,0,0
1,0.25,7.5,24.5,0,0
1,0.25,8,24.5,0,0
1,0.25,1.5,24.5,0,0
1,0.25,2,24.5,0,0
1,0.25,7.5,25,0,0
1,0.25,8,25,0,0
1,0.25,1.5,25,0,0
1,0.25,2,25,0,0
1,0.25,7.5,25.5,0,0
1,0.25,8,25.5,0,0
1,0.25,1.5,25.5,0,0
1,0.25,2,25.5,0,0
1,0.25,2.5,1.5,0,0
1,0.25,2.5,2,0,0
1,0.25,2.5,25,0,0
1,0.25,2.5,25.5,0,0
1,0.25,3,1.5,0,0
1,0.25,3,2,0,0
1,0.25,3,25,0,0
1,0.25,3,25.5,0,0
1,0.25,3.5,1.5,0,0
1,0.25,3.5,2,0,0
1,0.25,3.5,25,0,0
1,0.25,3.5,25.5,0,0
1,0.25,4,1.5,0,0
1,0.25,4,2,0,0
1,0.25,4,25,0,0
1,0.25,4,25.5,0,0
1,0.25,4.5,1.5,0,0
1,0.25,4.5,2,0,0
1,0.25,4.5,25,0,0
1,0.25,4.5,25.5,0,0
1,0.25,5,1.5,0,0
1,0.25,5,2,0,0
1,0.25,5,25,0,0
1,0.25,5,25.5,0,0
1,0.25,5.5,1.5,0,0
1,0.25,5.5,2,0,0
1,0.25,5.5,25,0,0
1,0.25,5.5,25.5,0,0
1,0.25,6,1.5,0,0
1,0.25,6,2,0,0
1,0.25,6,25,0,0
1,0.25,6,25.5,0,0
1,0.25,6.5,1.5,0,0
1,0.25,6.5,2,0,0
1,0.25,6.5,25,0,0
1,0.25,6.5,25.5,0,0
1,0.25,7,1.5,0,0
1,0.25,7,2,0,0
1,0.25,7,25,0,0
1,0.25,7,25.5,0,0
