536 2 0.5 3500 0.2 2 0 2e-06 0 9.81 10 35
0,0.25,2.5,10.0825,-5.19102e-06,3.12038
0,0.25,2.5,10.5891,-1.17316e-05,3.1715
0,0.25,2.5,11.0894,-7.51426e-06,3.17439
0,0.25,2.5,11.5894,-5.80516e-06,3.17454
0,0.25,2.5,12.0894,-4.83953e-06,3.17455
0,0.25,2.5,12.5894,-4.85705e-06,3.17455
0,0.25,2.5,13.0894,-4.6763e-06,3.17455
0,0.25,2.5,13.5894,-4.82897e-06,3.17455
0,0.25,2.5,14.0894,-5.3576e-06,3.17455
0,0.25,2.5,14.5894,-5.89851e-06,3.17455
0,0.25,2.5,15.0894,-7.40692e-06,3.17455
0,0.25,2.5,15.5894,-8.42913e-06,3.17455
0,0.25,2.5,16.0894,-1.21474e-05,3.17455
0,0.25,2.5,16.5894,-1.44266e-05,3.17455
0,0.25,2.5,17.0894,-2.36259e-05,3.17455
0,0.25,2.5,17.5894,-0.000252242,3.1743
0,0.25,2.49999,18.0894,-0.00122405,3.17442
0,0.25,2.49997,18.5894,-0.00189127,3.1728
0,0.25,2.49991,19.0894,-0.00700849,3.17338
0,0.25,2.49989,19.5891,-0.0067253,3.15826
0,0.25,2.49991,20.0893,-0.00502654,3.16906
0,0.25,2.49977,20.5886,-0.0136016,3.14113
0,0.25,2.50013,21.0892,0.0055035,3.16136
0,0.25,2.49938,21.5878,-0.0338175,3.1302
0,0.25,2.50057,22.0883,-0.0254045,3.01465
0,0.25,2.49822,22.5861,-0.120062,2.90582
0,0.25,2.49932,23.0814,-0.262968,2.23729
0,0.25,2.49277,23.5753,-0.527058,1.79546
0,0.25,2.48858,24.054,-1.03022,0.617055
0,0.25,2.47569,24.5489,-0.92442,0.285446
0,0.25,2.99999,10.1327,-3.62506e-05,3.51219
0,0.25,2.99998,10.6323,-0.000146433,3.50934
0,0.25,2.99999,11.1324,-4.59106e-05,3.51053
0,0.25,2.99999,11.6324,-3.71959e-05,3.51059
0,0.25,3,12.1324,-1.51847e-05,3.5106
0,0.25,3,12.6324,-1.59448e-05,3.5106
0,0.25,3,13.1324,-7.97062e-06,3.5106
0,0.25,3,13.6324,-2.50828e-05,3.51058
0,0.25,3,14.1324,-8.50957e-05,3.5106
0,0.25,3,14.6324,-6.55327e-05,3.51058
0,0.25,2.99999,15.1324,-0.000171706,3.51059
0,0.25,2.99999,15.6324,-0.000150496,3.51054
0,0.25,2.99999,16.1324,-0.000431231,3.51059
0,0.25,2.99999,16.6324,-0.00037009,3.51045
0,0.25,2.99997,17.1324,-0.00106773,3.51057
0,0.25,2.99997,17.6324,-0.00101182,3.50894
0,0.25,2.99992,18.1324,-0.00306103,3.51049
0,0.25,2.99994,18.6323,-0.00264712,3.50274
0,0.25,2.99983,19.1324,-0.00777492,3.51011
0,0.25,2.99992,19.632,-0.00307642,3.48584
0,0.25,2.99978,20.1324,-0.00915333,3.50879
0,0.25,3,20.6313,-0.00171644,3.46567
0,0.25,2.9998,21.1323,-0.0107213,3.49161
0,0.25,2.99997,21.6304,-0.0306596,3.4374
0,0.25,2.99975,22.1308,-0.0564457,3.23458
0,0.25,2.99875,22.6278,-0.187905,3.09973
0,0.25,2.99764,23.1182,-0.282065,1.9767
0,0.25,2.99073,23.611,-0.808395,1.39014
0,0.25,2.98677,24.0712,-0.879887,0.0899992
0,0.25,2.97021,24.5478,-0.868655,-1.31338
0,0.25,3.5,10.1335,-1.58067e-06,3.52538
0,0.25,3.5,10.6336,-3.93728e-06,3.52544
0,0.25,3.5,11.1336,-8.79542e-06,3.52552
0,0.25,3.5,11.6336,-2.62527e-05,3.52543
0,0.25,3.5,12.1336,-1.14467e-05,3.52545
0,0.25,3.5,12.6336,-1.4351e-05,3.52543
0,0.25,3.5,13.1336,-7.57195e-06,3.52544
0,0.25,3.5,13.6336,-2.75271e-05,3.52533
0,0.25,3.5,14.1336,-9.8059e-05,3.52542
0,0.25,3.5,14.6336,-7.57533e-05,3.52532
0,0.25,3.49999,15.1336,-0.000200995,3.52542
0,0.25,3.49999,15.6335,-0.000174498,3.5251
0,0.25,3.49999,16.1336,-0.00049892,3.52541
0,0.25,3.49999,16.6335,-0.000413827,3.52464
0,0.25,3.49997,17.1336,-0.00117364,3.52537
0,0.25,3.49997,17.6335,-0.000773005,3.52271
0,0.25,3.49993,18.1336,-0.00195376,3.52526
0,0.25,3.49996,18.6334,-0.000832038,3.51722
0,0.25,3.4999,19.1335,-0.00136771,3.52496
0,0.25,3.49995,19.6331,0.00049418,3.50351
0,0.25,3.49991,20.1335,0.00259175,3.51999
0,0.25,3.49998,20.6326,-5.17166e-05,3.48863
0,0.25,3.50001,21.1332,0.00397776,3.47952
0,0.25,3.49987,21.6318,-0.0243229,3.44844
0,0.25,3.49998,22.1309,-0.0293951,3.16508
0,0.25,3.49897,22.6287,-0.135801,3.03553
0,0.25,3.49859,23.1158,-0.195051,1.79186
0,0.25,3.49448,23.608,-0.447372,1.04027
0,0.25,3.4923,24.0668,-0.601437,0.269584
0,0.25,3.49,24.5429,-0.521715,-0.914547
0,0.25,4,10.1336,2.47939e-05,3.52566
0,0.25,4.00002,10.6336,0.000100709,3.5257
0,0.25,4,11.1336,1.79672e-05,3.52571
0,0.25,4,11.6336,2.99113e-07,3.52571
0,0.25,4,12.1336,-7.08344e-06,3.52573
0,0.25,4,12.6336,-6.88847e-06,3.52571
0,0.25,4,13.1336,-9.832e-06,3.52572
0,0.25,4,13.6336,-1.62895e-05,3.52557
0,0.25,4,14.1336,-5.08932e-05,3.5257
0,0.25,4,14.6336,-3.69475e-05,3.52556
0,0.25,4,15.1336,-9.01212e-05,3.5257
0,0.25,4,15.6336,-8.15607e-05,3.52526
0,0.25,3.99999,16.1336,-0.000228874,3.52568
0,0.25,3.99999,16.6335,-0.000170567,3.5247
0,0.25,3.99998,17.1336,-0.0004433,3.52563
0,0.25,3.99999,17.6335,-0.00029595,3.52277
0,0.25,3.99997,18.1336,-0.00071466,3.52551
0,0.25,3.99998,18.6334,-0.00039455,3.51733
0,0.25,3.99995,19.1336,-0.000816481,3.52521
0,0.25,3.99997,19.6331,0.00024046,3.50658
0,0.25,3.99995,20.1335,0.00176144,3.51899
0,0.25,3.99998,20.6327,0.000858846,3.49213
0,0.25,3.99999,21.1332,0.00252265,3.47161
0,0.25,3.99999,21.6319,-0.0068434,3.4417
0,0.25,3.99994,22.1307,-0.018952,3.12244
0,0.25,3.99961,22.6283,-0.0712534,2.95865
0,0.25,3.99905,23.1142,-0.14361,1.67961
0,0.25,3.99753,23.6051,-0.25839,0.81416
0,0.25,3.9957,24.0642,-0.388713,0.112312
0,0.25,3.99491,24.5411,-0.441101,-1.10338
0,0.25,4.5,10.1336,-4.86087e-06,3.52565
0,0.25,4.5,10.6336,-3.04553e-05,3.5257
0,0.25,4.5,11.1336,-1.24451e-05,3.52572
0,0.25,4.5,11.6336,-5.54481e-06,3.52571
0,0.25,4.5,12.1336,-6.74426e-06,3.52573
0,0.25,4.5,12.6336,-4.42149e-06,3.52571
0,0.25,4.5,13.1336,-6.37973e-06,3.52573
0,0.25,4.5,13.6336,-9.92676e-06,3.52554
0,0.25,4.5,14.1336,-3.33919e-05,3.52571
0,0.25,4.5,14.6336,-2.1698e-05,3.52554
0,0.25,4.5,15.1336,-5.42354e-05,3.5257
0,0.25,4.5,15.6336,-5.01508e-05,3.52516
0,0.25,4.5,16.1336,-0.000149805,3.52568
0,0.25,4.5,16.6335,-0.000113692,3.52453
0,0.25,4.49999,17.1336,-0.000314497,3.52563
0,0.25,4.49999,17.6335,-0.000220416,3.52251
0,0.25,4.49998,18.1336,-0.000588287,3.5255
0,0.25,4.49999,18.6334,-0.000160009,3.51772
0,0.25,4.49998,19.1336,-5.39731e-05,3.52522
0,0.25,4.49999,19.6331,0.000188772,3.50794
0,0.25,4.49998,20.1335,0.000821014,3.51875
0,0.25,4.5,20.6327,0.000442107,3.49329
0,0.25,4.50002,21.1332,0.000657564,3.46734
0,0.25,4.5,21.6319,-0.00469808,3.43463
0,0.25,4.50003,22.1305,-0.0094985,3.10233
0,0.25,4.49979,22.628,-0.0273455,2.91286
0,0.25,4.49963,23.1137,-0.0521902,1.626
0,0.25,4.49931,23.6041,-0.0736147,0.753213
0,0.25,4.49901,24.0632,-0.0870759,0.0486285
0,0.25,4.49888,24.5405,-0.0921025,-1.12884
0,0.25,5,10.1336,4.86086e-06,3.52565
0,0.25,5,10.6336,3.04552e-05,3.5257
0,0.25,5,11.1336,1.24451e-05,3.52572
0,0.25,5,11.6336,5.54484e-06,3.52571
0,0.25,5,12.1336,6.74431e-06,3.52573
0,0.25,5,12.6336,4.4215e-06,3.52571
0,0.25,5,13.1336,6.37969e-06,3.52573
0,0.25,5,13.6336,9.92675e-06,3.52554
0,0.25,5,14.1336,3.33919e-05,3.52571
0,0.25,5,14.6336,2.1698e-05,3.52554
0,0.25,5,15.1336,5.42353e-05,3.5257
0,0.25,5,15.6336,5.01508e-05,3.52516
0,0.25,5,16.1336,0.000149805,3.52568
0,0.25,5,16.6335,0.000113692,3.52453
0,0.25,5.00001,17.1336,0.000314497,3.52563
0,0.25,5.00001,17.6335,0.000220416,3.52251
0,0.25,5.00002,18.1336,0.000588287,3.5255
0,0.25,5.00001,18.6334,0.000160009,3.51772
0,0.25,5.00002,19.1336,5.3973e-05,3.52522
0,0.25,5.00001,19.6331,-0.000188772,3.50794
0,0.25,5.00002,20.1335,-0.000821014,3.51875
0,0.25,5,20.6327,-0.000442107,3.49329
0,0.25,4.99998,21.1332,-0.000657564,3.46734
0,0.25,5,21.6319,0.00469808,3.43463
0,0.25,4.99997,22.1305,0.0094985,3.10233
0,0.25,5.00021,22.628,0.0273455,2.91286
0,0.25,5.00037,23.1137,0.0521902,1.626
0,0.25,5.00069,23.6041,0.0736147,0.753213
0,0.25,5.00099,24.0632,0.0870759,0.0486285
0,0.25,5.00112,24.5405,0.0921025,-1.12884
0,0.25,5.5,10.1336,-2.47939e-05,3.52566
0,0.25,5.49998,10.6336,-0.000100709,3.5257
0,0.25,5.5,11.1336,-1.79672e-05,3.52571
0,0.25,5.5,11.6336,-2.99072e-07,3.52571
0,0.25,5.5,12.1336,7.08342e-06,3.52573
0,0.25,5.5,12.6336,6.88848e-06,3.52571
0,0.25,5.5,13.1336,9.83203e-06,3.52572
0,0.25,5.5,13.6336,1.62895e-05,3.52557
0,0.25,5.5,14.1336,5.08932e-05,3.5257
0,0.25,5.5,14.6336,3.69475e-05,3.52556
0,0.25,5.5,15.1336,9.01212e-05,3.5257
0,0.25,5.5,15.6336,8.15607e-05,3.52526
0,0.25,5.50001,16.1336,0.000228874,3.52568
0,0.25,5.50001,16.6335,0.000170567,3.5247
0,0.25,5.50002,17.1336,0.0004433,3.52563
0,0.25,5.50001,17.6335,0.00029595,3.52277
0,0.25,5.50003,18.1336,0.00071466,3.52551
0,0.25,5.50002,18.6334,0.00039455,3.51733
0,0.25,5.50005,19.1336,0.000816481,3.52521
0,0.25,5.50003,19.6331,-0.00024046,3.50658
0,0.25,5.50005,20.1335,-0.00176144,3.51899
0,0.25,5.50002,20.6327,-0.000858846,3.49213
0,0.25,5.50001,21.1332,-0.00252265,3.47161
0,0.25,5.50001,21.6319,0.0068434,3.4417
0,0.25,5.50006,22.1307,0.018952,3.12244
0,0.25,5.50039,22.6283,0.0712534,2.95865
0,0.25,5.50095,23.1142,0.14361,1.67961
0,0.25,5.50247,23.6051,0.25839,0.81416
0,0.25,5.5043,24.0642,0.388713,0.112312
0,0.25,5.50509,24.5411,0.441101,-1.10338
0,0.25,6,10.1335,1.58068e-06,3.52538
0,0.25,6,10.6336,3.93728e-06,3.52544
0,0.25,6,11.1336,8.79542e-06,3.52552
0,0.25,6,11.6336,2.62527e-05,3.52543
0,0.25,6,12.1336,1.14467e-05,3.52545
0,0.25,6,12.6336,1.4351e-05,3.52543
0,0.25,6,13.1336,7.57197e-06,3.52544
0,0.25,6,13.6336,2.75271e-05,3.52533
0,0.25,6,14.1336,9.80591e-05,3.52542
0,0.25,6,14.6336,7.57533e-05,3.52532
0,0.25,6.00001,15.1336,0.000200995,3.52542
0,0.25,6.00001,15.6335,0.000174498,3.5251
0,0.25,6.00001,16.1336,0.00049892,3.52541
0,0.25,6.00001,16.6335,0.000413827,3.52464
0,0.25,6.00003,17.1336,0.00117364,3.52537
0,0.25,6.00003,17.6335,0.000773005,3.52271
0,0.25,6.00007,18.1336,0.00195376,3.52526
0,0.25,6.00004,18.6334,0.000832038,3.51722
0,0.25,6.0001,19.1335,0.00136771,3.52496
0,0.25,6.00005,19.6331,-0.00049418,3.50351
0,0.25,6.00009,20.1335,-0.00259175,3.51999
0,0.25,6.00002,20.6326,5.17166e-05,3.48863
0,0.25,5.99999,21.1332,-0.00397776,3.47952
0,0.25,6.00013,21.6318,0.0243229,3.44844
0,0.25,6.00002,22.1309,0.0293951,3.16508
0,0.25,6.00103,22.6287,0.135801,3.03553
0,0.25,6.00141,23.1158,0.195051,1.79186
0,0.25,6.00552,23.608,0.447372,1.04027
0,0.25,6.0077,24.0668,0.601437,0.269584
0,0.25,6.01,24.5429,0.521715,-0.914547
0,0.25,6.50001,10.1327,3.62506e-05,3.51219
0,0.25,6.50002,10.6323,0.000146433,3.50934
0,0.25,6.50001,11.1324,4.59106e-05,3.51053
0,0.25,6.50001,11.6324,3.71959e-05,3.51059
0,0.25,6.5,12.1324,1.51847e-05,3.5106
0,0.25,6.5,12.6324,1.59448e-05,3.5106
0,0.25,6.5,13.1324,7.97062e-06,3.5106
0,0.25,6.5,13.6324,2.50828e-05,3.51058
0,0.25,6.5,14.1324,8.50957e-05,3.5106
0,0.25,6.5,14.6324,6.55327e-05,3.51058
0,0.25,6.50001,15.1324,0.000171706,3.51059
0,0.25,6.50001,15.6324,0.000150496,3.51054
0,0.25,6.50001,16.1324,0.000431231,3.51059
0,0.25,6.50001,16.6324,0.00037009,3.51045
0,0.25,6.50003,17.1324,0.00106773,3.51057
0,0.25,6.50003,17.6324,0.00101182,3.50894
0,0.25,6.50008,18.1324,0.00306103,3.51049
0,0.25,6.50006,18.6323,0.00264712,3.50274
0,0.25,6.50017,19.1324,0.00777492,3.51011
0,0.25,6.50008,19.632,0.00307642,3.48584
0,0.25,6.50022,20.1324,0.00915333,3.50879
0,0.25,6.5,20.6313,0.00171644,3.46567
0,0.25,6.5002,21.1323,0.0107213,3.49161
0,0.25,6.50003,21.6304,0.0306596,3.4374
0,0.25,6.50025,22.1308,0.0564457,3.23458
0,0.25,6.50125,22.6278,0.187905,3.09973
0,0.25,6.50236,23.1182,0.282065,1.9767
0,0.25,6.50927,23.611,0.808395,1.39014
0,0.25,6.51323,24.0712,0.879887,0.0899992
0,0.25,6.52979,24.5478,0.868655,-1.31338
0,0.25,7,10.0825,5.19102e-06,3.12038
0,0.25,7,10.5891,1.17316e-05,3.1715
0,0.25,7,11.0894,7.51426e-06,3.17439
0,0.25,7,11.5894,5.80516e-06,3.17454
0,0.25,7,12.0894,4.83953e-06,3.17455
0,0.25,7,12.5894,4.85705e-06,3.17455
0,0.25,7,13.0894,4.6763e-06,3.17455
0,0.25,7,13.5894,4.82897e-06,3.17455
0,0.25,7,14.0894,5.3576e-06,3.17455
0,0.25,7,14.5894,5.89852e-06,3.17455
0,0.25,7,15.0894,7.40692e-06,3.17455
0,0.25,7,15.5894,8.42913e-06,3.17455
0,0.25,7,16.0894,1.21474e-05,3.17455
0,0.25,7,16.5894,1.44266e-05,3.17455
0,0.25,7,17.0894,2.36259e-05,3.17455
0,0.25,7,17.5894,0.000252242,3.1743
0,0.25,7.00001,18.0894,0.00122405,3.17442
0,0.25,7.00003,18.5894,0.00189127,3.1728
0,0.25,7.00009,19.0894,0.00700849,3.17338
0,0.25,7.00011,19.5891,0.0067253,3.15826
0,0.25,7.00009,20.0893,0.00502654,3.16906
0,0.25,7.00023,20.5886,0.0136016,3.14113
0,0.25,6.99987,21.0892,-0.0055035,3.16136
0,0.25,7.00062,21.5878,0.0338175,3.1302
0,0.25,6.99943,22.0883,0.0254045,3.01465
0,0.25,7.00178,22.5861,0.120062,2.90582
0,0.25,7.00068,23.0814,0.262968,2.23729
0,0.25,7.00723,23.5753,0.527058,1.79546
0,0.25,7.01142,24.054,1.03022,0.617055
0,0.25,7.02431,24.5489,0.92442,0.285446
1,0.25,7.5,1.5,0,0
1,0.25,8,1.5,0,0
1,0.25,1.5,1.5,0,0
1,0.25,2,1.5,0,0
1,0.25,7.5,2,0,0
1,0.25,8,2,0,0
1,0.25,1.5,2,0,0
1,0.25,2,2,0,0
1,0.25,7.5,2.5,0,0
1,0.25,8,2.5,0,0
1,0.25,1.5,2.5,0,0
1,0.25,2,2.5,0,0
1,0.25,7.5,3,0,0
1,0.25,8,3,0,0
1,0.25,1.5,3,0,0
1,0.25,2,3,0,0
1,0.25,7.5,3.5,0,0
1,0.25,8,3.5,0,0
1,0.25,1.5,3.5,0,0
1,0.25,2,3.5,0,0
1,0.25,7.5,4,0,0
1,0.25,8,4,0,0
1,0.25,1.5,4,0,0
1,0.25,2,4,0,0
1,0.25,7.5,4.5,0,0
1,0.25,8,4.5,0,0
1,0.25,1.5,4.5,0,0
1,0.25,2,4.5,0,0
1,0.25,7.5,5,0,0
1,0.25,8,5,0,0
1,0.25,1.5,5,0,0
1,0.25,2,5,0,0
1,0.25,7.5,5.5,0,0
1,0.25,8,5.5,0,0
1,0.25,1.5,5.5,0,0
1,0.25,2,5.5,0,0
1,0.25,7.5,6,0,0
1,0.25,8,6,0,0
1,0.25,1.5,6,0,0
1,0.25,2,6,0,0
1,0.25,7.5,6.5,0,0
1,0.25,8,6.5,0,0
1,0.25,1.5,6.5,0,0
1,0.25,2,6.5,0,0
1,0.25,7.5,7,0,0
1,0.25,8,7,0,0
1,0.25,1.5,7,0,0
1,0.25,2,7,0,0
1,0.25,7.5,7.5,0,0
1,0.25,8,7.5,0,0
1,0.25,1.5,7.5,0,0
1,0.25,2,7.5,0,0
1,0.25,7.5,8,0,0
1,0.25,8,8,0,0
1,0.25,1.5,8,0,0
1,0.25,2,8,0,0
1,0.25,7.5,8.5,0,0
1,0.25,8,8.5,0,0
1,0.25,1.5,8.5,0,0
1,0.25,2,8.5,0,0
1,0.25,7.5,9,0,0
1,0.25,8,9,0,0
1,0.25,1.5,9,0,0
1,0.25,2,9,0,0
1,0.25,7.5,9.5,0,0
1,0.25,8,9.5,0,0
1,0.25,1.5,9.5,0,0
1,0.25,2,9.5,0,0
1,0.25,7.5,10,0,0
1,0.25,8,10,0,0
1,0.25,1.5,10,0,0
1,0.25,2,10,0,0
1,0.25,7.5,10.5,0,0
1,0.25,8,10.5,0,0
1,0.25,1.5,10.5,0,0
1,0.25,2,10.5,0,0
1,0.25,7.5,11,0,0
1,0.25,8,11,0,0
1,0.25,1.5,11,0,0
1,0.25,2,11,0,0
1,0.25,7.5,11.5,0,0
1,0.25,8,11.5,0,0
1,0.25,1.5,11.5,0,0
1,0.25,2,11.5,0,0
1,0.25,7.5,12,0,0
1,0.25,8,12,0,0
1,0.25,1.5,12,0,0
1,0.25,2,12,0,0
1,0.25,7.5,12.5,0,0
1,0.25,8,12.5,0,0
1,0.25,1.5,12.5,0,0
1,0.25,2,12.5,0,0
1,0.25,7.5,13,0,0
1,0.25,8,13,0,0
1,0.25,1.5,13,0,0
1,0.25,2,13,0,0
1,0.25,7.5,13.5,0,0
1,0.25,8,13.5,0,0
1,0.25,1.5,13.5,0,0
1,0.25,2,13.5,0,0
1,0.25,7.5,14,0,0
1,0.25,8,14,0,0
1,0.25,1.5,14,0,0
1,0.25,2,14,0,0
1,0.25,7.5,14.5,0,0
1,0.25,8,14.5,0,0
1,0.25,1.5,14.5,0,0
1,0.25,2,14.5,0,0
1,0.25,7.5,15,0,0
1,0.25,8,15,0,0
1,0.25,1.5,15,0,0
1,0.25,2,15,0,0
1,0.25,7.5,15.5,0,0
1,0.25,8,15.5,0,0
1,0.25,1.5,15.5,0,0
1,0.25,2,15.5,0,0
1,0.25,7.5,16,0,0
1,0.25,8,16,0,0
1,0.25,1.5,16,0,0
1,0.25,2,16,0,0
1,0.25,7.5,16.5,0,0
1,0.25,8,16.5,0,0
1,0.25,1.5,16.5,0,0
1,0.25,2,16.5,0,0
1,0.25,7.5,17,0,0
1,0.25,8,17,0,0
1,0.25,1.5,17,0,0
1,0.25,2,17,0,0
1,0.25,7.5,17.5,0,0
1,0.25,8,17.5,0,0
1,0.25,1.5,17.5,0,0
1,0.25,2,17.5,0,0
1,0.25,7.5,18,0,0
1,0.25,8,18,0,0
1,0.25,1.5,18,0,0
1,0.25,2,18,0,0
1,0.25,7.5,18.5,0,0
1,0.25,8,18.5,0,0
1,0.25,1.5,18.5,0,0
1,0.25,2,18.5,0,0
1,0.25,7.5,19,0,0
1,0.25,8,19,0,0
1,0.25,1.5,19,0,0
1,0.25,2,19,0,0
1,0.25,7.5,19.5,0,0
1,0.25,8,19.5,0,0
1,0.25,1.5,19.5,0,0
1,0.25,2,19.5,0,0
1,0.25,7.5,20,0,0
1,0.25,8,20,0,0
1,0.25,1.5,20,0,0
1,0.25,2,20,0,0
1,0.25,7.5,20.5,0,0
1,0.25,8,20.5,0,0
1,0.25,1.5,20.5,0,0
1,0.25,2,20.5,0,0
1,0.25,7.5,21,0,0
1,0.25,8,21,0,0
1,0.25,1.5,21,0,0
1,0.25,2,21,0,0
1,0.25,7.5,21.5,0,0
1,0.25,8,21.5,0,0
1,0.25,1.5,21.5,0,0
1,0.25,2,21.5,0,0
1,0.25,7.5,22,0,0
1,0.25,8,22,0,0
1,0.25,1.5,22,0,0
1,0.25,2,22,0,0
1,0.25,7.5,22.5,0,0
1,0.25,8,22.5,0,0
1,0.25,1.5,22.5,0,0
1,0.25,2,22.5,0,0
1,0.25,7.5,23,0,0
1,0.25,8,23,0,0
1,0.25,1.5,23,0,0
1,0.25,2,23,0,0
1,0.25,7.5,23.5,0,0
1,0.25,8,23.5,0,0
1,0.25,1.5,23.5,0,0
1,0.25,2,23.5,0,0
1,0.25,7.5,24,0,0
1,0.25,8,24,0,0
1,0.25,1.5,24,0,0
1,0.25,2,24,0,0
1,0.25,7.5,24.5,0,0
1,0.25,8,24.5,0,0
1,0.25,1.5,24.5,0,0
1,0.25,2,24.5,0,0
1,0.25,7.5,25,0,0
1,0.25,8,25,0,0
1,0.25,1.5,25,0,0
1,0.25,2,25,0,0
1,0.25,7.5,25.5,0,0
1,0.25,8,25.5,0,0
1,0.25,1.5,25.5,0,0
1,0.25,2,25.5,0,0
1,0.25,2.5,1.5,0,0
1,0.25,2.5,2,0,0
1,0.25,2.5,25,0,0
1,0.25,2.5,25.5,0,0
1,0.25,3,1.5,0,0
1,0.25,3,2,0,0
1,0.25,3,25,0,0
1,0.25,3,25.5,0,0
1,0.25,3.5,1.5,0,0
1,0.25,3.5,2,0,0
1,0.25,3.5,25,0,0
1,0.25,3.5,25.5,0,0
1,0.25,4,1.5,0,0
1,0.25,4,2,0,0
1,0.25,4,25,0,0
1,0.25,4,25.5,0,0
1,0.25,4.5,1.5,0,0
1,0.25,4.5,2,0,0
1,0.25,4.5,25,0,0
1,0.25,4.5,25.5,0,0
1,0.25,5,1.5,0,0
1,0.25,5,2,0,0
1,0.25,5,25,0,0
1,0.25,5,25.5,0,0
1,0.25,5.5,1.5,0,0
1,0.25,5.5,2,0,0
1,0.25,5.5,25,0,0
1,0.25,5.5,25.5,0,0
1,0.25,6,1.5,0,0
1,0.25,6,2,0,0
1,0.25,6,25,0,0
1,0.25,6,25.5,0,0
1,0.25,6.5,1.5,0,0
1,0.25,6.5,2,0,0
1,0.25,6.5,25,0,0
1,0.25,6.5,25.5,0,0
1,0.25,7,1.5,0,0
1,0.25,7,2,0,0
1,0.25,7,25,0,0
1,0.25,7,25.5,0,0
