536 2 0.5 3500 0.2 2 0 2e-06 0 9.81 10 35
0,0.25,2.5,9.53794,-5.95048e-07,0.852277
0,0.25,2.5,10.038,-9.02098e-07,0.854284
0,0.25,2.5,10.538,-1.88151e-06,0.854309
0,0.25,2.5,11.038,-3.48948e-06,0.85431
0,0.25,2.5,11.538,-4.32611e-06,0.854311
0,0.25,2.5,12.038,-5.06929e-06,0.854311
0,0.25,2.5,12.538,-5.32381e-06,0.854311
0,0.25,2.5,13.038,-5.50356e-06,0.854311
0,0.25,2.5,13.538,-5.55527e-06,0.854311
0,0.25,2.5,14.038,-5.57947e-06,0.854311
0,0.25,2.5,14.538,-5.58589e-06,0.854311
0,0.25,2.5,15.038,-5.58773e-06,0.854311
0,0.25,2.5,15.538,-5.5882e-06,0.854311
0,0.25,2.5,16.038,-5.58829e-06,0.854311
0,0.25,2.5,16.538,-5.58831e-06,0.854311
0,0.25,2.5,17.038,-5.58832e-06,0.854311
0,0.25,2.5,17.538,-5.58829e-06,0.854311
0,0.25,2.5,18.038,-5.58821e-06,0.854311
0,0.25,2.5,18.538,-5.58779e-06,0.854311
0,0.25,2.5,19.038,-5.58632e-06,0.854311
0,0.25,2.5,19.538,-5.58107e-06,0.854311
0,0.25,2.5,20.038,-5.56271e-06,0.854311
0,0.25,2.5,20.538,-5.53313e-06,0.854311
0,0.25,2.5,21.038,-6.26501e-06,0.85431
0,0.25,2.5,21.538,-8.94283e-06,0.854311
0,0.25,2.5,22.038,-1.097e-05,0.854307
0,0.25,2.5,22.538,-2.70139e-05,0.854311
0,0.25,2.5,23.038,-3.34362e-05,0.854283
0,0.25,2.5,23.538,-9.36091e-05,0.854291
0,0.25,2.5,24.0379,-2.6321e-05,0.852296
0,0.25,3,9.53833,-4.73532e-07,0.867156
0,0.25,3,10.0383,-2.02066e-06,0.867099
0,0.25,3,10.5383,-2.11891e-06,0.867113
0,0.25,3,11.0383,-3.66594e-06,0.867115
0,0.25,3,11.5383,-4.31456e-06,0.867116
0,0.25,3,12.0383,-5.1329e-06,0.867116
0,0.25,3,12.5383,-5.40066e-06,0.867117
0,0.25,3,13.0383,-5.62671e-06,0.867117
0,0.25,3,13.5383,-5.69282e-06,0.867117
0,0.25,3,14.0383,-5.72746e-06,0.867117
0,0.25,3,14.5383,-5.73716e-06,0.867117
0,0.25,3,15.0383,-5.74019e-06,0.867117
0,0.25,3,15.5383,-5.74102e-06,0.867117
0,0.25,3,16.0383,-5.74121e-06,0.867117
0,0.25,3,16.5383,-5.74126e-06,0.867117
0,0.25,3,17.0383,-5.74126e-06,0.867117
0,0.25,3,17.5383,-5.74121e-06,0.867117
0,0.25,3,18.0383,-5.74105e-06,0.867117
0,0.25,3,18.5383,-5.7403e-06,0.867117
0,0.25,3,19.0383,-5.73773e-06,0.867117
0,0.25,3,19.5383,-5.72959e-06,0.867117
0,0.25,3,20.0383,-5.70058e-06,0.867117
0,0.25,3,20.5383,-5.65558e-06,0.867118
0,0.25,3,21.0383,-5.66781e-06,0.867114
0,0.25,3,21.5383,-6.20183e-06,0.867118
0,0.25,3,22.0383,-6.27427e-06,0.867097
0,0.25,3,22.5383,-1.05834e-05,0.867118
0,0.25,3,23.0383,-2.00931e-06,0.867037
0,0.25,3,23.5383,6.87267e-06,0.867109
0,0.25,3,24.0383,1.67232e-06,0.86725
0,0.25,3.5,9.53833,-3.02419e-07,0.867198
0,0.25,3.5,10.0383,-1.19708e-06,0.867198
0,0.25,3.5,10.5383,-8.70958e-07,0.8672
0,0.25,3.5,11.0383,-1.95357e-06,0.8672
0,0.25,3.5,11.5383,-2.351e-06,0.867202
0,0.25,3.5,12.0383,-3.48314e-06,0.867202
0,0.25,3.5,12.5383,-3.87343e-06,0.867203
0,0.25,3.5,13.0383,-4.43439e-06,0.867203
0,0.25,3.5,13.5383,-4.60307e-06,0.867203
0,0.25,3.5,14.0383,-4.75365e-06,0.867203
0,0.25,3.5,14.5383,-4.7953e-06,0.867204
0,0.25,3.5,15.0383,-4.81711e-06,0.867204
0,0.25,3.5,15.5383,-4.8229e-06,0.867204
0,0.25,3.5,16.0383,-4.82479e-06,0.867204
0,0.25,3.5,16.5383,-4.82526e-06,0.867204
0,0.25,3.5,17.0383,-4.82527e-06,0.867204
0,0.25,3.5,17.5383,-4.82485e-06,0.867204
0,0.25,3.5,18.0383,-4.82317e-06,0.867204
0,0.25,3.5,18.5383,-4.81819e-06,0.867204
0,0.25,3.5,19.0383,-4.79874e-06,0.867204
0,0.25,3.5,19.5383,-4.76567e-06,0.867204
0,0.25,3.5,20.0383,-4.62834e-06,0.867204
0,0.25,3.5,20.5383,-4.50431e-06,0.867204
0,0.25,3.5,21.0383,-3.10091e-06,0.867202
0,0.25,3.5,21.5383,-3.7946e-08,0.867205
0,0.25,3.5,22.0383,1.85331e-06,0.867193
0,0.25,3.5,22.5383,1.12688e-05,0.867204
0,0.25,3.5,23.0383,1.52769e-05,0.867189
0,0.25,3.5,23.5383,7.6407e-05,0.867211
0,0.25,3.5,24.0383,1.90681e-05,0.867218
0,0.25,4,9.53833,-7.91266e-08,0.867198
0,0.25,4,10.0383,-3.48955e-07,0.867198
0,0.25,4,10.5383,-7.10463e-07,0.867199
0,0.25,4,11.0383,-1.72707e-06,0.8672
0,0.25,4,11.5383,-2.20616e-06,0.867201
0,0.25,4,12.0383,-3.25829e-06,0.867201
0,0.25,4,12.5383,-3.63773e-06,0.867203
0,0.25,4,13.0383,-4.18861e-06,0.867203
0,0.25,4,13.5383,-4.35625e-06,0.867204
0,0.25,4,14.0383,-4.51272e-06,0.867204
0,0.25,4,14.5383,-4.5562e-06,0.867204
0,0.25,4,15.0383,-4.58001e-06,0.867204
0,0.25,4,15.5383,-4.58634e-06,0.867204
0,0.25,4,16.0383,-4.58849e-06,0.867204
0,0.25,4,16.5383,-4.58901e-06,0.867204
0,0.25,4,17.0383,-4.58903e-06,0.867204
0,0.25,4,17.5383,-4.58856e-06,0.867204
0,0.25,4,18.0383,-4.58662e-06,0.867204
0,0.25,4,18.5383,-4.58114e-06,0.867204
0,0.25,4,19.0383,-4.55964e-06,0.867204
0,0.25,4,19.5383,-4.52341e-06,0.867204
0,0.25,4,20.0383,-4.37921e-06,0.867204
0,0.25,4,20.5383,-4.23429e-06,0.867205
0,0.25,4,21.0383,-3.4842e-06,0.867205
0,0.25,4,21.5383,-2.39213e-06,0.867206
0,0.25,4,22.0383,-1.01082e-06,0.867196
0,0.25,4,22.5383,2.09164e-06,0.867201
0,0.25,4,23.0383,-1.87892e-06,0.86719
0,0.25,4,23.5383,-4.63695e-06,0.867217
0,0.25,4,24.0383,-6.86737e-07,0.867215
0,0.25,4.5,9.53833,-2.91288e-08,0.867198
0,0.25,4.5,10.0383,-1.26163e-07,0.867198
0,0.25,4.5,10.5383,-9.33842e-08,0.867199
0,0.25,4.5,11.0383,-6.43875e-08,0.867199
0,0.25,4.5,11.5383,-5.41732e-08,0.867201
0,0.25,4.5,12.0383,-7.78172e-08,0.867201
0,0.25,4.5,12.5383,-9.66903e-08,0.867203
0,0.25,4.5,13.0383,-1.39524e-07,0.867203
0,0.25,4.5,13.5383,-1.55541e-07,0.867204
0,0.25,4.5,14.0383,-1.72809e-07,0.867204
0,0.25,4.5,14.5383,-1.78222e-07,0.867204
0,0.25,4.5,15.0383,-1.81499e-07,0.867204
0,0.25,4.5,15.5383,-1.82421e-07,0.867204
0,0.25,4.5,16.0383,-1.82777e-07,0.867204
0,0.25,4.5,16.5383,-1.82866e-07,0.867204
0,0.25,4.5,17.0383,-1.82868e-07,0.867204
0,0.25,4.5,17.5383,-1.82791e-07,0.867204
0,0.25,4.5,18.0383,-1.8245e-07,0.867204
0,0.25,4.5,18.5383,-1.81606e-07,0.867204
0,0.25,4.5,19.0383,-1.78383e-07,0.867204
0,0.25,4.5,19.5383,-1.72083e-07,0.867204
0,0.25,4.5,20.0383,-1.53903e-07,0.867204
0,0.25,4.5,20.5383,-1.17036e-07,0.867205
0,0.25,4.5,21.0383,-5.48057e-08,0.867205
0,0.25,4.5,21.5383,1.01035e-07,0.867207
0,0.25,4.5,22.0383,1.47163e-06,0.867202
0,0.25,4.5,22.5383,6.8347e-06,0.867205
0,0.25,4.5,23.0383,1.14361e-05,0.867201
0,0.25,4.5,23.5383,2.27652e-05,0.867213
0,0.25,4.5,24.0383,5.1912e-06,0.867199
0,0.25,5,9.53833,2.91286e-08,0.867198
0,0.25,5,10.0383,1.26161e-07,0.867198
0,0.25,5,10.5383,9.33817e-08,0.867199
0,0.25,5,11.0383,6.43851e-08,0.867199
0,0.25,5,11.5383,5.41735e-08,0.867201
0,0.25,5,12.0383,7.78226e-08,0.867201
0,0.25,5,12.5383,9.66968e-08,0.867203
0,0.25,5,13.0383,1.39531e-07,0.867203
0,0.25,5,13.5383,1.55548e-07,0.867204
0,0.25,5,14.0383,1.72816e-07,0.867204
0,0.25,5,14.5383,1.78227e-07,0.867204
0,0.25,5,15.0383,1.81504e-07,0.867204
0,0.25,5,15.5383,1.82426e-07,0.867204
0,0.25,5,16.0383,1.82782e-07,0.867204
0,0.25,5,16.5383,1.8287e-07,0.867204
0,0.25,5,17.0383,1.82873e-07,0.867204
0,0.25,5,17.5383,1.82797e-07,0.867204
0,0.25,5,18.0383,1.82455e-07,0.867204
0,0.25,5,18.5383,1.81611e-07,0.867204
0,0.25,5,19.0383,1.78388e-07,0.867204
0,0.25,5,19.5383,1.72089e-07,0.867204
0,0.25,5,20.0383,1.53909e-07,0.867204
0,0.25,5,20.5383,1.17041e-07,0.867205
0,0.25,5,21.0383,5.48115e-08,0.867205
0,0.25,5,21.5383,-1.0103e-07,0.867207
0,0.25,5,22.0383,-1.47163e-06,0.867202
0,0.25,5,22.5383,-6.8347e-06,0.867205
0,0.25,5,23.0383,-1.14361e-05,0.867201
0,0.25,5,23.5383,-2.27652e-05,0.867213
0,0.25,5,24.0383,-5.1912e-06,0.867199
0,0.25,5.5,9.53833,7.9127e-08,0.867198
0,0.25,5.5,10.0383,3.48957e-07,0.867198
0,0.25,5.5,10.5383,7.10467e-07,0.867199
0,0.25,5.5,11.0383,1.72708e-06,0.8672
0,0.25,5.5,11.5383,2.20616e-06,0.867201
0,0.25,5.5,12.0383,3.25828e-06,0.867201
0,0.25,5.5,12.5383,3.63772e-06,0.867203
0,0.25,5.5,13.0383,4.18861e-06,0.867203
0,0.25,5.5,13.5383,4.35624e-06,0.867204
0,0.25,5.5,14.0383,4.51272e-06,0.867204
0,0.25,5.5,14.5383,4.5562e-06,0.867204
0,0.25,5.5,15.0383,4.58001e-06,0.867204
0,0.25,5.5,15.5383,4.58633e-06,0.867204
0,0.25,5.5,16.0383,4.58849e-06,0.867204
0,0.25,5.5,16.5383,4.58901e-06,0.867204
0,0.25,5.5,17.0383,4.58903e-06,0.867204
0,0.25,5.5,17.5383,4.58856e-06,0.867204
0,0.25,5.5,18.0383,4.58662e-06,0.867204
0,0.25,5.5,18.5383,4.58114e-06,0.867204
0,0.25,5.5,19.0383,4.55963e-06,0.867204
0,0.25,5.5,19.5383,4.52341e-06,0.867204
0,0.25,5.5,20.0383,4.37921e-06,0.867204
0,0.25,5.5,20.5383,4.23429e-06,0.867205
0,0.25,5.5,21.0383,3.4842e-06,0.867205
0,0.25,5.5,21.5383,2.39213e-06,0.867206
0,0.25,5.5,22.0383,1.01082e-06,0.867196
0,0.25,5.5,22.5383,-2.09164e-06,0.867201
0,0.25,5.5,23.0383,1.87892e-06,0.86719
0,0.25,5.5,23.5383,4.63695e-06,0.867217
0,0.25,5.5,24.0383,6.86737e-07,0.867215
0,0.25,6,9.53833,3.02419e-07,0.867198
0,0.25,6,10.0383,1.19708e-06,0.867198
0,0.25,6,10.5383,8.70959e-07,0.8672
0,0.25,6,11.0383,1.95357e-06,0.8672
0,0.25,6,11.5383,2.351e-06,0.867202
0,0.25,6,12.0383,3.48314e-06,0.867202
0,0.25,6,12.5383,3.87343e-06,0.867203
0,0.25,6,13.0383,4.43438e-06,0.867203
0,0.25,6,13.5383,4.60306e-06,0.867203
0,0.25,6,14.0383,4.75364e-06,0.867203
0,0.25,6,14.5383,4.7953e-06,0.867204
0,0.25,6,15.0383,4.8171e-06,0.867204
0,0.25,6,15.5383,4.82289e-06,0.867204
0,0.25,6,16.0383,4.82479e-06,0.867204
0,0.25,6,16.5383,4.82525e-06,0.867204
0,0.25,6,17.0383,4.82526e-06,0.867204
0,0.25,6,17.5383,4.82485e-06,0.867204
0,0.25,6,18.0383,4.82317e-06,0.867204
0,0.25,6,18.5383,4.81819e-06,0.867204
0,0.25,6,19.0383,4.79874e-06,0.867204
0,0.25,6,19.5383,4.76567e-06,0.867204
0,0.25,6,20.0383,4.62834e-06,0.867204
0,0.25,6,20.5383,4.5043e-06,0.867204
0,0.25,6,21.0383,3.10091e-06,0.867202
0,0.25,6,21.5383,3.79474e-08,0.867205
0,0.25,6,22.0383,-1.85331e-06,0.867193
0,0.25,6,22.5383,-1.12688e-05,0.867204
0,0.25,6,23.0383,-1.52769e-05,0.867189
0,0.25,6,23.5383,-7.6407e-05,0.867211
0,0.25,6,24.0383,-1.90681e-05,0.867218
0,0.25,6.5,9.53833,4.73532e-07,0.867156
0,0.25,6.5,10.0383,2.02066e-06,0.867099
0,0.25,6.5,10.5383,2.11891e-06,0.867113
0,0.25,6.5,11.0383,3.66594e-06,0.867115
0,0.25,6.5,11.5383,4.31456e-06,0.867116
0,0.25,6.5,12.0383,5.1329e-06,0.867116
0,0.25,6.5,12.5383,5.40066e-06,0.867117
0,0.25,6.5,13.0383,5.62671e-06,0.867117
0,0.25,6.5,13.5383,5.69282e-06,0.867117
0,0.25,6.5,14.0383,5.72746e-06,0.867117
0,0.25,6.5,14.5383,5.73716e-06,0.867117
0,0.25,6.5,15.0383,5.74019e-06,0.867117
0,0.25,6.5,15.5383,5.74102e-06,0.867117
0,0.25,6.5,16.0383,5.74121e-06,0.867117
0,0.25,6.5,16.5383,5.74126e-06,0.867117
0,0.25,6.5,17.0383,5.74126e-06,0.867117
0,0.25,6.5,17.5383,5.74121e-06,0.867117
0,0.25,6.5,18.0383,5.74105e-06,0.867117
0,0.25,6.5,18.5383,5.7403e-06,0.867117
0,0.25,6.5,19.0383,5.73773e-06,0.867117
0,0.25,6.5,19.5383,5.72959e-06,0.867117
0,0.25,6.5,20.0383,5.70058e-06,0.867117
0,0.25,6.5,20.5383,5.65558e-06,0.867118
0,0.25,6.5,21.0383,5.66781e-06,0.867114
0,0.25,6.5,21.5383,6.20183e-06,0.867118
0,0.25,6.5,22.0383,6.27426e-06,0.867097
0,0.25,6.5,22.5383,1.05834e-05,0.867118
0,0.25,6.5,23.0383,2.00931e-06,0.867037
0,0.25,6.5,23.5383,-6.87267e-06,0.867109
0,0.25,6.5,24.0383,-1.67232e-06,0.86725
0,0.25,7,9.53794,5.95048e-07,0.852277
0,0.25,7,10.038,9.02098e-07,0.854284
0,0.25,7,10.538,1.88151e-06,0.854309
0,0.25,7,11.038,3.48949e-06,0.85431
0,0.25,7,11.538,4.32611e-06,0.854311
0,0.25,7,12.038,5.06929e-06,0.854311
0,0.25,7,12.538,5.32382e-06,0.854311
0,0.25,7,13.038,5.50357e-06,0.854311
0,0.25,7,13.538,5.55527e-06,0.854311
0,0.25,7,14.038,5.57948e-06,0.854311
0,0.25,7,14.538,5.5859e-06,0.854311
0,0.25,7,15.038,5.58774e-06,0.854311
0,0.25,7,15.538,5.5882e-06,0.854311
0,0.25,7,16.038,5.58829e-06,0.854311
0,0.25,7,16.538,5.58832e-06,0.854311
0,0.25,7,17.038,5.58832e-06,0.854311
0,0.25,7,17.538,5.5883e-06,0.854311
0,0.25,7,18.038,5.58822e-06,0.854311
0,0.25,7,18.538,5.5878e-06,0.854311
0,0.25,7,19.038,5.58632e-06,0.854311
0,0.25,7,19.538,5.58108e-06,0.854311
0,0.25,7,20.038,5.56272e-06,0.854311
0,0.25,7,20.538,5.53313e-06,0.854311
0,0.25,7,21.038,6.26502e-06,0.85431
0,0.25,7,21.538,8.94283e-06,0.854311
0,0.25,7,22.038,1.097e-05,0.854307
0,0.25,7,22.538,2.70139e-05,0.854311
0,0.25,7,23.038,3.34362e-05,0.854283
0,0.25,7,23.538,9.36091e-05,0.854291
0,0.25,7,24.0379,2.6321e-05,0.852296
1,0.25,7.5,1.5,0,0
1,0.25,8,1.5,0,0
1,0.25,1.5,1.5,0,0
1,0.25,2,1.5,0,0
1,0.25,7.5,2,0,0
1,0.25,8,2,0,0
1,0.25,1.5,2,0,0
1,0.25,2,2,0,0
1,0.25,7.5,2.5,0,0
1,0.25,8,2.5,0,0
1,0.25,1.5,2.5,0,0
1,0.25,2,2.5,0,0
1,0.25,7.5,3,0,0
1,0.25,8,3,0,0
1,0.25,1.5,3,0,0
1,0.25,2,3,0,0
1,0.25,7.5,3.5,0,0
1,0.25,8,3.5,0,0
1,0.25,1.5,3.5,0,0
1,0.25,2,3.5,0,0
1,0.25,7.5,4,0,0
1,0.25,8,4,0,0
1,0.25,1.5,4,0,0
1,0.25,2,4,0,0
1,0.25,7.5,4.5,0,0
1,0.25,8,4.5,0,0
1,0.25,1.5,4.5,0,0
1,0.25,2,4.5,0,0
1,0.25,7.5,5,0,0
1,0.25,8,5,0,0
1,0.25,1.5,5,0,0
1,0.25,2,5,0,0
1,0.25,7.5,5.5,0,0
1,0.25,8,5.5,0,0
1,0.25,1.5,5.5,0,0
1,0.25,2,5.5,0,0
1,0.25,7.5,6,0,0
1,0.25,8,6,0,0
1,0.25,1.5,6,0,0
1,0.25,2,6,0,0
1,0.25,7.5,6.5,0,0
1,0.25,8,6.5,0,0
1,0.25,1.5,6.5,0,0
1,0.25,2,6.5,0,0
1,0.25,7.5,7,0,0
1,0.25,8,7,0,0
1,0.25,1.5,7,0,0
1,0.25,2,7,0,0
1,0.25,7.5,7.5,0,0
1,0.25,8,7.5,0,0
1,0.25,1.5,7.5,0,0
1,0.25,2,7.5,0,0
1,0.25,7.5,8,0,0
1,0.25,8,8,0,0
1,0.25,1.5,8,0,0
1,0.25,2,8,0,0
1,0.25,7.5,8.5,0,0
1,0.25,8,8.5,0,0
1,0.25,1.5,8.5,0,0
1,0.25,2,8.5,0,0
1,0.25,7.5,9,0,0
1,0.25,8,9,0,0
1,0.25,1.5,9,0,0
1,0.25,2,9,0,0
1,0.25,7.5,9.5,0,0
1,0.25,8,9.5,0,0
1,0.25,1.5,9.5,0,0
1,0.25,2,9.5,0,0
1,0.25,7.5,10,0,0
1,0.25,8,10,0,0
1,0.25,1.5,10,0,0
1,0.25,2,10,0,0
1,0.25,7.5,10.5,0,0
1,0.25,8,10.5,0,0
1,0.25,1.5,10.5,0,0
1,0.25,2,10.5,0,0
1,0.25,7.5,11,0,0
1,0.25,8,11,0,0
1,0.25,1.5,11,0,0
1,0.25,2,11,0,0
1,0.25,7.5,11.5,0,0
1,0.25,8,11.5,0,0
1,0.25,1.5,11.5,0,0
1,0.25,2,11.5,0,0
1,0.25,7.5,12,0,0
1,0.25,8,12,0,0
1,0.25,1.5,12,0,0
1,0.25,2,12,0,0
1,0.25,7.5,12.5,0,0
1,0.25,8,12.5,0,0
1,0.25,1.5,12.5,0,0
1,0.25,2,12.5,0,0
1,0.25,7.5,13,0,0
1,0.25,8,13,0,0
1,0.25,1.5,13,0,0
1,0.25,2,13,0,0
1,0.25,7.5,13.5,0,0
1,0.25,8,13.5,0,0
1,0.25,1.5,13.5,0,0
1,0.25,2,13.5,0,0
1,0.25,7.5,14,0,0
1,0.25,8,14,0,0
1,0.25,1.5,14,0,0
1,0.25,2,14,0,0
1,0.25,7.5,14.5,0,0
1,0.25,8,14.5,0,0
1,0.25,1.5,14.5,0,0
1,0.25,2,14.5,0,0
1,0.25,7.5,15,0,0
1,0.25,8,15,0,0
1,0.25,1.5,15,0,0
1,0.25,2,15,0,0
1,0.25,7.5,15.5,0,0
1,0.25,8,15.5,0,0
1,0.25,1.5,15.5,0,0
1,0.25,2,15.5,0,0
1,0.25,7.5,16,0,0
1,0.25,8,16,0,0
1,0.25,1.5,16,0,0
1,0.25,2,16,0,0
1,0.25,7.5,16.5,0,0
1,0.25,8,16.5,0,0
1,0.25,1.5,16.5,0,0
1,0.25,2,16.5,0,0
1,0.25,7.5,17,0,0
1,0.25,8,17,0,0
1,0.25,1.5,17,0,0
1,0.25,2,17,0,0
1,0.25,7.5,17.5,0,0
1,0.25,8,17.5,0,0
1,0.25,1.5,17.5,0,0
1,0.25,2,17.5,0,0
1,0.25,7.5,18,0,0
1,0.25,8,18,0,0
1,0.25,1.5,18,0,0
1,0.25,2,18,0,0
1,0.25,7.5,18.5,0,0
1,0.25,8,18.5,0,0
1,0.25,1.5,18.5,0,0
1,0.25,2,18.5,0,0
1,0.25,7.5,19,0,0
1,0.25,8,19,0,0
1,0.25,1.5,19,0,0
1,0.25,2,19,0,0
1,0.25,7.5,19.5,0,0
1,0.25,8,19.5,0,0
1,0.25,1.5,19.5,0,0
1,0.25,2,19.5,0,0
1,0.25,7.5,20,0,0
1,0.25,8,20,0,0
1,0.25,1.5,20,0,0
1,0.25,2,20,0,0
1,0.25,7.5,20.5,0,0
1,0.25,8,20.5,0,0
1,0.25,1.5,20.5,0,0
1,0.25,2,20.5,0,0
1,0.25,7.5,21,0,0
1,0.25,8,21,0,0
1,0.25,1.5,21,0,0
1,0.25,2,21,0,0
1,0.25,7.5,21.5,0,0
1,0.25,8,21.5,0,0
1,0.25,1.5,21.5,0,0
1,0.25,2,21.5,0,0
1,0.25,7.5,22,0,0
1,0.25,8,22,0,0
1,0.25,1.5,22,0,0
1,0.25,2,22,0,0
1,0.25,7.5,22.5,0,0
1,0.25,8,22.5,0,0
1,0.25,1.5,22.5,0,0
1,0.25,2,22.5,0,0
1,0.25,7.5,23,0,0
1,0.25,8,23,0,0
1,0.25,1.5,23,0,0
1,0.25,2,23,0,0
1,0.25,7.5,23.5,0,0
1,0.25,8,23.5,0,0
1,0.25,1.5,23.5,0,0
1,0.25,2,23.5,0,0
1,0.25,7.5,24,0,0
1,0.25,8,24,0,0
1,0.25,1.5,24,0,0
1,0.25,2,24,0,0
1,0.25,7.5,24.5,0,0
1,0.25,8,24.5,0,0
1,0.25,1.5,24.5,0,0
1,0.25,2,24.5,0,0
1,0.25,7.5,25,0,0
1,0.25,8,25,0,0
1,0.25,1.5,25,0,0
1,0.25,2,25,0,0
1,0.25,7.5,25.5,0,0
1,0.25,8,25.5,0,0
1,0.25,1.5,25.5,0,0
1,0.25,2,25.5,0,0
1,0.25,2.5,1.5,0,0
1,0.25,2.5,2,0,0
1,0.25,2.5,25,0,0
1,0.25,2.5,25.5,0,0
1,0.25,3,1.5,0,0
1,0.25,3,2,0,0
1,0.25,3,25,0,0
1,0.25,3,25.5,0,0
1,0.25,3.5,1.5,0,0
1,0.25,3.5,2,0,0
1,0.25,3.5,25,0,0
1,0.25,3.5,25.5,0,0
1,0.25,4,1.5,0,0
1,0.25,4,2,0,0
1,0.25,4,25,0,0
1,0.25,4,25.5,0,0
1,0.25,4.5,1.5,0,0
1,0.25,4.5,2,0,0
1,0.25,4.5,25,0,0
1,0.25,4.5,25.5,0,0
1,0.25,5,1.5,0,0
1,0.25,5,2,0,0
1,0.25,5,25,0,0
1,0.25,5,25.5,0,0
1,0.25,5.5,1.5,0,0
1,0.25,5.5,2,0,0
1,0.25,5.5,25,0,0
1,0.25,5.5,25.5,0,0
1,0.25,6,1.5,0,0
1,0.25,6,2,0,0
1,0.25,6,25,0,0
1,0.25,6,25.5,0,0
1,0.25,6.5,1.5,0,0
1,0.25,6.5,2,0,0
1,0.25,6.5,25,0,0
1,0.25,6.5,25.5,0,0
1,0.25,7,1.5,0,0
1,0.25,7,2,0,0
1,0.25,7,25,0,0
1,0.25,7,25.5,0,0
