536 2 0.5 3500 0.2 2 0 2e-06 0 9.81 10 35
0,0.25,2.5,9.71518,-1.19208e-06,1.9443
0,0.25,2.5,10.2164,-2.29872e-06,1.96457
0,0.25,2.5,10.7165,-2.41753e-06,1.96513
0,0.25,2.5,11.2165,-3.38085e-06,1.96515
0,0.25,2.5,11.7165,-3.98975e-06,1.96515
0,0.25,2.5,12.2165,-4.60936e-06,1.96515
0,0.25,2.5,12.7165,-4.84344e-06,1.96515
0,0.25,2.5,13.2165,-5.01041e-06,1.96515
0,0.25,2.5,13.7165,-5.06141e-06,1.96515
0,0.25,2.5,14.2165,-5.08492e-06,1.96515
0,0.25,2.5,14.7165,-5.09156e-06,1.96515
0,0.25,2.5,15.2165,-5.0935e-06,1.96515
0,0.25,2.5,15.7165,-5.09402e-06,1.96515
0,0.25,2.5,16.2165,-5.09413e-06,1.96515
0,0.25,2.5,16.7165,-5.09429e-06,1.96515
0,0.25,2.5,17.2165,-5.09532e-06,1.96515
0,0.25,2.5,17.7165,-5.11058e-06,1.96515
0,0.25,2.5,18.2165,-5.21055e-06,1.96515
0,0.25,2.5,18.7165,-5.42336e-06,1.96515
0,0.25,2.5,19.2165,-9.52965e-06,1.96515
0,0.25,2.5,19.7165,-2.28471e-05,1.96515
0,0.25,2.5,20.2165,-3.7244e-05,1.96513
0,0.25,2.5,20.7165,-0.000120067,1.96514
0,0.25,2.5,21.2165,-0.000123521,1.96509
0,0.25,2.49999,21.7165,-0.000379925,1.96514
0,0.25,2.49999,22.2165,-0.00035379,1.96499
0,0.25,2.49996,22.7165,-0.00107496,1.9651
0,0.25,2.49996,23.2164,-0.0010329,1.96463
0,0.25,2.49987,23.7164,-0.00319358,1.96451
0,0.25,2.49997,24.2151,-0.000804307,1.94107
0,0.25,3,9.72458,-1.47196e-05,2.09813
0,0.25,3,10.2245,-6.01799e-05,2.09691
0,0.25,3,10.7245,-1.98137e-05,2.09721
0,0.25,3,11.2245,-1.83169e-05,2.09721
0,0.25,3,11.7245,-7.7411e-06,2.09721
0,0.25,3,12.2245,-4.9422e-06,2.09721
0,0.25,3,12.7245,-5.23722e-06,2.09721
0,0.25,3,13.2245,-5.47846e-06,2.09721
0,0.25,3,13.7245,-5.55901e-06,2.09721
0,0.25,3,14.2245,-5.60161e-06,2.09721
0,0.25,3,14.7245,-5.61531e-06,2.09721
0,0.25,3,15.2245,-5.61999e-06,2.09721
0,0.25,3,15.7245,-5.62142e-06,2.09721
0,0.25,3,16.2245,-5.62179e-06,2.09721
0,0.25,3,16.7245,-5.62189e-06,2.09721
0,0.25,3,17.2245,-6.06091e-06,2.09721
0,0.25,3,17.7245,-7.44139e-06,2.09721
0,0.25,3,18.2245,-1.43111e-05,2.0972
0,0.25,3,18.7245,-3.95566e-05,2.09721
0,0.25,3,19.2245,-3.51171e-05,2.09718
0,0.25,3,19.7245,-9.24985e-05,2.09721
0,0.25,3,20.2245,-7.46803e-05,2.09709
0,0.25,2.99999,20.7245,-0.000200448,2.0972
0,0.25,2.99999,21.2245,-0.000157618,2.0969
0,0.25,2.99999,21.7245,-0.000429762,2.09719
0,0.25,2.99999,22.2245,-0.000321651,2.09642
0,0.25,2.99998,22.7245,-0.000874565,2.09713
0,0.25,2.99999,23.2244,-0.000609002,2.09493
0,0.25,2.99997,23.7245,-0.00144323,2.09681
0,0.25,2.99999,24.2245,-0.000360011,2.09563
0,0.25,3.5,9.72463,-4.24099e-07,2.09926
0,0.25,3.5,10.2246,-1.37731e-06,2.09931
0,0.25,3.5,10.7246,-1.71978e-06,2.09935
0,0.25,3.5,11.2246,-4.60654e-06,2.09931
0,0.25,3.5,11.7246,-3.12643e-06,2.09933
0,0.25,3.5,12.2246,-3.57381e-06,2.09931
0,0.25,3.5,12.7246,-3.97121e-06,2.09931
0,0.25,3.5,13.2246,-4.48955e-06,2.09931
0,0.25,3.5,13.7246,-4.65611e-06,2.09931
0,0.25,3.5,14.2246,-4.79509e-06,2.09931
0,0.25,3.5,14.7246,-4.83567e-06,2.09931
0,0.25,3.5,15.2246,-4.85605e-06,2.09931
0,0.25,3.5,15.7246,-4.86166e-06,2.09931
0,0.25,3.5,16.2246,-4.86347e-06,2.09931
0,0.25,3.5,16.7246,-4.86392e-06,2.09931
0,0.25,3.5,17.2246,-4.86395e-06,2.09931
0,0.25,3.5,17.7246,-4.87705e-06,2.09931
0,0.25,3.5,18.2246,-1.30611e-05,2.09927
0,0.25,3.5,18.7246,-3.85226e-05,2.09931
0,0.25,3.5,19.2246,-3.24397e-05,2.09924
0,0.25,3.5,19.7246,-8.3865e-05,2.09931
0,0.25,3.5,20.2246,-5.93543e-05,2.09915
0,0.25,3.5,20.7246,-0.000147437,2.0993
0,0.25,3.5,21.2246,-9.35252e-05,2.09895
0,0.25,3.49999,21.7246,-0.00022284,2.09929
0,0.25,3.5,22.2246,-0.000125428,2.09855
0,0.25,3.5,22.7246,-0.000251005,2.09922
0,0.25,3.50001,23.2246,3.21565e-05,2.09791
0,0.25,3.50004,23.7246,0.000508569,2.09925
0,0.25,3.50001,24.2245,0.000118915,2.096
0,0.25,4,9.72463,1.17718e-05,2.09932
0,0.25,4,10.2246,4.73752e-05,2.09933
0,0.25,4,10.7246,9.95817e-06,2.09935
0,0.25,4,11.2246,1.17451e-05,2.09934
0,0.25,4,11.7246,1.46729e-06,2.09934
0,0.25,4,12.2246,-2.99473e-06,2.09934
0,0.25,4,12.7246,-3.35779e-06,2.09934
0,0.25,4,13.2246,-3.85415e-06,2.09934
0,0.25,4,13.7246,-4.01433e-06,2.09934
0,0.25,4,14.2246,-4.15601e-06,2.09934
0,0.25,4,14.7246,-4.19737e-06,2.09934
0,0.25,4,15.2246,-4.21919e-06,2.09934
0,0.25,4,15.7246,-4.22519e-06,2.09934
0,0.25,4,16.2246,-4.2272e-06,2.09934
0,0.25,4,16.7246,-4.2277e-06,2.09934
0,0.25,4,17.2246,-3.78849e-06,2.09934
0,0.25,4,17.7246,-2.43038e-06,2.09934
0,0.25,4,18.2246,-7.11096e-06,2.09929
0,0.25,4,18.7246,-1.77939e-05,2.09934
0,0.25,4,19.2246,-1.47953e-05,2.09925
0,0.25,4,19.7246,-3.31975e-05,2.09933
0,0.25,4,20.2246,-3.25912e-05,2.09912
0,0.25,4,20.7246,-9.03722e-05,2.09933
0,0.25,4,21.2246,-6.52773e-05,2.09889
0,0.25,4,21.7246,-0.000166382,2.0993
0,0.25,4,22.2246,-0.000124922,2.09839
0,0.25,3.99999,22.7246,-0.000310781,2.09926
0,0.25,3.99999,23.2246,-0.000218346,2.0976
0,0.25,3.99997,23.7246,-0.000723736,2.09927
0,0.25,3.99999,24.2246,-0.000169574,2.09673
0,0.25,4.5,9.72463,-1.63956e-06,2.09932
0,0.25,4.5,10.2246,-9.12086e-06,2.09933
0,0.25,4.5,10.7246,-5.91205e-06,2.09935
0,0.25,4.5,11.2246,1.06351e-06,2.09934
0,0.25,4.5,11.7246,3.55478e-07,2.09934
0,0.25,4.5,12.2246,-3.12895e-07,2.09934
0,0.25,4.5,12.7246,-3.76089e-07,2.09934
0,0.25,4.5,13.2246,-4.4658e-07,2.09934
0,0.25,4.5,13.7246,-4.77054e-07,2.09934
0,0.25,4.5,14.2246,-5.01591e-07,2.09934
0,0.25,4.5,14.7246,-5.10347e-07,2.09934
0,0.25,4.5,15.2246,-5.1478e-07,2.09934
0,0.25,4.5,15.7246,-5.16144e-07,2.09934
0,0.25,4.5,16.2246,-5.16618e-07,2.09934
0,0.25,4.5,16.7246,-5.16597e-07,2.09934
0,0.25,4.5,17.2246,-5.15587e-07,2.09934
0,0.25,4.5,17.7246,-5.09031e-07,2.09934
0,0.25,4.5,18.2246,-3.77782e-06,2.09927
0,0.25,4.5,18.7246,-1.40354e-05,2.09934
0,0.25,4.5,19.2246,-8.43779e-06,2.09924
0,0.25,4.5,19.7246,-1.97737e-05,2.09933
0,0.25,4.5,20.2246,-1.14006e-05,2.0991
0,0.25,4.5,20.7246,-2.6008e-05,2.09933
0,0.25,4.5,21.2246,-8.06976e-06,2.09889
0,0.25,4.5,21.7246,-1.43307e-06,2.0993
0,0.25,4.5,22.2246,2.52219e-05,2.09845
0,0.25,4.50001,22.7246,0.000115606,2.09929
0,0.25,4.50001,23.2246,0.000145501,2.09776
0,0.25,4.50003,23.7246,0.00043973,2.09925
0,0.25,4.50001,24.2246,9.96456e-05,2.09655
0,0.25,5,9.72463,1.63956e-06,2.09932
0,0.25,5,10.2246,9.12085e-06,2.09933
0,0.25,5,10.7246,5.91208e-06,2.09935
0,0.25,5,11.2246,-1.06348e-06,2.09934
0,0.25,5,11.7246,-3.5547e-07,2.09934
0,0.25,5,12.2246,3.129e-07,2.09934
0,0.25,5,12.7246,3.76094e-07,2.09934
0,0.25,5,13.2246,4.46585e-07,2.09934
0,0.25,5,13.7246,4.77059e-07,2.09934
0,0.25,5,14.2246,5.01597e-07,2.09934
0,0.25,5,14.7246,5.10352e-07,2.09934
0,0.25,5,15.2246,5.14784e-07,2.09934
0,0.25,5,15.7246,5.16149e-07,2.09934
0,0.25,5,16.2246,5.16622e-07,2.09934
0,0.25,5,16.7246,5.16601e-07,2.09934
0,0.25,5,17.2246,5.15591e-07,2.09934
0,0.25,5,17.7246,5.09036e-07,2.09934
0,0.25,5,18.2246,3.77782e-06,2.09927
0,0.25,5,18.7246,1.40354e-05,2.09934
0,0.25,5,19.2246,8.43778e-06,2.09924
0,0.25,5,19.7246,1.97737e-05,2.09933
0,0.25,5,20.2246,1.14006e-05,2.0991
0,0.25,5,20.7246,2.6008e-05,2.09933
0,0.25,5,21.2246,8.06975e-06,2.09889
0,0.25,5,21.7246,1.43307e-06,2.0993
0,0.25,5,22.2246,-2.52219e-05,2.09845
0,0.25,4.99999,22.7246,-0.000115606,2.09929
0,0.25,4.99999,23.2246,-0.000145501,2.09776
0,0.25,4.99997,23.7246,-0.00043973,2.09925
0,0.25,4.99999,24.2246,-9.96456e-05,2.09655
0,0.25,5.5,9.72463,-1.17718e-05,2.09932
0,0.25,5.5,10.2246,-4.73752e-05,2.09933
0,0.25,5.5,10.7246,-9.95819e-06,2.09935
0,0.25,5.5,11.2246,-1.17451e-05,2.09934
0,0.25,5.5,11.7246,-1.4673e-06,2.09934
0,0.25,5.5,12.2246,2.99473e-06,2.09934
0,0.25,5.5,12.7246,3.35779e-06,2.09934
0,0.25,5.5,13.2246,3.85415e-06,2.09934
0,0.25,5.5,13.7246,4.01433e-06,2.09934
0,0.25,5.5,14.2246,4.15601e-06,2.09934
0,0.25,5.5,14.7246,4.19737e-06,2.09934
0,0.25,5.5,15.2246,4.21919e-06,2.09934
0,0.25,5.5,15.7246,4.22519e-06,2.09934
0,0.25,5.5,16.2246,4.2272e-06,2.09934
0,0.25,5.5,16.7246,4.2277e-06,2.09934
0,0.25,5.5,17.2246,3.78848e-06,2.09934
0,0.25,5.5,17.7246,2.43038e-06,2.09934
0,0.25,5.5,18.2246,7.11096e-06,2.09929
0,0.25,5.5,18.7246,1.77939e-05,2.09934
0,0.25,5.5,19.2246,1.47953e-05,2.09925
0,0.25,5.5,19.7246,3.31975e-05,2.09933
0,0.25,5.5,20.2246,3.25912e-05,2.09912
0,0.25,5.5,20.7246,9.03722e-05,2.09933
0,0.25,5.5,21.2246,6.52773e-05,2.09889
0,0.25,5.5,21.7246,0.000166382,2.0993
0,0.25,5.5,22.2246,0.000124922,2.09839
0,0.25,5.50001,22.7246,0.000310781,2.09926
0,0.25,5.50001,23.2246,0.000218346,2.0976
0,0.25,5.50003,23.7246,0.000723736,2.09927
0,0.25,5.50001,24.2246,0.000169574,2.09673
0,0.25,6,9.72463,4.24099e-07,2.09926
0,0.25,6,10.2246,1.37731e-06,2.09931
0,0.25,6,10.7246,1.71978e-06,2.09935
0,0.25,6,11.2246,4.60651e-06,2.09931
0,0.25,6,11.7246,3.12643e-06,2.09933
0,0.25,6,12.2246,3.5738e-06,2.09931
0,0.25,6,12.7246,3.9712e-06,2.09931
0,0.25,6,13.2246,4.48955e-06,2.09931
0,0.25,6,13.7246,4.65611e-06,2.09931
0,0.25,6,14.2246,4.79508e-06,2.09931
0,0.25,6,14.7246,4.83566e-06,2.09931
0,0.25,6,15.2246,4.85604e-06,2.09931
0,0.25,6,15.7246,4.86166e-06,2.09931
0,0.25,6,16.2246,4.86347e-06,2.09931
0,0.25,6,16.7246,4.86392e-06,2.09931
0,0.25,6,17.2246,4.86395e-06,2.09931
0,0.25,6,17.7246,4.87705e-06,2.09931
0,0.25,6,18.2246,1.30611e-05,2.09927
0,0.25,6,18.7246,3.85226e-05,2.09931
0,0.25,6,19.2246,3.24397e-05,2.09924
0,0.25,6,19.7246,8.3865e-05,2.09931
0,0.25,6,20.2246,5.93543e-05,2.09915
0,0.25,6,20.7246,0.000147437,2.0993
0,0.25,6,21.2246,9.35252e-05,2.09895
0,0.25,6.00001,21.7246,0.00022284,2.09929
0,0.25,6,22.2246,0.000125428,2.09855
0,0.25,6,22.7246,0.000251005,2.09922
0,0.25,5.99999,23.2246,-3.21565e-05,2.09791
0,0.25,5.99996,23.7246,-0.000508569,2.09925
0,0.25,5.99999,24.2245,-0.000118915,2.096
0,0.25,6.5,9.72458,1.47196e-05,2.09813
0,0.25,6.5,10.2245,6.01799e-05,2.09691
0,0.25,6.5,10.7245,1.98137e-05,2.09721
0,0.25,6.5,11.2245,1.83169e-05,2.09721
0,0.25,6.5,11.7245,7.7411e-06,2.09721
0,0.25,6.5,12.2245,4.9422e-06,2.09721
0,0.25,6.5,12.7245,5.23722e-06,2.09721
0,0.25,6.5,13.2245,5.47846e-06,2.09721
0,0.25,6.5,13.7245,5.55901e-06,2.09721
0,0.25,6.5,14.2245,5.60161e-06,2.09721
0,0.25,6.5,14.7245,5.61531e-06,2.09721
0,0.25,6.5,15.2245,5.61999e-06,2.09721
0,0.25,6.5,15.7245,5.62142e-06,2.09721
0,0.25,6.5,16.2245,5.62179e-06,2.09721
0,0.25,6.5,16.7245,5.62189e-06,2.09721
0,0.25,6.5,17.2245,6.06091e-06,2.09721
0,0.25,6.5,17.7245,7.44139e-06,2.09721
0,0.25,6.5,18.2245,1.43111e-05,2.0972
0,0.25,6.5,18.7245,3.95566e-05,2.09721
0,0.25,6.5,19.2245,3.51171e-05,2.09718
0,0.25,6.5,19.7245,9.24985e-05,2.09721
0,0.25,6.5,20.2245,7.46803e-05,2.09709
0,0.25,6.50001,20.7245,0.000200448,2.0972
0,0.25,6.50001,21.2245,0.000157618,2.0969
0,0.25,6.50001,21.7245,0.000429762,2.09719
0,0.25,6.50001,22.2245,0.000321651,2.09642
0,0.25,6.50002,22.7245,0.000874565,2.09713
0,0.25,6.50001,23.2244,0.000609002,2.09493
0,0.25,6.50003,23.7245,0.00144323,2.09681
0,0.25,6.50001,24.2245,0.000360011,2.09563
0,0.25,7,9.71518,1.19208e-06,1.9443
0,0.25,7,10.2164,2.29872e-06,1.96457
0,0.25,7,10.7165,2.41753e-06,1.96513
0,0.25,7,11.2165,3.38085e-06,1.96515
0,0.25,7,11.7165,3.98975e-06,1.96515
0,0.25,7,12.2165,4.60936e-06,1.96515
0,0.25,7,12.7165,4.84344e-06,1.96515
0,0.25,7,13.2165,5.01041e-06,1.96515
0,0.25,7,13.7165,5.06142e-06,1.96515
0,0.25,7,14.2165,5.08493e-06,1.96515
0,0.25,7,14.7165,5.09156e-06,1.96515
0,0.25,7,15.2165,5.0935e-06,1.96515
0,0.25,7,15.7165,5.09402e-06,1.96515
0,0.25,7,16.2165,5.09413e-06,1.96515
0,0.25,7,16.7165,5.0943e-06,1.96515
0,0.25,7,17.2165,5.09532e-06,1.96515
0,0.25,7,17.7165,5.11059e-06,1.96515
0,0.25,7,18.2165,5.21055e-06,1.96515
0,0.25,7,18.7165,5.42336e-06,1.96515
0,0.25,7,19.2165,9.52965e-06,1.96515
0,0.25,7,19.7165,2.2847e-05,1.96515
0,0.25,7,20.2165,3.7244e-05,1.96513
0,0.25,7,20.7165,0.000120067,1.96514
0,0.25,7,21.2165,0.000123521,1.96509
0,0.25,7.00001,21.7165,0.000379925,1.96514
0,0.25,7.00001,22.2165,0.00035379,1.96499
0,0.25,7.00004,22.7165,0.00107496,1.9651
0,0.25,7.00004,23.2164,0.0010329,1.96463
0,0.25,7.00013,23.7164,0.00319358,1.96451
0,0.25,7.00003,24.2151,0.000804307,1.94107
1,0.25,7.5,1.5,0,0
1,0.25,8,1.5,0,0
1,0.25,1.5,1.5,0,0
1,0.25,2,1.5,0,0
1,0.25,7.5,2,0,0
1,0.25,8,2,0,0
1,0.25,1.5,2,0,0
1,0.25,2,2,0,0
1,0.25,7.5,2.5,0,0
1,0.25,8,2.5,0,0
1,0.25,1.5,2.5,0,0
1,0.25,2,2.5,0,0
1,0.25,7.5,3,0,0
1,0.25,8,3,0,0
1,0.25,1.5,3,0,0
1,0.25,2,3,0,0
1,0.25,7.5,3.5,0,0
1,0.25,8,3.5,0,0
1,0.25,1.5,3.5,0,0
1,0.25,2,3.5,0,0
1,0.25,7.5,4,0,0
1,0.25,8,4,0,0
1,0.25,1.5,4,0,0
1,0.25,2,4,0,0
1,0.25,7.5,4.5,0,0
1,0.25,8,4.5,0,0
1,0.25,1.5,4.5,0,0
1,0.25,2,4.5,0,0
1,0.25,7.5,5,0,0
1,0.25,8,5,0,0
1,0.25,1.5,5,0,0
1,0.25,2,5,0,0
1,0.25,7.5,5.5,0,0
1,0.25,8,5.5,0,0
1,0.25,1.5,5.5,0,0
1,0.25,2,5.5,0,0
1,0.25,7.5,6,0,0
1,0.25,8,6,0,0
1,0.25,1.5,6,0,0
1,0.25,2,6,0,0
1,0.25,7.5,6.5,0,0
1,0.25,8,6.5,0,0
1,0.25,1.5,6.5,0,0
1,0.25,2,6.5,0,0
1,0.25,7.5,7,0,0
1,0.25,8,7,0,0
1,0.25,1.5,7,0,0
1,0.25,2,7,0,0
1,0.25,7.5,7.5,0,0
1,0.25,8,7.5,0,0
1,0.25,1.5,7.5,0,0
1,0.25,2,7.5,0,0
1,0.25,7.5,8,0,0
1,0.25,8,8,0,0
1,0.25,1.5,8,0,0
1,0.25,2,8,0,0
1,0.25,7.5,8.5,0,0
1,0.25,8,8.5,0,0
1,0.25,1.5,8.5,0,0
1,0.25,2,8.5,0,0
1,0.25,7.5,9,0,0
1,0.25,8,9,0,0
1,0.25,1.5,9,0,0
1,0.25,2,9,0,0
1,0.25,7.5,9.5,0,0
1,0.25,8,9.5,0,0
1,0.25,1.5,9.5,0,0
1,0.25,2,9.5,0,0
1,0.25,7.5,10,0,0
1,0.25,8,10,0,0
1,0.25,1.5,10,0,0
1,0.25,2,10,0,0
1,0.25,7.5,10.5,0,0
1,0.25,8,10.5,0,0
1,0.25,1.5,10.5,0,0
1,0.25,2,10.5,0,0
1,0.25,7.5,11,0,0
1,0.25,8,11,0,0
1,0.25,1.5,11,0,0
1,0.25,2,11,0,0
1,0.25,7.5,11.5,0,0
1,0.25,8,11.5,0,0
1,0.25,1.5,11.5,0,0
1,0.25,2,11.5,0,0
1,0.25,7.5,12,0,0
1,0.25,8,12,0,0
1,0.25,1.5,12,0,0
1,0.25,2,12,0,0
1,0.25,7.5,12.5,0,0
1,0.25,8,12.5,0,0
1,0.25,1.5,12.5,0,0
1,0.25,2,12.5,0,0
1,0.25,7.5,13,0,0
1,0.25,8,13,0,0
1,0.25,1.5,13,0,0
1,0.25,2,13,0,0
1,0.25,7.5,13.5,0,0
1,0.25,8,13.5,0,0
1,0.25,1.5,13.5,0,0
1,0.25,2,13.5,0,0
1,0.25,7.5,14,0,0
1,0.25,8,14,0,0
1,0.25,1.5,14,0,0
1,0.25,2,14,0,0
1,0.25,7.5,14.5,0,0
1,0.25,8,14.5,0,0
1,0.25,1.5,14.5,0,0
1,0.25,2,14.5,0,0
1,0.25,7.5,15,0,0
1,0.25,8,15,0,0
1,0.25,1.5,15,0,0
1,0.25,2,15,0,0
1,0.25,7.5,15.5,0,0
1,0.25,8,15.5,0,0
1,0.25,1.5,15.5,0,0
1,0.25,2,15.5,0,0
1,0.25,7.5,16,0,0
1,0.25,8,16,0,0
1,0.25,1.5,16,0,0
1,0.25,2,16,0,0
1,0.25,7.5,16.5,0,0
1,0.25,8,16.5,0,0
1,0.25,1.5,16.5,0,0
1,0.25,2,16.5,0,0
1,0.25,7.5,17,0,0
1,0.25,8,17,0,0
1,0.25,1.5,17,0,0
1,0.25,2,17,0,0
1,0.25,7.5,17.5,0,0
1,0.25,8,17.5,0,0
1,0.25,1.5,17.5,0,0
1,0.25,2,17.5,0,0
1,0.25,7.5,18,0,0
1,0.25,8,18,0,0
1,0.25,1.5,18,0,0
1,0.25,2,18,0,0
1,0.25,7.5,18.5,0,0
1,0.25,8,18.5,0,0
1,0.25,1.5,18.5,0,0
1,0.25,2,18.5,0,0
1,0.25,7.5,19,0,0
1,0.25,8,19,0,0
1,0.25,1.5,19,0,0
1,0.25,2,19,0,0
1,0.25,7.5,19.5,0,0
1,0.25,8,19.5,0,0
1,0.25,1.5,19.5,0,0
1,0.25,2,19.5,0,0
1,0.25,7.5,20,0,0
1,0.25,8,20,0,0
1,0.25,1.5,20,0,0
1,0.25,2,20,0,0
1,0.25,7.5,20.5,0,0
1,0.25,8,20.5,0,0
1,0.25,1.5,20.5,0,0
1,0.25,2,20.5,0,0
1,0.25,7.5,21,0,0
1,0.25,8,21,0,0
1,0.25,1.5,21,0,0
1,0.25,2,21,0,0
1,0.25,7.5,21.5,0,0
1,0.25,8,21.5,0,0
1,0.25,1.5,21.5,0,0
1,0.25,2,21.5,0,0
1,0.25,7.5,22,0,0
1,0.25,8,22,0,0
1,0.25,1.5,22,0,0
1,0.25,2,22,0,0
1,0.25,7.5,22.5,0,0
1,0.25,8,22.5,0,0
1,0.25,1.5,22.5,0,0
1,0.25,2,22.5,0,0
1,0.25,7.5,23,0,0
1,0.25,8,23,0,0
1,0.25,1.5,23,0,0
1,0.25,2,23,0,0
1,0.25,7.5,23.5,0,0
1,0.25,8,23.5,0,0
1,0.25,1.5,23.5,0,0
1,0.25,2,23.5,0,0
1,0.25,7.5,24,0,0
1,0.25,8,24,0,0
1,0.25,1.5,24,0,0
1,0.25,2,24,0,0
1,0.25,7.5,24.5,0,0
1,0.25,8,24.5,0,0
1,0.25,1.5,24.5,0,0
1,0.25,2,24.5,0,0
1,0.25,7.5,25,0,0
1,0.25,8,25,0,0
1,0.25,1.5,25,0,0
1,0.25,2,25,0,0
1,0.25,7.5,25.5,0,0
1,0.25,8,25.5,0,0
1,0.25,1.5,25.5,0,0
1,0.25,2,25.5,0,0
1,0.25,2.5,1.5,0,0
1,0.25,2.5,2,0,0
1,0.25,2.5,25,0,0
1,0.25,2.5,25.5,0,0
1,0.25,3,1.5,0,0
1,0.25,3,2,0,0
1,0.25,3,25,0,0
1,0.25,3,25.5,0,0
1,0.25,3.5,1.5,0,0
1,0.25,3.5,2,0,0
1,0.25,3.5,25,0,0
1,0.25,3.5,25.5,0,0
1,0.25,4,1.5,0,0
1,0.25,4,2,0,0
1,0.25,4,25,0,0
1,0.25,4,25.5,0,0
1,0.25,4.5,1.5,0,0
1,0.25,4.5,2,0,0
1,0.25,4.5,25,0,0
1,0.25,4.5,25.5,0,0
1,0.25,5,1.5,0,0
1,0.25,5,2,0,0
1,0.25,5,25,0,0
1,0.25,5,25.5,0,0
1,0.25,5.5,1.5,0,0
1,0.25,5.5,2,0,0
1,0.25,5.5,25,0,0
1,0.25,5.5,25.5,0,0
1,0.25,6,1.5,0,0
1,0.25,6,2,0,0
1,0.25,6,25,0,0
1,0.25,6,25.5,0,0
1,0.25,6.5,1.5,0,0
1,0.25,6.5,2,0,0
1,0.25,6.5,25,0,0
1,0.25,6.5,25.5,0,0
1,0.25,7,1.5,0,0
1,0.25,7,2,0,0
1,0.25,7,25,0,0
1,0.25,7,25.5,0,0
