536 2 0.5 3500 0.2 2 0 2e-06 0 9.81 10 35
0,0.25,2.5,10.1198,-5.51399e-06,3.20798
0,0.25,2.5,10.6271,-1.25497e-05,3.26226
0,0.25,2.5,11.1274,-7.98576e-06,3.26543
0,0.25,2.5,11.6274,-6.03446e-06,3.2656
0,0.25,2.5,12.1274,-4.93623e-06,3.26561
0,0.25,2.5,12.6274,-4.91968e-06,3.26561
0,0.25,2.5,13.1274,-4.74368e-06,3.26561
0,0.25,2.5,13.6274,-5.07094e-06,3.26561
0,0.25,2.5,14.1274,-6.03283e-06,3.26561
0,0.25,2.5,14.6274,-6.72927e-06,3.26561
0,0.25,2.5,15.1274,-8.97789e-06,3.26561
0,0.25,2.5,15.6274,-1.0472e-05,3.26561
0,0.25,2.5,16.1274,-1.61784e-05,3.26561
0,0.25,2.5,16.6274,-1.98804e-05,3.26561
0,0.25,2.5,17.1274,-3.46523e-05,3.2656
0,0.25,2.49999,17.6274,-0.000718411,3.26487
0,0.25,2.49996,18.1274,-0.00368828,3.26523
0,0.25,2.49994,18.6273,-0.0040523,3.26307
0,0.25,2.49978,19.1274,-0.0144019,3.2636
0,0.25,2.49978,19.6269,-0.0119804,3.24526
0,0.25,2.49979,20.1272,-0.0169713,3.25768
0,0.25,2.49954,20.6262,-0.0280754,3.22084
0,0.25,2.50003,21.1267,-0.0281449,3.17303
0,0.25,2.4987,21.6247,-0.0902168,3.08793
0,0.25,2.49954,22.1222,-0.164534,2.66332
0,0.25,2.49573,22.6172,-0.323545,2.27433
0,0.25,2.49441,23.1021,-0.578308,1.24153
0,0.25,2.48516,23.5887,-0.716264,0.459794
0,0.25,2.47484,24.0576,-1.2075,0.104011
0,0.25,2.46673,24.547,-0.536432,-0.491347
0,0.25,2.99999,10.1748,-3.56683e-05,3.62567
0,0.25,2.99998,10.6744,-0.000143764,3.62297
0,0.25,2.99999,11.1745,-4.52266e-05,3.62424
0,0.25,2.99999,11.6745,-3.6751e-05,3.62432
0,0.25,3,12.1745,-1.5086e-05,3.62433
0,0.25,3,12.6745,-1.98829e-05,3.62432
0,0.25,3,13.1745,-2.49701e-05,3.62432
0,0.25,3,13.6745,-3.69818e-05,3.6243
0,0.25,3,14.1745,-0.000114432,3.62432
0,0.25,3,14.6745,-9.55696e-05,3.62429
0,0.25,2.99999,15.1745,-0.000265138,3.62432
0,0.25,2.99999,15.6745,-0.000229087,3.62423
0,0.25,2.99998,16.1745,-0.000658804,3.62431
0,0.25,2.99998,16.6745,-0.000629187,3.62403
0,0.25,2.99995,17.1745,-0.00190269,3.62427
0,0.25,2.99996,17.6745,-0.00181564,3.61983
0,0.25,2.99987,18.1745,-0.00553279,3.6241
0,0.25,2.9999,18.6743,-0.00485326,3.61059
0,0.25,2.9997,19.1745,-0.0143854,3.62349
0,0.25,2.99986,19.6737,-0.00689312,3.5889
0,0.25,2.9996,20.1745,-0.0232035,3.61426
0,0.25,2.99987,20.6728,-0.0249132,3.55609
0,0.25,2.99949,21.1736,-0.0476839,3.46431
0,0.25,2.99914,21.6707,-0.123377,3.35269
0,0.25,2.99842,22.1661,-0.18101,2.66007
0,0.25,2.99489,22.6599,-0.482044,2.21204
0,0.25,2.99285,23.1348,-0.530602,0.874667
0,0.25,2.98018,23.6172,-0.876706,-0.272111
0,0.25,2.97611,24.0716,-0.832672,0.0447931
0,0.25,2.96405,24.5313,-0.147328,-1.28068
0,0.25,3.5,10.1758,-1.70758e-06,3.64112
0,0.25,3.5,10.6758,-4.21211e-06,3.64114
0,0.25,3.5,11.1759,-8.93141e-06,3.64122
0,0.25,3.5,11.6758,-2.60693e-05,3.64114
0,0.25,3.5,12.1758,-1.1471e-05,3.64116
0,0.25,3.5,12.6758,-2.1703e-05,3.64112
0,0.25,3.5,13.1758,-3.81056e-05,3.64115
0,0.25,3.5,13.6758,-4.42684e-05,3.64102
0,0.25,3.5,14.1758,-0.000135697,3.64113
0,0.25,3.5,14.6758,-0.00011291,3.64095
0,0.25,3.49999,15.1758,-0.00031439,3.64112
0,0.25,3.49999,15.6758,-0.000265083,3.64065
0,0.25,3.49998,16.1758,-0.000753926,3.6411
0,0.25,3.49998,16.6758,-0.000683257,3.63961
0,0.25,3.49995,17.1758,-0.00201711,3.64104
0,0.25,3.49996,17.6757,-0.00104828,3.63576
0,0.25,3.4999,18.1758,-0.00223071,3.64084
0,0.25,3.49995,18.6755,-0.000896172,3.62657
0,0.25,3.49988,19.1758,-0.00174586,3.63987
0,0.25,3.49996,19.6751,-0.00103337,3.60905
0,0.25,3.49993,20.1756,-0.00137294,3.61202
0,0.25,3.49988,20.6743,-0.0200836,3.57709
0,0.25,3.49995,21.1741,-0.018727,3.42219
0,0.25,3.49926,21.6721,-0.0901947,3.329
0,0.25,3.49918,22.165,-0.120238,2.53289
0,0.25,3.49632,22.6592,-0.318988,1.99845
0,0.25,3.4949,23.131,-0.437526,0.86987
0,0.25,3.48843,23.6104,-0.545843,-0.483784
0,0.25,3.48439,24.0706,-0.68322,0.400232
0,0.25,3.48301,24.5339,-0.643308,-0.494043
0,0.25,4,10.1759,2.42471e-05,3.64141
0,0.25,4.00002,10.6759,9.8507e-05,3.64146
0,0.25,4,11.1759,1.73979e-05,3.64147
0,0.25,4,11.6759,3.41311e-08,3.64147
0,0.25,4,12.1759,-7.14961e-06,3.64149
0,0.25,4,12.6759,-1.40772e-05,3.64142
0,0.25,4,13.1759,-3.90415e-05,3.64148
0,0.25,4,13.6759,-2.75399e-05,3.64132
0,0.25,4,14.1759,-6.95322e-05,3.64146
0,0.25,4,14.6759,-5.5403e-05,3.6412
0,0.25,4,15.1759,-0.000145362,3.64145
0,0.25,4,15.6758,-0.000120325,3.64081
0,0.25,3.99999,16.1759,-0.000328597,3.64142
0,0.25,3.99999,16.6758,-0.00023726,3.63957
0,0.25,3.99998,17.1759,-0.000605955,3.64134
0,0.25,3.99998,17.6757,-0.000414206,3.63584
0,0.25,3.99996,18.1759,-0.00101805,3.64112
0,0.25,3.99997,18.6755,-0.000542139,3.62657
0,0.25,3.99994,19.1758,-0.0015995,3.63832
0,0.25,3.99997,19.6751,-0.00220263,3.61161
0,0.25,3.99995,20.1756,-0.00198695,3.60364
0,0.25,3.99995,20.6744,-0.00956954,3.57385
0,0.25,3.99993,21.1739,-0.0164468,3.39519
0,0.25,3.9997,21.6719,-0.050169,3.28679
0,0.25,3.99934,22.164,-0.0942377,2.44856
0,0.25,3.9981,22.6573,-0.192165,1.81503
0,0.25,3.99632,23.1281,-0.321216,0.744657
0,0.25,3.99334,23.6051,-0.441491,-0.631184
0,0.25,3.99017,24.0657,-0.517481,0.178241
0,0.25,3.98882,24.5291,-0.550704,-0.805367
0,0.25,4.5,10.1759,-4.3563e-06,3.64141
0,0.25,4.5,10.6759,-2.89526e-05,3.64145
0,0.25,4.5,11.1759,-1.18171e-05,3.64148
0,0.25,4.5,11.6759,-5.36047e-06,3.64147
0,0.25,4.5,12.1759,-6.61815e-06,3.64149
0,0.25,4.5,12.6759,-8.17856e-06,3.64141
0,0.25,4.5,13.1759,-2.19986e-05,3.64148
0,0.25,4.5,13.6759,-1.60956e-05,3.6413
0,0.25,4.5,14.1759,-4.30494e-05,3.64146
0,0.25,4.5,14.6759,-3.22969e-05,3.64116
0,0.25,4.5,15.1759,-8.79278e-05,3.64145
0,0.25,4.5,15.6758,-7.50321e-05,3.64067
0,0.25,4.49999,16.1759,-0.000217966,3.64141
0,0.25,4.49999,16.6758,-0.000165304,3.63933
0,0.25,4.49999,17.1759,-0.000457792,3.64133
0,0.25,4.49999,17.6757,-0.00025903,3.63565
0,0.25,4.49997,18.1759,-0.000601689,3.64112
0,0.25,4.49999,18.6755,-5.20452e-05,3.62734
0,0.25,4.49998,19.1758,0.000350243,3.63765
0,0.25,4.49999,19.6752,0.000125189,3.61257
0,0.25,4.49999,20.1756,0.000596486,3.60073
0,0.25,4.5,20.6744,-0.00224201,3.57028
0,0.25,4.5,21.1738,-0.00527668,3.37975
0,0.25,4.49987,21.6718,-0.019927,3.25832
0,0.25,4.49978,22.1634,-0.034651,2.40949
0,0.25,4.4993,22.6562,-0.0577031,1.7432
0,0.25,4.49876,23.1267,-0.0925933,0.65798
0,0.25,4.49803,23.6034,-0.140019,-0.684002
0,0.25,4.49758,24.0642,-0.152325,0.161416
0,0.25,4.49755,24.5285,-0.129224,-0.775705
0,0.25,5,10.1759,4.35629e-06,3.64141
0,0.25,5,10.6759,2.89526e-05,3.64145
0,0.25,5,11.1759,1.18171e-05,3.64148
0,0.25,5,11.6759,5.3605e-06,3.64147
0,0.25,5,12.1759,6.61819e-06,3.64149
0,0.25,5,12.6759,8.17856e-06,3.64141
0,0.25,5,13.1759,2.19984e-05,3.64148
0,0.25,5,13.6759,1.60956e-05,3.6413
0,0.25,5,14.1759,4.30496e-05,3.64146
0,0.25,5,14.6759,3.22969e-05,3.64116
0,0.25,5,15.1759,8.79277e-05,3.64145
0,0.25,5,15.6758,7.50321e-05,3.64067
0,0.25,5.00001,16.1759,0.000217966,3.64141
0,0.25,5.00001,16.6758,0.000165304,3.63933
0,0.25,5.00001,17.1759,0.000457792,3.64133
0,0.25,5.00001,17.6757,0.00025903,3.63565
0,0.25,5.00003,18.1759,0.000601689,3.64112
0,0.25,5.00001,18.6755,5.20452e-05,3.62734
0,0.25,5.00002,19.1758,-0.000350243,3.63765
0,0.25,5.00001,19.6752,-0.000125189,3.61257
0,0.25,5.00001,20.1756,-0.000596486,3.60073
0,0.25,5,20.6744,0.00224201,3.57028
0,0.25,5,21.1738,0.00527668,3.37975
0,0.25,5.00013,21.6718,0.019927,3.25832
0,0.25,5.00022,22.1634,0.034651,2.40949
0,0.25,5.0007,22.6562,0.0577031,1.7432
0,0.25,5.00124,23.1267,0.0925933,0.65798
0,0.25,5.00197,23.6034,0.140019,-0.684002
0,0.25,5.00242,24.0642,0.152325,0.161416
0,0.25,5.00245,24.5285,0.129224,-0.775705
0,0.25,5.5,10.1759,-2.42471e-05,3.64141
0,0.25,5.49998,10.6759,-9.85071e-05,3.64146
0,0.25,5.5,11.1759,-1.73978e-05,3.64147
0,0.25,5.5,11.6759,-3.4091e-08,3.64147
0,0.25,5.5,12.1759,7.14959e-06,3.64149
0,0.25,5.5,12.6759,1.40772e-05,3.64142
0,0.25,5.5,13.1759,3.90416e-05,3.64148
0,0.25,5.5,13.6759,2.75399e-05,3.64132
0,0.25,5.5,14.1759,6.95321e-05,3.64146
0,0.25,5.5,14.6759,5.5403e-05,3.6412
0,0.25,5.5,15.1759,0.000145362,3.64145
0,0.25,5.5,15.6758,0.000120325,3.64081
0,0.25,5.50001,16.1759,0.000328597,3.64142
0,0.25,5.50001,16.6758,0.00023726,3.63957
0,0.25,5.50002,17.1759,0.000605955,3.64134
0,0.25,5.50002,17.6757,0.000414206,3.63584
0,0.25,5.50004,18.1759,0.00101805,3.64112
0,0.25,5.50003,18.6755,0.000542139,3.62657
0,0.25,5.50006,19.1758,0.0015995,3.63832
0,0.25,5.50003,19.6751,0.00220263,3.61161
0,0.25,5.50005,20.1756,0.00198695,3.60364
0,0.25,5.50005,20.6744,0.00956954,3.57385
0,0.25,5.50007,21.1739,0.0164468,3.39519
0,0.25,5.5003,21.6719,0.050169,3.28679
0,0.25,5.50066,22.164,0.0942377,2.44856
0,0.25,5.5019,22.6573,0.192165,1.81503
0,0.25,5.50368,23.1281,0.321216,0.744657
0,0.25,5.50666,23.6051,0.441491,-0.631184
0,0.25,5.50983,24.0657,0.517481,0.178241
0,0.25,5.51118,24.5291,0.550704,-0.805367
0,0.25,6,10.1758,1.70758e-06,3.64112
0,0.25,6,10.6758,4.21211e-06,3.64114
0,0.25,6,11.1759,8.9314e-06,3.64122
0,0.25,6,11.6758,2.60693e-05,3.64114
0,0.25,6,12.1758,1.1471e-05,3.64116
0,0.25,6,12.6758,2.1703e-05,3.64112
0,0.25,6,13.1758,3.81057e-05,3.64115
0,0.25,6,13.6758,4.42684e-05,3.64102
0,0.25,6,14.1758,0.000135697,3.64113
0,0.25,6,14.6758,0.00011291,3.64095
0,0.25,6.00001,15.1758,0.00031439,3.64112
0,0.25,6.00001,15.6758,0.000265083,3.64065
0,0.25,6.00002,16.1758,0.000753926,3.6411
0,0.25,6.00002,16.6758,0.000683257,3.63961
0,0.25,6.00005,17.1758,0.00201711,3.64104
0,0.25,6.00004,17.6757,0.00104828,3.63576
0,0.25,6.0001,18.1758,0.00223071,3.64084
0,0.25,6.00005,18.6755,0.000896172,3.62657
0,0.25,6.00012,19.1758,0.00174586,3.63987
0,0.25,6.00004,19.6751,0.00103337,3.60905
0,0.25,6.00007,20.1756,0.00137294,3.61202
0,0.25,6.00012,20.6743,0.0200836,3.57709
0,0.25,6.00005,21.1741,0.018727,3.42219
0,0.25,6.00074,21.6721,0.0901947,3.329
0,0.25,6.00082,22.165,0.120238,2.53289
0,0.25,6.00368,22.6592,0.318988,1.99845
0,0.25,6.0051,23.131,0.437526,0.86987
0,0.25,6.01157,23.6104,0.545843,-0.483784
0,0.25,6.01561,24.0706,0.68322,0.400232
0,0.25,6.01699,24.5339,0.643308,-0.494043
0,0.25,6.50001,10.1748,3.56683e-05,3.62567
0,0.25,6.50002,10.6744,0.000143764,3.62297
0,0.25,6.50001,11.1745,4.52266e-05,3.62424
0,0.25,6.50001,11.6745,3.67509e-05,3.62432
0,0.25,6.5,12.1745,1.5086e-05,3.62433
0,0.25,6.5,12.6745,1.98829e-05,3.62432
0,0.25,6.5,13.1745,2.49701e-05,3.62432
0,0.25,6.5,13.6745,3.69818e-05,3.6243
0,0.25,6.5,14.1745,0.000114432,3.62432
0,0.25,6.5,14.6745,9.55696e-05,3.62429
0,0.25,6.50001,15.1745,0.000265138,3.62432
0,0.25,6.50001,15.6745,0.000229087,3.62423
0,0.25,6.50002,16.1745,0.000658804,3.62431
0,0.25,6.50002,16.6745,0.000629187,3.62403
0,0.25,6.50005,17.1745,0.00190269,3.62427
0,0.25,6.50004,17.6745,0.00181564,3.61983
0,0.25,6.50013,18.1745,0.00553279,3.6241
0,0.25,6.5001,18.6743,0.00485326,3.61059
0,0.25,6.5003,19.1745,0.0143854,3.62349
0,0.25,6.50014,19.6737,0.00689312,3.5889
0,0.25,6.5004,20.1745,0.0232035,3.61426
0,0.25,6.50013,20.6728,0.0249132,3.55609
0,0.25,6.50051,21.1736,0.0476839,3.46431
0,0.25,6.50086,21.6707,0.123377,3.35269
0,0.25,6.50158,22.1661,0.18101,2.66007
0,0.25,6.50511,22.6599,0.482044,2.21204
0,0.25,6.50715,23.1348,0.530602,0.874667
0,0.25,6.51982,23.6172,0.876706,-0.272111
0,0.25,6.52389,24.0716,0.832672,0.0447931
0,0.25,6.53595,24.5313,0.147328,-1.28068
0,0.25,7,10.1198,5.51399e-06,3.20798
0,0.25,7,10.6271,1.25497e-05,3.26226
0,0.25,7,11.1274,7.98576e-06,3.26543
0,0.25,7,11.6274,6.03446e-06,3.2656
0,0.25,7,12.1274,4.93623e-06,3.26561
0,0.25,7,12.6274,4.91968e-06,3.26561
0,0.25,7,13.1274,4.74368e-06,3.26561
0,0.25,7,13.6274,5.07094e-06,3.26561
0,0.25,7,14.1274,6.03283e-06,3.26561
0,0.25,7,14.6274,6.72927e-06,3.26561
0,0.25,7,15.1274,8.97789e-06,3.26561
0,0.25,7,15.6274,1.0472e-05,3.26561
0,0.25,7,16.1274,1.61784e-05,3.26561
0,0.25,7,16.6274,1.98804e-05,3.26561
0,0.25,7,17.1274,3.46523e-05,3.2656
0,0.25,7.00001,17.6274,0.000718411,3.26487
0,0.25,7.00004,18.1274,0.00368828,3.26523
0,0.25,7.00006,18.6273,0.0040523,3.26307
0,0.25,7.00022,19.1274,0.0144019,3.2636
0,0.25,7.00022,19.6269,0.0119804,3.24526
0,0.25,7.00021,20.1272,0.0169713,3.25768
0,0.25,7.00046,20.6262,0.0280754,3.22084
0,0.25,6.99997,21.1267,0.0281449,3.17303
0,0.25,7.0013,21.6247,0.0902168,3.08793
0,0.25,7.00046,22.1222,0.164534,2.66332
0,0.25,7.00427,22.6172,0.323545,2.27433
0,0.25,7.00559,23.1021,0.578308,1.24153
0,0.25,7.01484,23.5887,0.716264,0.459794
0,0.25,7.02516,24.0576,1.2075,0.104011
0,0.25,7.03327,24.547,0.536432,-0.491347
1,0.25,7.5,1.5,0,0
1,0.25,8,1.5,0,0
1,0.25,1.5,1.5,0,0
1,0.25,2,1.5,0,0
1,0.25,7.5,2,0,0
1,0.25,8,2,0,0
1,0.25,1.5,2,0,0
1,0.25,2,2,0,0
1,0.25,7.5,2.5,0,0
1,0.25,8,2.5,0,0
1,0.25,1.5,2.5,0,0
1,0.25,2,2.5,0,0
1,0.25,7.5,3,0,0
1,0.25,8,3,0,0
1,0.25,1.5,3,0,0
1,0.25,2,3,0,0
1,0.25,7.5,3.5,0,0
1,0.25,8,3.5,0,0
1,0.25,1.5,3.5,0,0
1,0.25,2,3.5,0,0
1,0.25,7.5,4,0,0
1,0.25,8,4,0,0
1,0.25,1.5,4,0,0
1,0.25,2,4,0,0
1,0.25,7.5,4.5,0,0
1,0.25,8,4.5,0,0
1,0.25,1.5,4.5,0,0
1,0.25,2,4.5,0,0
1,0.25,7.5,5,0,0
1,0.25,8,5,0,0
1,0.25,1.5,5,0,0
1,0.25,2,5,0,0
1,0.25,7.5,5.5,0,0
1,0.25,8,5.5,0,0
1,0.25,1.5,5.5,0,0
1,0.25,2,5.5,0,0
1,0.25,7.5,6,0,0
1,0.25,8,6,0,0
1,0.25,1.5,6,0,0
1,0.25,2,6,0,0
1,0.25,7.5,6.5,0,0
1,0.25,8,6.5,0,0
1,0.25,1.5,6.5,0,0
1,0.25,2,6.5,0,0
1,0.25,7.5,7,0,0
1,0.25,8,7,0,0
1,0.25,1.5,7,0,0
1,0.25,2,7,0,0
1,0.25,7.5,7.5,0,0
1,0.25,8,7.5,0,0
1,0.25,1.5,7.5,0,0
1,0.25,2,7.5,0,0
1,0.25,7.5,8,0,0
1,0.25,8,8,0,0
1,0.25,1.5,8,0,0
1,0.25,2,8,0,0
1,0.25,7.5,8.5,0,0
1,0.25,8,8.5,0,0
1,0.25,1.5,8.5,0,0
1,0.25,2,8.5,0,0
1,0.25,7.5,9,0,0
1,0.25,8,9,0,0
1,0.25,1.5,9,0,0
1,0.25,2,9,0,0
1,0.25,7.5,9.5,0,0
1,0.25,8,9.5,0,0
1,0.25,1.5,9.5,0,0
1,0.25,2,9.5,0,0
1,0.25,7.5,10,0,0
1,0.25,8,10,0,0
1,0.25,1.5,10,0,0
1,0.25,2,10,0,0
1,0.25,7.5,10.5,0,0
1,0.25,8,10.5,0,0
1,0.25,1.5,10.5,0,0
1,0.25,2,10.5,0,0
1,0.25,7.5,11,0,0
1,0.25,8,11,0,0
1,0.25,1.5,11,0,0
1,0.25,2,11,0,0
1,0.25,7.5,11.5,0,0
1,0.25,8,11.5,0,0
1,0.25,1.5,11.5,0,0
1,0.25,2,11.5,0,0
1,0.25,7.5,12,0,0
1,0.25,8,12,0,0
1,0.25,1.5,12,0,0
1,0.25,2,12,0,0
1,0.25,7.5,12.5,0,0
1,0.25,8,12.5,0,0
1,0.25,1.5,12.5,0,0
1,0.25,2,12.5,0,0
1,0.25,7.5,13,0,0
1,0.25,8,13,0,0
1,0.25,1.5,13,0,0
1,0.25,2,13,0,0
1,0.25,7.5,13.5,0,0
1,0.25,8,13.5,0,0
1,0.25,1.5,13.5,0,0
1,0.25,2,13.5,0,0
1,0.25,7.5,14,0,0
1,0.25,8,14,0,0
1,0.25,1.5,14,0,0
1,0.25,2,14,0,0
1,0.25,7.5,14.5,0,0
1,0.25,8,14.5,0,0
1,0.25,1.5,14.5,0,0
1,0.25,2,14.5,0,0
1,0.25,7.5,15,0,0
1,0.25,8,15,0,0
1,0.25,1.5,15,0,0
1,0.25,2,15,0,0
1,0.25,7.5,15.5,0,0
1,0.25,8,15.5,0,0
1,0.25,1.5,15.5,0,0
1,0.25,2,15.5,0,0
1,0.25,7.5,16,0,0
1,0.25,8,16,0,0
1,0.25,1.5,16,0,0
1,0.25,2,16,0,0
1,0.25,7.5,16.5,0,0
1,0.25,8,16.5,0,0
1,0.25,1.5,16.5,0,0
1,0.25,2,16.5,0,0
1,0.25,7.5,17,0,0
1,0.25,8,17,0,0
1,0.25,1.5,17,0,0
1,0.25,2,17,0,0
1,0.25,7.5,17.5,0,0
1,0.25,8,17.5,0,0
1,0.25,1.5,17.5,0,0
1,0.25,2,17.5,0,0
1,0.25,7.5,18,0,0
1,0.25,8,18,0,0
1,0.25,1.5,18,0,0
1,0.25,2,18,0,0
1,0.25,7.5,18.5,0,0
1,0.25,8,18.5,0,0
1,0.25,1.5,18.5,0,0
1,0.25,2,18.5,0,0
1,0.25,7.5,19,0,0
1,0.25,8,19,0,0
1,0.25,1.5,19,0,0
1,0.25,2,19,0,0
1,0.25,7.5,19.5,0,0
1,0.25,8,19.5,0,0
1,0.25,1.5,19.5,0,0
1,0.25,2,19.5,0,0
1,0.25,7.5,20,0,0
1,0.25,8,20,0,0
1,0.25,1.5,20,0,0
1,0.25,2,20,0,0
1,0.25,7.5,20.5,0,0
1,0.25,8,20.5,0,0
1,0.25,1.5,20.5,0,0
1,0.25,2,20.5,0,0
1,0.25,7.5,21,0,0
1,0.25,8,21,0,0
1,0.25,1.5,21,0,0
1,0.25,2,21,0,0
1,0.25,7.5,21.5,0,0
1,0.25,8,21.5,0,0
1,0.25,1.5,21.5,0,0
1,0.25,2,21.5,0,0
1,0.25,7.5,22,0,0
1,0.25,8,22,0,0
1,0.25,1.5,22,0,0
1,0.25,2,22,0,0
1,0.25,7.5,22.5,0,0
1,0.25,8,22.5,0,0
1,0.25,1.5,22.5,0,0
1,0.25,2,22.5,0,0
1,0.25,7.5,23,0,0
1,0.25,8,23,0,0
1,0.25,1.5,23,0,0
1,0.25,2,23,0,0
1,0.25,7.5,23.5,0,0
1,0.25,8,23.5,0,0
1,0.25,1.5,23.5,0,0
1,0.25,2,23.5,0,0
1,0.25,7.5,24,0,0
1,0.25,8,24,0,0
1,0.25,1.5,24,0,0
1,0.25,2,24,0,0
1,0.25,7.5,24.5,0,0
1,0.25,8,24.5,0,0
1,0.25,1.5,24.5,0,0
1,0.25,2,24.5,0,0
1,0.25,7.5,25,0,0
1,0.25,8,25,0,0
1,0.25,1.5,25,0,0
1,0.25,2,25,0,0
1,0.25,7.5,25.5,0,0
1,0.25,8,25.5,0,0
1,0.25,1.5,25.5,0,0
1,0.25,2,25.5,0,0
1,0.25,2.5,1.5,0,0
1,0.25,2.5,2,0,0
1,0.25,2.5,25,0,0
1,0.25,2.5,25.5,0,0
1,0.25,3,1.5,0,0
1,0.25,3,2,0,0
1,0.25,3,25,0,0
1,0.25,3,25.5,0,0
1,0.25,3.5,1.5,0,0
1,0.25,3.5,2,0,0
1,0.25,3.5,25,0,0
1,0.25,3.5,25.5,0,0
1,0.25,4,1.5,0,0
1,0.25,4,2,0,0
1,0.25,4,25,0,0
1,0.25,4,25.5,0,0
1,0.25,4.5,1.5,0,0
1,0.25,4.5,2,0,0
1,0.25,4.5,25,0,0
1,0.25,4.5,25.5,0,0
1,0.25,5,1.5,0,0
1,0.25,5,2,0,0
1,0.25,5,25,0,0
1,0.25,5,25.5,0,0
1,0.25,5.5,1.5,0,0
1,0.25,5.5,2,0,0
1,0.25,5.5,25,0,0
1,0.25,5.5,25.5,0,0
1,0.25,6,1.5,0,0
1,0.25,6,2,0,0
1,0.25,6,25,0,0
1,0.25,6,25.5,0,0
1,0.25,6.5,1.5,0,0
1,0.25,6.5,2,0,0
1,0.25,6.5,25,0,0
1,0.25,6.5,25.5,0,0
1,0.25,7,1.5,0,0
1,0.25,7,2,0,0
1,0.25,7,25,0,0
1,0.25,7,25.5,0,0
