536 2 0.5 3500 0.2 2 0 2e-06 0 9.81 10 35
0,0.25,2.5,10.1096,-5.42828e-06,3.18452
0,0.25,2.5,10.6167,-1.23313e-05,3.23788
0,0.25,2.5,11.117,-7.85928e-06,3.24096
0,0.25,2.5,11.617,-5.97299e-06,3.24113
0,0.25,2.5,12.117,-4.9097e-06,3.24114
0,0.25,2.5,12.617,-4.89771e-06,3.24114
0,0.25,2.5,13.117,-4.71103e-06,3.24114
0,0.25,2.5,13.617,-4.99114e-06,3.24114
0,0.25,2.5,14.117,-5.82731e-06,3.24114
0,0.25,2.5,14.617,-6.46997e-06,3.24114
0,0.25,2.5,15.117,-8.47972e-06,3.24114
0,0.25,2.5,15.617,-9.82626e-06,3.24114
0,0.25,2.5,16.117,-1.4901e-05,3.24114
0,0.25,2.5,16.617,-1.80994e-05,3.24114
0,0.25,2.5,17.117,-3.09928e-05,3.24113
0,0.25,2.49999,17.617,-0.000564294,3.24056
0,0.25,2.49997,18.117,-0.00286716,3.24085
0,0.25,2.49995,18.6169,-0.00336553,3.23883
0,0.25,2.49982,19.117,-0.0121101,3.2394
0,0.25,2.49982,19.6166,-0.0104072,3.22174
0,0.25,2.49984,20.1168,-0.0128852,3.2343
0,0.25,2.49962,20.6159,-0.0216651,3.20218
0,0.25,2.5001,21.1165,-0.0149851,3.18457
0,0.25,2.49896,21.6148,-0.0689507,3.12291
0,0.25,2.49999,22.1135,-0.116594,2.79869
0,0.25,2.49665,22.6096,-0.256809,2.50717
0,0.25,2.49612,23.0977,-0.488951,1.52843
0,0.25,2.48743,23.5867,-0.695494,0.822722
0,0.25,2.47874,24.0572,-1.21639,0.183403
0,0.25,2.46867,24.5483,-0.674856,-0.356764
0,0.25,2.99999,10.1633,-3.58247e-05,3.59493
0,0.25,2.99998,10.6629,-0.000144482,3.59218
0,0.25,2.99999,11.163,-4.54103e-05,3.59343
0,0.25,2.99999,11.663,-3.68707e-05,3.5935
0,0.25,3,12.163,-1.51113e-05,3.59351
0,0.25,3,12.663,-1.80233e-05,3.5935
0,0.25,3,13.163,-1.70798e-05,3.59351
0,0.25,3,13.663,-3.29216e-05,3.59348
0,0.25,3,14.163,-0.00010654,3.5935
0,0.25,3,14.663,-8.62507e-05,3.59348
0,0.25,2.99999,15.163,-0.000234916,3.5935
0,0.25,2.99999,15.663,-0.000203207,3.59342
0,0.25,2.99998,16.163,-0.000583238,3.59349
0,0.25,2.99998,16.663,-0.000539128,3.59326
0,0.25,2.99996,17.163,-0.00160857,3.59346
0,0.25,2.99996,17.663,-0.00154467,3.58995
0,0.25,2.99989,18.163,-0.00471202,3.59332
0,0.25,2.99991,18.6628,-0.00415496,3.58152
0,0.25,2.99974,19.163,-0.0123304,3.59278
0,0.25,2.99988,19.6623,-0.00568384,3.56096
0,0.25,2.99966,20.1629,-0.0182667,3.58831
0,0.25,2.99994,20.6614,-0.0152399,3.53577
0,0.25,2.99962,21.1624,-0.0342794,3.49396
0,0.25,2.99948,21.6599,-0.0894501,3.40716
0,0.25,2.99893,22.1573,-0.139263,2.86575
0,0.25,2.99629,22.6523,-0.394623,2.53352
0,0.25,2.99445,23.1316,-0.464436,1.14701
0,0.25,2.98307,23.6174,-0.921128,0.1322
0,0.25,2.9789,24.0715,-0.901474,0.0178531
0,0.25,2.96485,24.5356,-0.355609,-1.39547
0,0.25,3.5,10.1642,-1.67347e-06,3.60973
0,0.25,3.5,10.6642,-4.13842e-06,3.60977
0,0.25,3.5,11.1643,-8.89497e-06,3.60985
0,0.25,3.5,11.6642,-2.61189e-05,3.60977
0,0.25,3.5,12.1642,-1.14627e-05,3.60978
0,0.25,3.5,12.6642,-1.87461e-05,3.60975
0,0.25,3.5,13.1642,-2.58812e-05,3.60977
0,0.25,3.5,13.6642,-3.89074e-05,3.60964
0,0.25,3.5,14.1642,-0.000126094,3.60975
0,0.25,3.5,14.6642,-0.000101485,3.6096
0,0.25,3.49999,15.1642,-0.000277564,3.60975
0,0.25,3.49999,15.6642,-0.000235062,3.60933
0,0.25,3.49998,16.1642,-0.000668566,3.60973
0,0.25,3.49998,16.6642,-0.000591153,3.6085
0,0.25,3.49995,17.1642,-0.00172668,3.60967
0,0.25,3.49997,17.6641,-0.000946289,3.60526
0,0.25,3.49991,18.1642,-0.00210499,3.60951
0,0.25,3.49995,18.664,-0.000837702,3.5971
0,0.25,3.49989,19.1642,-0.00138178,3.60888
0,0.25,3.49996,19.6636,0.000106362,3.58052
0,0.25,3.49993,20.1641,0.000707396,3.59134
0,0.25,3.49993,20.6629,-0.0122716,3.55805
0,0.25,3.5,21.1631,-0.00961757,3.46157
0,0.25,3.49951,21.6613,-0.0662446,3.39789
0,0.25,3.49951,22.1566,-0.0874084,2.74905
0,0.25,3.49726,22.6522,-0.266352,2.36426
0,0.25,3.49619,23.1279,-0.368733,1.07068
0,0.25,3.49017,23.6115,-0.538339,-0.16447
0,0.25,3.48661,24.0694,-0.694775,0.363642
0,0.25,3.48504,24.5358,-0.623376,-0.663493
0,0.25,4,10.1642,2.43939e-05,3.61002
0,0.25,4.00002,10.6643,9.90991e-05,3.61006
0,0.25,4,11.1643,1.75506e-05,3.61008
0,0.25,4,11.6643,1.05175e-07,3.61008
0,0.25,4,12.1643,-7.13008e-06,3.61009
0,0.25,4,12.6643,-1.20727e-05,3.61005
0,0.25,4,13.1643,-3.09291e-05,3.61009
0,0.25,4,13.6643,-2.46586e-05,3.60992
0,0.25,4,14.1643,-6.52472e-05,3.61007
0,0.25,4,14.6643,-4.96929e-05,3.60985
0,0.25,4,15.1643,-0.000126802,3.61006
0,0.25,4,15.6642,-0.000107691,3.60949
0,0.25,3.99999,16.1643,-0.000296594,3.61003
0,0.25,3.99999,16.6642,-0.000217458,3.60849
0,0.25,3.99998,17.1643,-0.000560384,3.60996
0,0.25,3.99999,17.6642,-0.000372979,3.60537
0,0.25,3.99997,18.1643,-0.000900039,3.60978
0,0.25,3.99998,18.664,-0.000462747,3.59722
0,0.25,3.99994,19.1642,-0.00110227,3.60842
0,0.25,3.99997,19.6636,-0.000723388,3.58355
0,0.25,3.99996,20.1641,4.78231e-06,3.58542
0,0.25,3.99997,20.663,-0.00515693,3.5576
0,0.25,3.99997,21.163,-0.0087454,3.44118
0,0.25,3.99983,21.6613,-0.0340153,3.36948
0,0.25,3.9996,22.1558,-0.0671707,2.67451
0,0.25,3.99866,22.6509,-0.155324,2.20684
0,0.25,3.99727,23.1254,-0.273983,0.946538
0,0.25,3.99469,23.6067,-0.398763,-0.353886
0,0.25,3.9918,24.0652,-0.50235,0.149898
0,0.25,3.99058,24.5319,-0.547256,-0.951843
0,0.25,4.5,10.1643,-4.49087e-06,3.61002
0,0.25,4.5,10.6643,-2.93545e-05,3.61006
0,0.25,4.5,11.1643,-1.19849e-05,3.61009
0,0.25,4.5,11.6643,-5.40962e-06,3.61008
0,0.25,4.5,12.1643,-6.65137e-06,3.6101
0,0.25,4.5,12.6643,-7.27585e-06,3.61004
0,0.25,4.5,13.1643,-1.82501e-05,3.61009
0,0.25,4.5,13.6643,-1.45999e-05,3.6099
0,0.25,4.5,14.1643,-4.0683e-05,3.61007
0,0.25,4.5,14.6642,-2.89187e-05,3.60982
0,0.25,4.5,15.1643,-7.64761e-05,3.61006
0,0.25,4.5,15.6642,-6.71313e-05,3.60936
0,0.25,4.49999,16.1643,-0.000197072,3.61003
0,0.25,4.5,16.6642,-0.000149066,3.60827
0,0.25,4.49999,17.1643,-0.000412127,3.60996
0,0.25,4.49999,17.6641,-0.000251316,3.60515
0,0.25,4.49997,18.1643,-0.000616456,3.60977
0,0.25,4.49999,18.664,-8.91934e-05,3.59791
0,0.25,4.49998,19.1642,0.000240609,3.60814
0,0.25,4.49999,19.6636,0.00022699,3.58482
0,0.25,4.49999,20.1641,0.000870126,3.58355
0,0.25,4.5,20.663,-0.00102765,3.55586
0,0.25,4.50001,21.1629,-0.00295635,3.42937
0,0.25,4.49992,21.6612,-0.0147343,3.34838
0,0.25,4.49988,22.1554,-0.0261906,2.64092
0,0.25,4.49947,22.65,-0.0484107,2.13856
0,0.25,4.49904,23.1242,-0.0830423,0.864922
0,0.25,4.49846,23.6052,-0.124965,-0.414613
0,0.25,4.49804,24.0637,-0.137694,0.113804
0,0.25,4.49795,24.5312,-0.122285,-0.93988
0,0.25,5,10.1643,4.49087e-06,3.61002
0,0.25,5,10.6643,2.93545e-05,3.61006
0,0.25,5,11.1643,1.19849e-05,3.61009
0,0.25,5,11.6643,5.40965e-06,3.61008
0,0.25,5,12.1643,6.65141e-06,3.6101
0,0.25,5,12.6643,7.27584e-06,3.61004
0,0.25,5,13.1643,1.825e-05,3.61009
0,0.25,5,13.6643,1.45999e-05,3.6099
0,0.25,5,14.1643,4.06832e-05,3.61007
0,0.25,5,14.6642,2.89187e-05,3.60982
0,0.25,5,15.1643,7.6476e-05,3.61006
0,0.25,5,15.6642,6.71313e-05,3.60936
0,0.25,5.00001,16.1643,0.000197072,3.61003
0,0.25,5,16.6642,0.000149066,3.60827
0,0.25,5.00001,17.1643,0.000412127,3.60996
0,0.25,5.00001,17.6641,0.000251316,3.60515
0,0.25,5.00003,18.1643,0.000616456,3.60977
0,0.25,5.00001,18.664,8.91934e-05,3.59791
0,0.25,5.00002,19.1642,-0.000240609,3.60814
0,0.25,5.00001,19.6636,-0.000226991,3.58482
0,0.25,5.00001,20.1641,-0.000870126,3.58355
0,0.25,5,20.663,0.00102765,3.55586
0,0.25,4.99999,21.1629,0.00295635,3.42937
0,0.25,5.00008,21.6612,0.0147343,3.34838
0,0.25,5.00012,22.1554,0.0261906,2.64092
0,0.25,5.00053,22.65,0.0484107,2.13856
0,0.25,5.00096,23.1242,0.0830423,0.864922
0,0.25,5.00154,23.6052,0.124965,-0.414613
0,0.25,5.00196,24.0637,0.137694,0.113804
0,0.25,5.00205,24.5312,0.122285,-0.93988
0,0.25,5.5,10.1642,-2.43939e-05,3.61002
0,0.25,5.49998,10.6643,-9.90991e-05,3.61006
0,0.25,5.5,11.1643,-1.75506e-05,3.61008
0,0.25,5.5,11.6643,-1.05135e-07,3.61008
0,0.25,5.5,12.1643,7.13006e-06,3.61009
0,0.25,5.5,12.6643,1.20727e-05,3.61005
0,0.25,5.5,13.1643,3.09291e-05,3.61009
0,0.25,5.5,13.6643,2.46586e-05,3.60992
0,0.25,5.5,14.1643,6.52471e-05,3.61007
0,0.25,5.5,14.6643,4.96929e-05,3.60985
0,0.25,5.5,15.1643,0.000126802,3.61006
0,0.25,5.5,15.6642,0.000107691,3.60949
0,0.25,5.50001,16.1643,0.000296594,3.61003
0,0.25,5.50001,16.6642,0.000217458,3.60849
0,0.25,5.50002,17.1643,0.000560384,3.60996
0,0.25,5.50001,17.6642,0.000372979,3.60537
0,0.25,5.50003,18.1643,0.000900039,3.60978
0,0.25,5.50002,18.664,0.000462747,3.59722
0,0.25,5.50006,19.1642,0.00110227,3.60842
0,0.25,5.50003,19.6636,0.000723388,3.58355
0,0.25,5.50004,20.1641,-4.78233e-06,3.58542
0,0.25,5.50003,20.663,0.00515693,3.5576
0,0.25,5.50003,21.163,0.0087454,3.44118
0,0.25,5.50017,21.6613,0.0340153,3.36948
0,0.25,5.5004,22.1558,0.0671707,2.67451
0,0.25,5.50134,22.6509,0.155324,2.20684
0,0.25,5.50273,23.1254,0.273983,0.946538
0,0.25,5.50531,23.6067,0.398763,-0.353886
0,0.25,5.5082,24.0652,0.50235,0.149898
0,0.25,5.50942,24.5319,0.547256,-0.951843
0,0.25,6,10.1642,1.67347e-06,3.60973
0,0.25,6,10.6642,4.13842e-06,3.60977
0,0.25,6,11.1643,8.89496e-06,3.60985
0,0.25,6,11.6642,2.61188e-05,3.60977
0,0.25,6,12.1642,1.14626e-05,3.60978
0,0.25,6,12.6642,1.8746e-05,3.60975
0,0.25,6,13.1642,2.58813e-05,3.60977
0,0.25,6,13.6642,3.89074e-05,3.60964
0,0.25,6,14.1642,0.000126094,3.60975
0,0.25,6,14.6642,0.000101485,3.6096
0,0.25,6.00001,15.1642,0.000277564,3.60975
0,0.25,6.00001,15.6642,0.000235062,3.60933
0,0.25,6.00002,16.1642,0.000668566,3.60973
0,0.25,6.00002,16.6642,0.000591153,3.6085
0,0.25,6.00005,17.1642,0.00172668,3.60967
0,0.25,6.00003,17.6641,0.000946289,3.60526
0,0.25,6.00009,18.1642,0.00210499,3.60951
0,0.25,6.00005,18.664,0.000837702,3.5971
0,0.25,6.00011,19.1642,0.00138178,3.60888
0,0.25,6.00004,19.6636,-0.000106362,3.58052
0,0.25,6.00007,20.1641,-0.000707396,3.59134
0,0.25,6.00007,20.6629,0.0122716,3.55805
0,0.25,6,21.1631,0.00961757,3.46157
0,0.25,6.00049,21.6613,0.0662446,3.39789
0,0.25,6.00049,22.1566,0.0874084,2.74905
0,0.25,6.00274,22.6522,0.266352,2.36426
0,0.25,6.00381,23.1279,0.368733,1.07068
0,0.25,6.00983,23.6115,0.538339,-0.16447
0,0.25,6.01339,24.0694,0.694775,0.363642
0,0.25,6.01496,24.5358,0.623376,-0.663493
0,0.25,6.50001,10.1633,3.58247e-05,3.59493
0,0.25,6.50002,10.6629,0.000144482,3.59218
0,0.25,6.50001,11.163,4.54103e-05,3.59343
0,0.25,6.50001,11.663,3.68707e-05,3.5935
0,0.25,6.5,12.163,1.51113e-05,3.59351
0,0.25,6.5,12.663,1.80233e-05,3.5935
0,0.25,6.5,13.163,1.70798e-05,3.59351
0,0.25,6.5,13.663,3.29215e-05,3.59348
0,0.25,6.5,14.163,0.00010654,3.5935
0,0.25,6.5,14.663,8.62507e-05,3.59348
0,0.25,6.50001,15.163,0.000234916,3.5935
0,0.25,6.50001,15.663,0.000203207,3.59342
0,0.25,6.50002,16.163,0.000583238,3.59349
0,0.25,6.50002,16.663,0.000539128,3.59326
0,0.25,6.50004,17.163,0.00160857,3.59346
0,0.25,6.50004,17.663,0.00154467,3.58995
0,0.25,6.50011,18.163,0.00471202,3.59332
0,0.25,6.50009,18.6628,0.00415496,3.58152
0,0.25,6.50026,19.163,0.0123304,3.59278
0,0.25,6.50012,19.6623,0.00568384,3.56096
0,0.25,6.50034,20.1629,0.0182667,3.58831
0,0.25,6.50006,20.6614,0.0152399,3.53577
0,0.25,6.50038,21.1624,0.0342794,3.49396
0,0.25,6.50052,21.6599,0.0894501,3.40716
0,0.25,6.50107,22.1573,0.139263,2.86575
0,0.25,6.50371,22.6523,0.394623,2.53352
0,0.25,6.50555,23.1316,0.464436,1.14701
0,0.25,6.51693,23.6174,0.921128,0.1322
0,0.25,6.5211,24.0715,0.901474,0.0178531
0,0.25,6.53515,24.5356,0.355609,-1.39547
0,0.25,7,10.1096,5.42829e-06,3.18452
0,0.25,7,10.6167,1.23313e-05,3.23788
0,0.25,7,11.117,7.85928e-06,3.24096
0,0.25,7,11.617,5.97299e-06,3.24113
0,0.25,7,12.117,4.9097e-06,3.24114
0,0.25,7,12.617,4.89771e-06,3.24114
0,0.25,7,13.117,4.71103e-06,3.24114
0,0.25,7,13.617,4.99114e-06,3.24114
0,0.25,7,14.117,5.82731e-06,3.24114
0,0.25,7,14.617,6.46997e-06,3.24114
0,0.25,7,15.117,8.47972e-06,3.24114
0,0.25,7,15.617,9.82627e-06,3.24114
0,0.25,7,16.117,1.4901e-05,3.24114
0,0.25,7,16.617,1.80994e-05,3.24114
0,0.25,7,17.117,3.09928e-05,3.24113
0,0.25,7.00001,17.617,0.000564294,3.24056
0,0.25,7.00003,18.117,0.00286716,3.24085
0,0.25,7.00005,18.6169,0.00336553,3.23883
0,0.25,7.00018,19.117,0.0121101,3.2394
0,0.25,7.00018,19.6166,0.0104072,3.22174
0,0.25,7.00016,20.1168,0.0128852,3.2343
0,0.25,7.00038,20.6159,0.0216651,3.20218
0,0.25,6.9999,21.1165,0.0149851,3.18457
0,0.25,7.00104,21.6148,0.0689507,3.12291
0,0.25,7.00001,22.1135,0.116594,2.79869
0,0.25,7.00335,22.6096,0.256809,2.50717
0,0.25,7.00388,23.0977,0.488951,1.52843
0,0.25,7.01257,23.5867,0.695494,0.822722
0,0.25,7.02126,24.0572,1.21639,0.183403
0,0.25,7.03133,24.5483,0.674856,-0.356764
1,0.25,7.5,1.5,0,0
1,0.25,8,1.5,0,0
1,0.25,1.5,1.5,0,0
1,0.25,2,1.5,0,0
1,0.25,7.5,2,0,0
1,0.25,8,2,0,0
1,0.25,1.5,2,0,0
1,0.25,2,2,0,0
1,0.25,7.5,2.5,0,0
1,0.25,8,2.5,0,0
1,0.25,1.5,2.5,0,0
1,0.25,2,2.5,0,0
1,0.25,7.5,3,0,0
1,0.25,8,3,0,0
1,0.25,1.5,3,0,0
1,0.25,2,3,0,0
1,0.25,7.5,3.5,0,0
1,0.25,8,3.5,0,0
1,0.25,1.5,3.5,0,0
1,0.25,2,3.5,0,0
1,0.25,7.5,4,0,0
1,0.25,8,4,0,0
1,0.25,1.5,4,0,0
1,0.25,2,4,0,0
1,0.25,7.5,4.5,0,0
1,0.25,8,4.5,0,0
1,0.25,1.5,4.5,0,0
1,0.25,2,4.5,0,0
1,0.25,7.5,5,0,0
1,0.25,8,5,0,0
1,0.25,1.5,5,0,0
1,0.25,2,5,0,0
1,0.25,7.5,5.5,0,0
1,0.25,8,5.5,0,0
1,0.25,1.5,5.5,0,0
1,0.25,2,5.5,0,0
1,0.25,7.5,6,0,0
1,0.25,8,6,0,0
1,0.25,1.5,6,0,0
1,0.25,2,6,0,0
1,0.25,7.5,6.5,0,0
1,0.25,8,6.5,0,0
1,0.25,1.5,6.5,0,0
1,0.25,2,6.5,0,0
1,0.25,7.5,7,0,0
1,0.25,8,7,0,0
1,0.25,1.5,7,0,0
1,0.25,2,7,0,0
1,0.25,7.5,7.5,0,0
1,0.25,8,7.5,0,0
1,0.25,1.5,7.5,0,0
1,0.25,2,7.5,0,0
1,0.25,7.5,8,0,0
1,0.25,8,8,0,0
1,0.25,1.5,8,0,0
1,0.25,2,8,0,0
1,0.25,7.5,8.5,0,0
1,0.25,8,8.5,0,0
1,0.25,1.5,8.5,0,0
1,0.25,2,8.5,0,0
1,0.25,7.5,9,0,0
1,0.25,8,9,0,0
1,0.25,1.5,9,0,0
1,0.25,2,9,0,0
1,0.25,7.5,9.5,0,0
1,0.25,8,9.5,0,0
1,0.25,1.5,9.5,0,0
1,0.25,2,9.5,0,0
1,0.25,7.5,10,0,0
1,0.25,8,10,0,0
1,0.25,1.5,10,0,0
1,0.25,2,10,0,0
1,0.25,7.5,10.5,0,0
1,0.25,8,10.5,0,0
1,0.25,1.5,10.5,0,0
1,0.25,2,10.5,0,0
1,0.25,7.5,11,0,0
1,0.25,8,11,0,0
1,0.25,1.5,11,0,0
1,0.25,2,11,0,0
1,0.25,7.5,11.5,0,0
1,0.25,8,11.5,0,0
1,0.25,1.5,11.5,0,0
1,0.25,2,11.5,0,0
1,0.25,7.5,12,0,0
1,0.25,8,12,0,0
1,0.25,1.5,12,0,0
1,0.25,2,12,0,0
1,0.25,7.5,12.5,0,0
1,0.25,8,12.5,0,0
1,0.25,1.5,12.5,0,0
1,0.25,2,12.5,0,0
1,0.25,7.5,13,0,0
1,0.25,8,13,0,0
1,0.25,1.5,13,0,0
1,0.25,2,13,0,0
1,0.25,7.5,13.5,0,0
1,0.25,8,13.5,0,0
1,0.25,1.5,13.5,0,0
1,0.25,2,13.5,0,0
1,0.25,7.5,14,0,0
1,0.25,8,14,0,0
1,0.25,1.5,14,0,0
1,0.25,2,14,0,0
1,0.25,7.5,14.5,0,0
1,0.25,8,14.5,0,0
1,0.25,1.5,14.5,0,0
1,0.25,2,14.5,0,0
1,0.25,7.5,15,0,0
1,0.25,8,15,0,0
1,0.25,1.5,15,0,0
1,0.25,2,15,0,0
1,0.25,7.5,15.5,0,0
1,0.25,8,15.5,0,0
1,0.25,1.5,15.5,0,0
1,0.25,2,15.5,0,0
1,0.25,7.5,16,0,0
1,0.25,8,16,0,0
1,0.25,1.5,16,0,0
1,0.25,2,16,0,0
1,0.25,7.5,16.5,0,0
1,0.25,8,16.5,0,0
1,0.25,1.5,16.5,0,0
1,0.25,2,16.5,0,0
1,0.25,7.5,17,0,0
1,0.25,8,17,0,0
1,0.25,1.5,17,0,0
1,0.25,2,17,0,0
1,0.25,7.5,17.5,0,0
1,0.25,8,17.5,0,0
1,0.25,1.5,17.5,0,0
1,0.25,2,17.5,0,0
1,0.25,7.5,18,0,0
1,0.25,8,18,0,0
1,0.25,1.5,18,0,0
1,0.25,2,18,0,0
1,0.25,7.5,18.5,0,0
1,0.25,8,18.5,0,0
1,0.25,1.5,18.5,0,0
1,0.25,2,18.5,0,0
1,0.25,7.5,19,0,0
1,0.25,8,19,0,0
1,0.25,1.5,19,0,0
1,0.25,2,19,0,0
1,0.25,7.5,19.5,0,0
1,0.25,8,19.5,0,0
1,0.25,1.5,19.5,0,0
1,0.25,2,19.5,0,0
1,0.25,7.5,20,0,0
1,0.25,8,20,0,0
1,0.25,1.5,20,0,0
1,0.25,2,20,0,0
1,0.25,7.5,20.5,0,0
1,0.25,8,20.5,0,0
1,0.25,1.5,20.5,0,0
1,0.25,2,20.5,0,0
1,0.25,7.5,21,0,0
1,0.25,8,21,0,0
1,0.25,1.5,21,0,0
1,0.25,2,21,0,0
1,0.25,7.5,21.5,0,0
1,0.25,8,21.5,0,0
1,0.25,1.5,21.5,0,0
1,0.25,2,21.5,0,0
1,0.25,7.5,22,0,0
1,0.25,8,22,0,0
1,0.25,1.5,22,0,0
1,0.25,2,22,0,0
1,0.25,7.5,22.5,0,0
1,0.25,8,22.5,0,0
1,0.25,1.5,22.5,0,0
1,0.25,2,22.5,0,0
1,0.25,7.5,23,0,0
1,0.25,8,23,0,0
1,0.25,1.5,23,0,0
1,0.25,2,23,0,0
1,0.25,7.5,23.5,0,0
1,0.25,8,23.5,0,0
1,0.25,1.5,23.5,0,0
1,0.25,2,23.5,0,0
1,0.25,7.5,24,0,0
1,0.25,8,24,0,0
1,0.25,1.5,24,0,0
1,0.25,2,24,0,0
1,0.25,7.5,24.5,0,0
1,0.25,8,24.5,0,0
1,0.25,1.5,24.5,0,0
1,0.25,2,24.5,0,0
1,0.25,7.5,25,0,0
1,0.25,8,25,0,0
1,0.25,1.5,25,0,0
1,0.25,2,25,0,0
1,0.25,7.5,25.5,0,0
1,0.25,8,25.5,0,0
1,0.25,1.5,25.5,0,0
1,0.25,2,25.5,0,0
1,0.25,2.5,1.5,0,0
1,0.25,2.5,2,0,0
1,0.25,2.5,25,0,0
1,0.25,2.5,25.5,0,0
1,0.25,3,1.5,0,0
1,0.25,3,2,0,0
1,0.25,3,25,0,0
1,0.25,3,25.5,0,0
1,0.25,3.5,1.5,0,0
1,0.25,3.5,2,0,0
1,0.25,3.5,25,0,0
1,0.25,3.5,25.5,0,0
1,0.25,4,1.5,0,0
1,0.25,4,2,0,0
1,0.25,4,25,0,0
1,0.25,4,25.5,0,0
1,0.25,4.5,1.5,0,0
1,0.25,4.5,2,0,0
1,0.25,4.5,25,0,0
1,0.25,4.5,25.5,0,0
1,0.25,5,1.5,0,0
1,0.25,5,2,0,0
1,0.25,5,25,0,0
1,0.25,5,25.5,0,0
1,0.25,5.5,1.5,0,0
1,0.25,5.5,2,0,0
1,0.25,5.5,25,0,0
1,0.25,5.5,25.5,0,0
1,0.25,6,1.5,0,0
1,0.25,6,2,0,0
1,0.25,6,25,0,0
1,0.25,6,25.5,0,0
1,0.25,6.5,1.5,0,0
1,0.25,6.5,2,0,0
1,0.25,6.5,25,0,0
1,0.25,6.5,25.5,0,0
1,0.25,7,1.5,0,0
1,0.25,7,2,0,0
1,0.25,7,25,0,0
1,0.25,7,25.5,0,0
