536 2 0.5 3500 0.2 2 0 2e-06 0 9.81 10 35
0,0.25,2.5,10.4303,-7.35662e-06,3.82901
0,0.25,2.5,10.9437,-1.76042e-05,3.91717
0,0.25,2.5,11.4444,-1.13477e-05,3.92338
0,0.25,2.5,11.9444,-9.88167e-06,3.92383
0,0.25,2.5,12.4445,-1.3131e-05,3.92385
0,0.25,2.5,12.9445,-1.75137e-05,3.92385
0,0.25,2.5,13.4445,-3.23245e-05,3.92385
0,0.25,2.5,13.9445,-4.58335e-05,3.92385
0,0.25,2.5,14.4445,-0.000102854,3.92382
0,0.25,2.49998,14.9444,-0.00270817,3.91917
0,0.25,2.49986,15.4444,-0.0194032,3.901
0,0.25,2.49971,15.944,-0.0295358,3.84927
0,0.25,2.49902,16.443,-0.0601522,3.72509
0,0.25,2.49855,16.9407,-0.0868338,3.50932
0,0.25,2.49699,17.4357,-0.126352,3.13075
0,0.25,2.49554,17.927,-0.204829,2.57722
0,0.25,2.49278,18.4124,-0.269247,1.85256
0,0.25,2.4891,18.8912,-0.366916,0.978497
0,0.25,2.48441,19.3629,-0.404897,0.237574
0,0.25,2.47987,19.8285,-0.269854,-0.2365
0,0.25,2.47567,20.2939,-0.048196,-0.258948
0,0.25,2.47602,20.7616,0.24763,0.219617
0,0.25,2.4763,21.2335,0.422229,0.591555
0,0.25,2.48129,21.7113,0.315609,0.924493
0,0.25,2.48262,22.1887,0.19093,1.16299
0,0.25,2.48596,22.6661,-0.16791,1.07501
0,0.25,2.48583,23.1432,-0.0851095,1.15364
0,0.25,2.48985,23.6144,-0.316235,1.03002
0,0.25,2.48946,24.0824,-0.273622,0.693552
0,0.25,2.50787,24.5512,-0.298285,0.146976
0,0.25,2.99999,10.5317,-3.19317e-05,4.4633
0,0.25,2.99997,11.0311,-0.000126944,4.46374
0,0.25,2.99999,11.5314,-4.41851e-05,4.46576
0,0.25,2.99999,12.0314,-0.000210844,4.46579
0,0.25,2.99998,12.5314,-0.000745965,4.46596
0,0.25,2.99998,13.0314,-0.000776309,4.46559
0,0.25,2.99995,13.5314,-0.00241749,4.46593
0,0.25,2.99995,14.0314,-0.00258671,4.46461
0,0.25,2.99986,14.5314,-0.00877008,4.46516
0,0.25,2.99984,15.0312,-0.0107262,4.44234
0,0.25,2.99948,15.5312,-0.0334622,4.42061
0,0.25,2.9994,16.0301,-0.0416054,4.34207
0,0.25,2.99847,16.5289,-0.0702307,4.16941
0,0.25,2.99799,17.0253,-0.108793,3.91673
0,0.25,2.99641,17.5186,-0.133582,3.40152
0,0.25,2.99456,18.0077,-0.240386,2.77005
0,0.25,2.99239,18.489,-0.27163,1.97993
0,0.25,2.98827,18.9642,-0.309028,1.06517
0,0.25,2.98552,19.4329,-0.289326,0.605861
0,0.25,2.98264,19.8957,-0.0155569,0.389092
0,0.25,2.98115,20.3609,0.113261,0.332291
0,0.25,2.98298,20.826,0.246922,0.881426
0,0.25,2.98342,21.2879,0.253463,0.513415
0,0.25,2.98494,21.7578,-0.0998786,0.563191
0,0.25,2.98608,22.2133,-0.145598,0.608724
0,0.25,2.98623,22.6809,-0.213864,0.194682
0,0.25,2.98879,23.138,-0.159388,0.626829
0,0.25,2.99844,23.6032,-0.0156736,0.129236
0,0.25,2.9898,24.061,-0.0701303,0.220353
0,0.25,3.00917,24.5328,0.0155493,-0.174971
0,0.25,3.5,10.5351,-2.7493e-06,4.50601
0,0.25,3.5,11.0351,-8.23674e-05,4.50565
0,0.25,3.49999,11.5351,-0.000322793,4.50581
0,0.25,3.49999,12.0351,-0.000326202,4.50491
0,0.25,3.49998,12.5351,-0.000931441,4.50575
0,0.25,3.49998,13.0351,-0.000977348,4.50361
0,0.25,3.49994,13.5351,-0.00302704,4.50566
0,0.25,3.49994,14.035,-0.00302682,4.49849
0,0.25,3.49983,14.5351,-0.0102158,4.50227
0,0.25,3.49985,15.0347,-0.00903109,4.47476
0,0.25,3.49955,15.5347,-0.0200714,4.44376
0,0.25,3.49951,16.0335,-0.034721,4.37466
0,0.25,3.49901,16.5319,-0.0477335,4.16817
0,0.25,3.4984,17.0284,-0.0934564,3.92515
0,0.25,3.49763,17.5205,-0.110331,3.38019
0,0.25,3.49576,18.0095,-0.17772,2.68131
0,0.25,3.4943,18.4897,-0.243158,1.97838
0,0.25,3.49137,18.963,-0.217683,0.992823
0,0.25,3.48857,19.4331,-0.244848,0.624759
0,0.25,3.48691,19.8944,-0.0836473,0.543899
0,0.25,3.48503,20.3605,0.0649651,0.194392
0,0.25,3.48582,20.8273,0.127893,0.878482
0,0.25,3.48765,21.2854,0.267874,0.278839
0,0.25,3.48867,21.7589,0.17,0.187495
0,0.25,3.49307,22.2137,0.0429327,0.740877
0,0.25,3.49566,22.6847,0.1385,0.113569
0,0.25,3.49879,23.1495,-0.173491,0.693491
0,0.25,3.50284,23.6183,-0.202225,-0.0239075
0,0.25,3.50152,24.0761,-0.660335,0.111386
0,0.25,3.50179,24.5349,-0.384787,-0.667185
0,0.25,4.00001,10.5352,2.04036e-05,4.50665
0,0.25,4.00002,11.0352,1.25769e-05,4.50631
0,0.25,4,11.5352,-0.000277354,4.50668
0,0.25,4,12.0352,-0.00019595,4.5057
0,0.25,3.99999,12.5352,-0.00050773,4.50665
0,0.25,3.99999,13.0351,-0.000467094,4.50362
0,0.25,3.99997,13.5352,-0.00137297,4.50653
0,0.25,3.99997,14.035,-0.0011112,4.49727
0,0.25,3.99993,14.5352,-0.0038832,4.50068
0,0.25,3.99993,15.0347,-0.00541416,4.47405
0,0.25,3.99981,15.5346,-0.0111307,4.42923
0,0.25,3.99967,16.0334,-0.0255802,4.36159
0,0.25,3.99939,16.5314,-0.035761,4.14208
0,0.25,3.99886,17.0278,-0.0618162,3.88987
0,0.25,3.99828,17.5194,-0.084477,3.362
0,0.25,3.99725,18.0078,-0.100338,2.61633
0,0.25,3.99597,18.4882,-0.138336,1.96109
0,0.25,3.99475,18.9605,-0.124009,1.03039
0,0.25,3.99311,19.4312,-0.0868024,0.644313
0,0.25,3.9922,19.8938,-0.0358314,0.753623
0,0.25,3.99239,20.3598,0.12075,0.331278
0,0.25,3.99222,20.83,0.149079,0.917387
0,0.25,3.99503,21.2874,0.132633,0.378603
0,0.25,3.99519,21.7595,0.117995,-0.136321
0,0.25,3.99649,22.2162,-0.156036,0.571502
0,0.25,3.99765,22.6796,-0.163665,-0.0760345
0,0.25,3.99726,23.148,-0.227897,0.375714
0,0.25,4.00093,23.6123,-0.13538,0.0590102
0,0.25,4.0019,24.0784,-0.0291744,0.0306607
0,0.25,3.99858,24.5438,-0.212985,-0.570374
0,0.25,4.5,10.5352,-1.39972e-06,4.50665
0,0.25,4.49999,11.0352,-1.53015e-05,4.50626
0,0.25,4.5,11.5352,1.10553e-05,4.50669
0,0.25,4.5,12.0352,-7.43246e-05,4.50543
0,0.25,4.49999,12.5352,-0.000309458,4.50666
0,0.25,4.49999,13.0351,-0.000254921,4.50313
0,0.25,4.49999,13.5352,-0.000729536,4.50652
0,0.25,4.49999,14.035,-0.000644407,4.496
0,0.25,4.49996,14.5352,-0.00232889,4.49854
0,0.25,4.49996,15.0346,-0.00317492,4.47184
0,0.25,4.49988,15.5345,-0.00578173,4.42242
0,0.25,4.49987,16.0333,-0.00774391,4.35725
0,0.25,4.49977,16.5312,-0.00822607,4.13452
0,0.25,4.49969,17.0275,-0.0140135,3.87177
0,0.25,4.49955,17.519,-0.0240133,3.34948
0,0.25,4.4993,18.0071,-0.0339698,2.59935
0,0.25,4.49888,18.4873,-0.0474327,1.93821
0,0.25,4.49824,18.9597,-0.0621717,1.05029
0,0.25,4.4978,19.4302,-0.0449779,0.682
0,0.25,4.49708,19.8936,-0.0265315,0.804739
0,0.25,4.49726,20.3603,0.00519453,0.448705
0,0.25,4.49702,20.83,0.0493179,0.857889
0,0.25,4.49731,21.29,-0.00379606,0.378817
0,0.25,4.49847,21.7594,0.0733428,-0.103162
0,0.25,4.49808,22.2178,0.0679636,0.371281
0,0.25,4.49945,22.6838,-0.0306606,0.0711372
0,0.25,4.50189,23.1498,0.0923154,0.417933
0,0.25,4.50035,23.6179,-0.000728226,-0.0213637
0,0.25,4.5027,24.0796,-0.149273,0.0279558
0,0.25,4.5034,24.5444,0.00339763,-0.540326
0,0.25,5,10.5352,1.39972e-06,4.50665
0,0.25,5.00001,11.0352,1.53015e-05,4.50626
0,0.25,5,11.5352,-1.10552e-05,4.50669
0,0.25,5,12.0352,7.43246e-05,4.50543
0,0.25,5.00001,12.5352,0.000309458,4.50666
0,0.25,5.00001,13.0351,0.000254921,4.50313
0,0.25,5.00001,13.5352,0.000729536,4.50652
0,0.25,5.00001,14.035,0.000644407,4.496
0,0.25,5.00004,14.5352,0.00232889,4.49854
0,0.25,5.00004,15.0346,0.00317492,4.47184
0,0.25,5.00012,15.5345,0.00578173,4.42242
0,0.25,5.00013,16.0333,0.00774391,4.35725
0,0.25,5.00023,16.5312,0.00822607,4.13452
0,0.25,5.00031,17.0275,0.0140135,3.87177
0,0.25,5.00045,17.519,0.0240133,3.34948
0,0.25,5.0007,18.0071,0.0339698,2.59935
0,0.25,5.00112,18.4873,0.0474327,1.93821
0,0.25,5.00176,18.9597,0.0621717,1.05029
0,0.25,5.0022,19.4302,0.0449779,0.682
0,0.25,5.00292,19.8936,0.0265315,0.804739
0,0.25,5.00274,20.3603,-0.00519453,0.448705
0,0.25,5.00298,20.83,-0.0493179,0.857889
0,0.25,5.00269,21.29,0.00379606,0.378817
0,0.25,5.00153,21.7594,-0.0733428,-0.103162
0,0.25,5.00192,22.2178,-0.0679636,0.371281
0,0.25,5.00055,22.6838,0.0306606,0.0711372
0,0.25,4.99811,23.1498,-0.0923154,0.417933
0,0.25,4.99965,23.6179,0.000728226,-0.0213637
0,0.25,4.9973,24.0796,0.149273,0.0279558
0,0.25,4.9966,24.5444,-0.00339763,-0.540326
0,0.25,5.49999,10.5352,-2.04036e-05,4.50665
0,0.25,5.49998,11.0352,-1.2577e-05,4.50631
0,0.25,5.5,11.5352,0.000277354,4.50668
0,0.25,5.5,12.0352,0.00019595,4.5057
0,0.25,5.50001,12.5352,0.00050773,4.50665
0,0.25,5.50001,13.0351,0.000467094,4.50362
0,0.25,5.50003,13.5352,0.00137297,4.50653
0,0.25,5.50003,14.035,0.0011112,4.49727
0,0.25,5.50007,14.5352,0.0038832,4.50068
0,0.25,5.50007,15.0347,0.00541416,4.47405
0,0.25,5.50019,15.5346,0.0111307,4.42923
0,0.25,5.50033,16.0334,0.0255802,4.36159
0,0.25,5.50061,16.5314,0.035761,4.14208
0,0.25,5.50114,17.0278,0.0618162,3.88987
0,0.25,5.50172,17.5194,0.084477,3.362
0,0.25,5.50275,18.0078,0.100338,2.61633
0,0.25,5.50403,18.4882,0.138336,1.96109
0,0.25,5.50525,18.9605,0.124009,1.03039
0,0.25,5.50689,19.4312,0.0868024,0.644313
0,0.25,5.5078,19.8938,0.0358314,0.753623
0,0.25,5.50761,20.3598,-0.12075,0.331278
0,0.25,5.50778,20.83,-0.149079,0.917387
0,0.25,5.50497,21.2874,-0.132633,0.378603
0,0.25,5.50481,21.7595,-0.117995,-0.136321
0,0.25,5.50351,22.2162,0.156036,0.571502
0,0.25,5.50235,22.6796,0.163665,-0.0760345
0,0.25,5.50274,23.148,0.227897,0.375714
0,0.25,5.49907,23.6123,0.13538,0.0590102
0,0.25,5.4981,24.0784,0.0291744,0.0306607
0,0.25,5.50142,24.5438,0.212985,-0.570374
0,0.25,6,10.5351,2.7493e-06,4.50601
0,0.25,6,11.0351,8.23674e-05,4.50565
0,0.25,6.00001,11.5351,0.000322793,4.50581
0,0.25,6.00001,12.0351,0.000326201,4.50491
0,0.25,6.00002,12.5351,0.000931441,4.50575
0,0.25,6.00002,13.0351,0.000977348,4.50361
0,0.25,6.00006,13.5351,0.00302704,4.50566
0,0.25,6.00006,14.035,0.00302682,4.49849
0,0.25,6.00017,14.5351,0.0102158,4.50227
0,0.25,6.00015,15.0347,0.00903109,4.47476
0,0.25,6.00045,15.5347,0.0200714,4.44376
0,0.25,6.00049,16.0335,0.034721,4.37466
0,0.25,6.00099,16.5319,0.0477335,4.16817
0,0.25,6.0016,17.0284,0.0934564,3.92515
0,0.25,6.00237,17.5205,0.110331,3.38019
0,0.25,6.00424,18.0095,0.17772,2.68131
0,0.25,6.0057,18.4897,0.243158,1.97838
0,0.25,6.00863,18.963,0.217683,0.992823
0,0.25,6.01143,19.4331,0.244848,0.624759
0,0.25,6.01309,19.8944,0.0836473,0.543899
0,0.25,6.01497,20.3605,-0.0649651,0.194392
0,0.25,6.01418,20.8273,-0.127893,0.878482
0,0.25,6.01235,21.2854,-0.267874,0.278839
0,0.25,6.01133,21.7589,-0.17,0.187495
0,0.25,6.00693,22.2137,-0.0429327,0.740877
0,0.25,6.00434,22.6847,-0.1385,0.113569
0,0.25,6.00121,23.1495,0.173491,0.693491
0,0.25,5.99716,23.6183,0.202225,-0.0239075
0,0.25,5.99848,24.0761,0.660335,0.111386
0,0.25,5.99821,24.5349,0.384787,-0.667185
0,0.25,6.50001,10.5317,3.19317e-05,4.4633
0,0.25,6.50003,11.0311,0.000126944,4.46374
0,0.25,6.50001,11.5314,4.41851e-05,4.46576
0,0.25,6.50001,12.0314,0.000210844,4.46579
0,0.25,6.50002,12.5314,0.000745965,4.46596
0,0.25,6.50002,13.0314,0.000776309,4.46559
0,0.25,6.50005,13.5314,0.00241749,4.46593
0,0.25,6.50005,14.0314,0.00258671,4.46461
0,0.25,6.50014,14.5314,0.00877008,4.46516
0,0.25,6.50016,15.0312,0.0107262,4.44234
0,0.25,6.50052,15.5312,0.0334622,4.42061
0,0.25,6.5006,16.0301,0.0416054,4.34207
0,0.25,6.50153,16.5289,0.0702307,4.16941
0,0.25,6.50201,17.0253,0.108793,3.91673
0,0.25,6.50359,17.5186,0.133582,3.40152
0,0.25,6.50544,18.0077,0.240386,2.77005
0,0.25,6.50761,18.489,0.27163,1.97993
0,0.25,6.51173,18.9642,0.309028,1.06517
0,0.25,6.51448,19.4329,0.289326,0.605861
0,0.25,6.51736,19.8957,0.0155569,0.389092
0,0.25,6.51885,20.3609,-0.113261,0.332291
0,0.25,6.51702,20.826,-0.246922,0.881426
0,0.25,6.51658,21.2879,-0.253463,0.513415
0,0.25,6.51506,21.7578,0.0998786,0.563191
0,0.25,6.51392,22.2133,0.145598,0.608724
0,0.25,6.51377,22.6809,0.213864,0.194682
0,0.25,6.51121,23.138,0.159388,0.626829
0,0.25,6.50156,23.6032,0.0156736,0.129236
0,0.25,6.5102,24.061,0.0701303,0.220353
0,0.25,6.49083,24.5328,-0.0155493,-0.174971
0,0.25,7,10.4303,7.35662e-06,3.82901
0,0.25,7,10.9437,1.76042e-05,3.91717
0,0.25,7,11.4444,1.13477e-05,3.92338
0,0.25,7,11.9444,9.88167e-06,3.92383
0,0.25,7,12.4445,1.3131e-05,3.92385
0,0.25,7,12.9445,1.75137e-05,3.92385
0,0.25,7,13.4445,3.23245e-05,3.92385
0,0.25,7,13.9445,4.58335e-05,3.92385
0,0.25,7,14.4445,0.000102854,3.92382
0,0.25,7.00002,14.9444,0.00270817,3.91917
0,0.25,7.00014,15.4444,0.0194032,3.901
0,0.25,7.00029,15.944,0.0295358,3.84927
0,0.25,7.00098,16.443,0.0601522,3.72509
0,0.25,7.00145,16.9407,0.0868338,3.50932
0,0.25,7.00301,17.4357,0.126352,3.13075
0,0.25,7.00446,17.927,0.204829,2.57722
0,0.25,7.00722,18.4124,0.269247,1.85256
0,0.25,7.0109,18.8912,0.366916,0.978497
0,0.25,7.01559,19.3629,0.404897,0.237574
0,0.25,7.02013,19.8285,0.269854,-0.2365
0,0.25,7.02433,20.2939,0.048196,-0.258948
0,0.25,7.02398,20.7616,-0.24763,0.219617
0,0.25,7.0237,21.2335,-0.422229,0.591555
0,0.25,7.01871,21.7113,-0.315609,0.924493
0,0.25,7.01738,22.1887,-0.19093,1.16299
0,0.25,7.01404,22.6661,0.16791,1.07501
0,0.25,7.01417,23.1432,0.0851095,1.15364
0,0.25,7.01015,23.6144,0.316235,1.03002
0,0.25,7.01054,24.0824,0.273622,0.693552
0,0.25,6.99213,24.5512,0.298285,0.146976
1,0.25,7.5,1.5,0,0
1,0.25,8,1.5,0,0
1,0.25,1.5,1.5,0,0
1,0.25,2,1.5,0,0
1,0.25,7.5,2,0,0
1,0.25,8,2,0,0
1,0.25,1.5,2,0,0
1,0.25,2,2,0,0
1,0.25,7.5,2.5,0,0
1,0.25,8,2.5,0,0
1,0.25,1.5,2.5,0,0
1,0.25,2,2.5,0,0
1,0.25,7.5,3,0,0
1,0.25,8,3,0,0
1,0.25,1.5,3,0,0
1,0.25,2,3,0,0
1,0.25,7.5,3.5,0,0
1,0.25,8,3.5,0,0
1,0.25,1.5,3.5,0,0
1,0.25,2,3.5,0,0
1,0.25,7.5,4,0,0
1,0.25,8,4,0,0
1,0.25,1.5,4,0,0
1,0.25,2,4,0,0
1,0.25,7.5,4.5,0,0
1,0.25,8,4.5,0,0
1,0.25,1.5,4.5,0,0
1,0.25,2,4.5,0,0
1,0.25,7.5,5,0,0
1,0.25,8,5,0,0
1,0.25,1.5,5,0,0
1,0.25,2,5,0,0
1,0.25,7.5,5.5,0,0
1,0.25,8,5.5,0,0
1,0.25,1.5,5.5,0,0
1,0.25,2,5.5,0,0
1,0.25,7.5,6,0,0
1,0.25,8,6,0,0
1,0.25,1.5,6,0,0
1,0.25,2,6,0,0
1,0.25,7.5,6.5,0,0
1,0.25,8,6.5,0,0
1,0.25,1.5,6.5,0,0
1,0.25,2,6.5,0,0
1,0.25,7.5,7,0,0
1,0.25,8,7,0,0
1,0.25,1.5,7,0,0
1,0.25,2,7,0,0
1,0.25,7.5,7.5,0,0
1,0.25,8,7.5,0,0
1,0.25,1.5,7.5,0,0
1,0.25,2,7.5,0,0
1,0.25,7.5,8,0,0
1,0.25,8,8,0,0
1,0.25,1.5,8,0,0
1,0.25,2,8,0,0
1,0.25,7.5,8.5,0,0
1,0.25,8,8.5,0,0
1,0.25,1.5,8.5,0,0
1,0.25,2,8.5,0,0
1,0.25,7.5,9,0,0
1,0.25,8,9,0,0
1,0.25,1.5,9,0,0
1,0.25,2,9,0,0
1,0.25,7.5,9.5,0,0
1,0.25,8,9.5,0,0
1,0.25,1.5,9.5,0,0
1,0.25,2,9.5,0,0
1,0.25,7.5,10,0,0
1,0.25,8,10,0,0
1,0.25,1.5,10,0,0
1,0.25,2,10,0,0
1,0.25,7.5,10.5,0,0
1,0.25,8,10.5,0,0
1,0.25,1.5,10.5,0,0
1,0.25,2,10.5,0,0
1,0.25,7.5,11,0,0
1,0.25,8,11,0,0
1,0.25,1.5,11,0,0
1,0.25,2,11,0,0
1,0.25,7.5,11.5,0,0
1,0.25,8,11.5,0,0
1,0.25,1.5,11.5,0,0
1,0.25,2,11.5,0,0
1,0.25,7.5,12,0,0
1,0.25,8,12,0,0
1,0.25,1.5,12,0,0
1,0.25,2,12,0,0
1,0.25,7.5,12.5,0,0
1,0.25,8,12.5,0,0
1,0.25,1.5,12.5,0,0
1,0.25,2,12.5,0,0
1,0.25,7.5,13,0,0
1,0.25,8,13,0,0
1,0.25,1.5,13,0,0
1,0.25,2,13,0,0
1,0.25,7.5,13.5,0,0
1,0.25,8,13.5,0,0
1,0.25,1.5,13.5,0,0
1,0.25,2,13.5,0,0
1,0.25,7.5,14,0,0
1,0.25,8,14,0,0
1,0.25,1.5,14,0,0
1,0.25,2,14,0,0
1,0.25,7.5,14.5,0,0
1,0.25,8,14.5,0,0
1,0.25,1.5,14.5,0,0
1,0.25,2,14.5,0,0
1,0.25,7.5,15,0,0
1,0.25,8,15,0,0
1,0.25,1.5,15,0,0
1,0.25,2,15,0,0
1,0.25,7.5,15.5,0,0
1,0.25,8,15.5,0,0
1,0.25,1.5,15.5,0,0
1,0.25,2,15.5,0,0
1,0.25,7.5,16,0,0
1,0.25,8,16,0,0
1,0.25,1.5,16,0,0
1,0.25,2,16,0,0
1,0.25,7.5,16.5,0,0
1,0.25,8,16.5,0,0
1,0.25,1.5,16.5,0,0
1,0.25,2,16.5,0,0
1,0.25,7.5,17,0,0
1,0.25,8,17,0,0
1,0.25,1.5,17,0,0
1,0.25,2,17,0,0
1,0.25,7.5,17.5,0,0
1,0.25,8,17.5,0,0
1,0.25,1.5,17.5,0,0
1,0.25,2,17.5,0,0
1,0.25,7.5,18,0,0
1,0.25,8,18,0,0
1,0.25,1.5,18,0,0
1,0.25,2,18,0,0
1,0.25,7.5,18.5,0,0
1,0.25,8,18.5,0,0
1,0.25,1.5,18.5,0,0
1,0.25,2,18.5,0,0
1,0.25,7.5,19,0,0
1,0.25,8,19,0,0
1,0.25,1.5,19,0,0
1,0.25,2,19,0,0
1,0.25,7.5,19.5,0,0
1,0.25,8,19.5,0,0
1,0.25,1.5,19.5,0,0
1,0.25,2,19.5,0,0
1,0.25,7.5,20,0,0
1,0.25,8,20,0,0
1,0.25,1.5,20,0,0
1,0.25,2,20,0,0
1,0.25,7.5,20.5,0,0
1,0.25,8,20.5,0,0
1,0.25,1.5,20.5,0,0
1,0.25,2,20.5,0,0
1,0.25,7.5,21,0,0
1,0.25,8,21,0,0
1,0.25,1.5,21,0,0
1,0.25,2,21,0,0
1,0.25,7.5,21.5,0,0
1,0.25,8,21.5,0,0
1,0.25,1.5,21.5,0,0
1,0.25,2,21.5,0,0
1,0.25,7.5,22,0,0
1,0.25,8,22,0,0
1,0.25,1.5,22,0,0
1,0.25,2,22,0,0
1,0.25,7.5,22.5,0,0
1,0.25,8,22.5,0,0
1,0.25,1.5,22.5,0,0
1,0.25,2,22.5,0,0
1,0.25,7.5,23,0,0
1,0.25,8,23,0,0
1,0.25,1.5,23,0,0
1,0.25,2,23,0,0
1,0.25,7.5,23.5,0,0
1,0.25,8,23.5,0,0
1,0.25,1.5,23.5,0,0
1,0.25,2,23.5,0,0
1,0.25,7.5,24,0,0
1,0.25,8,24,0,0
1,0.25,1.5,24,0,0
1,0.25,2,24,0,0
1,0.25,7.5,24.5,0,0
1,0.25,8,24.5,0,0
1,0.25,1.5,24.5,0,0
1,0.25,2,24.5,0,0
1,0.25,7.5,25,0,0
1,0.25,8,25,0,0
1,0.25,1.5,25,0,0
1,0.25,2,25,0,0
1,0.25,7.5,25.5,0,0
1,0.25,8,25.5,0,0
1,0.25,1.5,25.5,0,0
1,0.25,2,25.5,0,0
1,0.25,2.5,1.5,0,0
1,0.25,2.5,2,0,0
1,0.25,2.5,25,0,0
1,0.25,2.5,25.5,0,0
1,0.25,3,1.5,0,0
1,0.25,3,2,0,0
1,0.25,3,25,0,0
1,0.25,3,25.5,0,0
1,0.25,3.5,1.5,0,0
1,0.25,3.5,2,0,0
1,0.25,3.5,25,0,0
1,0.25,3.5,25.5,0,0
1,0.25,4,1.5,0,0
1,0.25,4,2,0,0
1,0.25,4,25,0,0
1,0.25,4,25.5,0,0
1,0.25,4.5,1.5,0,0
1,0.25,4.5,2,0,0
1,0.25,4.5,25,0,0
1,0.25,4.5,25.5,0,0
1,0.25,5,1.5,0,0
1,0.25,5,2,0,0
1,0.25,5,25,0,0
1,0.25,5,25.5,0,0
1,0.25,5.5,1.5,0,0
1,0.25,5.5,2,0,0
1,0.25,5.5,25,0,0
1,0.25,5.5,25.5,0,0
1,0.25,6,1.5,0,0
1,0.25,6,2,0,0
1,0.25,6,25,0,0
1,0.25,6,25.5,0,0
1,0.25,6.5,1.5,0,0
1,0.25,6.5,2,0,0
1,0.25,6.5,25,0,0
1,0.25,6.5,25.5,0,0
1,0.25,7,1.5,0,0
1,0.25,7,2,0,0
1,0.25,7,25,0,0
1,0.25,7,25.5,0,0
