536 2 0.5 3500 0.2 2 0 2e-06 0 9.81 10 35
0,0.25,2.5,9.79533,-1.94172e-06,2.25047
0,0.25,2.5,10.2975,-3.99596e-06,2.27951
0,0.25,2.5,10.7976,-3.28499e-06,2.28049
0,0.25,2.5,11.2976,-3.75501e-06,2.28053
0,0.25,2.5,11.7976,-4.04734e-06,2.28053
0,0.25,2.5,12.2976,-4.50421e-06,2.28053
0,0.25,2.5,12.7976,-4.7146e-06,2.28053
0,0.25,2.5,13.2976,-4.87854e-06,2.28053
0,0.25,2.5,13.7976,-4.92966e-06,2.28053
0,0.25,2.5,14.2976,-4.95316e-06,2.28053
0,0.25,2.5,14.7976,-4.95994e-06,2.28053
0,0.25,2.5,15.2976,-4.96195e-06,2.28053
0,0.25,2.5,15.7976,-4.96437e-06,2.28053
0,0.25,2.5,16.2976,-4.97877e-06,2.28053
0,0.25,2.5,16.7976,-5.03049e-06,2.28053
0,0.25,2.5,17.2976,-5.22844e-06,2.28053
0,0.25,2.5,17.7976,-5.65695e-06,2.28053
0,0.25,2.5,18.2976,-6.07914e-06,2.28053
0,0.25,2.5,18.7976,-7.27785e-06,2.28053
0,0.25,2.5,19.2976,-3.74052e-05,2.2805
0,0.25,2.5,19.7976,-0.000139779,2.28052
0,0.25,2.5,20.2976,-0.000150386,2.28046
0,0.25,2.49999,20.7976,-0.000476276,2.28051
0,0.25,2.49999,21.2976,-0.000410303,2.28037
0,0.25,2.49996,21.7976,-0.00121725,2.28048
0,0.25,2.49996,22.2976,-0.00103705,2.28011
0,0.25,2.49989,22.7976,-0.00309013,2.28037
0,0.25,2.49989,23.2975,-0.00281184,2.2766
0,0.25,2.49968,23.7975,-0.00498048,2.27909
0,0.25,2.49991,24.295,-0.00224889,2.24376
0,0.25,3,9.81186,-2.44707e-05,2.47168
0,0.25,2.99999,10.3117,-9.99349e-05,2.46972
0,0.25,3,10.8118,-3.02414e-05,2.47021
0,0.25,3,11.3118,-2.11889e-05,2.47021
0,0.25,3,11.8118,-8.4474e-06,2.47021
0,0.25,3,12.3118,-4.95928e-06,2.47021
0,0.25,3,12.8118,-5.20241e-06,2.47021
0,0.25,3,13.3118,-5.43109e-06,2.47021
0,0.25,3,13.8118,-5.51523e-06,2.47021
0,0.25,3,14.3118,-5.55979e-06,2.47021
0,0.25,3,14.8118,-5.57449e-06,2.47021
0,0.25,3,15.3118,-5.5796e-06,2.47021
0,0.25,3,15.8118,-5.58148e-06,2.47021
0,0.25,3,16.3118,-8.4591e-06,2.47021
0,0.25,3,16.8118,-1.74785e-05,2.47021
0,0.25,3,17.3118,-2.30037e-05,2.4702
0,0.25,3,17.8118,-6.52306e-05,2.47021
0,0.25,3,18.3118,-5.67972e-05,2.47019
0,0.25,3,18.8118,-0.000155399,2.47021
0,0.25,3,19.3118,-0.000125293,2.47004
0,0.25,2.99999,19.8118,-0.000343951,2.4702
0,0.25,2.99999,20.3118,-0.000265441,2.46979
0,0.25,2.99998,20.8118,-0.000724398,2.47018
0,0.25,2.99998,21.3117,-0.000542567,2.46931
0,0.25,2.99995,21.8118,-0.00146766,2.47014
0,0.25,2.99997,22.3117,-0.00109674,2.46801
0,0.25,2.99991,22.8118,-0.00297772,2.47001
0,0.25,2.99994,23.3115,-0.00143139,2.46338
0,0.25,2.99986,23.8117,-0.00281408,2.46937
0,0.25,2.99997,24.3116,-0.00077281,2.46252
0,0.25,3.5,9.81198,-6.09018e-07,2.47394
0,0.25,3.5,10.312,-1.80128e-06,2.47403
0,0.25,3.5,10.812,-3.93192e-06,2.4741
0,0.25,3.5,11.312,-1.22439e-05,2.47403
0,0.25,3.5,11.812,-5.03102e-06,2.47405
0,0.25,3.5,12.312,-3.59963e-06,2.47403
0,0.25,3.5,12.812,-3.98918e-06,2.47403
0,0.25,3.5,13.312,-4.4957e-06,2.47403
0,0.25,3.5,13.812,-4.66164e-06,2.47403
0,0.25,3.5,14.312,-4.79746e-06,2.47403
0,0.25,3.5,14.812,-4.83775e-06,2.47403
0,0.25,3.5,15.312,-4.85776e-06,2.47403
0,0.25,3.5,15.812,-4.86392e-06,2.47403
0,0.25,3.5,16.312,-5.84555e-06,2.47402
0,0.25,3.5,16.812,-8.93816e-06,2.47403
0,0.25,3.5,17.312,-2.28109e-05,2.47397
0,0.25,3.5,17.812,-7.43204e-05,2.47403
0,0.25,3.5,18.312,-6.18846e-05,2.47392
0,0.25,3.5,18.812,-0.000168192,2.47402
0,0.25,3.5,19.312,-0.000115788,2.47375
0,0.25,3.49999,19.812,-0.000292272,2.47401
0,0.25,3.49999,20.312,-0.00019584,2.47345
0,0.25,3.49999,20.812,-0.000489286,2.47399
0,0.25,3.49999,21.3119,-0.000331113,2.47287
0,0.25,3.49998,21.812,-0.000834099,2.47394
0,0.25,3.49999,22.3119,-0.000502389,2.47161
0,0.25,3.49997,22.812,-0.00114228,2.4738
0,0.25,3.5,23.3118,-0.000303185,2.46922
0,0.25,3.50006,23.812,0.00010693,2.47367
0,0.25,3.50001,24.3116,1.26179e-06,2.46361
0,0.25,4,9.81198,1.80193e-05,2.47405
0,0.25,4,10.312,7.23752e-05,2.47407
0,0.25,4,10.812,1.05385e-05,2.47409
0,0.25,4,11.312,1.24665e-06,2.47408
0,0.25,4,11.812,-8.71147e-07,2.4741
0,0.25,4,12.312,-2.87374e-06,2.47408
0,0.25,4,12.812,-3.27352e-06,2.47408
0,0.25,4,13.312,-3.7711e-06,2.47408
0,0.25,4,13.812,-3.92937e-06,2.47408
0,0.25,4,14.312,-4.06709e-06,2.47408
0,0.25,4,14.812,-4.10789e-06,2.47408
0,0.25,4,15.312,-4.12918e-06,2.47408
0,0.25,4,15.812,-4.13568e-06,2.47408
0,0.25,4,16.312,-3.00162e-06,2.47407
0,0.25,4,16.812,5.10263e-07,2.47408
0,0.25,4,17.312,-1.13102e-05,2.47398
0,0.25,4,17.812,-3.79181e-05,2.47408
0,0.25,4,18.312,-2.61663e-05,2.47394
0,0.25,4,18.812,-5.8884e-05,2.47407
0,0.25,4,19.312,-5.55673e-05,2.47372
0,0.25,4,19.812,-0.000155622,2.47406
0,0.25,4,20.312,-0.000119932,2.47335
0,0.25,3.99999,20.812,-0.000320025,2.47403
0,0.25,3.99999,21.3119,-0.000240092,2.4726
0,0.25,3.99998,21.812,-0.00064438,2.47397
0,0.25,3.99999,22.3119,-0.000438582,2.47114
0,0.25,3.99997,22.812,-0.0011081,2.47386
0,0.25,3.99998,23.3118,-0.000707732,2.46844
0,0.25,3.99992,23.812,-0.00193379,2.47373
0,0.25,3.99998,24.3117,-0.000461383,2.46567
0,0.25,4.5,9.81198,-4.19181e-06,2.47405
0,0.25,4.5,10.312,-2.1819e-05,2.47407
0,0.25,4.5,10.812,-1.27581e-05,2.47409
0,0.25,4.5,11.312,-4.36522e-06,2.47409
0,0.25,4.5,11.812,-7.95245e-07,2.4741
0,0.25,4.5,12.312,-3.5888e-07,2.47408
0,0.25,4.5,12.812,-4.40909e-07,2.47408
0,0.25,4.5,13.312,-5.17526e-07,2.47408
0,0.25,4.5,13.812,-5.51302e-07,2.47408
0,0.25,4.5,14.312,-5.77439e-07,2.47408
0,0.25,4.5,14.812,-5.8695e-07,2.47408
0,0.25,4.5,15.312,-5.91638e-07,2.47408
0,0.25,4.5,15.812,-5.91358e-07,2.47408
0,0.25,4.5,16.312,-1.34172e-06,2.47407
0,0.25,4.5,16.812,-3.70099e-06,2.47408
0,0.25,4.5,17.312,-6.98186e-06,2.47396
0,0.25,4.5,17.812,-2.38766e-05,2.47408
0,0.25,4.5,18.312,-1.57179e-05,2.47393
0,0.25,4.5,18.812,-3.96106e-05,2.47407
0,0.25,4.5,19.312,-2.70357e-05,2.47368
0,0.25,4.5,19.812,-7.00042e-05,2.47406
0,0.25,4.5,20.312,-3.91902e-05,2.4733
0,0.25,4.5,20.812,-8.78177e-05,2.47403
0,0.25,4.5,21.3119,-4.52079e-05,2.47253
0,0.25,4.5,21.812,-8.64356e-05,2.47397
0,0.25,4.5,22.3119,-9.07137e-06,2.47116
0,0.25,4.50001,22.812,7.36135e-05,2.47388
0,0.25,4.50002,23.3118,0.000246525,2.46891
0,0.25,4.50005,23.812,0.000935594,2.47372
0,0.25,4.50001,24.3117,0.000213266,2.46537
0,0.25,5,9.81198,4.19181e-06,2.47405
0,0.25,5,10.312,2.1819e-05,2.47407
0,0.25,5,10.812,1.27581e-05,2.47409
0,0.25,5,11.312,4.36519e-06,2.47409
0,0.25,5,11.812,7.95238e-07,2.4741
0,0.25,5,12.312,3.58884e-07,2.47408
0,0.25,5,12.812,4.40915e-07,2.47408
0,0.25,5,13.312,5.17532e-07,2.47408
0,0.25,5,13.812,5.51307e-07,2.47408
0,0.25,5,14.312,5.77444e-07,2.47408
0,0.25,5,14.812,5.86955e-07,2.47408
0,0.25,5,15.312,5.91642e-07,2.47408
0,0.25,5,15.812,5.91363e-07,2.47408
0,0.25,5,16.312,1.34171e-06,2.47407
0,0.25,5,16.812,3.70094e-06,2.47408
0,0.25,5,17.312,6.98185e-06,2.47396
0,0.25,5,17.812,2.38767e-05,2.47408
0,0.25,5,18.312,1.57179e-05,2.47393
0,0.25,5,18.812,3.96106e-05,2.47407
0,0.25,5,19.312,2.70357e-05,2.47368
0,0.25,5,19.812,7.00042e-05,2.47406
0,0.25,5,20.312,3.91902e-05,2.4733
0,0.25,5,20.812,8.78177e-05,2.47403
0,0.25,5,21.3119,4.52079e-05,2.47253
0,0.25,5,21.812,8.64356e-05,2.47397
0,0.25,5,22.3119,9.07138e-06,2.47116
0,0.25,4.99999,22.812,-7.36135e-05,2.47388
0,0.25,4.99998,23.3118,-0.000246525,2.46891
0,0.25,4.99995,23.812,-0.000935593,2.47372
0,0.25,4.99999,24.3117,-0.000213266,2.46537
0,0.25,5.5,9.81198,-1.80193e-05,2.47405
0,0.25,5.5,10.312,-7.23752e-05,2.47407
0,0.25,5.5,10.812,-1.05385e-05,2.47409
0,0.25,5.5,11.312,-1.24664e-06,2.47408
0,0.25,5.5,11.812,8.7115e-07,2.4741
0,0.25,5.5,12.312,2.87374e-06,2.47408
0,0.25,5.5,12.812,3.27352e-06,2.47408
0,0.25,5.5,13.312,3.7711e-06,2.47408
0,0.25,5.5,13.812,3.92937e-06,2.47408
0,0.25,5.5,14.312,4.06709e-06,2.47408
0,0.25,5.5,14.812,4.10789e-06,2.47408
0,0.25,5.5,15.312,4.12918e-06,2.47408
0,0.25,5.5,15.812,4.13568e-06,2.47408
0,0.25,5.5,16.312,3.00163e-06,2.47407
0,0.25,5.5,16.812,-5.10243e-07,2.47408
0,0.25,5.5,17.312,1.13102e-05,2.47398
0,0.25,5.5,17.812,3.79181e-05,2.47408
0,0.25,5.5,18.312,2.61663e-05,2.47394
0,0.25,5.5,18.812,5.8884e-05,2.47407
0,0.25,5.5,19.312,5.55673e-05,2.47372
0,0.25,5.5,19.812,0.000155622,2.47406
0,0.25,5.5,20.312,0.000119932,2.47335
0,0.25,5.50001,20.812,0.000320025,2.47403
0,0.25,5.50001,21.3119,0.000240092,2.4726
0,0.25,5.50002,21.812,0.00064438,2.47397
0,0.25,5.50001,22.3119,0.000438582,2.47114
0,0.25,5.50003,22.812,0.0011081,2.47386
0,0.25,5.50002,23.3118,0.000707732,2.46844
0,0.25,5.50008,23.812,0.00193379,2.47373
0,0.25,5.50002,24.3117,0.000461383,2.46567
0,0.25,6,9.81198,6.09019e-07,2.47394
0,0.25,6,10.312,1.80128e-06,2.47403
0,0.25,6,10.812,3.93192e-06,2.4741
0,0.25,6,11.312,1.22439e-05,2.47403
0,0.25,6,11.812,5.03103e-06,2.47405
0,0.25,6,12.312,3.59963e-06,2.47403
0,0.25,6,12.812,3.98917e-06,2.47403
0,0.25,6,13.312,4.4957e-06,2.47403
0,0.25,6,13.812,4.66164e-06,2.47403
0,0.25,6,14.312,4.79746e-06,2.47403
0,0.25,6,14.812,4.83775e-06,2.47403
0,0.25,6,15.312,4.85775e-06,2.47403
0,0.25,6,15.812,4.86392e-06,2.47403
0,0.25,6,16.312,5.84555e-06,2.47402
0,0.25,6,16.812,8.93819e-06,2.47403
0,0.25,6,17.312,2.28109e-05,2.47397
0,0.25,6,17.812,7.43204e-05,2.47403
0,0.25,6,18.312,6.18846e-05,2.47392
0,0.25,6,18.812,0.000168192,2.47402
0,0.25,6,19.312,0.000115788,2.47375
0,0.25,6.00001,19.812,0.000292272,2.47401
0,0.25,6.00001,20.312,0.00019584,2.47345
0,0.25,6.00001,20.812,0.000489286,2.47399
0,0.25,6.00001,21.3119,0.000331113,2.47287
0,0.25,6.00002,21.812,0.000834099,2.47394
0,0.25,6.00001,22.3119,0.000502389,2.47161
0,0.25,6.00003,22.812,0.00114228,2.4738
0,0.25,6,23.3118,0.000303185,2.46922
0,0.25,5.99994,23.812,-0.00010693,2.47367
0,0.25,5.99999,24.3116,-1.26179e-06,2.46361
0,0.25,6.5,9.81186,2.44707e-05,2.47168
0,0.25,6.50001,10.3117,9.99349e-05,2.46972
0,0.25,6.5,10.8118,3.02414e-05,2.47021
0,0.25,6.5,11.3118,2.11889e-05,2.47021
0,0.25,6.5,11.8118,8.4474e-06,2.47021
0,0.25,6.5,12.3118,4.95927e-06,2.47021
0,0.25,6.5,12.8118,5.20241e-06,2.47021
0,0.25,6.5,13.3118,5.43109e-06,2.47021
0,0.25,6.5,13.8118,5.51523e-06,2.47021
0,0.25,6.5,14.3118,5.55979e-06,2.47021
0,0.25,6.5,14.8118,5.57449e-06,2.47021
0,0.25,6.5,15.3118,5.5796e-06,2.47021
0,0.25,6.5,15.8118,5.58148e-06,2.47021
0,0.25,6.5,16.3118,8.4591e-06,2.47021
0,0.25,6.5,16.8118,1.74785e-05,2.47021
0,0.25,6.5,17.3118,2.30037e-05,2.4702
0,0.25,6.5,17.8118,6.52306e-05,2.47021
0,0.25,6.5,18.3118,5.67972e-05,2.47019
0,0.25,6.5,18.8118,0.000155399,2.47021
0,0.25,6.5,19.3118,0.000125293,2.47004
0,0.25,6.50001,19.8118,0.000343951,2.4702
0,0.25,6.50001,20.3118,0.000265441,2.46979
0,0.25,6.50002,20.8118,0.000724398,2.47018
0,0.25,6.50002,21.3117,0.000542567,2.46931
0,0.25,6.50005,21.8118,0.00146766,2.47014
0,0.25,6.50003,22.3117,0.00109674,2.46801
0,0.25,6.50009,22.8118,0.00297772,2.47001
0,0.25,6.50006,23.3115,0.00143139,2.46338
0,0.25,6.50014,23.8117,0.00281408,2.46937
0,0.25,6.50003,24.3116,0.00077281,2.46252
0,0.25,7,9.79533,1.94172e-06,2.25047
0,0.25,7,10.2975,3.99596e-06,2.27951
0,0.25,7,10.7976,3.28499e-06,2.28049
0,0.25,7,11.2976,3.75501e-06,2.28053
0,0.25,7,11.7976,4.04735e-06,2.28053
0,0.25,7,12.2976,4.50421e-06,2.28053
0,0.25,7,12.7976,4.7146e-06,2.28053
0,0.25,7,13.2976,4.87854e-06,2.28053
0,0.25,7,13.7976,4.92966e-06,2.28053
0,0.25,7,14.2976,4.95316e-06,2.28053
0,0.25,7,14.7976,4.95994e-06,2.28053
0,0.25,7,15.2976,4.96195e-06,2.28053
0,0.25,7,15.7976,4.96437e-06,2.28053
0,0.25,7,16.2976,4.97877e-06,2.28053
0,0.25,7,16.7976,5.0305e-06,2.28053
0,0.25,7,17.2976,5.22844e-06,2.28053
0,0.25,7,17.7976,5.65695e-06,2.28053
0,0.25,7,18.2976,6.07914e-06,2.28053
0,0.25,7,18.7976,7.27785e-06,2.28053
0,0.25,7,19.2976,3.74052e-05,2.2805
0,0.25,7,19.7976,0.000139779,2.28052
0,0.25,7,20.2976,0.000150386,2.28046
0,0.25,7.00001,20.7976,0.000476276,2.28051
0,0.25,7.00001,21.2976,0.000410303,2.28037
0,0.25,7.00004,21.7976,0.00121725,2.28048
0,0.25,7.00004,22.2976,0.00103705,2.28011
0,0.25,7.00011,22.7976,0.00309013,2.28037
0,0.25,7.00011,23.2975,0.00281184,2.2766
0,0.25,7.00032,23.7975,0.00498048,2.27909
0,0.25,7.00009,24.295,0.00224889,2.24376
1,0.25,7.5,1.5,0,0
1,0.25,8,1.5,0,0
1,0.25,1.5,1.5,0,0
1,0.25,2,1.5,0,0
1,0.25,7.5,2,0,0
1,0.25,8,2,0,0
1,0.25,1.5,2,0,0
1,0.25,2,2,0,0
1,0.25,7.5,2.5,0,0
1,0.25,8,2.5,0,0
1,0.25,1.5,2.5,0,0
1,0.25,2,2.5,0,0
1,0.25,7.5,3,0,0
1,0.25,8,3,0,0
1,0.25,1.5,3,0,0
1,0.25,2,3,0,0
1,0.25,7.5,3.5,0,0
1,0.25,8,3.5,0,0
1,0.25,1.5,3.5,0,0
1,0.25,2,3.5,0,0
1,0.25,7.5,4,0,0
1,0.25,8,4,0,0
1,0.25,1.5,4,0,0
1,0.25,2,4,0,0
1,0.25,7.5,4.5,0,0
1,0.25,8,4.5,0,0
1,0.25,1.5,4.5,0,0
1,0.25,2,4.5,0,0
1,0.25,7.5,5,0,0
1,0.25,8,5,0,0
1,0.25,1.5,5,0,0
1,0.25,2,5,0,0
1,0.25,7.5,5.5,0,0
1,0.25,8,5.5,0,0
1,0.25,1.5,5.5,0,0
1,0.25,2,5.5,0,0
1,0.25,7.5,6,0,0
1,0.25,8,6,0,0
1,0.25,1.5,6,0,0
1,0.25,2,6,0,0
1,0.25,7.5,6.5,0,0
1,0.25,8,6.5,0,0
1,0.25,1.5,6.5,0,0
1,0.25,2,6.5,0,0
1,0.25,7.5,7,0,0
1,0.25,8,7,0,0
1,0.25,1.5,7,0,0
1,0.25,2,7,0,0
1,0.25,7.5,7.5,0,0
1,0.25,8,7.5,0,0
1,0.25,1.5,7.5,0,0
1,0.25,2,7.5,0,0
1,0.25,7.5,8,0,0
1,0.25,8,8,0,0
1,0.25,1.5,8,0,0
1,0.25,2,8,0,0
1,0.25,7.5,8.5,0,0
1,0.25,8,8.5,0,0
1,0.25,1.5,8.5,0,0
1,0.25,2,8.5,0,0
1,0.25,7.5,9,0,0
1,0.25,8,9,0,0
1,0.25,1.5,9,0,0
1,0.25,2,9,0,0
1,0.25,7.5,9.5,0,0
1,0.25,8,9.5,0,0
1,0.25,1.5,9.5,0,0
1,0.25,2,9.5,0,0
1,0.25,7.5,10,0,0
1,0.25,8,10,0,0
1,0.25,1.5,10,0,0
1,0.25,2,10,0,0
1,0.25,7.5,10.5,0,0
1,0.25,8,10.5,0,0
1,0.25,1.5,10.5,0,0
1,0.25,2,10.5,0,0
1,0.25,7.5,11,0,0
1,0.25,8,11,0,0
1,0.25,1.5,11,0,0
1,0.25,2,11,0,0
1,0.25,7.5,11.5,0,0
1,0.25,8,11.5,0,0
1,0.25,1.5,11.5,0,0
1,0.25,2,11.5,0,0
1,0.25,7.5,12,0,0
1,0.25,8,12,0,0
1,0.25,1.5,12,0,0
1,0.25,2,12,0,0
1,0.25,7.5,12.5,0,0
1,0.25,8,12.5,0,0
1,0.25,1.5,12.5,0,0
1,0.25,2,12.5,0,0
1,0.25,7.5,13,0,0
1,0.25,8,13,0,0
1,0.25,1.5,13,0,0
1,0.25,2,13,0,0
1,0.25,7.5,13.5,0,0
1,0.25,8,13.5,0,0
1,0.25,1.5,13.5,0,0
1,0.25,2,13.5,0,0
1,0.25,7.5,14,0,0
1,0.25,8,14,0,0
1,0.25,1.5,14,0,0
1,0.25,2,14,0,0
1,0.25,7.5,14.5,0,0
1,0.25,8,14.5,0,0
1,0.25,1.5,14.5,0,0
1,0.25,2,14.5,0,0
1,0.25,7.5,15,0,0
1,0.25,8,15,0,0
1,0.25,1.5,15,0,0
1,0.25,2,15,0,0
1,0.25,7.5,15.5,0,0
1,0.25,8,15.5,0,0
1,0.25,1.5,15.5,0,0
1,0.25,2,15.5,0,0
1,0.25,7.5,16,0,0
1,0.25,8,16,0,0
1,0.25,1.5,16,0,0
1,0.25,2,16,0,0
1,0.25,7.5,16.5,0,0
1,0.25,8,16.5,0,0
1,0.25,1.5,16.5,0,0
1,0.25,2,16.5,0,0
1,0.25,7.5,17,0,0
1,0.25,8,17,0,0
1,0.25,1.5,17,0,0
1,0.25,2,17,0,0
1,0.25,7.5,17.5,0,0
1,0.25,8,17.5,0,0
1,0.25,1.5,17.5,0,0
1,0.25,2,17.5,0,0
1,0.25,7.5,18,0,0
1,0.25,8,18,0,0
1,0.25,1.5,18,0,0
1,0.25,2,18,0,0
1,0.25,7.5,18.5,0,0
1,0.25,8,18.5,0,0
1,0.25,1.5,18.5,0,0
1,0.25,2,18.5,0,0
1,0.25,7.5,19,0,0
1,0.25,8,19,0,0
1,0.25,1.5,19,0,0
1,0.25,2,19,0,0
1,0.25,7.5,19.5,0,0
1,0.25,8,19.5,0,0
1,0.25,1.5,19.5,0,0
1,0.25,2,19.5,0,0
1,0.25,7.5,20,0,0
1,0.25,8,20,0,0
1,0.25,1.5,20,0,0
1,0.25,2,20,0,0
1,0.25,7.5,20.5,0,0
1,0.25,8,20.5,0,0
1,0.25,1.5,20.5,0,0
1,0.25,2,20.5,0,0
1,0.25,7.5,21,0,0
1,0.25,8,21,0,0
1,0.25,1.5,21,0,0
1,0.25,2,21,0,0
1,0.25,7.5,21.5,0,0
1,0.25,8,21.5,0,0
1,0.25,1.5,21.5,0,0
1,0.25,2,21.5,0,0
1,0.25,7.5,22,0,0
1,0.25,8,22,0,0
1,0.25,1.5,22,0,0
1,0.25,2,22,0,0
1,0.25,7.5,22.5,0,0
1,0.25,8,22.5,0,0
1,0.25,1.5,22.5,0,0
1,0.25,2,22.5,0,0
1,0.25,7.5,23,0,0
1,0.25,8,23,0,0
1,0.25,1.5,23,0,0
1,0.25,2,23,0,0
1,0.25,7.5,23.5,0,0
1,0.25,8,23.5,0,0
1,0.25,1.5,23.5,0,0
1,0.25,2,23.5,0,0
1,0.25,7.5,24,0,0
1,0.25,8,24,0,0
1,0.25,1.5,24,0,0
1,0.25,2,24,0,0
1,0.25,7.5,24.5,0,0
1,0.25,8,24.5,0,0
1,0.25,1.5,24.5,0,0
1,0.25,2,24.5,0,0
1,0.25,7.5,25,0,0
1,0.25,8,25,0,0
1,0.25,1.5,25,0,0
1,0.25,2,25,0,0
1,0.25,7.5,25.5,0,0
1,0.25,8,25.5,0,0
1,0.25,1.5,25.5,0,0
1,0.25,2,25.5,0,0
1,0.25,2.5,1.5,0,0
1,0.25,2.5,2,0,0
1,0.25,2.5,25,0,0
1,0.25,2.5,25.5,0,0
1,0.25,3,1.5,0,0
1,0.25,3,2,0,0
1,0.25,3,25,0,0
1,0.25,3,25.5,0,0
1,0.25,3.5,1.5,0,0
1,0.25,3.5,2,0,0
1,0.25,3.5,25,0,0
1,0.25,3.5,25.5,0,0
1,0.25,4,1.5,0,0
1,0.25,4,2,0,0
1,0.25,4,25,0,0
1,0.25,4,25.5,0,0
1,0.25,4.5,1.5,0,0
1,0.25,4.5,2,0,0
1,0.25,4.5,25,0,0
1,0.25,4.5,25.5,0,0
1,0.25,5,1.5,0,0
1,0.25,5,2,0,0
1,0.25,5,25,0,0
1,0.25,5,25.5,0,0
1,0.25,5.5,1.5,0,0
1,0.25,5.5,2,0,0
1,0.25,5.5,25,0,0
1,0.25,5.5,25.5,0,0
1,0.25,6,1.5,0,0
1,0.25,6,2,0,0
1,0.25,6,25,0,0
1,0.25,6,25.5,0,0
1,0.25,6.5,1.5,0,0
1,0.25,6.5,2,0,0
1,0.25,6.5,25,0,0
1,0.25,6.5,25.5,0,0
1,0.25,7,1.5,0,0
1,0.25,7,2,0,0
1,0.25,7,25,0,0
1,0.25,7,25.5,0,0
