536 2 0.5 1200 0.2 2 0 2e-05 0 9.81 35 35
0,0.25,2.5,9.60777,-3.2563e-07,1.40717
0,0.25,2.5,10.1081,-7.65333e-07,1.41569
0,0.25,2.5,10.6081,-1.48832e-06,1.41585
0,0.25,2.5,11.1081,-2.27627e-06,1.41585
0,0.25,2.5,11.6081,-2.70038e-06,1.41585
0,0.25,2.5,12.1081,-2.97971e-06,1.41585
0,0.25,2.5,12.6081,-3.08274e-06,1.41585
0,0.25,2.5,13.1081,-3.13618e-06,1.41585
0,0.25,2.5,13.6081,-3.15203e-06,1.41585
0,0.25,2.5,14.1081,-3.15747e-06,1.41585
0,0.25,2.5,14.6081,-3.15887e-06,1.41585
0,0.25,2.5,15.1081,-3.15918e-06,1.41585
0,0.25,2.5,15.6081,-3.15926e-06,1.41585
0,0.25,2.5,16.1081,-3.15927e-06,1.41585
0,0.25,2.5,16.6081,-3.15928e-06,1.41585
0,0.25,2.5,17.1081,-3.15928e-06,1.41585
0,0.25,2.5,17.6081,-3.15927e-06,1.41585
0,0.25,2.5,18.1081,-3.15927e-06,1.41585
0,0.25,2.5,18.6081,-3.15921e-06,1.41585
0,0.25,2.5,19.1081,-3.15906e-06,1.41585
0,0.25,2.5,19.6081,-3.15926e-06,1.41585
0,0.25,2.5,20.1081,-3.35756e-06,1.41585
0,0.25,2.5,20.6081,-3.98324e-06,1.41585
0,0.25,2.5,21.1081,-7.74552e-06,1.41585
0,0.25,2.5,21.6081,-2.138e-05,1.41585
0,0.25,2.5,22.1081,-3.1997e-05,1.41583
0,0.25,2.5,22.6081,-0.000104645,1.41585
0,0.25,2.49999,23.1081,-0.000156634,1.41574
0,0.25,2.49998,23.6081,-0.000533421,1.4157
0,0.25,2.5,24.1078,-0.000131781,1.40683
0,0.25,3,9.61037,-3.36684e-06,1.47119
0,0.25,3,10.1104,-1.38919e-05,1.47083
0,0.25,3,10.6104,-4.67885e-06,1.47092
0,0.25,3,11.1104,-2.43538e-06,1.47092
0,0.25,3,11.6104,-2.77964e-06,1.47092
0,0.25,3,12.1104,-3.1037e-06,1.47092
0,0.25,3,12.6104,-3.22173e-06,1.47092
0,0.25,3,13.1104,-3.29571e-06,1.47092
0,0.25,3,13.6104,-3.3193e-06,1.47092
0,0.25,3,14.1104,-3.32852e-06,1.47092
0,0.25,3,14.6104,-3.33122e-06,1.47092
0,0.25,3,15.1104,-3.33193e-06,1.47092
0,0.25,3,15.6104,-3.33213e-06,1.47092
0,0.25,3,16.1104,-3.33217e-06,1.47092
0,0.25,3,16.6104,-3.33218e-06,1.47092
0,0.25,3,17.1104,-3.33218e-06,1.47092
0,0.25,3,17.6104,-3.33217e-06,1.47092
0,0.25,3,18.1104,-3.33214e-06,1.47092
0,0.25,3,18.6104,-3.332e-06,1.47092
0,0.25,3,19.1104,-3.33158e-06,1.47092
0,0.25,3,19.6104,-3.32996e-06,1.47092
0,0.25,3,20.1104,-4.03866e-06,1.47092
0,0.25,3,20.6104,-6.26197e-06,1.47092
0,0.25,3,21.1104,-7.70963e-06,1.4709
0,0.25,3,21.6104,-1.85859e-05,1.47092
0,0.25,3,22.1104,-1.81685e-05,1.47083
0,0.25,3,22.6104,-4.96543e-05,1.47091
0,0.25,3,23.1103,-1.41487e-05,1.47049
0,0.25,3,23.6104,-3.24908e-07,1.47082
0,0.25,3,24.1104,-6.04382e-07,1.47114
0,0.25,3.5,9.61038,-2.79036e-07,1.47148
0,0.25,3.5,10.1104,-1.08797e-06,1.47149
0,0.25,3.5,10.6104,-8.38134e-07,1.47151
0,0.25,3.5,11.1104,-1.54217e-06,1.47149
0,0.25,3.5,11.6104,-1.75083e-06,1.47149
0,0.25,3.5,12.1104,-2.31518e-06,1.47149
0,0.25,3.5,12.6104,-2.50418e-06,1.47149
0,0.25,3.5,13.1104,-2.72525e-06,1.47149
0,0.25,3.5,13.6104,-2.79475e-06,1.4715
0,0.25,3.5,14.1104,-2.84084e-06,1.4715
0,0.25,3.5,14.6104,-2.85418e-06,1.4715
0,0.25,3.5,15.1104,-2.85935e-06,1.4715
0,0.25,3.5,15.6104,-2.86075e-06,1.4715
0,0.25,3.5,16.1104,-2.86111e-06,1.4715
0,0.25,3.5,16.6104,-2.8612e-06,1.4715
0,0.25,3.5,17.1104,-2.86121e-06,1.4715
0,0.25,3.5,17.6104,-2.86114e-06,1.4715
0,0.25,3.5,18.1104,-2.86089e-06,1.4715
0,0.25,3.5,18.6104,-2.85994e-06,1.4715
0,0.25,3.5,19.1104,-2.85643e-06,1.4715
0,0.25,3.5,19.6104,-2.84927e-06,1.4715
0,0.25,3.5,20.1104,-2.76847e-06,1.47149
0,0.25,3.5,20.6104,-2.60292e-06,1.47149
0,0.25,3.5,21.1104,-1.16105e-06,1.47148
0,0.25,3.5,21.6104,1.07589e-06,1.47149
0,0.25,3.5,22.1104,1.5677e-06,1.47143
0,0.25,3.5,22.6104,3.71536e-05,1.47149
0,0.25,3.5,23.1104,5.88383e-05,1.4714
0,0.25,3.50001,23.6104,0.000312985,1.4715
0,0.25,3.5,24.1104,7.78415e-05,1.47107
0,0.25,4,9.61038,2.85393e-06,1.47149
0,0.25,4,10.1104,1.17391e-05,1.4715
0,0.25,4,10.6104,2.304e-06,1.4715
0,0.25,4,11.1104,-1.29158e-06,1.4715
0,0.25,4,11.6104,-1.55223e-06,1.4715
0,0.25,4,12.1104,-2.08002e-06,1.4715
0,0.25,4,12.6104,-2.25847e-06,1.4715
0,0.25,4,13.1104,-2.47997e-06,1.4715
0,0.25,4,13.6104,-2.54808e-06,1.4715
0,0.25,4,14.1104,-2.59682e-06,1.4715
0,0.25,4,14.6104,-2.61082e-06,1.4715
0,0.25,4,15.1104,-2.61653e-06,1.4715
0,0.25,4,15.6104,-2.61807e-06,1.4715
0,0.25,4,16.1104,-2.61849e-06,1.4715
0,0.25,4,16.6104,-2.61859e-06,1.4715
0,0.25,4,17.1104,-2.61859e-06,1.4715
0,0.25,4,17.6104,-2.61852e-06,1.4715
0,0.25,4,18.1104,-2.61822e-06,1.4715
0,0.25,4,18.6104,-2.61716e-06,1.4715
0,0.25,4,19.1104,-2.61303e-06,1.4715
0,0.25,4,19.6104,-2.60436e-06,1.4715
0,0.25,4,20.1104,-1.90766e-06,1.4715
0,0.25,4,20.6104,1.6204e-07,1.4715
0,0.25,4,21.1104,-5.0047e-07,1.47148
0,0.25,4,21.6104,1.66589e-06,1.47149
0,0.25,4,22.1104,-4.90304e-06,1.47145
0,0.25,4,22.6104,2.11682e-06,1.47148
0,0.25,4,23.1104,-2.96553e-05,1.47133
0,0.25,4,23.6104,-0.000108941,1.47152
0,0.25,4,24.1104,-2.41407e-05,1.47113
0,0.25,4.5,9.61038,-3.37755e-08,1.4715
0,0.25,4.5,10.1104,-3.03629e-07,1.4715
0,0.25,4.5,10.6104,-1.2928e-07,1.4715
0,0.25,4.5,11.1104,-9.1609e-08,1.4715
0,0.25,4.5,11.6104,-1.05791e-07,1.4715
0,0.25,4.5,12.1104,-1.3467e-07,1.4715
0,0.25,4.5,12.6104,-1.47934e-07,1.4715
0,0.25,4.5,13.1104,-1.72639e-07,1.4715
0,0.25,4.5,13.6104,-1.80303e-07,1.4715
0,0.25,4.5,14.1104,-1.87139e-07,1.4715
0,0.25,4.5,14.6104,-1.89213e-07,1.4715
0,0.25,4.5,15.1104,-1.90172e-07,1.4715
0,0.25,4.5,15.6104,-1.90447e-07,1.4715
0,0.25,4.5,16.1104,-1.90528e-07,1.4715
0,0.25,4.5,16.6104,-1.90549e-07,1.4715
0,0.25,4.5,17.1104,-1.90549e-07,1.4715
0,0.25,4.5,17.6104,-1.90535e-07,1.4715
0,0.25,4.5,18.1104,-1.90465e-07,1.4715
0,0.25,4.5,18.6104,-1.90267e-07,1.4715
0,0.25,4.5,19.1104,-1.89363e-07,1.4715
0,0.25,4.5,19.6104,-1.86245e-07,1.4715
0,0.25,4.5,20.1104,-8.06262e-08,1.4715
0,0.25,4.5,20.6104,2.09497e-07,1.4715
0,0.25,4.5,21.1104,3.67953e-07,1.47149
0,0.25,4.5,21.6104,2.8121e-06,1.47149
0,0.25,4.5,22.1104,6.47118e-06,1.47145
0,0.25,4.5,22.6104,1.76723e-05,1.47149
0,0.25,4.5,23.1104,4.89016e-05,1.47137
0,0.25,4.5,23.6104,0.000103122,1.47151
0,0.25,4.5,24.1104,2.31677e-05,1.47108
0,0.25,5,9.61038,3.37755e-08,1.4715
0,0.25,5,10.1104,3.03629e-07,1.4715
0,0.25,5,10.6104,1.2928e-07,1.4715
0,0.25,5,11.1104,9.16091e-08,1.4715
0,0.25,5,11.6104,1.05792e-07,1.4715
0,0.25,5,12.1104,1.34671e-07,1.4715
0,0.25,5,12.6104,1.47935e-07,1.4715
0,0.25,5,13.1104,1.7264e-07,1.4715
0,0.25,5,13.6104,1.80303e-07,1.4715
0,0.25,5,14.1104,1.87139e-07,1.4715
0,0.25,5,14.6104,1.89214e-07,1.4715
0,0.25,5,15.1104,1.90173e-07,1.4715
0,0.25,5,15.6104,1.90447e-07,1.4715
0,0.25,5,16.1104,1.90528e-07,1.4715
0,0.25,5,16.6104,1.90548e-07,1.4715
0,0.25,5,17.1104,1.90549e-07,1.4715
0,0.25,5,17.6104,1.90535e-07,1.4715
0,0.25,5,18.1104,1.90466e-07,1.4715
0,0.25,5,18.6104,1.90268e-07,1.4715
0,0.25,5,19.1104,1.89364e-07,1.4715
0,0.25,5,19.6104,1.86246e-07,1.4715
0,0.25,5,20.1104,8.06263e-08,1.4715
0,0.25,5,20.6104,-2.09497e-07,1.4715
0,0.25,5,21.1104,-3.67953e-07,1.47149
0,0.25,5,21.6104,-2.8121e-06,1.47149
0,0.25,5,22.1104,-6.47118e-06,1.47145
0,0.25,5,22.6104,-1.76723e-05,1.47149
0,0.25,5,23.1104,-4.89015e-05,1.47137
0,0.25,5,23.6104,-0.000103122,1.47151
0,0.25,5,24.1104,-2.31677e-05,1.47108
0,0.25,5.5,9.61038,-2.85393e-06,1.47149
0,0.25,5.5,10.1104,-1.17391e-05,1.4715
0,0.25,5.5,10.6104,-2.304e-06,1.4715
0,0.25,5.5,11.1104,1.29158e-06,1.4715
0,0.25,5.5,11.6104,1.55223e-06,1.4715
0,0.25,5.5,12.1104,2.08002e-06,1.4715
0,0.25,5.5,12.6104,2.25847e-06,1.4715
0,0.25,5.5,13.1104,2.47997e-06,1.4715
0,0.25,5.5,13.6104,2.54808e-06,1.4715
0,0.25,5.5,14.1104,2.59682e-06,1.4715
0,0.25,5.5,14.6104,2.61082e-06,1.4715
0,0.25,5.5,15.1104,2.61653e-06,1.4715
0,0.25,5.5,15.6104,2.61807e-06,1.4715
0,0.25,5.5,16.1104,2.61848e-06,1.4715
0,0.25,5.5,16.6104,2.61859e-06,1.4715
0,0.25,5.5,17.1104,2.61859e-06,1.4715
0,0.25,5.5,17.6104,2.61852e-06,1.4715
0,0.25,5.5,18.1104,2.61822e-06,1.4715
0,0.25,5.5,18.6104,2.61716e-06,1.4715
0,0.25,5.5,19.1104,2.61302e-06,1.4715
0,0.25,5.5,19.6104,2.60436e-06,1.4715
0,0.25,5.5,20.1104,1.90766e-06,1.4715
0,0.25,5.5,20.6104,-1.6204e-07,1.4715
0,0.25,5.5,21.1104,5.0047e-07,1.47148
0,0.25,5.5,21.6104,-1.66589e-06,1.47149
0,0.25,5.5,22.1104,4.90304e-06,1.47145
0,0.25,5.5,22.6104,-2.11681e-06,1.47148
0,0.25,5.5,23.1104,2.96553e-05,1.47133
0,0.25,5.5,23.6104,0.000108941,1.47152
0,0.25,5.5,24.1104,2.41407e-05,1.47113
0,0.25,6,9.61038,2.79036e-07,1.47148
0,0.25,6,10.1104,1.08797e-06,1.47149
0,0.25,6,10.6104,8.38134e-07,1.47151
0,0.25,6,11.1104,1.54217e-06,1.47149
0,0.25,6,11.6104,1.75083e-06,1.47149
0,0.25,6,12.1104,2.31518e-06,1.47149
0,0.25,6,12.6104,2.50418e-06,1.47149
0,0.25,6,13.1104,2.72525e-06,1.47149
0,0.25,6,13.6104,2.79475e-06,1.4715
0,0.25,6,14.1104,2.84084e-06,1.4715
0,0.25,6,14.6104,2.85418e-06,1.4715
0,0.25,6,15.1104,2.85935e-06,1.4715
0,0.25,6,15.6104,2.86075e-06,1.4715
0,0.25,6,16.1104,2.86111e-06,1.4715
0,0.25,6,16.6104,2.8612e-06,1.4715
0,0.25,6,17.1104,2.86121e-06,1.4715
0,0.25,6,17.6104,2.86114e-06,1.4715
0,0.25,6,18.1104,2.86089e-06,1.4715
0,0.25,6,18.6104,2.85993e-06,1.4715
0,0.25,6,19.1104,2.85643e-06,1.4715
0,0.25,6,19.6104,2.84927e-06,1.4715
0,0.25,6,20.1104,2.76847e-06,1.47149
0,0.25,6,20.6104,2.60292e-06,1.47149
0,0.25,6,21.1104,1.16105e-06,1.47148
0,0.25,6,21.6104,-1.07589e-06,1.47149
0,0.25,6,22.1104,-1.5677e-06,1.47143
0,0.25,6,22.6104,-3.71536e-05,1.47149
0,0.25,6,23.1104,-5.88383e-05,1.4714
0,0.25,5.99999,23.6104,-0.000312985,1.4715
0,0.25,6,24.1104,-7.78415e-05,1.47107
0,0.25,6.5,9.61037,3.36684e-06,1.47119
0,0.25,6.5,10.1104,1.38919e-05,1.47083
0,0.25,6.5,10.6104,4.67885e-06,1.47092
0,0.25,6.5,11.1104,2.43538e-06,1.47092
0,0.25,6.5,11.6104,2.77964e-06,1.47092
0,0.25,6.5,12.1104,3.1037e-06,1.47092
0,0.25,6.5,12.6104,3.22173e-06,1.47092
0,0.25,6.5,13.1104,3.29571e-06,1.47092
0,0.25,6.5,13.6104,3.3193e-06,1.47092
0,0.25,6.5,14.1104,3.32852e-06,1.47092
0,0.25,6.5,14.6104,3.33122e-06,1.47092
0,0.25,6.5,15.1104,3.33193e-06,1.47092
0,0.25,6.5,15.6104,3.33213e-06,1.47092
0,0.25,6.5,16.1104,3.33217e-06,1.47092
0,0.25,6.5,16.6104,3.33218e-06,1.47092
0,0.25,6.5,17.1104,3.33218e-06,1.47092
0,0.25,6.5,17.6104,3.33217e-06,1.47092
0,0.25,6.5,18.1104,3.33214e-06,1.47092
0,0.25,6.5,18.6104,3.332e-06,1.47092
0,0.25,6.5,19.1104,3.33158e-06,1.47092
0,0.25,6.5,19.6104,3.32996e-06,1.47092
0,0.25,6.5,20.1104,4.03866e-06,1.47092
0,0.25,6.5,20.6104,6.26197e-06,1.47092
0,0.25,6.5,21.1104,7.70963e-06,1.4709
0,0.25,6.5,21.6104,1.85859e-05,1.47092
0,0.25,6.5,22.1104,1.81685e-05,1.47083
0,0.25,6.5,22.6104,4.96543e-05,1.47091
0,0.25,6.5,23.1103,1.41487e-05,1.47049
0,0.25,6.5,23.6104,3.24908e-07,1.47082
0,0.25,6.5,24.1104,6.04382e-07,1.47114
0,0.25,7,9.60777,3.2563e-07,1.40717
0,0.25,7,10.1081,7.65333e-07,1.41569
0,0.25,7,10.6081,1.48832e-06,1.41585
0,0.25,7,11.1081,2.27627e-06,1.41585
0,0.25,7,11.6081,2.70038e-06,1.41585
0,0.25,7,12.1081,2.97971e-06,1.41585
0,0.25,7,12.6081,3.08274e-06,1.41585
0,0.25,7,13.1081,3.13618e-06,1.41585
0,0.25,7,13.6081,3.15203e-06,1.41585
0,0.25,7,14.1081,3.15747e-06,1.41585
0,0.25,7,14.6081,3.15887e-06,1.41585
0,0.25,7,15.1081,3.15918e-06,1.41585
0,0.25,7,15.6081,3.15926e-06,1.41585
0,0.25,7,16.1081,3.15927e-06,1.41585
0,0.25,7,16.6081,3.15928e-06,1.41585
0,0.25,7,17.1081,3.15928e-06,1.41585
0,0.25,7,17.6081,3.15927e-06,1.41585
0,0.25,7,18.1081,3.15927e-06,1.41585
0,0.25,7,18.6081,3.15921e-06,1.41585
0,0.25,7,19.1081,3.15906e-06,1.41585
0,0.25,7,19.6081,3.15926e-06,1.41585
0,0.25,7,20.1081,3.35756e-06,1.41585
0,0.25,7,20.6081,3.98324e-06,1.41585
0,0.25,7,21.1081,7.74552e-06,1.41585
0,0.25,7,21.6081,2.138e-05,1.41585
0,0.25,7,22.1081,3.1997e-05,1.41583
0,0.25,7,22.6081,0.000104645,1.41585
0,0.25,7.00001,23.1081,0.000156634,1.41574
0,0.25,7.00002,23.6081,0.000533421,1.4157
0,0.25,7,24.1078,0.000131781,1.40683
1,0.25,7.5,1.5,0,0
1,0.25,8,1.5,0,0
1,0.25,1.5,1.5,0,0
1,0.25,2,1.5,0,0
1,0.25,7.5,2,0,0
1,0.25,8,2,0,0
1,0.25,1.5,2,0,0
1,0.25,2,2,0,0
1,0.25,7.5,2.5,0,0
1,0.25,8,2.5,0,0
1,0.25,1.5,2.5,0,0
1,0.25,2,2.5,0,0
1,0.25,7.5,3,0,0
1,0.25,8,3,0,0
1,0.25,1.5,3,0,0
1,0.25,2,3,0,0
1,0.25,7.5,3.5,0,0
1,0.25,8,3.5,0,0
1,0.25,1.5,3.5,0,0
1,0.25,2,3.5,0,0
1,0.25,7.5,4,0,0
1,0.25,8,4,0,0
1,0.25,1.5,4,0,0
1,0.25,2,4,0,0
1,0.25,7.5,4.5,0,0
1,0.25,8,4.5,0,0
1,0.25,1.5,4.5,0,0
1,0.25,2,4.5,0,0
1,0.25,7.5,5,0,0
1,0.25,8,5,0,0
1,0.25,1.5,5,0,0
1,0.25,2,5,0,0
1,0.25,7.5,5.5,0,0
1,0.25,8,5.5,0,0
1,0.25,1.5,5.5,0,0
1,0.25,2,5.5,0,0
1,0.25,7.5,6,0,0
1,0.25,8,6,0,0
1,0.25,1.5,6,0,0
1,0.25,2,6,0,0
1,0.25,7.5,6.5,0,0
1,0.25,8,6.5,0,0
1,0.25,1.5,6.5,0,0
1,0.25,2,6.5,0,0
1,0.25,7.5,7,0,0
1,0.25,8,7,0,0
1,0.25,1.5,7,0,0
1,0.25,2,7,0,0
1,0.25,7.5,7.5,0,0
1,0.25,8,7.5,0,0
1,0.25,1.5,7.5,0,0
1,0.25,2,7.5,0,0
1,0.25,7.5,8,0,0
1,0.25,8,8,0,0
1,0.25,1.5,8,0,0
1,0.25,2,8,0,0
1,0.25,7.5,8.5,0,0
1,0.25,8,8.5,0,0
1,0.25,1.5,8.5,0,0
1,0.25,2,8.5,0,0
1,0.25,7.5,9,0,0
1,0.25,8,9,0,0
1,0.25,1.5,9,0,0
1,0.25,2,9,0,0
1,0.25,7.5,9.5,0,0
1,0.25,8,9.5,0,0
1,0.25,1.5,9.5,0,0
1,0.25,2,9.5,0,0
1,0.25,7.5,10,0,0
1,0.25,8,10,0,0
1,0.25,1.5,10,0,0
1,0.25,2,10,0,0
1,0.25,7.5,10.5,0,0
1,0.25,8,10.5,0,0
1,0.25,1.5,10.5,0,0
1,0.25,2,10.5,0,0
1,0.25,7.5,11,0,0
1,0.25,8,11,0,0
1,0.25,1.5,11,0,0
1,0.25,2,11,0,0
1,0.25,7.5,11.5,0,0
1,0.25,8,11.5,0,0
1,0.25,1.5,11.5,0,0
1,0.25,2,11.5,0,0
1,0.25,7.5,12,0,0
1,0.25,8,12,0,0
1,0.25,1.5,12,0,0
1,0.25,2,12,0,0
1,0.25,7.5,12.5,0,0
1,0.25,8,12.5,0,0
1,0.25,1.5,12.5,0,0
1,0.25,2,12.5,0,0
1,0.25,7.5,13,0,0
1,0.25,8,13,0,0
1,0.25,1.5,13,0,0
1,0.25,2,13,0,0
1,0.25,7.5,13.5,0,0
1,0.25,8,13.5,0,0
1,0.25,1.5,13.5,0,0
1,0.25,2,13.5,0,0
1,0.25,7.5,14,0,0
1,0.25,8,14,0,0
1,0.25,1.5,14,0,0
1,0.25,2,14,0,0
1,0.25,7.5,14.5,0,0
1,0.25,8,14.5,0,0
1,0.25,1.5,14.5,0,0
1,0.25,2,14.5,0,0
1,0.25,7.5,15,0,0
1,0.25,8,15,0,0
1,0.25,1.5,15,0,0
1,0.25,2,15,0,0
1,0.25,7.5,15.5,0,0
1,0.25,8,15.5,0,0
1,0.25,1.5,15.5,0,0
1,0.25,2,15.5,0,0
1,0.25,7.5,16,0,0
1,0.25,8,16,0,0
1,0.25,1.5,16,0,0
1,0.25,2,16,0,0
1,0.25,7.5,16.5,0,0
1,0.25,8,16.5,0,0
1,0.25,1.5,16.5,0,0
1,0.25,2,16.5,0,0
1,0.25,7.5,17,0,0
1,0.25,8,17,0,0
1,0.25,1.5,17,0,0
1,0.25,2,17,0,0
1,0.25,7.5,17.5,0,0
1,0.25,8,17.5,0,0
1,0.25,1.5,17.5,0,0
1,0.25,2,17.5,0,0
1,0.25,7.5,18,0,0
1,0.25,8,18,0,0
1,0.25,1.5,18,0,0
1,0.25,2,18,0,0
1,0.25,7.5,18.5,0,0
1,0.25,8,18.5,0,0
1,0.25,1.5,18.5,0,0
1,0.25,2,18.5,0,0
1,0.25,7.5,19,0,0
1,0.25,8,19,0,0
1,0.25,1.5,19,0,0
1,0.25,2,19,0,0
1,0.25,7.5,19.5,0,0
1,0.25,8,19.5,0,0
1,0.25,1.5,19.5,0,0
1,0.25,2,19.5,0,0
1,0.25,7.5,20,0,0
1,0.25,8,20,0,0
1,0.25,1.5,20,0,0
1,0.25,2,20,0,0
1,0.25,7.5,20.5,0,0
1,0.25,8,20.5,0,0
1,0.25,1.5,20.5,0,0
1,0.25,2,20.5,0,0
1,0.25,7.5,21,0,0
1,0.25,8,21,0,0
1,0.25,1.5,21,0,0
1,0.25,2,21,0,0
1,0.25,7.5,21.5,0,0
1,0.25,8,21.5,0,0
1,0.25,1.5,21.5,0,0
1,0.25,2,21.5,0,0
1,0.25,7.5,22,0,0
1,0.25,8,22,0,0
1,0.25,1.5,22,0,0
1,0.25,2,22,0,0
1,0.25,7.5,22.5,0,0
1,0.25,8,22.5,0,0
1,0.25,1.5,22.5,0,0
1,0.25,2,22.5,0,0
1,0.25,7.5,23,0,0
1,0.25,8,23,0,0
1,0.25,1.5,23,0,0
1,0.25,2,23,0,0
1,0.25,7.5,23.5,0,0
1,0.25,8,23.5,0,0
1,0.25,1.5,23.5,0,0
1,0.25,2,23.5,0,0
1,0.25,7.5,24,0,0
1,0.25,8,24,0,0
1,0.25,1.5,24,0,0
1,0.25,2,24,0,0
1,0.25,7.5,24.5,0,0
1,0.25,8,24.5,0,0
1,0.25,1.5,24.5,0,0
1,0.25,2,24.5,0,0
1,0.25,7.5,25,0,0
1,0.25,8,25,0,0
1,0.25,1.5,25,0,0
1,0.25,2,25,0,0
1,0.25,7.5,25.5,0,0
1,0.25,8,25.5,0,0
1,0.25,1.5,25.5,0,0
1,0.25,2,25.5,0,0
1,0.25,2.5,1.5,0,0
1,0.25,2.5,2,0,0
1,0.25,2.5,25,0,0
1,0.25,2.5,25.5,0,0
1,0.25,3,1.5,0,0
1,0.25,3,2,0,0
1,0.25,3,25,0,0
1,0.25,3,25.5,0,0
1,0.25,3.5,1.5,0,0
1,0.25,3.5,2,0,0
1,0.25,3.5,25,0,0
1,0.25,3.5,25.5,0,0
1,0.25,4,1.5,0,0
1,0.25,4,2,0,0
1,0.25,4,25,0,0
1,0.25,4,25.5,0,0
1,0.25,4.5,1.5,0,0
1,0.25,4.5,2,0,0
1,0.25,4.5,25,0,0
1,0.25,4.5,25.5,0,0
1,0.25,5,1.5,0,0
1,0.25,5,2,0,0
1,0.25,5,25,0,0
1,0.25,5,25.5,0,0
1,0.25,5.5,1.5,0,0
1,0.25,5.5,2,0,0
1,0.25,5.5,25,0,0
1,0.25,5.5,25.5,0,0
1,0.25,6,1.5,0,0
1,0.25,6,2,0,0
1,0.25,6,25,0,0
1,0.25,6,25.5,0,0
1,0.25,6.5,1.5,0,0
1,0.25,6.5,2,0,0
1,0.25,6.5,25,0,0
1,0.25,6.5,25.5,0,0
1,0.25,7,1.5,0,0
1,0.25,7,2,0,0
1,0.25,7,25,0,0
1,0.25,7,25.5,0,0
536 2 0.5 1200 0.2 2 0 2e-05 0 9.81 35 35
0,0.25,2.5,9.60777,-3.2563e-07,1.40717
0,0.25,2.5,10.1081,-7.65333e-07,1.41569
0,0.25,2.5,10.6081,-1.48832e-06,1.41585
0,0.25,2.5,11.1081,-2.27627e-06,1.41585
0,0.25,2.5,11.6081,-2.70038e-06,1.41585
0,0.25,2.5,12.1081,-2.97971e-06,1.41585
0,0.25,2.5,12.6081,-3.08274e-06,1.41585
0,0.25,2.5,13.1081,-3.13618e-06,1.41585
0,0.25,2.5,13.6081,-3.15203e-06,1.41585
0,0.25,2.5,14.1081,-3.15747e-06,1.41585
0,0.25,2.5,14.6081,-3.15887e-06,1.41585
0,0.25,2.5,15.1081,-3.15918e-06,1.41585
0,0.25,2.5,15.6081,-3.15926e-06,1.41585
0,0.25,2.5,16.1081,-3.15927e-06,1.41585
0,0.25,2.5,16.6081,-3.15928e-06,1.41585
0,0.25,2.5,17.1081,-3.15928e-06,1.41585
0,0.25,2.5,17.6081,-3.15927e-06,1.41585
0,0.25,2.5,18.1081,-3.15927e-06,1.41585
0,0.25,2.5,18.6081,-3.15921e-06,1.41585
0,0.25,2.5,19.1081,-3.15906e-06,1.41585
0,0.25,2.5,19.6081,-3.15926e-06,1.41585
0,0.25,2.5,20.1081,-3.35756e-06,1.41585
0,0.25,2.5,20.6081,-3.98324e-06,1.41585
0,0.25,2.5,21.1081,-7.74552e-06,1.41585
0,0.25,2.5,21.6081,-2.138e-05,1.41585
0,0.25,2.5,22.1081,-3.1997e-05,1.41583
0,0.25,2.5,22.6081,-0.000104645,1.41585
0,0.25,2.49999,23.1081,-0.000156634,1.41574
0,0.25,2.49998,23.6081,-0.000533421,1.4157
0,0.25,2.5,24.1078,-0.000131781,1.40683
0,0.25,3,9.61037,-3.36684e-06,1.47119
0,0.25,3,10.1104,-1.38919e-05,1.47083
0,0.25,3,10.6104,-4.67885e-06,1.47092
0,0.25,3,11.1104,-2.43538e-06,1.47092
0,0.25,3,11.6104,-2.77964e-06,1.47092
0,0.25,3,12.1104,-3.1037e-06,1.47092
0,0.25,3,12.6104,-3.22173e-06,1.47092
0,0.25,3,13.1104,-3.29571e-06,1.47092
0,0.25,3,13.6104,-3.3193e-06,1.47092
0,0.25,3,14.1104,-3.32852e-06,1.47092
0,0.25,3,14.6104,-3.33122e-06,1.47092
0,0.25,3,15.1104,-3.33193e-06,1.47092
0,0.25,3,15.6104,-3.33213e-06,1.47092
0,0.25,3,16.1104,-3.33217e-06,1.47092
0,0.25,3,16.6104,-3.33218e-06,1.47092
0,0.25,3,17.1104,-3.33218e-06,1.47092
0,0.25,3,17.6104,-3.33217e-06,1.47092
0,0.25,3,18.1104,-3.33214e-06,1.47092
0,0.25,3,18.6104,-3.332e-06,1.47092
0,0.25,3,19.1104,-3.33158e-06,1.47092
0,0.25,3,19.6104,-3.32996e-06,1.47092
0,0.25,3,20.1104,-4.03866e-06,1.47092
0,0.25,3,20.6104,-6.26197e-06,1.47092
0,0.25,3,21.1104,-7.70963e-06,1.4709
0,0.25,3,21.6104,-1.85859e-05,1.47092
0,0.25,3,22.1104,-1.81685e-05,1.47083
0,0.25,3,22.6104,-4.96543e-05,1.47091
0,0.25,3,23.1103,-1.41487e-05,1.47049
0,0.25,3,23.6104,-3.24908e-07,1.47082
0,0.25,3,24.1104,-6.04382e-07,1.47114
0,0.25,3.5,9.61038,-2.79036e-07,1.47148
0,0.25,3.5,10.1104,-1.08797e-06,1.47149
0,0.25,3.5,10.6104,-8.38134e-07,1.47151
0,0.25,3.5,11.1104,-1.54217e-06,1.47149
0,0.25,3.5,11.6104,-1.75083e-06,1.47149
0,0.25,3.5,12.1104,-2.31518e-06,1.47149
0,0.25,3.5,12.6104,-2.50418e-06,1.47149
0,0.25,3.5,13.1104,-2.72525e-06,1.47149
0,0.25,3.5,13.6104,-2.79475e-06,1.4715
0,0.25,3.5,14.1104,-2.84084e-06,1.4715
0,0.25,3.5,14.6104,-2.85418e-06,1.4715
0,0.25,3.5,15.1104,-2.85935e-06,1.4715
0,0.25,3.5,15.6104,-2.86075e-06,1.4715
0,0.25,3.5,16.1104,-2.86111e-06,1.4715
0,0.25,3.5,16.6104,-2.8612e-06,1.4715
0,0.25,3.5,17.1104,-2.86121e-06,1.4715
0,0.25,3.5,17.6104,-2.86114e-06,1.4715
0,0.25,3.5,18.1104,-2.86089e-06,1.4715
0,0.25,3.5,18.6104,-2.85994e-06,1.4715
0,0.25,3.5,19.1104,-2.85643e-06,1.4715
0,0.25,3.5,19.6104,-2.84927e-06,1.4715
0,0.25,3.5,20.1104,-2.76847e-06,1.47149
0,0.25,3.5,20.6104,-2.60292e-06,1.47149
0,0.25,3.5,21.1104,-1.16105e-06,1.47148
0,0.25,3.5,21.6104,1.07589e-06,1.47149
0,0.25,3.5,22.1104,1.5677e-06,1.47143
0,0.25,3.5,22.6104,3.71536e-05,1.47149
0,0.25,3.5,23.1104,5.88383e-05,1.4714
0,0.25,3.50001,23.6104,0.000312985,1.4715
0,0.25,3.5,24.1104,7.78415e-05,1.47107
0,0.25,4,9.61038,2.85393e-06,1.47149
0,0.25,4,10.1104,1.17391e-05,1.4715
0,0.25,4,10.6104,2.304e-06,1.4715
0,0.25,4,11.1104,-1.29158e-06,1.4715
0,0.25,4,11.6104,-1.55223e-06,1.4715
0,0.25,4,12.1104,-2.08002e-06,1.4715
0,0.25,4,12.6104,-2.25847e-06,1.4715
0,0.25,4,13.1104,-2.47997e-06,1.4715
0,0.25,4,13.6104,-2.54808e-06,1.4715
0,0.25,4,14.1104,-2.59682e-06,1.4715
0,0.25,4,14.6104,-2.61082e-06,1.4715
0,0.25,4,15.1104,-2.61653e-06,1.4715
0,0.25,4,15.6104,-2.61807e-06,1.4715
0,0.25,4,16.1104,-2.61849e-06,1.4715
0,0.25,4,16.6104,-2.61859e-06,1.4715
0,0.25,4,17.1104,-2.61859e-06,1.4715
0,0.25,4,17.6104,-2.61852e-06,1.4715
0,0.25,4,18.1104,-2.61822e-06,1.4715
0,0.25,4,18.6104,-2.61716e-06,1.4715
0,0.25,4,19.1104,-2.61303e-06,1.4715
0,0.25,4,19.6104,-2.60436e-06,1.4715
0,0.25,4,20.1104,-1.90766e-06,1.4715
0,0.25,4,20.6104,1.6204e-07,1.4715
0,0.25,4,21.1104,-5.0047e-07,1.47148
0,0.25,4,21.6104,1.66589e-06,1.47149
0,0.25,4,22.1104,-4.90304e-06,1.47145
0,0.25,4,22.6104,2.11682e-06,1.47148
0,0.25,4,23.1104,-2.96553e-05,1.47133
0,0.25,4,23.6104,-0.000108941,1.47152
0,0.25,4,24.1104,-2.41407e-05,1.47113
0,0.25,4.5,9.61038,-3.37755e-08,1.4715
0,0.25,4.5,10.1104,-3.03629e-07,1.4715
0,0.25,4.5,10.6104,-1.2928e-07,1.4715
0,0.25,4.5,11.1104,-9.1609e-08,1.4715
0,0.25,4.5,11.6104,-1.05791e-07,1.4715
0,0.25,4.5,12.1104,-1.3467e-07,1.4715
0,0.25,4.5,12.6104,-1.47934e-07,1.4715
0,0.25,4.5,13.1104,-1.72639e-07,1.4715
0,0.25,4.5,13.6104,-1.80303e-07,1.4715
0,0.25,4.5,14.1104,-1.87139e-07,1.4715
0,0.25,4.5,14.6104,-1.89213e-07,1.4715
0,0.25,4.5,15.1104,-1.90172e-07,1.4715
0,0.25,4.5,15.6104,-1.90447e-07,1.4715
0,0.25,4.5,16.1104,-1.90528e-07,1.4715
0,0.25,4.5,16.6104,-1.90549e-07,1.4715
0,0.25,4.5,17.1104,-1.90549e-07,1.4715
0,0.25,4.5,17.6104,-1.90535e-07,1.4715
0,0.25,4.5,18.1104,-1.90465e-07,1.4715
0,0.25,4.5,18.6104,-1.90267e-07,1.4715
0,0.25,4.5,19.1104,-1.89363e-07,1.4715
0,0.25,4.5,19.6104,-1.86245e-07,1.4715
0,0.25,4.5,20.1104,-8.06262e-08,1.4715
0,0.25,4.5,20.6104,2.09497e-07,1.4715
0,0.25,4.5,21.1104,3.67953e-07,1.47149
0,0.25,4.5,21.6104,2.8121e-06,1.47149
0,0.25,4.5,22.1104,6.47118e-06,1.47145
0,0.25,4.5,22.6104,1.76723e-05,1.47149
0,0.25,4.5,23.1104,4.89016e-05,1.47137
0,0.25,4.5,23.6104,0.000103122,1.47151
0,0.25,4.5,24.1104,2.31677e-05,1.47108
0,0.25,5,9.61038,3.37755e-08,1.4715
0,0.25,5,10.1104,3.03629e-07,1.4715
0,0.25,5,10.6104,1.2928e-07,1.4715
0,0.25,5,11.1104,9.16091e-08,1.4715
0,0.25,5,11.6104,1.05792e-07,1.4715
0,0.25,5,12.1104,1.34671e-07,1.4715
0,0.25,5,12.6104,1.47935e-07,1.4715
0,0.25,5,13.1104,1.7264e-07,1.4715
0,0.25,5,13.6104,1.80303e-07,1.4715
0,0.25,5,14.1104,1.87139e-07,1.4715
0,0.25,5,14.6104,1.89214e-07,1.4715
0,0.25,5,15.1104,1.90173e-07,1.4715
0,0.25,5,15.6104,1.90447e-07,1.4715
0,0.25,5,16.1104,1.90528e-07,1.4715
0,0.25,5,16.6104,1.90548e-07,1.4715
0,0.25,5,17.1104,1.90549e-07,1.4715
0,0.25,5,17.6104,1.90535e-07,1.4715
0,0.25,5,18.1104,1.90466e-07,1.4715
0,0.25,5,18.6104,1.90268e-07,1.4715
0,0.25,5,19.1104,1.89364e-07,1.4715
0,0.25,5,19.6104,1.86246e-07,1.4715
0,0.25,5,20.1104,8.06263e-08,1.4715
0,0.25,5,20.6104,-2.09497e-07,1.4715
0,0.25,5,21.1104,-3.67953e-07,1.47149
0,0.25,5,21.6104,-2.8121e-06,1.47149
0,0.25,5,22.1104,-6.47118e-06,1.47145
0,0.25,5,22.6104,-1.76723e-05,1.47149
0,0.25,5,23.1104,-4.89015e-05,1.47137
0,0.25,5,23.6104,-0.000103122,1.47151
0,0.25,5,24.1104,-2.31677e-05,1.47108
0,0.25,5.5,9.61038,-2.85393e-06,1.47149
0,0.25,5.5,10.1104,-1.17391e-05,1.4715
0,0.25,5.5,10.6104,-2.304e-06,1.4715
0,0.25,5.5,11.1104,1.29158e-06,1.4715
0,0.25,5.5,11.6104,1.55223e-06,1.4715
0,0.25,5.5,12.1104,2.08002e-06,1.4715
0,0.25,5.5,12.6104,2.25847e-06,1.4715
0,0.25,5.5,13.1104,2.47997e-06,1.4715
0,0.25,5.5,13.6104,2.54808e-06,1.4715
0,0.25,5.5,14.1104,2.59682e-06,1.4715
0,0.25,5.5,14.6104,2.61082e-06,1.4715
0,0.25,5.5,15.1104,2.61653e-06,1.4715
0,0.25,5.5,15.6104,2.61807e-06,1.4715
0,0.25,5.5,16.1104,2.61848e-06,1.4715
0,0.25,5.5,16.6104,2.61859e-06,1.4715
0,0.25,5.5,17.1104,2.61859e-06,1.4715
0,0.25,5.5,17.6104,2.61852e-06,1.4715
0,0.25,5.5,18.1104,2.61822e-06,1.4715
0,0.25,5.5,18.6104,2.61716e-06,1.4715
0,0.25,5.5,19.1104,2.61302e-06,1.4715
0,0.25,5.5,19.6104,2.60436e-06,1.4715
0,0.25,5.5,20.1104,1.90766e-06,1.4715
0,0.25,5.5,20.6104,-1.6204e-07,1.4715
0,0.25,5.5,21.1104,5.0047e-07,1.47148
0,0.25,5.5,21.6104,-1.66589e-06,1.47149
0,0.25,5.5,22.1104,4.90304e-06,1.47145
0,0.25,5.5,22.6104,-2.11681e-06,1.47148
0,0.25,5.5,23.1104,2.96553e-05,1.47133
0,0.25,5.5,23.6104,0.000108941,1.47152
0,0.25,5.5,24.1104,2.41407e-05,1.47113
0,0.25,6,9.61038,2.79036e-07,1.47148
0,0.25,6,10.1104,1.08797e-06,1.47149
0,0.25,6,10.6104,8.38134e-07,1.47151
0,0.25,6,11.1104,1.54217e-06,1.47149
0,0.25,6,11.6104,1.75083e-06,1.47149
0,0.25,6,12.1104,2.31518e-06,1.47149
0,0.25,6,12.6104,2.50418e-06,1.47149
0,0.25,6,13.1104,2.72525e-06,1.47149
0,0.25,6,13.6104,2.79475e-06,1.4715
0,0.25,6,14.1104,2.84084e-06,1.4715
0,0.25,6,14.6104,2.85418e-06,1.4715
0,0.25,6,15.1104,2.85935e-06,1.4715
0,0.25,6,15.6104,2.86075e-06,1.4715
0,0.25,6,16.1104,2.86111e-06,1.4715
0,0.25,6,16.6104,2.8612e-06,1.4715
0,0.25,6,17.1104,2.86121e-06,1.4715
0,0.25,6,17.6104,2.86114e-06,1.4715
0,0.25,6,18.1104,2.86089e-06,1.4715
0,0.25,6,18.6104,2.85993e-06,1.4715
0,0.25,6,19.1104,2.85643e-06,1.4715
0,0.25,6,19.6104,2.84927e-06,1.4715
0,0.25,6,20.1104,2.76847e-06,1.47149
0,0.25,6,20.6104,2.60292e-06,1.47149
0,0.25,6,21.1104,1.16105e-06,1.47148
0,0.25,6,21.6104,-1.07589e-06,1.47149
0,0.25,6,22.1104,-1.5677e-06,1.47143
0,0.25,6,22.6104,-3.71536e-05,1.47149
0,0.25,6,23.1104,-5.88383e-05,1.4714
0,0.25,5.99999,23.6104,-0.000312985,1.4715
0,0.25,6,24.1104,-7.78415e-05,1.47107
0,0.25,6.5,9.61037,3.36684e-06,1.47119
0,0.25,6.5,10.1104,1.38919e-05,1.47083
0,0.25,6.5,10.6104,4.67885e-06,1.47092
0,0.25,6.5,11.1104,2.43538e-06,1.47092
0,0.25,6.5,11.6104,2.77964e-06,1.47092
0,0.25,6.5,12.1104,3.1037e-06,1.47092
0,0.25,6.5,12.6104,3.22173e-06,1.47092
0,0.25,6.5,13.1104,3.29571e-06,1.47092
0,0.25,6.5,13.6104,3.3193e-06,1.47092
0,0.25,6.5,14.1104,3.32852e-06,1.47092
0,0.25,6.5,14.6104,3.33122e-06,1.47092
0,0.25,6.5,15.1104,3.33193e-06,1.47092
0,0.25,6.5,15.6104,3.33213e-06,1.47092
0,0.25,6.5,16.1104,3.33217e-06,1.47092
0,0.25,6.5,16.6104,3.33218e-06,1.47092
0,0.25,6.5,17.1104,3.33218e-06,1.47092
0,0.25,6.5,17.6104,3.33217e-06,1.47092
0,0.25,6.5,18.1104,3.33214e-06,1.47092
0,0.25,6.5,18.6104,3.332e-06,1.47092
0,0.25,6.5,19.1104,3.33158e-06,1.47092
0,0.25,6.5,19.6104,3.32996e-06,1.47092
0,0.25,6.5,20.1104,4.03866e-06,1.47092
0,0.25,6.5,20.6104,6.26197e-06,1.47092
0,0.25,6.5,21.1104,7.70963e-06,1.4709
0,0.25,6.5,21.6104,1.85859e-05,1.47092
0,0.25,6.5,22.1104,1.81685e-05,1.47083
0,0.25,6.5,22.6104,4.96543e-05,1.47091
0,0.25,6.5,23.1103,1.41487e-05,1.47049
0,0.25,6.5,23.6104,3.24908e-07,1.47082
0,0.25,6.5,24.1104,6.04382e-07,1.47114
0,0.25,7,9.60777,3.2563e-07,1.40717
0,0.25,7,10.1081,7.65333e-07,1.41569
0,0.25,7,10.6081,1.48832e-06,1.41585
0,0.25,7,11.1081,2.27627e-06,1.41585
0,0.25,7,11.6081,2.70038e-06,1.41585
0,0.25,7,12.1081,2.97971e-06,1.41585
0,0.25,7,12.6081,3.08274e-06,1.41585
0,0.25,7,13.1081,3.13618e-06,1.41585
0,0.25,7,13.6081,3.15203e-06,1.41585
0,0.25,7,14.1081,3.15747e-06,1.41585
0,0.25,7,14.6081,3.15887e-06,1.41585
0,0.25,7,15.1081,3.15918e-06,1.41585
0,0.25,7,15.6081,3.15926e-06,1.41585
0,0.25,7,16.1081,3.15927e-06,1.41585
0,0.25,7,16.6081,3.15928e-06,1.41585
0,0.25,7,17.1081,3.15928e-06,1.41585
0,0.25,7,17.6081,3.15927e-06,1.41585
0,0.25,7,18.1081,3.15927e-06,1.41585
0,0.25,7,18.6081,3.15921e-06,1.41585
0,0.25,7,19.1081,3.15906e-06,1.41585
0,0.25,7,19.6081,3.15926e-06,1.41585
0,0.25,7,20.1081,3.35756e-06,1.41585
0,0.25,7,20.6081,3.98324e-06,1.41585
0,0.25,7,21.1081,7.74552e-06,1.41585
0,0.25,7,21.6081,2.138e-05,1.41585
0,0.25,7,22.1081,3.1997e-05,1.41583
0,0.25,7,22.6081,0.000104645,1.41585
0,0.25,7.00001,23.1081,0.000156634,1.41574
0,0.25,7.00002,23.6081,0.000533421,1.4157
0,0.25,7,24.1078,0.000131781,1.40683
1,0.25,7.5,1.5,0,0
1,0.25,8,1.5,0,0
1,0.25,1.5,1.5,0,0
1,0.25,2,1.5,0,0
1,0.25,7.5,2,0,0
1,0.25,8,2,0,0
1,0.25,1.5,2,0,0
1,0.25,2,2,0,0
1,0.25,7.5,2.5,0,0
1,0.25,8,2.5,0,0
1,0.25,1.5,2.5,0,0
1,0.25,2,2.5,0,0
1,0.25,7.5,3,0,0
1,0.25,8,3,0,0
1,0.25,1.5,3,0,0
1,0.25,2,3,0,0
1,0.25,7.5,3.5,0,0
1,0.25,8,3.5,0,0
1,0.25,1.5,3.5,0,0
1,0.25,2,3.5,0,0
1,0.25,7.5,4,0,0
1,0.25,8,4,0,0
1,0.25,1.5,4,0,0
1,0.25,2,4,0,0
1,0.25,7.5,4.5,0,0
1,0.25,8,4.5,0,0
1,0.25,1.5,4.5,0,0
1,0.25,2,4.5,0,0
1,0.25,7.5,5,0,0
1,0.25,8,5,0,0
1,0.25,1.5,5,0,0
1,0.25,2,5,0,0
1,0.25,7.5,5.5,0,0
1,0.25,8,5.5,0,0
1,0.25,1.5,5.5,0,0
1,0.25,2,5.5,0,0
1,0.25,7.5,6,0,0
1,0.25,8,6,0,0
1,0.25,1.5,6,0,0
1,0.25,2,6,0,0
1,0.25,7.5,6.5,0,0
1,0.25,8,6.5,0,0
1,0.25,1.5,6.5,0,0
1,0.25,2,6.5,0,0
1,0.25,7.5,7,0,0
1,0.25,8,7,0,0
1,0.25,1.5,7,0,0
1,0.25,2,7,0,0
1,0.25,7.5,7.5,0,0
1,0.25,8,7.5,0,0
1,0.25,1.5,7.5,0,0
1,0.25,2,7.5,0,0
1,0.25,7.5,8,0,0
1,0.25,8,8,0,0
1,0.25,1.5,8,0,0
1,0.25,2,8,0,0
1,0.25,7.5,8.5,0,0
1,0.25,8,8.5,0,0
1,0.25,1.5,8.5,0,0
1,0.25,2,8.5,0,0
1,0.25,7.5,9,0,0
1,0.25,8,9,0,0
1,0.25,1.5,9,0,0
1,0.25,2,9,0,0
1,0.25,7.5,9.5,0,0
1,0.25,8,9.5,0,0
1,0.25,1.5,9.5,0,0
1,0.25,2,9.5,0,0
1,0.25,7.5,10,0,0
1,0.25,8,10,0,0
1,0.25,1.5,10,0,0
1,0.25,2,10,0,0
1,0.25,7.5,10.5,0,0
1,0.25,8,10.5,0,0
1,0.25,1.5,10.5,0,0
1,0.25,2,10.5,0,0
1,0.25,7.5,11,0,0
1,0.25,8,11,0,0
1,0.25,1.5,11,0,0
1,0.25,2,11,0,0
1,0.25,7.5,11.5,0,0
1,0.25,8,11.5,0,0
1,0.25,1.5,11.5,0,0
1,0.25,2,11.5,0,0
1,0.25,7.5,12,0,0
1,0.25,8,12,0,0
1,0.25,1.5,12,0,0
1,0.25,2,12,0,0
1,0.25,7.5,12.5,0,0
1,0.25,8,12.5,0,0
1,0.25,1.5,12.5,0,0
1,0.25,2,12.5,0,0
1,0.25,7.5,13,0,0
1,0.25,8,13,0,0
1,0.25,1.5,13,0,0
1,0.25,2,13,0,0
1,0.25,7.5,13.5,0,0
1,0.25,8,13.5,0,0
1,0.25,1.5,13.5,0,0
1,0.25,2,13.5,0,0
1,0.25,7.5,14,0,0
1,0.25,8,14,0,0
1,0.25,1.5,14,0,0
1,0.25,2,14,0,0
1,0.25,7.5,14.5,0,0
1,0.25,8,14.5,0,0
1,0.25,1.5,14.5,0,0
1,0.25,2,14.5,0,0
1,0.25,7.5,15,0,0
1,0.25,8,15,0,0
1,0.25,1.5,15,0,0
1,0.25,2,15,0,0
1,0.25,7.5,15.5,0,0
1,0.25,8,15.5,0,0
1,0.25,1.5,15.5,0,0
1,0.25,2,15.5,0,0
1,0.25,7.5,16,0,0
1,0.25,8,16,0,0
1,0.25,1.5,16,0,0
1,0.25,2,16,0,0
1,0.25,7.5,16.5,0,0
1,0.25,8,16.5,0,0
1,0.25,1.5,16.5,0,0
1,0.25,2,16.5,0,0
1,0.25,7.5,17,0,0
1,0.25,8,17,0,0
1,0.25,1.5,17,0,0
1,0.25,2,17,0,0
1,0.25,7.5,17.5,0,0
1,0.25,8,17.5,0,0
1,0.25,1.5,17.5,0,0
1,0.25,2,17.5,0,0
1,0.25,7.5,18,0,0
1,0.25,8,18,0,0
1,0.25,1.5,18,0,0
1,0.25,2,18,0,0
1,0.25,7.5,18.5,0,0
1,0.25,8,18.5,0,0
1,0.25,1.5,18.5,0,0
1,0.25,2,18.5,0,0
1,0.25,7.5,19,0,0
1,0.25,8,19,0,0
1,0.25,1.5,19,0,0
1,0.25,2,19,0,0
1,0.25,7.5,19.5,0,0
1,0.25,8,19.5,0,0
1,0.25,1.5,19.5,0,0
1,0.25,2,19.5,0,0
1,0.25,7.5,20,0,0
1,0.25,8,20,0,0
1,0.25,1.5,20,0,0
1,0.25,2,20,0,0
1,0.25,7.5,20.5,0,0
1,0.25,8,20.5,0,0
1,0.25,1.5,20.5,0,0
1,0.25,2,20.5,0,0
1,0.25,7.5,21,0,0
1,0.25,8,21,0,0
1,0.25,1.5,21,0,0
1,0.25,2,21,0,0
1,0.25,7.5,21.5,0,0
1,0.25,8,21.5,0,0
1,0.25,1.5,21.5,0,0
1,0.25,2,21.5,0,0
1,0.25,7.5,22,0,0
1,0.25,8,22,0,0
1,0.25,1.5,22,0,0
1,0.25,2,22,0,0
1,0.25,7.5,22.5,0,0
1,0.25,8,22.5,0,0
1,0.25,1.5,22.5,0,0
1,0.25,2,22.5,0,0
1,0.25,7.5,23,0,0
1,0.25,8,23,0,0
1,0.25,1.5,23,0,0
1,0.25,2,23,0,0
1,0.25,7.5,23.5,0,0
1,0.25,8,23.5,0,0
1,0.25,1.5,23.5,0,0
1,0.25,2,23.5,0,0
1,0.25,7.5,24,0,0
1,0.25,8,24,0,0
1,0.25,1.5,24,0,0
1,0.25,2,24,0,0
1,0.25,7.5,24.5,0,0
1,0.25,8,24.5,0,0
1,0.25,1.5,24.5,0,0
1,0.25,2,24.5,0,0
1,0.25,7.5,25,0,0
1,0.25,8,25,0,0
1,0.25,1.5,25,0,0
1,0.25,2,25,0,0
1,0.25,7.5,25.5,0,0
1,0.25,8,25.5,0,0
1,0.25,1.5,25.5,0,0
1,0.25,2,25.5,0,0
1,0.25,2.5,1.5,0,0
1,0.25,2.5,2,0,0
1,0.25,2.5,25,0,0
1,0.25,2.5,25.5,0,0
1,0.25,3,1.5,0,0
1,0.25,3,2,0,0
1,0.25,3,25,0,0
1,0.25,3,25.5,0,0
1,0.25,3.5,1.5,0,0
1,0.25,3.5,2,0,0
1,0.25,3.5,25,0,0
1,0.25,3.5,25.5,0,0
1,0.25,4,1.5,0,0
1,0.25,4,2,0,0
1,0.25,4,25,0,0
1,0.25,4,25.5,0,0
1,0.25,4.5,1.5,0,0
1,0.25,4.5,2,0,0
1,0.25,4.5,25,0,0
1,0.25,4.5,25.5,0,0
1,0.25,5,1.5,0,0
1,0.25,5,2,0,0
1,0.25,5,25,0,0
1,0.25,5,25.5,0,0
1,0.25,5.5,1.5,0,0
1,0.25,5.5,2,0,0
1,0.25,5.5,25,0,0
1,0.25,5.5,25.5,0,0
1,0.25,6,1.5,0,0
1,0.25,6,2,0,0
1,0.25,6,25,0,0
1,0.25,6,25.5,0,0
1,0.25,6.5,1.5,0,0
1,0.25,6.5,2,0,0
1,0.25,6.5,25,0,0
1,0.25,6.5,25.5,0,0
1,0.25,7,1.5,0,0
1,0.25,7,2,0,0
1,0.25,7,25,0,0
1,0.25,7,25.5,0,0
536 2 0.5 3500 0.2 2 0 1e-05 0 9.81 35 35
0,0.25,2.5,9.52759,0,0.73575
0,0.25,2.5,10.0276,0,0.73575
0,0.25,2.5,10.5276,0,0.73575
0,0.25,2.5,11.0276,0,0.73575
0,0.25,2.5,11.5276,0,0.73575
0,0.25,2.5,12.0276,0,0.73575
0,0.25,2.5,12.5276,0,0.73575
0,0.25,2.5,13.0276,0,0.73575
0,0.25,2.5,13.5276,0,0.73575
0,0.25,2.5,14.0276,0,0.73575
0,0.25,2.5,14.5276,0,0.73575
0,0.25,2.5,15.0276,0,0.73575
0,0.25,2.5,15.5276,0,0.73575
0,0.25,2.5,16.0276,0,0.73575
0,0.25,2.5,16.5276,0,0.73575
0,0.25,2.5,17.0276,0,0.73575
0,0.25,2.5,17.5276,0,0.73575
0,0.25,2.5,18.0276,0,0.73575
0,0.25,2.5,18.5276,0,0.73575
0,0.25,2.5,19.0276,0,0.73575
0,0.25,2.5,19.5276,0,0.73575
0,0.25,2.5,20.0276,0,0.73575
0,0.25,2.5,20.5276,0,0.73575
0,0.25,2.5,21.0276,0,0.73575
0,0.25,2.5,21.5276,0,0.73575
0,0.25,2.5,22.0276,0,0.73575
0,0.25,2.5,22.5276,0,0.73575
0,0.25,2.5,23.0276,0,0.73575
0,0.25,2.5,23.5276,0,0.73575
0,0.25,2.5,24.0276,0,0.73575
0,0.25,3,9.52759,0,0.73575
0,0.25,3,10.0276,0,0.73575
0,0.25,3,10.5276,0,0.73575
0,0.25,3,11.0276,0,0.73575
0,0.25,3,11.5276,0,0.73575
0,0.25,3,12.0276,0,0.73575
0,0.25,3,12.5276,0,0.73575
0,0.25,3,13.0276,0,0.73575
0,0.25,3,13.5276,0,0.73575
0,0.25,3,14.0276,0,0.73575
0,0.25,3,14.5276,0,0.73575
0,0.25,3,15.0276,0,0.73575
0,0.25,3,15.5276,0,0.73575
0,0.25,3,16.0276,0,0.73575
0,0.25,3,16.5276,0,0.73575
0,0.25,3,17.0276,0,0.73575
0,0.25,3,17.5276,0,0.73575
0,0.25,3,18.0276,0,0.73575
0,0.25,3,18.5276,0,0.73575
0,0.25,3,19.0276,0,0.73575
0,0.25,3,19.5276,0,0.73575
0,0.25,3,20.0276,0,0.73575
0,0.25,3,20.5276,0,0.73575
0,0.25,3,21.0276,0,0.73575
0,0.25,3,21.5276,0,0.73575
0,0.25,3,22.0276,0,0.73575
0,0.25,3,22.5276,0,0.73575
0,0.25,3,23.0276,0,0.73575
0,0.25,3,23.5276,0,0.73575
0,0.25,3,24.0276,0,0.73575
0,0.25,3.5,9.52759,0,0.73575
0,0.25,3.5,10.0276,0,0.73575
0,0.25,3.5,10.5276,0,0.73575
0,0.25,3.5,11.0276,0,0.73575
0,0.25,3.5,11.5276,0,0.73575
0,0.25,3.5,12.0276,0,0.73575
0,0.25,3.5,12.5276,0,0.73575
0,0.25,3.5,13.0276,0,0.73575
0,0.25,3.5,13.5276,0,0.73575
0,0.25,3.5,14.0276,0,0.73575
0,0.25,3.5,14.5276,0,0.73575
0,0.25,3.5,15.0276,0,0.73575
0,0.25,3.5,15.5276,0,0.73575
0,0.25,3.5,16.0276,0,0.73575
0,0.25,3.5,16.5276,0,0.73575
0,0.25,3.5,17.0276,0,0.73575
0,0.25,3.5,17.5276,0,0.73575
0,0.25,3.5,18.0276,0,0.73575
0,0.25,3.5,18.5276,0,0.73575
0,0.25,3.5,19.0276,0,0.73575
0,0.25,3.5,19.5276,0,0.73575
0,0.25,3.5,20.0276,0,0.73575
0,0.25,3.5,20.5276,0,0.73575
0,0.25,3.5,21.0276,0,0.73575
0,0.25,3.5,21.5276,0,0.73575
0,0.25,3.5,22.0276,0,0.73575
0,0.25,3.5,22.5276,0,0.73575
0,0.25,3.5,23.0276,0,0.73575
0,0.25,3.5,23.5276,0,0.73575
0,0.25,3.5,24.0276,0,0.73575
0,0.25,4,9.52759,0,0.73575
0,0.25,4,10.0276,0,0.73575
0,0.25,4,10.5276,0,0.73575
0,0.25,4,11.0276,0,0.73575
0,0.25,4,11.5276,0,0.73575
0,0.25,4,12.0276,0,0.73575
0,0.25,4,12.5276,0,0.73575
0,0.25,4,13.0276,0,0.73575
0,0.25,4,13.5276,0,0.73575
0,0.25,4,14.0276,0,0.73575
0,0.25,4,14.5276,0,0.73575
0,0.25,4,15.0276,0,0.73575
0,0.25,4,15.5276,0,0.73575
0,0.25,4,16.0276,0,0.73575
0,0.25,4,16.5276,0,0.73575
0,0.25,4,17.0276,0,0.73575
0,0.25,4,17.5276,0,0.73575
0,0.25,4,18.0276,0,0.73575
0,0.25,4,18.5276,0,0.73575
0,0.25,4,19.0276,0,0.73575
0,0.25,4,19.5276,0,0.73575
0,0.25,4,20.0276,0,0.73575
0,0.25,4,20.5276,0,0.73575
0,0.25,4,21.0276,0,0.73575
0,0.25,4,21.5276,0,0.73575
0,0.25,4,22.0276,0,0.73575
0,0.25,4,22.5276,0,0.73575
0,0.25,4,23.0276,0,0.73575
0,0.25,4,23.5276,0,0.73575
0,0.25,4,24.0276,0,0.73575
0,0.25,4.5,9.52759,0,0.73575
0,0.25,4.5,10.0276,0,0.73575
0,0.25,4.5,10.5276,0,0.73575
0,0.25,4.5,11.0276,0,0.73575
0,0.25,4.5,11.5276,0,0.73575
0,0.25,4.5,12.0276,0,0.73575
0,0.25,4.5,12.5276,0,0.73575
0,0.25,4.5,13.0276,0,0.73575
0,0.25,4.5,13.5276,0,0.73575
0,0.25,4.5,14.0276,0,0.73575
0,0.25,4.5,14.5276,0,0.73575
0,0.25,4.5,15.0276,0,0.73575
0,0.25,4.5,15.5276,0,0.73575
0,0.25,4.5,16.0276,0,0.73575
0,0.25,4.5,16.5276,0,0.73575
0,0.25,4.5,17.0276,0,0.73575
0,0.25,4.5,17.5276,0,0.73575
0,0.25,4.5,18.0276,0,0.73575
0,0.25,4.5,18.5276,0,0.73575
0,0.25,4.5,19.0276,0,0.73575
0,0.25,4.5,19.5276,0,0.73575
0,0.25,4.5,20.0276,0,0.73575
0,0.25,4.5,20.5276,0,0.73575
0,0.25,4.5,21.0276,0,0.73575
0,0.25,4.5,21.5276,0,0.73575
0,0.25,4.5,22.0276,0,0.73575
0,0.25,4.5,22.5276,0,0.73575
0,0.25,4.5,23.0276,0,0.73575
0,0.25,4.5,23.5276,0,0.73575
0,0.25,4.5,24.0276,0,0.73575
0,0.25,5,9.52759,0,0.73575
0,0.25,5,10.0276,0,0.73575
0,0.25,5,10.5276,0,0.73575
0,0.25,5,11.0276,0,0.73575
0,0.25,5,11.5276,0,0.73575
0,0.25,5,12.0276,0,0.73575
0,0.25,5,12.5276,0,0.73575
0,0.25,5,13.0276,0,0.73575
0,0.25,5,13.5276,0,0.73575
0,0.25,5,14.0276,0,0.73575
0,0.25,5,14.5276,0,0.73575
0,0.25,5,15.0276,0,0.73575
0,0.25,5,15.5276,0,0.73575
0,0.25,5,16.0276,0,0.73575
0,0.25,5,16.5276,0,0.73575
0,0.25,5,17.0276,0,0.73575
0,0.25,5,17.5276,0,0.73575
0,0.25,5,18.0276,0,0.73575
0,0.25,5,18.5276,0,0.73575
0,0.25,5,19.0276,0,0.73575
0,0.25,5,19.5276,0,0.73575
0,0.25,5,20.0276,0,0.73575
0,0.25,5,20.5276,0,0.73575
0,0.25,5,21.0276,0,0.73575
0,0.25,5,21.5276,0,0.73575
0,0.25,5,22.0276,0,0.73575
0,0.25,5,22.5276,0,0.73575
0,0.25,5,23.0276,0,0.73575
0,0.25,5,23.5276,0,0.73575
0,0.25,5,24.0276,0,0.73575
0,0.25,5.5,9.52759,0,0.73575
0,0.25,5.5,10.0276,0,0.73575
0,0.25,5.5,10.5276,0,0.73575
0,0.25,5.5,11.0276,0,0.73575
0,0.25,5.5,11.5276,0,0.73575
0,0.25,5.5,12.0276,0,0.73575
0,0.25,5.5,12.5276,0,0.73575
0,0.25,5.5,13.0276,0,0.73575
0,0.25,5.5,13.5276,0,0.73575
0,0.25,5.5,14.0276,0,0.73575
0,0.25,5.5,14.5276,0,0.73575
0,0.25,5.5,15.0276,0,0.73575
0,0.25,5.5,15.5276,0,0.73575
0,0.25,5.5,16.0276,0,0.73575
0,0.25,5.5,16.5276,0,0.73575
0,0.25,5.5,17.0276,0,0.73575
0,0.25,5.5,17.5276,0,0.73575
0,0.25,5.5,18.0276,0,0.73575
0,0.25,5.5,18.5276,0,0.73575
0,0.25,5.5,19.0276,0,0.73575
0,0.25,5.5,19.5276,0,0.73575
0,0.25,5.5,20.0276,0,0.73575
0,0.25,5.5,20.5276,0,0.73575
0,0.25,5.5,21.0276,0,0.73575
0,0.25,5.5,21.5276,0,0.73575
0,0.25,5.5,22.0276,0,0.73575
0,0.25,5.5,22.5276,0,0.73575
0,0.25,5.5,23.0276,0,0.73575
0,0.25,5.5,23.5276,0,0.73575
0,0.25,5.5,24.0276,0,0.73575
0,0.25,6,9.52759,0,0.73575
0,0.25,6,10.0276,0,0.73575
0,0.25,6,10.5276,0,0.73575
0,0.25,6,11.0276,0,0.73575
0,0.25,6,11.5276,0,0.73575
0,0.25,6,12.0276,0,0.73575
0,0.25,6,12.5276,0,0.73575
0,0.25,6,13.0276,0,0.73575
0,0.25,6,13.5276,0,0.73575
0,0.25,6,14.0276,0,0.73575
0,0.25,6,14.5276,0,0.73575
0,0.25,6,15.0276,0,0.73575
0,0.25,6,15.5276,0,0.73575
0,0.25,6,16.0276,0,0.73575
0,0.25,6,16.5276,0,0.73575
0,0.25,6,17.0276,0,0.73575
0,0.25,6,17.5276,0,0.73575
0,0.25,6,18.0276,0,0.73575
0,0.25,6,18.5276,0,0.73575
0,0.25,6,19.0276,0,0.73575
0,0.25,6,19.5276,0,0.73575
0,0.25,6,20.0276,0,0.73575
0,0.25,6,20.5276,0,0.73575
0,0.25,6,21.0276,0,0.73575
0,0.25,6,21.5276,0,0.73575
0,0.25,6,22.0276,0,0.73575
0,0.25,6,22.5276,0,0.73575
0,0.25,6,23.0276,0,0.73575
0,0.25,6,23.5276,0,0.73575
0,0.25,6,24.0276,0,0.73575
0,0.25,6.5,9.52759,0,0.73575
0,0.25,6.5,10.0276,0,0.73575
0,0.25,6.5,10.5276,0,0.73575
0,0.25,6.5,11.0276,0,0.73575
0,0.25,6.5,11.5276,0,0.73575
0,0.25,6.5,12.0276,0,0.73575
0,0.25,6.5,12.5276,0,0.73575
0,0.25,6.5,13.0276,0,0.73575
0,0.25,6.5,13.5276,0,0.73575
0,0.25,6.5,14.0276,0,0.73575
0,0.25,6.5,14.5276,0,0.73575
0,0.25,6.5,15.0276,0,0.73575
0,0.25,6.5,15.5276,0,0.73575
0,0.25,6.5,16.0276,0,0.73575
0,0.25,6.5,16.5276,0,0.73575
0,0.25,6.5,17.0276,0,0.73575
0,0.25,6.5,17.5276,0,0.73575
0,0.25,6.5,18.0276,0,0.73575
0,0.25,6.5,18.5276,0,0.73575
0,0.25,6.5,19.0276,0,0.73575
0,0.25,6.5,19.5276,0,0.73575
0,0.25,6.5,20.0276,0,0.73575
0,0.25,6.5,20.5276,0,0.73575
0,0.25,6.5,21.0276,0,0.73575
0,0.25,6.5,21.5276,0,0.73575
0,0.25,6.5,22.0276,0,0.73575
0,0.25,6.5,22.5276,0,0.73575
0,0.25,6.5,23.0276,0,0.73575
0,0.25,6.5,23.5276,0,0.73575
0,0.25,6.5,24.0276,0,0.73575
0,0.25,7,9.52759,0,0.73575
0,0.25,7,10.0276,0,0.73575
0,0.25,7,10.5276,0,0.73575
0,0.25,7,11.0276,0,0.73575
0,0.25,7,11.5276,0,0.73575
0,0.25,7,12.0276,0,0.73575
0,0.25,7,12.5276,0,0.73575
0,0.25,7,13.0276,0,0.73575
0,0.25,7,13.5276,0,0.73575
0,0.25,7,14.0276,0,0.73575
0,0.25,7,14.5276,0,0.73575
0,0.25,7,15.0276,0,0.73575
0,0.25,7,15.5276,0,0.73575
0,0.25,7,16.0276,0,0.73575
0,0.25,7,16.5276,0,0.73575
0,0.25,7,17.0276,0,0.73575
0,0.25,7,17.5276,0,0.73575
0,0.25,7,18.0276,0,0.73575
0,0.25,7,18.5276,0,0.73575
0,0.25,7,19.0276,0,0.73575
0,0.25,7,19.5276,0,0.73575
0,0.25,7,20.0276,0,0.73575
0,0.25,7,20.5276,0,0.73575
0,0.25,7,21.0276,0,0.73575
0,0.25,7,21.5276,0,0.73575
0,0.25,7,22.0276,0,0.73575
0,0.25,7,22.5276,0,0.73575
0,0.25,7,23.0276,0,0.73575
0,0.25,7,23.5276,0,0.73575
0,0.25,7,24.0276,0,0.73575
1,0.25,7.5,1.5,0,0
1,0.25,8,1.5,0,0
1,0.25,1.5,1.5,0,0
1,0.25,2,1.5,0,0
1,0.25,7.5,2,0,0
1,0.25,8,2,0,0
1,0.25,1.5,2,0,0
1,0.25,2,2,0,0
1,0.25,7.5,2.5,0,0
1,0.25,8,2.5,0,0
1,0.25,1.5,2.5,0,0
1,0.25,2,2.5,0,0
1,0.25,7.5,3,0,0
1,0.25,8,3,0,0
1,0.25,1.5,3,0,0
1,0.25,2,3,0,0
1,0.25,7.5,3.5,0,0
1,0.25,8,3.5,0,0
1,0.25,1.5,3.5,0,0
1,0.25,2,3.5,0,0
1,0.25,7.5,4,0,0
1,0.25,8,4,0,0
1,0.25,1.5,4,0,0
1,0.25,2,4,0,0
1,0.25,7.5,4.5,0,0
1,0.25,8,4.5,0,0
1,0.25,1.5,4.5,0,0
1,0.25,2,4.5,0,0
1,0.25,7.5,5,0,0
1,0.25,8,5,0,0
1,0.25,1.5,5,0,0
1,0.25,2,5,0,0
1,0.25,7.5,5.5,0,0
1,0.25,8,5.5,0,0
1,0.25,1.5,5.5,0,0
1,0.25,2,5.5,0,0
1,0.25,7.5,6,0,0
1,0.25,8,6,0,0
1,0.25,1.5,6,0,0
1,0.25,2,6,0,0
1,0.25,7.5,6.5,0,0
1,0.25,8,6.5,0,0
1,0.25,1.5,6.5,0,0
1,0.25,2,6.5,0,0
1,0.25,7.5,7,0,0
1,0.25,8,7,0,0
1,0.25,1.5,7,0,0
1,0.25,2,7,0,0
1,0.25,7.5,7.5,0,0
1,0.25,8,7.5,0,0
1,0.25,1.5,7.5,0,0
1,0.25,2,7.5,0,0
1,0.25,7.5,8,0,0
1,0.25,8,8,0,0
1,0.25,1.5,8,0,0
1,0.25,2,8,0,0
1,0.25,7.5,8.5,0,0
1,0.25,8,8.5,0,0
1,0.25,1.5,8.5,0,0
1,0.25,2,8.5,0,0
1,0.25,7.5,9,0,0
1,0.25,8,9,0,0
1,0.25,1.5,9,0,0
1,0.25,2,9,0,0
1,0.25,7.5,9.5,0,0
1,0.25,8,9.5,0,0
1,0.25,1.5,9.5,0,0
1,0.25,2,9.5,0,0
1,0.25,7.5,10,0,0
1,0.25,8,10,0,0
1,0.25,1.5,10,0,0
1,0.25,2,10,0,0
1,0.25,7.5,10.5,0,0
1,0.25,8,10.5,0,0
1,0.25,1.5,10.5,0,0
1,0.25,2,10.5,0,0
1,0.25,7.5,11,0,0
1,0.25,8,11,0,0
1,0.25,1.5,11,0,0
1,0.25,2,11,0,0
1,0.25,7.5,11.5,0,0
1,0.25,8,11.5,0,0
1,0.25,1.5,11.5,0,0
1,0.25,2,11.5,0,0
1,0.25,7.5,12,0,0
1,0.25,8,12,0,0
1,0.25,1.5,12,0,0
1,0.25,2,12,0,0
1,0.25,7.5,12.5,0,0
1,0.25,8,12.5,0,0
1,0.25,1.5,12.5,0,0
1,0.25,2,12.5,0,0
1,0.25,7.5,13,0,0
1,0.25,8,13,0,0
1,0.25,1.5,13,0,0
1,0.25,2,13,0,0
1,0.25,7.5,13.5,0,0
1,0.25,8,13.5,0,0
1,0.25,1.5,13.5,0,0
1,0.25,2,13.5,0,0
1,0.25,7.5,14,0,0
1,0.25,8,14,0,0
1,0.25,1.5,14,0,0
1,0.25,2,14,0,0
1,0.25,7.5,14.5,0,0
1,0.25,8,14.5,0,0
1,0.25,1.5,14.5,0,0
1,0.25,2,14.5,0,0
1,0.25,7.5,15,0,0
1,0.25,8,15,0,0
1,0.25,1.5,15,0,0
1,0.25,2,15,0,0
1,0.25,7.5,15.5,0,0
1,0.25,8,15.5,0,0
1,0.25,1.5,15.5,0,0
1,0.25,2,15.5,0,0
1,0.25,7.5,16,0,0
1,0.25,8,16,0,0
1,0.25,1.5,16,0,0
1,0.25,2,16,0,0
1,0.25,7.5,16.5,0,0
1,0.25,8,16.5,0,0
1,0.25,1.5,16.5,0,0
1,0.25,2,16.5,0,0
1,0.25,7.5,17,0,0
1,0.25,8,17,0,0
1,0.25,1.5,17,0,0
1,0.25,2,17,0,0
1,0.25,7.5,17.5,0,0
1,0.25,8,17.5,0,0
1,0.25,1.5,17.5,0,0
1,0.25,2,17.5,0,0
1,0.25,7.5,18,0,0
1,0.25,8,18,0,0
1,0.25,1.5,18,0,0
1,0.25,2,18,0,0
1,0.25,7.5,18.5,0,0
1,0.25,8,18.5,0,0
1,0.25,1.5,18.5,0,0
1,0.25,2,18.5,0,0
1,0.25,7.5,19,0,0
1,0.25,8,19,0,0
1,0.25,1.5,19,0,0
1,0.25,2,19,0,0
1,0.25,7.5,19.5,0,0
1,0.25,8,19.5,0,0
1,0.25,1.5,19.5,0,0
1,0.25,2,19.5,0,0
1,0.25,7.5,20,0,0
1,0.25,8,20,0,0
1,0.25,1.5,20,0,0
1,0.25,2,20,0,0
1,0.25,7.5,20.5,0,0
1,0.25,8,20.5,0,0
1,0.25,1.5,20.5,0,0
1,0.25,2,20.5,0,0
1,0.25,7.5,21,0,0
1,0.25,8,21,0,0
1,0.25,1.5,21,0,0
1,0.25,2,21,0,0
1,0.25,7.5,21.5,0,0
1,0.25,8,21.5,0,0
1,0.25,1.5,21.5,0,0
1,0.25,2,21.5,0,0
1,0.25,7.5,22,0,0
1,0.25,8,22,0,0
1,0.25,1.5,22,0,0
1,0.25,2,22,0,0
1,0.25,7.5,22.5,0,0
1,0.25,8,22.5,0,0
1,0.25,1.5,22.5,0,0
1,0.25,2,22.5,0,0
1,0.25,7.5,23,0,0
1,0.25,8,23,0,0
1,0.25,1.5,23,0,0
1,0.25,2,23,0,0
1,0.25,7.5,23.5,0,0
1,0.25,8,23.5,0,0
1,0.25,1.5,23.5,0,0
1,0.25,2,23.5,0,0
1,0.25,7.5,24,0,0
1,0.25,8,24,0,0
1,0.25,1.5,24,0,0
1,0.25,2,24,0,0
1,0.25,7.5,24.5,0,0
1,0.25,8,24.5,0,0
1,0.25,1.5,24.5,0,0
1,0.25,2,24.5,0,0
1,0.25,7.5,25,0,0
1,0.25,8,25,0,0
1,0.25,1.5,25,0,0
1,0.25,2,25,0,0
1,0.25,7.5,25.5,0,0
1,0.25,8,25.5,0,0
1,0.25,1.5,25.5,0,0
1,0.25,2,25.5,0,0
1,0.25,2.5,1.5,0,0
1,0.25,2.5,2,0,0
1,0.25,2.5,25,0,0
1,0.25,2.5,25.5,0,0
1,0.25,3,1.5,0,0
1,0.25,3,2,0,0
1,0.25,3,25,0,0
1,0.25,3,25.5,0,0
1,0.25,3.5,1.5,0,0
1,0.25,3.5,2,0,0
1,0.25,3.5,25,0,0
1,0.25,3.5,25.5,0,0
1,0.25,4,1.5,0,0
1,0.25,4,2,0,0
1,0.25,4,25,0,0
1,0.25,4,25.5,0,0
1,0.25,4.5,1.5,0,0
1,0.25,4.5,2,0,0
1,0.25,4.5,25,0,0
1,0.25,4.5,25.5,0,0
1,0.25,5,1.5,0,0
1,0.25,5,2,0,0
1,0.25,5,25,0,0
1,0.25,5,25.5,0,0
1,0.25,5.5,1.5,0,0
1,0.25,5.5,2,0,0
1,0.25,5.5,25,0,0
1,0.25,5.5,25.5,0,0
1,0.25,6,1.5,0,0
1,0.25,6,2,0,0
1,0.25,6,25,0,0
1,0.25,6,25.5,0,0
1,0.25,6.5,1.5,0,0
1,0.25,6.5,2,0,0
1,0.25,6.5,25,0,0
1,0.25,6.5,25.5,0,0
1,0.25,7,1.5,0,0
1,0.25,7,2,0,0
1,0.25,7,25,0,0
1,0.25,7,25.5,0,0
536 2 0.5 3500 0.2 2 0 2e-06 0 9.81 10 35
0,0.25,2.5,9.5011,-6.13024e-07,0.146814
0,0.25,2.5,10.0011,-6.13495e-07,0.146858
0,0.25,2.5,10.5011,-4.80011e-07,0.14686
0,0.25,2.5,11.0011,-5.22458e-07,0.146861
0,0.25,2.5,11.5011,-5.95375e-07,0.146862
0,0.25,2.5,12.0011,-5.9774e-07,0.146862
0,0.25,2.5,12.5011,-6.00947e-07,0.146862
0,0.25,2.5,13.0011,-6.00996e-07,0.146862
0,0.25,2.5,13.5011,-6.01055e-07,0.146862
0,0.25,2.5,14.0011,-6.01056e-07,0.146862
0,0.25,2.5,14.5011,-6.01056e-07,0.146862
0,0.25,2.5,15.0011,-6.01056e-07,0.146862
0,0.25,2.5,15.5011,-6.01056e-07,0.146862
0,0.25,2.5,16.0011,-6.01056e-07,0.146862
0,0.25,2.5,16.5011,-6.01056e-07,0.146862
0,0.25,2.5,17.0011,-6.01056e-07,0.146862
0,0.25,2.5,17.5011,-6.01056e-07,0.146862
0,0.25,2.5,18.0011,-6.01056e-07,0.146862
0,0.25,2.5,18.5011,-6.01056e-07,0.146862
0,0.25,2.5,19.0011,-6.01056e-07,0.146862
0,0.25,2.5,19.5011,-6.01056e-07,0.146862
0,0.25,2.5,20.0011,-6.01056e-07,0.146862
0,0.25,2.5,20.5011,-6.00996e-07,0.146862
0,0.25,2.5,21.0011,-6.01018e-07,0.146862
0,0.25,2.5,21.5011,-5.97573e-07,0.146862
0,0.25,2.5,22.0011,-6.01127e-07,0.146862
0,0.25,2.5,22.5011,-4.94787e-07,0.146862
0,0.25,2.5,23.0011,-6.62846e-07,0.146861
0,0.25,2.5,23.5011,1.82865e-06,0.146865
0,0.25,2.5,24.0011,-7.67448e-07,0.146821
0,0.25,3,9.5011,-2.57373e-07,0.147146
0,0.25,3,10.0011,-1.1174e-06,0.147145
0,0.25,3,10.5011,-6.44189e-07,0.147149
0,0.25,3,11.0011,-5.80363e-07,0.147149
0,0.25,3,11.5011,-5.9706e-07,0.14715
0,0.25,3,12.0011,-5.99534e-07,0.14715
0,0.25,3,12.5011,-6.00921e-07,0.14715
0,0.25,3,13.0011,-6.01024e-07,0.14715
0,0.25,3,13.5011,-6.01056e-07,0.14715
0,0.25,3,14.0011,-6.01057e-07,0.14715
0,0.25,3,14.5011,-6.01057e-07,0.14715
0,0.25,3,15.0011,-6.01057e-07,0.14715
0,0.25,3,15.5011,-6.01057e-07,0.14715
0,0.25,3,16.0011,-6.01057e-07,0.14715
0,0.25,3,16.5011,-6.01057e-07,0.14715
0,0.25,3,17.0011,-6.01057e-07,0.14715
0,0.25,3,17.5011,-6.01057e-07,0.14715
0,0.25,3,18.0011,-6.01057e-07,0.14715
0,0.25,3,18.5011,-6.01057e-07,0.14715
0,0.25,3,19.0011,-6.01057e-07,0.14715
0,0.25,3,19.5011,-6.01057e-07,0.14715
0,0.25,3,20.0011,-6.01056e-07,0.14715
0,0.25,3,20.5011,-6.01024e-07,0.14715
0,0.25,3,21.0011,-6.00883e-07,0.14715
0,0.25,3,21.5011,-5.99441e-07,0.14715
0,0.25,3,22.0011,-5.90645e-07,0.14715
0,0.25,3,22.5011,-5.59338e-07,0.14715
0,0.25,3,23.0011,-1.63612e-07,0.14715
0,0.25,3,23.5011,9.36923e-07,0.147154
0,0.25,3,24.0011,2.4285e-07,0.147155
0,0.25,3.5,9.5011,-6.95005e-08,0.147146
0,0.25,3.5,10.0011,-2.81324e-07,0.147146
0,0.25,3.5,10.5011,-6.18655e-08,0.147149
0,0.25,3.5,11.0011,-1.43985e-08,0.147149
0,0.25,3.5,11.5011,-1.22011e-08,0.14715
0,0.25,3.5,12.0011,-1.21416e-08,0.14715
0,0.25,3.5,12.5011,-1.25917e-08,0.14715
0,0.25,3.5,13.0011,-1.26307e-08,0.14715
0,0.25,3.5,13.5011,-1.26454e-08,0.14715
0,0.25,3.5,14.0011,-1.26461e-08,0.14715
0,0.25,3.5,14.5011,-1.26462e-08,0.14715
0,0.25,3.5,15.0011,-1.26462e-08,0.14715
0,0.25,3.5,15.5011,-1.26462e-08,0.14715
0,0.25,3.5,16.0011,-1.26462e-08,0.14715
0,0.25,3.5,16.5011,-1.26462e-08,0.14715
0,0.25,3.5,17.0011,-1.26462e-08,0.14715
0,0.25,3.5,17.5011,-1.26462e-08,0.14715
0,0.25,3.5,18.0011,-1.26462e-08,0.14715
0,0.25,3.5,18.5011,-1.26462e-08,0.14715
0,0.25,3.5,19.0011,-1.26462e-08,0.14715
0,0.25,3.5,19.5011,-1.2646e-08,0.14715
0,0.25,3.5,20.0011,-1.26451e-08,0.14715
0,0.25,3.5,20.5011,-1.26294e-08,0.14715
0,0.25,3.5,21.0011,-1.25343e-08,0.14715
0,0.25,3.5,21.5011,-1.19231e-08,0.14715
0,0.25,3.5,22.0011,-6.96167e-09,0.14715
0,0.25,3.5,22.5011,8.19906e-09,0.147151
0,0.25,3.5,23.0011,1.02768e-07,0.14715
0,0.25,3.5,23.5011,3.61192e-07,0.147154
0,0.25,3.5,24.0011,8.73061e-08,0.147154
0,0.25,4,9.5011,-3.55445e-09,0.147146
0,0.25,4,10.0011,-1.70761e-08,0.147146
0,0.25,4,10.5011,-1.78749e-08,0.147149
0,0.25,4,11.0011,-1.44509e-08,0.147149
0,0.25,4,11.5011,-1.15602e-08,0.14715
0,0.25,4,12.0011,-1.13783e-08,0.14715
0,0.25,4,12.5011,-1.14522e-08,0.14715
0,0.25,4,13.0011,-1.14645e-08,0.14715
0,0.25,4,13.5011,-1.14694e-08,0.14715
0,0.25,4,14.0011,-1.14697e-08,0.14715
0,0.25,4,14.5011,-1.14698e-08,0.14715
0,0.25,4,15.0011,-1.14698e-08,0.14715
0,0.25,4,15.5011,-1.14698e-08,0.14715
0,0.25,4,16.0011,-1.14698e-08,0.14715
0,0.25,4,16.5011,-1.14698e-08,0.14715
0,0.25,4,17.0011,-1.14698e-08,0.14715
0,0.25,4,17.5011,-1.14698e-08,0.14715
0,0.25,4,18.0011,-1.14698e-08,0.14715
0,0.25,4,18.5011,-1.14698e-08,0.14715
0,0.25,4,19.0011,-1.14697e-08,0.14715
0,0.25,4,19.5011,-1.14697e-08,0.14715
0,0.25,4,20.0011,-1.14691e-08,0.14715
0,0.25,4,20.5011,-1.14632e-08,0.14715
0,0.25,4,21.0011,-1.14173e-08,0.14715
0,0.25,4,21.5011,-1.11948e-08,0.14715
0,0.25,4,22.0011,-9.55983e-09,0.14715
0,0.25,4,22.5011,-3.28135e-09,0.147151
0,0.25,4,23.0011,4.75432e-09,0.147151
0,0.25,4,23.5011,9.29113e-09,0.147154
0,0.25,4,24.0011,2.22983e-09,0.147154
0,0.25,4.5,9.5011,-6.90239e-10,0.147146
0,0.25,4.5,10.0011,-3.08768e-09,0.147146
0,0.25,4.5,10.5011,-1.80927e-09,0.147149
0,0.25,4.5,11.0011,-4.92255e-10,0.147149
0,0.25,4.5,11.5011,-6.06671e-11,0.14715
0,0.25,4.5,12.0011,-3.03731e-11,0.14715
0,0.25,4.5,12.5011,-3.28817e-11,0.14715
0,0.25,4.5,13.0011,-3.56229e-11,0.14715
0,0.25,4.5,13.5011,-3.66822e-11,0.14715
0,0.25,4.5,14.0011,-3.67633e-11,0.14715
0,0.25,4.5,14.5011,-3.67824e-11,0.14715
0,0.25,4.5,15.0011,-3.67912e-11,0.14715
0,0.25,4.5,15.5011,-3.68018e-11,0.14715
0,0.25,4.5,16.0011,-3.6808e-11,0.14715
0,0.25,4.5,16.5011,-3.68051e-11,0.14715
0,0.25,4.5,17.0011,-3.67907e-11,0.14715
0,0.25,4.5,17.5011,-3.67772e-11,0.14715
0,0.25,4.5,18.0011,-3.67745e-11,0.14715
0,0.25,4.5,18.5011,-3.67733e-11,0.14715
0,0.25,4.5,19.0011,-3.67677e-11,0.14715
0,0.25,4.5,19.5011,-3.6743e-11,0.14715
0,0.25,4.5,20.0011,-3.65238e-11,0.14715
0,0.25,4.5,20.5011,-3.50255e-11,0.14715
0,0.25,4.5,21.0011,-2.29681e-11,0.14715
0,0.25,4.5,21.5011,3.36282e-11,0.14715
0,0.25,4.5,22.0011,2.97856e-10,0.14715
0,0.25,4.5,22.5011,1.41041e-09,0.147151
0,0.25,4.5,23.0011,3.82569e-09,0.147151
0,0.25,4.5,23.5011,5.29903e-09,0.147154
0,0.25,4.5,24.0011,1.14075e-09,0.147154
0,0.25,5,9.5011,6.89814e-10,0.147146
0,0.25,5,10.0011,3.08582e-09,0.147146
0,0.25,5,10.5011,1.80861e-09,0.147149
0,0.25,5,11.0011,4.92684e-10,0.147149
0,0.25,5,11.5011,5.8608e-11,0.14715
0,0.25,5,12.0011,2.6611e-11,0.14715
0,0.25,5,12.5011,2.8582e-11,0.14715
0,0.25,5,13.0011,3.12136e-11,0.14715
0,0.25,5,13.5011,3.22449e-11,0.14715
0,0.25,5,14.0011,3.23267e-11,0.14715
0,0.25,5,14.5011,3.23441e-11,0.14715
0,0.25,5,15.0011,3.23498e-11,0.14715
0,0.25,5,15.5011,3.23669e-11,0.14715
0,0.25,5,16.0011,3.23674e-11,0.14715
0,0.25,5,16.5011,3.23554e-11,0.14715
0,0.25,5,17.0011,3.23496e-11,0.14715
0,0.25,5,17.5011,3.23435e-11,0.14715
0,0.25,5,18.0011,3.23435e-11,0.14715
0,0.25,5,18.5011,3.23421e-11,0.14715
0,0.25,5,19.0011,3.23394e-11,0.14715
0,0.25,5,19.5011,3.23192e-11,0.14715
0,0.25,5,20.0011,3.21048e-11,0.14715
0,0.25,5,20.5011,3.06254e-11,0.14715
0,0.25,5,21.0011,1.86671e-11,0.14715
0,0.25,5,21.5011,-3.73672e-11,0.14715
0,0.25,5,22.0011,-2.99595e-10,0.14715
0,0.25,5,22.5011,-1.40932e-09,0.147151
0,0.25,5,23.0011,-3.82425e-09,0.147151
0,0.25,5,23.5011,-5.29793e-09,0.147154
0,0.25,5,24.0011,-1.14054e-09,0.147154
0,0.25,5.5,9.5011,3.55493e-09,0.147146
0,0.25,5.5,10.0011,1.70787e-08,0.147146
0,0.25,5.5,10.5011,1.78784e-08,0.147149
0,0.25,5.5,11.0011,1.4454e-08,0.147149
0,0.25,5.5,11.5011,1.15629e-08,0.14715
0,0.25,5.5,12.0011,1.1381e-08,0.14715
0,0.25,5.5,12.5011,1.1455e-08,0.14715
0,0.25,5.5,13.0011,1.14671e-08,0.14715
0,0.25,5.5,13.5011,1.1472e-08,0.14715
0,0.25,5.5,14.0011,1.14723e-08,0.14715
0,0.25,5.5,14.5011,1.14724e-08,0.14715
0,0.25,5.5,15.0011,1.14724e-08,0.14715
0,0.25,5.5,15.5011,1.14724e-08,0.14715
0,0.25,5.5,16.0011,1.14724e-08,0.14715
0,0.25,5.5,16.5011,1.14724e-08,0.14715
0,0.25,5.5,17.0011,1.14724e-08,0.14715
0,0.25,5.5,17.5011,1.14724e-08,0.14715
0,0.25,5.5,18.0011,1.14724e-08,0.14715
0,0.25,5.5,18.5011,1.14724e-08,0.14715
0,0.25,5.5,19.0011,1.14724e-08,0.14715
0,0.25,5.5,19.5011,1.14723e-08,0.14715
0,0.25,5.5,20.0011,1.14717e-08,0.14715
0,0.25,5.5,20.5011,1.14659e-08,0.14715
0,0.25,5.5,21.0011,1.142e-08,0.14715
0,0.25,5.5,21.5011,1.11975e-08,0.14715
0,0.25,5.5,22.0011,9.5617e-09,0.14715
0,0.25,5.5,22.5011,3.28204e-09,0.147151
0,0.25,5.5,23.0011,-4.75367e-09,0.147151
0,0.25,5.5,23.5011,-9.29049e-09,0.147154
0,0.25,5.5,24.0011,-2.2297e-09,0.147154
0,0.25,6,9.5011,6.95008e-08,0.147146
0,0.25,6,10.0011,2.81324e-07,0.147146
0,0.25,6,10.5011,6.18629e-08,0.147149
0,0.25,6,11.0011,1.43931e-08,0.147149
0,0.25,6,11.5011,1.22e-08,0.14715
0,0.25,6,12.0011,1.21435e-08,0.14715
0,0.25,6,12.5011,1.25944e-08,0.14715
0,0.25,6,13.0011,1.26335e-08,0.14715
0,0.25,6,13.5011,1.26482e-08,0.14715
0,0.25,6,14.0011,1.26488e-08,0.14715
0,0.25,6,14.5011,1.2649e-08,0.14715
0,0.25,6,15.0011,1.2649e-08,0.14715
0,0.25,6,15.5011,1.2649e-08,0.14715
0,0.25,6,16.0011,1.2649e-08,0.14715
0,0.25,6,16.5011,1.26489e-08,0.14715
0,0.25,6,17.0011,1.26489e-08,0.14715
0,0.25,6,17.5011,1.2649e-08,0.14715
0,0.25,6,18.0011,1.2649e-08,0.14715
0,0.25,6,18.5011,1.26489e-08,0.14715
0,0.25,6,19.0011,1.26489e-08,0.14715
0,0.25,6,19.5011,1.26488e-08,0.14715
0,0.25,6,20.0011,1.26479e-08,0.14715
0,0.25,6,20.5011,1.26322e-08,0.14715
0,0.25,6,21.0011,1.2537e-08,0.14715
0,0.25,6,21.5011,1.1925e-08,0.14715
0,0.25,6,22.0011,6.96046e-09,0.14715
0,0.25,6,22.5011,-8.20388e-09,0.147151
0,0.25,6,23.0011,-1.02772e-07,0.14715
0,0.25,6,23.5011,-3.61195e-07,0.147154
0,0.25,6,24.0011,-8.73066e-08,0.147154
0,0.25,6.5,9.5011,2.57373e-07,0.147146
0,0.25,6.5,10.0011,1.1174e-06,0.147145
0,0.25,6.5,10.5011,6.44188e-07,0.147149
0,0.25,6.5,11.0011,5.80363e-07,0.147149
0,0.25,6.5,11.5011,5.9706e-07,0.14715
0,0.25,6.5,12.0011,5.99535e-07,0.14715
0,0.25,6.5,12.5011,6.00922e-07,0.14715
0,0.25,6.5,13.0011,6.01025e-07,0.14715
0,0.25,6.5,13.5011,6.01057e-07,0.14715
0,0.25,6.5,14.0011,6.01058e-07,0.14715
0,0.25,6.5,14.5011,6.01059e-07,0.14715
0,0.25,6.5,15.0011,6.01059e-07,0.14715
0,0.25,6.5,15.5011,6.01059e-07,0.14715
0,0.25,6.5,16.0011,6.01059e-07,0.14715
0,0.25,6.5,16.5011,6.01059e-07,0.14715
0,0.25,6.5,17.0011,6.01059e-07,0.14715
0,0.25,6.5,17.5011,6.01059e-07,0.14715
0,0.25,6.5,18.0011,6.01059e-07,0.14715
0,0.25,6.5,18.5011,6.01059e-07,0.14715
0,0.25,6.5,19.0011,6.01059e-07,0.14715
0,0.25,6.5,19.5011,6.01058e-07,0.14715
0,0.25,6.5,20.0011,6.01057e-07,0.14715
0,0.25,6.5,20.5011,6.01025e-07,0.14715
0,0.25,6.5,21.0011,6.00884e-07,0.14715
0,0.25,6.5,21.5011,5.99442e-07,0.14715
0,0.25,6.5,22.0011,5.90646e-07,0.14715
0,0.25,6.5,22.5011,5.59339e-07,0.14715
0,0.25,6.5,23.0011,1.63611e-07,0.14715
0,0.25,6.5,23.5011,-9.36924e-07,0.147154
0,0.25,6.5,24.0011,-2.42851e-07,0.147155
0,0.25,7,9.5011,6.13023e-07,0.146814
0,0.25,7,10.0011,6.13495e-07,0.146858
0,0.25,7,10.5011,4.80012e-07,0.14686
0,0.25,7,11.0011,5.22462e-07,0.146861
0,0.25,7,11.5011,5.95377e-07,0.146862
0,0.25,7,12.0011,5.97741e-07,0.146862
0,0.25,7,12.5011,6.00948e-07,0.146862
0,0.25,7,13.0011,6.00997e-07,0.146862
0,0.25,7,13.5011,6.01056e-07,0.146862
0,0.25,7,14.0011,6.01057e-07,0.146862
0,0.25,7,14.5011,6.01058e-07,0.146862
0,0.25,7,15.0011,6.01058e-07,0.146862
0,0.25,7,15.5011,6.01057e-07,0.146862
0,0.25,7,16.0011,6.01057e-07,0.146862
0,0.25,7,16.5011,6.01058e-07,0.146862
0,0.25,7,17.0011,6.01058e-07,0.146862
0,0.25,7,17.5011,6.01058e-07,0.146862
0,0.25,7,18.0011,6.01058e-07,0.146862
0,0.25,7,18.5011,6.01058e-07,0.146862
0,0.25,7,19.0011,6.01058e-07,0.146862
0,0.25,7,19.5011,6.01057e-07,0.146862
0,0.25,7,20.0011,6.01057e-07,0.146862
0,0.25,7,20.5011,6.00997e-07,0.146862
0,0.25,7,21.0011,6.01019e-07,0.146862
0,0.25,7,21.5011,5.97574e-07,0.146862
0,0.25,7,22.0011,6.01129e-07,0.146862
0,0.25,7,22.5011,4.9479e-07,0.146862
0,0.25,7,23.0011,6.62848e-07,0.146861
0,0.25,7,23.5011,-1.82865e-06,0.146865
0,0.25,7,24.0011,7.67448e-07,0.146821
1,0.25,7.5,1.5,0,0
1,0.25,8,1.5,0,0
1,0.25,1.5,1.5,0,0
1,0.25,2,1.5,0,0
1,0.25,7.5,2,0,0
1,0.25,8,2,0,0
1,0.25,1.5,2,0,0
1,0.25,2,2,0,0
1,0.25,7.5,2.5,0,0
1,0.25,8,2.5,0,0
1,0.25,1.5,2.5,0,0
1,0.25,2,2.5,0,0
1,0.25,7.5,3,0,0
1,0.25,8,3,0,0
1,0.25,1.5,3,0,0
1,0.25,2,3,0,0
1,0.25,7.5,3.5,0,0
1,0.25,8,3.5,0,0
1,0.25,1.5,3.5,0,0
1,0.25,2,3.5,0,0
1,0.25,7.5,4,0,0
1,0.25,8,4,0,0
1,0.25,1.5,4,0,0
1,0.25,2,4,0,0
1,0.25,7.5,4.5,0,0
1,0.25,8,4.5,0,0
1,0.25,1.5,4.5,0,0
1,0.25,2,4.5,0,0
1,0.25,7.5,5,0,0
1,0.25,8,5,0,0
1,0.25,1.5,5,0,0
1,0.25,2,5,0,0
1,0.25,7.5,5.5,0,0
1,0.25,8,5.5,0,0
1,0.25,1.5,5.5,0,0
1,0.25,2,5.5,0,0
1,0.25,7.5,6,0,0
1,0.25,8,6,0,0
1,0.25,1.5,6,0,0
1,0.25,2,6,0,0
1,0.25,7.5,6.5,0,0
1,0.25,8,6.5,0,0
1,0.25,1.5,6.5,0,0
1,0.25,2,6.5,0,0
1,0.25,7.5,7,0,0
1,0.25,8,7,0,0
1,0.25,1.5,7,0,0
1,0.25,2,7,0,0
1,0.25,7.5,7.5,0,0
1,0.25,8,7.5,0,0
1,0.25,1.5,7.5,0,0
1,0.25,2,7.5,0,0
1,0.25,7.5,8,0,0
1,0.25,8,8,0,0
1,0.25,1.5,8,0,0
1,0.25,2,8,0,0
1,0.25,7.5,8.5,0,0
1,0.25,8,8.5,0,0
1,0.25,1.5,8.5,0,0
1,0.25,2,8.5,0,0
1,0.25,7.5,9,0,0
1,0.25,8,9,0,0
1,0.25,1.5,9,0,0
1,0.25,2,9,0,0
1,0.25,7.5,9.5,0,0
1,0.25,8,9.5,0,0
1,0.25,1.5,9.5,0,0
1,0.25,2,9.5,0,0
1,0.25,7.5,10,0,0
1,0.25,8,10,0,0
1,0.25,1.5,10,0,0
1,0.25,2,10,0,0
1,0.25,7.5,10.5,0,0
1,0.25,8,10.5,0,0
1,0.25,1.5,10.5,0,0
1,0.25,2,10.5,0,0
1,0.25,7.5,11,0,0
1,0.25,8,11,0,0
1,0.25,1.5,11,0,0
1,0.25,2,11,0,0
1,0.25,7.5,11.5,0,0
1,0.25,8,11.5,0,0
1,0.25,1.5,11.5,0,0
1,0.25,2,11.5,0,0
1,0.25,7.5,12,0,0
1,0.25,8,12,0,0
1,0.25,1.5,12,0,0
1,0.25,2,12,0,0
1,0.25,7.5,12.5,0,0
1,0.25,8,12.5,0,0
1,0.25,1.5,12.5,0,0
1,0.25,2,12.5,0,0
1,0.25,7.5,13,0,0
1,0.25,8,13,0,0
1,0.25,1.5,13,0,0
1,0.25,2,13,0,0
1,0.25,7.5,13.5,0,0
1,0.25,8,13.5,0,0
1,0.25,1.5,13.5,0,0
1,0.25,2,13.5,0,0
1,0.25,7.5,14,0,0
1,0.25,8,14,0,0
1,0.25,1.5,14,0,0
1,0.25,2,14,0,0
1,0.25,7.5,14.5,0,0
1,0.25,8,14.5,0,0
1,0.25,1.5,14.5,0,0
1,0.25,2,14.5,0,0
1,0.25,7.5,15,0,0
1,0.25,8,15,0,0
1,0.25,1.5,15,0,0
1,0.25,2,15,0,0
1,0.25,7.5,15.5,0,0
1,0.25,8,15.5,0,0
1,0.25,1.5,15.5,0,0
1,0.25,2,15.5,0,0
1,0.25,7.5,16,0,0
1,0.25,8,16,0,0
1,0.25,1.5,16,0,0
1,0.25,2,16,0,0
1,0.25,7.5,16.5,0,0
1,0.25,8,16.5,0,0
1,0.25,1.5,16.5,0,0
1,0.25,2,16.5,0,0
1,0.25,7.5,17,0,0
1,0.25,8,17,0,0
1,0.25,1.5,17,0,0
1,0.25,2,17,0,0
1,0.25,7.5,17.5,0,0
1,0.25,8,17.5,0,0
1,0.25,1.5,17.5,0,0
1,0.25,2,17.5,0,0
1,0.25,7.5,18,0,0
1,0.25,8,18,0,0
1,0.25,1.5,18,0,0
1,0.25,2,18,0,0
1,0.25,7.5,18.5,0,0
1,0.25,8,18.5,0,0
1,0.25,1.5,18.5,0,0
1,0.25,2,18.5,0,0
1,0.25,7.5,19,0,0
1,0.25,8,19,0,0
1,0.25,1.5,19,0,0
1,0.25,2,19,0,0
1,0.25,7.5,19.5,0,0
1,0.25,8,19.5,0,0
1,0.25,1.5,19.5,0,0
1,0.25,2,19.5,0,0
1,0.25,7.5,20,0,0
1,0.25,8,20,0,0
1,0.25,1.5,20,0,0
1,0.25,2,20,0,0
1,0.25,7.5,20.5,0,0
1,0.25,8,20.5,0,0
1,0.25,1.5,20.5,0,0
1,0.25,2,20.5,0,0
1,0.25,7.5,21,0,0
1,0.25,8,21,0,0
1,0.25,1.5,21,0,0
1,0.25,2,21,0,0
1,0.25,7.5,21.5,0,0
1,0.25,8,21.5,0,0
1,0.25,1.5,21.5,0,0
1,0.25,2,21.5,0,0
1,0.25,7.5,22,0,0
1,0.25,8,22,0,0
1,0.25,1.5,22,0,0
1,0.25,2,22,0,0
1,0.25,7.5,22.5,0,0
1,0.25,8,22.5,0,0
1,0.25,1.5,22.5,0,0
1,0.25,2,22.5,0,0
1,0.25,7.5,23,0,0
1,0.25,8,23,0,0
1,0.25,1.5,23,0,0
1,0.25,2,23,0,0
1,0.25,7.5,23.5,0,0
1,0.25,8,23.5,0,0
1,0.25,1.5,23.5,0,0
1,0.25,2,23.5,0,0
1,0.25,7.5,24,0,0
1,0.25,8,24,0,0
1,0.25,1.5,24,0,0
1,0.25,2,24,0,0
1,0.25,7.5,24.5,0,0
1,0.25,8,24.5,0,0
1,0.25,1.5,24.5,0,0
1,0.25,2,24.5,0,0
1,0.25,7.5,25,0,0
1,0.25,8,25,0,0
1,0.25,1.5,25,0,0
1,0.25,2,25,0,0
1,0.25,7.5,25.5,0,0
1,0.25,8,25.5,0,0
1,0.25,1.5,25.5,0,0
1,0.25,2,25.5,0,0
1,0.25,2.5,1.5,0,0
1,0.25,2.5,2,0,0
1,0.25,2.5,25,0,0
1,0.25,2.5,25.5,0,0
1,0.25,3,1.5,0,0
1,0.25,3,2,0,0
1,0.25,3,25,0,0
1,0.25,3,25.5,0,0
1,0.25,3.5,1.5,0,0
1,0.25,3.5,2,0,0
1,0.25,3.5,25,0,0
1,0.25,3.5,25.5,0,0
1,0.25,4,1.5,0,0
1,0.25,4,2,0,0
1,0.25,4,25,0,0
1,0.25,4,25.5,0,0
1,0.25,4.5,1.5,0,0
1,0.25,4.5,2,0,0
1,0.25,4.5,25,0,0
1,0.25,4.5,25.5,0,0
1,0.25,5,1.5,0,0
1,0.25,5,2,0,0
1,0.25,5,25,0,0
1,0.25,5,25.5,0,0
1,0.25,5.5,1.5,0,0
1,0.25,5.5,2,0,0
1,0.25,5.5,25,0,0
1,0.25,5.5,25.5,0,0
1,0.25,6,1.5,0,0
1,0.25,6,2,0,0
1,0.25,6,25,0,0
1,0.25,6,25.5,0,0
1,0.25,6.5,1.5,0,0
1,0.25,6.5,2,0,0
1,0.25,6.5,25,0,0
1,0.25,6.5,25.5,0,0
1,0.25,7,1.5,0,0
1,0.25,7,2,0,0
1,0.25,7,25,0,0
1,0.25,7,25.5,0,0
