536 2 0.5 3500 0.2 2 0 2e-06 0 9.81 10 35
0,0.25,2.49999,10.8072,-0.00121569,4.46841
0,0.25,2.49986,11.3297,-0.0287824,4.52816
0,0.25,2.49877,11.8292,-0.129294,4.29302
0,0.25,2.49729,12.3252,-0.162743,3.98137
0,0.25,2.49551,12.8183,-0.196462,3.60559
0,0.25,2.49359,13.3075,-0.26558,3.0691
0,0.25,2.49088,13.7915,-0.365886,2.38481
0,0.25,2.48728,14.2689,-0.453704,1.61837
0,0.25,2.48354,14.74,-0.465187,0.965264
0,0.25,2.48052,15.2064,-0.36661,0.603469
0,0.25,2.47992,15.6704,-0.136141,0.540782
0,0.25,2.48213,16.1344,0.139252,0.700583
0,0.25,2.48742,16.5995,0.347417,0.943913
0,0.25,2.49262,17.065,0.377072,1.04779
0,0.25,2.49758,17.5307,0.249196,0.932474
0,0.25,2.49901,17.9943,0.0972679,0.779806
0,0.25,2.4978,18.4556,-0.0853601,0.422403
0,0.25,2.49328,18.9187,-0.134771,0.288291
0,0.25,2.48538,19.3808,-0.157715,0.125482
0,0.25,2.47562,19.8504,-0.136955,-0.138165
0,0.25,2.46621,20.3224,-0.137517,-0.166552
0,0.25,2.45937,20.8017,-0.0148297,-0.348609
0,0.25,2.45489,21.2855,0.0936958,0.0800579
0,0.25,2.45514,21.7739,0.144543,0.37806
0,0.25,2.46125,22.2656,0.137432,0.9271
0,0.25,2.46704,22.7535,0.157281,1.21829
0,0.25,2.48225,23.2296,0.0702261,1.18516
0,0.25,2.49221,23.6894,0.16005,0.778192
0,0.25,2.51366,24.1332,0.357173,0.377928
0,0.25,2.51852,24.5671,0.523373,-0.295688
0,0.25,2.9998,10.9731,-0.0219694,5.2659
0,0.25,2.9987,11.4714,-0.119889,5.08621
0,0.25,2.99725,11.9686,-0.173882,4.80543
0,0.25,2.99596,12.4632,-0.184897,4.50566
0,0.25,2.99432,12.9543,-0.209991,4.01178
0,0.25,2.99232,13.4403,-0.292889,3.34529
0,0.25,2.9897,13.9198,-0.357304,2.59533
0,0.25,2.98661,14.3925,-0.370377,1.84819
0,0.25,2.98423,14.8597,-0.304145,1.31089
0,0.25,2.98305,15.3232,-0.157607,1.10142
0,0.25,2.98407,15.7859,0.0292617,1.11505
0,0.25,2.98667,16.2512,0.141108,1.31244
0,0.25,2.99083,16.7189,0.172192,1.61968
0,0.25,2.99336,17.1889,0.0776134,1.68315
0,0.25,2.99519,17.6627,-0.0783777,1.8488
0,0.25,2.99429,18.134,-0.0192566,1.99489
0,0.25,2.99178,18.6089,-0.00240271,1.87454
0,0.25,2.98933,19.0814,0.144797,2.20638
0,0.25,2.98244,19.548,0.128721,1.71615
0,0.25,2.97548,20.0133,-0.106473,1.47579
0,0.25,2.96667,20.4655,-0.231491,1.2023
0,0.25,2.96047,20.9169,-0.215049,0.821694
0,0.25,2.95481,21.3628,-0.153319,0.812097
0,0.25,2.95655,21.8084,-0.0278277,0.634402
0,0.25,2.96083,22.2538,0.154266,0.605968
0,0.25,2.96558,22.6999,0.0215845,0.339358
0,0.25,2.9825,23.1514,0.143223,0.421793
0,0.25,3.0013,23.6055,0.495687,-0.00121795
0,0.25,3.01076,24.0697,0.841436,0.0235141
0,0.25,3.03931,24.5469,0.66697,-0.312573
0,0.25,3.49978,10.9815,-0.0218193,5.26662
0,0.25,3.49879,11.4794,-0.0992722,5.10246
0,0.25,3.49811,11.9767,-0.0878588,4.89266
0,0.25,3.49759,12.4711,-0.123835,4.54188
0,0.25,3.49656,12.9613,-0.173659,3.99744
0,0.25,3.49488,13.4465,-0.242999,3.28535
0,0.25,3.49303,13.925,-0.30058,2.55556
0,0.25,3.49083,14.3967,-0.311754,1.81348
0,0.25,3.48873,14.8637,-0.302347,1.2756
0,0.25,3.48751,15.3267,-0.229791,1.08623
0,0.25,3.48717,15.7886,-0.0949216,1.00353
0,0.25,3.48812,16.2525,-0.00808674,1.05695
0,0.25,3.49037,16.7164,0.0797159,1.25479
0,0.25,3.49185,17.1807,0.0854032,1.10023
0,0.25,3.49338,17.6493,0.00159579,1.29096
0,0.25,3.49349,18.1132,0.00795634,1.53122
0,0.25,3.49181,18.5836,-0.0217937,1.26031
0,0.25,3.48986,19.053,-0.0758184,1.75085
0,0.25,3.48557,19.5145,-0.0306124,1.06269
0,0.25,3.48036,19.9821,-0.168802,0.814429
0,0.25,3.47638,20.4335,-0.00788076,0.903521
0,0.25,3.47201,20.8918,0.0734276,0.517171
0,0.25,3.47345,21.3458,0.244787,0.786672
0,0.25,3.47491,21.8014,0.357213,0.505923
0,0.25,3.48066,22.2518,0.349451,0.414138
0,0.25,3.48807,22.7038,0.308758,-0.164611
0,0.25,3.49286,23.1551,0.426656,0.152247
0,0.25,3.51162,23.6076,0.360574,-0.31811
0,0.25,3.49788,24.0643,0.42716,-0.190593
0,0.25,3.52439,24.5344,0.758873,-0.368528
0,0.25,3.99993,10.9812,-0.00659415,5.23387
0,0.25,3.99959,11.479,-0.0343853,5.07893
0,0.25,3.99915,11.9763,-0.0566296,4.86217
0,0.25,3.99845,12.4703,-0.100756,4.47812
0,0.25,3.99761,12.9601,-0.133498,3.95318
0,0.25,3.99655,13.4449,-0.154056,3.23191
0,0.25,3.99533,13.9235,-0.182095,2.52454
0,0.25,3.99425,14.3949,-0.177661,1.8303
0,0.25,3.99309,14.8621,-0.139167,1.30875
0,0.25,3.99267,15.3264,-0.08923,1.20365
0,0.25,3.99311,15.789,0.0108429,1.14514
0,0.25,3.99388,16.2545,0.067056,1.12222
0,0.25,3.99544,16.7191,0.0464869,1.33147
0,0.25,3.99657,17.1826,0.0383886,1.06108
0,0.25,3.99623,17.6514,-0.0660864,1.20933
0,0.25,3.99594,18.1138,-0.126623,1.59385
0,0.25,3.994,18.5826,-0.0237326,1.23343
0,0.25,3.99168,19.0521,-0.0495271,1.7843
0,0.25,3.99075,19.5105,0.0762732,1.14758
0,0.25,3.98811,19.9783,0.150982,0.731137
0,0.25,3.98661,20.4281,0.0166694,0.945422
0,0.25,3.98624,20.8857,0.0567508,0.376
0,0.25,3.98352,21.3389,0.00810568,0.776713
0,0.25,3.98519,21.793,0.0155423,0.413992
0,0.25,3.9858,22.2479,0.171409,0.574709
0,0.25,3.99271,22.7048,0.294123,0.173128
0,0.25,3.9963,23.1648,0.30998,0.418379
0,0.25,4.015,23.6288,0.630575,0.0138235
0,0.25,4.00137,24.0833,0.369602,0.00129454
0,0.25,4.0112,24.5396,0.726522,-0.320993
0,0.25,4.49996,10.981,-0.00352147,5.21649
0,0.25,4.49976,11.4787,-0.0184267,5.05774
0,0.25,4.4996,11.9759,-0.0244636,4.85074
0,0.25,4.49943,12.4699,-0.022563,4.46636
0,0.25,4.49931,12.9597,-0.0230142,3.9452
0,0.25,4.49921,13.4443,-0.0295742,3.21713
0,0.25,4.49885,13.9228,-0.0478513,2.49957
0,0.25,4.49852,14.3943,-0.0688892,1.84217
0,0.25,4.49808,14.8615,-0.0644425,1.33861
0,0.25,4.49764,15.3265,-0.0644743,1.23333
0,0.25,4.49765,15.7896,-0.0440381,1.22085
0,0.25,4.49757,16.2548,-0.0134748,1.1004
0,0.25,4.49762,16.7203,-0.0393692,1.28062
0,0.25,4.49818,17.1822,-0.00958586,1.07726
0,0.25,4.49762,17.6501,0.00789438,1.07403
0,0.25,4.49809,18.1138,-0.0211485,1.67286
0,0.25,4.49831,18.5797,0.086729,1.32074
0,0.25,4.49754,19.0523,0.00770656,1.69753
0,0.25,4.49873,19.5106,-0.000339201,1.38274
0,0.25,4.49631,19.9762,-0.0131361,0.581202
0,0.25,4.49543,20.4319,-0.180819,0.979945
0,0.25,4.49461,20.8862,0.0352765,0.714193
0,0.25,4.49292,21.3445,0.117442,0.798123
0,0.25,4.49593,21.8012,0.232437,0.695889
0,0.25,4.49583,22.2544,0.215657,0.499279
0,0.25,4.50162,22.7103,0.136421,0.0933838
0,0.25,4.49741,23.1658,0.0927471,0.236711
0,0.25,4.50306,23.6252,0.00925673,0.0722571
0,0.25,4.50123,24.0895,-0.0964835,0.129116
0,0.25,4.50112,24.5468,0.0673604,-0.083743
0,0.25,5.00004,10.981,0.00352147,5.21649
0,0.25,5.00024,11.4787,0.0184267,5.05774
0,0.25,5.0004,11.9759,0.0244636,4.85074
0,0.25,5.00057,12.4699,0.022563,4.46636
0,0.25,5.00069,12.9597,0.0230142,3.9452
0,0.25,5.00079,13.4443,0.0295742,3.21713
0,0.25,5.00115,13.9228,0.0478513,2.49957
0,0.25,5.00148,14.3943,0.0688892,1.84217
0,0.25,5.00192,14.8615,0.0644425,1.33861
0,0.25,5.00236,15.3265,0.0644743,1.23333
0,0.25,5.00235,15.7896,0.0440381,1.22085
0,0.25,5.00243,16.2548,0.0134748,1.1004
0,0.25,5.00238,16.7203,0.0393692,1.28062
0,0.25,5.00182,17.1822,0.00958586,1.07726
0,0.25,5.00238,17.6501,-0.00789438,1.07403
0,0.25,5.00191,18.1138,0.0211485,1.67286
0,0.25,5.00169,18.5797,-0.086729,1.32074
0,0.25,5.00246,19.0523,-0.00770656,1.69753
0,0.25,5.00127,19.5106,0.000339201,1.38274
0,0.25,5.00369,19.9762,0.0131361,0.581202
0,0.25,5.00457,20.4319,0.180819,0.979945
0,0.25,5.00539,20.8862,-0.0352765,0.714193
0,0.25,5.00708,21.3445,-0.117442,0.798123
0,0.25,5.00407,21.8012,-0.232437,0.695889
0,0.25,5.00417,22.2544,-0.215657,0.499279
0,0.25,4.99838,22.7103,-0.136421,0.0933838
0,0.25,5.00259,23.1658,-0.0927471,0.236711
0,0.25,4.99694,23.6252,-0.00925673,0.0722571
0,0.25,4.99877,24.0895,0.0964835,0.129116
0,0.25,4.99888,24.5468,-0.0673604,-0.083743
0,0.25,5.50007,10.9812,0.00659415,5.23387
0,0.25,5.50041,11.479,0.0343853,5.07893
0,0.25,5.50085,11.9763,0.0566296,4.86217
0,0.25,5.50155,12.4703,0.100756,4.47812
0,0.25,5.50239,12.9601,0.133498,3.95318
0,0.25,5.50345,13.4449,0.154056,3.23191
0,0.25,5.50467,13.9235,0.182095,2.52454
0,0.25,5.50575,14.3949,0.177661,1.8303
0,0.25,5.50691,14.8621,0.139167,1.30875
0,0.25,5.50733,15.3264,0.08923,1.20365
0,0.25,5.50689,15.789,-0.0108429,1.14514
0,0.25,5.50612,16.2545,-0.067056,1.12222
0,0.25,5.50456,16.7191,-0.0464869,1.33147
0,0.25,5.50343,17.1826,-0.0383886,1.06108
0,0.25,5.50377,17.6514,0.0660864,1.20933
0,0.25,5.50406,18.1138,0.126623,1.59385
0,0.25,5.506,18.5826,0.0237326,1.23343
0,0.25,5.50832,19.0521,0.0495271,1.7843
0,0.25,5.50925,19.5105,-0.0762732,1.14758
0,0.25,5.51189,19.9783,-0.150982,0.731137
0,0.25,5.51339,20.4281,-0.0166694,0.945422
0,0.25,5.51376,20.8857,-0.0567508,0.376
0,0.25,5.51648,21.3389,-0.00810568,0.776713
0,0.25,5.51481,21.793,-0.0155423,0.413992
0,0.25,5.5142,22.2479,-0.171409,0.574709
0,0.25,5.50729,22.7048,-0.294123,0.173128
0,0.25,5.5037,23.1648,-0.30998,0.418379
0,0.25,5.485,23.6288,-0.630575,0.0138235
0,0.25,5.49863,24.0833,-0.369602,0.00129454
0,0.25,5.4888,24.5396,-0.726522,-0.320993
0,0.25,6.00022,10.9815,0.0218193,5.26662
0,0.25,6.00121,11.4794,0.0992723,5.10246
0,0.25,6.00189,11.9767,0.0878588,4.89266
0,0.25,6.00241,12.4711,0.123835,4.54188
0,0.25,6.00344,12.9613,0.173659,3.99744
0,0.25,6.00512,13.4465,0.242999,3.28535
0,0.25,6.00697,13.925,0.30058,2.55556
0,0.25,6.00917,14.3967,0.311754,1.81348
0,0.25,6.01127,14.8637,0.302347,1.2756
0,0.25,6.01249,15.3267,0.229791,1.08623
0,0.25,6.01283,15.7886,0.0949216,1.00353
0,0.25,6.01188,16.2525,0.00808674,1.05695
0,0.25,6.00963,16.7164,-0.0797159,1.25479
0,0.25,6.00815,17.1807,-0.0854032,1.10023
0,0.25,6.00662,17.6493,-0.00159579,1.29096
0,0.25,6.00651,18.1132,-0.00795634,1.53122
0,0.25,6.00819,18.5836,0.0217937,1.26031
0,0.25,6.01014,19.053,0.0758184,1.75085
0,0.25,6.01443,19.5145,0.0306124,1.06269
0,0.25,6.01964,19.9821,0.168802,0.814429
0,0.25,6.02362,20.4335,0.00788076,0.903521
0,0.25,6.02799,20.8918,-0.0734276,0.517171
0,0.25,6.02655,21.3458,-0.244787,0.786672
0,0.25,6.02509,21.8014,-0.357213,0.505923
0,0.25,6.01934,22.2518,-0.349451,0.414138
0,0.25,6.01193,22.7038,-0.308758,-0.164611
0,0.25,6.00714,23.1551,-0.426656,0.152247
0,0.25,5.98838,23.6076,-0.360574,-0.31811
0,0.25,6.00212,24.0643,-0.42716,-0.190593
0,0.25,5.97561,24.5344,-0.758873,-0.368528
0,0.25,6.5002,10.9731,0.0219694,5.2659
0,0.25,6.5013,11.4714,0.119889,5.08621
0,0.25,6.50275,11.9686,0.173882,4.80543
0,0.25,6.50404,12.4632,0.184897,4.50566
0,0.25,6.50568,12.9543,0.209991,4.01178
0,0.25,6.50768,13.4403,0.292889,3.34529
0,0.25,6.5103,13.9198,0.357304,2.59533
0,0.25,6.51339,14.3925,0.370377,1.84819
0,0.25,6.51577,14.8597,0.304145,1.31089
0,0.25,6.51695,15.3232,0.157607,1.10142
0,0.25,6.51593,15.7859,-0.0292617,1.11505
0,0.25,6.51333,16.2512,-0.141108,1.31244
0,0.25,6.50917,16.7189,-0.172192,1.61968
0,0.25,6.50664,17.1889,-0.0776134,1.68315
0,0.25,6.50481,17.6627,0.0783777,1.8488
0,0.25,6.50571,18.134,0.0192566,1.99489
0,0.25,6.50822,18.6089,0.00240271,1.87454
0,0.25,6.51067,19.0814,-0.144797,2.20638
0,0.25,6.51756,19.548,-0.128721,1.71615
0,0.25,6.52452,20.0133,0.106473,1.47579
0,0.25,6.53333,20.4655,0.231491,1.2023
0,0.25,6.53953,20.9169,0.215049,0.821694
0,0.25,6.54519,21.3628,0.153319,0.812097
0,0.25,6.54345,21.8084,0.0278277,0.634402
0,0.25,6.53917,22.2538,-0.154266,0.605968
0,0.25,6.53442,22.6999,-0.0215845,0.339358
0,0.25,6.5175,23.1514,-0.143223,0.421793
0,0.25,6.4987,23.6055,-0.495687,-0.00121795
0,0.25,6.48924,24.0697,-0.841436,0.0235141
0,0.25,6.46069,24.5469,-0.66697,-0.312573
0,0.25,7.00001,10.8072,0.00121569,4.46841
0,0.25,7.00014,11.3297,0.0287824,4.52816
0,0.25,7.00123,11.8292,0.129294,4.29302
0,0.25,7.00271,12.3252,0.162743,3.98137
0,0.25,7.00449,12.8183,0.196462,3.60559
0,0.25,7.00641,13.3075,0.26558,3.0691
0,0.25,7.00912,13.7915,0.365886,2.38481
0,0.25,7.01272,14.2689,0.453704,1.61837
0,0.25,7.01646,14.74,0.465187,0.965264
0,0.25,7.01948,15.2064,0.36661,0.603469
0,0.25,7.02008,15.6704,0.136141,0.540782
0,0.25,7.01787,16.1344,-0.139252,0.700583
0,0.25,7.01258,16.5995,-0.347417,0.943913
0,0.25,7.00738,17.065,-0.377072,1.04779
0,0.25,7.00242,17.5307,-0.249196,0.932474
0,0.25,7.00099,17.9943,-0.0972679,0.779806
0,0.25,7.0022,18.4556,0.0853601,0.422403
0,0.25,7.00672,18.9187,0.134771,0.288291
0,0.25,7.01462,19.3808,0.157715,0.125482
0,0.25,7.02438,19.8504,0.136955,-0.138165
0,0.25,7.03379,20.3224,0.137517,-0.166552
0,0.25,7.04063,20.8017,0.0148297,-0.348609
0,0.25,7.04511,21.2855,-0.0936958,0.0800579
0,0.25,7.04486,21.7739,-0.144543,0.37806
0,0.25,7.03875,22.2656,-0.137432,0.9271
0,0.25,7.03296,22.7535,-0.157281,1.21829
0,0.25,7.01775,23.2296,-0.0702261,1.18516
0,0.25,7.00779,23.6894,-0.16005,0.778192
0,0.25,6.98634,24.1332,-0.357173,0.377928
0,0.25,6.98148,24.5671,-0.523373,-0.295688
1,0.25,7.5,1.5,0,0
1,0.25,8,1.5,0,0
1,0.25,1.5,1.5,0,0
1,0.25,2,1.5,0,0
1,0.25,7.5,2,0,0
1,0.25,8,2,0,0
1,0.25,1.5,2,0,0
1,0.25,2,2,0,0
1,0.25,7.5,2.5,0,0
1,0.25,8,2.5,0,0
1,0.25,1.5,2.5,0,0
1,0.25,2,2.5,0,0
1,0.25,7.5,3,0,0
1,0.25,8,3,0,0
1,0.25,1.5,3,0,0
1,0.25,2,3,0,0
1,0.25,7.5,3.5,0,0
1,0.25,8,3.5,0,0
1,0.25,1.5,3.5,0,0
1,0.25,2,3.5,0,0
1,0.25,7.5,4,0,0
1,0.25,8,4,0,0
1,0.25,1.5,4,0,0
1,0.25,2,4,0,0
1,0.25,7.5,4.5,0,0
1,0.25,8,4.5,0,0
1,0.25,1.5,4.5,0,0
1,0.25,2,4.5,0,0
1,0.25,7.5,5,0,0
1,0.25,8,5,0,0
1,0.25,1.5,5,0,0
1,0.25,2,5,0,0
1,0.25,7.5,5.5,0,0
1,0.25,8,5.5,0,0
1,0.25,1.5,5.5,0,0
1,0.25,2,5.5,0,0
1,0.25,7.5,6,0,0
1,0.25,8,6,0,0
1,0.25,1.5,6,0,0
1,0.25,2,6,0,0
1,0.25,7.5,6.5,0,0
1,0.25,8,6.5,0,0
1,0.25,1.5,6.5,0,0
1,0.25,2,6.5,0,0
1,0.25,7.5,7,0,0
1,0.25,8,7,0,0
1,0.25,1.5,7,0,0
1,0.25,2,7,0,0
1,0.25,7.5,7.5,0,0
1,0.25,8,7.5,0,0
1,0.25,1.5,7.5,0,0
1,0.25,2,7.5,0,0
1,0.25,7.5,8,0,0
1,0.25,8,8,0,0
1,0.25,1.5,8,0,0
1,0.25,2,8,0,0
1,0.25,7.5,8.5,0,0
1,0.25,8,8.5,0,0
1,0.25,1.5,8.5,0,0
1,0.25,2,8.5,0,0
1,0.25,7.5,9,0,0
1,0.25,8,9,0,0
1,0.25,1.5,9,0,0
1,0.25,2,9,0,0
1,0.25,7.5,9.5,0,0
1,0.25,8,9.5,0,0
1,0.25,1.5,9.5,0,0
1,0.25,2,9.5,0,0
1,0.25,7.5,10,0,0
1,0.25,8,10,0,0
1,0.25,1.5,10,0,0
1,0.25,2,10,0,0
1,0.25,7.5,10.5,0,0
1,0.25,8,10.5,0,0
1,0.25,1.5,10.5,0,0
1,0.25,2,10.5,0,0
1,0.25,7.5,11,0,0
1,0.25,8,11,0,0
1,0.25,1.5,11,0,0
1,0.25,2,11,0,0
1,0.25,7.5,11.5,0,0
1,0.25,8,11.5,0,0
1,0.25,1.5,11.5,0,0
1,0.25,2,11.5,0,0
1,0.25,7.5,12,0,0
1,0.25,8,12,0,0
1,0.25,1.5,12,0,0
1,0.25,2,12,0,0
1,0.25,7.5,12.5,0,0
1,0.25,8,12.5,0,0
1,0.25,1.5,12.5,0,0
1,0.25,2,12.5,0,0
1,0.25,7.5,13,0,0
1,0.25,8,13,0,0
1,0.25,1.5,13,0,0
1,0.25,2,13,0,0
1,0.25,7.5,13.5,0,0
1,0.25,8,13.5,0,0
1,0.25,1.5,13.5,0,0
1,0.25,2,13.5,0,0
1,0.25,7.5,14,0,0
1,0.25,8,14,0,0
1,0.25,1.5,14,0,0
1,0.25,2,14,0,0
1,0.25,7.5,14.5,0,0
1,0.25,8,14.5,0,0
1,0.25,1.5,14.5,0,0
1,0.25,2,14.5,0,0
1,0.25,7.5,15,0,0
1,0.25,8,15,0,0
1,0.25,1.5,15,0,0
1,0.25,2,15,0,0
1,0.25,7.5,15.5,0,0
1,0.25,8,15.5,0,0
1,0.25,1.5,15.5,0,0
1,0.25,2,15.5,0,0
1,0.25,7.5,16,0,0
1,0.25,8,16,0,0
1,0.25,1.5,16,0,0
1,0.25,2,16,0,0
1,0.25,7.5,16.5,0,0
1,0.25,8,16.5,0,0
1,0.25,1.5,16.5,0,0
1,0.25,2,16.5,0,0
1,0.25,7.5,17,0,0
1,0.25,8,17,0,0
1,0.25,1.5,17,0,0
1,0.25,2,17,0,0
1,0.25,7.5,17.5,0,0
1,0.25,8,17.5,0,0
1,0.25,1.5,17.5,0,0
1,0.25,2,17.5,0,0
1,0.25,7.5,18,0,0
1,0.25,8,18,0,0
1,0.25,1.5,18,0,0
1,0.25,2,18,0,0
1,0.25,7.5,18.5,0,0
1,0.25,8,18.5,0,0
1,0.25,1.5,18.5,0,0
1,0.25,2,18.5,0,0
1,0.25,7.5,19,0,0
1,0.25,8,19,0,0
1,0.25,1.5,19,0,0
1,0.25,2,19,0,0
1,0.25,7.5,19.5,0,0
1,0.25,8,19.5,0,0
1,0.25,1.5,19.5,0,0
1,0.25,2,19.5,0,0
1,0.25,7.5,20,0,0
1,0.25,8,20,0,0
1,0.25,1.5,20,0,0
1,0.25,2,20,0,0
1,0.25,7.5,20.5,0,0
1,0.25,8,20.5,0,0
1,0.25,1.5,20.5,0,0
1,0.25,2,20.5,0,0
1,0.25,7.5,21,0,0
1,0.25,8,21,0,0
1,0.25,1.5,21,0,0
1,0.25,2,21,0,0
1,0.25,7.5,21.5,0,0
1,0.25,8,21.5,0,0
1,0.25,1.5,21.5,0,0
1,0.25,2,21.5,0,0
1,0.25,7.5,22,0,0
1,0.25,8,22,0,0
1,0.25,1.5,22,0,0
1,0.25,2,22,0,0
1,0.25,7.5,22.5,0,0
1,0.25,8,22.5,0,0
1,0.25,1.5,22.5,0,0
1,0.25,2,22.5,0,0
1,0.25,7.5,23,0,0
1,0.25,8,23,0,0
1,0.25,1.5,23,0,0
1,0.25,2,23,0,0
1,0.25,7.5,23.5,0,0
1,0.25,8,23.5,0,0
1,0.25,1.5,23.5,0,0
1,0.25,2,23.5,0,0
1,0.25,7.5,24,0,0
1,0.25,8,24,0,0
1,0.25,1.5,24,0,0
1,0.25,2,24,0,0
1,0.25,7.5,24.5,0,0
1,0.25,8,24.5,0,0
1,0.25,1.5,24.5,0,0
1,0.25,2,24.5,0,0
1,0.25,7.5,25,0,0
1,0.25,8,25,0,0
1,0.25,1.5,25,0,0
1,0.25,2,25,0,0
1,0.25,7.5,25.5,0,0
1,0.25,8,25.5,0,0
1,0.25,1.5,25.5,0,0
1,0.25,2,25.5,0,0
1,0.25,2.5,1.5,0,0
1,0.25,2.5,2,0,0
1,0.25,2.5,25,0,0
1,0.25,2.5,25.5,0,0
1,0.25,3,1.5,0,0
1,0.25,3,2,0,0
1,0.25,3,25,0,0
1,0.25,3,25.5,0,0
1,0.25,3.5,1.5,0,0
1,0.25,3.5,2,0,0
1,0.25,3.5,25,0,0
1,0.25,3.5,25.5,0,0
1,0.25,4,1.5,0,0
1,0.25,4,2,0,0
1,0.25,4,25,0,0
1,0.25,4,25.5,0,0
1,0.25,4.5,1.5,0,0
1,0.25,4.5,2,0,0
1,0.25,4.5,25,0,0
1,0.25,4.5,25.5,0,0
1,0.25,5,1.5,0,0
1,0.25,5,2,0,0
1,0.25,5,25,0,0
1,0.25,5,25.5,0,0
1,0.25,5.5,1.5,0,0
1,0.25,5.5,2,0,0
1,0.25,5.5,25,0,0
1,0.25,5.5,25.5,0,0
1,0.25,6,1.5,0,0
1,0.25,6,2,0,0
1,0.25,6,25,0,0
1,0.25,6,25.5,0,0
1,0.25,6.5,1.5,0,0
1,0.25,6.5,2,0,0
1,0.25,6.5,25,0,0
1,0.25,6.5,25.5,0,0
1,0.25,7,1.5,0,0
1,0.25,7,2,0,0
1,0.25,7,25,0,0
1,0.25,7,25.5,0,0
