536 2 0.5 3500 0.2 2 0 2e-06 0 9.81 10 35
0,0.25,2.49974,10.903,-0.0306649,4.55152
0,0.25,2.49576,11.4203,-0.465391,3.81455
0,0.25,2.49558,11.9104,-0.133655,3.16847
0,0.25,2.49363,12.3991,-0.183962,2.85612
0,0.25,2.49076,12.8806,-0.246874,2.12058
0,0.25,2.48709,13.3552,-0.313485,1.38264
0,0.25,2.48284,13.8239,-0.317437,0.777199
0,0.25,2.47913,14.289,-0.221881,0.512901
0,0.25,2.47739,14.7535,-0.0426856,0.59165
0,0.25,2.47816,15.2199,0.152703,0.86692
0,0.25,2.48237,15.6883,0.286604,1.18779
0,0.25,2.48825,16.1571,0.315157,1.36545
0,0.25,2.49425,16.6243,0.203791,1.26742
0,0.25,2.49783,17.089,0.0914542,1.10703
0,0.25,2.49953,17.549,0.000777751,0.828819
0,0.25,2.49934,18.0082,0.0100717,0.541642
0,0.25,2.497,18.4645,0.0577926,0.412958
0,0.25,2.49268,18.9212,0.0847479,-0.0543958
0,0.25,2.48487,19.3803,0.0815248,-0.253614
0,0.25,2.4757,19.8425,0.101286,-0.509119
0,0.25,2.46643,20.3155,0.121215,-0.367743
0,0.25,2.4604,20.796,0.0191505,-0.0371108
0,0.25,2.45665,21.2901,-0.0881594,0.364892
0,0.25,2.4543,21.7879,-0.314002,0.848835
0,0.25,2.45613,22.2867,-0.635674,0.948516
0,0.25,2.4636,22.7775,-0.464069,0.93884
0,0.25,2.47807,23.2517,-0.399231,0.867941
0,0.25,2.49122,23.7032,-0.225342,0.603287
0,0.25,2.51545,24.1427,-0.162381,0.538621
0,0.25,2.52363,24.5643,-0.026219,0.118782
0,0.25,2.99849,11.0825,-0.120997,4.90094
0,0.25,2.99368,11.5715,-0.395171,4.13182
0,0.25,2.99341,12.0618,-0.173841,3.85332
0,0.25,2.99156,12.5463,-0.241684,3.17035
0,0.25,2.98888,13.0236,-0.290686,2.45214
0,0.25,2.98561,13.4942,-0.284758,1.83191
0,0.25,2.9829,13.9602,-0.208508,1.43216
0,0.25,2.98118,14.4234,-0.0995993,1.34683
0,0.25,2.98119,14.8861,0.00633421,1.42997
0,0.25,2.98243,15.3504,0.0423459,1.5643
0,0.25,2.98571,15.8168,0.0349862,1.76697
0,0.25,2.98879,16.2849,0.0225231,1.84378
0,0.25,2.99168,16.757,-0.0341173,1.90388
0,0.25,2.99413,17.2296,0.095681,2.16047
0,0.25,2.9955,17.7035,0.227069,2.05669
0,0.25,2.99778,18.1809,0.318889,2.26088
0,0.25,2.99681,18.651,0.343954,2.0772
0,0.25,2.99262,19.1231,0.0706181,1.61375
0,0.25,2.98356,19.5843,-0.0802257,1.69544
0,0.25,2.97217,20.0401,-0.121409,1.29509
0,0.25,2.9618,20.4928,-0.139253,1.40822
0,0.25,2.95803,20.9394,-0.091516,1.32511
0,0.25,2.9537,21.3846,-0.103892,1.2261
0,0.25,2.95332,21.8254,-0.378176,0.972824
0,0.25,2.958,22.2694,-0.494963,0.771278
0,0.25,2.96171,22.7092,-0.41633,0.500634
0,0.25,2.98004,23.1586,-0.368525,0.19244
0,0.25,3.00526,23.6047,-0.210574,-0.047059
0,0.25,3.02216,24.0695,0.0965802,0.00285984
0,0.25,3.04776,24.5412,0.113775,-0.073972
0,0.25,3.49924,11.0898,-0.0230752,4.80089
0,0.25,3.49631,11.5806,-0.116563,4.23656
0,0.25,3.4958,12.0716,-0.136735,3.88654
0,0.25,3.49368,12.5536,-0.235488,3.09073
0,0.25,3.49153,13.0299,-0.261604,2.42863
0,0.25,3.48911,13.4993,-0.25183,1.80409
0,0.25,3.48681,13.9645,-0.222694,1.37714
0,0.25,3.48522,14.4269,-0.164984,1.25996
0,0.25,3.48461,14.8882,-0.0593661,1.25749
0,0.25,3.48516,15.3509,0.0122078,1.25835
0,0.25,3.48727,15.8145,0.0659243,1.39768
0,0.25,3.48934,16.2774,0.0876315,1.34694
0,0.25,3.49164,16.7444,0.043392,1.35626
0,0.25,3.49336,17.2102,0.0636279,1.69302
0,0.25,3.494,17.6773,0.0956764,1.394
0,0.25,3.49397,18.1494,0.050686,1.56114
0,0.25,3.49297,18.611,0.0950081,1.31294
0,0.25,3.48911,19.0793,0.0233205,0.708039
0,0.25,3.48594,19.5384,0.0741899,1.18908
0,0.25,3.47978,19.9951,0.115082,0.751015
0,0.25,3.47846,20.4552,0.137076,1.01809
0,0.25,3.47625,20.9073,0.170534,0.831188
0,0.25,3.47731,21.3611,-0.0391599,0.636177
0,0.25,3.4782,21.8087,-0.165988,0.269954
0,0.25,3.48119,22.2602,-0.356803,0.297846
0,0.25,3.48609,22.7017,-0.553747,-0.0375881
0,0.25,3.494,23.1532,-0.360956,-0.385011
0,0.25,3.51097,23.599,-0.340601,-0.481803
0,0.25,3.49727,24.0585,-0.349803,-0.282808
0,0.25,3.53098,24.5288,-0.0667767,-0.00953801
0,0.25,3.99969,11.0886,-0.0175278,4.74574
0,0.25,3.99832,11.5793,-0.089241,4.16365
0,0.25,3.99713,12.0701,-0.128226,3.82413
0,0.25,3.99564,12.5515,-0.14234,3.05843
0,0.25,3.99439,13.0283,-0.138863,2.4306
0,0.25,3.99326,13.4974,-0.13034,1.8322
0,0.25,3.99212,13.9629,-0.0870854,1.41799
0,0.25,3.99156,14.4265,-0.0460114,1.34719
0,0.25,3.99191,14.8886,0.0211101,1.37183
0,0.25,3.99258,15.3526,0.0561156,1.29591
0,0.25,3.99382,15.8171,0.0116409,1.42703
0,0.25,3.99507,16.2797,-0.00413563,1.34331
0,0.25,3.99519,16.747,-0.0428092,1.31877
0,0.25,3.99559,17.2127,-0.077593,1.79921
0,0.25,3.9957,17.6791,0.0694589,1.49677
0,0.25,3.99481,18.1519,0.0947167,1.6299
0,0.25,3.99581,18.6119,0.155767,1.4617
0,0.25,3.99424,19.0781,0.228092,0.673913
0,0.25,3.99234,19.5355,0.0313968,1.13789
0,0.25,3.99087,19.9895,0.0118437,0.654024
0,0.25,3.98631,20.4483,-0.0416497,0.846002
0,0.25,3.98508,20.8973,-0.133609,0.619544
0,0.25,3.98343,21.3528,-0.0394255,0.510583
0,0.25,3.98534,21.7997,-0.0508082,0.308233
0,0.25,3.98859,22.2582,0.0121029,0.306266
0,0.25,3.99552,22.7094,-0.110028,0.252656
0,0.25,3.9969,23.1665,-0.269712,-0.205062
0,0.25,4.01834,23.624,-0.308958,-0.337506
0,0.25,3.99861,24.0787,-0.591766,-0.371174
0,0.25,4.01708,24.5346,-0.181114,-0.0728794
0,0.25,4.49983,11.0878,-0.00733109,4.70754
0,0.25,4.49918,11.5784,-0.0300806,4.13322
0,0.25,4.49901,12.0697,-0.0241098,3.82731
0,0.25,4.49894,12.551,-0.027842,3.05429
0,0.25,4.49857,13.0275,-0.0529071,2.40411
0,0.25,4.49803,13.4967,-0.0807782,1.84194
0,0.25,4.49746,13.9622,-0.0700415,1.45661
0,0.25,4.4969,14.4264,-0.059673,1.36842
0,0.25,4.49685,14.8892,-0.0398377,1.42569
0,0.25,4.49681,15.3528,-0.00617688,1.27926
0,0.25,4.49686,15.8181,-0.0184771,1.36743
0,0.25,4.49754,16.2799,0.00984847,1.38462
0,0.25,4.49749,16.7461,0.0509952,1.24267
0,0.25,4.49812,17.2135,0.021348,1.84444
0,0.25,4.49913,17.6775,0.109137,1.62049
0,0.25,4.49852,18.1516,0.0509822,1.49311
0,0.25,4.49971,18.6125,-0.0132556,1.59598
0,0.25,4.49799,19.075,0.0132061,0.584966
0,0.25,4.49666,19.5374,-0.131156,1.05574
0,0.25,4.49641,19.9896,0.0419365,1.03039
0,0.25,4.49459,20.4514,0.14818,0.837714
0,0.25,4.49712,20.9063,0.149563,0.887523
0,0.25,4.49739,21.3589,0.134626,0.499505
0,0.25,4.49856,21.8092,-0.112234,0.191403
0,0.25,4.49545,22.2606,-0.251268,0.105836
0,0.25,4.49786,22.7118,-0.368731,0.098577
0,0.25,4.49686,23.1655,-0.0653641,-0.261831
0,0.25,4.50577,23.6245,0.197976,-0.102925
0,0.25,4.5018,24.0865,0.0493139,-0.341948
0,0.25,4.50395,24.5437,0.128906,-0.169579
0,0.25,5.00017,11.0878,0.00733109,4.70754
0,0.25,5.00082,11.5784,0.0300806,4.13322
0,0.25,5.00099,12.0697,0.0241098,3.82731
0,0.25,5.00106,12.551,0.027842,3.05429
0,0.25,5.00143,13.0275,0.0529071,2.40411
0,0.25,5.00197,13.4967,0.0807782,1.84194
0,0.25,5.00254,13.9622,0.0700415,1.45661
0,0.25,5.0031,14.4264,0.059673,1.36842
0,0.25,5.00315,14.8892,0.0398377,1.42569
0,0.25,5.00319,15.3528,0.00617688,1.27926
0,0.25,5.00314,15.8181,0.0184771,1.36743
0,0.25,5.00246,16.2799,-0.00984847,1.38462
0,0.25,5.00251,16.7461,-0.0509952,1.24267
0,0.25,5.00188,17.2135,-0.021348,1.84444
0,0.25,5.00087,17.6775,-0.109137,1.62049
0,0.25,5.00148,18.1516,-0.0509822,1.49311
0,0.25,5.00029,18.6125,0.0132556,1.59598
0,0.25,5.00201,19.075,-0.0132061,0.584966
0,0.25,5.00334,19.5374,0.131156,1.05574
0,0.25,5.00359,19.9896,-0.0419365,1.03039
0,0.25,5.00541,20.4514,-0.14818,0.837714
0,0.25,5.00288,20.9063,-0.149563,0.887523
0,0.25,5.00261,21.3589,-0.134626,0.499505
0,0.25,5.00144,21.8092,0.112234,0.191403
0,0.25,5.00455,22.2606,0.251268,0.105836
0,0.25,5.00214,22.7118,0.368731,0.098577
0,0.25,5.00314,23.1655,0.0653641,-0.261831
0,0.25,4.99423,23.6245,-0.197976,-0.102925
0,0.25,4.9982,24.0865,-0.0493139,-0.341948
0,0.25,4.99605,24.5437,-0.128906,-0.169579
0,0.25,5.50031,11.0886,0.0175278,4.74574
0,0.25,5.50168,11.5793,0.089241,4.16365
0,0.25,5.50287,12.0701,0.128226,3.82413
0,0.25,5.50436,12.5515,0.14234,3.05843
0,0.25,5.50561,13.0283,0.138863,2.4306
0,0.25,5.50674,13.4974,0.13034,1.8322
0,0.25,5.50788,13.9629,0.0870854,1.41799
0,0.25,5.50844,14.4265,0.0460114,1.34719
0,0.25,5.50809,14.8886,-0.0211101,1.37183
0,0.25,5.50742,15.3526,-0.0561156,1.29591
0,0.25,5.50618,15.8171,-0.0116409,1.42703
0,0.25,5.50493,16.2797,0.00413563,1.34331
0,0.25,5.50481,16.747,0.0428092,1.31877
0,0.25,5.50441,17.2127,0.077593,1.79921
0,0.25,5.5043,17.6791,-0.0694589,1.49677
0,0.25,5.50519,18.1519,-0.0947167,1.6299
0,0.25,5.50419,18.6119,-0.155767,1.4617
0,0.25,5.50576,19.0781,-0.228092,0.673913
0,0.25,5.50766,19.5355,-0.0313968,1.13789
0,0.25,5.50913,19.9895,-0.0118437,0.654024
0,0.25,5.51369,20.4483,0.0416497,0.846002
0,0.25,5.51492,20.8973,0.133609,0.619544
0,0.25,5.51657,21.3528,0.0394255,0.510583
0,0.25,5.51466,21.7997,0.0508082,0.308233
0,0.25,5.51141,22.2582,-0.0121029,0.306266
0,0.25,5.50448,22.7094,0.110028,0.252656
0,0.25,5.5031,23.1665,0.269712,-0.205062
0,0.25,5.48166,23.624,0.308958,-0.337506
0,0.25,5.50139,24.0787,0.591766,-0.371174
0,0.25,5.48292,24.5346,0.181114,-0.0728794
0,0.25,6.00076,11.0898,0.0230752,4.80089
0,0.25,6.00369,11.5806,0.116563,4.23656
0,0.25,6.0042,12.0716,0.136735,3.88654
0,0.25,6.00632,12.5536,0.235488,3.09073
0,0.25,6.00847,13.0299,0.261604,2.42863
0,0.25,6.01089,13.4993,0.25183,1.80409
0,0.25,6.01319,13.9645,0.222694,1.37714
0,0.25,6.01478,14.4269,0.164984,1.25996
0,0.25,6.01539,14.8882,0.0593661,1.25749
0,0.25,6.01484,15.3509,-0.0122078,1.25835
0,0.25,6.01273,15.8145,-0.0659243,1.39768
0,0.25,6.01066,16.2774,-0.0876315,1.34694
0,0.25,6.00836,16.7444,-0.043392,1.35626
0,0.25,6.00664,17.2102,-0.0636279,1.69302
0,0.25,6.006,17.6773,-0.0956764,1.394
0,0.25,6.00603,18.1494,-0.050686,1.56114
0,0.25,6.00703,18.611,-0.0950081,1.31294
0,0.25,6.01089,19.0793,-0.0233205,0.708039
0,0.25,6.01406,19.5384,-0.0741899,1.18908
0,0.25,6.02022,19.9951,-0.115082,0.751015
0,0.25,6.02154,20.4552,-0.137076,1.01809
0,0.25,6.02375,20.9073,-0.170534,0.831188
0,0.25,6.02269,21.3611,0.0391599,0.636177
0,0.25,6.0218,21.8087,0.165988,0.269954
0,0.25,6.01881,22.2602,0.356803,0.297846
0,0.25,6.01391,22.7017,0.553747,-0.0375881
0,0.25,6.006,23.1532,0.360956,-0.385011
0,0.25,5.98903,23.599,0.340601,-0.481803
0,0.25,6.00273,24.0585,0.349803,-0.282808
0,0.25,5.96902,24.5288,0.0667767,-0.00953801
0,0.25,6.50151,11.0825,0.120997,4.90094
0,0.25,6.50632,11.5715,0.395171,4.13182
0,0.25,6.50659,12.0618,0.173841,3.85332
0,0.25,6.50844,12.5463,0.241684,3.17035
0,0.25,6.51112,13.0236,0.290686,2.45214
0,0.25,6.51439,13.4942,0.284758,1.83191
0,0.25,6.5171,13.9602,0.208508,1.43216
0,0.25,6.51882,14.4234,0.0995993,1.34683
0,0.25,6.51881,14.8861,-0.00633421,1.42997
0,0.25,6.51757,15.3504,-0.0423459,1.5643
0,0.25,6.51429,15.8168,-0.0349862,1.76697
0,0.25,6.51121,16.2849,-0.0225231,1.84378
0,0.25,6.50832,16.757,0.0341173,1.90388
0,0.25,6.50587,17.2296,-0.095681,2.16047
0,0.25,6.5045,17.7035,-0.227069,2.05669
0,0.25,6.50222,18.1809,-0.318889,2.26088
0,0.25,6.50319,18.651,-0.343954,2.0772
0,0.25,6.50738,19.1231,-0.0706181,1.61375
0,0.25,6.51644,19.5843,0.0802257,1.69544
0,0.25,6.52783,20.0401,0.121409,1.29509
0,0.25,6.5382,20.4928,0.139253,1.40822
0,0.25,6.54197,20.9394,0.091516,1.32511
0,0.25,6.5463,21.3846,0.103892,1.2261
0,0.25,6.54668,21.8254,0.378176,0.972824
0,0.25,6.542,22.2694,0.494963,0.771278
0,0.25,6.53829,22.7092,0.41633,0.500634
0,0.25,6.51996,23.1586,0.368525,0.19244
0,0.25,6.49474,23.6047,0.210574,-0.047059
0,0.25,6.47784,24.0695,-0.0965802,0.00285984
0,0.25,6.45224,24.5412,-0.113775,-0.073972
0,0.25,7.00026,10.903,0.0306649,4.55152
0,0.25,7.00424,11.4203,0.465391,3.81455
0,0.25,7.00442,11.9104,0.133655,3.16847
0,0.25,7.00637,12.3991,0.183962,2.85612
0,0.25,7.00924,12.8806,0.246874,2.12058
0,0.25,7.01291,13.3552,0.313485,1.38264
0,0.25,7.01716,13.8239,0.317437,0.777199
0,0.25,7.02087,14.289,0.221881,0.512901
0,0.25,7.02261,14.7535,0.0426856,0.59165
0,0.25,7.02184,15.2199,-0.152703,0.86692
0,0.25,7.01763,15.6883,-0.286604,1.18779
0,0.25,7.01175,16.1571,-0.315157,1.36545
0,0.25,7.00575,16.6243,-0.203791,1.26742
0,0.25,7.00217,17.089,-0.0914542,1.10703
0,0.25,7.00047,17.549,-0.000777751,0.828819
0,0.25,7.00066,18.0082,-0.0100717,0.541642
0,0.25,7.003,18.4645,-0.0577926,0.412958
0,0.25,7.00732,18.9212,-0.0847479,-0.0543958
0,0.25,7.01513,19.3803,-0.0815248,-0.253614
0,0.25,7.0243,19.8425,-0.101286,-0.509119
0,0.25,7.03357,20.3155,-0.121215,-0.367743
0,0.25,7.0396,20.796,-0.0191505,-0.0371108
0,0.25,7.04335,21.2901,0.0881594,0.364892
0,0.25,7.0457,21.7879,0.314002,0.848835
0,0.25,7.04387,22.2867,0.635674,0.948516
0,0.25,7.0364,22.7775,0.464069,0.93884
0,0.25,7.02193,23.2517,0.399231,0.867941
0,0.25,7.00878,23.7032,0.225342,0.603287
0,0.25,6.98455,24.1427,0.162381,0.538621
0,0.25,6.97637,24.5643,0.026219,0.118782
1,0.25,7.5,1.5,0,0
1,0.25,8,1.5,0,0
1,0.25,1.5,1.5,0,0
1,0.25,2,1.5,0,0
1,0.25,7.5,2,0,0
1,0.25,8,2,0,0
1,0.25,1.5,2,0,0
1,0.25,2,2,0,0
1,0.25,7.5,2.5,0,0
1,0.25,8,2.5,0,0
1,0.25,1.5,2.5,0,0
1,0.25,2,2.5,0,0
1,0.25,7.5,3,0,0
1,0.25,8,3,0,0
1,0.25,1.5,3,0,0
1,0.25,2,3,0,0
1,0.25,7.5,3.5,0,0
1,0.25,8,3.5,0,0
1,0.25,1.5,3.5,0,0
1,0.25,2,3.5,0,0
1,0.25,7.5,4,0,0
1,0.25,8,4,0,0
1,0.25,1.5,4,0,0
1,0.25,2,4,0,0
1,0.25,7.5,4.5,0,0
1,0.25,8,4.5,0,0
1,0.25,1.5,4.5,0,0
1,0.25,2,4.5,0,0
1,0.25,7.5,5,0,0
1,0.25,8,5,0,0
1,0.25,1.5,5,0,0
1,0.25,2,5,0,0
1,0.25,7.5,5.5,0,0
1,0.25,8,5.5,0,0
1,0.25,1.5,5.5,0,0
1,0.25,2,5.5,0,0
1,0.25,7.5,6,0,0
1,0.25,8,6,0,0
1,0.25,1.5,6,0,0
1,0.25,2,6,0,0
1,0.25,7.5,6.5,0,0
1,0.25,8,6.5,0,0
1,0.25,1.5,6.5,0,0
1,0.25,2,6.5,0,0
1,0.25,7.5,7,0,0
1,0.25,8,7,0,0
1,0.25,1.5,7,0,0
1,0.25,2,7,0,0
1,0.25,7.5,7.5,0,0
1,0.25,8,7.5,0,0
1,0.25,1.5,7.5,0,0
1,0.25,2,7.5,0,0
1,0.25,7.5,8,0,0
1,0.25,8,8,0,0
1,0.25,1.5,8,0,0
1,0.25,2,8,0,0
1,0.25,7.5,8.5,0,0
1,0.25,8,8.5,0,0
1,0.25,1.5,8.5,0,0
1,0.25,2,8.5,0,0
1,0.25,7.5,9,0,0
1,0.25,8,9,0,0
1,0.25,1.5,9,0,0
1,0.25,2,9,0,0
1,0.25,7.5,9.5,0,0
1,0.25,8,9.5,0,0
1,0.25,1.5,9.5,0,0
1,0.25,2,9.5,0,0
1,0.25,7.5,10,0,0
1,0.25,8,10,0,0
1,0.25,1.5,10,0,0
1,0.25,2,10,0,0
1,0.25,7.5,10.5,0,0
1,0.25,8,10.5,0,0
1,0.25,1.5,10.5,0,0
1,0.25,2,10.5,0,0
1,0.25,7.5,11,0,0
1,0.25,8,11,0,0
1,0.25,1.5,11,0,0
1,0.25,2,11,0,0
1,0.25,7.5,11.5,0,0
1,0.25,8,11.5,0,0
1,0.25,1.5,11.5,0,0
1,0.25,2,11.5,0,0
1,0.25,7.5,12,0,0
1,0.25,8,12,0,0
1,0.25,1.5,12,0,0
1,0.25,2,12,0,0
1,0.25,7.5,12.5,0,0
1,0.25,8,12.5,0,0
1,0.25,1.5,12.5,0,0
1,0.25,2,12.5,0,0
1,0.25,7.5,13,0,0
1,0.25,8,13,0,0
1,0.25,1.5,13,0,0
1,0.25,2,13,0,0
1,0.25,7.5,13.5,0,0
1,0.25,8,13.5,0,0
1,0.25,1.5,13.5,0,0
1,0.25,2,13.5,0,0
1,0.25,7.5,14,0,0
1,0.25,8,14,0,0
1,0.25,1.5,14,0,0
1,0.25,2,14,0,0
1,0.25,7.5,14.5,0,0
1,0.25,8,14.5,0,0
1,0.25,1.5,14.5,0,0
1,0.25,2,14.5,0,0
1,0.25,7.5,15,0,0
1,0.25,8,15,0,0
1,0.25,1.5,15,0,0
1,0.25,2,15,0,0
1,0.25,7.5,15.5,0,0
1,0.25,8,15.5,0,0
1,0.25,1.5,15.5,0,0
1,0.25,2,15.5,0,0
1,0.25,7.5,16,0,0
1,0.25,8,16,0,0
1,0.25,1.5,16,0,0
1,0.25,2,16,0,0
1,0.25,7.5,16.5,0,0
1,0.25,8,16.5,0,0
1,0.25,1.5,16.5,0,0
1,0.25,2,16.5,0,0
1,0.25,7.5,17,0,0
1,0.25,8,17,0,0
1,0.25,1.5,17,0,0
1,0.25,2,17,0,0
1,0.25,7.5,17.5,0,0
1,0.25,8,17.5,0,0
1,0.25,1.5,17.5,0,0
1,0.25,2,17.5,0,0
1,0.25,7.5,18,0,0
1,0.25,8,18,0,0
1,0.25,1.5,18,0,0
1,0.25,2,18,0,0
1,0.25,7.5,18.5,0,0
1,0.25,8,18.5,0,0
1,0.25,1.5,18.5,0,0
1,0.25,2,18.5,0,0
1,0.25,7.5,19,0,0
1,0.25,8,19,0,0
1,0.25,1.5,19,0,0
1,0.25,2,19,0,0
1,0.25,7.5,19.5,0,0
1,0.25,8,19.5,0,0
1,0.25,1.5,19.5,0,0
1,0.25,2,19.5,0,0
1,0.25,7.5,20,0,0
1,0.25,8,20,0,0
1,0.25,1.5,20,0,0
1,0.25,2,20,0,0
1,0.25,7.5,20.5,0,0
1,0.25,8,20.5,0,0
1,0.25,1.5,20.5,0,0
1,0.25,2,20.5,0,0
1,0.25,7.5,21,0,0
1,0.25,8,21,0,0
1,0.25,1.5,21,0,0
1,0.25,2,21,0,0
1,0.25,7.5,21.5,0,0
1,0.25,8,21.5,0,0
1,0.25,1.5,21.5,0,0
1,0.25,2,21.5,0,0
1,0.25,7.5,22,0,0
1,0.25,8,22,0,0
1,0.25,1.5,22,0,0
1,0.25,2,22,0,0
1,0.25,7.5,22.5,0,0
1,0.25,8,22.5,0,0
1,0.25,1.5,22.5,0,0
1,0.25,2,22.5,0,0
1,0.25,7.5,23,0,0
1,0.25,8,23,0,0
1,0.25,1.5,23,0,0
1,0.25,2,23,0,0
1,0.25,7.5,23.5,0,0
1,0.25,8,23.5,0,0
1,0.25,1.5,23.5,0,0
1,0.25,2,23.5,0,0
1,0.25,7.5,24,0,0
1,0.25,8,24,0,0
1,0.25,1.5,24,0,0
1,0.25,2,24,0,0
1,0.25,7.5,24.5,0,0
1,0.25,8,24.5,0,0
1,0.25,1.5,24.5,0,0
1,0.25,2,24.5,0,0
1,0.25,7.5,25,0,0
1,0.25,8,25,0,0
1,0.25,1.5,25,0,0
1,0.25,2,25,0,0
1,0.25,7.5,25.5,0,0
1,0.25,8,25.5,0,0
1,0.25,1.5,25.5,0,0
1,0.25,2,25.5,0,0
1,0.25,2.5,1.5,0,0
1,0.25,2.5,2,0,0
1,0.25,2.5,25,0,0
1,0.25,2.5,25.5,0,0
1,0.25,3,1.5,0,0
1,0.25,3,2,0,0
1,0.25,3,25,0,0
1,0.25,3,25.5,0,0
1,0.25,3.5,1.5,0,0
1,0.25,3.5,2,0,0
1,0.25,3.5,25,0,0
1,0.25,3.5,25.5,0,0
1,0.25,4,1.5,0,0
1,0.25,4,2,0,0
1,0.25,4,25,0,0
1,0.25,4,25.5,0,0
1,0.25,4.5,1.5,0,0
1,0.25,4.5,2,0,0
1,0.25,4.5,25,0,0
1,0.25,4.5,25.5,0,0
1,0.25,5,1.5,0,0
1,0.25,5,2,0,0
1,0.25,5,25,0,0
1,0.25,5,25.5,0,0
1,0.25,5.5,1.5,0,0
1,0.25,5.5,2,0,0
1,0.25,5.5,25,0,0
1,0.25,5.5,25.5,0,0
1,0.25,6,1.5,0,0
1,0.25,6,2,0,0
1,0.25,6,25,0,0
1,0.25,6,25.5,0,0
1,0.25,6.5,1.5,0,0
1,0.25,6.5,2,0,0
1,0.25,6.5,25,0,0
1,0.25,6.5,25.5,0,0
1,0.25,7,1.5,0,0
1,0.25,7,2,0,0
1,0.25,7,25,0,0
1,0.25,7,25.5,0,0
