536 2 0.5 3500 0.2 2 0 2e-06 0 9.81 10 35
0,0.25,2.5,9.6643,-8.68858e-07,1.71509
0,0.25,2.5,10.1651,-1.57021e-06,1.72975
0,0.25,2.5,10.6651,-2.07044e-06,1.73009
0,0.25,2.5,11.1651,-3.27407e-06,1.7301
0,0.25,2.5,11.6651,-4.01214e-06,1.7301
0,0.25,2.5,12.1651,-4.69781e-06,1.7301
0,0.25,2.5,12.6651,-4.94159e-06,1.7301
0,0.25,2.5,13.1651,-5.11096e-06,1.7301
0,0.25,2.5,13.6651,-5.16197e-06,1.7301
0,0.25,2.5,14.1651,-5.18554e-06,1.7301
0,0.25,2.5,14.6651,-5.19209e-06,1.7301
0,0.25,2.5,15.1651,-5.194e-06,1.7301
0,0.25,2.5,15.6651,-5.1945e-06,1.7301
0,0.25,2.5,16.1651,-5.1946e-06,1.7301
0,0.25,2.5,16.6651,-5.19463e-06,1.7301
0,0.25,2.5,17.1651,-5.19463e-06,1.7301
0,0.25,2.5,17.6651,-5.19491e-06,1.7301
0,0.25,2.5,18.1651,-5.19708e-06,1.7301
0,0.25,2.5,18.6651,-5.21448e-06,1.7301
0,0.25,2.5,19.1651,-5.31538e-06,1.7301
0,0.25,2.5,19.6651,-5.51473e-06,1.7301
0,0.25,2.5,20.1651,-1.59852e-05,1.73009
0,0.25,2.5,20.6651,-4.94739e-05,1.7301
0,0.25,2.5,21.1651,-5.19863e-05,1.73007
0,0.25,2.49999,21.6651,-0.000153751,1.73009
0,0.25,2.49999,22.1651,-0.00015704,1.73002
0,0.25,2.49998,22.6651,-0.000485227,1.73008
0,0.25,2.49998,23.1651,-0.000523478,1.7298
0,0.25,2.49994,23.6651,-0.00166759,1.72974
0,0.25,2.49998,24.1643,-0.000414622,1.7138
0,0.25,3,9.67003,-8.50981e-06,1.82592
0,0.25,3,10.17,-3.47979e-05,1.82514
0,0.25,3,10.67,-1.04142e-05,1.82533
0,0.25,3,11.17,-5.04227e-06,1.82533
0,0.25,3,11.67,-4.54568e-06,1.82533
0,0.25,3,12.17,-4.98363e-06,1.82533
0,0.25,3,12.67,-5.27388e-06,1.82533
0,0.25,3,13.17,-5.51236e-06,1.82533
0,0.25,3,13.67,-5.59008e-06,1.82534
0,0.25,3,14.17,-5.63113e-06,1.82534
0,0.25,3,14.67,-5.64404e-06,1.82534
0,0.25,3,15.17,-5.64839e-06,1.82534
0,0.25,3,15.67,-5.6497e-06,1.82534
0,0.25,3,16.17,-5.65004e-06,1.82534
0,0.25,3,16.67,-5.65012e-06,1.82534
0,0.25,3,17.17,-5.65013e-06,1.82534
0,0.25,3,17.67,-5.65005e-06,1.82534
0,0.25,3,18.17,-6.3231e-06,1.82533
0,0.25,3,18.67,-8.43266e-06,1.82533
0,0.25,3,19.17,-1.35796e-05,1.82533
0,0.25,3,19.67,-3.54961e-05,1.82533
0,0.25,3,20.17,-2.98379e-05,1.82528
0,0.25,3,20.67,-7.4866e-05,1.82533
0,0.25,3,21.17,-6.06754e-05,1.82521
0,0.25,3,21.67,-0.000161364,1.82533
0,0.25,3,22.17,-0.000115331,1.82497
0,0.25,2.99999,22.67,-0.000306301,1.82529
0,0.25,3,23.17,-0.000205941,1.82411
0,0.25,3,23.67,-0.000380366,1.82512
0,0.25,3,24.17,-9.45085e-05,1.82536
0,0.25,3.5,9.67006,-3.64015e-07,1.82658
0,0.25,3.5,10.1701,-1.26277e-06,1.82661
0,0.25,3.5,10.6701,-1.00944e-06,1.82664
0,0.25,3.5,11.1701,-2.04014e-06,1.82661
0,0.25,3.5,11.6701,-2.48099e-06,1.82661
0,0.25,3.5,12.1701,-3.55888e-06,1.82661
0,0.25,3.5,12.6701,-3.95499e-06,1.82661
0,0.25,3.5,13.1701,-4.48225e-06,1.82661
0,0.25,3.5,13.6701,-4.64926e-06,1.82661
0,0.25,3.5,14.1701,-4.79064e-06,1.82661
0,0.25,3.5,14.6701,-4.83144e-06,1.82661
0,0.25,3.5,15.1701,-4.85211e-06,1.82661
0,0.25,3.5,15.6701,-4.85776e-06,1.82661
0,0.25,3.5,16.1701,-4.85958e-06,1.82661
0,0.25,3.5,16.6701,-4.86004e-06,1.82661
0,0.25,3.5,17.1701,-4.86005e-06,1.82661
0,0.25,3.5,17.6701,-4.85964e-06,1.82661
0,0.25,3.5,18.1701,-4.85804e-06,1.82661
0,0.25,3.5,18.6701,-4.86429e-06,1.82661
0,0.25,3.5,19.1701,-1.16782e-05,1.82658
0,0.25,3.5,19.6701,-3.28967e-05,1.82661
0,0.25,3.5,20.1701,-2.21167e-05,1.82655
0,0.25,3.5,20.6701,-4.75595e-05,1.8266
0,0.25,3.5,21.1701,-3.29613e-05,1.82647
0,0.25,3.5,21.6701,-7.90298e-05,1.8266
0,0.25,3.5,22.1701,-3.67833e-05,1.82633
0,0.25,3.5,22.6701,-4.09446e-05,1.82655
0,0.25,3.50001,23.17,8.01579e-05,1.82608
0,0.25,3.50003,23.6701,0.000477374,1.82662
0,0.25,3.50001,24.17,0.000115955,1.82529
0,0.25,4,9.67006,6.39376e-06,1.82661
0,0.25,4,10.1701,2.63643e-05,1.82662
0,0.25,4,10.6701,6.16026e-06,1.82663
0,0.25,4,11.1701,-9.14184e-08,1.82662
0,0.25,4,11.6701,-1.70734e-06,1.82662
0,0.25,4,12.1701,-3.0459e-06,1.82662
0,0.25,4,12.6701,-3.41202e-06,1.82662
0,0.25,4,13.1701,-3.91952e-06,1.82662
0,0.25,4,13.6701,-4.08119e-06,1.82662
0,0.25,4,14.1701,-4.2259e-06,1.82662
0,0.25,4,14.6701,-4.26769e-06,1.82662
0,0.25,4,15.1701,-4.28991e-06,1.82662
0,0.25,4,15.6701,-4.29598e-06,1.82662
0,0.25,4,16.1701,-4.29802e-06,1.82662
0,0.25,4,16.6701,-4.29852e-06,1.82662
0,0.25,4,17.1701,-4.29853e-06,1.82662
0,0.25,4,17.6701,-4.29808e-06,1.82662
0,0.25,4,18.1701,-3.62275e-06,1.82662
0,0.25,4,18.6701,-1.52617e-06,1.82662
0,0.25,4,19.1701,-5.67382e-06,1.82658
0,0.25,4,19.6701,-1.26563e-05,1.82662
0,0.25,4,20.1701,-1.16465e-05,1.82654
0,0.25,4,20.6701,-2.63549e-05,1.82662
0,0.25,4,21.1701,-2.48668e-05,1.82644
0,0.25,4,21.6701,-6.64712e-05,1.8266
0,0.25,4,22.1701,-5.73397e-05,1.82626
0,0.25,4,22.6701,-0.000133902,1.82658
0,0.25,4,23.17,-9.23482e-05,1.82584
0,0.25,3.99999,23.6701,-0.000378256,1.82663
0,0.25,4,24.17,-8.84449e-05,1.82571
0,0.25,4.5,9.67006,-1.20352e-06,1.82661
0,0.25,4.5,10.1701,-5.55819e-06,1.82662
0,0.25,4.5,10.6701,-1.32564e-06,1.82662
0,0.25,4.5,11.1701,-1.25119e-07,1.82662
0,0.25,4.5,11.6701,-1.96694e-07,1.82662
0,0.25,4.5,12.1701,-2.73935e-07,1.82662
0,0.25,4.5,12.6701,-3.23614e-07,1.82662
0,0.25,4.5,13.1701,-3.89021e-07,1.82662
0,0.25,4.5,13.6701,-4.16803e-07,1.82662
0,0.25,4.5,14.1701,-4.40014e-07,1.82662
0,0.25,4.5,14.6701,-4.48151e-07,1.82662
0,0.25,4.5,15.1701,-4.52374e-07,1.82662
0,0.25,4.5,15.6701,-4.53656e-07,1.82662
0,0.25,4.5,16.1701,-4.54108e-07,1.82662
0,0.25,4.5,16.6701,-4.54224e-07,1.82662
0,0.25,4.5,17.1701,-4.54227e-07,1.82662
0,0.25,4.5,17.6701,-4.53813e-07,1.82662
0,0.25,4.5,18.1701,-4.51145e-07,1.82662
0,0.25,4.5,18.6701,-4.40207e-07,1.82662
0,0.25,4.5,19.1701,-2.82109e-06,1.82657
0,0.25,4.5,19.6701,-1.03315e-05,1.82662
0,0.25,4.5,20.1701,-3.98381e-06,1.82654
0,0.25,4.5,20.6701,-5.44314e-06,1.82662
0,0.25,4.5,21.1701,-2.051e-06,1.82644
0,0.25,4.5,21.6701,1.42694e-06,1.82661
0,0.25,4.5,22.1701,1.70714e-05,1.82629
0,0.25,4.5,22.6701,7.4812e-05,1.8266
0,0.25,4.50001,23.17,0.000128968,1.82603
0,0.25,4.50001,23.6701,0.000397204,1.8266
0,0.25,4.5,24.17,9.19719e-05,1.82549
0,0.25,5,9.67006,1.20352e-06,1.82661
0,0.25,5,10.1701,5.55819e-06,1.82662
0,0.25,5,10.6701,1.32564e-06,1.82662
0,0.25,5,11.1701,1.25117e-07,1.82662
0,0.25,5,11.6701,1.96694e-07,1.82662
0,0.25,5,12.1701,2.7394e-07,1.82662
0,0.25,5,12.6701,3.2362e-07,1.82662
0,0.25,5,13.1701,3.89027e-07,1.82662
0,0.25,5,13.6701,4.16808e-07,1.82662
0,0.25,5,14.1701,4.4002e-07,1.82662
0,0.25,5,14.6701,4.48156e-07,1.82662
0,0.25,5,15.1701,4.52378e-07,1.82662
0,0.25,5,15.6701,4.53661e-07,1.82662
0,0.25,5,16.1701,4.54113e-07,1.82662
0,0.25,5,16.6701,4.54229e-07,1.82662
0,0.25,5,17.1701,4.54232e-07,1.82662
0,0.25,5,17.6701,4.53818e-07,1.82662
0,0.25,5,18.1701,4.5115e-07,1.82662
0,0.25,5,18.6701,4.40211e-07,1.82662
0,0.25,5,19.1701,2.82109e-06,1.82657
0,0.25,5,19.6701,1.03315e-05,1.82662
0,0.25,5,20.1701,3.98381e-06,1.82654
0,0.25,5,20.6701,5.44314e-06,1.82662
0,0.25,5,21.1701,2.05099e-06,1.82644
0,0.25,5,21.6701,-1.42694e-06,1.82661
0,0.25,5,22.1701,-1.70714e-05,1.82629
0,0.25,5,22.6701,-7.48121e-05,1.8266
0,0.25,4.99999,23.17,-0.000128968,1.82603
0,0.25,4.99999,23.6701,-0.000397204,1.8266
0,0.25,5,24.17,-9.19719e-05,1.82549
0,0.25,5.5,9.67006,-6.39376e-06,1.82661
0,0.25,5.5,10.1701,-2.63643e-05,1.82662
0,0.25,5.5,10.6701,-6.16026e-06,1.82663
0,0.25,5.5,11.1701,9.14136e-08,1.82662
0,0.25,5.5,11.6701,1.70734e-06,1.82662
0,0.25,5.5,12.1701,3.0459e-06,1.82662
0,0.25,5.5,12.6701,3.41202e-06,1.82662
0,0.25,5.5,13.1701,3.91952e-06,1.82662
0,0.25,5.5,13.6701,4.08119e-06,1.82662
0,0.25,5.5,14.1701,4.2259e-06,1.82662
0,0.25,5.5,14.6701,4.26769e-06,1.82662
0,0.25,5.5,15.1701,4.28991e-06,1.82662
0,0.25,5.5,15.6701,4.29598e-06,1.82662
0,0.25,5.5,16.1701,4.29801e-06,1.82662
0,0.25,5.5,16.6701,4.29852e-06,1.82662
0,0.25,5.5,17.1701,4.29853e-06,1.82662
0,0.25,5.5,17.6701,4.29808e-06,1.82662
0,0.25,5.5,18.1701,3.62275e-06,1.82662
0,0.25,5.5,18.6701,1.52618e-06,1.82662
0,0.25,5.5,19.1701,5.67382e-06,1.82658
0,0.25,5.5,19.6701,1.26563e-05,1.82662
0,0.25,5.5,20.1701,1.16465e-05,1.82654
0,0.25,5.5,20.6701,2.63549e-05,1.82662
0,0.25,5.5,21.1701,2.48669e-05,1.82644
0,0.25,5.5,21.6701,6.64713e-05,1.8266
0,0.25,5.5,22.1701,5.73397e-05,1.82626
0,0.25,5.5,22.6701,0.000133902,1.82658
0,0.25,5.5,23.17,9.23482e-05,1.82584
0,0.25,5.50001,23.6701,0.000378256,1.82663
0,0.25,5.5,24.17,8.84449e-05,1.82571
0,0.25,6,9.67006,3.64015e-07,1.82658
0,0.25,6,10.1701,1.26277e-06,1.82661
0,0.25,6,10.6701,1.00944e-06,1.82664
0,0.25,6,11.1701,2.04014e-06,1.82661
0,0.25,6,11.6701,2.481e-06,1.82661
0,0.25,6,12.1701,3.55888e-06,1.82661
0,0.25,6,12.6701,3.95499e-06,1.82661
0,0.25,6,13.1701,4.48224e-06,1.82661
0,0.25,6,13.6701,4.64926e-06,1.82661
0,0.25,6,14.1701,4.79063e-06,1.82661
0,0.25,6,14.6701,4.83143e-06,1.82661
0,0.25,6,15.1701,4.8521e-06,1.82661
0,0.25,6,15.6701,4.85775e-06,1.82661
0,0.25,6,16.1701,4.85958e-06,1.82661
0,0.25,6,16.6701,4.86003e-06,1.82661
0,0.25,6,17.1701,4.86004e-06,1.82661
0,0.25,6,17.6701,4.85964e-06,1.82661
0,0.25,6,18.1701,4.85803e-06,1.82661
0,0.25,6,18.6701,4.86428e-06,1.82661
0,0.25,6,19.1701,1.16782e-05,1.82658
0,0.25,6,19.6701,3.28967e-05,1.82661
0,0.25,6,20.1701,2.21167e-05,1.82655
0,0.25,6,20.6701,4.75595e-05,1.8266
0,0.25,6,21.1701,3.29613e-05,1.82647
0,0.25,6,21.6701,7.90298e-05,1.8266
0,0.25,6,22.1701,3.67833e-05,1.82633
0,0.25,6,22.6701,4.09446e-05,1.82655
0,0.25,5.99999,23.17,-8.01579e-05,1.82608
0,0.25,5.99997,23.6701,-0.000477374,1.82662
0,0.25,5.99999,24.17,-0.000115955,1.82529
0,0.25,6.5,9.67003,8.50981e-06,1.82592
0,0.25,6.5,10.17,3.47979e-05,1.82514
0,0.25,6.5,10.67,1.04142e-05,1.82533
0,0.25,6.5,11.17,5.04228e-06,1.82533
0,0.25,6.5,11.67,4.54569e-06,1.82533
0,0.25,6.5,12.17,4.98363e-06,1.82533
0,0.25,6.5,12.67,5.27388e-06,1.82533
0,0.25,6.5,13.17,5.51236e-06,1.82533
0,0.25,6.5,13.67,5.59008e-06,1.82534
0,0.25,6.5,14.17,5.63113e-06,1.82534
0,0.25,6.5,14.67,5.64404e-06,1.82534
0,0.25,6.5,15.17,5.64839e-06,1.82534
0,0.25,6.5,15.67,5.6497e-06,1.82534
0,0.25,6.5,16.17,5.65004e-06,1.82534
0,0.25,6.5,16.67,5.65012e-06,1.82534
0,0.25,6.5,17.17,5.65013e-06,1.82534
0,0.25,6.5,17.67,5.65005e-06,1.82534
0,0.25,6.5,18.17,6.3231e-06,1.82533
0,0.25,6.5,18.67,8.43266e-06,1.82533
0,0.25,6.5,19.17,1.35796e-05,1.82533
0,0.25,6.5,19.67,3.54962e-05,1.82533
0,0.25,6.5,20.17,2.98379e-05,1.82528
0,0.25,6.5,20.67,7.4866e-05,1.82533
0,0.25,6.5,21.17,6.06754e-05,1.82521
0,0.25,6.5,21.67,0.000161364,1.82533
0,0.25,6.5,22.17,0.000115331,1.82497
0,0.25,6.50001,22.67,0.000306301,1.82529
0,0.25,6.5,23.17,0.000205941,1.82411
0,0.25,6.5,23.67,0.000380366,1.82512
0,0.25,6.5,24.17,9.45085e-05,1.82536
0,0.25,7,9.6643,8.68858e-07,1.71509
0,0.25,7,10.1651,1.57021e-06,1.72975
0,0.25,7,10.6651,2.07044e-06,1.73009
0,0.25,7,11.1651,3.27407e-06,1.7301
0,0.25,7,11.6651,4.01214e-06,1.7301
0,0.25,7,12.1651,4.69781e-06,1.7301
0,0.25,7,12.6651,4.94159e-06,1.7301
0,0.25,7,13.1651,5.11096e-06,1.7301
0,0.25,7,13.6651,5.16197e-06,1.7301
0,0.25,7,14.1651,5.18554e-06,1.7301
0,0.25,7,14.6651,5.19209e-06,1.7301
0,0.25,7,15.1651,5.194e-06,1.7301
0,0.25,7,15.6651,5.1945e-06,1.7301
0,0.25,7,16.1651,5.19461e-06,1.7301
0,0.25,7,16.6651,5.19463e-06,1.7301
0,0.25,7,17.1651,5.19463e-06,1.7301
0,0.25,7,17.6651,5.19492e-06,1.7301
0,0.25,7,18.1651,5.19708e-06,1.7301
0,0.25,7,18.6651,5.21448e-06,1.7301
0,0.25,7,19.1651,5.31538e-06,1.7301
0,0.25,7,19.6651,5.51473e-06,1.7301
0,0.25,7,20.1651,1.59852e-05,1.73009
0,0.25,7,20.6651,4.94739e-05,1.7301
0,0.25,7,21.1651,5.19863e-05,1.73007
0,0.25,7.00001,21.6651,0.000153751,1.73009
0,0.25,7.00001,22.1651,0.00015704,1.73002
0,0.25,7.00002,22.6651,0.000485227,1.73008
0,0.25,7.00002,23.1651,0.000523478,1.7298
0,0.25,7.00006,23.6651,0.00166759,1.72974
0,0.25,7.00002,24.1643,0.000414622,1.7138
1,0.25,7.5,1.5,0,0
1,0.25,8,1.5,0,0
1,0.25,1.5,1.5,0,0
1,0.25,2,1.5,0,0
1,0.25,7.5,2,0,0
1,0.25,8,2,0,0
1,0.25,1.5,2,0,0
1,0.25,2,2,0,0
1,0.25,7.5,2.5,0,0
1,0.25,8,2.5,0,0
1,0.25,1.5,2.5,0,0
1,0.25,2,2.5,0,0
1,0.25,7.5,3,0,0
1,0.25,8,3,0,0
1,0.25,1.5,3,0,0
1,0.25,2,3,0,0
1,0.25,7.5,3.5,0,0
1,0.25,8,3.5,0,0
1,0.25,1.5,3.5,0,0
1,0.25,2,3.5,0,0
1,0.25,7.5,4,0,0
1,0.25,8,4,0,0
1,0.25,1.5,4,0,0
1,0.25,2,4,0,0
1,0.25,7.5,4.5,0,0
1,0.25,8,4.5,0,0
1,0.25,1.5,4.5,0,0
1,0.25,2,4.5,0,0
1,0.25,7.5,5,0,0
1,0.25,8,5,0,0
1,0.25,1.5,5,0,0
1,0.25,2,5,0,0
1,0.25,7.5,5.5,0,0
1,0.25,8,5.5,0,0
1,0.25,1.5,5.5,0,0
1,0.25,2,5.5,0,0
1,0.25,7.5,6,0,0
1,0.25,8,6,0,0
1,0.25,1.5,6,0,0
1,0.25,2,6,0,0
1,0.25,7.5,6.5,0,0
1,0.25,8,6.5,0,0
1,0.25,1.5,6.5,0,0
1,0.25,2,6.5,0,0
1,0.25,7.5,7,0,0
1,0.25,8,7,0,0
1,0.25,1.5,7,0,0
1,0.25,2,7,0,0
1,0.25,7.5,7.5,0,0
1,0.25,8,7.5,0,0
1,0.25,1.5,7.5,0,0
1,0.25,2,7.5,0,0
1,0.25,7.5,8,0,0
1,0.25,8,8,0,0
1,0.25,1.5,8,0,0
1,0.25,2,8,0,0
1,0.25,7.5,8.5,0,0
1,0.25,8,8.5,0,0
1,0.25,1.5,8.5,0,0
1,0.25,2,8.5,0,0
1,0.25,7.5,9,0,0
1,0.25,8,9,0,0
1,0.25,1.5,9,0,0
1,0.25,2,9,0,0
1,0.25,7.5,9.5,0,0
1,0.25,8,9.5,0,0
1,0.25,1.5,9.5,0,0
1,0.25,2,9.5,0,0
1,0.25,7.5,10,0,0
1,0.25,8,10,0,0
1,0.25,1.5,10,0,0
1,0.25,2,10,0,0
1,0.25,7.5,10.5,0,0
1,0.25,8,10.5,0,0
1,0.25,1.5,10.5,0,0
1,0.25,2,10.5,0,0
1,0.25,7.5,11,0,0
1,0.25,8,11,0,0
1,0.25,1.5,11,0,0
1,0.25,2,11,0,0
1,0.25,7.5,11.5,0,0
1,0.25,8,11.5,0,0
1,0.25,1.5,11.5,0,0
1,0.25,2,11.5,0,0
1,0.25,7.5,12,0,0
1,0.25,8,12,0,0
1,0.25,1.5,12,0,0
1,0.25,2,12,0,0
1,0.25,7.5,12.5,0,0
1,0.25,8,12.5,0,0
1,0.25,1.5,12.5,0,0
1,0.25,2,12.5,0,0
1,0.25,7.5,13,0,0
1,0.25,8,13,0,0
1,0.25,1.5,13,0,0
1,0.25,2,13,0,0
1,0.25,7.5,13.5,0,0
1,0.25,8,13.5,0,0
1,0.25,1.5,13.5,0,0
1,0.25,2,13.5,0,0
1,0.25,7.5,14,0,0
1,0.25,8,14,0,0
1,0.25,1.5,14,0,0
1,0.25,2,14,0,0
1,0.25,7.5,14.5,0,0
1,0.25,8,14.5,0,0
1,0.25,1.5,14.5,0,0
1,0.25,2,14.5,0,0
1,0.25,7.5,15,0,0
1,0.25,8,15,0,0
1,0.25,1.5,15,0,0
1,0.25,2,15,0,0
1,0.25,7.5,15.5,0,0
1,0.25,8,15.5,0,0
1,0.25,1.5,15.5,0,0
1,0.25,2,15.5,0,0
1,0.25,7.5,16,0,0
1,0.25,8,16,0,0
1,0.25,1.5,16,0,0
1,0.25,2,16,0,0
1,0.25,7.5,16.5,0,0
1,0.25,8,16.5,0,0
1,0.25,1.5,16.5,0,0
1,0.25,2,16.5,0,0
1,0.25,7.5,17,0,0
1,0.25,8,17,0,0
1,0.25,1.5,17,0,0
1,0.25,2,17,0,0
1,0.25,7.5,17.5,0,0
1,0.25,8,17.5,0,0
1,0.25,1.5,17.5,0,0
1,0.25,2,17.5,0,0
1,0.25,7.5,18,0,0
1,0.25,8,18,0,0
1,0.25,1.5,18,0,0
1,0.25,2,18,0,0
1,0.25,7.5,18.5,0,0
1,0.25,8,18.5,0,0
1,0.25,1.5,18.5,0,0
1,0.25,2,18.5,0,0
1,0.25,7.5,19,0,0
1,0.25,8,19,0,0
1,0.25,1.5,19,0,0
1,0.25,2,19,0,0
1,0.25,7.5,19.5,0,0
1,0.25,8,19.5,0,0
1,0.25,1.5,19.5,0,0
1,0.25,2,19.5,0,0
1,0.25,7.5,20,0,0
1,0.25,8,20,0,0
1,0.25,1.5,20,0,0
1,0.25,2,20,0,0
1,0.25,7.5,20.5,0,0
1,0.25,8,20.5,0,0
1,0.25,1.5,20.5,0,0
1,0.25,2,20.5,0,0
1,0.25,7.5,21,0,0
1,0.25,8,21,0,0
1,0.25,1.5,21,0,0
1,0.25,2,21,0,0
1,0.25,7.5,21.5,0,0
1,0.25,8,21.5,0,0
1,0.25,1.5,21.5,0,0
1,0.25,2,21.5,0,0
1,0.25,7.5,22,0,0
1,0.25,8,22,0,0
1,0.25,1.5,22,0,0
1,0.25,2,22,0,0
1,0.25,7.5,22.5,0,0
1,0.25,8,22.5,0,0
1,0.25,1.5,22.5,0,0
1,0.25,2,22.5,0,0
1,0.25,7.5,23,0,0
1,0.25,8,23,0,0
1,0.25,1.5,23,0,0
1,0.25,2,23,0,0
1,0.25,7.5,23.5,0,0
1,0.25,8,23.5,0,0
1,0.25,1.5,23.5,0,0
1,0.25,2,23.5,0,0
1,0.25,7.5,24,0,0
1,0.25,8,24,0,0
1,0.25,1.5,24,0,0
1,0.25,2,24,0,0
1,0.25,7.5,24.5,0,0
1,0.25,8,24.5,0,0
1,0.25,1.5,24.5,0,0
1,0.25,2,24.5,0,0
1,0.25,7.5,25,0,0
1,0.25,8,25,0,0
1,0.25,1.5,25,0,0
1,0.25,2,25,0,0
1,0.25,7.5,25.5,0,0
1,0.25,8,25.5,0,0
1,0.25,1.5,25.5,0,0
1,0.25,2,25.5,0,0
1,0.25,2.5,1.5,0,0
1,0.25,2.5,2,0,0
1,0.25,2.5,25,0,0
1,0.25,2.5,25.5,0,0
1,0.25,3,1.5,0,0
1,0.25,3,2,0,0
1,0.25,3,25,0,0
1,0.25,3,25.5,0,0
1,0.25,3.5,1.5,0,0
1,0.25,3.5,2,0,0
1,0.25,3.5,25,0,0
1,0.25,3.5,25.5,0,0
1,0.25,4,1.5,0,0
1,0.25,4,2,0,0
1,0.25,4,25,0,0
1,0.25,4,25.5,0,0
1,0.25,4.5,1.5,0,0
1,0.25,4.5,2,0,0
1,0.25,4.5,25,0,0
1,0.25,4.5,25.5,0,0
1,0.25,5,1.5,0,0
1,0.25,5,2,0,0
1,0.25,5,25,0,0
1,0.25,5,25.5,0,0
1,0.25,5.5,1.5,0,0
1,0.25,5.5,2,0,0
1,0.25,5.5,25,0,0
1,0.25,5.5,25.5,0,0
1,0.25,6,1.5,0,0
1,0.25,6,2,0,0
1,0.25,6,25,0,0
1,0.25,6,25.5,0,0
1,0.25,6.5,1.5,0,0
1,0.25,6.5,2,0,0
1,0.25,6.5,25,0,0
1,0.25,6.5,25.5,0,0
1,0.25,7,1.5,0,0
1,0.25,7,2,0,0
1,0.25,7,25,0,0
1,0.25,7,25.5,0,0
