536 2 0.5 3500 0.2 2 0 1e-05 0 9.81 35 35
0,0.25,2.5,9.73312,0,2.13858
0,0.25,2.5,10.2331,0,2.13858
0,0.25,2.5,10.7331,0,2.13858
0,0.25,2.5,11.2331,0,2.13858
0,0.25,2.5,11.7331,0,2.13858
0,0.25,2.5,12.2331,0,2.13858
0,0.25,2.5,12.7331,0,2.13858
0,0.25,2.5,13.2331,0,2.13858
0,0.25,2.5,13.7331,0,2.13858
0,0.25,2.5,14.2331,0,2.13858
0,0.25,2.5,14.7331,0,2.13858
0,0.25,2.5,15.2331,0,2.13858
0,0.25,2.5,15.7331,0,2.13858
0,0.25,2.5,16.2331,0,2.13858
0,0.25,2.5,16.7331,0,2.13858
0,0.25,2.5,17.2331,0,2.13858
0,0.25,2.5,17.7331,0,2.13858
0,0.25,2.5,18.2331,0,2.13858
0,0.25,2.5,18.7331,0,2.13858
0,0.25,2.5,19.2331,0,2.13858
0,0.25,2.5,19.7331,0,2.13858
0,0.25,2.5,20.2331,0,2.13858
0,0.25,2.5,20.7331,0,2.13858
0,0.25,2.5,21.2331,0,2.13858
0,0.25,2.5,21.7331,0,2.13858
0,0.25,2.5,22.2331,0,2.13858
0,0.25,2.5,22.7331,0,2.13858
0,0.25,2.5,23.2331,0,2.13858
0,0.25,2.5,23.7331,0,2.13858
0,0.25,2.5,24.2331,0,2.13858
0,0.25,3,9.73312,0,2.13858
0,0.25,3,10.2331,0,2.13858
0,0.25,3,10.7331,0,2.13858
0,0.25,3,11.2331,0,2.13858
0,0.25,3,11.7331,0,2.13858
0,0.25,3,12.2331,0,2.13858
0,0.25,3,12.7331,0,2.13858
0,0.25,3,13.2331,0,2.13858
0,0.25,3,13.7331,0,2.13858
0,0.25,3,14.2331,0,2.13858
0,0.25,3,14.7331,0,2.13858
0,0.25,3,15.2331,0,2.13858
0,0.25,3,15.7331,0,2.13858
0,0.25,3,16.2331,0,2.13858
0,0.25,3,16.7331,0,2.13858
0,0.25,3,17.2331,0,2.13858
0,0.25,3,17.7331,0,2.13858
0,0.25,3,18.2331,0,2.13858
0,0.25,3,18.7331,0,2.13858
0,0.25,3,19.2331,0,2.13858
0,0.25,3,19.7331,0,2.13858
0,0.25,3,20.2331,0,2.13858
0,0.25,3,20.7331,0,2.13858
0,0.25,3,21.2331,0,2.13858
0,0.25,3,21.7331,0,2.13858
0,0.25,3,22.2331,0,2.13858
0,0.25,3,22.7331,0,2.13858
0,0.25,3,23.2331,0,2.13858
0,0.25,3,23.7331,0,2.13858
0,0.25,3,24.2331,0,2.13858
0,0.25,3.5,9.73312,0,2.13858
0,0.25,3.5,10.2331,0,2.13858
0,0.25,3.5,10.7331,0,2.13858
0,0.25,3.5,11.2331,0,2.13858
0,0.25,3.5,11.7331,0,2.13858
0,0.25,3.5,12.2331,0,2.13858
0,0.25,3.5,12.7331,0,2.13858
0,0.25,3.5,13.2331,0,2.13858
0,0.25,3.5,13.7331,0,2.13858
0,0.25,3.5,14.2331,0,2.13858
0,0.25,3.5,14.7331,0,2.13858
0,0.25,3.5,15.2331,0,2.13858
0,0.25,3.5,15.7331,0,2.13858
0,0.25,3.5,16.2331,0,2.13858
0,0.25,3.5,16.7331,0,2.13858
0,0.25,3.5,17.2331,0,2.13858
0,0.25,3.5,17.7331,0,2.13858
0,0.25,3.5,18.2331,0,2.13858
0,0.25,3.5,18.7331,0,2.13858
0,0.25,3.5,19.2331,0,2.13858
0,0.25,3.5,19.7331,0,2.13858
0,0.25,3.5,20.2331,0,2.13858
0,0.25,3.5,20.7331,0,2.13858
0,0.25,3.5,21.2331,0,2.13858
0,0.25,3.5,21.7331,0,2.13858
0,0.25,3.5,22.2331,0,2.13858
0,0.25,3.5,22.7331,0,2.13858
0,0.25,3.5,23.2331,0,2.13858
0,0.25,3.5,23.7331,0,2.13858
0,0.25,3.5,24.2331,0,2.13858
0,0.25,4,9.73312,0,2.13858
0,0.25,4,10.2331,0,2.13858
0,0.25,4,10.7331,0,2.13858
0,0.25,4,11.2331,0,2.13858
0,0.25,4,11.7331,0,2.13858
0,0.25,4,12.2331,0,2.13858
0,0.25,4,12.7331,0,2.13858
0,0.25,4,13.2331,0,2.13858
0,0.25,4,13.7331,0,2.13858
0,0.25,4,14.2331,0,2.13858
0,0.25,4,14.7331,0,2.13858
0,0.25,4,15.2331,0,2.13858
0,0.25,4,15.7331,0,2.13858
0,0.25,4,16.2331,0,2.13858
0,0.25,4,16.7331,0,2.13858
0,0.25,4,17.2331,0,2.13858
0,0.25,4,17.7331,0,2.13858
0,0.25,4,18.2331,0,2.13858
0,0.25,4,18.7331,0,2.13858
0,0.25,4,19.2331,0,2.13858
0,0.25,4,19.7331,0,2.13858
0,0.25,4,20.2331,0,2.13858
0,0.25,4,20.7331,0,2.13858
0,0.25,4,21.2331,0,2.13858
0,0.25,4,21.7331,0,2.13858
0,0.25,4,22.2331,0,2.13858
0,0.25,4,22.7331,0,2.13858
0,0.25,4,23.2331,0,2.13858
0,0.25,4,23.7331,0,2.13858
0,0.25,4,24.2331,0,2.13858
0,0.25,4.5,9.73312,0,2.13858
0,0.25,4.5,10.2331,0,2.13858
0,0.25,4.5,10.7331,0,2.13858
0,0.25,4.5,11.2331,0,2.13858
0,0.25,4.5,11.7331,0,2.13858
0,0.25,4.5,12.2331,0,2.13858
0,0.25,4.5,12.7331,0,2.13858
0,0.25,4.5,13.2331,0,2.13858
0,0.25,4.5,13.7331,0,2.13858
0,0.25,4.5,14.2331,0,2.13858
0,0.25,4.5,14.7331,0,2.13858
0,0.25,4.5,15.2331,0,2.13858
0,0.25,4.5,15.7331,0,2.13858
0,0.25,4.5,16.2331,0,2.13858
0,0.25,4.5,16.7331,0,2.13858
0,0.25,4.5,17.2331,0,2.13858
0,0.25,4.5,17.7331,0,2.13858
0,0.25,4.5,18.2331,0,2.13858
0,0.25,4.5,18.7331,0,2.13858
0,0.25,4.5,19.2331,0,2.13858
0,0.25,4.5,19.7331,0,2.13858
0,0.25,4.5,20.2331,0,2.13858
0,0.25,4.5,20.7331,0,2.13858
0,0.25,4.5,21.2331,0,2.13858
0,0.25,4.5,21.7331,0,2.13858
0,0.25,4.5,22.2331,0,2.13858
0,0.25,4.5,22.7331,0,2.13858
0,0.25,4.5,23.2331,0,2.13858
0,0.25,4.5,23.7331,0,2.13858
0,0.25,4.5,24.2331,0,2.13858
0,0.25,5,9.73312,0,2.13858
0,0.25,5,10.2331,0,2.13858
0,0.25,5,10.7331,0,2.13858
0,0.25,5,11.2331,0,2.13858
0,0.25,5,11.7331,0,2.13858
0,0.25,5,12.2331,0,2.13858
0,0.25,5,12.7331,0,2.13858
0,0.25,5,13.2331,0,2.13858
0,0.25,5,13.7331,0,2.13858
0,0.25,5,14.2331,0,2.13858
0,0.25,5,14.7331,0,2.13858
0,0.25,5,15.2331,0,2.13858
0,0.25,5,15.7331,0,2.13858
0,0.25,5,16.2331,0,2.13858
0,0.25,5,16.7331,0,2.13858
0,0.25,5,17.2331,0,2.13858
0,0.25,5,17.7331,0,2.13858
0,0.25,5,18.2331,0,2.13858
0,0.25,5,18.7331,0,2.13858
0,0.25,5,19.2331,0,2.13858
0,0.25,5,19.7331,0,2.13858
0,0.25,5,20.2331,0,2.13858
0,0.25,5,20.7331,0,2.13858
0,0.25,5,21.2331,0,2.13858
0,0.25,5,21.7331,0,2.13858
0,0.25,5,22.2331,0,2.13858
0,0.25,5,22.7331,0,2.13858
0,0.25,5,23.2331,0,2.13858
0,0.25,5,23.7331,0,2.13858
0,0.25,5,24.2331,0,2.13858
0,0.25,5.5,9.73312,0,2.13858
0,0.25,5.5,10.2331,0,2.13858
0,0.25,5.5,10.7331,0,2.13858
0,0.25,5.5,11.2331,0,2.13858
0,0.25,5.5,11.7331,0,2.13858
0,0.25,5.5,12.2331,0,2.13858
0,0.25,5.5,12.7331,0,2.13858
0,0.25,5.5,13.2331,0,2.13858
0,0.25,5.5,13.7331,0,2.13858
0,0.25,5.5,14.2331,0,2.13858
0,0.25,5.5,14.7331,0,2.13858
0,0.25,5.5,15.2331,0,2.13858
0,0.25,5.5,15.7331,0,2.13858
0,0.25,5.5,16.2331,0,2.13858
0,0.25,5.5,16.7331,0,2.13858
0,0.25,5.5,17.2331,0,2.13858
0,0.25,5.5,17.7331,0,2.13858
0,0.25,5.5,18.2331,0,2.13858
0,0.25,5.5,18.7331,0,2.13858
0,0.25,5.5,19.2331,0,2.13858
0,0.25,5.5,19.7331,0,2.13858
0,0.25,5.5,20.2331,0,2.13858
0,0.25,5.5,20.7331,0,2.13858
0,0.25,5.5,21.2331,0,2.13858
0,0.25,5.5,21.7331,0,2.13858
0,0.25,5.5,22.2331,0,2.13858
0,0.25,5.5,22.7331,0,2.13858
0,0.25,5.5,23.2331,0,2.13858
0,0.25,5.5,23.7331,0,2.13858
0,0.25,5.5,24.2331,0,2.13858
0,0.25,6,9.73312,0,2.13858
0,0.25,6,10.2331,0,2.13858
0,0.25,6,10.7331,0,2.13858
0,0.25,6,11.2331,0,2.13858
0,0.25,6,11.7331,0,2.13858
0,0.25,6,12.2331,0,2.13858
0,0.25,6,12.7331,0,2.13858
0,0.25,6,13.2331,0,2.13858
0,0.25,6,13.7331,0,2.13858
0,0.25,6,14.2331,0,2.13858
0,0.25,6,14.7331,0,2.13858
0,0.25,6,15.2331,0,2.13858
0,0.25,6,15.7331,0,2.13858
0,0.25,6,16.2331,0,2.13858
0,0.25,6,16.7331,0,2.13858
0,0.25,6,17.2331,0,2.13858
0,0.25,6,17.7331,0,2.13858
0,0.25,6,18.2331,0,2.13858
0,0.25,6,18.7331,0,2.13858
0,0.25,6,19.2331,0,2.13858
0,0.25,6,19.7331,0,2.13858
0,0.25,6,20.2331,0,2.13858
0,0.25,6,20.7331,0,2.13858
0,0.25,6,21.2331,0,2.13858
0,0.25,6,21.7331,0,2.13858
0,0.25,6,22.2331,0,2.13858
0,0.25,6,22.7331,0,2.13858
0,0.25,6,23.2331,0,2.13858
0,0.25,6,23.7331,0,2.13858
0,0.25,6,24.2331,0,2.13858
0,0.25,6.5,9.73312,0,2.13858
0,0.25,6.5,10.2331,0,2.13858
0,0.25,6.5,10.7331,0,2.13858
0,0.25,6.5,11.2331,0,2.13858
0,0.25,6.5,11.7331,0,2.13858
0,0.25,6.5,12.2331,0,2.13858
0,0.25,6.5,12.7331,0,2.13858
0,0.25,6.5,13.2331,0,2.13858
0,0.25,6.5,13.7331,0,2.13858
0,0.25,6.5,14.2331,0,2.13858
0,0.25,6.5,14.7331,0,2.13858
0,0.25,6.5,15.2331,0,2.13858
0,0.25,6.5,15.7331,0,2.13858
0,0.25,6.5,16.2331,0,2.13858
0,0.25,6.5,16.7331,0,2.13858
0,0.25,6.5,17.2331,0,2.13858
0,0.25,6.5,17.7331,0,2.13858
0,0.25,6.5,18.2331,0,2.13858
0,0.25,6.5,18.7331,0,2.13858
0,0.25,6.5,19.2331,0,2.13858
0,0.25,6.5,19.7331,0,2.13858
0,0.25,6.5,20.2331,0,2.13858
0,0.25,6.5,20.7331,0,2.13858
0,0.25,6.5,21.2331,0,2.13858
0,0.25,6.5,21.7331,0,2.13858
0,0.25,6.5,22.2331,0,2.13858
0,0.25,6.5,22.7331,0,2.13858
0,0.25,6.5,23.2331,0,2.13858
0,0.25,6.5,23.7331,0,2.13858
0,0.25,6.5,24.2331,0,2.13858
0,0.25,7,9.73312,0,2.13858
0,0.25,7,10.2331,0,2.13858
0,0.25,7,10.7331,0,2.13858
0,0.25,7,11.2331,0,2.13858
0,0.25,7,11.7331,0,2.13858
0,0.25,7,12.2331,0,2.13858
0,0.25,7,12.7331,0,2.13858
0,0.25,7,13.2331,0,2.13858
0,0.25,7,13.7331,0,2.13858
0,0.25,7,14.2331,0,2.13858
0,0.25,7,14.7331,0,2.13858
0,0.25,7,15.2331,0,2.13858
0,0.25,7,15.7331,0,2.13858
0,0.25,7,16.2331,0,2.13858
0,0.25,7,16.7331,0,2.13858
0,0.25,7,17.2331,0,2.13858
0,0.25,7,17.7331,0,2.13858
0,0.25,7,18.2331,0,2.13858
0,0.25,7,18.7331,0,2.13858
0,0.25,7,19.2331,0,2.13858
0,0.25,7,19.7331,0,2.13858
0,0.25,7,20.2331,0,2.13858
0,0.25,7,20.7331,0,2.13858
0,0.25,7,21.2331,0,2.13858
0,0.25,7,21.7331,0,2.13858
0,0.25,7,22.2331,0,2.13858
0,0.25,7,22.7331,0,2.13858
0,0.25,7,23.2331,0,2.13858
0,0.25,7,23.7331,0,2.13858
0,0.25,7,24.2331,0,2.13858
1,0.25,7.5,1.5,0,0
1,0.25,8,1.5,0,0
1,0.25,1.5,1.5,0,0
1,0.25,2,1.5,0,0
1,0.25,7.5,2,0,0
1,0.25,8,2,0,0
1,0.25,1.5,2,0,0
1,0.25,2,2,0,0
1,0.25,7.5,2.5,0,0
1,0.25,8,2.5,0,0
1,0.25,1.5,2.5,0,0
1,0.25,2,2.5,0,0
1,0.25,7.5,3,0,0
1,0.25,8,3,0,0
1,0.25,1.5,3,0,0
1,0.25,2,3,0,0
1,0.25,7.5,3.5,0,0
1,0.25,8,3.5,0,0
1,0.25,1.5,3.5,0,0
1,0.25,2,3.5,0,0
1,0.25,7.5,4,0,0
1,0.25,8,4,0,0
1,0.25,1.5,4,0,0
1,0.25,2,4,0,0
1,0.25,7.5,4.5,0,0
1,0.25,8,4.5,0,0
1,0.25,1.5,4.5,0,0
1,0.25,2,4.5,0,0
1,0.25,7.5,5,0,0
1,0.25,8,5,0,0
1,0.25,1.5,5,0,0
1,0.25,2,5,0,0
1,0.25,7.5,5.5,0,0
1,0.25,8,5.5,0,0
1,0.25,1.5,5.5,0,0
1,0.25,2,5.5,0,0
1,0.25,7.5,6,0,0
1,0.25,8,6,0,0
1,0.25,1.5,6,0,0
1,0.25,2,6,0,0
1,0.25,7.5,6.5,0,0
1,0.25,8,6.5,0,0
1,0.25,1.5,6.5,0,0
1,0.25,2,6.5,0,0
1,0.25,7.5,7,0,0
1,0.25,8,7,0,0
1,0.25,1.5,7,0,0
1,0.25,2,7,0,0
1,0.25,7.5,7.5,0,0
1,0.25,8,7.5,0,0
1,0.25,1.5,7.5,0,0
1,0.25,2,7.5,0,0
1,0.25,7.5,8,0,0
1,0.25,8,8,0,0
1,0.25,1.5,8,0,0
1,0.25,2,8,0,0
1,0.25,7.5,8.5,0,0
1,0.25,8,8.5,0,0
1,0.25,1.5,8.5,0,0
1,0.25,2,8.5,0,0
1,0.25,7.5,9,0,0
1,0.25,8,9,0,0
1,0.25,1.5,9,0,0
1,0.25,2,9,0,0
1,0.25,7.5,9.5,0,0
1,0.25,8,9.5,0,0
1,0.25,1.5,9.5,0,0
1,0.25,2,9.5,0,0
1,0.25,7.5,10,0,0
1,0.25,8,10,0,0
1,0.25,1.5,10,0,0
1,0.25,2,10,0,0
1,0.25,7.5,10.5,0,0
1,0.25,8,10.5,0,0
1,0.25,1.5,10.5,0,0
1,0.25,2,10.5,0,0
1,0.25,7.5,11,0,0
1,0.25,8,11,0,0
1,0.25,1.5,11,0,0
1,0.25,2,11,0,0
1,0.25,7.5,11.5,0,0
1,0.25,8,11.5,0,0
1,0.25,1.5,11.5,0,0
1,0.25,2,11.5,0,0
1,0.25,7.5,12,0,0
1,0.25,8,12,0,0
1,0.25,1.5,12,0,0
1,0.25,2,12,0,0
1,0.25,7.5,12.5,0,0
1,0.25,8,12.5,0,0
1,0.25,1.5,12.5,0,0
1,0.25,2,12.5,0,0
1,0.25,7.5,13,0,0
1,0.25,8,13,0,0
1,0.25,1.5,13,0,0
1,0.25,2,13,0,0
1,0.25,7.5,13.5,0,0
1,0.25,8,13.5,0,0
1,0.25,1.5,13.5,0,0
1,0.25,2,13.5,0,0
1,0.25,7.5,14,0,0
1,0.25,8,14,0,0
1,0.25,1.5,14,0,0
1,0.25,2,14,0,0
1,0.25,7.5,14.5,0,0
1,0.25,8,14.5,0,0
1,0.25,1.5,14.5,0,0
1,0.25,2,14.5,0,0
1,0.25,7.5,15,0,0
1,0.25,8,15,0,0
1,0.25,1.5,15,0,0
1,0.25,2,15,0,0
1,0.25,7.5,15.5,0,0
1,0.25,8,15.5,0,0
1,0.25,1.5,15.5,0,0
1,0.25,2,15.5,0,0
1,0.25,7.5,16,0,0
1,0.25,8,16,0,0
1,0.25,1.5,16,0,0
1,0.25,2,16,0,0
1,0.25,7.5,16.5,0,0
1,0.25,8,16.5,0,0
1,0.25,1.5,16.5,0,0
1,0.25,2,16.5,0,0
1,0.25,7.5,17,0,0
1,0.25,8,17,0,0
1,0.25,1.5,17,0,0
1,0.25,2,17,0,0
1,0.25,7.5,17.5,0,0
1,0.25,8,17.5,0,0
1,0.25,1.5,17.5,0,0
1,0.25,2,17.5,0,0
1,0.25,7.5,18,0,0
1,0.25,8,18,0,0
1,0.25,1.5,18,0,0
1,0.25,2,18,0,0
1,0.25,7.5,18.5,0,0
1,0.25,8,18.5,0,0
1,0.25,1.5,18.5,0,0
1,0.25,2,18.5,0,0
1,0.25,7.5,19,0,0
1,0.25,8,19,0,0
1,0.25,1.5,19,0,0
1,0.25,2,19,0,0
1,0.25,7.5,19.5,0,0
1,0.25,8,19.5,0,0
1,0.25,1.5,19.5,0,0
1,0.25,2,19.5,0,0
1,0.25,7.5,20,0,0
1,0.25,8,20,0,0
1,0.25,1.5,20,0,0
1,0.25,2,20,0,0
1,0.25,7.5,20.5,0,0
1,0.25,8,20.5,0,0
1,0.25,1.5,20.5,0,0
1,0.25,2,20.5,0,0
1,0.25,7.5,21,0,0
1,0.25,8,21,0,0
1,0.25,1.5,21,0,0
1,0.25,2,21,0,0
1,0.25,7.5,21.5,0,0
1,0.25,8,21.5,0,0
1,0.25,1.5,21.5,0,0
1,0.25,2,21.5,0,0
1,0.25,7.5,22,0,0
1,0.25,8,22,0,0
1,0.25,1.5,22,0,0
1,0.25,2,22,0,0
1,0.25,7.5,22.5,0,0
1,0.25,8,22.5,0,0
1,0.25,1.5,22.5,0,0
1,0.25,2,22.5,0,0
1,0.25,7.5,23,0,0
1,0.25,8,23,0,0
1,0.25,1.5,23,0,0
1,0.25,2,23,0,0
1,0.25,7.5,23.5,0,0
1,0.25,8,23.5,0,0
1,0.25,1.5,23.5,0,0
1,0.25,2,23.5,0,0
1,0.25,7.5,24,0,0
1,0.25,8,24,0,0
1,0.25,1.5,24,0,0
1,0.25,2,24,0,0
1,0.25,7.5,24.5,0,0
1,0.25,8,24.5,0,0
1,0.25,1.5,24.5,0,0
1,0.25,2,24.5,0,0
1,0.25,7.5,25,0,0
1,0.25,8,25,0,0
1,0.25,1.5,25,0,0
1,0.25,2,25,0,0
1,0.25,7.5,25.5,0,0
1,0.25,8,25.5,0,0
1,0.25,1.5,25.5,0,0
1,0.25,2,25.5,0,0
1,0.25,2.5,1.5,0,0
1,0.25,2.5,2,0,0
1,0.25,2.5,25,0,0
1,0.25,2.5,25.5,0,0
1,0.25,3,1.5,0,0
1,0.25,3,2,0,0
1,0.25,3,25,0,0
1,0.25,3,25.5,0,0
1,0.25,3.5,1.5,0,0
1,0.25,3.5,2,0,0
1,0.25,3.5,25,0,0
1,0.25,3.5,25.5,0,0
1,0.25,4,1.5,0,0
1,0.25,4,2,0,0
1,0.25,4,25,0,0
1,0.25,4,25.5,0,0
1,0.25,4.5,1.5,0,0
1,0.25,4.5,2,0,0
1,0.25,4.5,25,0,0
1,0.25,4.5,25.5,0,0
1,0.25,5,1.5,0,0
1,0.25,5,2,0,0
1,0.25,5,25,0,0
1,0.25,5,25.5,0,0
1,0.25,5.5,1.5,0,0
1,0.25,5.5,2,0,0
1,0.25,5.5,25,0,0
1,0.25,5.5,25.5,0,0
1,0.25,6,1.5,0,0
1,0.25,6,2,0,0
1,0.25,6,25,0,0
1,0.25,6,25.5,0,0
1,0.25,6.5,1.5,0,0
1,0.25,6.5,2,0,0
1,0.25,6.5,25,0,0
1,0.25,6.5,25.5,0,0
1,0.25,7,1.5,0,0
1,0.25,7,2,0,0
1,0.25,7,25,0,0
1,0.25,7,25.5,0,0
536 2 0.5 3500 0.2 2 0 2e-06 0 9.81 10 35
0,0.25,2.5,9.50928,-6.15545e-07,0.42484
0,0.25,2.5,10.0093,-9.0226e-07,0.425229
0,0.25,2.5,10.5093,-1.9329e-06,0.425233
0,0.25,2.5,11.0093,-3.61697e-06,0.425234
0,0.25,2.5,11.5093,-4.48525e-06,0.425234
0,0.25,2.5,12.0093,-5.25771e-06,0.425234
0,0.25,2.5,12.5093,-5.51585e-06,0.425235
0,0.25,2.5,13.0093,-5.6912e-06,0.425235
0,0.25,2.5,13.5093,-5.73861e-06,0.425235
0,0.25,2.5,14.0093,-5.75602e-06,0.425235
0,0.25,2.5,14.5093,-5.76047e-06,0.425235
0,0.25,2.5,15.0093,-5.76154e-06,0.425235
0,0.25,2.5,15.5093,-5.76181e-06,0.425235
0,0.25,2.5,16.0093,-5.76185e-06,0.425235
0,0.25,2.5,16.5093,-5.76186e-06,0.425235
0,0.25,2.5,17.0093,-5.76186e-06,0.425235
0,0.25,2.5,17.5093,-5.76185e-06,0.425235
0,0.25,2.5,18.0093,-5.76181e-06,0.425235
0,0.25,2.5,18.5093,-5.76157e-06,0.425235
0,0.25,2.5,19.0093,-5.76071e-06,0.425235
0,0.25,2.5,19.5093,-5.75692e-06,0.425235
0,0.25,2.5,20.0093,-5.74376e-06,0.425235
0,0.25,2.5,20.5093,-5.71105e-06,0.425235
0,0.25,2.5,21.0093,-5.59148e-06,0.425235
0,0.25,2.5,21.5093,-5.57365e-06,0.425235
0,0.25,2.5,22.0093,-5.26689e-06,0.425234
0,0.25,2.5,22.5093,-6.59035e-06,0.425235
0,0.25,2.5,23.0093,-6.70368e-06,0.425223
0,0.25,2.5,23.5093,-2.60263e-06,0.425235
0,0.25,2.5,24.0093,-4.58182e-06,0.424858
0,0.25,3,9.50932,-4.67913e-07,0.427707
0,0.25,3,10.0093,-2.09958e-06,0.4277
0,0.25,3,10.5093,-2.16158e-06,0.427703
0,0.25,3,11.0093,-3.74395e-06,0.427704
0,0.25,3,11.5093,-4.38207e-06,0.427705
0,0.25,3,12.0093,-5.20315e-06,0.427706
0,0.25,3,12.5093,-5.45809e-06,0.427706
0,0.25,3,13.0093,-5.67274e-06,0.427706
0,0.25,3,13.5093,-5.73056e-06,0.427707
0,0.25,3,14.0093,-5.75466e-06,0.427707
0,0.25,3,14.5093,-5.7609e-06,0.427707
0,0.25,3,15.0093,-5.76245e-06,0.427707
0,0.25,3,15.5093,-5.76285e-06,0.427707
0,0.25,3,16.0093,-5.76292e-06,0.427707
0,0.25,3,16.5093,-5.76293e-06,0.427707
0,0.25,3,17.0093,-5.76294e-06,0.427707
0,0.25,3,17.5093,-5.76292e-06,0.427707
0,0.25,3,18.0093,-5.76286e-06,0.427707
0,0.25,3,18.5093,-5.76249e-06,0.427707
0,0.25,3,19.0093,-5.76118e-06,0.427707
0,0.25,3,19.5093,-5.75577e-06,0.427707
0,0.25,3,20.0093,-5.73574e-06,0.427707
0,0.25,3,20.5093,-5.69331e-06,0.427707
0,0.25,3,21.0093,-5.51472e-06,0.427707
0,0.25,3,21.5093,-5.42015e-06,0.427708
0,0.25,3,22.0093,-4.65073e-06,0.427705
0,0.25,3,22.5093,-4.5937e-06,0.427709
0,0.25,3,23.0093,-3.16769e-07,0.427695
0,0.25,3,23.5093,7.45303e-06,0.42771
0,0.25,3,24.0093,1.87404e-06,0.427734
0,0.25,3.5,9.50932,-2.93318e-07,0.427711
0,0.25,3.5,10.0093,-1.20751e-06,0.427711
0,0.25,3.5,10.5093,-8.14867e-07,0.427712
0,0.25,3.5,11.0093,-1.89779e-06,0.427713
0,0.25,3.5,11.5093,-2.15415e-06,0.427714
0,0.25,3.5,12.0093,-2.8349e-06,0.427715
0,0.25,3.5,12.5093,-3.01558e-06,0.427716
0,0.25,3.5,13.0093,-3.12056e-06,0.427716
0,0.25,3.5,13.5093,-3.14993e-06,0.427716
0,0.25,3.5,14.0093,-3.16195e-06,0.427716
0,0.25,3.5,14.5093,-3.16516e-06,0.427716
0,0.25,3.5,15.0093,-3.16603e-06,0.427716
0,0.25,3.5,15.5093,-3.16625e-06,0.427716
0,0.25,3.5,16.0093,-3.16629e-06,0.427716
0,0.25,3.5,16.5093,-3.1663e-06,0.427716
0,0.25,3.5,17.0093,-3.1663e-06,0.427716
0,0.25,3.5,17.5093,-3.16629e-06,0.427716
0,0.25,3.5,18.0093,-3.16625e-06,0.427716
0,0.25,3.5,18.5093,-3.16604e-06,0.427716
0,0.25,3.5,19.0093,-3.16518e-06,0.427716
0,0.25,3.5,19.5093,-3.16218e-06,0.427716
0,0.25,3.5,20.0093,-3.14925e-06,0.427716
0,0.25,3.5,20.5093,-3.11865e-06,0.427716
0,0.25,3.5,21.0093,-2.99073e-06,0.427716
0,0.25,3.5,21.5093,-2.6846e-06,0.427717
0,0.25,3.5,22.0093,-1.7355e-06,0.427716
0,0.25,3.5,22.5093,4.72738e-07,0.427719
0,0.25,3.5,23.0093,3.16221e-06,0.427716
0,0.25,3.5,23.5093,1.40575e-05,0.427722
0,0.25,3.5,24.0093,3.46922e-06,0.427726
0,0.25,4,9.50932,-6.69966e-08,0.42771
0,0.25,4,10.0093,-3.34413e-07,0.42771
0,0.25,4,10.5093,-7.19268e-07,0.427711
0,0.25,4,11.0093,-1.7833e-06,0.427711
0,0.25,4,11.5093,-2.16798e-06,0.427714
0,0.25,4,12.0093,-2.81946e-06,0.427714
0,0.25,4,12.5093,-3.00548e-06,0.427716
0,0.25,4,13.0093,-3.08142e-06,0.427716
0,0.25,4,13.5093,-3.10367e-06,0.427716
0,0.25,4,14.0093,-3.11052e-06,0.427716
0,0.25,4,14.5093,-3.11239e-06,0.427716
0,0.25,4,15.0093,-3.1129e-06,0.427716
0,0.25,4,15.5093,-3.11303e-06,0.427716
0,0.25,4,16.0093,-3.11306e-06,0.427716
0,0.25,4,16.5093,-3.11306e-06,0.427716
0,0.25,4,17.0093,-3.11306e-06,0.427716
0,0.25,4,17.5093,-3.11306e-06,0.427716
0,0.25,4,18.0093,-3.11303e-06,0.427716
0,0.25,4,18.5093,-3.11291e-06,0.427716
0,0.25,4,19.0093,-3.11233e-06,0.427716
0,0.25,4,19.5093,-3.11039e-06,0.427716
0,0.25,4,20.0093,-3.10204e-06,0.427716
0,0.25,4,20.5093,-3.07361e-06,0.427716
0,0.25,4,21.0093,-2.98499e-06,0.427716
0,0.25,4,21.5093,-2.69146e-06,0.427718
0,0.25,4,22.0093,-2.05832e-06,0.427717
0,0.25,4,22.5093,-1.13149e-06,0.42772
0,0.25,4,23.0093,-1.64668e-07,0.42772
0,0.25,4,23.5093,2.887e-07,0.427722
0,0.25,4,24.0093,9.59034e-08,0.427723
0,0.25,4.5,9.50932,-2.85867e-08,0.42771
0,0.25,4.5,10.0093,-1.26281e-07,0.42771
0,0.25,4.5,10.5093,-7.35089e-08,0.427711
0,0.25,4.5,11.0093,-1.24427e-08,0.427711
0,0.25,4.5,11.5093,1.667e-08,0.427714
0,0.25,4.5,12.0093,-9.61977e-09,0.427714
0,0.25,4.5,12.5093,-1.81536e-08,0.427716
0,0.25,4.5,13.0093,-2.94066e-08,0.427716
0,0.25,4.5,13.5093,-3.31231e-08,0.427716
0,0.25,4.5,14.0093,-3.47349e-08,0.427716
0,0.25,4.5,14.5093,-3.52036e-08,0.427716
0,0.25,4.5,15.0093,-3.53431e-08,0.427716
0,0.25,4.5,15.5093,-3.53778e-08,0.427716
0,0.25,4.5,16.0093,-3.53855e-08,0.427716
0,0.25,4.5,16.5093,-3.53878e-08,0.427716
0,0.25,4.5,17.0093,-3.53885e-08,0.427716
0,0.25,4.5,17.5093,-3.53875e-08,0.427716
0,0.25,4.5,18.0093,-3.53787e-08,0.427716
0,0.25,4.5,18.5093,-3.53424e-08,0.427716
0,0.25,4.5,19.0093,-3.51643e-08,0.427716
0,0.25,4.5,19.5093,-3.45821e-08,0.427716
0,0.25,4.5,20.0093,-3.22262e-08,0.427716
0,0.25,4.5,20.5093,-2.43521e-08,0.427716
0,0.25,4.5,21.0093,-4.21212e-09,0.427716
0,0.25,4.5,21.5093,6.54912e-08,0.427718
0,0.25,4.5,22.0093,1.98192e-07,0.427718
0,0.25,4.5,22.5093,4.16915e-07,0.427721
0,0.25,4.5,23.0093,6.98299e-07,0.427721
0,0.25,4.5,23.5093,1.29729e-06,0.427722
0,0.25,4.5,24.0093,2.95161e-07,0.427722
0,0.25,5,9.50932,2.85864e-08,0.42771
0,0.25,5,10.0093,1.26279e-07,0.42771
0,0.25,5,10.5093,7.35063e-08,0.427711
0,0.25,5,11.0093,1.24399e-08,0.427711
0,0.25,5,11.5093,-1.66701e-08,0.427714
0,0.25,5,12.0093,9.62391e-09,0.427714
0,0.25,5,12.5093,1.81584e-08,0.427716
0,0.25,5,13.0093,2.9412e-08,0.427716
0,0.25,5,13.5093,3.31277e-08,0.427716
0,0.25,5,14.0093,3.47383e-08,0.427716
0,0.25,5,14.5093,3.52068e-08,0.427716
0,0.25,5,15.0093,3.53465e-08,0.427716
0,0.25,5,15.5093,3.53815e-08,0.427716
0,0.25,5,16.0093,3.53892e-08,0.427716
0,0.25,5,16.5093,3.53915e-08,0.427716
0,0.25,5,17.0093,3.53922e-08,0.427716
0,0.25,5,17.5093,3.53912e-08,0.427716
0,0.25,5,18.0093,3.53824e-08,0.427716
0,0.25,5,18.5093,3.53458e-08,0.427716
0,0.25,5,19.0093,3.51678e-08,0.427716
0,0.25,5,19.5093,3.45857e-08,0.427716
0,0.25,5,20.0093,3.22306e-08,0.427716
0,0.25,5,20.5093,2.4357e-08,0.427716
0,0.25,5,21.0093,4.21728e-09,0.427716
0,0.25,5,21.5093,-6.54865e-08,0.427718
0,0.25,5,22.0093,-1.9819e-07,0.427718
0,0.25,5,22.5093,-4.16916e-07,0.427721
0,0.25,5,23.0093,-6.98303e-07,0.427721
0,0.25,5,23.5093,-1.29729e-06,0.427722
0,0.25,5,24.0093,-2.95161e-07,0.427722
0,0.25,5.5,9.50932,6.6997e-08,0.42771
0,0.25,5.5,10.0093,3.34416e-07,0.42771
0,0.25,5.5,10.5093,7.19272e-07,0.427711
0,0.25,5.5,11.0093,1.78331e-06,0.427711
0,0.25,5.5,11.5093,2.16798e-06,0.427714
0,0.25,5.5,12.0093,2.81946e-06,0.427714
0,0.25,5.5,12.5093,3.00548e-06,0.427716
0,0.25,5.5,13.0093,3.08142e-06,0.427716
0,0.25,5.5,13.5093,3.10367e-06,0.427716
0,0.25,5.5,14.0093,3.11052e-06,0.427716
0,0.25,5.5,14.5093,3.11239e-06,0.427716
0,0.25,5.5,15.0093,3.1129e-06,0.427716
0,0.25,5.5,15.5093,3.11303e-06,0.427716
0,0.25,5.5,16.0093,3.11306e-06,0.427716
0,0.25,5.5,16.5093,3.11307e-06,0.427716
0,0.25,5.5,17.0093,3.11307e-06,0.427716
0,0.25,5.5,17.5093,3.11306e-06,0.427716
0,0.25,5.5,18.0093,3.11303e-06,0.427716
0,0.25,5.5,18.5093,3.11291e-06,0.427716
0,0.25,5.5,19.0093,3.11233e-06,0.427716
0,0.25,5.5,19.5093,3.11039e-06,0.427716
0,0.25,5.5,20.0093,3.10204e-06,0.427716
0,0.25,5.5,20.5093,3.0736e-06,0.427716
0,0.25,5.5,21.0093,2.98499e-06,0.427716
0,0.25,5.5,21.5093,2.69146e-06,0.427718
0,0.25,5.5,22.0093,2.05832e-06,0.427717
0,0.25,5.5,22.5093,1.13149e-06,0.42772
0,0.25,5.5,23.0093,1.64669e-07,0.42772
0,0.25,5.5,23.5093,-2.887e-07,0.427722
0,0.25,5.5,24.0093,-9.59035e-08,0.427723
0,0.25,6,9.50932,2.93318e-07,0.427711
0,0.25,6,10.0093,1.20751e-06,0.427711
0,0.25,6,10.5093,8.14867e-07,0.427712
0,0.25,6,11.0093,1.89779e-06,0.427713
0,0.25,6,11.5093,2.15415e-06,0.427714
0,0.25,6,12.0093,2.8349e-06,0.427715
0,0.25,6,12.5093,3.01558e-06,0.427716
0,0.25,6,13.0093,3.12056e-06,0.427716
0,0.25,6,13.5093,3.14992e-06,0.427716
0,0.25,6,14.0093,3.16195e-06,0.427716
0,0.25,6,14.5093,3.16516e-06,0.427716
0,0.25,6,15.0093,3.16602e-06,0.427716
0,0.25,6,15.5093,3.16624e-06,0.427716
0,0.25,6,16.0093,3.16629e-06,0.427716
0,0.25,6,16.5093,3.1663e-06,0.427716
0,0.25,6,17.0093,3.16629e-06,0.427716
0,0.25,6,17.5093,3.16629e-06,0.427716
0,0.25,6,18.0093,3.16625e-06,0.427716
0,0.25,6,18.5093,3.16604e-06,0.427716
0,0.25,6,19.0093,3.16517e-06,0.427716
0,0.25,6,19.5093,3.16218e-06,0.427716
0,0.25,6,20.0093,3.14925e-06,0.427716
0,0.25,6,20.5093,3.11864e-06,0.427716
0,0.25,6,21.0093,2.99073e-06,0.427716
0,0.25,6,21.5093,2.6846e-06,0.427717
0,0.25,6,22.0093,1.7355e-06,0.427716
0,0.25,6,22.5093,-4.72736e-07,0.427719
0,0.25,6,23.0093,-3.16221e-06,0.427716
0,0.25,6,23.5093,-1.40575e-05,0.427722
0,0.25,6,24.0093,-3.46921e-06,0.427726
0,0.25,6.5,9.50932,4.67913e-07,0.427707
0,0.25,6.5,10.0093,2.09958e-06,0.4277
0,0.25,6.5,10.5093,2.16158e-06,0.427703
0,0.25,6.5,11.0093,3.74395e-06,0.427704
0,0.25,6.5,11.5093,4.38207e-06,0.427705
0,0.25,6.5,12.0093,5.20315e-06,0.427706
0,0.25,6.5,12.5093,5.45809e-06,0.427706
0,0.25,6.5,13.0093,5.67274e-06,0.427706
0,0.25,6.5,13.5093,5.73056e-06,0.427707
0,0.25,6.5,14.0093,5.75466e-06,0.427707
0,0.25,6.5,14.5093,5.7609e-06,0.427707
0,0.25,6.5,15.0093,5.76245e-06,0.427707
0,0.25,6.5,15.5093,5.76285e-06,0.427707
0,0.25,6.5,16.0093,5.76292e-06,0.427707
0,0.25,6.5,16.5093,5.76293e-06,0.427707
0,0.25,6.5,17.0093,5.76294e-06,0.427707
0,0.25,6.5,17.5093,5.76292e-06,0.427707
0,0.25,6.5,18.0093,5.76286e-06,0.427707
0,0.25,6.5,18.5093,5.76249e-06,0.427707
0,0.25,6.5,19.0093,5.76118e-06,0.427707
0,0.25,6.5,19.5093,5.75577e-06,0.427707
0,0.25,6.5,20.0093,5.73574e-06,0.427707
0,0.25,6.5,20.5093,5.69331e-06,0.427707
0,0.25,6.5,21.0093,5.51472e-06,0.427707
0,0.25,6.5,21.5093,5.42015e-06,0.427708
0,0.25,6.5,22.0093,4.65073e-06,0.427705
0,0.25,6.5,22.5093,4.5937e-06,0.427709
0,0.25,6.5,23.0093,3.1677e-07,0.427695
0,0.25,6.5,23.5093,-7.45302e-06,0.42771
0,0.25,6.5,24.0093,-1.87404e-06,0.427734
0,0.25,7,9.50928,6.15545e-07,0.42484
0,0.25,7,10.0093,9.0226e-07,0.425229
0,0.25,7,10.5093,1.9329e-06,0.425233
0,0.25,7,11.0093,3.61697e-06,0.425234
0,0.25,7,11.5093,4.48526e-06,0.425234
0,0.25,7,12.0093,5.25771e-06,0.425234
0,0.25,7,12.5093,5.51585e-06,0.425235
0,0.25,7,13.0093,5.6912e-06,0.425235
0,0.25,7,13.5093,5.73861e-06,0.425235
0,0.25,7,14.0093,5.75602e-06,0.425235
0,0.25,7,14.5093,5.76047e-06,0.425235
0,0.25,7,15.0093,5.76154e-06,0.425235
0,0.25,7,15.5093,5.76181e-06,0.425235
0,0.25,7,16.0093,5.76186e-06,0.425235
0,0.25,7,16.5093,5.76187e-06,0.425235
0,0.25,7,17.0093,5.76187e-06,0.425235
0,0.25,7,17.5093,5.76185e-06,0.425235
0,0.25,7,18.0093,5.76182e-06,0.425235
0,0.25,7,18.5093,5.76157e-06,0.425235
0,0.25,7,19.0093,5.76072e-06,0.425235
0,0.25,7,19.5093,5.75692e-06,0.425235
0,0.25,7,20.0093,5.74376e-06,0.425235
0,0.25,7,20.5093,5.71105e-06,0.425235
0,0.25,7,21.0093,5.59149e-06,0.425235
0,0.25,7,21.5093,5.57366e-06,0.425235
0,0.25,7,22.0093,5.26689e-06,0.425234
0,0.25,7,22.5093,6.59035e-06,0.425235
0,0.25,7,23.0093,6.70368e-06,0.425223
0,0.25,7,23.5093,2.60263e-06,0.425235
0,0.25,7,24.0093,4.58182e-06,0.424858
1,0.25,7.5,1.5,0,0
1,0.25,8,1.5,0,0
1,0.25,1.5,1.5,0,0
1,0.25,2,1.5,0,0
1,0.25,7.5,2,0,0
1,0.25,8,2,0,0
1,0.25,1.5,2,0,0
1,0.25,2,2,0,0
1,0.25,7.5,2.5,0,0
1,0.25,8,2.5,0,0
1,0.25,1.5,2.5,0,0
1,0.25,2,2.5,0,0
1,0.25,7.5,3,0,0
1,0.25,8,3,0,0
1,0.25,1.5,3,0,0
1,0.25,2,3,0,0
1,0.25,7.5,3.5,0,0
1,0.25,8,3.5,0,0
1,0.25,1.5,3.5,0,0
1,0.25,2,3.5,0,0
1,0.25,7.5,4,0,0
1,0.25,8,4,0,0
1,0.25,1.5,4,0,0
1,0.25,2,4,0,0
1,0.25,7.5,4.5,0,0
1,0.25,8,4.5,0,0
1,0.25,1.5,4.5,0,0
1,0.25,2,4.5,0,0
1,0.25,7.5,5,0,0
1,0.25,8,5,0,0
1,0.25,1.5,5,0,0
1,0.25,2,5,0,0
1,0.25,7.5,5.5,0,0
1,0.25,8,5.5,0,0
1,0.25,1.5,5.5,0,0
1,0.25,2,5.5,0,0
1,0.25,7.5,6,0,0
1,0.25,8,6,0,0
1,0.25,1.5,6,0,0
1,0.25,2,6,0,0
1,0.25,7.5,6.5,0,0
1,0.25,8,6.5,0,0
1,0.25,1.5,6.5,0,0
1,0.25,2,6.5,0,0
1,0.25,7.5,7,0,0
1,0.25,8,7,0,0
1,0.25,1.5,7,0,0
1,0.25,2,7,0,0
1,0.25,7.5,7.5,0,0
1,0.25,8,7.5,0,0
1,0.25,1.5,7.5,0,0
1,0.25,2,7.5,0,0
1,0.25,7.5,8,0,0
1,0.25,8,8,0,0
1,0.25,1.5,8,0,0
1,0.25,2,8,0,0
1,0.25,7.5,8.5,0,0
1,0.25,8,8.5,0,0
1,0.25,1.5,8.5,0,0
1,0.25,2,8.5,0,0
1,0.25,7.5,9,0,0
1,0.25,8,9,0,0
1,0.25,1.5,9,0,0
1,0.25,2,9,0,0
1,0.25,7.5,9.5,0,0
1,0.25,8,9.5,0,0
1,0.25,1.5,9.5,0,0
1,0.25,2,9.5,0,0
1,0.25,7.5,10,0,0
1,0.25,8,10,0,0
1,0.25,1.5,10,0,0
1,0.25,2,10,0,0
1,0.25,7.5,10.5,0,0
1,0.25,8,10.5,0,0
1,0.25,1.5,10.5,0,0
1,0.25,2,10.5,0,0
1,0.25,7.5,11,0,0
1,0.25,8,11,0,0
1,0.25,1.5,11,0,0
1,0.25,2,11,0,0
1,0.25,7.5,11.5,0,0
1,0.25,8,11.5,0,0
1,0.25,1.5,11.5,0,0
1,0.25,2,11.5,0,0
1,0.25,7.5,12,0,0
1,0.25,8,12,0,0
1,0.25,1.5,12,0,0
1,0.25,2,12,0,0
1,0.25,7.5,12.5,0,0
1,0.25,8,12.5,0,0
1,0.25,1.5,12.5,0,0
1,0.25,2,12.5,0,0
1,0.25,7.5,13,0,0
1,0.25,8,13,0,0
1,0.25,1.5,13,0,0
1,0.25,2,13,0,0
1,0.25,7.5,13.5,0,0
1,0.25,8,13.5,0,0
1,0.25,1.5,13.5,0,0
1,0.25,2,13.5,0,0
1,0.25,7.5,14,0,0
1,0.25,8,14,0,0
1,0.25,1.5,14,0,0
1,0.25,2,14,0,0
1,0.25,7.5,14.5,0,0
1,0.25,8,14.5,0,0
1,0.25,1.5,14.5,0,0
1,0.25,2,14.5,0,0
1,0.25,7.5,15,0,0
1,0.25,8,15,0,0
1,0.25,1.5,15,0,0
1,0.25,2,15,0,0
1,0.25,7.5,15.5,0,0
1,0.25,8,15.5,0,0
1,0.25,1.5,15.5,0,0
1,0.25,2,15.5,0,0
1,0.25,7.5,16,0,0
1,0.25,8,16,0,0
1,0.25,1.5,16,0,0
1,0.25,2,16,0,0
1,0.25,7.5,16.5,0,0
1,0.25,8,16.5,0,0
1,0.25,1.5,16.5,0,0
1,0.25,2,16.5,0,0
1,0.25,7.5,17,0,0
1,0.25,8,17,0,0
1,0.25,1.5,17,0,0
1,0.25,2,17,0,0
1,0.25,7.5,17.5,0,0
1,0.25,8,17.5,0,0
1,0.25,1.5,17.5,0,0
1,0.25,2,17.5,0,0
1,0.25,7.5,18,0,0
1,0.25,8,18,0,0
1,0.25,1.5,18,0,0
1,0.25,2,18,0,0
1,0.25,7.5,18.5,0,0
1,0.25,8,18.5,0,0
1,0.25,1.5,18.5,0,0
1,0.25,2,18.5,0,0
1,0.25,7.5,19,0,0
1,0.25,8,19,0,0
1,0.25,1.5,19,0,0
1,0.25,2,19,0,0
1,0.25,7.5,19.5,0,0
1,0.25,8,19.5,0,0
1,0.25,1.5,19.5,0,0
1,0.25,2,19.5,0,0
1,0.25,7.5,20,0,0
1,0.25,8,20,0,0
1,0.25,1.5,20,0,0
1,0.25,2,20,0,0
1,0.25,7.5,20.5,0,0
1,0.25,8,20.5,0,0
1,0.25,1.5,20.5,0,0
1,0.25,2,20.5,0,0
1,0.25,7.5,21,0,0
1,0.25,8,21,0,0
1,0.25,1.5,21,0,0
1,0.25,2,21,0,0
1,0.25,7.5,21.5,0,0
1,0.25,8,21.5,0,0
1,0.25,1.5,21.5,0,0
1,0.25,2,21.5,0,0
1,0.25,7.5,22,0,0
1,0.25,8,22,0,0
1,0.25,1.5,22,0,0
1,0.25,2,22,0,0
1,0.25,7.5,22.5,0,0
1,0.25,8,22.5,0,0
1,0.25,1.5,22.5,0,0
1,0.25,2,22.5,0,0
1,0.25,7.5,23,0,0
1,0.25,8,23,0,0
1,0.25,1.5,23,0,0
1,0.25,2,23,0,0
1,0.25,7.5,23.5,0,0
1,0.25,8,23.5,0,0
1,0.25,1.5,23.5,0,0
1,0.25,2,23.5,0,0
1,0.25,7.5,24,0,0
1,0.25,8,24,0,0
1,0.25,1.5,24,0,0
1,0.25,2,24,0,0
1,0.25,7.5,24.5,0,0
1,0.25,8,24.5,0,0
1,0.25,1.5,24.5,0,0
1,0.25,2,24.5,0,0
1,0.25,7.5,25,0,0
1,0.25,8,25,0,0
1,0.25,1.5,25,0,0
1,0.25,2,25,0,0
1,0.25,7.5,25.5,0,0
1,0.25,8,25.5,0,0
1,0.25,1.5,25.5,0,0
1,0.25,2,25.5,0,0
1,0.25,2.5,1.5,0,0
1,0.25,2.5,2,0,0
1,0.25,2.5,25,0,0
1,0.25,2.5,25.5,0,0
1,0.25,3,1.5,0,0
1,0.25,3,2,0,0
1,0.25,3,25,0,0
1,0.25,3,25.5,0,0
1,0.25,3.5,1.5,0,0
1,0.25,3.5,2,0,0
1,0.25,3.5,25,0,0
1,0.25,3.5,25.5,0,0
1,0.25,4,1.5,0,0
1,0.25,4,2,0,0
1,0.25,4,25,0,0
1,0.25,4,25.5,0,0
1,0.25,4.5,1.5,0,0
1,0.25,4.5,2,0,0
1,0.25,4.5,25,0,0
1,0.25,4.5,25.5,0,0
1,0.25,5,1.5,0,0
1,0.25,5,2,0,0
1,0.25,5,25,0,0
1,0.25,5,25.5,0,0
1,0.25,5.5,1.5,0,0
1,0.25,5.5,2,0,0
1,0.25,5.5,25,0,0
1,0.25,5.5,25.5,0,0
1,0.25,6,1.5,0,0
1,0.25,6,2,0,0
1,0.25,6,25,0,0
1,0.25,6,25.5,0,0
1,0.25,6.5,1.5,0,0
1,0.25,6.5,2,0,0
1,0.25,6.5,25,0,0
1,0.25,6.5,25.5,0,0
1,0.25,7,1.5,0,0
1,0.25,7,2,0,0
1,0.25,7,25,0,0
1,0.25,7,25.5,0,0
