536 2 0.5 3500 0.2 2 0 2e-06 0 9.81 10 35
0,0.25,2.5,10.0963,-5.31368e-06,3.15343
0,0.25,2.5,10.6032,-1.20408e-05,3.20563
0,0.25,2.5,11.1034,-7.69173e-06,3.20862
0,0.25,2.5,11.6035,-5.89151e-06,3.20879
0,0.25,2.5,12.1035,-4.87535e-06,3.20879
0,0.25,2.5,12.6035,-4.87573e-06,3.20879
0,0.25,2.5,13.1035,-4.68767e-06,3.20879
0,0.25,2.5,13.6035,-4.90399e-06,3.20879
0,0.25,2.5,14.1035,-5.58303e-06,3.20879
0,0.25,2.5,14.6035,-6.16963e-06,3.20879
0,0.25,2.5,15.1035,-7.91237e-06,3.20879
0,0.25,2.5,15.6035,-9.08932e-06,3.20879
0,0.25,2.5,16.1035,-1.34476e-05,3.20879
0,0.25,2.5,16.6035,-1.61326e-05,3.20879
0,0.25,2.5,17.1035,-2.70144e-05,3.20879
0,0.25,2.49999,17.6034,-0.000393558,3.2084
0,0.25,2.49998,18.1035,-0.00196428,3.20859
0,0.25,2.49996,18.6034,-0.00257696,3.20677
0,0.25,2.49987,19.1034,-0.00941713,3.20736
0,0.25,2.49986,19.6031,-0.00851295,3.19075
0,0.25,2.49988,20.1033,-0.00859808,3.20273
0,0.25,2.4997,20.6025,-0.0170268,3.17351
0,0.25,2.50014,21.1031,-0.00275552,3.18093
0,0.25,2.4992,21.6016,-0.0484934,3.13899
0,0.25,2.50037,22.1014,-0.0655233,2.92926
0,0.25,2.49757,22.5985,-0.181482,2.74165
0,0.25,2.49793,23.0905,-0.373498,1.89364
0,0.25,2.49022,23.5822,-0.629138,1.31227
0,0.25,2.48375,24.0561,-1.15848,0.352537
0,0.25,2.47183,24.5493,-0.821464,-0.093161
0,0.25,2.99999,10.1483,-3.60317e-05,3.55454
0,0.25,2.99998,10.6479,-0.000145431,3.55174
0,0.25,2.99999,11.148,-4.56534e-05,3.55296
0,0.25,2.99999,11.648,-3.70289e-05,3.55303
0,0.25,3,12.148,-1.51464e-05,3.55303
0,0.25,3,12.648,-1.64662e-05,3.55303
0,0.25,3,13.148,-1.0382e-05,3.55303
0,0.25,3,13.648,-2.85858e-05,3.55301
0,0.25,3,14.148,-9.63867e-05,3.55303
0,0.25,3,14.648,-7.54528e-05,3.55301
0,0.25,2.99999,15.148,-0.000200932,3.55303
0,0.25,2.99999,15.648,-0.000174883,3.55296
0,0.25,2.99998,16.148,-0.000501538,3.55302
0,0.25,2.99999,16.648,-0.00044535,3.55284
0,0.25,2.99996,17.148,-0.00130568,3.553
0,0.25,2.99997,17.648,-0.00125244,3.55052
0,0.25,2.99991,18.148,-0.00381265,3.55289
0,0.25,2.99993,18.6478,-0.00335265,3.54318
0,0.25,2.99979,19.148,-0.00992752,3.55243
0,0.25,2.9999,19.6474,-0.0042931,3.52421
0,0.25,2.99973,20.1479,-0.0132055,3.55026
0,0.25,2.99998,20.6467,-0.00699618,3.50322
0,0.25,2.99973,21.1477,-0.0208671,3.50514
0,0.25,2.99978,21.6455,-0.0556468,3.43859
0,0.25,2.99942,22.1448,-0.0937211,3.07975
0,0.25,2.99771,22.6409,-0.285221,2.86373
0,0.25,2.99621,23.126,-0.373248,1.54508
0,0.25,2.98693,23.6156,-0.905149,0.736372
0,0.25,2.98276,24.0714,-0.927179,0.0134292
0,0.25,2.96691,24.5416,-0.622114,-1.43922
0,0.25,3.5,10.1491,-1.62836e-06,3.56854
0,0.25,3.5,10.6492,-4.04076e-06,3.56858
0,0.25,3.5,11.1492,-8.84665e-06,3.56866
0,0.25,3.5,11.6492,-2.61841e-05,3.56858
0,0.25,3.5,12.1492,-1.14539e-05,3.5686
0,0.25,3.5,12.6492,-1.58891e-05,3.56857
0,0.25,3.5,13.1492,-1.40253e-05,3.56859
0,0.25,3.5,13.6492,-3.28329e-05,3.56846
0,0.25,3.5,14.1492,-0.000113216,3.56857
0,0.25,3.5,14.6492,-8.81358e-05,3.56844
0,0.25,3.49999,15.1492,-0.000236185,3.56856
0,0.25,3.49999,15.6492,-0.000202408,3.5682
0,0.25,3.49998,16.1492,-0.000577146,3.56855
0,0.25,3.49999,16.6491,-0.000493754,3.56758
0,0.25,3.49996,17.1492,-0.00142099,3.5685
0,0.25,3.49997,17.6491,-0.000848185,3.56504
0,0.25,3.49992,18.1492,-0.00201135,3.56837
0,0.25,3.49995,18.649,-0.000816857,3.55823
0,0.25,3.49989,19.1492,-0.00125491,3.56797
0,0.25,3.49995,19.6486,0.000639224,3.54291
0,0.25,3.49992,20.1491,0.00226863,3.5584
0,0.25,3.49997,20.648,-0.00461458,3.52622
0,0.25,3.50002,21.1485,-0.00121956,3.48354
0,0.25,3.49973,21.647,-0.0421337,3.44187
0,0.25,3.4998,22.1445,-0.05412,2.98467
0,0.25,3.49823,22.6414,-0.19853,2.75115
0,0.25,3.49755,23.1228,-0.27888,1.39793
0,0.25,3.49237,23.6111,-0.506229,0.381883
0,0.25,3.48949,24.068,-0.670094,0.301609
0,0.25,3.48757,24.5389,-0.580137,-0.841029
0,0.25,4,10.1492,2.45883e-05,3.56882
0,0.25,4.00002,10.6492,9.98819e-05,3.56886
0,0.25,4,11.1492,1.7753e-05,3.56888
0,0.25,4,11.6492,1.99337e-07,3.56887
0,0.25,4,12.1492,-7.10644e-06,3.56889
0,0.25,4,12.6492,-9.40072e-06,3.56886
0,0.25,4,13.1492,-2.00702e-05,3.56889
0,0.25,4,13.6492,-2.06508e-05,3.56872
0,0.25,4,14.1492,-5.9022e-05,3.56887
0,0.25,4,14.6492,-4.30432e-05,3.56869
0,0.25,4,15.1492,-0.000106412,3.56886
0,0.25,4,15.6492,-9.36885e-05,3.56836
0,0.25,3.99999,16.1492,-0.000261002,3.56884
0,0.25,3.99999,16.6491,-0.000193624,3.56761
0,0.25,3.99998,17.1492,-0.000502257,3.56878
0,0.25,3.99999,17.6491,-0.00033109,3.56514
0,0.25,3.99997,18.1492,-0.000793174,3.56863
0,0.25,3.99998,18.649,-0.000410271,3.55838
0,0.25,3.99994,19.1492,-0.000824691,3.56815
0,0.25,3.99997,19.6487,0.000147805,3.54616
0,0.25,3.99995,20.1491,0.0014035,3.55532
0,0.25,3.99998,20.6481,-0.00130077,3.52823
0,0.25,3.99999,21.1485,-0.00173908,3.47012
0,0.25,3.99994,21.647,-0.0179863,3.4265
0,0.25,3.99982,22.144,-0.0393541,2.92542
0,0.25,3.99922,22.6407,-0.110708,2.6338
0,0.25,3.99828,23.1207,-0.208315,1.27747
0,0.25,3.99623,23.6072,-0.332085,0.160009
0,0.25,3.99383,24.0647,-0.45741,0.111896
0,0.25,3.99281,24.5362,-0.510161,-1.08569
0,0.25,4.5,10.1492,-4.67004e-06,3.56882
0,0.25,4.5,10.6492,-2.98883e-05,3.56886
0,0.25,4.5,11.1492,-1.22079e-05,3.56888
0,0.25,4.5,11.6492,-5.47508e-06,3.56888
0,0.25,4.5,12.1492,-6.69611e-06,3.5689
0,0.25,4.5,12.6492,-5.90878e-06,3.56886
0,0.25,4.5,13.1492,-1.25689e-05,3.56889
0,0.25,4.5,13.6492,-1.24186e-05,3.5687
0,0.25,4.5,14.1492,-3.7429e-05,3.56887
0,0.25,4.5,14.6492,-2.50859e-05,3.56867
0,0.25,4.5,15.1492,-6.40542e-05,3.56886
0,0.25,4.5,15.6492,-5.81409e-05,3.56825
0,0.25,4.5,16.1492,-0.00017269,3.56883
0,0.25,4.5,16.6491,-0.000130561,3.56742
0,0.25,4.49999,17.1492,-0.000360702,3.56877
0,0.25,4.49999,17.6491,-0.000238096,3.5649
0,0.25,4.49998,18.1492,-0.000614274,3.56862
0,0.25,4.49999,18.649,-0.000129796,3.55894
0,0.25,4.49998,19.1492,9.16093e-05,3.5681
0,0.25,4.49999,19.6487,0.000253014,3.54759
0,0.25,4.49999,20.1491,0.000954765,3.55443
0,0.25,4.5,20.6481,-4.65152e-05,3.52822
0,0.25,4.50002,21.1484,-0.000769615,3.46246
0,0.25,4.49997,21.647,-0.00910309,3.41332
0,0.25,4.49997,22.1437,-0.0169017,2.89871
0,0.25,4.49965,22.6401,-0.0373473,2.5751
0,0.25,4.49936,23.1199,-0.068354,1.20812
0,0.25,4.49893,23.6059,-0.100497,0.0956608
0,0.25,4.49857,24.0634,-0.113733,0.0574822
0,0.25,4.49844,24.5355,-0.10919,-1.09486
0,0.25,5,10.1492,4.67004e-06,3.56882
0,0.25,5,10.6492,2.98883e-05,3.56886
0,0.25,5,11.1492,1.22079e-05,3.56888
0,0.25,5,11.6492,5.47511e-06,3.56888
0,0.25,5,12.1492,6.69616e-06,3.5689
0,0.25,5,12.6492,5.90878e-06,3.56886
0,0.25,5,13.1492,1.25689e-05,3.56889
0,0.25,5,13.6492,1.24186e-05,3.5687
0,0.25,5,14.1492,3.7429e-05,3.56887
0,0.25,5,14.6492,2.50859e-05,3.56867
0,0.25,5,15.1492,6.40541e-05,3.56886
0,0.25,5,15.6492,5.81409e-05,3.56825
0,0.25,5,16.1492,0.00017269,3.56883
0,0.25,5,16.6491,0.000130561,3.56742
0,0.25,5.00001,17.1492,0.000360702,3.56877
0,0.25,5.00001,17.6491,0.000238096,3.5649
0,0.25,5.00002,18.1492,0.000614274,3.56862
0,0.25,5.00001,18.649,0.000129796,3.55894
0,0.25,5.00002,19.1492,-9.16094e-05,3.5681
0,0.25,5.00001,19.6487,-0.000253014,3.54759
0,0.25,5.00001,20.1491,-0.000954765,3.55443
0,0.25,5,20.6481,4.65152e-05,3.52822
0,0.25,4.99998,21.1484,0.000769615,3.46246
0,0.25,5.00003,21.647,0.00910309,3.41332
0,0.25,5.00003,22.1437,0.0169017,2.89871
0,0.25,5.00035,22.6401,0.0373473,2.5751
0,0.25,5.00064,23.1199,0.068354,1.20812
0,0.25,5.00107,23.6059,0.100497,0.0956608
0,0.25,5.00143,24.0634,0.113733,0.0574822
0,0.25,5.00156,24.5355,0.10919,-1.09486
0,0.25,5.5,10.1492,-2.45883e-05,3.56882
0,0.25,5.49998,10.6492,-9.98819e-05,3.56886
0,0.25,5.5,11.1492,-1.7753e-05,3.56888
0,0.25,5.5,11.6492,-1.99297e-07,3.56887
0,0.25,5.5,12.1492,7.10641e-06,3.56889
0,0.25,5.5,12.6492,9.40073e-06,3.56886
0,0.25,5.5,13.1492,2.00703e-05,3.56889
0,0.25,5.5,13.6492,2.06509e-05,3.56872
0,0.25,5.5,14.1492,5.9022e-05,3.56887
0,0.25,5.5,14.6492,4.30432e-05,3.56869
0,0.25,5.5,15.1492,0.000106412,3.56886
0,0.25,5.5,15.6492,9.36885e-05,3.56836
0,0.25,5.50001,16.1492,0.000261002,3.56884
0,0.25,5.50001,16.6491,0.000193624,3.56761
0,0.25,5.50002,17.1492,0.000502257,3.56878
0,0.25,5.50001,17.6491,0.00033109,3.56514
0,0.25,5.50003,18.1492,0.000793174,3.56863
0,0.25,5.50002,18.649,0.000410271,3.55838
0,0.25,5.50006,19.1492,0.000824691,3.56815
0,0.25,5.50003,19.6487,-0.000147805,3.54616
0,0.25,5.50005,20.1491,-0.0014035,3.55532
0,0.25,5.50002,20.6481,0.00130077,3.52823
0,0.25,5.50001,21.1485,0.00173908,3.47012
0,0.25,5.50006,21.647,0.0179863,3.4265
0,0.25,5.50018,22.144,0.0393541,2.92542
0,0.25,5.50078,22.6407,0.110708,2.6338
0,0.25,5.50172,23.1207,0.208315,1.27747
0,0.25,5.50377,23.6072,0.332085,0.160009
0,0.25,5.50617,24.0647,0.45741,0.111896
0,0.25,5.50719,24.5362,0.510161,-1.08569
0,0.25,6,10.1491,1.62836e-06,3.56854
0,0.25,6,10.6492,4.04076e-06,3.56858
0,0.25,6,11.1492,8.84665e-06,3.56866
0,0.25,6,11.6492,2.61841e-05,3.56858
0,0.25,6,12.1492,1.14539e-05,3.5686
0,0.25,6,12.6492,1.58891e-05,3.56857
0,0.25,6,13.1492,1.40253e-05,3.56859
0,0.25,6,13.6492,3.28329e-05,3.56846
0,0.25,6,14.1492,0.000113216,3.56857
0,0.25,6,14.6492,8.81358e-05,3.56844
0,0.25,6.00001,15.1492,0.000236185,3.56856
0,0.25,6.00001,15.6492,0.000202408,3.5682
0,0.25,6.00002,16.1492,0.000577146,3.56855
0,0.25,6.00001,16.6491,0.000493754,3.56758
0,0.25,6.00004,17.1492,0.00142099,3.5685
0,0.25,6.00003,17.6491,0.000848185,3.56504
0,0.25,6.00008,18.1492,0.00201135,3.56837
0,0.25,6.00005,18.649,0.000816857,3.55823
0,0.25,6.00011,19.1492,0.00125491,3.56797
0,0.25,6.00005,19.6486,-0.000639224,3.54291
0,0.25,6.00008,20.1491,-0.00226863,3.5584
0,0.25,6.00003,20.648,0.00461458,3.52622
0,0.25,5.99998,21.1485,0.00121956,3.48354
0,0.25,6.00027,21.647,0.0421337,3.44187
0,0.25,6.0002,22.1445,0.05412,2.98467
0,0.25,6.00177,22.6414,0.19853,2.75115
0,0.25,6.00245,23.1228,0.27888,1.39793
0,0.25,6.00763,23.6111,0.506229,0.381883
0,0.25,6.01051,24.068,0.670094,0.301609
0,0.25,6.01243,24.5389,0.580137,-0.841029
0,0.25,6.50001,10.1483,3.60317e-05,3.55454
0,0.25,6.50002,10.6479,0.000145431,3.55174
0,0.25,6.50001,11.148,4.56534e-05,3.55296
0,0.25,6.50001,11.648,3.70289e-05,3.55303
0,0.25,6.5,12.148,1.51463e-05,3.55303
0,0.25,6.5,12.648,1.64662e-05,3.55303
0,0.25,6.5,13.148,1.0382e-05,3.55303
0,0.25,6.5,13.648,2.85858e-05,3.55301
0,0.25,6.5,14.148,9.63867e-05,3.55303
0,0.25,6.5,14.648,7.54528e-05,3.55301
0,0.25,6.50001,15.148,0.000200932,3.55303
0,0.25,6.50001,15.648,0.000174883,3.55296
0,0.25,6.50002,16.148,0.000501538,3.55302
0,0.25,6.50001,16.648,0.00044535,3.55284
0,0.25,6.50004,17.148,0.00130568,3.553
0,0.25,6.50003,17.648,0.00125244,3.55052
0,0.25,6.50009,18.148,0.00381265,3.55289
0,0.25,6.50007,18.6478,0.00335265,3.54318
0,0.25,6.50021,19.148,0.00992752,3.55243
0,0.25,6.5001,19.6474,0.0042931,3.52421
0,0.25,6.50027,20.1479,0.0132055,3.55026
0,0.25,6.50002,20.6467,0.00699618,3.50322
0,0.25,6.50027,21.1477,0.0208671,3.50514
0,0.25,6.50022,21.6455,0.0556468,3.43859
0,0.25,6.50058,22.1448,0.0937211,3.07975
0,0.25,6.50229,22.6409,0.285221,2.86373
0,0.25,6.50379,23.126,0.373248,1.54508
0,0.25,6.51307,23.6156,0.905149,0.736372
0,0.25,6.51724,24.0714,0.927179,0.0134292
0,0.25,6.53309,24.5416,0.622114,-1.43922
0,0.25,7,10.0963,5.31368e-06,3.15343
0,0.25,7,10.6032,1.20408e-05,3.20563
0,0.25,7,11.1034,7.69173e-06,3.20862
0,0.25,7,11.6035,5.89151e-06,3.20879
0,0.25,7,12.1035,4.87535e-06,3.20879
0,0.25,7,12.6035,4.87573e-06,3.20879
0,0.25,7,13.1035,4.68767e-06,3.20879
0,0.25,7,13.6035,4.90399e-06,3.20879
0,0.25,7,14.1035,5.58303e-06,3.20879
0,0.25,7,14.6035,6.16963e-06,3.20879
0,0.25,7,15.1035,7.91237e-06,3.20879
0,0.25,7,15.6035,9.08933e-06,3.20879
0,0.25,7,16.1035,1.34476e-05,3.20879
0,0.25,7,16.6035,1.61326e-05,3.20879
0,0.25,7,17.1035,2.70144e-05,3.20879
0,0.25,7.00001,17.6034,0.000393558,3.2084
0,0.25,7.00002,18.1035,0.00196428,3.20859
0,0.25,7.00004,18.6034,0.00257696,3.20677
0,0.25,7.00013,19.1034,0.00941713,3.20736
0,0.25,7.00014,19.6031,0.00851295,3.19075
0,0.25,7.00012,20.1033,0.00859808,3.20273
0,0.25,7.0003,20.6025,0.0170268,3.17351
0,0.25,6.99986,21.1031,0.00275552,3.18093
0,0.25,7.0008,21.6016,0.0484934,3.13899
0,0.25,6.99963,22.1014,0.0655233,2.92926
0,0.25,7.00243,22.5985,0.181482,2.74165
0,0.25,7.00207,23.0905,0.373498,1.89364
0,0.25,7.00978,23.5822,0.629138,1.31227
0,0.25,7.01625,24.0561,1.15848,0.352537
0,0.25,7.02817,24.5493,0.821464,-0.093161
1,0.25,7.5,1.5,0,0
1,0.25,8,1.5,0,0
1,0.25,1.5,1.5,0,0
1,0.25,2,1.5,0,0
1,0.25,7.5,2,0,0
1,0.25,8,2,0,0
1,0.25,1.5,2,0,0
1,0.25,2,2,0,0
1,0.25,7.5,2.5,0,0
1,0.25,8,2.5,0,0
1,0.25,1.5,2.5,0,0
1,0.25,2,2.5,0,0
1,0.25,7.5,3,0,0
1,0.25,8,3,0,0
1,0.25,1.5,3,0,0
1,0.25,2,3,0,0
1,0.25,7.5,3.5,0,0
1,0.25,8,3.5,0,0
1,0.25,1.5,3.5,0,0
1,0.25,2,3.5,0,0
1,0.25,7.5,4,0,0
1,0.25,8,4,0,0
1,0.25,1.5,4,0,0
1,0.25,2,4,0,0
1,0.25,7.5,4.5,0,0
1,0.25,8,4.5,0,0
1,0.25,1.5,4.5,0,0
1,0.25,2,4.5,0,0
1,0.25,7.5,5,0,0
1,0.25,8,5,0,0
1,0.25,1.5,5,0,0
1,0.25,2,5,0,0
1,0.25,7.5,5.5,0,0
1,0.25,8,5.5,0,0
1,0.25,1.5,5.5,0,0
1,0.25,2,5.5,0,0
1,0.25,7.5,6,0,0
1,0.25,8,6,0,0
1,0.25,1.5,6,0,0
1,0.25,2,6,0,0
1,0.25,7.5,6.5,0,0
1,0.25,8,6.5,0,0
1,0.25,1.5,6.5,0,0
1,0.25,2,6.5,0,0
1,0.25,7.5,7,0,0
1,0.25,8,7,0,0
1,0.25,1.5,7,0,0
1,0.25,2,7,0,0
1,0.25,7.5,7.5,0,0
1,0.25,8,7.5,0,0
1,0.25,1.5,7.5,0,0
1,0.25,2,7.5,0,0
1,0.25,7.5,8,0,0
1,0.25,8,8,0,0
1,0.25,1.5,8,0,0
1,0.25,2,8,0,0
1,0.25,7.5,8.5,0,0
1,0.25,8,8.5,0,0
1,0.25,1.5,8.5,0,0
1,0.25,2,8.5,0,0
1,0.25,7.5,9,0,0
1,0.25,8,9,0,0
1,0.25,1.5,9,0,0
1,0.25,2,9,0,0
1,0.25,7.5,9.5,0,0
1,0.25,8,9.5,0,0
1,0.25,1.5,9.5,0,0
1,0.25,2,9.5,0,0
1,0.25,7.5,10,0,0
1,0.25,8,10,0,0
1,0.25,1.5,10,0,0
1,0.25,2,10,0,0
1,0.25,7.5,10.5,0,0
1,0.25,8,10.5,0,0
1,0.25,1.5,10.5,0,0
1,0.25,2,10.5,0,0
1,0.25,7.5,11,0,0
1,0.25,8,11,0,0
1,0.25,1.5,11,0,0
1,0.25,2,11,0,0
1,0.25,7.5,11.5,0,0
1,0.25,8,11.5,0,0
1,0.25,1.5,11.5,0,0
1,0.25,2,11.5,0,0
1,0.25,7.5,12,0,0
1,0.25,8,12,0,0
1,0.25,1.5,12,0,0
1,0.25,2,12,0,0
1,0.25,7.5,12.5,0,0
1,0.25,8,12.5,0,0
1,0.25,1.5,12.5,0,0
1,0.25,2,12.5,0,0
1,0.25,7.5,13,0,0
1,0.25,8,13,0,0
1,0.25,1.5,13,0,0
1,0.25,2,13,0,0
1,0.25,7.5,13.5,0,0
1,0.25,8,13.5,0,0
1,0.25,1.5,13.5,0,0
1,0.25,2,13.5,0,0
1,0.25,7.5,14,0,0
1,0.25,8,14,0,0
1,0.25,1.5,14,0,0
1,0.25,2,14,0,0
1,0.25,7.5,14.5,0,0
1,0.25,8,14.5,0,0
1,0.25,1.5,14.5,0,0
1,0.25,2,14.5,0,0
1,0.25,7.5,15,0,0
1,0.25,8,15,0,0
1,0.25,1.5,15,0,0
1,0.25,2,15,0,0
1,0.25,7.5,15.5,0,0
1,0.25,8,15.5,0,0
1,0.25,1.5,15.5,0,0
1,0.25,2,15.5,0,0
1,0.25,7.5,16,0,0
1,0.25,8,16,0,0
1,0.25,1.5,16,0,0
1,0.25,2,16,0,0
1,0.25,7.5,16.5,0,0
1,0.25,8,16.5,0,0
1,0.25,1.5,16.5,0,0
1,0.25,2,16.5,0,0
1,0.25,7.5,17,0,0
1,0.25,8,17,0,0
1,0.25,1.5,17,0,0
1,0.25,2,17,0,0
1,0.25,7.5,17.5,0,0
1,0.25,8,17.5,0,0
1,0.25,1.5,17.5,0,0
1,0.25,2,17.5,0,0
1,0.25,7.5,18,0,0
1,0.25,8,18,0,0
1,0.25,1.5,18,0,0
1,0.25,2,18,0,0
1,0.25,7.5,18.5,0,0
1,0.25,8,18.5,0,0
1,0.25,1.5,18.5,0,0
1,0.25,2,18.5,0,0
1,0.25,7.5,19,0,0
1,0.25,8,19,0,0
1,0.25,1.5,19,0,0
1,0.25,2,19,0,0
1,0.25,7.5,19.5,0,0
1,0.25,8,19.5,0,0
1,0.25,1.5,19.5,0,0
1,0.25,2,19.5,0,0
1,0.25,7.5,20,0,0
1,0.25,8,20,0,0
1,0.25,1.5,20,0,0
1,0.25,2,20,0,0
1,0.25,7.5,20.5,0,0
1,0.25,8,20.5,0,0
1,0.25,1.5,20.5,0,0
1,0.25,2,20.5,0,0
1,0.25,7.5,21,0,0
1,0.25,8,21,0,0
1,0.25,1.5,21,0,0
1,0.25,2,21,0,0
1,0.25,7.5,21.5,0,0
1,0.25,8,21.5,0,0
1,0.25,1.5,21.5,0,0
1,0.25,2,21.5,0,0
1,0.25,7.5,22,0,0
1,0.25,8,22,0,0
1,0.25,1.5,22,0,0
1,0.25,2,22,0,0
1,0.25,7.5,22.5,0,0
1,0.25,8,22.5,0,0
1,0.25,1.5,22.5,0,0
1,0.25,2,22.5,0,0
1,0.25,7.5,23,0,0
1,0.25,8,23,0,0
1,0.25,1.5,23,0,0
1,0.25,2,23,0,0
1,0.25,7.5,23.5,0,0
1,0.25,8,23.5,0,0
1,0.25,1.5,23.5,0,0
1,0.25,2,23.5,0,0
1,0.25,7.5,24,0,0
1,0.25,8,24,0,0
1,0.25,1.5,24,0,0
1,0.25,2,24,0,0
1,0.25,7.5,24.5,0,0
1,0.25,8,24.5,0,0
1,0.25,1.5,24.5,0,0
1,0.25,2,24.5,0,0
1,0.25,7.5,25,0,0
1,0.25,8,25,0,0
1,0.25,1.5,25,0,0
1,0.25,2,25,0,0
1,0.25,7.5,25.5,0,0
1,0.25,8,25.5,0,0
1,0.25,1.5,25.5,0,0
1,0.25,2,25.5,0,0
1,0.25,2.5,1.5,0,0
1,0.25,2.5,2,0,0
1,0.25,2.5,25,0,0
1,0.25,2.5,25.5,0,0
1,0.25,3,1.5,0,0
1,0.25,3,2,0,0
1,0.25,3,25,0,0
1,0.25,3,25.5,0,0
1,0.25,3.5,1.5,0,0
1,0.25,3.5,2,0,0
1,0.25,3.5,25,0,0
1,0.25,3.5,25.5,0,0
1,0.25,4,1.5,0,0
1,0.25,4,2,0,0
1,0.25,4,25,0,0
1,0.25,4,25.5,0,0
1,0.25,4.5,1.5,0,0
1,0.25,4.5,2,0,0
1,0.25,4.5,25,0,0
1,0.25,4.5,25.5,0,0
1,0.25,5,1.5,0,0
1,0.25,5,2,0,0
1,0.25,5,25,0,0
1,0.25,5,25.5,0,0
1,0.25,5.5,1.5,0,0
1,0.25,5.5,2,0,0
1,0.25,5.5,25,0,0
1,0.25,5.5,25.5,0,0
1,0.25,6,1.5,0,0
1,0.25,6,2,0,0
1,0.25,6,25,0,0
1,0.25,6,25.5,0,0
1,0.25,6.5,1.5,0,0
1,0.25,6.5,2,0,0
1,0.25,6.5,25,0,0
1,0.25,6.5,25.5,0,0
1,0.25,7,1.5,0,0
1,0.25,7,2,0,0
1,0.25,7,25,0,0
1,0.25,7,25.5,0,0
