536 2 0.5 3500 0.2 2 0 2e-06 0 9.81 10 35
0,0.25,2.46856,10.9697,-0.627719,-2.16514
0,0.25,2.60102,11.3822,2.39278,-2.25228
0,0.25,2.47672,11.9402,-0.643782,-1.7045
0,0.25,2.55716,12.3801,1.89275,-1.73617
0,0.25,2.49613,12.9063,-0.491526,-1.29984
0,0.25,2.51841,13.3656,0.965097,-1.49524
0,0.25,2.49236,13.8659,-0.0930969,-0.765467
0,0.25,2.48876,14.3434,0.234576,-0.649055
0,0.25,2.47834,14.83,-0.0460428,-0.436717
0,0.25,2.47679,15.309,0.0633929,-0.265804
0,0.25,2.47753,15.7823,0.00846942,0.0284923
0,0.25,2.4836,16.2498,0.0194234,0.270633
0,0.25,2.49166,16.7095,0.0297626,0.891528
0,0.25,2.50011,17.1613,0.00289051,0.984671
0,0.25,2.50628,17.6098,-0.0365089,0.992742
0,0.25,2.5068,18.0508,-0.0796842,0.812357
0,0.25,2.50251,18.4886,-0.123508,0.292776
0,0.25,2.4951,18.9277,0.0238437,-0.0860741
0,0.25,2.48217,19.3695,0.155151,-0.199956
0,0.25,2.46935,19.8213,0.215129,-0.357597
0,0.25,2.45853,20.2922,0.397576,-0.28361
0,0.25,2.44897,20.7769,0.334865,0.0628306
0,0.25,2.44319,21.2784,0.299411,-0.00465233
0,0.25,2.43228,21.7935,0.0251132,0.20504
0,0.25,2.42967,22.3096,-0.559049,0.0928096
0,0.25,2.44388,22.8207,-0.53655,-0.129346
0,0.25,2.46365,23.3056,-0.0801133,-0.0892997
0,0.25,2.48523,23.7542,0.145854,-0.141748
0,0.25,2.51178,24.1815,0.062864,-0.071286
0,0.25,2.53629,24.5896,0.644255,-0.313769
0,0.25,3.08233,11.0391,1.80165,-4.09332
0,0.25,3.01922,11.5932,0.702142,-1.25997
0,0.25,3.03447,12.0991,0.927719,-2.05823
0,0.25,3.01183,12.6202,0.240862,-0.663518
0,0.25,3.00781,13.1199,0.361585,-0.785841
0,0.25,2.99487,13.6243,0.288162,0.220154
0,0.25,2.98581,14.111,0.145942,0.407853
0,0.25,2.97576,14.5926,-0.0357462,0.909484
0,0.25,2.97071,15.0677,-0.226172,1.01652
0,0.25,2.96894,15.537,-0.255885,1.59234
0,0.25,2.97375,16.0047,-0.197176,1.68795
0,0.25,2.98402,16.4762,-0.0351469,2.20338
0,0.25,2.9959,16.9432,0.109074,2.32607
0,0.25,3.00616,17.4189,0.0945635,2.09227
0,0.25,3.01211,17.8893,0.124645,2.27383
0,0.25,3.01133,18.3573,0.124495,1.6889
0,0.25,3.00754,18.8225,0.284626,1.61932
0,0.25,2.99544,19.2769,0.389025,1.28928
0,0.25,2.97878,19.729,0.324346,1.154
0,0.25,2.9589,20.1738,0.251931,1.11948
0,0.25,2.94306,20.6217,0.202813,1.43941
0,0.25,2.93135,21.0629,0.156917,1.69012
0,0.25,2.92502,21.5018,0.0837036,1.86913
0,0.25,2.92621,21.9314,0.000463607,1.7925
0,0.25,2.9312,22.3582,-0.0203944,1.74329
0,0.25,2.93996,22.7863,-0.0987686,1.56968
0,0.25,2.96898,23.2243,-0.0323464,1.33374
0,0.25,3.00671,23.6533,0.189667,1.06644
0,0.25,3.02427,24.1041,0.0429618,0.721203
0,0.25,3.08283,24.5535,0.792428,0.22883
0,0.25,3.50669,11.0731,0.225422,-3.53994
0,0.25,3.50941,11.5816,0.484264,-1.97677
0,0.25,3.51527,12.1082,0.437164,-2.11635
0,0.25,3.50171,12.6009,0.226916,-1.25985
0,0.25,3.50612,13.1106,0.420305,-0.79364
0,0.25,3.49425,13.5966,0.0110888,-0.47991
0,0.25,3.48967,14.0829,0.0359004,-0.066594
0,0.25,3.48102,14.5518,-0.175417,-0.00661614
0,0.25,3.47657,15.0172,-0.215277,0.0267835
0,0.25,3.47431,15.4731,-0.212301,0.38481
0,0.25,3.47757,15.9282,-0.0935759,0.370969
0,0.25,3.48333,16.3866,0.00304653,0.618566
0,0.25,3.49095,16.8433,0.0205277,0.741834
0,0.25,3.49625,17.3066,0.0266862,0.487218
0,0.25,3.49928,17.7701,-0.0168746,0.83475
0,0.25,3.49996,18.2351,0.0402246,0.739253
0,0.25,3.49776,18.7039,0.252104,0.891523
0,0.25,3.49282,19.1682,0.315059,0.745142
0,0.25,3.48415,19.6285,0.433833,0.653123
0,0.25,3.47293,20.0774,0.378052,0.411391
0,0.25,3.46351,20.5223,0.299625,0.519666
0,0.25,3.46126,20.957,0.156728,0.485111
0,0.25,3.46223,21.391,0.0699035,0.191747
0,0.25,3.46139,21.821,-0.0264817,0.0124829
0,0.25,3.46675,22.2527,0.00553059,-0.150369
0,0.25,3.45996,22.6854,-0.141141,-0.216359
0,0.25,3.48329,23.1286,0.143597,-0.450645
0,0.25,3.51275,23.5726,0.183396,-0.441046
0,0.25,3.50488,24.0416,0.186502,-0.517132
0,0.25,3.56226,24.5251,0.784536,-0.0687428
0,0.25,4.0016,11.0855,0.0901512,-3.06705
0,0.25,4.01089,11.5826,0.406928,-1.93304
0,0.25,4.01188,12.1016,0.360392,-2.30596
0,0.25,4.00496,12.5972,0.195426,-1.28579
0,0.25,4.00354,13.1049,0.14405,-1.04847
0,0.25,3.99601,13.5893,0.0770288,-0.546715
0,0.25,3.99433,14.0795,0.0901608,-0.0381175
0,0.25,3.99107,14.5503,0.0489388,0.086239
0,0.25,3.98935,15.0216,-0.0439162,0.183511
0,0.25,3.98943,15.4842,-0.146979,0.774774
0,0.25,3.98995,15.9446,-0.0741441,0.831625
0,0.25,3.99146,16.4098,-0.129754,1.10169
0,0.25,3.99584,16.8691,0.0259479,1.38144
0,0.25,3.99722,17.3318,0.114037,0.97487
0,0.25,4.00064,17.7941,0.0612135,1.2833
0,0.25,4.00045,18.2526,0.180182,1.23506
0,0.25,3.99902,18.7127,0.139909,1.10159
0,0.25,3.99575,19.1689,0.167538,0.960548
0,0.25,3.99032,19.6197,0.178726,0.884502
0,0.25,3.98345,20.0658,0.21509,0.668389
0,0.25,3.97853,20.5131,0.191676,0.907746
0,0.25,3.97757,20.9561,0.317821,0.947498
0,0.25,3.97891,21.4053,0.324955,0.70134
0,0.25,3.97847,21.8503,0.208252,0.646469
0,0.25,3.98754,22.2965,0.17185,0.527238
0,0.25,3.97503,22.7357,-0.251912,0.45253
0,0.25,3.9985,23.1782,0.0907039,0.204154
0,0.25,4.00745,23.627,-0.0245734,0.313966
0,0.25,3.98234,24.0804,0.0332553,0.276876
0,0.25,4.03694,24.5451,0.53022,0.422314
0,0.25,4.4996,11.0886,-0.0121088,-2.9913
0,0.25,4.49779,11.5859,-0.0653077,-1.86375
0,0.25,4.49943,12.1004,-0.0233837,-2.37186
0,0.25,4.50043,12.5958,-0.0345383,-1.33079
0,0.25,4.49981,13.1007,0.0250221,-0.978857
0,0.25,4.49909,13.5875,0.0900727,-0.554282
0,0.25,4.49883,14.0774,-0.0152949,-0.16665
0,0.25,4.49641,14.5463,-0.091546,-0.00253326
0,0.25,4.49454,15.0186,-0.127916,0.0050673
0,0.25,4.49427,15.4817,-0.0536593,0.8042
0,0.25,4.49464,15.9405,0.0694271,0.777918
0,0.25,4.49686,16.4089,0.0737726,0.979378
0,0.25,4.49941,16.8665,0.0972426,1.45346
0,0.25,4.5002,17.3291,0.00348076,0.729206
0,0.25,4.50106,17.7948,-0.123226,1.35958
0,0.25,4.50005,18.2522,-0.0413975,1.4144
0,0.25,4.49899,18.7204,0.0058031,1.34068
0,0.25,4.49871,19.1789,0.206028,1.41668
0,0.25,4.49748,19.6367,0.223269,1.12568
0,0.25,4.49692,20.0837,0.189758,0.941419
0,0.25,4.49377,20.5326,0.00870158,0.848273
0,0.25,4.49175,20.9717,-0.126446,1.05029
0,0.25,4.4913,21.4149,-0.0631954,0.663768
0,0.25,4.48798,21.8516,0.0674062,0.637236
0,0.25,4.49444,22.2943,0.0974841,0.421825
0,0.25,4.4924,22.7343,-0.00936738,0.533235
0,0.25,4.50224,23.1765,0.127893,0.130781
0,0.25,4.50487,23.6374,-0.124322,0.339953
0,0.25,4.48904,24.0778,-0.0250622,-0.111705
0,0.25,4.51634,24.5332,0.308172,0.231065
0,0.25,5.0004,11.0886,0.0121088,-2.9913
0,0.25,5.00221,11.5859,0.0653077,-1.86375
0,0.25,5.00057,12.1004,0.0233837,-2.37186
0,0.25,4.99957,12.5958,0.0345383,-1.33079
0,0.25,5.00019,13.1007,-0.0250221,-0.978857
0,0.25,5.00091,13.5875,-0.0900727,-0.554282
0,0.25,5.00117,14.0774,0.0152949,-0.16665
0,0.25,5.00359,14.5463,0.091546,-0.00253326
0,0.25,5.00546,15.0186,0.127916,0.0050673
0,0.25,5.00573,15.4817,0.0536593,0.8042
0,0.25,5.00536,15.9405,-0.0694271,0.777918
0,0.25,5.00314,16.4089,-0.0737726,0.979378
0,0.25,5.00059,16.8665,-0.0972426,1.45346
0,0.25,4.9998,17.3291,-0.00348076,0.729206
0,0.25,4.99894,17.7948,0.123226,1.35958
0,0.25,4.99995,18.2522,0.0413975,1.4144
0,0.25,5.00101,18.7204,-0.0058031,1.34068
0,0.25,5.00129,19.1789,-0.206028,1.41668
0,0.25,5.00252,19.6367,-0.223269,1.12568
0,0.25,5.00308,20.0837,-0.189758,0.941419
0,0.25,5.00623,20.5326,-0.00870158,0.848273
0,0.25,5.00825,20.9717,0.126446,1.05029
0,0.25,5.0087,21.4149,0.0631954,0.663768
0,0.25,5.01202,21.8516,-0.0674062,0.637236
0,0.25,5.00556,22.2943,-0.0974841,0.421825
0,0.25,5.0076,22.7343,0.00936738,0.533235
0,0.25,4.99776,23.1765,-0.127893,0.130781
0,0.25,4.99513,23.6374,0.124322,0.339953
0,0.25,5.01096,24.0778,0.0250622,-0.111705
0,0.25,4.98366,24.5332,-0.308172,0.231065
0,0.25,5.4984,11.0855,-0.0901512,-3.06705
0,0.25,5.48911,11.5826,-0.406928,-1.93304
0,0.25,5.48812,12.1016,-0.360392,-2.30596
0,0.25,5.49504,12.5972,-0.195426,-1.28579
0,0.25,5.49646,13.1049,-0.14405,-1.04847
0,0.25,5.50399,13.5893,-0.0770288,-0.546715
0,0.25,5.50567,14.0795,-0.0901608,-0.0381175
0,0.25,5.50893,14.5503,-0.0489388,0.086239
0,0.25,5.51065,15.0216,0.0439162,0.183511
0,0.25,5.51057,15.4842,0.146979,0.774774
0,0.25,5.51005,15.9446,0.0741441,0.831625
0,0.25,5.50854,16.4098,0.129754,1.10169
0,0.25,5.50416,16.8691,-0.0259479,1.38144
0,0.25,5.50278,17.3318,-0.114037,0.97487
0,0.25,5.49936,17.7941,-0.0612135,1.2833
0,0.25,5.49955,18.2526,-0.180182,1.23506
0,0.25,5.50098,18.7127,-0.139909,1.10159
0,0.25,5.50425,19.1689,-0.167538,0.960548
0,0.25,5.50968,19.6197,-0.178726,0.884502
0,0.25,5.51655,20.0658,-0.21509,0.668389
0,0.25,5.52147,20.5131,-0.191676,0.907746
0,0.25,5.52243,20.9561,-0.317821,0.947498
0,0.25,5.52109,21.4053,-0.324955,0.70134
0,0.25,5.52153,21.8503,-0.208252,0.646469
0,0.25,5.51246,22.2965,-0.17185,0.527238
0,0.25,5.52497,22.7357,0.251912,0.45253
0,0.25,5.5015,23.1782,-0.0907039,0.204154
0,0.25,5.49255,23.627,0.0245734,0.313966
0,0.25,5.51766,24.0804,-0.0332553,0.276876
0,0.25,5.46306,24.5451,-0.53022,0.422314
0,0.25,5.99331,11.0731,-0.225422,-3.53994
0,0.25,5.99059,11.5816,-0.484264,-1.97677
0,0.25,5.98473,12.1082,-0.437164,-2.11635
0,0.25,5.99829,12.6009,-0.226916,-1.25985
0,0.25,5.99388,13.1106,-0.420305,-0.79364
0,0.25,6.00575,13.5966,-0.0110888,-0.47991
0,0.25,6.01033,14.0829,-0.0359004,-0.066594
0,0.25,6.01898,14.5518,0.175417,-0.00661614
0,0.25,6.02343,15.0172,0.215277,0.0267835
0,0.25,6.02569,15.4731,0.212301,0.38481
0,0.25,6.02243,15.9282,0.0935759,0.370969
0,0.25,6.01667,16.3866,-0.00304653,0.618566
0,0.25,6.00905,16.8433,-0.0205277,0.741834
0,0.25,6.00375,17.3066,-0.0266862,0.487218
0,0.25,6.00072,17.7701,0.0168746,0.83475
0,0.25,6.00004,18.2351,-0.0402246,0.739253
0,0.25,6.00224,18.7039,-0.252104,0.891523
0,0.25,6.00718,19.1682,-0.315059,0.745142
0,0.25,6.01585,19.6285,-0.433833,0.653123
0,0.25,6.02707,20.0774,-0.378052,0.411391
0,0.25,6.03649,20.5223,-0.299625,0.519666
0,0.25,6.03874,20.957,-0.156728,0.485111
0,0.25,6.03777,21.391,-0.0699035,0.191747
0,0.25,6.03861,21.821,0.0264817,0.0124829
0,0.25,6.03325,22.2527,-0.00553059,-0.150369
0,0.25,6.04004,22.6854,0.141141,-0.216359
0,0.25,6.01671,23.1286,-0.143597,-0.450645
0,0.25,5.98725,23.5726,-0.183396,-0.441046
0,0.25,5.99512,24.0416,-0.186502,-0.517132
0,0.25,5.93774,24.5251,-0.784536,-0.0687428
0,0.25,6.41767,11.0391,-1.80165,-4.09332
0,0.25,6.48078,11.5932,-0.702142,-1.25997
0,0.25,6.46553,12.0991,-0.927719,-2.05823
0,0.25,6.48817,12.6202,-0.240862,-0.663518
0,0.25,6.49219,13.1199,-0.361585,-0.785841
0,0.25,6.50513,13.6243,-0.288162,0.220154
0,0.25,6.51419,14.111,-0.145942,0.407853
0,0.25,6.52424,14.5926,0.0357462,0.909484
0,0.25,6.52929,15.0677,0.226172,1.01652
0,0.25,6.53106,15.537,0.255885,1.59234
0,0.25,6.52625,16.0047,0.197176,1.68795
0,0.25,6.51598,16.4762,0.0351469,2.20338
0,0.25,6.5041,16.9432,-0.109074,2.32607
0,0.25,6.49384,17.4189,-0.0945635,2.09227
0,0.25,6.48789,17.8893,-0.124645,2.27383
0,0.25,6.48867,18.3573,-0.124495,1.6889
0,0.25,6.49246,18.8225,-0.284626,1.61932
0,0.25,6.50456,19.2769,-0.389025,1.28928
0,0.25,6.52122,19.729,-0.324346,1.154
0,0.25,6.5411,20.1738,-0.251931,1.11948
0,0.25,6.55694,20.6217,-0.202813,1.43941
0,0.25,6.56865,21.0629,-0.156917,1.69012
0,0.25,6.57498,21.5018,-0.0837036,1.86913
0,0.25,6.57379,21.9314,-0.000463607,1.7925
0,0.25,6.5688,22.3582,0.0203944,1.74329
0,0.25,6.56004,22.7863,0.0987686,1.56968
0,0.25,6.53102,23.2243,0.0323464,1.33374
0,0.25,6.49329,23.6533,-0.189667,1.06644
0,0.25,6.47573,24.1041,-0.0429618,0.721203
0,0.25,6.41717,24.5535,-0.792428,0.22883
0,0.25,7.03144,10.9697,0.627719,-2.16514
0,0.25,6.89898,11.3822,-2.39278,-2.25228
0,0.25,7.02328,11.9402,0.643782,-1.7045
0,0.25,6.94284,12.3801,-1.89275,-1.73617
0,0.25,7.00387,12.9063,0.491526,-1.29984
0,0.25,6.98159,13.3656,-0.965097,-1.49524
0,0.25,7.00764,13.8659,0.0930969,-0.765467
0,0.25,7.01124,14.3434,-0.234576,-0.649055
0,0.25,7.02166,14.83,0.0460428,-0.436717
0,0.25,7.02321,15.309,-0.0633929,-0.265804
0,0.25,7.02247,15.7823,-0.00846942,0.0284923
0,0.25,7.0164,16.2498,-0.0194234,0.270633
0,0.25,7.00834,16.7095,-0.0297626,0.891528
0,0.25,6.99989,17.1613,-0.00289051,0.984671
0,0.25,6.99372,17.6098,0.0365089,0.992742
0,0.25,6.9932,18.0508,0.0796842,0.812357
0,0.25,6.99749,18.4886,0.123508,0.292776
0,0.25,7.0049,18.9277,-0.0238437,-0.0860741
0,0.25,7.01783,19.3695,-0.155151,-0.199956
0,0.25,7.03065,19.8213,-0.215129,-0.357597
0,0.25,7.04147,20.2922,-0.397576,-0.28361
0,0.25,7.05103,20.7769,-0.334865,0.0628306
0,0.25,7.05681,21.2784,-0.299411,-0.00465233
0,0.25,7.06772,21.7935,-0.0251132,0.20504
0,0.25,7.07033,22.3096,0.559049,0.0928096
0,0.25,7.05612,22.8207,0.53655,-0.129346
0,0.25,7.03635,23.3056,0.0801133,-0.0892997
0,0.25,7.01477,23.7542,-0.145854,-0.141748
0,0.25,6.98822,24.1815,-0.062864,-0.071286
0,0.25,6.96371,24.5896,-0.644255,-0.313769
1,0.25,7.5,1.5,0,0
1,0.25,8,1.5,0,0
1,0.25,1.5,1.5,0,0
1,0.25,2,1.5,0,0
1,0.25,7.5,2,0,0
1,0.25,8,2,0,0
1,0.25,1.5,2,0,0
1,0.25,2,2,0,0
1,0.25,7.5,2.5,0,0
1,0.25,8,2.5,0,0
1,0.25,1.5,2.5,0,0
1,0.25,2,2.5,0,0
1,0.25,7.5,3,0,0
1,0.25,8,3,0,0
1,0.25,1.5,3,0,0
1,0.25,2,3,0,0
1,0.25,7.5,3.5,0,0
1,0.25,8,3.5,0,0
1,0.25,1.5,3.5,0,0
1,0.25,2,3.5,0,0
1,0.25,7.5,4,0,0
1,0.25,8,4,0,0
1,0.25,1.5,4,0,0
1,0.25,2,4,0,0
1,0.25,7.5,4.5,0,0
1,0.25,8,4.5,0,0
1,0.25,1.5,4.5,0,0
1,0.25,2,4.5,0,0
1,0.25,7.5,5,0,0
1,0.25,8,5,0,0
1,0.25,1.5,5,0,0
1,0.25,2,5,0,0
1,0.25,7.5,5.5,0,0
1,0.25,8,5.5,0,0
1,0.25,1.5,5.5,0,0
1,0.25,2,5.5,0,0
1,0.25,7.5,6,0,0
1,0.25,8,6,0,0
1,0.25,1.5,6,0,0
1,0.25,2,6,0,0
1,0.25,7.5,6.5,0,0
1,0.25,8,6.5,0,0
1,0.25,1.5,6.5,0,0
1,0.25,2,6.5,0,0
1,0.25,7.5,7,0,0
1,0.25,8,7,0,0
1,0.25,1.5,7,0,0
1,0.25,2,7,0,0
1,0.25,7.5,7.5,0,0
1,0.25,8,7.5,0,0
1,0.25,1.5,7.5,0,0
1,0.25,2,7.5,0,0
1,0.25,7.5,8,0,0
1,0.25,8,8,0,0
1,0.25,1.5,8,0,0
1,0.25,2,8,0,0
1,0.25,7.5,8.5,0,0
1,0.25,8,8.5,0,0
1,0.25,1.5,8.5,0,0
1,0.25,2,8.5,0,0
1,0.25,7.5,9,0,0
1,0.25,8,9,0,0
1,0.25,1.5,9,0,0
1,0.25,2,9,0,0
1,0.25,7.5,9.5,0,0
1,0.25,8,9.5,0,0
1,0.25,1.5,9.5,0,0
1,0.25,2,9.5,0,0
1,0.25,7.5,10,0,0
1,0.25,8,10,0,0
1,0.25,1.5,10,0,0
1,0.25,2,10,0,0
1,0.25,7.5,10.5,0,0
1,0.25,8,10.5,0,0
1,0.25,1.5,10.5,0,0
1,0.25,2,10.5,0,0
1,0.25,7.5,11,0,0
1,0.25,8,11,0,0
1,0.25,1.5,11,0,0
1,0.25,2,11,0,0
1,0.25,7.5,11.5,0,0
1,0.25,8,11.5,0,0
1,0.25,1.5,11.5,0,0
1,0.25,2,11.5,0,0
1,0.25,7.5,12,0,0
1,0.25,8,12,0,0
1,0.25,1.5,12,0,0
1,0.25,2,12,0,0
1,0.25,7.5,12.5,0,0
1,0.25,8,12.5,0,0
1,0.25,1.5,12.5,0,0
1,0.25,2,12.5,0,0
1,0.25,7.5,13,0,0
1,0.25,8,13,0,0
1,0.25,1.5,13,0,0
1,0.25,2,13,0,0
1,0.25,7.5,13.5,0,0
1,0.25,8,13.5,0,0
1,0.25,1.5,13.5,0,0
1,0.25,2,13.5,0,0
1,0.25,7.5,14,0,0
1,0.25,8,14,0,0
1,0.25,1.5,14,0,0
1,0.25,2,14,0,0
1,0.25,7.5,14.5,0,0
1,0.25,8,14.5,0,0
1,0.25,1.5,14.5,0,0
1,0.25,2,14.5,0,0
1,0.25,7.5,15,0,0
1,0.25,8,15,0,0
1,0.25,1.5,15,0,0
1,0.25,2,15,0,0
1,0.25,7.5,15.5,0,0
1,0.25,8,15.5,0,0
1,0.25,1.5,15.5,0,0
1,0.25,2,15.5,0,0
1,0.25,7.5,16,0,0
1,0.25,8,16,0,0
1,0.25,1.5,16,0,0
1,0.25,2,16,0,0
1,0.25,7.5,16.5,0,0
1,0.25,8,16.5,0,0
1,0.25,1.5,16.5,0,0
1,0.25,2,16.5,0,0
1,0.25,7.5,17,0,0
1,0.25,8,17,0,0
1,0.25,1.5,17,0,0
1,0.25,2,17,0,0
1,0.25,7.5,17.5,0,0
1,0.25,8,17.5,0,0
1,0.25,1.5,17.5,0,0
1,0.25,2,17.5,0,0
1,0.25,7.5,18,0,0
1,0.25,8,18,0,0
1,0.25,1.5,18,0,0
1,0.25,2,18,0,0
1,0.25,7.5,18.5,0,0
1,0.25,8,18.5,0,0
1,0.25,1.5,18.5,0,0
1,0.25,2,18.5,0,0
1,0.25,7.5,19,0,0
1,0.25,8,19,0,0
1,0.25,1.5,19,0,0
1,0.25,2,19,0,0
1,0.25,7.5,19.5,0,0
1,0.25,8,19.5,0,0
1,0.25,1.5,19.5,0,0
1,0.25,2,19.5,0,0
1,0.25,7.5,20,0,0
1,0.25,8,20,0,0
1,0.25,1.5,20,0,0
1,0.25,2,20,0,0
1,0.25,7.5,20.5,0,0
1,0.25,8,20.5,0,0
1,0.25,1.5,20.5,0,0
1,0.25,2,20.5,0,0
1,0.25,7.5,21,0,0
1,0.25,8,21,0,0
1,0.25,1.5,21,0,0
1,0.25,2,21,0,0
1,0.25,7.5,21.5,0,0
1,0.25,8,21.5,0,0
1,0.25,1.5,21.5,0,0
1,0.25,2,21.5,0,0
1,0.25,7.5,22,0,0
1,0.25,8,22,0,0
1,0.25,1.5,22,0,0
1,0.25,2,22,0,0
1,0.25,7.5,22.5,0,0
1,0.25,8,22.5,0,0
1,0.25,1.5,22.5,0,0
1,0.25,2,22.5,0,0
1,0.25,7.5,23,0,0
1,0.25,8,23,0,0
1,0.25,1.5,23,0,0
1,0.25,2,23,0,0
1,0.25,7.5,23.5,0,0
1,0.25,8,23.5,0,0
1,0.25,1.5,23.5,0,0
1,0.25,2,23.5,0,0
1,0.25,7.5,24,0,0
1,0.25,8,24,0,0
1,0.25,1.5,24,0,0
1,0.25,2,24,0,0
1,0.25,7.5,24.5,0,0
1,0.25,8,24.5,0,0
1,0.25,1.5,24.5,0,0
1,0.25,2,24.5,0,0
1,0.25,7.5,25,0,0
1,0.25,8,25,0,0
1,0.25,1.5,25,0,0
1,0.25,2,25,0,0
1,0.25,7.5,25.5,0,0
1,0.25,8,25.5,0,0
1,0.25,1.5,25.5,0,0
1,0.25,2,25.5,0,0
1,0.25,2.5,1.5,0,0
1,0.25,2.5,2,0,0
1,0.25,2.5,25,0,0
1,0.25,2.5,25.5,0,0
1,0.25,3,1.5,0,0
1,0.25,3,2,0,0
1,0.25,3,25,0,0
1,0.25,3,25.5,0,0
1,0.25,3.5,1.5,0,0
1,0.25,3.5,2,0,0
1,0.25,3.5,25,0,0
1,0.25,3.5,25.5,0,0
1,0.25,4,1.5,0,0
1,0.25,4,2,0,0
1,0.25,4,25,0,0
1,0.25,4,25.5,0,0
1,0.25,4.5,1.5,0,0
1,0.25,4.5,2,0,0
1,0.25,4.5,25,0,0
1,0.25,4.5,25.5,0,0
1,0.25,5,1.5,0,0
1,0.25,5,2,0,0
1,0.25,5,25,0,0
1,0.25,5,25.5,0,0
1,0.25,5.5,1.5,0,0
1,0.25,5.5,2,0,0
1,0.25,5.5,25,0,0
1,0.25,5.5,25.5,0,0
1,0.25,6,1.5,0,0
1,0.25,6,2,0,0
1,0.25,6,25,0,0
1,0.25,6,25.5,0,0
1,0.25,6.5,1.5,0,0
1,0.25,6.5,2,0,0
1,0.25,6.5,25,0,0
1,0.25,6.5,25.5,0,0
1,0.25,7,1.5,0,0
1,0.25,7,2,0,0
1,0.25,7,25,0,0
1,0.25,7,25.5,0,0
