536 2 0.5 3500 0.2 2 0 2e-06 0 9.81 10 35
0,0.25,2.5,10.5245,-7.70107e-06,4.02878
0,0.25,2.5,11.0402,-1.87123e-05,4.12416
0,0.25,2.5,11.541,-1.2807e-05,4.13127
0,0.25,2.5,12.0411,-1.73988e-05,4.13181
0,0.25,2.5,12.5411,-3.71109e-05,4.13184
0,0.25,2.5,13.0411,-8.86161e-05,4.13179
0,0.25,2.49999,13.5411,-0.000975053,4.13011
0,0.25,2.49995,14.041,-0.00867619,4.10634
0,0.25,2.49979,14.5406,-0.0243807,4.05064
0,0.25,2.49959,15.0396,-0.0380055,3.95344
0,0.25,2.49891,15.5374,-0.0694312,3.75832
0,0.25,2.49826,16.0332,-0.112024,3.43919
0,0.25,2.49669,16.5253,-0.16035,2.94599
0,0.25,2.4949,17.0124,-0.240937,2.25224
0,0.25,2.4922,17.4928,-0.283975,1.45733
0,0.25,2.48894,17.9658,-0.298612,0.637246
0,0.25,2.48568,18.4329,-0.213071,0.0227638
0,0.25,2.48317,18.8959,-0.000622086,-0.200477
0,0.25,2.48152,19.3591,0.249314,-0.10021
0,0.25,2.48202,19.8266,0.369458,0.27547
0,0.25,2.48238,20.2986,0.368522,0.666738
0,0.25,2.48307,20.7754,0.0818403,0.740669
0,0.25,2.4814,21.2557,-0.181472,1.018
0,0.25,2.47893,21.7347,-0.514482,1.00834
0,0.25,2.47705,22.2175,-0.578623,1.1144
0,0.25,2.47407,22.6942,-0.713527,1.17983
0,0.25,2.47708,23.1695,-0.548295,0.94728
0,0.25,2.4782,23.6362,-0.499626,0.707788
0,0.25,2.47777,24.0998,-0.42598,0.716044
0,0.25,2.49336,24.555,-0.674567,0.283068
0,0.25,2.99999,10.6415,-3.14762e-05,4.68818
0,0.25,2.99996,11.141,-0.000126431,4.69011
0,0.25,2.99999,11.6413,-5.36946e-05,4.69237
0,0.25,2.99998,12.1413,-0.000755584,4.69192
0,0.25,2.99995,12.6413,-0.00308262,4.6925
0,0.25,2.99994,13.1413,-0.00399589,4.69017
0,0.25,2.9998,13.6413,-0.0151523,4.68404
0,0.25,2.99975,14.1409,-0.0209474,4.63663
0,0.25,2.9993,14.6405,-0.0422632,4.56621
0,0.25,2.99916,15.1386,-0.0555416,4.43298
0,0.25,2.9982,15.6357,-0.0844227,4.15425
0,0.25,2.99745,16.1298,-0.146731,3.76623
0,0.25,2.99579,16.6192,-0.185351,3.13819
0,0.25,2.99349,17.1033,-0.275435,2.35751
0,0.25,2.99124,17.5798,-0.286969,1.60706
0,0.25,2.98807,18.0498,-0.206802,0.896508
0,0.25,2.98635,18.5164,-0.085988,0.594011
0,0.25,2.98595,18.9805,0.177535,0.767854
0,0.25,2.98601,19.4458,0.318358,0.822046
0,0.25,2.98692,19.9157,0.168078,1.16909
0,0.25,2.98619,20.3787,0.0238362,1.15351
0,0.25,2.98233,20.8472,-0.380913,0.746283
0,0.25,2.98003,21.3085,-0.53164,1.12021
0,0.25,2.97594,21.769,-0.473653,0.600752
0,0.25,2.97683,22.2329,-0.463898,0.774397
0,0.25,2.97885,22.6883,-0.411775,0.311352
0,0.25,2.97999,23.1483,-0.565369,0.124675
0,0.25,2.98803,23.6015,-0.690614,-0.179242
0,0.25,2.9768,24.0637,-0.705628,0.0087014
0,0.25,2.99967,24.5292,-0.516869,0.0445113
0,0.25,3.5,10.6461,-3.48186e-06,4.74129
0,0.25,3.49999,11.1461,-0.000297921,4.74057
0,0.25,3.49998,11.6461,-0.00120509,4.74093
0,0.25,3.49997,12.146,-0.00126984,4.73734
0,0.25,3.49993,12.6461,-0.00396735,4.74045
0,0.25,3.49993,13.1459,-0.00447702,4.72921
0,0.25,3.49976,13.646,-0.0161307,4.72273
0,0.25,3.49976,14.1454,-0.0177773,4.67838
0,0.25,3.49938,14.6449,-0.0258347,4.59565
0,0.25,3.49927,15.143,-0.0434943,4.47114
0,0.25,3.49875,15.6395,-0.0527754,4.15599
0,0.25,3.49796,16.1337,-0.0984823,3.75686
0,0.25,3.4971,16.6219,-0.121142,3.12731
0,0.25,3.49528,17.1055,-0.156051,2.28353
0,0.25,3.49367,17.5816,-0.204426,1.61675
0,0.25,3.49162,18.0498,-0.131318,0.911742
0,0.25,3.48929,18.5171,-0.0847812,0.557946
0,0.25,3.48883,18.9805,0.0310292,0.820099
0,0.25,3.48803,19.4435,0.177295,0.549037
0,0.25,3.48822,19.9136,0.117985,0.775699
0,0.25,3.48906,20.3719,0.0956154,0.852066
0,0.25,3.48809,20.8395,-0.0147861,0.190567
0,0.25,3.48825,21.303,-0.278996,1.07406
0,0.25,3.48863,21.7626,-0.225162,0.514169
0,0.25,3.48639,22.2345,-0.494883,0.609931
0,0.25,3.48973,22.6918,-0.586532,0.291012
0,0.25,3.48766,23.1564,-0.64186,-0.0675525
0,0.25,3.49257,23.6109,-0.428403,-0.31
0,0.25,3.48126,24.0728,-0.747496,-0.334543
0,0.25,3.49029,24.5224,-0.362193,-0.194752
0,0.25,4.00001,10.6462,1.90011e-05,4.74207
0,0.25,4.00002,11.1462,-0.00023673,4.74063
0,0.25,3.99998,11.6462,-0.00128611,4.74206
0,0.25,3.99999,12.1461,-0.000779496,4.7379
0,0.25,3.99996,12.6462,-0.0019327,4.7415
0,0.25,3.99997,13.146,-0.00166669,4.72742
0,0.25,3.9999,13.6461,-0.00548263,4.71826
0,0.25,3.99989,14.1454,-0.00894086,4.67867
0,0.25,3.99974,14.6448,-0.0136341,4.58122
0,0.25,3.99954,15.1429,-0.0299433,4.45614
0,0.25,3.99924,15.639,-0.0398841,4.13626
0,0.25,3.99863,16.1329,-0.0602379,3.71753
0,0.25,3.99798,16.6209,-0.0850558,3.1152
0,0.25,3.99703,17.1038,-0.087192,2.24672
0,0.25,3.99574,17.5802,-0.108066,1.6053
0,0.25,3.99489,18.0482,-0.0808904,1.01155
0,0.25,3.99382,18.5157,-0.00294808,0.610259
0,0.25,3.99337,18.9813,0.0348688,0.9733
0,0.25,3.99406,19.4436,0.128623,0.672425
0,0.25,3.99386,19.9152,0.120436,0.665452
0,0.25,3.99487,20.3735,-0.0394112,0.826951
0,0.25,3.99419,20.8376,-0.0945493,-0.094096
0,0.25,3.9921,21.3028,-0.334268,0.782082
0,0.25,3.99144,21.7574,-0.374134,0.475622
0,0.25,3.98946,22.2289,-0.296071,0.257083
0,0.25,3.9911,22.6862,-0.220712,0.346383
0,0.25,3.99164,23.1503,-0.187895,-0.103343
0,0.25,3.99688,23.6093,-0.227112,-0.0988722
0,0.25,3.9994,24.076,-0.287228,-0.186392
0,0.25,3.99371,24.5338,-0.239243,-0.112658
0,0.25,4.5,10.6462,-1.20063e-06,4.74207
0,0.25,4.49999,11.1461,-4.75219e-05,4.74026
0,0.25,4.5,11.6462,-0.000123099,4.74207
0,0.25,4.49999,12.1461,-0.000262449,4.73718
0,0.25,4.49998,12.6462,-0.00100939,4.74121
0,0.25,4.49998,13.1459,-0.00110628,4.72586
0,0.25,4.49994,13.646,-0.0032962,4.71441
0,0.25,4.49993,14.1453,-0.00524733,4.67578
0,0.25,4.49984,14.6447,-0.0077655,4.57479
0,0.25,4.4998,15.1427,-0.00983876,4.4499
0,0.25,4.49968,15.6387,-0.0110133,4.13148
0,0.25,4.4996,16.1326,-0.0144777,3.70154
0,0.25,4.49941,16.6205,-0.0245195,3.10341
0,0.25,4.49917,17.1031,-0.0319277,2.2443
0,0.25,4.49872,17.5794,-0.0372791,1.59275
0,0.25,4.49819,18.0477,-0.0451734,1.04752
0,0.25,4.49794,18.5151,-0.0154739,0.675366
0,0.25,4.49742,18.9812,0.0123754,0.981352
0,0.25,4.49761,19.4445,0.0172841,0.742048
0,0.25,4.49769,19.9145,0.0589463,0.5734
0,0.25,4.49726,20.3746,-0.0209031,0.700812
0,0.25,4.49832,20.8367,0.0132186,-0.0252924
0,0.25,4.49735,21.3017,0.0354492,0.594176
0,0.25,4.49822,21.7606,-0.085641,0.614156
0,0.25,4.50008,22.2295,0.0284642,0.42932
0,0.25,4.49788,22.6905,-0.103481,0.196912
0,0.25,4.49943,23.1532,-0.30784,-0.122616
0,0.25,4.49725,23.6102,-0.200977,-0.337529
0,0.25,4.49398,24.0761,-0.371173,-0.221286
0,0.25,4.49663,24.5333,-0.387016,-0.195733
0,0.25,5,10.6462,1.20063e-06,4.74207
0,0.25,5.00001,11.1461,4.75219e-05,4.74026
0,0.25,5,11.6462,0.000123099,4.74207
0,0.25,5.00001,12.1461,0.000262449,4.73718
0,0.25,5.00002,12.6462,0.00100939,4.74121
0,0.25,5.00002,13.1459,0.00110628,4.72586
0,0.25,5.00006,13.646,0.0032962,4.71441
0,0.25,5.00007,14.1453,0.00524733,4.67578
0,0.25,5.00016,14.6447,0.0077655,4.57479
0,0.25,5.0002,15.1427,0.00983876,4.4499
0,0.25,5.00032,15.6387,0.0110133,4.13148
0,0.25,5.0004,16.1326,0.0144777,3.70154
0,0.25,5.00059,16.6205,0.0245195,3.10341
0,0.25,5.00083,17.1031,0.0319277,2.2443
0,0.25,5.00128,17.5794,0.0372791,1.59275
0,0.25,5.00181,18.0477,0.0451734,1.04752
0,0.25,5.00206,18.5151,0.0154739,0.675366
0,0.25,5.00258,18.9812,-0.0123754,0.981352
0,0.25,5.00239,19.4445,-0.0172841,0.742048
0,0.25,5.00231,19.9145,-0.0589463,0.5734
0,0.25,5.00274,20.3746,0.0209031,0.700812
0,0.25,5.00168,20.8367,-0.0132186,-0.0252924
0,0.25,5.00265,21.3017,-0.0354492,0.594176
0,0.25,5.00178,21.7606,0.085641,0.614156
0,0.25,4.99992,22.2295,-0.0284642,0.42932
0,0.25,5.00212,22.6905,0.103481,0.196912
0,0.25,5.00057,23.1532,0.30784,-0.122616
0,0.25,5.00275,23.6102,0.200977,-0.337529
0,0.25,5.00602,24.0761,0.371173,-0.221286
0,0.25,5.00337,24.5333,0.387016,-0.195733
0,0.25,5.49999,10.6462,-1.90011e-05,4.74207
0,0.25,5.49998,11.1462,0.00023673,4.74063
0,0.25,5.50002,11.6462,0.00128611,4.74206
0,0.25,5.50001,12.1461,0.000779496,4.7379
0,0.25,5.50004,12.6462,0.0019327,4.7415
0,0.25,5.50003,13.146,0.00166669,4.72742
0,0.25,5.5001,13.6461,0.00548263,4.71826
0,0.25,5.50011,14.1454,0.00894086,4.67867
0,0.25,5.50026,14.6448,0.0136341,4.58122
0,0.25,5.50046,15.1429,0.0299433,4.45614
0,0.25,5.50076,15.639,0.0398841,4.13626
0,0.25,5.50137,16.1329,0.0602379,3.71753
0,0.25,5.50202,16.6209,0.0850558,3.1152
0,0.25,5.50297,17.1038,0.087192,2.24672
0,0.25,5.50426,17.5802,0.108066,1.6053
0,0.25,5.50511,18.0482,0.0808904,1.01155
0,0.25,5.50618,18.5157,0.00294808,0.610259
0,0.25,5.50663,18.9813,-0.0348688,0.9733
0,0.25,5.50594,19.4436,-0.128623,0.672425
0,0.25,5.50614,19.9152,-0.120436,0.665452
0,0.25,5.50513,20.3735,0.0394112,0.826951
0,0.25,5.50581,20.8376,0.0945493,-0.094096
0,0.25,5.5079,21.3028,0.334268,0.782082
0,0.25,5.50856,21.7574,0.374134,0.475622
0,0.25,5.51054,22.2289,0.296071,0.257083
0,0.25,5.5089,22.6862,0.220712,0.346383
0,0.25,5.50836,23.1503,0.187895,-0.103343
0,0.25,5.50312,23.6093,0.227112,-0.0988722
0,0.25,5.5006,24.076,0.287228,-0.186392
0,0.25,5.50629,24.5338,0.239243,-0.112658
0,0.25,6,10.6461,3.48186e-06,4.74129
0,0.25,6.00001,11.1461,0.000297921,4.74057
0,0.25,6.00002,11.6461,0.00120509,4.74093
0,0.25,6.00003,12.146,0.00126984,4.73734
0,0.25,6.00007,12.6461,0.00396735,4.74045
0,0.25,6.00007,13.1459,0.00447702,4.72921
0,0.25,6.00024,13.646,0.0161307,4.72273
0,0.25,6.00024,14.1454,0.0177773,4.67838
0,0.25,6.00062,14.6449,0.0258347,4.59565
0,0.25,6.00073,15.143,0.0434943,4.47114
0,0.25,6.00125,15.6395,0.0527754,4.15599
0,0.25,6.00204,16.1337,0.0984823,3.75686
0,0.25,6.0029,16.6219,0.121142,3.12731
0,0.25,6.00472,17.1055,0.156051,2.28353
0,0.25,6.00633,17.5816,0.204426,1.61675
0,0.25,6.00838,18.0498,0.131318,0.911742
0,0.25,6.01071,18.5171,0.0847812,0.557946
0,0.25,6.01117,18.9805,-0.0310292,0.820099
0,0.25,6.01197,19.4435,-0.177295,0.549037
0,0.25,6.01178,19.9136,-0.117985,0.775699
0,0.25,6.01094,20.3719,-0.0956154,0.852066
0,0.25,6.01191,20.8395,0.0147861,0.190567
0,0.25,6.01175,21.303,0.278996,1.07406
0,0.25,6.01137,21.7626,0.225162,0.514169
0,0.25,6.01361,22.2345,0.494883,0.609931
0,0.25,6.01027,22.6918,0.586532,0.291012
0,0.25,6.01234,23.1564,0.64186,-0.0675525
0,0.25,6.00743,23.6109,0.428403,-0.31
0,0.25,6.01874,24.0728,0.747496,-0.334543
0,0.25,6.00971,24.5224,0.362193,-0.194752
0,0.25,6.50001,10.6415,3.14762e-05,4.68818
0,0.25,6.50004,11.141,0.000126431,4.69011
0,0.25,6.50001,11.6413,5.36946e-05,4.69237
0,0.25,6.50002,12.1413,0.000755584,4.69192
0,0.25,6.50005,12.6413,0.00308262,4.6925
0,0.25,6.50006,13.1413,0.00399589,4.69017
0,0.25,6.5002,13.6413,0.0151523,4.68404
0,0.25,6.50025,14.1409,0.0209474,4.63663
0,0.25,6.5007,14.6405,0.0422632,4.56621
0,0.25,6.50084,15.1386,0.0555416,4.43298
0,0.25,6.5018,15.6357,0.0844227,4.15425
0,0.25,6.50255,16.1298,0.146731,3.76623
0,0.25,6.50421,16.6192,0.185351,3.13819
0,0.25,6.50651,17.1033,0.275435,2.35751
0,0.25,6.50876,17.5798,0.286969,1.60706
0,0.25,6.51193,18.0498,0.206802,0.896508
0,0.25,6.51365,18.5164,0.085988,0.594011
0,0.25,6.51405,18.9805,-0.177535,0.767854
0,0.25,6.51399,19.4458,-0.318358,0.822046
0,0.25,6.51308,19.9157,-0.168078,1.16909
0,0.25,6.51381,20.3787,-0.0238362,1.15351
0,0.25,6.51767,20.8472,0.380913,0.746283
0,0.25,6.51997,21.3085,0.53164,1.12021
0,0.25,6.52406,21.769,0.473653,0.600752
0,0.25,6.52317,22.2329,0.463898,0.774397
0,0.25,6.52115,22.6883,0.411775,0.311352
0,0.25,6.52001,23.1483,0.565369,0.124675
0,0.25,6.51197,23.6015,0.690614,-0.179242
0,0.25,6.5232,24.0637,0.705628,0.0087014
0,0.25,6.50033,24.5292,0.516869,0.0445113
0,0.25,7,10.5245,7.70107e-06,4.02878
0,0.25,7,11.0402,1.87123e-05,4.12416
0,0.25,7,11.541,1.2807e-05,4.13127
0,0.25,7,12.0411,1.73988e-05,4.13181
0,0.25,7,12.5411,3.71109e-05,4.13184
0,0.25,7,13.0411,8.86161e-05,4.13179
0,0.25,7.00001,13.5411,0.000975053,4.13011
0,0.25,7.00005,14.041,0.00867619,4.10634
0,0.25,7.00021,14.5406,0.0243807,4.05064
0,0.25,7.00041,15.0396,0.0380055,3.95344
0,0.25,7.00109,15.5374,0.0694312,3.75832
0,0.25,7.00174,16.0332,0.112024,3.43919
0,0.25,7.00331,16.5253,0.16035,2.94599
0,0.25,7.0051,17.0124,0.240937,2.25224
0,0.25,7.0078,17.4928,0.283975,1.45733
0,0.25,7.01106,17.9658,0.298612,0.637246
0,0.25,7.01432,18.4329,0.213071,0.0227638
0,0.25,7.01683,18.8959,0.000622086,-0.200477
0,0.25,7.01848,19.3591,-0.249314,-0.10021
0,0.25,7.01798,19.8266,-0.369458,0.27547
0,0.25,7.01762,20.2986,-0.368522,0.666738
0,0.25,7.01693,20.7754,-0.0818403,0.740669
0,0.25,7.0186,21.2557,0.181472,1.018
0,0.25,7.02107,21.7347,0.514482,1.00834
0,0.25,7.02295,22.2175,0.578623,1.1144
0,0.25,7.02593,22.6942,0.713527,1.17983
0,0.25,7.02292,23.1695,0.548295,0.94728
0,0.25,7.0218,23.6362,0.499626,0.707788
0,0.25,7.02223,24.0998,0.42598,0.716044
0,0.25,7.00664,24.555,0.674567,0.283068
1,0.25,7.5,1.5,0,0
1,0.25,8,1.5,0,0
1,0.25,1.5,1.5,0,0
1,0.25,2,1.5,0,0
1,0.25,7.5,2,0,0
1,0.25,8,2,0,0
1,0.25,1.5,2,0,0
1,0.25,2,2,0,0
1,0.25,7.5,2.5,0,0
1,0.25,8,2.5,0,0
1,0.25,1.5,2.5,0,0
1,0.25,2,2.5,0,0
1,0.25,7.5,3,0,0
1,0.25,8,3,0,0
1,0.25,1.5,3,0,0
1,0.25,2,3,0,0
1,0.25,7.5,3.5,0,0
1,0.25,8,3.5,0,0
1,0.25,1.5,3.5,0,0
1,0.25,2,3.5,0,0
1,0.25,7.5,4,0,0
1,0.25,8,4,0,0
1,0.25,1.5,4,0,0
1,0.25,2,4,0,0
1,0.25,7.5,4.5,0,0
1,0.25,8,4.5,0,0
1,0.25,1.5,4.5,0,0
1,0.25,2,4.5,0,0
1,0.25,7.5,5,0,0
1,0.25,8,5,0,0
1,0.25,1.5,5,0,0
1,0.25,2,5,0,0
1,0.25,7.5,5.5,0,0
1,0.25,8,5.5,0,0
1,0.25,1.5,5.5,0,0
1,0.25,2,5.5,0,0
1,0.25,7.5,6,0,0
1,0.25,8,6,0,0
1,0.25,1.5,6,0,0
1,0.25,2,6,0,0
1,0.25,7.5,6.5,0,0
1,0.25,8,6.5,0,0
1,0.25,1.5,6.5,0,0
1,0.25,2,6.5,0,0
1,0.25,7.5,7,0,0
1,0.25,8,7,0,0
1,0.25,1.5,7,0,0
1,0.25,2,7,0,0
1,0.25,7.5,7.5,0,0
1,0.25,8,7.5,0,0
1,0.25,1.5,7.5,0,0
1,0.25,2,7.5,0,0
1,0.25,7.5,8,0,0
1,0.25,8,8,0,0
1,0.25,1.5,8,0,0
1,0.25,2,8,0,0
1,0.25,7.5,8.5,0,0
1,0.25,8,8.5,0,0
1,0.25,1.5,8.5,0,0
1,0.25,2,8.5,0,0
1,0.25,7.5,9,0,0
1,0.25,8,9,0,0
1,0.25,1.5,9,0,0
1,0.25,2,9,0,0
1,0.25,7.5,9.5,0,0
1,0.25,8,9.5,0,0
1,0.25,1.5,9.5,0,0
1,0.25,2,9.5,0,0
1,0.25,7.5,10,0,0
1,0.25,8,10,0,0
1,0.25,1.5,10,0,0
1,0.25,2,10,0,0
1,0.25,7.5,10.5,0,0
1,0.25,8,10.5,0,0
1,0.25,1.5,10.5,0,0
1,0.25,2,10.5,0,0
1,0.25,7.5,11,0,0
1,0.25,8,11,0,0
1,0.25,1.5,11,0,0
1,0.25,2,11,0,0
1,0.25,7.5,11.5,0,0
1,0.25,8,11.5,0,0
1,0.25,1.5,11.5,0,0
1,0.25,2,11.5,0,0
1,0.25,7.5,12,0,0
1,0.25,8,12,0,0
1,0.25,1.5,12,0,0
1,0.25,2,12,0,0
1,0.25,7.5,12.5,0,0
1,0.25,8,12.5,0,0
1,0.25,1.5,12.5,0,0
1,0.25,2,12.5,0,0
1,0.25,7.5,13,0,0
1,0.25,8,13,0,0
1,0.25,1.5,13,0,0
1,0.25,2,13,0,0
1,0.25,7.5,13.5,0,0
1,0.25,8,13.5,0,0
1,0.25,1.5,13.5,0,0
1,0.25,2,13.5,0,0
1,0.25,7.5,14,0,0
1,0.25,8,14,0,0
1,0.25,1.5,14,0,0
1,0.25,2,14,0,0
1,0.25,7.5,14.5,0,0
1,0.25,8,14.5,0,0
1,0.25,1.5,14.5,0,0
1,0.25,2,14.5,0,0
1,0.25,7.5,15,0,0
1,0.25,8,15,0,0
1,0.25,1.5,15,0,0
1,0.25,2,15,0,0
1,0.25,7.5,15.5,0,0
1,0.25,8,15.5,0,0
1,0.25,1.5,15.5,0,0
1,0.25,2,15.5,0,0
1,0.25,7.5,16,0,0
1,0.25,8,16,0,0
1,0.25,1.5,16,0,0
1,0.25,2,16,0,0
1,0.25,7.5,16.5,0,0
1,0.25,8,16.5,0,0
1,0.25,1.5,16.5,0,0
1,0.25,2,16.5,0,0
1,0.25,7.5,17,0,0
1,0.25,8,17,0,0
1,0.25,1.5,17,0,0
1,0.25,2,17,0,0
1,0.25,7.5,17.5,0,0
1,0.25,8,17.5,0,0
1,0.25,1.5,17.5,0,0
1,0.25,2,17.5,0,0
1,0.25,7.5,18,0,0
1,0.25,8,18,0,0
1,0.25,1.5,18,0,0
1,0.25,2,18,0,0
1,0.25,7.5,18.5,0,0
1,0.25,8,18.5,0,0
1,0.25,1.5,18.5,0,0
1,0.25,2,18.5,0,0
1,0.25,7.5,19,0,0
1,0.25,8,19,0,0
1,0.25,1.5,19,0,0
1,0.25,2,19,0,0
1,0.25,7.5,19.5,0,0
1,0.25,8,19.5,0,0
1,0.25,1.5,19.5,0,0
1,0.25,2,19.5,0,0
1,0.25,7.5,20,0,0
1,0.25,8,20,0,0
1,0.25,1.5,20,0,0
1,0.25,2,20,0,0
1,0.25,7.5,20.5,0,0
1,0.25,8,20.5,0,0
1,0.25,1.5,20.5,0,0
1,0.25,2,20.5,0,0
1,0.25,7.5,21,0,0
1,0.25,8,21,0,0
1,0.25,1.5,21,0,0
1,0.25,2,21,0,0
1,0.25,7.5,21.5,0,0
1,0.25,8,21.5,0,0
1,0.25,1.5,21.5,0,0
1,0.25,2,21.5,0,0
1,0.25,7.5,22,0,0
1,0.25,8,22,0,0
1,0.25,1.5,22,0,0
1,0.25,2,22,0,0
1,0.25,7.5,22.5,0,0
1,0.25,8,22.5,0,0
1,0.25,1.5,22.5,0,0
1,0.25,2,22.5,0,0
1,0.25,7.5,23,0,0
1,0.25,8,23,0,0
1,0.25,1.5,23,0,0
1,0.25,2,23,0,0
1,0.25,7.5,23.5,0,0
1,0.25,8,23.5,0,0
1,0.25,1.5,23.5,0,0
1,0.25,2,23.5,0,0
1,0.25,7.5,24,0,0
1,0.25,8,24,0,0
1,0.25,1.5,24,0,0
1,0.25,2,24,0,0
1,0.25,7.5,24.5,0,0
1,0.25,8,24.5,0,0
1,0.25,1.5,24.5,0,0
1,0.25,2,24.5,0,0
1,0.25,7.5,25,0,0
1,0.25,8,25,0,0
1,0.25,1.5,25,0,0
1,0.25,2,25,0,0
1,0.25,7.5,25.5,0,0
1,0.25,8,25.5,0,0
1,0.25,1.5,25.5,0,0
1,0.25,2,25.5,0,0
1,0.25,2.5,1.5,0,0
1,0.25,2.5,2,0,0
1,0.25,2.5,25,0,0
1,0.25,2.5,25.5,0,0
1,0.25,3,1.5,0,0
1,0.25,3,2,0,0
1,0.25,3,25,0,0
1,0.25,3,25.5,0,0
1,0.25,3.5,1.5,0,0
1,0.25,3.5,2,0,0
1,0.25,3.5,25,0,0
1,0.25,3.5,25.5,0,0
1,0.25,4,1.5,0,0
1,0.25,4,2,0,0
1,0.25,4,25,0,0
1,0.25,4,25.5,0,0
1,0.25,4.5,1.5,0,0
1,0.25,4.5,2,0,0
1,0.25,4.5,25,0,0
1,0.25,4.5,25.5,0,0
1,0.25,5,1.5,0,0
1,0.25,5,2,0,0
1,0.25,5,25,0,0
1,0.25,5,25.5,0,0
1,0.25,5.5,1.5,0,0
1,0.25,5.5,2,0,0
1,0.25,5.5,25,0,0
1,0.25,5.5,25.5,0,0
1,0.25,6,1.5,0,0
1,0.25,6,2,0,0
1,0.25,6,25,0,0
1,0.25,6,25.5,0,0
1,0.25,6.5,1.5,0,0
1,0.25,6.5,2,0,0
1,0.25,6.5,25,0,0
1,0.25,6.5,25.5,0,0
1,0.25,7,1.5,0,0
1,0.25,7,2,0,0
1,0.25,7,25,0,0
1,0.25,7,25.5,0,0
