536 2 0.5 3500 0.2 2 0 2e-06 0 9.81 10 35
0,0.25,2.5,10.7885,-0.000195441,4.44383
0,0.25,2.49994,11.3106,-0.010747,4.54226
0,0.25,2.49926,11.811,-0.102109,4.38503
0,0.25,2.49795,12.3082,-0.15102,4.1187
0,0.25,2.49632,12.8028,-0.185199,3.79022
0,0.25,2.49466,13.294,-0.242069,3.33071
0,0.25,2.49235,13.7808,-0.335021,2.71505
0,0.25,2.48916,14.2614,-0.437299,1.95616
0,0.25,2.48554,14.7354,-0.482733,1.23158
0,0.25,2.48221,15.2036,-0.431726,0.7269
0,0.25,2.48072,15.6682,-0.242352,0.503176
0,0.25,2.48177,16.1318,0.0325099,0.566694
0,0.25,2.48606,16.5958,0.293496,0.793835
0,0.25,2.491,17.0608,0.389899,0.945234
0,0.25,2.49638,17.5267,0.321473,0.939082
0,0.25,2.49846,17.991,0.165202,0.815908
0,0.25,2.4981,18.4538,-0.0562883,0.458223
0,0.25,2.49389,18.9173,-0.151357,0.348355
0,0.25,2.48616,19.3802,-0.214821,0.138312
0,0.25,2.47634,19.8508,-0.206674,-0.021051
0,0.25,2.46693,20.3229,-0.204645,-0.0792039
0,0.25,2.45957,20.803,-0.0811674,-0.283629
0,0.25,2.45463,21.2852,0.024992,0.0583669
0,0.25,2.45451,21.7726,0.149844,0.271161
0,0.25,2.46046,22.2619,0.228819,0.852178
0,0.25,2.46615,22.7484,0.264369,1.1802
0,0.25,2.48169,23.2246,0.192915,1.2005
0,0.25,2.49136,23.686,0.245178,0.84759
0,0.25,2.51192,24.1317,0.468915,0.367303
0,0.25,2.5161,24.5684,0.627872,-0.295801
0,0.25,2.99988,10.951,-0.0142898,5.24945
0,0.25,2.99914,11.4499,-0.0885344,5.13515
0,0.25,2.99795,11.9481,-0.154392,4.90946
0,0.25,2.99672,12.4439,-0.175733,4.65114
0,0.25,2.99517,12.9369,-0.194726,4.23349
0,0.25,2.9935,13.4256,-0.26816,3.64818
0,0.25,2.99117,13.9082,-0.337661,2.9244
0,0.25,2.98819,14.3841,-0.38278,2.12899
0,0.25,2.98561,14.8538,-0.349025,1.48874
0,0.25,2.98385,15.3185,-0.220079,1.12523
0,0.25,2.98407,15.7815,-0.0336536,1.01641
0,0.25,2.98612,16.2459,0.119998,1.19418
0,0.25,2.99002,16.7124,0.21203,1.49215
0,0.25,2.99293,17.182,0.130918,1.59764
0,0.25,2.99543,17.655,-0.0306619,1.82812
0,0.25,2.99446,18.1259,-0.0565823,1.8726
0,0.25,2.99202,18.6011,-0.108873,1.84133
0,0.25,2.98885,19.0722,0.0768122,2.17788
0,0.25,2.98198,19.5408,0.0848135,1.70732
0,0.25,2.97584,20.0068,-0.0673856,1.63402
0,0.25,2.96755,20.4605,-0.186512,1.18942
0,0.25,2.96146,20.9135,-0.250824,0.794431
0,0.25,2.95561,21.3596,-0.227169,0.734732
0,0.25,2.95669,21.8059,-0.0438628,0.565883
0,0.25,2.9601,22.2514,0.18513,0.521308
0,0.25,2.96537,22.6986,0.0728913,0.301282
0,0.25,2.98168,23.1497,0.247707,0.397358
0,0.25,2.99907,23.6054,0.565577,0.00788819
0,0.25,3.00711,24.0695,0.891268,0.0600354
0,0.25,3.03631,24.548,0.7631,-0.236406
0,0.25,3.49986,10.9593,-0.016804,5.27111
0,0.25,3.49916,11.4579,-0.0790385,5.14974
0,0.25,3.49846,11.9559,-0.0794426,4.98113
0,0.25,3.49806,12.4516,-0.103158,4.70454
0,0.25,3.49722,12.944,-0.141585,4.23385
0,0.25,3.49584,13.432,-0.213266,3.6003
0,0.25,3.49424,13.9136,-0.274269,2.88531
0,0.25,3.49212,14.3886,-0.302383,2.0831
0,0.25,3.49004,14.8579,-0.317831,1.46063
0,0.25,3.48855,15.3221,-0.260092,1.12891
0,0.25,3.48767,15.7845,-0.14434,0.941506
0,0.25,3.48824,16.2481,-0.0480141,1.02285
0,0.25,3.49004,16.7112,0.0743073,1.1828
0,0.25,3.49149,17.1762,0.0863511,1.03662
0,0.25,3.49334,17.6438,0.0199184,1.29152
0,0.25,3.49345,18.1071,0.0164639,1.35382
0,0.25,3.49197,18.5783,-0.0555813,1.25408
0,0.25,3.4902,19.0455,-0.0844689,1.80411
0,0.25,3.48575,19.5101,-0.0555496,1.06325
0,0.25,3.48114,19.9782,-0.204677,1.04911
0,0.25,3.47652,20.4299,-0.0582104,0.819272
0,0.25,3.47191,20.8898,-0.0292607,0.452908
0,0.25,3.47252,21.3425,0.193401,0.767842
0,0.25,3.47341,21.7992,0.348077,0.54866
0,0.25,3.47906,22.25,0.405394,0.402549
0,0.25,3.48656,22.7045,0.403218,-0.127653
0,0.25,3.49086,23.1543,0.520993,0.178807
0,0.25,3.50979,23.6089,0.508969,-0.296568
0,0.25,3.49569,24.065,0.611009,-0.126868
0,0.25,3.52087,24.5358,0.912211,-0.301152
0,0.25,3.99995,10.9592,-0.00507268,5.24586
0,0.25,3.99971,11.4576,-0.0262409,5.13107
0,0.25,3.99936,11.9556,-0.0432315,4.95654
0,0.25,3.99883,12.4511,-0.0829199,4.65276
0,0.25,3.99813,12.943,-0.11487,4.18758
0,0.25,3.99718,13.4307,-0.141512,3.53926
0,0.25,3.99609,13.9122,-0.175312,2.84915
0,0.25,3.995,14.3867,-0.178873,2.07615
0,0.25,3.99372,14.8563,-0.162502,1.4692
0,0.25,3.99311,15.3213,-0.121158,1.23483
0,0.25,3.99312,15.7843,-0.0189572,1.06826
0,0.25,3.99365,16.2498,0.0428153,1.11798
0,0.25,3.9952,16.7136,0.0638505,1.2974
0,0.25,3.99633,17.1783,0.0736574,0.996674
0,0.25,3.99647,17.6463,-0.0476464,1.22776
0,0.25,3.99644,18.1075,-0.106759,1.37703
0,0.25,3.9942,18.5776,-0.0682036,1.17308
0,0.25,3.99203,19.0444,-0.115462,1.85919
0,0.25,3.99048,19.5057,0.0480243,1.1131
0,0.25,3.98758,19.9747,0.100764,0.981108
0,0.25,3.98652,20.4243,0.0249469,0.892531
0,0.25,3.98592,20.8842,0.0956323,0.322071
0,0.25,3.9835,21.3356,0.00357558,0.782391
0,0.25,3.98514,21.7912,0.0114831,0.443002
0,0.25,3.98511,22.2455,0.15312,0.571659
0,0.25,3.99146,22.704,0.299229,0.191996
0,0.25,3.99486,23.1628,0.370461,0.513459
0,0.25,4.01206,23.6285,0.761692,0.125783
0,0.25,3.9995,24.0831,0.511306,0.103142
0,0.25,4.00791,24.5408,0.832705,-0.287876
0,0.25,4.49997,10.9591,-0.00264955,5.23262
0,0.25,4.49983,11.4574,-0.0142831,5.11421
0,0.25,4.49969,11.9553,-0.0208762,4.94386
0,0.25,4.49953,12.4508,-0.0219749,4.63998
0,0.25,4.49941,12.9427,-0.0211235,4.18153
0,0.25,4.49932,13.4302,-0.0232541,3.52375
0,0.25,4.49904,13.9116,-0.038828,2.82464
0,0.25,4.49879,14.3861,-0.0576667,2.07994
0,0.25,4.49835,14.8556,-0.0604335,1.48132
0,0.25,4.49792,15.3213,-0.0671548,1.26933
0,0.25,4.49784,15.7846,-0.0439498,1.14689
0,0.25,4.49764,16.2502,-0.0199802,1.10446
0,0.25,4.49778,16.7149,-0.0386544,1.28703
0,0.25,4.49821,17.1779,-0.00380176,0.988014
0,0.25,4.49764,17.6456,-0.0143229,1.07558
0,0.25,4.4982,18.1072,-0.0314672,1.45796
0,0.25,4.49798,18.5744,0.0665309,1.19008
0,0.25,4.49754,19.0448,-0.00754152,1.83766
0,0.25,4.49865,19.5048,0.039978,1.3584
0,0.25,4.49637,19.9733,-0.0171271,0.78459
0,0.25,4.4962,20.4278,-0.184424,0.99461
0,0.25,4.49454,20.8836,0.000497176,0.551066
0,0.25,4.49263,21.3411,0.0222942,0.793205
0,0.25,4.49501,21.7981,0.201485,0.78515
0,0.25,4.49483,22.2522,0.251859,0.565135
0,0.25,4.50078,22.7097,0.256386,0.169625
0,0.25,4.49687,23.1647,0.161151,0.313901
0,0.25,4.50307,23.6248,-0.00950108,0.116046
0,0.25,4.5017,24.0887,-0.121387,0.241682
0,0.25,4.50088,24.547,0.0489505,-0.0218622
0,0.25,5.00003,10.9591,0.00264955,5.23262
0,0.25,5.00017,11.4574,0.0142831,5.11421
0,0.25,5.00031,11.9553,0.0208762,4.94386
0,0.25,5.00047,12.4508,0.0219749,4.63998
0,0.25,5.00059,12.9427,0.0211235,4.18153
0,0.25,5.00068,13.4302,0.0232541,3.52375
0,0.25,5.00096,13.9116,0.038828,2.82464
0,0.25,5.00121,14.3861,0.0576667,2.07994
0,0.25,5.00165,14.8556,0.0604335,1.48132
0,0.25,5.00208,15.3213,0.0671548,1.26933
0,0.25,5.00216,15.7846,0.0439498,1.14689
0,0.25,5.00236,16.2502,0.0199802,1.10446
0,0.25,5.00222,16.7149,0.0386544,1.28703
0,0.25,5.00179,17.1779,0.00380176,0.988014
0,0.25,5.00236,17.6456,0.0143229,1.07558
0,0.25,5.0018,18.1072,0.0314672,1.45796
0,0.25,5.00202,18.5744,-0.0665309,1.19008
0,0.25,5.00246,19.0448,0.00754152,1.83766
0,0.25,5.00135,19.5048,-0.039978,1.3584
0,0.25,5.00363,19.9733,0.0171271,0.78459
0,0.25,5.0038,20.4278,0.184424,0.99461
0,0.25,5.00546,20.8836,-0.000497176,0.551066
0,0.25,5.00737,21.3411,-0.0222942,0.793205
0,0.25,5.00499,21.7981,-0.201485,0.78515
0,0.25,5.00517,22.2522,-0.251859,0.565135
0,0.25,4.99922,22.7097,-0.256386,0.169625
0,0.25,5.00313,23.1647,-0.161151,0.313901
0,0.25,4.99693,23.6248,0.00950108,0.116046
0,0.25,4.9983,24.0887,0.121387,0.241682
0,0.25,4.99912,24.547,-0.0489505,-0.0218622
0,0.25,5.50005,10.9592,0.00507268,5.24586
0,0.25,5.50029,11.4576,0.0262409,5.13107
0,0.25,5.50064,11.9556,0.0432315,4.95654
0,0.25,5.50117,12.4511,0.0829199,4.65276
0,0.25,5.50187,12.943,0.11487,4.18758
0,0.25,5.50282,13.4307,0.141512,3.53926
0,0.25,5.50391,13.9122,0.175312,2.84915
0,0.25,5.505,14.3867,0.178873,2.07615
0,0.25,5.50628,14.8563,0.162502,1.4692
0,0.25,5.50689,15.3213,0.121158,1.23483
0,0.25,5.50688,15.7843,0.0189572,1.06826
0,0.25,5.50635,16.2498,-0.0428153,1.11798
0,0.25,5.5048,16.7136,-0.0638505,1.2974
0,0.25,5.50367,17.1783,-0.0736574,0.996674
0,0.25,5.50353,17.6463,0.0476464,1.22776
0,0.25,5.50356,18.1075,0.106759,1.37703
0,0.25,5.5058,18.5776,0.0682036,1.17308
0,0.25,5.50797,19.0444,0.115462,1.85919
0,0.25,5.50952,19.5057,-0.0480243,1.1131
0,0.25,5.51242,19.9747,-0.100764,0.981108
0,0.25,5.51348,20.4243,-0.0249469,0.892531
0,0.25,5.51408,20.8842,-0.0956323,0.322071
0,0.25,5.5165,21.3356,-0.00357558,0.782391
0,0.25,5.51486,21.7912,-0.0114831,0.443002
0,0.25,5.51489,22.2455,-0.15312,0.571659
0,0.25,5.50854,22.704,-0.299229,0.191996
0,0.25,5.50514,23.1628,-0.370461,0.513459
0,0.25,5.48794,23.6285,-0.761692,0.125783
0,0.25,5.5005,24.0831,-0.511306,0.103142
0,0.25,5.49209,24.5408,-0.832705,-0.287876
0,0.25,6.00014,10.9593,0.016804,5.27111
0,0.25,6.00084,11.4579,0.0790385,5.14974
0,0.25,6.00154,11.9559,0.0794426,4.98113
0,0.25,6.00194,12.4516,0.103158,4.70454
0,0.25,6.00278,12.944,0.141585,4.23385
0,0.25,6.00416,13.432,0.213266,3.6003
0,0.25,6.00576,13.9136,0.274269,2.88531
0,0.25,6.00788,14.3886,0.302383,2.0831
0,0.25,6.00996,14.8579,0.317831,1.46063
0,0.25,6.01145,15.3221,0.260092,1.12891
0,0.25,6.01233,15.7845,0.14434,0.941506
0,0.25,6.01176,16.2481,0.0480141,1.02285
0,0.25,6.00996,16.7112,-0.0743073,1.1828
0,0.25,6.00851,17.1762,-0.0863511,1.03662
0,0.25,6.00666,17.6438,-0.0199184,1.29152
0,0.25,6.00655,18.1071,-0.0164639,1.35382
0,0.25,6.00803,18.5783,0.0555813,1.25408
0,0.25,6.0098,19.0455,0.0844689,1.80411
0,0.25,6.01425,19.5101,0.0555496,1.06325
0,0.25,6.01886,19.9782,0.204677,1.04911
0,0.25,6.02348,20.4299,0.0582104,0.819272
0,0.25,6.02809,20.8898,0.0292607,0.452908
0,0.25,6.02748,21.3425,-0.193401,0.767842
0,0.25,6.02659,21.7992,-0.348077,0.54866
0,0.25,6.02094,22.25,-0.405394,0.402549
0,0.25,6.01344,22.7045,-0.403218,-0.127653
0,0.25,6.00914,23.1543,-0.520993,0.178807
0,0.25,5.99021,23.6089,-0.508969,-0.296568
0,0.25,6.00431,24.065,-0.611009,-0.126868
0,0.25,5.97913,24.5358,-0.912211,-0.301152
0,0.25,6.50012,10.951,0.0142898,5.24945
0,0.25,6.50086,11.4499,0.0885344,5.13515
0,0.25,6.50205,11.9481,0.154392,4.90946
0,0.25,6.50328,12.4439,0.175733,4.65114
0,0.25,6.50483,12.9369,0.194726,4.23349
0,0.25,6.5065,13.4256,0.26816,3.64818
0,0.25,6.50883,13.9082,0.337661,2.9244
0,0.25,6.51181,14.3841,0.38278,2.12899
0,0.25,6.51439,14.8538,0.349025,1.48874
0,0.25,6.51615,15.3185,0.220079,1.12523
0,0.25,6.51593,15.7815,0.0336536,1.01641
0,0.25,6.51388,16.2459,-0.119998,1.19418
0,0.25,6.50998,16.7124,-0.21203,1.49215
0,0.25,6.50707,17.182,-0.130918,1.59764
0,0.25,6.50457,17.655,0.0306619,1.82812
0,0.25,6.50554,18.1259,0.0565823,1.8726
0,0.25,6.50798,18.6011,0.108873,1.84133
0,0.25,6.51115,19.0722,-0.0768122,2.17788
0,0.25,6.51802,19.5408,-0.0848135,1.70732
0,0.25,6.52416,20.0068,0.0673856,1.63402
0,0.25,6.53245,20.4605,0.186512,1.18942
0,0.25,6.53854,20.9135,0.250824,0.794431
0,0.25,6.54439,21.3596,0.227169,0.734732
0,0.25,6.54331,21.8059,0.0438628,0.565883
0,0.25,6.5399,22.2514,-0.18513,0.521308
0,0.25,6.53463,22.6986,-0.0728913,0.301282
0,0.25,6.51832,23.1497,-0.247707,0.397358
0,0.25,6.50093,23.6054,-0.565577,0.00788819
0,0.25,6.49289,24.0695,-0.891268,0.0600354
0,0.25,6.46369,24.548,-0.7631,-0.236406
0,0.25,7,10.7885,0.000195441,4.44383
0,0.25,7.00006,11.3106,0.010747,4.54226
0,0.25,7.00074,11.811,0.102109,4.38503
0,0.25,7.00205,12.3082,0.15102,4.1187
0,0.25,7.00368,12.8028,0.185199,3.79022
0,0.25,7.00534,13.294,0.242069,3.33071
0,0.25,7.00765,13.7808,0.335021,2.71505
0,0.25,7.01084,14.2614,0.437299,1.95616
0,0.25,7.01446,14.7354,0.482733,1.23158
0,0.25,7.01779,15.2036,0.431726,0.7269
0,0.25,7.01928,15.6682,0.242352,0.503176
0,0.25,7.01823,16.1318,-0.0325099,0.566694
0,0.25,7.01394,16.5958,-0.293496,0.793835
0,0.25,7.009,17.0608,-0.389899,0.945234
0,0.25,7.00362,17.5267,-0.321473,0.939082
0,0.25,7.00154,17.991,-0.165202,0.815908
0,0.25,7.0019,18.4538,0.0562883,0.458223
0,0.25,7.00611,18.9173,0.151357,0.348355
0,0.25,7.01384,19.3802,0.214821,0.138312
0,0.25,7.02366,19.8508,0.206674,-0.021051
0,0.25,7.03307,20.3229,0.204645,-0.0792039
0,0.25,7.04043,20.803,0.0811674,-0.283629
0,0.25,7.04537,21.2852,-0.024992,0.0583669
0,0.25,7.04549,21.7726,-0.149844,0.271161
0,0.25,7.03954,22.2619,-0.228819,0.852178
0,0.25,7.03385,22.7484,-0.264369,1.1802
0,0.25,7.01831,23.2246,-0.192915,1.2005
0,0.25,7.00864,23.686,-0.245178,0.84759
0,0.25,6.98808,24.1317,-0.468915,0.367303
0,0.25,6.9839,24.5684,-0.627872,-0.295801
1,0.25,7.5,1.5,0,0
1,0.25,8,1.5,0,0
1,0.25,1.5,1.5,0,0
1,0.25,2,1.5,0,0
1,0.25,7.5,2,0,0
1,0.25,8,2,0,0
1,0.25,1.5,2,0,0
1,0.25,2,2,0,0
1,0.25,7.5,2.5,0,0
1,0.25,8,2.5,0,0
1,0.25,1.5,2.5,0,0
1,0.25,2,2.5,0,0
1,0.25,7.5,3,0,0
1,0.25,8,3,0,0
1,0.25,1.5,3,0,0
1,0.25,2,3,0,0
1,0.25,7.5,3.5,0,0
1,0.25,8,3.5,0,0
1,0.25,1.5,3.5,0,0
1,0.25,2,3.5,0,0
1,0.25,7.5,4,0,0
1,0.25,8,4,0,0
1,0.25,1.5,4,0,0
1,0.25,2,4,0,0
1,0.25,7.5,4.5,0,0
1,0.25,8,4.5,0,0
1,0.25,1.5,4.5,0,0
1,0.25,2,4.5,0,0
1,0.25,7.5,5,0,0
1,0.25,8,5,0,0
1,0.25,1.5,5,0,0
1,0.25,2,5,0,0
1,0.25,7.5,5.5,0,0
1,0.25,8,5.5,0,0
1,0.25,1.5,5.5,0,0
1,0.25,2,5.5,0,0
1,0.25,7.5,6,0,0
1,0.25,8,6,0,0
1,0.25,1.5,6,0,0
1,0.25,2,6,0,0
1,0.25,7.5,6.5,0,0
1,0.25,8,6.5,0,0
1,0.25,1.5,6.5,0,0
1,0.25,2,6.5,0,0
1,0.25,7.5,7,0,0
1,0.25,8,7,0,0
1,0.25,1.5,7,0,0
1,0.25,2,7,0,0
1,0.25,7.5,7.5,0,0
1,0.25,8,7.5,0,0
1,0.25,1.5,7.5,0,0
1,0.25,2,7.5,0,0
1,0.25,7.5,8,0,0
1,0.25,8,8,0,0
1,0.25,1.5,8,0,0
1,0.25,2,8,0,0
1,0.25,7.5,8.5,0,0
1,0.25,8,8.5,0,0
1,0.25,1.5,8.5,0,0
1,0.25,2,8.5,0,0
1,0.25,7.5,9,0,0
1,0.25,8,9,0,0
1,0.25,1.5,9,0,0
1,0.25,2,9,0,0
1,0.25,7.5,9.5,0,0
1,0.25,8,9.5,0,0
1,0.25,1.5,9.5,0,0
1,0.25,2,9.5,0,0
1,0.25,7.5,10,0,0
1,0.25,8,10,0,0
1,0.25,1.5,10,0,0
1,0.25,2,10,0,0
1,0.25,7.5,10.5,0,0
1,0.25,8,10.5,0,0
1,0.25,1.5,10.5,0,0
1,0.25,2,10.5,0,0
1,0.25,7.5,11,0,0
1,0.25,8,11,0,0
1,0.25,1.5,11,0,0
1,0.25,2,11,0,0
1,0.25,7.5,11.5,0,0
1,0.25,8,11.5,0,0
1,0.25,1.5,11.5,0,0
1,0.25,2,11.5,0,0
1,0.25,7.5,12,0,0
1,0.25,8,12,0,0
1,0.25,1.5,12,0,0
1,0.25,2,12,0,0
1,0.25,7.5,12.5,0,0
1,0.25,8,12.5,0,0
1,0.25,1.5,12.5,0,0
1,0.25,2,12.5,0,0
1,0.25,7.5,13,0,0
1,0.25,8,13,0,0
1,0.25,1.5,13,0,0
1,0.25,2,13,0,0
1,0.25,7.5,13.5,0,0
1,0.25,8,13.5,0,0
1,0.25,1.5,13.5,0,0
1,0.25,2,13.5,0,0
1,0.25,7.5,14,0,0
1,0.25,8,14,0,0
1,0.25,1.5,14,0,0
1,0.25,2,14,0,0
1,0.25,7.5,14.5,0,0
1,0.25,8,14.5,0,0
1,0.25,1.5,14.5,0,0
1,0.25,2,14.5,0,0
1,0.25,7.5,15,0,0
1,0.25,8,15,0,0
1,0.25,1.5,15,0,0
1,0.25,2,15,0,0
1,0.25,7.5,15.5,0,0
1,0.25,8,15.5,0,0
1,0.25,1.5,15.5,0,0
1,0.25,2,15.5,0,0
1,0.25,7.5,16,0,0
1,0.25,8,16,0,0
1,0.25,1.5,16,0,0
1,0.25,2,16,0,0
1,0.25,7.5,16.5,0,0
1,0.25,8,16.5,0,0
1,0.25,1.5,16.5,0,0
1,0.25,2,16.5,0,0
1,0.25,7.5,17,0,0
1,0.25,8,17,0,0
1,0.25,1.5,17,0,0
1,0.25,2,17,0,0
1,0.25,7.5,17.5,0,0
1,0.25,8,17.5,0,0
1,0.25,1.5,17.5,0,0
1,0.25,2,17.5,0,0
1,0.25,7.5,18,0,0
1,0.25,8,18,0,0
1,0.25,1.5,18,0,0
1,0.25,2,18,0,0
1,0.25,7.5,18.5,0,0
1,0.25,8,18.5,0,0
1,0.25,1.5,18.5,0,0
1,0.25,2,18.5,0,0
1,0.25,7.5,19,0,0
1,0.25,8,19,0,0
1,0.25,1.5,19,0,0
1,0.25,2,19,0,0
1,0.25,7.5,19.5,0,0
1,0.25,8,19.5,0,0
1,0.25,1.5,19.5,0,0
1,0.25,2,19.5,0,0
1,0.25,7.5,20,0,0
1,0.25,8,20,0,0
1,0.25,1.5,20,0,0
1,0.25,2,20,0,0
1,0.25,7.5,20.5,0,0
1,0.25,8,20.5,0,0
1,0.25,1.5,20.5,0,0
1,0.25,2,20.5,0,0
1,0.25,7.5,21,0,0
1,0.25,8,21,0,0
1,0.25,1.5,21,0,0
1,0.25,2,21,0,0
1,0.25,7.5,21.5,0,0
1,0.25,8,21.5,0,0
1,0.25,1.5,21.5,0,0
1,0.25,2,21.5,0,0
1,0.25,7.5,22,0,0
1,0.25,8,22,0,0
1,0.25,1.5,22,0,0
1,0.25,2,22,0,0
1,0.25,7.5,22.5,0,0
1,0.25,8,22.5,0,0
1,0.25,1.5,22.5,0,0
1,0.25,2,22.5,0,0
1,0.25,7.5,23,0,0
1,0.25,8,23,0,0
1,0.25,1.5,23,0,0
1,0.25,2,23,0,0
1,0.25,7.5,23.5,0,0
1,0.25,8,23.5,0,0
1,0.25,1.5,23.5,0,0
1,0.25,2,23.5,0,0
1,0.25,7.5,24,0,0
1,0.25,8,24,0,0
1,0.25,1.5,24,0,0
1,0.25,2,24,0,0
1,0.25,7.5,24.5,0,0
1,0.25,8,24.5,0,0
1,0.25,1.5,24.5,0,0
1,0.25,2,24.5,0,0
1,0.25,7.5,25,0,0
1,0.25,8,25,0,0
1,0.25,1.5,25,0,0
1,0.25,2,25,0,0
1,0.25,7.5,25.5,0,0
1,0.25,8,25.5,0,0
1,0.25,1.5,25.5,0,0
1,0.25,2,25.5,0,0
1,0.25,2.5,1.5,0,0
1,0.25,2.5,2,0,0
1,0.25,2.5,25,0,0
1,0.25,2.5,25.5,0,0
1,0.25,3,1.5,0,0
1,0.25,3,2,0,0
1,0.25,3,25,0,0
1,0.25,3,25.5,0,0
1,0.25,3.5,1.5,0,0
1,0.25,3.5,2,0,0
1,0.25,3.5,25,0,0
1,0.25,3.5,25.5,0,0
1,0.25,4,1.5,0,0
1,0.25,4,2,0,0
1,0.25,4,25,0,0
1,0.25,4,25.5,0,0
1,0.25,4.5,1.5,0,0
1,0.25,4.5,2,0,0
1,0.25,4.5,25,0,0
1,0.25,4.5,25.5,0,0
1,0.25,5,1.5,0,0
1,0.25,5,2,0,0
1,0.25,5,25,0,0
1,0.25,5,25.5,0,0
1,0.25,5.5,1.5,0,0
1,0.25,5.5,2,0,0
1,0.25,5.5,25,0,0
1,0.25,5.5,25.5,0,0
1,0.25,6,1.5,0,0
1,0.25,6,2,0,0
1,0.25,6,25,0,0
1,0.25,6,25.5,0,0
1,0.25,6.5,1.5,0,0
1,0.25,6.5,2,0,0
1,0.25,6.5,25,0,0
1,0.25,6.5,25.5,0,0
1,0.25,7,1.5,0,0
1,0.25,7,2,0,0
1,0.25,7,25,0,0
1,0.25,7,25.5,0,0
