536 2 0.5 3500 0.2 2 0 2e-06 0 9.81 10 35
0,0.25,2.5,9.78285,-1.80933e-06,2.20617
0,0.25,2.5,10.2849,-3.6952e-06,2.23385
0,0.25,2.5,10.7849,-3.13355e-06,2.23476
0,0.25,2.5,11.2849,-3.69641e-06,2.23479
0,0.25,2.5,11.7849,-4.03821e-06,2.23479
0,0.25,2.5,12.2849,-4.51918e-06,2.23479
0,0.25,2.5,12.7849,-4.73312e-06,2.23479
0,0.25,2.5,13.2849,-4.8975e-06,2.23479
0,0.25,2.5,13.7849,-4.9486e-06,2.23479
0,0.25,2.5,14.2849,-4.97209e-06,2.23479
0,0.25,2.5,14.7849,-4.97885e-06,2.23479
0,0.25,2.5,15.2849,-4.98085e-06,2.23479
0,0.25,2.5,15.7849,-4.98192e-06,2.23479
0,0.25,2.5,16.2849,-4.98613e-06,2.23479
0,0.25,2.5,16.7849,-5.01301e-06,2.23479
0,0.25,2.5,17.2849,-5.16041e-06,2.23479
0,0.25,2.5,17.7849,-5.47474e-06,2.23479
0,0.25,2.5,18.2849,-5.83385e-06,2.23479
0,0.25,2.5,18.7849,-6.79902e-06,2.23479
0,0.25,2.5,19.2849,-3.08075e-05,2.23477
0,0.25,2.5,19.7849,-0.000111862,2.23479
0,0.25,2.5,20.2849,-0.00012438,2.23473
0,0.25,2.49999,20.7849,-0.000395079,2.23478
0,0.25,2.49999,21.2849,-0.000346244,2.23465
0,0.25,2.49997,21.7849,-0.001031,2.23475
0,0.25,2.49997,22.2849,-0.000880913,2.23444
0,0.25,2.49991,22.7849,-0.00262092,2.23467
0,0.25,2.49991,23.2849,-0.00241937,2.2335
0,0.25,2.49971,23.7849,-0.00724993,2.23358
0,0.25,2.49993,24.2826,-0.00193039,2.19821
0,0.25,3,9.79818,-2.30379e-05,2.41697
0,0.25,2.99999,10.2981,-9.41045e-05,2.41512
0,0.25,3,10.7981,-2.86149e-05,2.41558
0,0.25,3,11.2981,-2.03835e-05,2.41558
0,0.25,3,11.7981,-8.23513e-06,2.41559
0,0.25,3,12.2981,-4.90075e-06,2.41558
0,0.25,3,12.7981,-5.19406e-06,2.41558
0,0.25,3,13.2981,-5.43809e-06,2.41558
0,0.25,3,13.7981,-5.52172e-06,2.41558
0,0.25,3,14.2981,-5.566e-06,2.41558
0,0.25,3,14.7981,-5.58057e-06,2.41558
0,0.25,3,15.2981,-5.58561e-06,2.41558
0,0.25,3,15.7981,-5.58718e-06,2.41558
0,0.25,3,16.2981,-6.82022e-06,2.41558
0,0.25,3,16.7981,-1.0691e-05,2.41558
0,0.25,3,17.2981,-1.86352e-05,2.41557
0,0.25,3,17.7981,-5.41281e-05,2.41558
0,0.25,3,18.2981,-4.67975e-05,2.41557
0,0.25,3,18.7981,-0.000125707,2.41558
0,0.25,3,19.2981,-0.000103806,2.41544
0,0.25,2.99999,19.7981,-0.00028618,2.41557
0,0.25,2.99999,20.2981,-0.000222648,2.41523
0,0.25,2.99998,20.7981,-0.000608416,2.41556
0,0.25,2.99999,21.2981,-0.000457221,2.41481
0,0.25,2.99996,21.7981,-0.00123763,2.41552
0,0.25,2.99997,22.298,-0.000921302,2.41372
0,0.25,2.99993,22.7981,-0.00249673,2.41541
0,0.25,2.99995,23.2979,-0.0017386,2.4102
0,0.25,2.99988,23.7981,-0.00438808,2.41477
0,0.25,2.99997,24.298,-0.00110104,2.4088
0,0.25,3.5,9.79828,-5.7243e-07,2.41902
0,0.25,3.5,10.2983,-1.71827e-06,2.4191
0,0.25,3.5,10.7983,-3.75129e-06,2.41916
0,0.25,3.5,11.2983,-1.17668e-05,2.4191
0,0.25,3.5,11.7983,-4.90493e-06,2.41911
0,0.25,3.5,12.2983,-3.59519e-06,2.4191
0,0.25,3.5,12.7983,-3.98683e-06,2.4191
0,0.25,3.5,13.2983,-4.49507e-06,2.4191
0,0.25,3.5,13.7983,-4.66109e-06,2.4191
0,0.25,3.5,14.2983,-4.79737e-06,2.4191
0,0.25,3.5,14.7983,-4.8377e-06,2.4191
0,0.25,3.5,15.2983,-4.85776e-06,2.4191
0,0.25,3.5,15.7983,-4.86335e-06,2.4191
0,0.25,3.5,16.2983,-4.88871e-06,2.41909
0,0.25,3.5,16.7983,-4.98849e-06,2.4191
0,0.25,3.5,17.2983,-1.8018e-05,2.41904
0,0.25,3.5,17.7983,-5.86992e-05,2.4191
0,0.25,3.5,18.2983,-5.0259e-05,2.41901
0,0.25,3.5,18.7983,-0.000136474,2.41909
0,0.25,3.5,19.2983,-9.63412e-05,2.41887
0,0.25,3.49999,19.7983,-0.000245167,2.41908
0,0.25,3.49999,20.2983,-0.000164138,2.41861
0,0.25,3.49999,20.7983,-0.000408682,2.41906
0,0.25,3.49999,21.2982,-0.000277243,2.41812
0,0.25,3.49998,21.7983,-0.000698784,2.41902
0,0.25,3.49999,22.2982,-0.000419318,2.41707
0,0.25,3.49998,22.7983,-0.000947219,2.4189
0,0.25,3.5,23.2982,-0.000226103,2.41503
0,0.25,3.50006,23.7983,0.000211195,2.41881
0,0.25,3.50001,24.298,3.06317e-05,2.41017
0,0.25,4,9.79828,1.70931e-05,2.41911
0,0.25,4,10.2983,6.85315e-05,2.41914
0,0.25,4,10.7983,9.41591e-06,2.41915
0,0.25,4,11.2983,5.81647e-07,2.41914
0,0.25,4,11.7983,-1.0424e-06,2.41916
0,0.25,4,12.2983,-2.94565e-06,2.41914
0,0.25,4,12.7983,-3.29891e-06,2.41914
0,0.25,4,13.2983,-3.78281e-06,2.41914
0,0.25,4,13.7983,-3.94135e-06,2.41915
0,0.25,4,14.2983,-4.07964e-06,2.41915
0,0.25,4,14.7983,-4.12052e-06,2.41915
0,0.25,4,15.2983,-4.14189e-06,2.41915
0,0.25,4,15.7983,-4.14783e-06,2.41915
0,0.25,4,16.2983,-3.05611e-06,2.41914
0,0.25,4,16.7983,3.31601e-07,2.41914
0,0.25,4,17.2983,-9.38245e-06,2.41906
0,0.25,4,17.7983,-2.99483e-05,2.41914
0,0.25,4,18.2983,-2.1409e-05,2.41903
0,0.25,4,18.7983,-4.78059e-05,2.41914
0,0.25,4,19.2983,-4.62609e-05,2.41884
0,0.25,4,19.7983,-0.000129443,2.41913
0,0.25,4,20.2983,-9.84733e-05,2.41853
0,0.25,3.99999,20.7983,-0.000259619,2.4191
0,0.25,3.99999,21.2982,-0.000198903,2.41789
0,0.25,3.99999,21.7983,-0.000538107,2.41905
0,0.25,3.99999,22.2982,-0.000371755,2.41667
0,0.25,3.99997,22.7983,-0.000943482,2.41895
0,0.25,3.99998,23.2981,-0.000606509,2.41435
0,0.25,3.99993,23.7983,-0.00168451,2.41886
0,0.25,3.99998,24.2981,-0.000400899,2.41194
0,0.25,4.5,9.79828,-3.85684e-06,2.41911
0,0.25,4.5,10.2983,-2.0205e-05,2.41913
0,0.25,4.5,10.7983,-1.25721e-05,2.41915
0,0.25,4.5,11.2983,-4.74963e-06,2.41915
0,0.25,4.5,11.7983,-8.7978e-07,2.41916
0,0.25,4.5,12.2983,-3.52077e-07,2.41914
0,0.25,4.5,12.7983,-4.3191e-07,2.41914
0,0.25,4.5,13.2983,-5.07681e-07,2.41914
0,0.25,4.5,13.7983,-5.40999e-07,2.41915
0,0.25,4.5,14.2983,-5.66916e-07,2.41915
0,0.25,4.5,14.7983,-5.76324e-07,2.41915
0,0.25,4.5,15.2983,-5.80975e-07,2.41915
0,0.25,4.5,15.7983,-5.81849e-07,2.41915
0,0.25,4.5,16.2983,-6.94806e-07,2.41915
0,0.25,4.5,16.7983,-1.04908e-06,2.41915
0,0.25,4.5,17.2983,-5.53624e-06,2.41904
0,0.25,4.5,17.7983,-2.05961e-05,2.41914
0,0.25,4.5,18.2983,-1.2816e-05,2.41902
0,0.25,4.5,18.7983,-3.10024e-05,2.41914
0,0.25,4.5,19.2983,-2.26246e-05,2.4188
0,0.25,4.5,19.7983,-6.06438e-05,2.41912
0,0.25,4.5,20.2983,-3.28681e-05,2.41849
0,0.25,4.5,20.7983,-7.17418e-05,2.4191
0,0.25,4.5,21.2982,-3.64148e-05,2.41783
0,0.25,4.5,21.7983,-6.77566e-05,2.41905
0,0.25,4.5,22.2982,-5.80579e-06,2.41668
0,0.25,4.50001,22.7983,6.52361e-05,2.41898
0,0.25,4.50002,23.2982,0.000219493,2.41476
0,0.25,4.50005,23.7983,0.000825041,2.41884
0,0.25,4.50001,24.298,0.000187776,2.41168
0,0.25,5,9.79828,3.85684e-06,2.41911
0,0.25,5,10.2983,2.0205e-05,2.41913
0,0.25,5,10.7983,1.25721e-05,2.41915
0,0.25,5,11.2983,4.7496e-06,2.41915
0,0.25,5,11.7983,8.79772e-07,2.41916
0,0.25,5,12.2983,3.52081e-07,2.41914
0,0.25,5,12.7983,4.31915e-07,2.41914
0,0.25,5,13.2983,5.07687e-07,2.41914
0,0.25,5,13.7983,5.41004e-07,2.41915
0,0.25,5,14.2983,5.66922e-07,2.41915
0,0.25,5,14.7983,5.76328e-07,2.41915
0,0.25,5,15.2983,5.8098e-07,2.41915
0,0.25,5,15.7983,5.81853e-07,2.41915
0,0.25,5,16.2983,6.94807e-07,2.41915
0,0.25,5,16.7983,1.04907e-06,2.41915
0,0.25,5,17.2983,5.53624e-06,2.41904
0,0.25,5,17.7983,2.05961e-05,2.41914
0,0.25,5,18.2983,1.2816e-05,2.41902
0,0.25,5,18.7983,3.10023e-05,2.41914
0,0.25,5,19.2983,2.26246e-05,2.4188
0,0.25,5,19.7983,6.06438e-05,2.41912
0,0.25,5,20.2983,3.28681e-05,2.41849
0,0.25,5,20.7983,7.17418e-05,2.4191
0,0.25,5,21.2982,3.64147e-05,2.41783
0,0.25,5,21.7983,6.77566e-05,2.41905
0,0.25,5,22.2982,5.80579e-06,2.41668
0,0.25,4.99999,22.7983,-6.52361e-05,2.41898
0,0.25,4.99998,23.2982,-0.000219493,2.41476
0,0.25,4.99995,23.7983,-0.000825041,2.41884
0,0.25,4.99999,24.298,-0.000187776,2.41168
0,0.25,5.5,9.79828,-1.70931e-05,2.41911
0,0.25,5.5,10.2983,-6.85315e-05,2.41914
0,0.25,5.5,10.7983,-9.41592e-06,2.41915
0,0.25,5.5,11.2983,-5.81638e-07,2.41914
0,0.25,5.5,11.7983,1.0424e-06,2.41916
0,0.25,5.5,12.2983,2.94565e-06,2.41914
0,0.25,5.5,12.7983,3.29891e-06,2.41914
0,0.25,5.5,13.2983,3.78281e-06,2.41914
0,0.25,5.5,13.7983,3.94135e-06,2.41915
0,0.25,5.5,14.2983,4.07964e-06,2.41915
0,0.25,5.5,14.7983,4.12052e-06,2.41915
0,0.25,5.5,15.2983,4.14189e-06,2.41915
0,0.25,5.5,15.7983,4.14783e-06,2.41915
0,0.25,5.5,16.2983,3.05611e-06,2.41914
0,0.25,5.5,16.7983,-3.31597e-07,2.41914
0,0.25,5.5,17.2983,9.38245e-06,2.41906
0,0.25,5.5,17.7983,2.99483e-05,2.41914
0,0.25,5.5,18.2983,2.1409e-05,2.41903
0,0.25,5.5,18.7983,4.78059e-05,2.41914
0,0.25,5.5,19.2983,4.62609e-05,2.41884
0,0.25,5.5,19.7983,0.000129443,2.41913
0,0.25,5.5,20.2983,9.84733e-05,2.41853
0,0.25,5.50001,20.7983,0.000259619,2.4191
0,0.25,5.50001,21.2982,0.000198903,2.41789
0,0.25,5.50001,21.7983,0.000538107,2.41905
0,0.25,5.50001,22.2982,0.000371755,2.41667
0,0.25,5.50003,22.7983,0.000943482,2.41895
0,0.25,5.50002,23.2981,0.000606509,2.41435
0,0.25,5.50007,23.7983,0.00168451,2.41886
0,0.25,5.50002,24.2981,0.000400899,2.41194
0,0.25,6,9.79828,5.72431e-07,2.41902
0,0.25,6,10.2983,1.71827e-06,2.4191
0,0.25,6,10.7983,3.7513e-06,2.41916
0,0.25,6,11.2983,1.17668e-05,2.4191
0,0.25,6,11.7983,4.90494e-06,2.41911
0,0.25,6,12.2983,3.59518e-06,2.4191
0,0.25,6,12.7983,3.98683e-06,2.4191
0,0.25,6,13.2983,4.49506e-06,2.4191
0,0.25,6,13.7983,4.66109e-06,2.4191
0,0.25,6,14.2983,4.79737e-06,2.4191
0,0.25,6,14.7983,4.8377e-06,2.4191
0,0.25,6,15.2983,4.85776e-06,2.4191
0,0.25,6,15.7983,4.86335e-06,2.4191
0,0.25,6,16.2983,4.88871e-06,2.41909
0,0.25,6,16.7983,4.98849e-06,2.4191
0,0.25,6,17.2983,1.8018e-05,2.41904
0,0.25,6,17.7983,5.86992e-05,2.4191
0,0.25,6,18.2983,5.0259e-05,2.41901
0,0.25,6,18.7983,0.000136474,2.41909
0,0.25,6,19.2983,9.63412e-05,2.41887
0,0.25,6.00001,19.7983,0.000245167,2.41908
0,0.25,6.00001,20.2983,0.000164138,2.41861
0,0.25,6.00001,20.7983,0.000408682,2.41906
0,0.25,6.00001,21.2982,0.000277243,2.41812
0,0.25,6.00002,21.7983,0.000698784,2.41902
0,0.25,6.00001,22.2982,0.000419318,2.41707
0,0.25,6.00002,22.7983,0.000947219,2.4189
0,0.25,6,23.2982,0.000226103,2.41503
0,0.25,5.99994,23.7983,-0.000211195,2.41881
0,0.25,5.99999,24.298,-3.06317e-05,2.41017
0,0.25,6.5,9.79818,2.30379e-05,2.41697
0,0.25,6.50001,10.2981,9.41045e-05,2.41512
0,0.25,6.5,10.7981,2.86148e-05,2.41558
0,0.25,6.5,11.2981,2.03835e-05,2.41558
0,0.25,6.5,11.7981,8.23513e-06,2.41559
0,0.25,6.5,12.2981,4.90075e-06,2.41558
0,0.25,6.5,12.7981,5.19406e-06,2.41558
0,0.25,6.5,13.2981,5.43809e-06,2.41558
0,0.25,6.5,13.7981,5.52172e-06,2.41558
0,0.25,6.5,14.2981,5.566e-06,2.41558
0,0.25,6.5,14.7981,5.58057e-06,2.41558
0,0.25,6.5,15.2981,5.58562e-06,2.41558
0,0.25,6.5,15.7981,5.58718e-06,2.41558
0,0.25,6.5,16.2981,6.82022e-06,2.41558
0,0.25,6.5,16.7981,1.0691e-05,2.41558
0,0.25,6.5,17.2981,1.86352e-05,2.41557
0,0.25,6.5,17.7981,5.41281e-05,2.41558
0,0.25,6.5,18.2981,4.67975e-05,2.41557
0,0.25,6.5,18.7981,0.000125707,2.41558
0,0.25,6.5,19.2981,0.000103806,2.41544
0,0.25,6.50001,19.7981,0.00028618,2.41557
0,0.25,6.50001,20.2981,0.000222648,2.41523
0,0.25,6.50002,20.7981,0.000608416,2.41556
0,0.25,6.50001,21.2981,0.000457221,2.41481
0,0.25,6.50004,21.7981,0.00123763,2.41552
0,0.25,6.50003,22.298,0.000921302,2.41372
0,0.25,6.50007,22.7981,0.00249673,2.41541
0,0.25,6.50005,23.2979,0.0017386,2.4102
0,0.25,6.50012,23.7981,0.00438808,2.41477
0,0.25,6.50003,24.298,0.00110104,2.4088
0,0.25,7,9.78285,1.80933e-06,2.20617
0,0.25,7,10.2849,3.6952e-06,2.23385
0,0.25,7,10.7849,3.13355e-06,2.23476
0,0.25,7,11.2849,3.69641e-06,2.23479
0,0.25,7,11.7849,4.03821e-06,2.23479
0,0.25,7,12.2849,4.51918e-06,2.23479
0,0.25,7,12.7849,4.73312e-06,2.23479
0,0.25,7,13.2849,4.8975e-06,2.23479
0,0.25,7,13.7849,4.9486e-06,2.23479
0,0.25,7,14.2849,4.9721e-06,2.23479
0,0.25,7,14.7849,4.97885e-06,2.23479
0,0.25,7,15.2849,4.98085e-06,2.23479
0,0.25,7,15.7849,4.98193e-06,2.23479
0,0.25,7,16.2849,4.98613e-06,2.23479
0,0.25,7,16.7849,5.01301e-06,2.23479
0,0.25,7,17.2849,5.16041e-06,2.23479
0,0.25,7,17.7849,5.47474e-06,2.23479
0,0.25,7,18.2849,5.83385e-06,2.23479
0,0.25,7,18.7849,6.79902e-06,2.23479
0,0.25,7,19.2849,3.08075e-05,2.23477
0,0.25,7,19.7849,0.000111862,2.23479
0,0.25,7,20.2849,0.00012438,2.23473
0,0.25,7.00001,20.7849,0.000395079,2.23478
0,0.25,7.00001,21.2849,0.000346244,2.23465
0,0.25,7.00003,21.7849,0.001031,2.23475
0,0.25,7.00003,22.2849,0.000880913,2.23444
0,0.25,7.00009,22.7849,0.00262092,2.23467
0,0.25,7.00009,23.2849,0.00241937,2.2335
0,0.25,7.00029,23.7849,0.00724993,2.23358
0,0.25,7.00007,24.2826,0.00193039,2.19821
1,0.25,7.5,1.5,0,0
1,0.25,8,1.5,0,0
1,0.25,1.5,1.5,0,0
1,0.25,2,1.5,0,0
1,0.25,7.5,2,0,0
1,0.25,8,2,0,0
1,0.25,1.5,2,0,0
1,0.25,2,2,0,0
1,0.25,7.5,2.5,0,0
1,0.25,8,2.5,0,0
1,0.25,1.5,2.5,0,0
1,0.25,2,2.5,0,0
1,0.25,7.5,3,0,0
1,0.25,8,3,0,0
1,0.25,1.5,3,0,0
1,0.25,2,3,0,0
1,0.25,7.5,3.5,0,0
1,0.25,8,3.5,0,0
1,0.25,1.5,3.5,0,0
1,0.25,2,3.5,0,0
1,0.25,7.5,4,0,0
1,0.25,8,4,0,0
1,0.25,1.5,4,0,0
1,0.25,2,4,0,0
1,0.25,7.5,4.5,0,0
1,0.25,8,4.5,0,0
1,0.25,1.5,4.5,0,0
1,0.25,2,4.5,0,0
1,0.25,7.5,5,0,0
1,0.25,8,5,0,0
1,0.25,1.5,5,0,0
1,0.25,2,5,0,0
1,0.25,7.5,5.5,0,0
1,0.25,8,5.5,0,0
1,0.25,1.5,5.5,0,0
1,0.25,2,5.5,0,0
1,0.25,7.5,6,0,0
1,0.25,8,6,0,0
1,0.25,1.5,6,0,0
1,0.25,2,6,0,0
1,0.25,7.5,6.5,0,0
1,0.25,8,6.5,0,0
1,0.25,1.5,6.5,0,0
1,0.25,2,6.5,0,0
1,0.25,7.5,7,0,0
1,0.25,8,7,0,0
1,0.25,1.5,7,0,0
1,0.25,2,7,0,0
1,0.25,7.5,7.5,0,0
1,0.25,8,7.5,0,0
1,0.25,1.5,7.5,0,0
1,0.25,2,7.5,0,0
1,0.25,7.5,8,0,0
1,0.25,8,8,0,0
1,0.25,1.5,8,0,0
1,0.25,2,8,0,0
1,0.25,7.5,8.5,0,0
1,0.25,8,8.5,0,0
1,0.25,1.5,8.5,0,0
1,0.25,2,8.5,0,0
1,0.25,7.5,9,0,0
1,0.25,8,9,0,0
1,0.25,1.5,9,0,0
1,0.25,2,9,0,0
1,0.25,7.5,9.5,0,0
1,0.25,8,9.5,0,0
1,0.25,1.5,9.5,0,0
1,0.25,2,9.5,0,0
1,0.25,7.5,10,0,0
1,0.25,8,10,0,0
1,0.25,1.5,10,0,0
1,0.25,2,10,0,0
1,0.25,7.5,10.5,0,0
1,0.25,8,10.5,0,0
1,0.25,1.5,10.5,0,0
1,0.25,2,10.5,0,0
1,0.25,7.5,11,0,0
1,0.25,8,11,0,0
1,0.25,1.5,11,0,0
1,0.25,2,11,0,0
1,0.25,7.5,11.5,0,0
1,0.25,8,11.5,0,0
1,0.25,1.5,11.5,0,0
1,0.25,2,11.5,0,0
1,0.25,7.5,12,0,0
1,0.25,8,12,0,0
1,0.25,1.5,12,0,0
1,0.25,2,12,0,0
1,0.25,7.5,12.5,0,0
1,0.25,8,12.5,0,0
1,0.25,1.5,12.5,0,0
1,0.25,2,12.5,0,0
1,0.25,7.5,13,0,0
1,0.25,8,13,0,0
1,0.25,1.5,13,0,0
1,0.25,2,13,0,0
1,0.25,7.5,13.5,0,0
1,0.25,8,13.5,0,0
1,0.25,1.5,13.5,0,0
1,0.25,2,13.5,0,0
1,0.25,7.5,14,0,0
1,0.25,8,14,0,0
1,0.25,1.5,14,0,0
1,0.25,2,14,0,0
1,0.25,7.5,14.5,0,0
1,0.25,8,14.5,0,0
1,0.25,1.5,14.5,0,0
1,0.25,2,14.5,0,0
1,0.25,7.5,15,0,0
1,0.25,8,15,0,0
1,0.25,1.5,15,0,0
1,0.25,2,15,0,0
1,0.25,7.5,15.5,0,0
1,0.25,8,15.5,0,0
1,0.25,1.5,15.5,0,0
1,0.25,2,15.5,0,0
1,0.25,7.5,16,0,0
1,0.25,8,16,0,0
1,0.25,1.5,16,0,0
1,0.25,2,16,0,0
1,0.25,7.5,16.5,0,0
1,0.25,8,16.5,0,0
1,0.25,1.5,16.5,0,0
1,0.25,2,16.5,0,0
1,0.25,7.5,17,0,0
1,0.25,8,17,0,0
1,0.25,1.5,17,0,0
1,0.25,2,17,0,0
1,0.25,7.5,17.5,0,0
1,0.25,8,17.5,0,0
1,0.25,1.5,17.5,0,0
1,0.25,2,17.5,0,0
1,0.25,7.5,18,0,0
1,0.25,8,18,0,0
1,0.25,1.5,18,0,0
1,0.25,2,18,0,0
1,0.25,7.5,18.5,0,0
1,0.25,8,18.5,0,0
1,0.25,1.5,18.5,0,0
1,0.25,2,18.5,0,0
1,0.25,7.5,19,0,0
1,0.25,8,19,0,0
1,0.25,1.5,19,0,0
1,0.25,2,19,0,0
1,0.25,7.5,19.5,0,0
1,0.25,8,19.5,0,0
1,0.25,1.5,19.5,0,0
1,0.25,2,19.5,0,0
1,0.25,7.5,20,0,0
1,0.25,8,20,0,0
1,0.25,1.5,20,0,0
1,0.25,2,20,0,0
1,0.25,7.5,20.5,0,0
1,0.25,8,20.5,0,0
1,0.25,1.5,20.5,0,0
1,0.25,2,20.5,0,0
1,0.25,7.5,21,0,0
1,0.25,8,21,0,0
1,0.25,1.5,21,0,0
1,0.25,2,21,0,0
1,0.25,7.5,21.5,0,0
1,0.25,8,21.5,0,0
1,0.25,1.5,21.5,0,0
1,0.25,2,21.5,0,0
1,0.25,7.5,22,0,0
1,0.25,8,22,0,0
1,0.25,1.5,22,0,0
1,0.25,2,22,0,0
1,0.25,7.5,22.5,0,0
1,0.25,8,22.5,0,0
1,0.25,1.5,22.5,0,0
1,0.25,2,22.5,0,0
1,0.25,7.5,23,0,0
1,0.25,8,23,0,0
1,0.25,1.5,23,0,0
1,0.25,2,23,0,0
1,0.25,7.5,23.5,0,0
1,0.25,8,23.5,0,0
1,0.25,1.5,23.5,0,0
1,0.25,2,23.5,0,0
1,0.25,7.5,24,0,0
1,0.25,8,24,0,0
1,0.25,1.5,24,0,0
1,0.25,2,24,0,0
1,0.25,7.5,24.5,0,0
1,0.25,8,24.5,0,0
1,0.25,1.5,24.5,0,0
1,0.25,2,24.5,0,0
1,0.25,7.5,25,0,0
1,0.25,8,25,0,0
1,0.25,1.5,25,0,0
1,0.25,2,25,0,0
1,0.25,7.5,25.5,0,0
1,0.25,8,25.5,0,0
1,0.25,1.5,25.5,0,0
1,0.25,2,25.5,0,0
1,0.25,2.5,1.5,0,0
1,0.25,2.5,2,0,0
1,0.25,2.5,25,0,0
1,0.25,2.5,25.5,0,0
1,0.25,3,1.5,0,0
1,0.25,3,2,0,0
1,0.25,3,25,0,0
1,0.25,3,25.5,0,0
1,0.25,3.5,1.5,0,0
1,0.25,3.5,2,0,0
1,0.25,3.5,25,0,0
1,0.25,3.5,25.5,0,0
1,0.25,4,1.5,0,0
1,0.25,4,2,0,0
1,0.25,4,25,0,0
1,0.25,4,25.5,0,0
1,0.25,4.5,1.5,0,0
1,0.25,4.5,2,0,0
1,0.25,4.5,25,0,0
1,0.25,4.5,25.5,0,0
1,0.25,5,1.5,0,0
1,0.25,5,2,0,0
1,0.25,5,25,0,0
1,0.25,5,25.5,0,0
1,0.25,5.5,1.5,0,0
1,0.25,5.5,2,0,0
1,0.25,5.5,25,0,0
1,0.25,5.5,25.5,0,0
1,0.25,6,1.5,0,0
1,0.25,6,2,0,0
1,0.25,6,25,0,0
1,0.25,6,25.5,0,0
1,0.25,6.5,1.5,0,0
1,0.25,6.5,2,0,0
1,0.25,6.5,25,0,0
1,0.25,6.5,25.5,0,0
1,0.25,7,1.5,0,0
1,0.25,7,2,0,0
1,0.25,7,25,0,0
1,0.25,7,25.5,0,0
