536 2 0.5 3500 0.2 2 0 1e-05 0 9.81 35 35
0,0.25,2.5,9.84969,0,2.61927
0,0.25,2.5,10.3497,0,2.61927
0,0.25,2.5,10.8497,0,2.61927
0,0.25,2.5,11.3497,0,2.61927
0,0.25,2.5,11.8497,0,2.61927
0,0.25,2.5,12.3497,0,2.61927
0,0.25,2.5,12.8497,0,2.61927
0,0.25,2.5,13.3497,0,2.61927
0,0.25,2.5,13.8497,0,2.61927
0,0.25,2.5,14.3497,0,2.61927
0,0.25,2.5,14.8497,0,2.61927
0,0.25,2.5,15.3497,0,2.61927
0,0.25,2.5,15.8497,0,2.61927
0,0.25,2.5,16.3497,0,2.61927
0,0.25,2.5,16.8497,0,2.61927
0,0.25,2.5,17.3497,0,2.61927
0,0.25,2.5,17.8497,0,2.61927
0,0.25,2.5,18.3497,0,2.61927
0,0.25,2.5,18.8497,0,2.61927
0,0.25,2.5,19.3497,0,2.61927
0,0.25,2.5,19.8497,0,2.61927
0,0.25,2.5,20.3497,0,2.61927
0,0.25,2.5,20.8497,0,2.61927
0,0.25,2.5,21.3497,0,2.61927
0,0.25,2.5,21.8497,0,2.61927
0,0.25,2.5,22.3497,0,2.61927
0,0.25,2.5,22.8497,0,2.61927
0,0.25,2.5,23.3497,0,2.61927
0,0.25,2.5,23.8497,0,2.61927
0,0.25,2.5,24.3497,0,2.61927
0,0.25,3,9.84969,0,2.61927
0,0.25,3,10.3497,0,2.61927
0,0.25,3,10.8497,0,2.61927
0,0.25,3,11.3497,0,2.61927
0,0.25,3,11.8497,0,2.61927
0,0.25,3,12.3497,0,2.61927
0,0.25,3,12.8497,0,2.61927
0,0.25,3,13.3497,0,2.61927
0,0.25,3,13.8497,0,2.61927
0,0.25,3,14.3497,0,2.61927
0,0.25,3,14.8497,0,2.61927
0,0.25,3,15.3497,0,2.61927
0,0.25,3,15.8497,0,2.61927
0,0.25,3,16.3497,0,2.61927
0,0.25,3,16.8497,0,2.61927
0,0.25,3,17.3497,0,2.61927
0,0.25,3,17.8497,0,2.61927
0,0.25,3,18.3497,0,2.61927
0,0.25,3,18.8497,0,2.61927
0,0.25,3,19.3497,0,2.61927
0,0.25,3,19.8497,0,2.61927
0,0.25,3,20.3497,0,2.61927
0,0.25,3,20.8497,0,2.61927
0,0.25,3,21.3497,0,2.61927
0,0.25,3,21.8497,0,2.61927
0,0.25,3,22.3497,0,2.61927
0,0.25,3,22.8497,0,2.61927
0,0.25,3,23.3497,0,2.61927
0,0.25,3,23.8497,0,2.61927
0,0.25,3,24.3497,0,2.61927
0,0.25,3.5,9.84969,0,2.61927
0,0.25,3.5,10.3497,0,2.61927
0,0.25,3.5,10.8497,0,2.61927
0,0.25,3.5,11.3497,0,2.61927
0,0.25,3.5,11.8497,0,2.61927
0,0.25,3.5,12.3497,0,2.61927
0,0.25,3.5,12.8497,0,2.61927
0,0.25,3.5,13.3497,0,2.61927
0,0.25,3.5,13.8497,0,2.61927
0,0.25,3.5,14.3497,0,2.61927
0,0.25,3.5,14.8497,0,2.61927
0,0.25,3.5,15.3497,0,2.61927
0,0.25,3.5,15.8497,0,2.61927
0,0.25,3.5,16.3497,0,2.61927
0,0.25,3.5,16.8497,0,2.61927
0,0.25,3.5,17.3497,0,2.61927
0,0.25,3.5,17.8497,0,2.61927
0,0.25,3.5,18.3497,0,2.61927
0,0.25,3.5,18.8497,0,2.61927
0,0.25,3.5,19.3497,0,2.61927
0,0.25,3.5,19.8497,0,2.61927
0,0.25,3.5,20.3497,0,2.61927
0,0.25,3.5,20.8497,0,2.61927
0,0.25,3.5,21.3497,0,2.61927
0,0.25,3.5,21.8497,0,2.61927
0,0.25,3.5,22.3497,0,2.61927
0,0.25,3.5,22.8497,0,2.61927
0,0.25,3.5,23.3497,0,2.61927
0,0.25,3.5,23.8497,0,2.61927
0,0.25,3.5,24.3497,0,2.61927
0,0.25,4,9.84969,0,2.61927
0,0.25,4,10.3497,0,2.61927
0,0.25,4,10.8497,0,2.61927
0,0.25,4,11.3497,0,2.61927
0,0.25,4,11.8497,0,2.61927
0,0.25,4,12.3497,0,2.61927
0,0.25,4,12.8497,0,2.61927
0,0.25,4,13.3497,0,2.61927
0,0.25,4,13.8497,0,2.61927
0,0.25,4,14.3497,0,2.61927
0,0.25,4,14.8497,0,2.61927
0,0.25,4,15.3497,0,2.61927
0,0.25,4,15.8497,0,2.61927
0,0.25,4,16.3497,0,2.61927
0,0.25,4,16.8497,0,2.61927
0,0.25,4,17.3497,0,2.61927
0,0.25,4,17.8497,0,2.61927
0,0.25,4,18.3497,0,2.61927
0,0.25,4,18.8497,0,2.61927
0,0.25,4,19.3497,0,2.61927
0,0.25,4,19.8497,0,2.61927
0,0.25,4,20.3497,0,2.61927
0,0.25,4,20.8497,0,2.61927
0,0.25,4,21.3497,0,2.61927
0,0.25,4,21.8497,0,2.61927
0,0.25,4,22.3497,0,2.61927
0,0.25,4,22.8497,0,2.61927
0,0.25,4,23.3497,0,2.61927
0,0.25,4,23.8497,0,2.61927
0,0.25,4,24.3497,0,2.61927
0,0.25,4.5,9.84969,0,2.61927
0,0.25,4.5,10.3497,0,2.61927
0,0.25,4.5,10.8497,0,2.61927
0,0.25,4.5,11.3497,0,2.61927
0,0.25,4.5,11.8497,0,2.61927
0,0.25,4.5,12.3497,0,2.61927
0,0.25,4.5,12.8497,0,2.61927
0,0.25,4.5,13.3497,0,2.61927
0,0.25,4.5,13.8497,0,2.61927
0,0.25,4.5,14.3497,0,2.61927
0,0.25,4.5,14.8497,0,2.61927
0,0.25,4.5,15.3497,0,2.61927
0,0.25,4.5,15.8497,0,2.61927
0,0.25,4.5,16.3497,0,2.61927
0,0.25,4.5,16.8497,0,2.61927
0,0.25,4.5,17.3497,0,2.61927
0,0.25,4.5,17.8497,0,2.61927
0,0.25,4.5,18.3497,0,2.61927
0,0.25,4.5,18.8497,0,2.61927
0,0.25,4.5,19.3497,0,2.61927
0,0.25,4.5,19.8497,0,2.61927
0,0.25,4.5,20.3497,0,2.61927
0,0.25,4.5,20.8497,0,2.61927
0,0.25,4.5,21.3497,0,2.61927
0,0.25,4.5,21.8497,0,2.61927
0,0.25,4.5,22.3497,0,2.61927
0,0.25,4.5,22.8497,0,2.61927
0,0.25,4.5,23.3497,0,2.61927
0,0.25,4.5,23.8497,0,2.61927
0,0.25,4.5,24.3497,0,2.61927
0,0.25,5,9.84969,0,2.61927
0,0.25,5,10.3497,0,2.61927
0,0.25,5,10.8497,0,2.61927
0,0.25,5,11.3497,0,2.61927
0,0.25,5,11.8497,0,2.61927
0,0.25,5,12.3497,0,2.61927
0,0.25,5,12.8497,0,2.61927
0,0.25,5,13.3497,0,2.61927
0,0.25,5,13.8497,0,2.61927
0,0.25,5,14.3497,0,2.61927
0,0.25,5,14.8497,0,2.61927
0,0.25,5,15.3497,0,2.61927
0,0.25,5,15.8497,0,2.61927
0,0.25,5,16.3497,0,2.61927
0,0.25,5,16.8497,0,2.61927
0,0.25,5,17.3497,0,2.61927
0,0.25,5,17.8497,0,2.61927
0,0.25,5,18.3497,0,2.61927
0,0.25,5,18.8497,0,2.61927
0,0.25,5,19.3497,0,2.61927
0,0.25,5,19.8497,0,2.61927
0,0.25,5,20.3497,0,2.61927
0,0.25,5,20.8497,0,2.61927
0,0.25,5,21.3497,0,2.61927
0,0.25,5,21.8497,0,2.61927
0,0.25,5,22.3497,0,2.61927
0,0.25,5,22.8497,0,2.61927
0,0.25,5,23.3497,0,2.61927
0,0.25,5,23.8497,0,2.61927
0,0.25,5,24.3497,0,2.61927
0,0.25,5.5,9.84969,0,2.61927
0,0.25,5.5,10.3497,0,2.61927
0,0.25,5.5,10.8497,0,2.61927
0,0.25,5.5,11.3497,0,2.61927
0,0.25,5.5,11.8497,0,2.61927
0,0.25,5.5,12.3497,0,2.61927
0,0.25,5.5,12.8497,0,2.61927
0,0.25,5.5,13.3497,0,2.61927
0,0.25,5.5,13.8497,0,2.61927
0,0.25,5.5,14.3497,0,2.61927
0,0.25,5.5,14.8497,0,2.61927
0,0.25,5.5,15.3497,0,2.61927
0,0.25,5.5,15.8497,0,2.61927
0,0.25,5.5,16.3497,0,2.61927
0,0.25,5.5,16.8497,0,2.61927
0,0.25,5.5,17.3497,0,2.61927
0,0.25,5.5,17.8497,0,2.61927
0,0.25,5.5,18.3497,0,2.61927
0,0.25,5.5,18.8497,0,2.61927
0,0.25,5.5,19.3497,0,2.61927
0,0.25,5.5,19.8497,0,2.61927
0,0.25,5.5,20.3497,0,2.61927
0,0.25,5.5,20.8497,0,2.61927
0,0.25,5.5,21.3497,0,2.61927
0,0.25,5.5,21.8497,0,2.61927
0,0.25,5.5,22.3497,0,2.61927
0,0.25,5.5,22.8497,0,2.61927
0,0.25,5.5,23.3497,0,2.61927
0,0.25,5.5,23.8497,0,2.61927
0,0.25,5.5,24.3497,0,2.61927
0,0.25,6,9.84969,0,2.61927
0,0.25,6,10.3497,0,2.61927
0,0.25,6,10.8497,0,2.61927
0,0.25,6,11.3497,0,2.61927
0,0.25,6,11.8497,0,2.61927
0,0.25,6,12.3497,0,2.61927
0,0.25,6,12.8497,0,2.61927
0,0.25,6,13.3497,0,2.61927
0,0.25,6,13.8497,0,2.61927
0,0.25,6,14.3497,0,2.61927
0,0.25,6,14.8497,0,2.61927
0,0.25,6,15.3497,0,2.61927
0,0.25,6,15.8497,0,2.61927
0,0.25,6,16.3497,0,2.61927
0,0.25,6,16.8497,0,2.61927
0,0.25,6,17.3497,0,2.61927
0,0.25,6,17.8497,0,2.61927
0,0.25,6,18.3497,0,2.61927
0,0.25,6,18.8497,0,2.61927
0,0.25,6,19.3497,0,2.61927
0,0.25,6,19.8497,0,2.61927
0,0.25,6,20.3497,0,2.61927
0,0.25,6,20.8497,0,2.61927
0,0.25,6,21.3497,0,2.61927
0,0.25,6,21.8497,0,2.61927
0,0.25,6,22.3497,0,2.61927
0,0.25,6,22.8497,0,2.61927
0,0.25,6,23.3497,0,2.61927
0,0.25,6,23.8497,0,2.61927
0,0.25,6,24.3497,0,2.61927
0,0.25,6.5,9.84969,0,2.61927
0,0.25,6.5,10.3497,0,2.61927
0,0.25,6.5,10.8497,0,2.61927
0,0.25,6.5,11.3497,0,2.61927
0,0.25,6.5,11.8497,0,2.61927
0,0.25,6.5,12.3497,0,2.61927
0,0.25,6.5,12.8497,0,2.61927
0,0.25,6.5,13.3497,0,2.61927
0,0.25,6.5,13.8497,0,2.61927
0,0.25,6.5,14.3497,0,2.61927
0,0.25,6.5,14.8497,0,2.61927
0,0.25,6.5,15.3497,0,2.61927
0,0.25,6.5,15.8497,0,2.61927
0,0.25,6.5,16.3497,0,2.61927
0,0.25,6.5,16.8497,0,2.61927
0,0.25,6.5,17.3497,0,2.61927
0,0.25,6.5,17.8497,0,2.61927
0,0.25,6.5,18.3497,0,2.61927
0,0.25,6.5,18.8497,0,2.61927
0,0.25,6.5,19.3497,0,2.61927
0,0.25,6.5,19.8497,0,2.61927
0,0.25,6.5,20.3497,0,2.61927
0,0.25,6.5,20.8497,0,2.61927
0,0.25,6.5,21.3497,0,2.61927
0,0.25,6.5,21.8497,0,2.61927
0,0.25,6.5,22.3497,0,2.61927
0,0.25,6.5,22.8497,0,2.61927
0,0.25,6.5,23.3497,0,2.61927
0,0.25,6.5,23.8497,0,2.61927
0,0.25,6.5,24.3497,0,2.61927
0,0.25,7,9.84969,0,2.61927
0,0.25,7,10.3497,0,2.61927
0,0.25,7,10.8497,0,2.61927
0,0.25,7,11.3497,0,2.61927
0,0.25,7,11.8497,0,2.61927
0,0.25,7,12.3497,0,2.61927
0,0.25,7,12.8497,0,2.61927
0,0.25,7,13.3497,0,2.61927
0,0.25,7,13.8497,0,2.61927
0,0.25,7,14.3497,0,2.61927
0,0.25,7,14.8497,0,2.61927
0,0.25,7,15.3497,0,2.61927
0,0.25,7,15.8497,0,2.61927
0,0.25,7,16.3497,0,2.61927
0,0.25,7,16.8497,0,2.61927
0,0.25,7,17.3497,0,2.61927
0,0.25,7,17.8497,0,2.61927
0,0.25,7,18.3497,0,2.61927
0,0.25,7,18.8497,0,2.61927
0,0.25,7,19.3497,0,2.61927
0,0.25,7,19.8497,0,2.61927
0,0.25,7,20.3497,0,2.61927
0,0.25,7,20.8497,0,2.61927
0,0.25,7,21.3497,0,2.61927
0,0.25,7,21.8497,0,2.61927
0,0.25,7,22.3497,0,2.61927
0,0.25,7,22.8497,0,2.61927
0,0.25,7,23.3497,0,2.61927
0,0.25,7,23.8497,0,2.61927
0,0.25,7,24.3497,0,2.61927
1,0.25,7.5,1.5,0,0
1,0.25,8,1.5,0,0
1,0.25,1.5,1.5,0,0
1,0.25,2,1.5,0,0
1,0.25,7.5,2,0,0
1,0.25,8,2,0,0
1,0.25,1.5,2,0,0
1,0.25,2,2,0,0
1,0.25,7.5,2.5,0,0
1,0.25,8,2.5,0,0
1,0.25,1.5,2.5,0,0
1,0.25,2,2.5,0,0
1,0.25,7.5,3,0,0
1,0.25,8,3,0,0
1,0.25,1.5,3,0,0
1,0.25,2,3,0,0
1,0.25,7.5,3.5,0,0
1,0.25,8,3.5,0,0
1,0.25,1.5,3.5,0,0
1,0.25,2,3.5,0,0
1,0.25,7.5,4,0,0
1,0.25,8,4,0,0
1,0.25,1.5,4,0,0
1,0.25,2,4,0,0
1,0.25,7.5,4.5,0,0
1,0.25,8,4.5,0,0
1,0.25,1.5,4.5,0,0
1,0.25,2,4.5,0,0
1,0.25,7.5,5,0,0
1,0.25,8,5,0,0
1,0.25,1.5,5,0,0
1,0.25,2,5,0,0
1,0.25,7.5,5.5,0,0
1,0.25,8,5.5,0,0
1,0.25,1.5,5.5,0,0
1,0.25,2,5.5,0,0
1,0.25,7.5,6,0,0
1,0.25,8,6,0,0
1,0.25,1.5,6,0,0
1,0.25,2,6,0,0
1,0.25,7.5,6.5,0,0
1,0.25,8,6.5,0,0
1,0.25,1.5,6.5,0,0
1,0.25,2,6.5,0,0
1,0.25,7.5,7,0,0
1,0.25,8,7,0,0
1,0.25,1.5,7,0,0
1,0.25,2,7,0,0
1,0.25,7.5,7.5,0,0
1,0.25,8,7.5,0,0
1,0.25,1.5,7.5,0,0
1,0.25,2,7.5,0,0
1,0.25,7.5,8,0,0
1,0.25,8,8,0,0
1,0.25,1.5,8,0,0
1,0.25,2,8,0,0
1,0.25,7.5,8.5,0,0
1,0.25,8,8.5,0,0
1,0.25,1.5,8.5,0,0
1,0.25,2,8.5,0,0
1,0.25,7.5,9,0,0
1,0.25,8,9,0,0
1,0.25,1.5,9,0,0
1,0.25,2,9,0,0
1,0.25,7.5,9.5,0,0
1,0.25,8,9.5,0,0
1,0.25,1.5,9.5,0,0
1,0.25,2,9.5,0,0
1,0.25,7.5,10,0,0
1,0.25,8,10,0,0
1,0.25,1.5,10,0,0
1,0.25,2,10,0,0
1,0.25,7.5,10.5,0,0
1,0.25,8,10.5,0,0
1,0.25,1.5,10.5,0,0
1,0.25,2,10.5,0,0
1,0.25,7.5,11,0,0
1,0.25,8,11,0,0
1,0.25,1.5,11,0,0
1,0.25,2,11,0,0
1,0.25,7.5,11.5,0,0
1,0.25,8,11.5,0,0
1,0.25,1.5,11.5,0,0
1,0.25,2,11.5,0,0
1,0.25,7.5,12,0,0
1,0.25,8,12,0,0
1,0.25,1.5,12,0,0
1,0.25,2,12,0,0
1,0.25,7.5,12.5,0,0
1,0.25,8,12.5,0,0
1,0.25,1.5,12.5,0,0
1,0.25,2,12.5,0,0
1,0.25,7.5,13,0,0
1,0.25,8,13,0,0
1,0.25,1.5,13,0,0
1,0.25,2,13,0,0
1,0.25,7.5,13.5,0,0
1,0.25,8,13.5,0,0
1,0.25,1.5,13.5,0,0
1,0.25,2,13.5,0,0
1,0.25,7.5,14,0,0
1,0.25,8,14,0,0
1,0.25,1.5,14,0,0
1,0.25,2,14,0,0
1,0.25,7.5,14.5,0,0
1,0.25,8,14.5,0,0
1,0.25,1.5,14.5,0,0
1,0.25,2,14.5,0,0
1,0.25,7.5,15,0,0
1,0.25,8,15,0,0
1,0.25,1.5,15,0,0
1,0.25,2,15,0,0
1,0.25,7.5,15.5,0,0
1,0.25,8,15.5,0,0
1,0.25,1.5,15.5,0,0
1,0.25,2,15.5,0,0
1,0.25,7.5,16,0,0
1,0.25,8,16,0,0
1,0.25,1.5,16,0,0
1,0.25,2,16,0,0
1,0.25,7.5,16.5,0,0
1,0.25,8,16.5,0,0
1,0.25,1.5,16.5,0,0
1,0.25,2,16.5,0,0
1,0.25,7.5,17,0,0
1,0.25,8,17,0,0
1,0.25,1.5,17,0,0
1,0.25,2,17,0,0
1,0.25,7.5,17.5,0,0
1,0.25,8,17.5,0,0
1,0.25,1.5,17.5,0,0
1,0.25,2,17.5,0,0
1,0.25,7.5,18,0,0
1,0.25,8,18,0,0
1,0.25,1.5,18,0,0
1,0.25,2,18,0,0
1,0.25,7.5,18.5,0,0
1,0.25,8,18.5,0,0
1,0.25,1.5,18.5,0,0
1,0.25,2,18.5,0,0
1,0.25,7.5,19,0,0
1,0.25,8,19,0,0
1,0.25,1.5,19,0,0
1,0.25,2,19,0,0
1,0.25,7.5,19.5,0,0
1,0.25,8,19.5,0,0
1,0.25,1.5,19.5,0,0
1,0.25,2,19.5,0,0
1,0.25,7.5,20,0,0
1,0.25,8,20,0,0
1,0.25,1.5,20,0,0
1,0.25,2,20,0,0
1,0.25,7.5,20.5,0,0
1,0.25,8,20.5,0,0
1,0.25,1.5,20.5,0,0
1,0.25,2,20.5,0,0
1,0.25,7.5,21,0,0
1,0.25,8,21,0,0
1,0.25,1.5,21,0,0
1,0.25,2,21,0,0
1,0.25,7.5,21.5,0,0
1,0.25,8,21.5,0,0
1,0.25,1.5,21.5,0,0
1,0.25,2,21.5,0,0
1,0.25,7.5,22,0,0
1,0.25,8,22,0,0
1,0.25,1.5,22,0,0
1,0.25,2,22,0,0
1,0.25,7.5,22.5,0,0
1,0.25,8,22.5,0,0
1,0.25,1.5,22.5,0,0
1,0.25,2,22.5,0,0
1,0.25,7.5,23,0,0
1,0.25,8,23,0,0
1,0.25,1.5,23,0,0
1,0.25,2,23,0,0
1,0.25,7.5,23.5,0,0
1,0.25,8,23.5,0,0
1,0.25,1.5,23.5,0,0
1,0.25,2,23.5,0,0
1,0.25,7.5,24,0,0
1,0.25,8,24,0,0
1,0.25,1.5,24,0,0
1,0.25,2,24,0,0
1,0.25,7.5,24.5,0,0
1,0.25,8,24.5,0,0
1,0.25,1.5,24.5,0,0
1,0.25,2,24.5,0,0
1,0.25,7.5,25,0,0
1,0.25,8,25,0,0
1,0.25,1.5,25,0,0
1,0.25,2,25,0,0
1,0.25,7.5,25.5,0,0
1,0.25,8,25.5,0,0
1,0.25,1.5,25.5,0,0
1,0.25,2,25.5,0,0
1,0.25,2.5,1.5,0,0
1,0.25,2.5,2,0,0
1,0.25,2.5,25,0,0
1,0.25,2.5,25.5,0,0
1,0.25,3,1.5,0,0
1,0.25,3,2,0,0
1,0.25,3,25,0,0
1,0.25,3,25.5,0,0
1,0.25,3.5,1.5,0,0
1,0.25,3.5,2,0,0
1,0.25,3.5,25,0,0
1,0.25,3.5,25.5,0,0
1,0.25,4,1.5,0,0
1,0.25,4,2,0,0
1,0.25,4,25,0,0
1,0.25,4,25.5,0,0
1,0.25,4.5,1.5,0,0
1,0.25,4.5,2,0,0
1,0.25,4.5,25,0,0
1,0.25,4.5,25.5,0,0
1,0.25,5,1.5,0,0
1,0.25,5,2,0,0
1,0.25,5,25,0,0
1,0.25,5,25.5,0,0
1,0.25,5.5,1.5,0,0
1,0.25,5.5,2,0,0
1,0.25,5.5,25,0,0
1,0.25,5.5,25.5,0,0
1,0.25,6,1.5,0,0
1,0.25,6,2,0,0
1,0.25,6,25,0,0
1,0.25,6,25.5,0,0
1,0.25,6.5,1.5,0,0
1,0.25,6.5,2,0,0
1,0.25,6.5,25,0,0
1,0.25,6.5,25.5,0,0
1,0.25,7,1.5,0,0
1,0.25,7,2,0,0
1,0.25,7,25,0,0
1,0.25,7,25.5,0,0
536 2 0.5 3500 0.2 2 0 2e-06 0 9.81 10 35
0,0.25,2.5,9.51391,-6.10952e-07,0.519429
0,0.25,2.5,10.0139,-9.02405e-07,0.520027
0,0.25,2.5,10.5139,-1.9215e-06,0.520034
0,0.25,2.5,11.0139,-3.5885e-06,0.520035
0,0.25,2.5,11.5139,-4.44966e-06,0.520035
0,0.25,2.5,12.0139,-5.21552e-06,0.520035
0,0.25,2.5,12.5139,-5.4747e-06,0.520035
0,0.25,2.5,13.0139,-5.65894e-06,0.520035
0,0.25,2.5,13.5139,-5.71118e-06,0.520035
0,0.25,2.5,14.0139,-5.73579e-06,0.520035
0,0.25,2.5,14.5139,-5.74223e-06,0.520035
0,0.25,2.5,15.0139,-5.74408e-06,0.520035
0,0.25,2.5,15.5139,-5.74454e-06,0.520035
0,0.25,2.5,16.0139,-5.74464e-06,0.520035
0,0.25,2.5,16.5139,-5.74466e-06,0.520035
0,0.25,2.5,17.0139,-5.74466e-06,0.520035
0,0.25,2.5,17.5139,-5.74464e-06,0.520035
0,0.25,2.5,18.0139,-5.74456e-06,0.520035
0,0.25,2.5,18.5139,-5.74414e-06,0.520035
0,0.25,2.5,19.0139,-5.74266e-06,0.520035
0,0.25,2.5,19.5139,-5.73741e-06,0.520035
0,0.25,2.5,20.0139,-5.71877e-06,0.520035
0,0.25,2.5,20.5139,-5.68923e-06,0.520036
0,0.25,2.5,21.0139,-5.59251e-06,0.520035
0,0.25,2.5,21.5139,-5.69365e-06,0.520036
0,0.25,2.5,22.0139,-5.80793e-06,0.520035
0,0.25,2.5,22.5139,-8.7682e-06,0.520036
0,0.25,2.5,23.0139,-1.01872e-05,0.520022
0,0.25,2.5,23.5139,-1.50666e-05,0.520034
0,0.25,2.5,24.0139,-7.52927e-06,0.51945
0,0.25,3,9.51399,-4.69207e-07,0.523841
0,0.25,3,10.014,-2.08184e-06,0.523829
0,0.25,3,10.514,-2.15202e-06,0.523833
0,0.25,3,11.014,-3.72657e-06,0.523834
0,0.25,3,11.514,-4.36684e-06,0.523835
0,0.25,3,12.014,-5.18669e-06,0.523836
0,0.25,3,12.514,-5.4449e-06,0.523836
0,0.25,3,13.014,-5.66538e-06,0.523837
0,0.25,3,13.514,-5.72669e-06,0.523837
0,0.25,3,14.014,-5.75869e-06,0.523837
0,0.25,3,14.514,-5.7671e-06,0.523837
0,0.25,3,15.014,-5.76961e-06,0.523837
0,0.25,3,15.514,-5.77025e-06,0.523837
0,0.25,3,16.014,-5.77038e-06,0.523837
0,0.25,3,16.514,-5.77041e-06,0.523837
0,0.25,3,17.014,-5.77041e-06,0.523837
0,0.25,3,17.514,-5.77038e-06,0.523837
0,0.25,3,18.014,-5.77027e-06,0.523837
0,0.25,3,18.514,-5.76969e-06,0.523837
0,0.25,3,19.014,-5.76757e-06,0.523837
0,0.25,3,19.514,-5.76051e-06,0.523837
0,0.25,3,20.014,-5.73373e-06,0.523837
0,0.25,3,20.514,-5.69303e-06,0.523837
0,0.25,3,21.014,-5.50607e-06,0.523837
0,0.25,3,21.514,-5.41396e-06,0.523838
0,0.25,3,22.014,-4.65032e-06,0.523833
0,0.25,3,22.514,-4.62009e-06,0.523839
0,0.25,3,23.014,-3.40134e-07,0.523815
0,0.25,3,23.514,7.38139e-06,0.523839
0,0.25,3,24.014,1.85225e-06,0.52388
0,0.25,3.5,9.51399,-2.95351e-07,0.523849
0,0.25,3.5,10.014,-1.20531e-06,0.523849
0,0.25,3.5,10.514,-8.28905e-07,0.52385
0,0.25,3.5,11.014,-1.91609e-06,0.523851
0,0.25,3.5,11.514,-2.29339e-06,0.523852
0,0.25,3.5,12.014,-3.44583e-06,0.523852
0,0.25,3.5,12.514,-3.82014e-06,0.523853
0,0.25,3.5,13.014,-4.34064e-06,0.523854
0,0.25,3.5,13.514,-4.48892e-06,0.523854
0,0.25,3.5,14.014,-4.58549e-06,0.523854
0,0.25,3.5,14.514,-4.61171e-06,0.523854
0,0.25,3.5,15.014,-4.62241e-06,0.523854
0,0.25,3.5,15.514,-4.62521e-06,0.523854
0,0.25,3.5,16.014,-4.62599e-06,0.523854
0,0.25,3.5,16.514,-4.62618e-06,0.523854
0,0.25,3.5,17.014,-4.62618e-06,0.523854
0,0.25,3.5,17.514,-4.62601e-06,0.523854
0,0.25,3.5,18.014,-4.62532e-06,0.523854
0,0.25,3.5,18.514,-4.62285e-06,0.523854
0,0.25,3.5,19.014,-4.61326e-06,0.523854
0,0.25,3.5,19.514,-4.59156e-06,0.523854
0,0.25,3.5,20.014,-4.50371e-06,0.523854
0,0.25,3.5,20.514,-4.3848e-06,0.523854
0,0.25,3.5,21.014,-3.86279e-06,0.523854
0,0.25,3.5,21.514,-3.38123e-06,0.523855
0,0.25,3.5,22.014,-1.52871e-06,0.523854
0,0.25,3.5,22.514,1.95727e-06,0.523857
0,0.25,3.5,23.014,5.47236e-06,0.523852
0,0.25,3.5,23.514,2.41162e-05,0.52386
0,0.25,3.5,24.014,5.95897e-06,0.523866
0,0.25,4,9.51399,-6.97037e-08,0.523848
0,0.25,4,10.014,-3.37664e-07,0.523848
0,0.25,4,10.514,-7.17694e-07,0.523849
0,0.25,4,11.014,-1.77284e-06,0.523849
0,0.25,4,11.514,-2.26208e-06,0.523851
0,0.25,4,12.014,-3.34888e-06,0.523851
0,0.25,4,12.514,-3.72247e-06,0.523853
0,0.25,4,13.014,-4.24444e-06,0.523853
0,0.25,4,13.514,-4.39527e-06,0.523854
0,0.25,4,14.014,-4.49525e-06,0.523854
0,0.25,4,14.514,-4.52268e-06,0.523854
0,0.25,4,15.014,-4.53404e-06,0.523854
0,0.25,4,15.514,-4.53702e-06,0.523854
0,0.25,4,16.014,-4.53788e-06,0.523854
0,0.25,4,16.514,-4.53808e-06,0.523854
0,0.25,4,17.014,-4.53809e-06,0.523854
0,0.25,4,17.514,-4.5379e-06,0.523854
0,0.25,4,18.014,-4.53713e-06,0.523854
0,0.25,4,18.514,-4.53449e-06,0.523854
0,0.25,4,19.014,-4.52412e-06,0.523854
0,0.25,4,19.514,-4.50051e-06,0.523854
0,0.25,4,20.014,-4.40892e-06,0.523854
0,0.25,4,20.514,-4.27317e-06,0.523855
0,0.25,4,21.014,-3.78075e-06,0.523855
0,0.25,4,21.514,-3.35924e-06,0.523856
0,0.25,4,22.014,-2.18895e-06,0.523856
0,0.25,4,22.514,-1.12568e-06,0.523858
0,0.25,4,23.014,-1.09722e-07,0.523856
0,0.25,4,23.514,4.10378e-07,0.523861
0,0.25,4,24.014,1.53963e-07,0.523862
0,0.25,4.5,9.51399,-2.86722e-08,0.523848
0,0.25,4.5,10.014,-1.26232e-07,0.523848
0,0.25,4.5,10.514,-7.74987e-08,0.523849
0,0.25,4.5,11.014,-2.15728e-08,0.523849
0,0.25,4.5,11.514,9.09252e-09,0.523851
0,0.25,4.5,12.014,8.74074e-09,0.523851
0,0.25,4.5,12.514,1.68148e-09,0.523853
0,0.25,4.5,13.014,-3.83438e-08,0.523853
0,0.25,4.5,13.514,-5.08927e-08,0.523854
0,0.25,4.5,14.014,-6.19699e-08,0.523854
0,0.25,4.5,14.514,-6.52413e-08,0.523854
0,0.25,4.5,15.014,-6.65911e-08,0.523854
0,0.25,4.5,15.514,-6.69553e-08,0.523854
0,0.25,4.5,16.014,-6.70694e-08,0.523854
0,0.25,4.5,16.514,-6.70981e-08,0.523854
0,0.25,4.5,17.014,-6.70992e-08,0.523854
0,0.25,4.5,17.514,-6.70747e-08,0.523854
0,0.25,4.5,18.014,-6.69584e-08,0.523854
0,0.25,4.5,18.514,-6.66104e-08,0.523854
0,0.25,4.5,19.014,-6.51813e-08,0.523854
0,0.25,4.5,19.514,-6.13939e-08,0.523854
0,0.25,4.5,20.014,-4.93188e-08,0.523854
0,0.25,4.5,20.514,-2.06905e-08,0.523855
0,0.25,4.5,21.014,4.09278e-08,0.523855
0,0.25,4.5,21.514,1.79583e-07,0.523857
0,0.25,4.5,22.014,3.5941e-07,0.523857
0,0.25,4.5,22.514,1.03786e-06,0.523859
0,0.25,4.5,23.014,1.88859e-06,0.523859
0,0.25,4.5,23.514,3.56754e-06,0.52386
0,0.25,4.5,24.014,8.1158e-07,0.52386
0,0.25,5,9.51399,2.86719e-08,0.523848
0,0.25,5,10.014,1.2623e-07,0.523848
0,0.25,5,10.514,7.74961e-08,0.523849
0,0.25,5,11.014,2.15702e-08,0.523849
0,0.25,5,11.514,-9.09223e-09,0.523851
0,0.25,5,12.014,-8.7351e-09,0.523851
0,0.25,5,12.514,-1.67446e-09,0.523853
0,0.25,5,13.014,3.83518e-08,0.523853
0,0.25,5,13.514,5.09003e-08,0.523854
0,0.25,5,14.014,6.19768e-08,0.523854
0,0.25,5,14.514,6.52476e-08,0.523854
0,0.25,5,15.014,6.65972e-08,0.523854
0,0.25,5,15.514,6.69619e-08,0.523854
0,0.25,5,16.014,6.70759e-08,0.523854
0,0.25,5,16.514,6.71043e-08,0.523854
0,0.25,5,17.014,6.71055e-08,0.523854
0,0.25,5,17.514,6.70813e-08,0.523854
0,0.25,5,18.014,6.6965e-08,0.523854
0,0.25,5,18.514,6.66163e-08,0.523854
0,0.25,5,19.014,6.51874e-08,0.523854
0,0.25,5,19.514,6.14004e-08,0.523854
0,0.25,5,20.014,4.93256e-08,0.523854
0,0.25,5,20.514,2.06974e-08,0.523855
0,0.25,5,21.014,-4.09215e-08,0.523855
0,0.25,5,21.514,-1.79577e-07,0.523857
0,0.25,5,22.014,-3.59408e-07,0.523857
0,0.25,5,22.514,-1.03786e-06,0.523859
0,0.25,5,23.014,-1.88859e-06,0.523859
0,0.25,5,23.514,-3.56754e-06,0.52386
0,0.25,5,24.014,-8.1158e-07,0.52386
0,0.25,5.5,9.51399,6.97041e-08,0.523848
0,0.25,5.5,10.014,3.37667e-07,0.523848
0,0.25,5.5,10.514,7.17698e-07,0.523849
0,0.25,5.5,11.014,1.77284e-06,0.523849
0,0.25,5.5,11.514,2.26208e-06,0.523851
0,0.25,5.5,12.014,3.34888e-06,0.523851
0,0.25,5.5,12.514,3.72247e-06,0.523853
0,0.25,5.5,13.014,4.24444e-06,0.523853
0,0.25,5.5,13.514,4.39527e-06,0.523854
0,0.25,5.5,14.014,4.49524e-06,0.523854
0,0.25,5.5,14.514,4.52268e-06,0.523854
0,0.25,5.5,15.014,4.53404e-06,0.523854
0,0.25,5.5,15.514,4.53702e-06,0.523854
0,0.25,5.5,16.014,4.53788e-06,0.523854
0,0.25,5.5,16.514,4.53808e-06,0.523854
0,0.25,5.5,17.014,4.53809e-06,0.523854
0,0.25,5.5,17.514,4.5379e-06,0.523854
0,0.25,5.5,18.014,4.53712e-06,0.523854
0,0.25,5.5,18.514,4.53448e-06,0.523854
0,0.25,5.5,19.014,4.52412e-06,0.523854
0,0.25,5.5,19.514,4.5005e-06,0.523854
0,0.25,5.5,20.014,4.40891e-06,0.523854
0,0.25,5.5,20.514,4.27317e-06,0.523855
0,0.25,5.5,21.014,3.78074e-06,0.523855
0,0.25,5.5,21.514,3.35923e-06,0.523856
0,0.25,5.5,22.014,2.18894e-06,0.523856
0,0.25,5.5,22.514,1.12568e-06,0.523858
0,0.25,5.5,23.014,1.09722e-07,0.523856
0,0.25,5.5,23.514,-4.10378e-07,0.523861
0,0.25,5.5,24.014,-1.53963e-07,0.523862
0,0.25,6,9.51399,2.95351e-07,0.523849
0,0.25,6,10.014,1.20531e-06,0.523849
0,0.25,6,10.514,8.28905e-07,0.52385
0,0.25,6,11.014,1.91609e-06,0.523851
0,0.25,6,11.514,2.29339e-06,0.523852
0,0.25,6,12.014,3.44583e-06,0.523852
0,0.25,6,12.514,3.82013e-06,0.523853
0,0.25,6,13.014,4.34063e-06,0.523854
0,0.25,6,13.514,4.48892e-06,0.523854
0,0.25,6,14.014,4.58549e-06,0.523854
0,0.25,6,14.514,4.61171e-06,0.523854
0,0.25,6,15.014,4.6224e-06,0.523854
0,0.25,6,15.514,4.62521e-06,0.523854
0,0.25,6,16.014,4.62598e-06,0.523854
0,0.25,6,16.514,4.62617e-06,0.523854
0,0.25,6,17.014,4.62618e-06,0.523854
0,0.25,6,17.514,4.626e-06,0.523854
0,0.25,6,18.014,4.62531e-06,0.523854
0,0.25,6,18.514,4.62285e-06,0.523854
0,0.25,6,19.014,4.61325e-06,0.523854
0,0.25,6,19.514,4.59156e-06,0.523854
0,0.25,6,20.014,4.5037e-06,0.523854
0,0.25,6,20.514,4.38479e-06,0.523854
0,0.25,6,21.014,3.86278e-06,0.523854
0,0.25,6,21.514,3.38122e-06,0.523855
0,0.25,6,22.014,1.52872e-06,0.523854
0,0.25,6,22.514,-1.95727e-06,0.523857
0,0.25,6,23.014,-5.47235e-06,0.523852
0,0.25,6,23.514,-2.41162e-05,0.52386
0,0.25,6,24.014,-5.95897e-06,0.523866
0,0.25,6.5,9.51399,4.69207e-07,0.523841
0,0.25,6.5,10.014,2.08184e-06,0.523829
0,0.25,6.5,10.514,2.15202e-06,0.523833
0,0.25,6.5,11.014,3.72657e-06,0.523834
0,0.25,6.5,11.514,4.36684e-06,0.523835
0,0.25,6.5,12.014,5.1867e-06,0.523836
0,0.25,6.5,12.514,5.4449e-06,0.523836
0,0.25,6.5,13.014,5.66539e-06,0.523837
0,0.25,6.5,13.514,5.72669e-06,0.523837
0,0.25,6.5,14.014,5.75869e-06,0.523837
0,0.25,6.5,14.514,5.7671e-06,0.523837
0,0.25,6.5,15.014,5.76961e-06,0.523837
0,0.25,6.5,15.514,5.77025e-06,0.523837
0,0.25,6.5,16.014,5.77038e-06,0.523837
0,0.25,6.5,16.514,5.77041e-06,0.523837
0,0.25,6.5,17.014,5.77041e-06,0.523837
0,0.25,6.5,17.514,5.77038e-06,0.523837
0,0.25,6.5,18.014,5.77027e-06,0.523837
0,0.25,6.5,18.514,5.76969e-06,0.523837
0,0.25,6.5,19.014,5.76757e-06,0.523837
0,0.25,6.5,19.514,5.76051e-06,0.523837
0,0.25,6.5,20.014,5.73374e-06,0.523837
0,0.25,6.5,20.514,5.69304e-06,0.523837
0,0.25,6.5,21.014,5.50607e-06,0.523837
0,0.25,6.5,21.514,5.41396e-06,0.523838
0,0.25,6.5,22.014,4.65032e-06,0.523833
0,0.25,6.5,22.514,4.62009e-06,0.523839
0,0.25,6.5,23.014,3.40134e-07,0.523815
0,0.25,6.5,23.514,-7.38139e-06,0.523839
0,0.25,6.5,24.014,-1.85225e-06,0.52388
0,0.25,7,9.51391,6.10952e-07,0.519429
0,0.25,7,10.0139,9.02405e-07,0.520027
0,0.25,7,10.5139,1.9215e-06,0.520034
0,0.25,7,11.0139,3.5885e-06,0.520035
0,0.25,7,11.5139,4.44966e-06,0.520035
0,0.25,7,12.0139,5.21552e-06,0.520035
0,0.25,7,12.5139,5.4747e-06,0.520035
0,0.25,7,13.0139,5.65894e-06,0.520035
0,0.25,7,13.5139,5.71118e-06,0.520035
0,0.25,7,14.0139,5.73579e-06,0.520035
0,0.25,7,14.5139,5.74224e-06,0.520035
0,0.25,7,15.0139,5.74408e-06,0.520035
0,0.25,7,15.5139,5.74455e-06,0.520035
0,0.25,7,16.0139,5.74464e-06,0.520035
0,0.25,7,16.5139,5.74466e-06,0.520035
0,0.25,7,17.0139,5.74466e-06,0.520035
0,0.25,7,17.5139,5.74464e-06,0.520035
0,0.25,7,18.0139,5.74457e-06,0.520035
0,0.25,7,18.5139,5.74415e-06,0.520035
0,0.25,7,19.0139,5.74267e-06,0.520035
0,0.25,7,19.5139,5.73741e-06,0.520035
0,0.25,7,20.0139,5.71877e-06,0.520035
0,0.25,7,20.5139,5.68923e-06,0.520036
0,0.25,7,21.0139,5.59252e-06,0.520035
0,0.25,7,21.5139,5.69366e-06,0.520036
0,0.25,7,22.0139,5.80793e-06,0.520035
0,0.25,7,22.5139,8.7682e-06,0.520036
0,0.25,7,23.0139,1.01872e-05,0.520022
0,0.25,7,23.5139,1.50666e-05,0.520034
0,0.25,7,24.0139,7.52927e-06,0.51945
1,0.25,7.5,1.5,0,0
1,0.25,8,1.5,0,0
1,0.25,1.5,1.5,0,0
1,0.25,2,1.5,0,0
1,0.25,7.5,2,0,0
1,0.25,8,2,0,0
1,0.25,1.5,2,0,0
1,0.25,2,2,0,0
1,0.25,7.5,2.5,0,0
1,0.25,8,2.5,0,0
1,0.25,1.5,2.5,0,0
1,0.25,2,2.5,0,0
1,0.25,7.5,3,0,0
1,0.25,8,3,0,0
1,0.25,1.5,3,0,0
1,0.25,2,3,0,0
1,0.25,7.5,3.5,0,0
1,0.25,8,3.5,0,0
1,0.25,1.5,3.5,0,0
1,0.25,2,3.5,0,0
1,0.25,7.5,4,0,0
1,0.25,8,4,0,0
1,0.25,1.5,4,0,0
1,0.25,2,4,0,0
1,0.25,7.5,4.5,0,0
1,0.25,8,4.5,0,0
1,0.25,1.5,4.5,0,0
1,0.25,2,4.5,0,0
1,0.25,7.5,5,0,0
1,0.25,8,5,0,0
1,0.25,1.5,5,0,0
1,0.25,2,5,0,0
1,0.25,7.5,5.5,0,0
1,0.25,8,5.5,0,0
1,0.25,1.5,5.5,0,0
1,0.25,2,5.5,0,0
1,0.25,7.5,6,0,0
1,0.25,8,6,0,0
1,0.25,1.5,6,0,0
1,0.25,2,6,0,0
1,0.25,7.5,6.5,0,0
1,0.25,8,6.5,0,0
1,0.25,1.5,6.5,0,0
1,0.25,2,6.5,0,0
1,0.25,7.5,7,0,0
1,0.25,8,7,0,0
1,0.25,1.5,7,0,0
1,0.25,2,7,0,0
1,0.25,7.5,7.5,0,0
1,0.25,8,7.5,0,0
1,0.25,1.5,7.5,0,0
1,0.25,2,7.5,0,0
1,0.25,7.5,8,0,0
1,0.25,8,8,0,0
1,0.25,1.5,8,0,0
1,0.25,2,8,0,0
1,0.25,7.5,8.5,0,0
1,0.25,8,8.5,0,0
1,0.25,1.5,8.5,0,0
1,0.25,2,8.5,0,0
1,0.25,7.5,9,0,0
1,0.25,8,9,0,0
1,0.25,1.5,9,0,0
1,0.25,2,9,0,0
1,0.25,7.5,9.5,0,0
1,0.25,8,9.5,0,0
1,0.25,1.5,9.5,0,0
1,0.25,2,9.5,0,0
1,0.25,7.5,10,0,0
1,0.25,8,10,0,0
1,0.25,1.5,10,0,0
1,0.25,2,10,0,0
1,0.25,7.5,10.5,0,0
1,0.25,8,10.5,0,0
1,0.25,1.5,10.5,0,0
1,0.25,2,10.5,0,0
1,0.25,7.5,11,0,0
1,0.25,8,11,0,0
1,0.25,1.5,11,0,0
1,0.25,2,11,0,0
1,0.25,7.5,11.5,0,0
1,0.25,8,11.5,0,0
1,0.25,1.5,11.5,0,0
1,0.25,2,11.5,0,0
1,0.25,7.5,12,0,0
1,0.25,8,12,0,0
1,0.25,1.5,12,0,0
1,0.25,2,12,0,0
1,0.25,7.5,12.5,0,0
1,0.25,8,12.5,0,0
1,0.25,1.5,12.5,0,0
1,0.25,2,12.5,0,0
1,0.25,7.5,13,0,0
1,0.25,8,13,0,0
1,0.25,1.5,13,0,0
1,0.25,2,13,0,0
1,0.25,7.5,13.5,0,0
1,0.25,8,13.5,0,0
1,0.25,1.5,13.5,0,0
1,0.25,2,13.5,0,0
1,0.25,7.5,14,0,0
1,0.25,8,14,0,0
1,0.25,1.5,14,0,0
1,0.25,2,14,0,0
1,0.25,7.5,14.5,0,0
1,0.25,8,14.5,0,0
1,0.25,1.5,14.5,0,0
1,0.25,2,14.5,0,0
1,0.25,7.5,15,0,0
1,0.25,8,15,0,0
1,0.25,1.5,15,0,0
1,0.25,2,15,0,0
1,0.25,7.5,15.5,0,0
1,0.25,8,15.5,0,0
1,0.25,1.5,15.5,0,0
1,0.25,2,15.5,0,0
1,0.25,7.5,16,0,0
1,0.25,8,16,0,0
1,0.25,1.5,16,0,0
1,0.25,2,16,0,0
1,0.25,7.5,16.5,0,0
1,0.25,8,16.5,0,0
1,0.25,1.5,16.5,0,0
1,0.25,2,16.5,0,0
1,0.25,7.5,17,0,0
1,0.25,8,17,0,0
1,0.25,1.5,17,0,0
1,0.25,2,17,0,0
1,0.25,7.5,17.5,0,0
1,0.25,8,17.5,0,0
1,0.25,1.5,17.5,0,0
1,0.25,2,17.5,0,0
1,0.25,7.5,18,0,0
1,0.25,8,18,0,0
1,0.25,1.5,18,0,0
1,0.25,2,18,0,0
1,0.25,7.5,18.5,0,0
1,0.25,8,18.5,0,0
1,0.25,1.5,18.5,0,0
1,0.25,2,18.5,0,0
1,0.25,7.5,19,0,0
1,0.25,8,19,0,0
1,0.25,1.5,19,0,0
1,0.25,2,19,0,0
1,0.25,7.5,19.5,0,0
1,0.25,8,19.5,0,0
1,0.25,1.5,19.5,0,0
1,0.25,2,19.5,0,0
1,0.25,7.5,20,0,0
1,0.25,8,20,0,0
1,0.25,1.5,20,0,0
1,0.25,2,20,0,0
1,0.25,7.5,20.5,0,0
1,0.25,8,20.5,0,0
1,0.25,1.5,20.5,0,0
1,0.25,2,20.5,0,0
1,0.25,7.5,21,0,0
1,0.25,8,21,0,0
1,0.25,1.5,21,0,0
1,0.25,2,21,0,0
1,0.25,7.5,21.5,0,0
1,0.25,8,21.5,0,0
1,0.25,1.5,21.5,0,0
1,0.25,2,21.5,0,0
1,0.25,7.5,22,0,0
1,0.25,8,22,0,0
1,0.25,1.5,22,0,0
1,0.25,2,22,0,0
1,0.25,7.5,22.5,0,0
1,0.25,8,22.5,0,0
1,0.25,1.5,22.5,0,0
1,0.25,2,22.5,0,0
1,0.25,7.5,23,0,0
1,0.25,8,23,0,0
1,0.25,1.5,23,0,0
1,0.25,2,23,0,0
1,0.25,7.5,23.5,0,0
1,0.25,8,23.5,0,0
1,0.25,1.5,23.5,0,0
1,0.25,2,23.5,0,0
1,0.25,7.5,24,0,0
1,0.25,8,24,0,0
1,0.25,1.5,24,0,0
1,0.25,2,24,0,0
1,0.25,7.5,24.5,0,0
1,0.25,8,24.5,0,0
1,0.25,1.5,24.5,0,0
1,0.25,2,24.5,0,0
1,0.25,7.5,25,0,0
1,0.25,8,25,0,0
1,0.25,1.5,25,0,0
1,0.25,2,25,0,0
1,0.25,7.5,25.5,0,0
1,0.25,8,25.5,0,0
1,0.25,1.5,25.5,0,0
1,0.25,2,25.5,0,0
1,0.25,2.5,1.5,0,0
1,0.25,2.5,2,0,0
1,0.25,2.5,25,0,0
1,0.25,2.5,25.5,0,0
1,0.25,3,1.5,0,0
1,0.25,3,2,0,0
1,0.25,3,25,0,0
1,0.25,3,25.5,0,0
1,0.25,3.5,1.5,0,0
1,0.25,3.5,2,0,0
1,0.25,3.5,25,0,0
1,0.25,3.5,25.5,0,0
1,0.25,4,1.5,0,0
1,0.25,4,2,0,0
1,0.25,4,25,0,0
1,0.25,4,25.5,0,0
1,0.25,4.5,1.5,0,0
1,0.25,4.5,2,0,0
1,0.25,4.5,25,0,0
1,0.25,4.5,25.5,0,0
1,0.25,5,1.5,0,0
1,0.25,5,2,0,0
1,0.25,5,25,0,0
1,0.25,5,25.5,0,0
1,0.25,5.5,1.5,0,0
1,0.25,5.5,2,0,0
1,0.25,5.5,25,0,0
1,0.25,5.5,25.5,0,0
1,0.25,6,1.5,0,0
1,0.25,6,2,0,0
1,0.25,6,25,0,0
1,0.25,6,25.5,0,0
1,0.25,6.5,1.5,0,0
1,0.25,6.5,2,0,0
1,0.25,6.5,25,0,0
1,0.25,6.5,25.5,0,0
1,0.25,7,1.5,0,0
1,0.25,7,2,0,0
1,0.25,7,25,0,0
1,0.25,7,25.5,0,0
