536 2 0.5 3500 0.2 2 0 2e-06 0 9.81 10 35
0,0.25,2.40737,10.7794,-0.355062,-0.688399
0,0.25,2.83936,11.1252,0.615962,-2.19096
0,0.25,2.33913,11.7448,-2.17664,-2.16268
0,0.25,2.6618,12.0891,0.263013,-3.18665
0,0.25,2.41043,12.5708,-0.373096,-2.72552
0,0.25,2.58493,13.0351,-0.21454,-3.6242
0,0.25,2.45977,13.5042,1.08216,-2.63605
0,0.25,2.51949,14.0187,-0.238534,-2.49403
0,0.25,2.48526,14.5167,0.282034,-2.36956
0,0.25,2.48911,15.0348,0.0792045,-2.2374
0,0.25,2.48737,15.5411,0.159671,-2.10537
0,0.25,2.49085,16.0532,0.0877367,-1.99526
0,0.25,2.48773,16.5532,-0.275748,-1.99445
0,0.25,2.49904,17.0366,-0.155031,-2.36921
0,0.25,2.50878,17.5043,0.0517345,-2.48857
0,0.25,2.52346,17.9534,0.281145,-2.57647
0,0.25,2.53012,18.4033,0.219552,-2.31919
0,0.25,2.53024,18.8516,0.0797186,-2.08281
0,0.25,2.51417,19.3087,-0.157694,-1.94092
0,0.25,2.48822,19.7781,-0.282576,-1.98589
0,0.25,2.47036,20.2656,-0.0984161,-1.97409
0,0.25,2.4612,20.7583,0.11659,-1.77189
0,0.25,2.45971,21.252,0.175501,-1.51192
0,0.25,2.4636,21.747,0.231749,-0.905188
0,0.25,2.46484,22.231,0.132914,-0.980388
0,0.25,2.44773,22.724,-0.0690695,-0.93277
0,0.25,2.44754,23.2129,0.234401,-1.37826
0,0.25,2.45913,23.6793,0.449851,-1.00662
0,0.25,2.4205,24.1454,-0.310328,-0.998449
0,0.25,2.53768,24.6367,-0.0118758,0.0763141
0,0.25,3.30841,10.5809,1.57455,-2.82801
0,0.25,3.08387,11.372,0.10037,-2.3469
0,0.25,3.05941,11.8179,-0.169938,-2.4321
0,0.25,3.01612,12.3813,0.190857,-2.65294
0,0.25,3.01354,12.8511,0.221936,-2.95436
0,0.25,2.99855,13.39,0.565188,-2.3106
0,0.25,2.96925,13.8752,0.100519,-2.23645
0,0.25,2.97231,14.3895,0.248658,-2.08085
0,0.25,2.95516,14.902,0.177896,-1.9944
0,0.25,2.96282,15.409,0.12947,-2.05491
0,0.25,2.96727,15.9158,0.123632,-2.26576
0,0.25,2.97858,16.4044,-0.0346747,-2.32784
0,0.25,2.99926,16.8877,-0.0614242,-2.67902
0,0.25,3.02583,17.3596,-0.0149148,-2.74671
0,0.25,3.04536,17.8352,0.027014,-3.10633
0,0.25,3.05432,18.3095,-0.0284111,-3.07833
0,0.25,3.05064,18.7845,-0.0947427,-2.97027
0,0.25,3.03084,19.2597,-0.169829,-2.81299
0,0.25,2.99615,19.7304,-0.182873,-2.81558
0,0.25,2.96489,20.1971,-0.111006,-2.72451
0,0.25,2.94776,20.6622,0.0596223,-2.59623
0,0.25,2.9426,21.1313,0.394662,-2.18647
0,0.25,2.93318,21.6062,0.429389,-1.52559
0,0.25,2.95106,22.0891,0.690094,-0.936226
0,0.25,2.92245,22.555,-0.233695,-0.808699
0,0.25,2.93326,23.0218,0.321757,-0.439045
0,0.25,2.95016,23.4527,-0.794765,0.061043
0,0.25,2.99186,23.8839,-0.0567097,0.750639
0,0.25,2.87742,24.3054,-1.06724,1.55729
0,0.25,3.23108,24.5727,1.08389,-0.301876
0,0.25,3.55106,10.6786,0.411775,-2.47479
0,0.25,3.58055,11.257,0.733556,-3.01015
0,0.25,3.56158,11.8253,0.424813,-3.08296
0,0.25,3.52786,12.3044,-0.0773815,-2.98404
0,0.25,3.52318,12.8114,0.295301,-2.51795
0,0.25,3.49477,13.2777,0.317068,-3.42901
0,0.25,3.49646,13.7602,0.165748,-3.26263
0,0.25,3.47178,14.2236,0.187078,-3.25796
0,0.25,3.46744,14.6912,0.16128,-3.06012
0,0.25,3.46347,15.1534,0.127134,-3.40859
0,0.25,3.46575,15.6224,0.038921,-3.20157
0,0.25,3.47877,16.087,0.0424218,-3.62757
0,0.25,3.49246,16.5578,-0.0552156,-3.64022
0,0.25,3.50929,17.0348,0.0503281,-4.00982
0,0.25,3.52572,17.5205,0.129628,-4.08209
0,0.25,3.53744,18.0167,0.232914,-4.38107
0,0.25,3.54368,18.5133,0.16609,-4.25315
0,0.25,3.54212,19.004,0.200715,-4.0935
0,0.25,3.52326,19.483,0.163759,-3.9333
0,0.25,3.49765,19.9485,0.0707497,-3.74112
0,0.25,3.46933,20.4051,-0.0375333,-3.42999
0,0.25,3.45277,20.8621,0.100949,-3.00708
0,0.25,3.44162,21.3123,0.0900309,-2.46783
0,0.25,3.42282,21.7663,0.0439065,-1.87836
0,0.25,3.46028,22.2072,0.160783,-1.06398
0,0.25,3.40925,22.6511,-0.25653,-0.581655
0,0.25,3.45971,23.0912,-0.485698,0.00679803
0,0.25,3.48126,23.5233,-0.454407,-0.114772
0,0.25,3.44024,23.9852,-1.1509,-0.0901016
0,0.25,3.63062,24.4633,0.51275,-0.980246
0,0.25,4.01113,10.7348,0.0150212,-2.5735
0,0.25,4.03503,11.2499,-0.183494,-2.84913
0,0.25,4.02695,11.7856,0.281896,-2.66295
0,0.25,4.01156,12.2884,0.630387,-3.17962
0,0.25,4.02224,12.8052,0.487542,-2.6124
0,0.25,4.00141,13.2925,0.385376,-3.00193
0,0.25,4.0066,13.7989,0.391439,-2.50764
0,0.25,3.99658,14.2826,0.407299,-2.266
0,0.25,3.99462,14.7777,0.387786,-2.41388
0,0.25,3.99212,15.2556,0.229249,-2.76558
0,0.25,3.99051,15.7365,0.077166,-2.76914
0,0.25,3.99667,16.2095,0.0522651,-3.14994
0,0.25,4.00231,16.6888,0.0303017,-3.10127
0,0.25,4.01106,17.1707,0.0902598,-3.23531
0,0.25,4.01804,17.6524,0.180456,-3.23229
0,0.25,4.02522,18.1395,0.154234,-3.38668
0,0.25,4.02941,18.632,0.120783,-2.81527
0,0.25,4.02584,19.1323,-0.0223478,-2.18503
0,0.25,4.01471,19.6299,-0.0476723,-1.6686
0,0.25,3.99249,20.1153,-0.0777094,-1.54388
0,0.25,3.97292,20.5825,-0.0672242,-1.19427
0,0.25,3.96769,21.0368,0.064569,-1.07056
0,0.25,3.95076,21.4869,-0.160078,-0.649205
0,0.25,3.961,21.9199,-0.127372,-0.526241
0,0.25,3.97053,22.3619,-0.168085,-0.219123
0,0.25,3.9287,22.7886,-0.413915,-0.352443
0,0.25,3.99516,23.2268,-0.031209,-0.48122
0,0.25,3.97042,23.66,-0.501454,-0.729998
0,0.25,3.93033,24.0969,0.0648583,-0.598166
0,0.25,4.10567,24.5823,0.284672,0.360867
0,0.25,4.50308,10.7524,0.132646,-2.30533
0,0.25,4.51165,11.2496,0.581068,-2.92827
0,0.25,4.51655,11.791,0.0312701,-2.94917
0,0.25,4.51453,12.2826,-0.479743,-3.16215
0,0.25,4.49953,12.7929,-0.0357653,-2.24148
0,0.25,4.49661,13.2789,0.242257,-3.30562
0,0.25,4.49824,13.7761,-0.0138807,-2.99404
0,0.25,4.489,14.2581,-0.0763223,-2.58721
0,0.25,4.49185,14.7479,-0.214584,-2.73002
0,0.25,4.48796,15.2298,-0.0559262,-2.88726
0,0.25,4.49504,15.713,0.05162,-2.90389
0,0.25,4.49927,16.1932,0.125048,-3.20766
0,0.25,4.50445,16.6811,0.0463671,-3.20219
0,0.25,4.50904,17.1728,-0.033407,-3.15064
0,0.25,4.50958,17.666,-0.0172604,-3.15796
0,0.25,4.51043,18.1654,-0.0358754,-3.40146
0,0.25,4.5089,18.6623,-0.00947893,-2.88133
0,0.25,4.5049,19.1585,-0.00192024,-2.56471
0,0.25,4.49992,19.6466,-0.0237453,-2.03203
0,0.25,4.49576,20.1248,-0.0515806,-1.85793
0,0.25,4.48953,20.5859,0.068319,-1.25748
0,0.25,4.48633,21.0368,-0.0627682,-1.17975
0,0.25,4.48215,21.479,-0.127528,-0.929502
0,0.25,4.48688,21.9127,-0.0165189,-1.08351
0,0.25,4.49358,22.3557,0.154954,-0.791081
0,0.25,4.4664,22.7776,-0.0346513,-0.861461
0,0.25,4.50108,23.1978,-0.0915224,-0.768158
0,0.25,4.50006,23.6537,0.105971,-0.627249
0,0.25,4.44332,24.0452,-0.862067,-0.765106
0,0.25,4.54531,24.4841,0.165528,-0.882844
0,0.25,4.99692,10.7524,-0.132646,-2.30533
0,0.25,4.98835,11.2496,-0.581068,-2.92827
0,0.25,4.98345,11.791,-0.0312701,-2.94917
0,0.25,4.98547,12.2826,0.479743,-3.16215
0,0.25,5.00047,12.7929,0.0357653,-2.24148
0,0.25,5.00339,13.2789,-0.242257,-3.30562
0,0.25,5.00176,13.7761,0.0138807,-2.99404
0,0.25,5.011,14.2581,0.0763223,-2.58721
0,0.25,5.00815,14.7479,0.214584,-2.73002
0,0.25,5.01204,15.2298,0.0559262,-2.88726
0,0.25,5.00496,15.713,-0.05162,-2.90389
0,0.25,5.00073,16.1932,-0.125048,-3.20766
0,0.25,4.99555,16.6811,-0.0463671,-3.20219
0,0.25,4.99096,17.1728,0.033407,-3.15064
0,0.25,4.99042,17.666,0.0172604,-3.15796
0,0.25,4.98957,18.1654,0.0358754,-3.40146
0,0.25,4.9911,18.6623,0.00947893,-2.88133
0,0.25,4.9951,19.1585,0.00192024,-2.56471
0,0.25,5.00008,19.6466,0.0237453,-2.03203
0,0.25,5.00424,20.1248,0.0515806,-1.85793
0,0.25,5.01047,20.5859,-0.068319,-1.25748
0,0.25,5.01367,21.0368,0.0627682,-1.17975
0,0.25,5.01785,21.479,0.127528,-0.929502
0,0.25,5.01312,21.9127,0.0165189,-1.08351
0,0.25,5.00642,22.3557,-0.154954,-0.791081
0,0.25,5.0336,22.7776,0.0346513,-0.861461
0,0.25,4.99892,23.1978,0.0915224,-0.768158
0,0.25,4.99994,23.6537,-0.105971,-0.627249
0,0.25,5.05668,24.0452,0.862067,-0.765106
0,0.25,4.95469,24.4841,-0.165528,-0.882844
0,0.25,5.48887,10.7348,-0.0150212,-2.5735
0,0.25,5.46497,11.2499,0.183494,-2.84913
0,0.25,5.47305,11.7856,-0.281896,-2.66295
0,0.25,5.48844,12.2884,-0.630387,-3.17962
0,0.25,5.47776,12.8052,-0.487542,-2.6124
0,0.25,5.49859,13.2925,-0.385376,-3.00193
0,0.25,5.4934,13.7989,-0.391439,-2.50764
0,0.25,5.50342,14.2826,-0.407299,-2.266
0,0.25,5.50538,14.7777,-0.387786,-2.41388
0,0.25,5.50788,15.2556,-0.229249,-2.76558
0,0.25,5.50949,15.7365,-0.077166,-2.76914
0,0.25,5.50333,16.2095,-0.0522651,-3.14994
0,0.25,5.49769,16.6888,-0.0303017,-3.10127
0,0.25,5.48894,17.1707,-0.0902598,-3.23531
0,0.25,5.48196,17.6524,-0.180456,-3.23229
0,0.25,5.47478,18.1395,-0.154234,-3.38668
0,0.25,5.47059,18.632,-0.120783,-2.81527
0,0.25,5.47416,19.1323,0.0223478,-2.18503
0,0.25,5.48529,19.6299,0.0476723,-1.6686
0,0.25,5.50751,20.1153,0.0777094,-1.54388
0,0.25,5.52708,20.5825,0.0672242,-1.19427
0,0.25,5.53231,21.0368,-0.064569,-1.07056
0,0.25,5.54924,21.4869,0.160078,-0.649205
0,0.25,5.539,21.9199,0.127372,-0.526241
0,0.25,5.52947,22.3619,0.168085,-0.219123
0,0.25,5.5713,22.7886,0.413915,-0.352443
0,0.25,5.50484,23.2268,0.031209,-0.48122
0,0.25,5.52958,23.66,0.501454,-0.729998
0,0.25,5.56967,24.0969,-0.0648583,-0.598166
0,0.25,5.39433,24.5823,-0.284672,0.360867
0,0.25,5.94894,10.6786,-0.411775,-2.47479
0,0.25,5.91945,11.257,-0.733556,-3.01015
0,0.25,5.93842,11.8253,-0.424813,-3.08296
0,0.25,5.97214,12.3044,0.0773815,-2.98404
0,0.25,5.97682,12.8114,-0.295301,-2.51795
0,0.25,6.00523,13.2777,-0.317068,-3.42901
0,0.25,6.00354,13.7602,-0.165748,-3.26263
0,0.25,6.02822,14.2236,-0.187078,-3.25796
0,0.25,6.03256,14.6912,-0.16128,-3.06012
0,0.25,6.03653,15.1534,-0.127134,-3.40859
0,0.25,6.03425,15.6224,-0.038921,-3.20157
0,0.25,6.02123,16.087,-0.0424218,-3.62757
0,0.25,6.00754,16.5578,0.0552156,-3.64022
0,0.25,5.99071,17.0348,-0.0503281,-4.00982
0,0.25,5.97428,17.5205,-0.129628,-4.08209
0,0.25,5.96256,18.0167,-0.232914,-4.38107
0,0.25,5.95632,18.5133,-0.16609,-4.25315
0,0.25,5.95788,19.004,-0.200715,-4.0935
0,0.25,5.97674,19.483,-0.163759,-3.9333
0,0.25,6.00235,19.9485,-0.0707497,-3.74112
0,0.25,6.03067,20.4051,0.0375333,-3.42999
0,0.25,6.04723,20.8621,-0.100949,-3.00708
0,0.25,6.05838,21.3123,-0.0900309,-2.46783
0,0.25,6.07718,21.7663,-0.0439065,-1.87836
0,0.25,6.03972,22.2072,-0.160783,-1.06398
0,0.25,6.09075,22.6511,0.25653,-0.581655
0,0.25,6.04029,23.0912,0.485698,0.00679803
0,0.25,6.01874,23.5233,0.454407,-0.114772
0,0.25,6.05976,23.9852,1.1509,-0.0901016
0,0.25,5.86938,24.4633,-0.51275,-0.980246
0,0.25,6.19159,10.5809,-1.57455,-2.82801
0,0.25,6.41613,11.372,-0.10037,-2.3469
0,0.25,6.44059,11.8179,0.169938,-2.4321
0,0.25,6.48388,12.3813,-0.190857,-2.65294
0,0.25,6.48646,12.8511,-0.221936,-2.95436
0,0.25,6.50145,13.39,-0.565188,-2.3106
0,0.25,6.53075,13.8752,-0.100519,-2.23645
0,0.25,6.52769,14.3895,-0.248658,-2.08085
0,0.25,6.54484,14.902,-0.177896,-1.9944
0,0.25,6.53718,15.409,-0.12947,-2.05491
0,0.25,6.53273,15.9158,-0.123632,-2.26576
0,0.25,6.52142,16.4044,0.0346747,-2.32784
0,0.25,6.50074,16.8877,0.0614242,-2.67902
0,0.25,6.47417,17.3596,0.0149148,-2.74671
0,0.25,6.45464,17.8352,-0.027014,-3.10633
0,0.25,6.44568,18.3095,0.0284111,-3.07833
0,0.25,6.44936,18.7845,0.0947427,-2.97027
0,0.25,6.46916,19.2597,0.169829,-2.81299
0,0.25,6.50385,19.7304,0.182873,-2.81558
0,0.25,6.53511,20.1971,0.111006,-2.72451
0,0.25,6.55224,20.6622,-0.0596223,-2.59623
0,0.25,6.5574,21.1313,-0.394662,-2.18647
0,0.25,6.56682,21.6062,-0.429389,-1.52559
0,0.25,6.54894,22.0891,-0.690094,-0.936226
0,0.25,6.57755,22.555,0.233695,-0.808699
0,0.25,6.56674,23.0218,-0.321757,-0.439045
0,0.25,6.54984,23.4527,0.794765,0.061043
0,0.25,6.50814,23.8839,0.0567097,0.750639
0,0.25,6.62258,24.3054,1.06724,1.55729
0,0.25,6.26892,24.5727,-1.08389,-0.301876
0,0.25,7.09263,10.7794,0.355062,-0.688399
0,0.25,6.66064,11.1252,-0.615962,-2.19096
0,0.25,7.16087,11.7448,2.17664,-2.16268
0,0.25,6.8382,12.0891,-0.263013,-3.18665
0,0.25,7.08957,12.5708,0.373096,-2.72552
0,0.25,6.91507,13.0351,0.21454,-3.6242
0,0.25,7.04023,13.5042,-1.08216,-2.63605
0,0.25,6.98051,14.0187,0.238534,-2.49403
0,0.25,7.01474,14.5167,-0.282034,-2.36956
0,0.25,7.01089,15.0348,-0.0792045,-2.2374
0,0.25,7.01263,15.5411,-0.159671,-2.10537
0,0.25,7.00915,16.0532,-0.0877367,-1.99526
0,0.25,7.01227,16.5532,0.275748,-1.99445
0,0.25,7.00096,17.0366,0.155031,-2.36921
0,0.25,6.99122,17.5043,-0.0517345,-2.48857
0,0.25,6.97654,17.9534,-0.281145,-2.57647
0,0.25,6.96988,18.4033,-0.219552,-2.31919
0,0.25,6.96976,18.8516,-0.0797186,-2.08281
0,0.25,6.98583,19.3087,0.157694,-1.94092
0,0.25,7.01178,19.7781,0.282576,-1.98589
0,0.25,7.02964,20.2656,0.0984161,-1.97409
0,0.25,7.0388,20.7583,-0.11659,-1.77189
0,0.25,7.04029,21.252,-0.175501,-1.51192
0,0.25,7.0364,21.747,-0.231749,-0.905188
0,0.25,7.03516,22.231,-0.132914,-0.980388
0,0.25,7.05227,22.724,0.0690695,-0.93277
0,0.25,7.05246,23.2129,-0.234401,-1.37826
0,0.25,7.04087,23.6793,-0.449851,-1.00662
0,0.25,7.0795,24.1454,0.310328,-0.998449
0,0.25,6.96232,24.6367,0.0118758,0.0763141
1,0.25,7.5,1.5,0,0
1,0.25,8,1.5,0,0
1,0.25,1.5,1.5,0,0
1,0.25,2,1.5,0,0
1,0.25,7.5,2,0,0
1,0.25,8,2,0,0
1,0.25,1.5,2,0,0
1,0.25,2,2,0,0
1,0.25,7.5,2.5,0,0
1,0.25,8,2.5,0,0
1,0.25,1.5,2.5,0,0
1,0.25,2,2.5,0,0
1,0.25,7.5,3,0,0
1,0.25,8,3,0,0
1,0.25,1.5,3,0,0
1,0.25,2,3,0,0
1,0.25,7.5,3.5,0,0
1,0.25,8,3.5,0,0
1,0.25,1.5,3.5,0,0
1,0.25,2,3.5,0,0
1,0.25,7.5,4,0,0
1,0.25,8,4,0,0
1,0.25,1.5,4,0,0
1,0.25,2,4,0,0
1,0.25,7.5,4.5,0,0
1,0.25,8,4.5,0,0
1,0.25,1.5,4.5,0,0
1,0.25,2,4.5,0,0
1,0.25,7.5,5,0,0
1,0.25,8,5,0,0
1,0.25,1.5,5,0,0
1,0.25,2,5,0,0
1,0.25,7.5,5.5,0,0
1,0.25,8,5.5,0,0
1,0.25,1.5,5.5,0,0
1,0.25,2,5.5,0,0
1,0.25,7.5,6,0,0
1,0.25,8,6,0,0
1,0.25,1.5,6,0,0
1,0.25,2,6,0,0
1,0.25,7.5,6.5,0,0
1,0.25,8,6.5,0,0
1,0.25,1.5,6.5,0,0
1,0.25,2,6.5,0,0
1,0.25,7.5,7,0,0
1,0.25,8,7,0,0
1,0.25,1.5,7,0,0
1,0.25,2,7,0,0
1,0.25,7.5,7.5,0,0
1,0.25,8,7.5,0,0
1,0.25,1.5,7.5,0,0
1,0.25,2,7.5,0,0
1,0.25,7.5,8,0,0
1,0.25,8,8,0,0
1,0.25,1.5,8,0,0
1,0.25,2,8,0,0
1,0.25,7.5,8.5,0,0
1,0.25,8,8.5,0,0
1,0.25,1.5,8.5,0,0
1,0.25,2,8.5,0,0
1,0.25,7.5,9,0,0
1,0.25,8,9,0,0
1,0.25,1.5,9,0,0
1,0.25,2,9,0,0
1,0.25,7.5,9.5,0,0
1,0.25,8,9.5,0,0
1,0.25,1.5,9.5,0,0
1,0.25,2,9.5,0,0
1,0.25,7.5,10,0,0
1,0.25,8,10,0,0
1,0.25,1.5,10,0,0
1,0.25,2,10,0,0
1,0.25,7.5,10.5,0,0
1,0.25,8,10.5,0,0
1,0.25,1.5,10.5,0,0
1,0.25,2,10.5,0,0
1,0.25,7.5,11,0,0
1,0.25,8,11,0,0
1,0.25,1.5,11,0,0
1,0.25,2,11,0,0
1,0.25,7.5,11.5,0,0
1,0.25,8,11.5,0,0
1,0.25,1.5,11.5,0,0
1,0.25,2,11.5,0,0
1,0.25,7.5,12,0,0
1,0.25,8,12,0,0
1,0.25,1.5,12,0,0
1,0.25,2,12,0,0
1,0.25,7.5,12.5,0,0
1,0.25,8,12.5,0,0
1,0.25,1.5,12.5,0,0
1,0.25,2,12.5,0,0
1,0.25,7.5,13,0,0
1,0.25,8,13,0,0
1,0.25,1.5,13,0,0
1,0.25,2,13,0,0
1,0.25,7.5,13.5,0,0
1,0.25,8,13.5,0,0
1,0.25,1.5,13.5,0,0
1,0.25,2,13.5,0,0
1,0.25,7.5,14,0,0
1,0.25,8,14,0,0
1,0.25,1.5,14,0,0
1,0.25,2,14,0,0
1,0.25,7.5,14.5,0,0
1,0.25,8,14.5,0,0
1,0.25,1.5,14.5,0,0
1,0.25,2,14.5,0,0
1,0.25,7.5,15,0,0
1,0.25,8,15,0,0
1,0.25,1.5,15,0,0
1,0.25,2,15,0,0
1,0.25,7.5,15.5,0,0
1,0.25,8,15.5,0,0
1,0.25,1.5,15.5,0,0
1,0.25,2,15.5,0,0
1,0.25,7.5,16,0,0
1,0.25,8,16,0,0
1,0.25,1.5,16,0,0
1,0.25,2,16,0,0
1,0.25,7.5,16.5,0,0
1,0.25,8,16.5,0,0
1,0.25,1.5,16.5,0,0
1,0.25,2,16.5,0,0
1,0.25,7.5,17,0,0
1,0.25,8,17,0,0
1,0.25,1.5,17,0,0
1,0.25,2,17,0,0
1,0.25,7.5,17.5,0,0
1,0.25,8,17.5,0,0
1,0.25,1.5,17.5,0,0
1,0.25,2,17.5,0,0
1,0.25,7.5,18,0,0
1,0.25,8,18,0,0
1,0.25,1.5,18,0,0
1,0.25,2,18,0,0
1,0.25,7.5,18.5,0,0
1,0.25,8,18.5,0,0
1,0.25,1.5,18.5,0,0
1,0.25,2,18.5,0,0
1,0.25,7.5,19,0,0
1,0.25,8,19,0,0
1,0.25,1.5,19,0,0
1,0.25,2,19,0,0
1,0.25,7.5,19.5,0,0
1,0.25,8,19.5,0,0
1,0.25,1.5,19.5,0,0
1,0.25,2,19.5,0,0
1,0.25,7.5,20,0,0
1,0.25,8,20,0,0
1,0.25,1.5,20,0,0
1,0.25,2,20,0,0
1,0.25,7.5,20.5,0,0
1,0.25,8,20.5,0,0
1,0.25,1.5,20.5,0,0
1,0.25,2,20.5,0,0
1,0.25,7.5,21,0,0
1,0.25,8,21,0,0
1,0.25,1.5,21,0,0
1,0.25,2,21,0,0
1,0.25,7.5,21.5,0,0
1,0.25,8,21.5,0,0
1,0.25,1.5,21.5,0,0
1,0.25,2,21.5,0,0
1,0.25,7.5,22,0,0
1,0.25,8,22,0,0
1,0.25,1.5,22,0,0
1,0.25,2,22,0,0
1,0.25,7.5,22.5,0,0
1,0.25,8,22.5,0,0
1,0.25,1.5,22.5,0,0
1,0.25,2,22.5,0,0
1,0.25,7.5,23,0,0
1,0.25,8,23,0,0
1,0.25,1.5,23,0,0
1,0.25,2,23,0,0
1,0.25,7.5,23.5,0,0
1,0.25,8,23.5,0,0
1,0.25,1.5,23.5,0,0
1,0.25,2,23.5,0,0
1,0.25,7.5,24,0,0
1,0.25,8,24,0,0
1,0.25,1.5,24,0,0
1,0.25,2,24,0,0
1,0.25,7.5,24.5,0,0
1,0.25,8,24.5,0,0
1,0.25,1.5,24.5,0,0
1,0.25,2,24.5,0,0
1,0.25,7.5,25,0,0
1,0.25,8,25,0,0
1,0.25,1.5,25,0,0
1,0.25,2,25,0,0
1,0.25,7.5,25.5,0,0
1,0.25,8,25.5,0,0
1,0.25,1.5,25.5,0,0
1,0.25,2,25.5,0,0
1,0.25,2.5,1.5,0,0
1,0.25,2.5,2,0,0
1,0.25,2.5,25,0,0
1,0.25,2.5,25.5,0,0
1,0.25,3,1.5,0,0
1,0.25,3,2,0,0
1,0.25,3,25,0,0
1,0.25,3,25.5,0,0
1,0.25,3.5,1.5,0,0
1,0.25,3.5,2,0,0
1,0.25,3.5,25,0,0
1,0.25,3.5,25.5,0,0
1,0.25,4,1.5,0,0
1,0.25,4,2,0,0
1,0.25,4,25,0,0
1,0.25,4,25.5,0,0
1,0.25,4.5,1.5,0,0
1,0.25,4.5,2,0,0
1,0.25,4.5,25,0,0
1,0.25,4.5,25.5,0,0
1,0.25,5,1.5,0,0
1,0.25,5,2,0,0
1,0.25,5,25,0,0
1,0.25,5,25.5,0,0
1,0.25,5.5,1.5,0,0
1,0.25,5.5,2,0,0
1,0.25,5.5,25,0,0
1,0.25,5.5,25.5,0,0
1,0.25,6,1.5,0,0
1,0.25,6,2,0,0
1,0.25,6,25,0,0
1,0.25,6,25.5,0,0
1,0.25,6.5,1.5,0,0
1,0.25,6.5,2,0,0
1,0.25,6.5,25,0,0
1,0.25,6.5,25.5,0,0
1,0.25,7,1.5,0,0
1,0.25,7,2,0,0
1,0.25,7,25,0,0
1,0.25,7,25.5,0,0
