536 2 0.5 3500 0.2 2 0 2e-06 0 9.81 10 35
0,0.25,2.5,10.7505,-3.86959e-05,4.39056
0,0.25,2.49999,11.2717,-0.00261369,4.50271
0,0.25,2.49984,11.7728,-0.0346228,4.47043
0,0.25,2.49908,12.2718,-0.107555,4.32207
0,0.25,2.49779,12.7689,-0.155724,4.07185
0,0.25,2.49653,13.2635,-0.194081,3.74676
0,0.25,2.49492,13.7549,-0.261436,3.289
0,0.25,2.49264,14.2416,-0.366144,2.63852
0,0.25,2.48961,14.722,-0.451117,1.88993
0,0.25,2.48623,15.1956,-0.484205,1.17593
0,0.25,2.48355,15.6635,-0.401065,0.6422
0,0.25,2.48246,16.1277,-0.189716,0.427939
0,0.25,2.48428,16.5904,0.106817,0.483137
0,0.25,2.48784,17.0539,0.325127,0.657076
0,0.25,2.49314,17.5189,0.415671,0.840472
0,0.25,2.49639,17.9838,0.314784,0.821701
0,0.25,2.49806,18.4493,0.083385,0.585955
0,0.25,2.49508,18.9138,-0.108094,0.464731
0,0.25,2.48838,19.3789,-0.287511,0.165569
0,0.25,2.4787,19.85,-0.337533,0.189732
0,0.25,2.46929,20.3229,-0.34494,0.0703483
0,0.25,2.46097,20.8045,-0.251345,-0.0370979
0,0.25,2.45522,21.2846,-0.168666,0.0866879
0,0.25,2.45353,21.7709,0.0556343,0.1549
0,0.25,2.45819,22.2553,0.264073,0.682128
0,0.25,2.46323,22.7389,0.390719,1.01819
0,0.25,2.47904,23.2144,0.410886,1.1473
0,0.25,2.48854,23.6782,0.406041,0.959196
0,0.25,2.50692,24.1285,0.693215,0.376273
0,0.25,2.50991,24.5706,0.798706,-0.192632
0,0.25,2.99996,10.9062,-0.0052227,5.18111
0,0.25,2.99966,11.4056,-0.0374421,5.15079
0,0.25,2.99902,11.9053,-0.0933473,5.04353
0,0.25,2.9981,12.403,-0.141882,4.85315
0,0.25,2.99673,12.899,-0.167354,4.56932
0,0.25,2.99558,13.3919,-0.215021,4.16058
0,0.25,2.99381,13.8803,-0.27417,3.55728
0,0.25,2.99143,14.363,-0.36029,2.79406
0,0.25,2.98882,14.8388,-0.384544,2.03722
0,0.25,2.98622,15.308,-0.324878,1.38055
0,0.25,2.985,15.773,-0.184215,0.991708
0,0.25,2.98547,16.2366,0.01774,0.994185
0,0.25,2.98812,16.7009,0.208571,1.17522
0,0.25,2.99136,17.1691,0.224993,1.40387
0,0.25,2.99499,17.6396,0.143204,1.72233
0,0.25,2.99491,18.1107,-0.0234974,1.66522
0,0.25,2.99354,18.5854,-0.211658,1.81402
0,0.25,2.98893,19.0543,-0.0953354,1.95617
0,0.25,2.98201,19.5262,-0.109922,1.68369
0,0.25,2.97625,19.9915,-0.0464409,1.87348
0,0.25,2.96878,20.4502,-0.112332,1.20494
0,0.25,2.96373,20.9064,-0.26394,0.903511
0,0.25,2.95805,21.3538,-0.323694,0.61342
0,0.25,2.95746,21.8016,-0.145564,0.435496
0,0.25,2.95875,22.2477,0.0975111,0.343816
0,0.25,2.96452,22.6962,0.107182,0.251232
0,0.25,2.97871,23.1468,0.431144,0.266396
0,0.25,2.9938,23.6053,0.647015,0.0241838
0,0.25,2.9992,24.0686,0.942028,0.143696
0,0.25,3.02895,24.549,0.942705,0.0182183
0,0.25,3.49996,10.9141,-0.00662328,5.23727
0,0.25,3.49965,11.4134,-0.0372297,5.17708
0,0.25,3.49907,11.9126,-0.060663,5.08273
0,0.25,3.4988,12.4101,-0.0714077,4.91647
0,0.25,3.4982,12.9059,-0.08807,4.59657
0,0.25,3.49739,13.3986,-0.147343,4.15168
0,0.25,3.49629,13.886,-0.200201,3.52793
0,0.25,3.49454,14.3679,-0.25448,2.73587
0,0.25,3.49275,14.8431,-0.302749,2.01374
0,0.25,3.49092,15.3115,-0.282512,1.37907
0,0.25,3.4893,15.7765,-0.22904,0.966538
0,0.25,3.48901,16.2396,-0.129631,0.966225
0,0.25,3.48957,16.7019,0.0263381,0.981373
0,0.25,3.49081,17.1676,0.0660647,0.981974
0,0.25,3.49292,17.6328,0.079762,1.25505
0,0.25,3.49316,18.097,0.0517813,1.02858
0,0.25,3.49262,18.5675,-0.0818437,1.26212
0,0.25,3.49096,19.0305,-0.0870655,1.60794
0,0.25,3.48652,19.5008,-0.12807,1.10696
0,0.25,3.48309,19.9671,-0.238945,1.51294
0,0.25,3.47741,20.4235,-0.145927,0.699344
0,0.25,3.47307,20.8858,-0.234529,0.521704
0,0.25,3.47152,21.3364,0.031731,0.632908
0,0.25,3.47096,21.7945,0.195999,0.51848
0,0.25,3.47556,22.2467,0.378438,0.379991
0,0.25,3.48267,22.7048,0.474506,0.067991
0,0.25,3.48592,23.1529,0.600576,0.132382
0,0.25,3.50446,23.6113,0.700344,-0.259351
0,0.25,3.48926,24.0655,0.842368,0.00594296
0,0.25,3.51215,24.5374,1.07692,-0.0354978
0,0.25,3.99999,10.9142,-0.00258755,5.22667
0,0.25,3.99988,11.4133,-0.0135279,5.16431
0,0.25,3.99964,11.9125,-0.0235691,5.06528
0,0.25,3.9994,12.41,-0.0496599,4.89083
0,0.25,3.99894,12.9053,-0.0739609,4.55624
0,0.25,3.99825,13.3978,-0.106725,4.092
0,0.25,3.99746,13.8849,-0.141862,3.48798
0,0.25,3.99647,14.3663,-0.158861,2.69084
0,0.25,3.99523,14.8416,-0.179954,1.98819
0,0.25,3.99435,15.31,-0.160142,1.43711
0,0.25,3.99358,15.7754,-0.0873037,1.03679
0,0.25,3.99357,16.2403,-0.0281022,1.09975
0,0.25,3.99462,16.7031,0.063189,1.13494
0,0.25,3.99552,17.1699,0.104532,0.987069
0,0.25,3.99661,17.6355,0.0199186,1.27525
0,0.25,3.99701,18.0975,-0.0181758,0.968346
0,0.25,3.99505,18.5678,-0.117991,1.11785
0,0.25,3.99341,19.029,-0.190469,1.65939
0,0.25,3.99044,19.4965,-0.0443664,1.0415
0,0.25,3.98734,19.964,-0.0524548,1.50386
0,0.25,3.9863,20.4171,0.0181543,0.773618
0,0.25,3.98494,20.8813,0.115449,0.41707
0,0.25,3.98352,21.3292,-0.009681,0.693185
0,0.25,3.98502,21.7875,0.0196878,0.395394
0,0.25,3.98405,22.2407,0.0896538,0.539511
0,0.25,3.98913,22.7019,0.224856,0.312466
0,0.25,3.99154,23.1581,0.373972,0.566672
0,0.25,4.00492,23.6267,0.858461,0.29548
0,0.25,3.99447,24.0814,0.611624,0.277802
0,0.25,4.00043,24.5427,0.86492,-0.122984
0,0.25,4.49999,10.9141,-0.00134151,5.2199
0,0.25,4.49992,11.4131,-0.00759761,5.15477
0,0.25,4.49984,11.9123,-0.0132779,5.05336
0,0.25,4.4997,12.4097,-0.0183936,4.87887
0,0.25,4.49957,12.905,-0.018314,4.55029
0,0.25,4.49949,13.3974,-0.0171153,4.07714
0,0.25,4.49931,13.8845,-0.0250656,3.47154
0,0.25,4.49918,14.3657,-0.0350097,2.68141
0,0.25,4.49881,14.8409,-0.0467343,1.9739
0,0.25,4.49848,15.3097,-0.0608623,1.46706
0,0.25,4.49821,15.7751,-0.0430541,1.09325
0,0.25,4.49787,16.2406,-0.0338212,1.11429
0,0.25,4.49807,16.7041,-0.0274577,1.19479
0,0.25,4.49819,17.1697,0.00831938,0.949152
0,0.25,4.49788,17.636,-0.0350052,1.15641
0,0.25,4.49848,18.0966,-0.0279614,1.0056
0,0.25,4.49764,18.5651,0.012394,0.997663
0,0.25,4.49775,19.029,-0.0395309,1.74638
0,0.25,4.49809,19.4937,0.0776675,1.21394
0,0.25,4.49657,19.9642,-0.0299494,1.33877
0,0.25,4.49755,20.4192,-0.115691,1.00634
0,0.25,4.49477,20.8797,-0.0490304,0.390968
0,0.25,4.49327,21.3346,-0.162412,0.719724
0,0.25,4.49376,21.7913,0.0811768,0.752315
0,0.25,4.49279,22.247,0.195293,0.618822
0,0.25,4.49794,22.7073,0.370876,0.410316
0,0.25,4.495,23.1615,0.258267,0.411434
0,0.25,4.50298,23.6234,0.0497645,0.20948
0,0.25,4.5025,24.0858,-0.0327708,0.415111
0,0.25,4.50037,24.5465,0.0889756,0.147478
0,0.25,5.00001,10.9141,0.00134151,5.2199
0,0.25,5.00008,11.4131,0.00759761,5.15477
0,0.25,5.00016,11.9123,0.0132779,5.05336
0,0.25,5.0003,12.4097,0.0183936,4.87887
0,0.25,5.00043,12.905,0.018314,4.55029
0,0.25,5.00051,13.3974,0.0171153,4.07714
0,0.25,5.00069,13.8845,0.0250656,3.47154
0,0.25,5.00082,14.3657,0.0350097,2.68141
0,0.25,5.00119,14.8409,0.0467343,1.9739
0,0.25,5.00152,15.3097,0.0608623,1.46706
0,0.25,5.00179,15.7751,0.0430541,1.09325
0,0.25,5.00213,16.2406,0.0338212,1.11429
0,0.25,5.00193,16.7041,0.0274577,1.19479
0,0.25,5.00181,17.1697,-0.00831938,0.949152
0,0.25,5.00212,17.636,0.0350052,1.15641
0,0.25,5.00152,18.0966,0.0279614,1.0056
0,0.25,5.00236,18.5651,-0.012394,0.997663
0,0.25,5.00225,19.029,0.0395309,1.74638
0,0.25,5.00191,19.4937,-0.0776675,1.21394
0,0.25,5.00343,19.9642,0.0299494,1.33877
0,0.25,5.00245,20.4192,0.115691,1.00634
0,0.25,5.00523,20.8797,0.0490304,0.390968
0,0.25,5.00673,21.3346,0.162412,0.719724
0,0.25,5.00624,21.7913,-0.0811768,0.752315
0,0.25,5.00721,22.247,-0.195293,0.618822
0,0.25,5.00206,22.7073,-0.370876,0.410316
0,0.25,5.005,23.1615,-0.258267,0.411434
0,0.25,4.99702,23.6234,-0.0497645,0.20948
0,0.25,4.9975,24.0858,0.0327708,0.415111
0,0.25,4.99963,24.5465,-0.0889756,0.147478
0,0.25,5.50001,10.9142,0.00258755,5.22667
0,0.25,5.50012,11.4133,0.0135279,5.16431
0,0.25,5.50036,11.9125,0.0235691,5.06528
0,0.25,5.5006,12.41,0.0496599,4.89083
0,0.25,5.50106,12.9053,0.0739609,4.55624
0,0.25,5.50175,13.3978,0.106725,4.092
0,0.25,5.50254,13.8849,0.141862,3.48798
0,0.25,5.50353,14.3663,0.158861,2.69084
0,0.25,5.50477,14.8416,0.179954,1.98819
0,0.25,5.50565,15.31,0.160142,1.43711
0,0.25,5.50642,15.7754,0.0873037,1.03679
0,0.25,5.50643,16.2403,0.0281022,1.09975
0,0.25,5.50538,16.7031,-0.063189,1.13494
0,0.25,5.50448,17.1699,-0.104532,0.987069
0,0.25,5.50339,17.6355,-0.0199186,1.27525
0,0.25,5.50299,18.0975,0.0181758,0.968346
0,0.25,5.50495,18.5678,0.117991,1.11785
0,0.25,5.50659,19.029,0.190469,1.65939
0,0.25,5.50956,19.4965,0.0443664,1.0415
0,0.25,5.51266,19.964,0.0524548,1.50386
0,0.25,5.5137,20.4171,-0.0181543,0.773618
0,0.25,5.51506,20.8813,-0.115449,0.41707
0,0.25,5.51648,21.3292,0.009681,0.693185
0,0.25,5.51498,21.7875,-0.0196878,0.395394
0,0.25,5.51595,22.2407,-0.0896538,0.539511
0,0.25,5.51087,22.7019,-0.224856,0.312466
0,0.25,5.50846,23.1581,-0.373972,0.566672
0,0.25,5.49508,23.6267,-0.858461,0.29548
0,0.25,5.50553,24.0814,-0.611624,0.277802
0,0.25,5.49957,24.5427,-0.86492,-0.122984
0,0.25,6.00004,10.9141,0.00662328,5.23727
0,0.25,6.00035,11.4134,0.0372297,5.17708
0,0.25,6.00093,11.9126,0.060663,5.08273
0,0.25,6.0012,12.4101,0.0714077,4.91647
0,0.25,6.0018,12.9059,0.08807,4.59657
0,0.25,6.00261,13.3986,0.147343,4.15168
0,0.25,6.00371,13.886,0.200201,3.52793
0,0.25,6.00546,14.3679,0.25448,2.73587
0,0.25,6.00725,14.8431,0.302749,2.01374
0,0.25,6.00908,15.3115,0.282512,1.37907
0,0.25,6.0107,15.7765,0.22904,0.966538
0,0.25,6.01099,16.2396,0.129631,0.966225
0,0.25,6.01043,16.7019,-0.0263381,0.981373
0,0.25,6.00919,17.1676,-0.0660647,0.981974
0,0.25,6.00708,17.6328,-0.079762,1.25505
0,0.25,6.00684,18.097,-0.0517813,1.02858
0,0.25,6.00738,18.5675,0.0818437,1.26212
0,0.25,6.00904,19.0305,0.0870655,1.60794
0,0.25,6.01348,19.5008,0.12807,1.10696
0,0.25,6.01691,19.9671,0.238945,1.51294
0,0.25,6.02259,20.4235,0.145927,0.699344
0,0.25,6.02693,20.8858,0.234529,0.521704
0,0.25,6.02848,21.3364,-0.031731,0.632908
0,0.25,6.02904,21.7945,-0.195999,0.51848
0,0.25,6.02444,22.2467,-0.378438,0.379991
0,0.25,6.01733,22.7048,-0.474506,0.067991
0,0.25,6.01408,23.1529,-0.600576,0.132382
0,0.25,5.99554,23.6113,-0.700344,-0.259351
0,0.25,6.01074,24.0655,-0.842368,0.00594296
0,0.25,5.98785,24.5374,-1.07692,-0.0354978
0,0.25,6.50004,10.9062,0.0052227,5.18111
0,0.25,6.50034,11.4056,0.0374421,5.15079
0,0.25,6.50098,11.9053,0.0933473,5.04353
0,0.25,6.5019,12.403,0.141882,4.85315
0,0.25,6.50327,12.899,0.167354,4.56932
0,0.25,6.50442,13.3919,0.215021,4.16058
0,0.25,6.50619,13.8803,0.27417,3.55728
0,0.25,6.50857,14.363,0.36029,2.79406
0,0.25,6.51118,14.8388,0.384544,2.03722
0,0.25,6.51378,15.308,0.324878,1.38055
0,0.25,6.515,15.773,0.184215,0.991708
0,0.25,6.51453,16.2366,-0.01774,0.994185
0,0.25,6.51188,16.7009,-0.208571,1.17522
0,0.25,6.50864,17.1691,-0.224993,1.40387
0,0.25,6.50501,17.6396,-0.143204,1.72233
0,0.25,6.50509,18.1107,0.0234974,1.66522
0,0.25,6.50646,18.5854,0.211658,1.81402
0,0.25,6.51107,19.0543,0.0953354,1.95617
0,0.25,6.51799,19.5262,0.109922,1.68369
0,0.25,6.52375,19.9915,0.0464409,1.87348
0,0.25,6.53122,20.4502,0.112332,1.20494
0,0.25,6.53627,20.9064,0.26394,0.903511
0,0.25,6.54195,21.3538,0.323694,0.61342
0,0.25,6.54254,21.8016,0.145564,0.435496
0,0.25,6.54125,22.2477,-0.0975111,0.343816
0,0.25,6.53548,22.6962,-0.107182,0.251232
0,0.25,6.52129,23.1468,-0.431144,0.266396
0,0.25,6.5062,23.6053,-0.647015,0.0241838
0,0.25,6.5008,24.0686,-0.942028,0.143696
0,0.25,6.47105,24.549,-0.942705,0.0182183
0,0.25,7,10.7505,3.86959e-05,4.39056
0,0.25,7.00001,11.2717,0.00261369,4.50271
0,0.25,7.00016,11.7728,0.0346228,4.47043
0,0.25,7.00092,12.2718,0.107555,4.32207
0,0.25,7.00221,12.7689,0.155724,4.07185
0,0.25,7.00347,13.2635,0.194081,3.74676
0,0.25,7.00508,13.7549,0.261436,3.289
0,0.25,7.00736,14.2416,0.366144,2.63852
0,0.25,7.01039,14.722,0.451117,1.88993
0,0.25,7.01377,15.1956,0.484205,1.17593
0,0.25,7.01645,15.6635,0.401065,0.6422
0,0.25,7.01754,16.1277,0.189716,0.427939
0,0.25,7.01572,16.5904,-0.106817,0.483137
0,0.25,7.01216,17.0539,-0.325127,0.657076
0,0.25,7.00686,17.5189,-0.415671,0.840472
0,0.25,7.00361,17.9838,-0.314784,0.821701
0,0.25,7.00194,18.4493,-0.083385,0.585955
0,0.25,7.00492,18.9138,0.108094,0.464731
0,0.25,7.01162,19.3789,0.287511,0.165569
0,0.25,7.0213,19.85,0.337533,0.189732
0,0.25,7.03071,20.3229,0.34494,0.0703483
0,0.25,7.03903,20.8045,0.251345,-0.0370979
0,0.25,7.04478,21.2846,0.168666,0.0866879
0,0.25,7.04647,21.7709,-0.0556343,0.1549
0,0.25,7.04181,22.2553,-0.264073,0.682128
0,0.25,7.03677,22.7389,-0.390719,1.01819
0,0.25,7.02096,23.2144,-0.410886,1.1473
0,0.25,7.01146,23.6782,-0.406041,0.959196
0,0.25,6.99308,24.1285,-0.693215,0.376273
0,0.25,6.99009,24.5706,-0.798706,-0.192632
1,0.25,7.5,1.5,0,0
1,0.25,8,1.5,0,0
1,0.25,1.5,1.5,0,0
1,0.25,2,1.5,0,0
1,0.25,7.5,2,0,0
1,0.25,8,2,0,0
1,0.25,1.5,2,0,0
1,0.25,2,2,0,0
1,0.25,7.5,2.5,0,0
1,0.25,8,2.5,0,0
1,0.25,1.5,2.5,0,0
1,0.25,2,2.5,0,0
1,0.25,7.5,3,0,0
1,0.25,8,3,0,0
1,0.25,1.5,3,0,0
1,0.25,2,3,0,0
1,0.25,7.5,3.5,0,0
1,0.25,8,3.5,0,0
1,0.25,1.5,3.5,0,0
1,0.25,2,3.5,0,0
1,0.25,7.5,4,0,0
1,0.25,8,4,0,0
1,0.25,1.5,4,0,0
1,0.25,2,4,0,0
1,0.25,7.5,4.5,0,0
1,0.25,8,4.5,0,0
1,0.25,1.5,4.5,0,0
1,0.25,2,4.5,0,0
1,0.25,7.5,5,0,0
1,0.25,8,5,0,0
1,0.25,1.5,5,0,0
1,0.25,2,5,0,0
1,0.25,7.5,5.5,0,0
1,0.25,8,5.5,0,0
1,0.25,1.5,5.5,0,0
1,0.25,2,5.5,0,0
1,0.25,7.5,6,0,0
1,0.25,8,6,0,0
1,0.25,1.5,6,0,0
1,0.25,2,6,0,0
1,0.25,7.5,6.5,0,0
1,0.25,8,6.5,0,0
1,0.25,1.5,6.5,0,0
1,0.25,2,6.5,0,0
1,0.25,7.5,7,0,0
1,0.25,8,7,0,0
1,0.25,1.5,7,0,0
1,0.25,2,7,0,0
1,0.25,7.5,7.5,0,0
1,0.25,8,7.5,0,0
1,0.25,1.5,7.5,0,0
1,0.25,2,7.5,0,0
1,0.25,7.5,8,0,0
1,0.25,8,8,0,0
1,0.25,1.5,8,0,0
1,0.25,2,8,0,0
1,0.25,7.5,8.5,0,0
1,0.25,8,8.5,0,0
1,0.25,1.5,8.5,0,0
1,0.25,2,8.5,0,0
1,0.25,7.5,9,0,0
1,0.25,8,9,0,0
1,0.25,1.5,9,0,0
1,0.25,2,9,0,0
1,0.25,7.5,9.5,0,0
1,0.25,8,9.5,0,0
1,0.25,1.5,9.5,0,0
1,0.25,2,9.5,0,0
1,0.25,7.5,10,0,0
1,0.25,8,10,0,0
1,0.25,1.5,10,0,0
1,0.25,2,10,0,0
1,0.25,7.5,10.5,0,0
1,0.25,8,10.5,0,0
1,0.25,1.5,10.5,0,0
1,0.25,2,10.5,0,0
1,0.25,7.5,11,0,0
1,0.25,8,11,0,0
1,0.25,1.5,11,0,0
1,0.25,2,11,0,0
1,0.25,7.5,11.5,0,0
1,0.25,8,11.5,0,0
1,0.25,1.5,11.5,0,0
1,0.25,2,11.5,0,0
1,0.25,7.5,12,0,0
1,0.25,8,12,0,0
1,0.25,1.5,12,0,0
1,0.25,2,12,0,0
1,0.25,7.5,12.5,0,0
1,0.25,8,12.5,0,0
1,0.25,1.5,12.5,0,0
1,0.25,2,12.5,0,0
1,0.25,7.5,13,0,0
1,0.25,8,13,0,0
1,0.25,1.5,13,0,0
1,0.25,2,13,0,0
1,0.25,7.5,13.5,0,0
1,0.25,8,13.5,0,0
1,0.25,1.5,13.5,0,0
1,0.25,2,13.5,0,0
1,0.25,7.5,14,0,0
1,0.25,8,14,0,0
1,0.25,1.5,14,0,0
1,0.25,2,14,0,0
1,0.25,7.5,14.5,0,0
1,0.25,8,14.5,0,0
1,0.25,1.5,14.5,0,0
1,0.25,2,14.5,0,0
1,0.25,7.5,15,0,0
1,0.25,8,15,0,0
1,0.25,1.5,15,0,0
1,0.25,2,15,0,0
1,0.25,7.5,15.5,0,0
1,0.25,8,15.5,0,0
1,0.25,1.5,15.5,0,0
1,0.25,2,15.5,0,0
1,0.25,7.5,16,0,0
1,0.25,8,16,0,0
1,0.25,1.5,16,0,0
1,0.25,2,16,0,0
1,0.25,7.5,16.5,0,0
1,0.25,8,16.5,0,0
1,0.25,1.5,16.5,0,0
1,0.25,2,16.5,0,0
1,0.25,7.5,17,0,0
1,0.25,8,17,0,0
1,0.25,1.5,17,0,0
1,0.25,2,17,0,0
1,0.25,7.5,17.5,0,0
1,0.25,8,17.5,0,0
1,0.25,1.5,17.5,0,0
1,0.25,2,17.5,0,0
1,0.25,7.5,18,0,0
1,0.25,8,18,0,0
1,0.25,1.5,18,0,0
1,0.25,2,18,0,0
1,0.25,7.5,18.5,0,0
1,0.25,8,18.5,0,0
1,0.25,1.5,18.5,0,0
1,0.25,2,18.5,0,0
1,0.25,7.5,19,0,0
1,0.25,8,19,0,0
1,0.25,1.5,19,0,0
1,0.25,2,19,0,0
1,0.25,7.5,19.5,0,0
1,0.25,8,19.5,0,0
1,0.25,1.5,19.5,0,0
1,0.25,2,19.5,0,0
1,0.25,7.5,20,0,0
1,0.25,8,20,0,0
1,0.25,1.5,20,0,0
1,0.25,2,20,0,0
1,0.25,7.5,20.5,0,0
1,0.25,8,20.5,0,0
1,0.25,1.5,20.5,0,0
1,0.25,2,20.5,0,0
1,0.25,7.5,21,0,0
1,0.25,8,21,0,0
1,0.25,1.5,21,0,0
1,0.25,2,21,0,0
1,0.25,7.5,21.5,0,0
1,0.25,8,21.5,0,0
1,0.25,1.5,21.5,0,0
1,0.25,2,21.5,0,0
1,0.25,7.5,22,0,0
1,0.25,8,22,0,0
1,0.25,1.5,22,0,0
1,0.25,2,22,0,0
1,0.25,7.5,22.5,0,0
1,0.25,8,22.5,0,0
1,0.25,1.5,22.5,0,0
1,0.25,2,22.5,0,0
1,0.25,7.5,23,0,0
1,0.25,8,23,0,0
1,0.25,1.5,23,0,0
1,0.25,2,23,0,0
1,0.25,7.5,23.5,0,0
1,0.25,8,23.5,0,0
1,0.25,1.5,23.5,0,0
1,0.25,2,23.5,0,0
1,0.25,7.5,24,0,0
1,0.25,8,24,0,0
1,0.25,1.5,24,0,0
1,0.25,2,24,0,0
1,0.25,7.5,24.5,0,0
1,0.25,8,24.5,0,0
1,0.25,1.5,24.5,0,0
1,0.25,2,24.5,0,0
1,0.25,7.5,25,0,0
1,0.25,8,25,0,0
1,0.25,1.5,25,0,0
1,0.25,2,25,0,0
1,0.25,7.5,25.5,0,0
1,0.25,8,25.5,0,0
1,0.25,1.5,25.5,0,0
1,0.25,2,25.5,0,0
1,0.25,2.5,1.5,0,0
1,0.25,2.5,2,0,0
1,0.25,2.5,25,0,0
1,0.25,2.5,25.5,0,0
1,0.25,3,1.5,0,0
1,0.25,3,2,0,0
1,0.25,3,25,0,0
1,0.25,3,25.5,0,0
1,0.25,3.5,1.5,0,0
1,0.25,3.5,2,0,0
1,0.25,3.5,25,0,0
1,0.25,3.5,25.5,0,0
1,0.25,4,1.5,0,0
1,0.25,4,2,0,0
1,0.25,4,25,0,0
1,0.25,4,25.5,0,0
1,0.25,4.5,1.5,0,0
1,0.25,4.5,2,0,0
1,0.25,4.5,25,0,0
1,0.25,4.5,25.5,0,0
1,0.25,5,1.5,0,0
1,0.25,5,2,0,0
1,0.25,5,25,0,0
1,0.25,5,25.5,0,0
1,0.25,5.5,1.5,0,0
1,0.25,5.5,2,0,0
1,0.25,5.5,25,0,0
1,0.25,5.5,25.5,0,0
1,0.25,6,1.5,0,0
1,0.25,6,2,0,0
1,0.25,6,25,0,0
1,0.25,6,25.5,0,0
1,0.25,6.5,1.5,0,0
1,0.25,6.5,2,0,0
1,0.25,6.5,25,0,0
1,0.25,6.5,25.5,0,0
1,0.25,7,1.5,0,0
1,0.25,7,2,0,0
1,0.25,7,25,0,0
1,0.25,7,25.5,0,0
