536 2 0.5 3500 0.2 2 0 2e-06 0 9.81 10 35
0,0.25,2.5,9.60275,-6.582e-07,1.37588
0,0.25,2.5,10.1031,-1.08665e-06,1.38388
0,0.25,2.5,10.6031,-1.89887e-06,1.38402
0,0.25,2.5,11.1031,-3.34447e-06,1.38402
0,0.25,2.5,11.6031,-4.1337e-06,1.38402
0,0.25,2.5,12.1031,-4.84222e-06,1.38402
0,0.25,2.5,12.6031,-5.09004e-06,1.38402
0,0.25,2.5,13.1031,-5.26327e-06,1.38402
0,0.25,2.5,13.6031,-5.31442e-06,1.38402
0,0.25,2.5,14.1031,-5.33817e-06,1.38402
0,0.25,2.5,14.6031,-5.34463e-06,1.38402
0,0.25,2.5,15.1031,-5.3465e-06,1.38402
0,0.25,2.5,15.6031,-5.34698e-06,1.38402
0,0.25,2.5,16.1031,-5.34708e-06,1.38402
0,0.25,2.5,16.6031,-5.3471e-06,1.38402
0,0.25,2.5,17.1031,-5.34711e-06,1.38402
0,0.25,2.5,17.6031,-5.34708e-06,1.38402
0,0.25,2.5,18.1031,-5.347e-06,1.38402
0,0.25,2.5,18.6031,-5.34659e-06,1.38402
0,0.25,2.5,19.1031,-5.34529e-06,1.38402
0,0.25,2.5,19.6031,-5.34622e-06,1.38402
0,0.25,2.5,20.1031,-7.35736e-06,1.38402
0,0.25,2.5,20.6031,-1.36751e-05,1.38402
0,0.25,2.5,21.1031,-1.73178e-05,1.38402
0,0.25,2.5,21.6031,-4.67222e-05,1.38402
0,0.25,2.5,22.1031,-5.17933e-05,1.384
0,0.25,2.49999,22.6031,-0.000157495,1.38402
0,0.25,2.49999,23.1031,-0.000188073,1.3839
0,0.25,2.49998,23.6031,-0.000603453,1.38388
0,0.25,2.5,24.1027,-0.000150406,1.37563
0,0.25,3,9.60512,-3.84072e-06,1.4359
0,0.25,3,10.1051,-1.57388e-05,1.43557
0,0.25,3,10.6051,-5.42299e-06,1.43565
0,0.25,3,11.1051,-3.56986e-06,1.43565
0,0.25,3,11.6051,-4.22991e-06,1.43565
0,0.25,3,12.1051,-5.04415e-06,1.43565
0,0.25,3,12.6051,-5.32596e-06,1.43565
0,0.25,3,13.1051,-5.55991e-06,1.43565
0,0.25,3,13.6051,-5.63323e-06,1.43565
0,0.25,3,14.1051,-5.67186e-06,1.43565
0,0.25,3,14.6051,-5.68354e-06,1.43565
0,0.25,3,15.1051,-5.6874e-06,1.43565
0,0.25,3,15.6051,-5.68852e-06,1.43565
0,0.25,3,16.1051,-5.6888e-06,1.43565
0,0.25,3,16.6051,-5.68887e-06,1.43565
0,0.25,3,17.1051,-5.68887e-06,1.43565
0,0.25,3,17.6051,-5.68881e-06,1.43565
0,0.25,3,18.1051,-5.68857e-06,1.43565
0,0.25,3,18.6051,-5.68756e-06,1.43565
0,0.25,3,19.1051,-5.79656e-06,1.43565
0,0.25,3,19.6051,-6.13938e-06,1.43565
0,0.25,3,20.1051,-9.11225e-06,1.43564
0,0.25,3,20.6051,-1.94233e-05,1.43565
0,0.25,3,21.1051,-1.72159e-05,1.43561
0,0.25,3,21.6051,-3.98921e-05,1.43565
0,0.25,3,22.1051,-3.10842e-05,1.43553
0,0.25,3,22.6051,-7.77106e-05,1.43564
0,0.25,3,23.1051,-2.07271e-05,1.43521
0,0.25,3,23.6051,2.39053e-06,1.43557
0,0.25,3,24.1051,-2.50073e-07,1.43601
0,0.25,3.5,9.60513,-3.13667e-07,1.43616
0,0.25,3.5,10.1051,-1.18265e-06,1.43618
0,0.25,3.5,10.6051,-9.32856e-07,1.43619
0,0.25,3.5,11.1051,-2.00581e-06,1.43618
0,0.25,3.5,11.6051,-2.43317e-06,1.43618
0,0.25,3.5,12.1051,-3.53271e-06,1.43618
0,0.25,3.5,12.6051,-3.92669e-06,1.43618
0,0.25,3.5,13.1051,-4.4672e-06,1.43618
0,0.25,3.5,13.6051,-4.63488e-06,1.43618
0,0.25,3.5,14.1051,-4.77985e-06,1.43618
0,0.25,3.5,14.6051,-4.82099e-06,1.43618
0,0.25,3.5,15.1051,-4.84209e-06,1.43618
0,0.25,3.5,15.6051,-4.8478e-06,1.43618
0,0.25,3.5,16.1051,-4.84965e-06,1.43618
0,0.25,3.5,16.6051,-4.85011e-06,1.43618
0,0.25,3.5,17.1051,-4.85012e-06,1.43618
0,0.25,3.5,17.6051,-4.84971e-06,1.43618
0,0.25,3.5,18.1051,-4.84807e-06,1.43618
0,0.25,3.5,18.6051,-4.84315e-06,1.43618
0,0.25,3.5,19.1051,-4.82434e-06,1.43618
0,0.25,3.5,19.6051,-4.79285e-06,1.43618
0,0.25,3.5,20.1051,-5.19027e-06,1.43616
0,0.25,3.5,20.6051,-6.72031e-06,1.43618
0,0.25,3.5,21.1051,-4.98249e-06,1.43614
0,0.25,3.5,21.6051,-7.03825e-06,1.43618
0,0.25,3.5,22.1051,-1.50971e-06,1.4361
0,0.25,3.5,22.6051,2.81104e-05,1.43617
0,0.25,3.5,23.1051,5.68985e-05,1.4361
0,0.25,3.50001,23.6051,0.00030269,1.43619
0,0.25,3.5,24.1051,7.51003e-05,1.43588
0,0.25,4,9.60513,3.18875e-06,1.43617
0,0.25,4,10.1051,1.31268e-05,1.43618
0,0.25,4,10.6051,2.5761e-06,1.43618
0,0.25,4,11.1051,-1.66101e-06,1.43618
0,0.25,4,11.6051,-2.12638e-06,1.43618
0,0.25,4,12.1051,-3.12575e-06,1.43618
0,0.25,4,12.6051,-3.49684e-06,1.43618
0,0.25,4,13.1051,-4.02118e-06,1.43618
0,0.25,4,13.6051,-4.18512e-06,1.43618
0,0.25,4,14.1051,-4.3344e-06,1.43618
0,0.25,4,14.6051,-4.37684e-06,1.43618
0,0.25,4,15.1051,-4.39967e-06,1.43618
0,0.25,4,15.6051,-4.40584e-06,1.43618
0,0.25,4,16.1051,-4.40792e-06,1.43618
0,0.25,4,16.6051,-4.40843e-06,1.43618
0,0.25,4,17.1051,-4.40845e-06,1.43618
0,0.25,4,17.6051,-4.40799e-06,1.43618
0,0.25,4,18.1051,-4.40612e-06,1.43618
0,0.25,4,18.6051,-4.40077e-06,1.43618
0,0.25,4,19.1051,-4.26788e-06,1.43618
0,0.25,4,19.6051,-3.87842e-06,1.43618
0,0.25,4,20.1051,-2.9828e-06,1.43617
0,0.25,4,20.6051,4.75891e-07,1.43618
0,0.25,4,21.1051,-3.50021e-06,1.43614
0,0.25,4,21.6051,-9.32217e-06,1.43617
0,0.25,4,22.1051,-1.38589e-05,1.43609
0,0.25,4,22.6051,-1.96952e-05,1.43616
0,0.25,4,23.1051,-4.38278e-05,1.436
0,0.25,4,23.6051,-0.000147623,1.43621
0,0.25,4,24.1051,-3.33373e-05,1.436
0,0.25,4.5,9.60513,-2.02039e-08,1.43618
0,0.25,4.5,10.1051,-2.58354e-07,1.43618
0,0.25,4.5,10.6051,-1.13736e-07,1.43618
0,0.25,4.5,11.1051,-1.16155e-07,1.43618
0,0.25,4.5,11.6051,-1.44735e-07,1.43618
0,0.25,4.5,12.1051,-2.0157e-07,1.43618
0,0.25,4.5,12.6051,-2.39783e-07,1.43618
0,0.25,4.5,13.1051,-2.96936e-07,1.43618
0,0.25,4.5,13.6051,-3.2039e-07,1.43618
0,0.25,4.5,14.1051,-3.4144e-07,1.43618
0,0.25,4.5,14.6051,-3.48578e-07,1.43618
0,0.25,4.5,15.1051,-3.52457e-07,1.43618
0,0.25,4.5,15.6051,-3.53607e-07,1.43618
0,0.25,4.5,16.1051,-3.54024e-07,1.43618
0,0.25,4.5,16.6051,-3.54131e-07,1.43618
0,0.25,4.5,17.1051,-3.54133e-07,1.43618
0,0.25,4.5,17.6051,-3.54041e-07,1.43618
0,0.25,4.5,18.1051,-3.53649e-07,1.43618
0,0.25,4.5,18.6051,-3.5258e-07,1.43618
0,0.25,4.5,19.1051,-3.48674e-07,1.43618
0,0.25,4.5,19.6051,-3.3686e-07,1.43618
0,0.25,4.5,20.1051,-2.48008e-08,1.43617
0,0.25,4.5,20.6051,8.76503e-07,1.43618
0,0.25,4.5,21.1051,9.12018e-07,1.43614
0,0.25,4.5,21.6051,3.41452e-06,1.43617
0,0.25,4.5,22.1051,6.79979e-06,1.43611
0,0.25,4.5,22.6051,2.86471e-05,1.43618
0,0.25,4.5,23.1051,5.95752e-05,1.43606
0,0.25,4.5,23.6051,0.000148108,1.4362
0,0.25,4.5,24.1051,3.40112e-05,1.43593
0,0.25,5,9.60513,2.02048e-08,1.43618
0,0.25,5,10.1051,2.58357e-07,1.43618
0,0.25,5,10.6051,1.13735e-07,1.43618
0,0.25,5,11.1051,1.16153e-07,1.43618
0,0.25,5,11.6051,1.44735e-07,1.43618
0,0.25,5,12.1051,2.01575e-07,1.43618
0,0.25,5,12.6051,2.39789e-07,1.43618
0,0.25,5,13.1051,2.96942e-07,1.43618
0,0.25,5,13.6051,3.20396e-07,1.43618
0,0.25,5,14.1051,3.41445e-07,1.43618
0,0.25,5,14.6051,3.48583e-07,1.43618
0,0.25,5,15.1051,3.52462e-07,1.43618
0,0.25,5,15.6051,3.53613e-07,1.43618
0,0.25,5,16.1051,3.54029e-07,1.43618
0,0.25,5,16.6051,3.54135e-07,1.43618
0,0.25,5,17.1051,3.54138e-07,1.43618
0,0.25,5,17.6051,3.54046e-07,1.43618
0,0.25,5,18.1051,3.53654e-07,1.43618
0,0.25,5,18.6051,3.52585e-07,1.43618
0,0.25,5,19.1051,3.48678e-07,1.43618
0,0.25,5,19.6051,3.36865e-07,1.43618
0,0.25,5,20.1051,2.47967e-08,1.43617
0,0.25,5,20.6051,-8.76536e-07,1.43618
0,0.25,5,21.1051,-9.1202e-07,1.43614
0,0.25,5,21.6051,-3.4145e-06,1.43617
0,0.25,5,22.1051,-6.79978e-06,1.43611
0,0.25,5,22.6051,-2.86471e-05,1.43618
0,0.25,5,23.1051,-5.95752e-05,1.43606
0,0.25,5,23.6051,-0.000148108,1.4362
0,0.25,5,24.1051,-3.40112e-05,1.43593
0,0.25,5.5,9.60513,-3.18875e-06,1.43617
0,0.25,5.5,10.1051,-1.31268e-05,1.43618
0,0.25,5.5,10.6051,-2.57609e-06,1.43618
0,0.25,5.5,11.1051,1.66101e-06,1.43618
0,0.25,5.5,11.6051,2.12638e-06,1.43618
0,0.25,5.5,12.1051,3.12575e-06,1.43618
0,0.25,5.5,12.6051,3.49683e-06,1.43618
0,0.25,5.5,13.1051,4.02117e-06,1.43618
0,0.25,5.5,13.6051,4.18512e-06,1.43618
0,0.25,5.5,14.1051,4.3344e-06,1.43618
0,0.25,5.5,14.6051,4.37684e-06,1.43618
0,0.25,5.5,15.1051,4.39967e-06,1.43618
0,0.25,5.5,15.6051,4.40584e-06,1.43618
0,0.25,5.5,16.1051,4.40792e-06,1.43618
0,0.25,5.5,16.6051,4.40843e-06,1.43618
0,0.25,5.5,17.1051,4.40845e-06,1.43618
0,0.25,5.5,17.6051,4.40799e-06,1.43618
0,0.25,5.5,18.1051,4.40612e-06,1.43618
0,0.25,5.5,18.6051,4.40077e-06,1.43618
0,0.25,5.5,19.1051,4.26788e-06,1.43618
0,0.25,5.5,19.6051,3.87843e-06,1.43618
0,0.25,5.5,20.1051,2.98281e-06,1.43617
0,0.25,5.5,20.6051,-4.75878e-07,1.43618
0,0.25,5.5,21.1051,3.50021e-06,1.43614
0,0.25,5.5,21.6051,9.32216e-06,1.43617
0,0.25,5.5,22.1051,1.38589e-05,1.43609
0,0.25,5.5,22.6051,1.96952e-05,1.43616
0,0.25,5.5,23.1051,4.38278e-05,1.436
0,0.25,5.5,23.6051,0.000147623,1.43621
0,0.25,5.5,24.1051,3.33373e-05,1.436
0,0.25,6,9.60513,3.13667e-07,1.43616
0,0.25,6,10.1051,1.18265e-06,1.43618
0,0.25,6,10.6051,9.32856e-07,1.43619
0,0.25,6,11.1051,2.00581e-06,1.43618
0,0.25,6,11.6051,2.43318e-06,1.43618
0,0.25,6,12.1051,3.53271e-06,1.43618
0,0.25,6,12.6051,3.92669e-06,1.43618
0,0.25,6,13.1051,4.4672e-06,1.43618
0,0.25,6,13.6051,4.63488e-06,1.43618
0,0.25,6,14.1051,4.77985e-06,1.43618
0,0.25,6,14.6051,4.82098e-06,1.43618
0,0.25,6,15.1051,4.84209e-06,1.43618
0,0.25,6,15.6051,4.84779e-06,1.43618
0,0.25,6,16.1051,4.84965e-06,1.43618
0,0.25,6,16.6051,4.8501e-06,1.43618
0,0.25,6,17.1051,4.85011e-06,1.43618
0,0.25,6,17.6051,4.84971e-06,1.43618
0,0.25,6,18.1051,4.84806e-06,1.43618
0,0.25,6,18.6051,4.84315e-06,1.43618
0,0.25,6,19.1051,4.82433e-06,1.43618
0,0.25,6,19.6051,4.79285e-06,1.43618
0,0.25,6,20.1051,5.19027e-06,1.43616
0,0.25,6,20.6051,6.72031e-06,1.43618
0,0.25,6,21.1051,4.98248e-06,1.43614
0,0.25,6,21.6051,7.03825e-06,1.43618
0,0.25,6,22.1051,1.50971e-06,1.4361
0,0.25,6,22.6051,-2.81104e-05,1.43617
0,0.25,6,23.1051,-5.68985e-05,1.4361
0,0.25,5.99999,23.6051,-0.00030269,1.43619
0,0.25,6,24.1051,-7.51003e-05,1.43588
0,0.25,6.5,9.60512,3.84072e-06,1.4359
0,0.25,6.5,10.1051,1.57388e-05,1.43557
0,0.25,6.5,10.6051,5.42299e-06,1.43565
0,0.25,6.5,11.1051,3.56986e-06,1.43565
0,0.25,6.5,11.6051,4.22991e-06,1.43565
0,0.25,6.5,12.1051,5.04415e-06,1.43565
0,0.25,6.5,12.6051,5.32596e-06,1.43565
0,0.25,6.5,13.1051,5.55992e-06,1.43565
0,0.25,6.5,13.6051,5.63323e-06,1.43565
0,0.25,6.5,14.1051,5.67186e-06,1.43565
0,0.25,6.5,14.6051,5.68355e-06,1.43565
0,0.25,6.5,15.1051,5.6874e-06,1.43565
0,0.25,6.5,15.6051,5.68852e-06,1.43565
0,0.25,6.5,16.1051,5.6888e-06,1.43565
0,0.25,6.5,16.6051,5.68887e-06,1.43565
0,0.25,6.5,17.1051,5.68887e-06,1.43565
0,0.25,6.5,17.6051,5.68881e-06,1.43565
0,0.25,6.5,18.1051,5.68857e-06,1.43565
0,0.25,6.5,18.6051,5.68756e-06,1.43565
0,0.25,6.5,19.1051,5.79656e-06,1.43565
0,0.25,6.5,19.6051,6.13937e-06,1.43565
0,0.25,6.5,20.1051,9.11225e-06,1.43564
0,0.25,6.5,20.6051,1.94233e-05,1.43565
0,0.25,6.5,21.1051,1.72159e-05,1.43561
0,0.25,6.5,21.6051,3.98921e-05,1.43565
0,0.25,6.5,22.1051,3.10842e-05,1.43553
0,0.25,6.5,22.6051,7.77106e-05,1.43564
0,0.25,6.5,23.1051,2.07271e-05,1.43521
0,0.25,6.5,23.6051,-2.39053e-06,1.43557
0,0.25,6.5,24.1051,2.50073e-07,1.43601
0,0.25,7,9.60275,6.582e-07,1.37588
0,0.25,7,10.1031,1.08665e-06,1.38388
0,0.25,7,10.6031,1.89887e-06,1.38402
0,0.25,7,11.1031,3.34447e-06,1.38402
0,0.25,7,11.6031,4.13371e-06,1.38402
0,0.25,7,12.1031,4.84222e-06,1.38402
0,0.25,7,12.6031,5.09005e-06,1.38402
0,0.25,7,13.1031,5.26327e-06,1.38402
0,0.25,7,13.6031,5.31443e-06,1.38402
0,0.25,7,14.1031,5.33817e-06,1.38402
0,0.25,7,14.6031,5.34464e-06,1.38402
0,0.25,7,15.1031,5.3465e-06,1.38402
0,0.25,7,15.6031,5.34698e-06,1.38402
0,0.25,7,16.1031,5.34708e-06,1.38402
0,0.25,7,16.6031,5.34711e-06,1.38402
0,0.25,7,17.1031,5.34711e-06,1.38402
0,0.25,7,17.6031,5.34709e-06,1.38402
0,0.25,7,18.1031,5.347e-06,1.38402
0,0.25,7,18.6031,5.3466e-06,1.38402
0,0.25,7,19.1031,5.34529e-06,1.38402
0,0.25,7,19.6031,5.34623e-06,1.38402
0,0.25,7,20.1031,7.35737e-06,1.38402
0,0.25,7,20.6031,1.36752e-05,1.38402
0,0.25,7,21.1031,1.73178e-05,1.38402
0,0.25,7,21.6031,4.67222e-05,1.38402
0,0.25,7,22.1031,5.17933e-05,1.384
0,0.25,7.00001,22.6031,0.000157495,1.38402
0,0.25,7.00001,23.1031,0.000188073,1.3839
0,0.25,7.00002,23.6031,0.000603453,1.38388
0,0.25,7,24.1027,0.000150406,1.37563
1,0.25,7.5,1.5,0,0
1,0.25,8,1.5,0,0
1,0.25,1.5,1.5,0,0
1,0.25,2,1.5,0,0
1,0.25,7.5,2,0,0
1,0.25,8,2,0,0
1,0.25,1.5,2,0,0
1,0.25,2,2,0,0
1,0.25,7.5,2.5,0,0
1,0.25,8,2.5,0,0
1,0.25,1.5,2.5,0,0
1,0.25,2,2.5,0,0
1,0.25,7.5,3,0,0
1,0.25,8,3,0,0
1,0.25,1.5,3,0,0
1,0.25,2,3,0,0
1,0.25,7.5,3.5,0,0
1,0.25,8,3.5,0,0
1,0.25,1.5,3.5,0,0
1,0.25,2,3.5,0,0
1,0.25,7.5,4,0,0
1,0.25,8,4,0,0
1,0.25,1.5,4,0,0
1,0.25,2,4,0,0
1,0.25,7.5,4.5,0,0
1,0.25,8,4.5,0,0
1,0.25,1.5,4.5,0,0
1,0.25,2,4.5,0,0
1,0.25,7.5,5,0,0
1,0.25,8,5,0,0
1,0.25,1.5,5,0,0
1,0.25,2,5,0,0
1,0.25,7.5,5.5,0,0
1,0.25,8,5.5,0,0
1,0.25,1.5,5.5,0,0
1,0.25,2,5.5,0,0
1,0.25,7.5,6,0,0
1,0.25,8,6,0,0
1,0.25,1.5,6,0,0
1,0.25,2,6,0,0
1,0.25,7.5,6.5,0,0
1,0.25,8,6.5,0,0
1,0.25,1.5,6.5,0,0
1,0.25,2,6.5,0,0
1,0.25,7.5,7,0,0
1,0.25,8,7,0,0
1,0.25,1.5,7,0,0
1,0.25,2,7,0,0
1,0.25,7.5,7.5,0,0
1,0.25,8,7.5,0,0
1,0.25,1.5,7.5,0,0
1,0.25,2,7.5,0,0
1,0.25,7.5,8,0,0
1,0.25,8,8,0,0
1,0.25,1.5,8,0,0
1,0.25,2,8,0,0
1,0.25,7.5,8.5,0,0
1,0.25,8,8.5,0,0
1,0.25,1.5,8.5,0,0
1,0.25,2,8.5,0,0
1,0.25,7.5,9,0,0
1,0.25,8,9,0,0
1,0.25,1.5,9,0,0
1,0.25,2,9,0,0
1,0.25,7.5,9.5,0,0
1,0.25,8,9.5,0,0
1,0.25,1.5,9.5,0,0
1,0.25,2,9.5,0,0
1,0.25,7.5,10,0,0
1,0.25,8,10,0,0
1,0.25,1.5,10,0,0
1,0.25,2,10,0,0
1,0.25,7.5,10.5,0,0
1,0.25,8,10.5,0,0
1,0.25,1.5,10.5,0,0
1,0.25,2,10.5,0,0
1,0.25,7.5,11,0,0
1,0.25,8,11,0,0
1,0.25,1.5,11,0,0
1,0.25,2,11,0,0
1,0.25,7.5,11.5,0,0
1,0.25,8,11.5,0,0
1,0.25,1.5,11.5,0,0
1,0.25,2,11.5,0,0
1,0.25,7.5,12,0,0
1,0.25,8,12,0,0
1,0.25,1.5,12,0,0
1,0.25,2,12,0,0
1,0.25,7.5,12.5,0,0
1,0.25,8,12.5,0,0
1,0.25,1.5,12.5,0,0
1,0.25,2,12.5,0,0
1,0.25,7.5,13,0,0
1,0.25,8,13,0,0
1,0.25,1.5,13,0,0
1,0.25,2,13,0,0
1,0.25,7.5,13.5,0,0
1,0.25,8,13.5,0,0
1,0.25,1.5,13.5,0,0
1,0.25,2,13.5,0,0
1,0.25,7.5,14,0,0
1,0.25,8,14,0,0
1,0.25,1.5,14,0,0
1,0.25,2,14,0,0
1,0.25,7.5,14.5,0,0
1,0.25,8,14.5,0,0
1,0.25,1.5,14.5,0,0
1,0.25,2,14.5,0,0
1,0.25,7.5,15,0,0
1,0.25,8,15,0,0
1,0.25,1.5,15,0,0
1,0.25,2,15,0,0
1,0.25,7.5,15.5,0,0
1,0.25,8,15.5,0,0
1,0.25,1.5,15.5,0,0
1,0.25,2,15.5,0,0
1,0.25,7.5,16,0,0
1,0.25,8,16,0,0
1,0.25,1.5,16,0,0
1,0.25,2,16,0,0
1,0.25,7.5,16.5,0,0
1,0.25,8,16.5,0,0
1,0.25,1.5,16.5,0,0
1,0.25,2,16.5,0,0
1,0.25,7.5,17,0,0
1,0.25,8,17,0,0
1,0.25,1.5,17,0,0
1,0.25,2,17,0,0
1,0.25,7.5,17.5,0,0
1,0.25,8,17.5,0,0
1,0.25,1.5,17.5,0,0
1,0.25,2,17.5,0,0
1,0.25,7.5,18,0,0
1,0.25,8,18,0,0
1,0.25,1.5,18,0,0
1,0.25,2,18,0,0
1,0.25,7.5,18.5,0,0
1,0.25,8,18.5,0,0
1,0.25,1.5,18.5,0,0
1,0.25,2,18.5,0,0
1,0.25,7.5,19,0,0
1,0.25,8,19,0,0
1,0.25,1.5,19,0,0
1,0.25,2,19,0,0
1,0.25,7.5,19.5,0,0
1,0.25,8,19.5,0,0
1,0.25,1.5,19.5,0,0
1,0.25,2,19.5,0,0
1,0.25,7.5,20,0,0
1,0.25,8,20,0,0
1,0.25,1.5,20,0,0
1,0.25,2,20,0,0
1,0.25,7.5,20.5,0,0
1,0.25,8,20.5,0,0
1,0.25,1.5,20.5,0,0
1,0.25,2,20.5,0,0
1,0.25,7.5,21,0,0
1,0.25,8,21,0,0
1,0.25,1.5,21,0,0
1,0.25,2,21,0,0
1,0.25,7.5,21.5,0,0
1,0.25,8,21.5,0,0
1,0.25,1.5,21.5,0,0
1,0.25,2,21.5,0,0
1,0.25,7.5,22,0,0
1,0.25,8,22,0,0
1,0.25,1.5,22,0,0
1,0.25,2,22,0,0
1,0.25,7.5,22.5,0,0
1,0.25,8,22.5,0,0
1,0.25,1.5,22.5,0,0
1,0.25,2,22.5,0,0
1,0.25,7.5,23,0,0
1,0.25,8,23,0,0
1,0.25,1.5,23,0,0
1,0.25,2,23,0,0
1,0.25,7.5,23.5,0,0
1,0.25,8,23.5,0,0
1,0.25,1.5,23.5,0,0
1,0.25,2,23.5,0,0
1,0.25,7.5,24,0,0
1,0.25,8,24,0,0
1,0.25,1.5,24,0,0
1,0.25,2,24,0,0
1,0.25,7.5,24.5,0,0
1,0.25,8,24.5,0,0
1,0.25,1.5,24.5,0,0
1,0.25,2,24.5,0,0
1,0.25,7.5,25,0,0
1,0.25,8,25,0,0
1,0.25,1.5,25,0,0
1,0.25,2,25,0,0
1,0.25,7.5,25.5,0,0
1,0.25,8,25.5,0,0
1,0.25,1.5,25.5,0,0
1,0.25,2,25.5,0,0
1,0.25,2.5,1.5,0,0
1,0.25,2.5,2,0,0
1,0.25,2.5,25,0,0
1,0.25,2.5,25.5,0,0
1,0.25,3,1.5,0,0
1,0.25,3,2,0,0
1,0.25,3,25,0,0
1,0.25,3,25.5,0,0
1,0.25,3.5,1.5,0,0
1,0.25,3.5,2,0,0
1,0.25,3.5,25,0,0
1,0.25,3.5,25.5,0,0
1,0.25,4,1.5,0,0
1,0.25,4,2,0,0
1,0.25,4,25,0,0
1,0.25,4,25.5,0,0
1,0.25,4.5,1.5,0,0
1,0.25,4.5,2,0,0
1,0.25,4.5,25,0,0
1,0.25,4.5,25.5,0,0
1,0.25,5,1.5,0,0
1,0.25,5,2,0,0
1,0.25,5,25,0,0
1,0.25,5,25.5,0,0
1,0.25,5.5,1.5,0,0
1,0.25,5.5,2,0,0
1,0.25,5.5,25,0,0
1,0.25,5.5,25.5,0,0
1,0.25,6,1.5,0,0
1,0.25,6,2,0,0
1,0.25,6,25,0,0
1,0.25,6,25.5,0,0
1,0.25,6.5,1.5,0,0
1,0.25,6.5,2,0,0
1,0.25,6.5,25,0,0
1,0.25,6.5,25.5,0,0
1,0.25,7,1.5,0,0
1,0.25,7,2,0,0
1,0.25,7,25,0,0
1,0.25,7,25.5,0,0
