536 2 0.5 3500 0.2 2 0 2e-06 0 9.81 10 35
0,0.25,2.5,10.6419,-8.46603e-06,4.23084
0,0.25,2.5,11.1603,-2.65354e-05,4.33252
0,0.25,2.5,11.6614,-4.49076e-05,4.34075
0,0.25,2.49999,12.1615,-0.00133049,4.33986
0,0.25,2.49993,12.6614,-0.0156469,4.32595
0,0.25,2.49965,13.1609,-0.0532321,4.25001
0,0.25,2.49908,13.6594,-0.084809,4.10174
0,0.25,2.49855,14.1564,-0.117568,3.89483
0,0.25,2.49752,14.6512,-0.172167,3.55149
0,0.25,2.49611,15.1424,-0.251759,3.02557
0,0.25,2.49397,15.6281,-0.32041,2.35112
0,0.25,2.49136,16.1071,-0.379734,1.55833
0,0.25,2.48872,16.5794,-0.353247,0.817981
0,0.25,2.48653,17.0454,-0.22626,0.307713
0,0.25,2.48596,17.5078,0.0128753,0.0827414
0,0.25,2.48698,17.9699,0.257467,0.168329
0,0.25,2.48979,18.4336,0.446623,0.420997
0,0.25,2.49173,18.8998,0.384249,0.525321
0,0.25,2.49182,19.3698,0.165832,0.591929
0,0.25,2.48733,19.8406,-0.17017,0.505151
0,0.25,2.48111,20.3173,-0.451422,0.415015
0,0.25,2.4731,20.7953,-0.614903,0.642746
0,0.25,2.46637,21.2777,-0.643962,0.501887
0,0.25,2.46005,21.7619,-0.580976,0.715054
0,0.25,2.45931,22.2413,-0.440002,0.568259
0,0.25,2.45804,22.7197,-0.178186,0.63935
0,0.25,2.46852,23.1911,0.163574,0.714007
0,0.25,2.47612,23.6548,0.399467,0.782544
0,0.25,2.48459,24.1174,0.865374,0.51613
0,0.25,2.49003,24.5675,0.541426,0.426706
0,0.25,2.99999,10.7784,-3.57488e-05,4.95308
0,0.25,2.99995,11.278,-0.00132809,4.95582
0,0.25,2.99994,11.7784,-0.00683182,4.95766
0,0.25,2.99985,12.2783,-0.0161248,4.94206
0,0.25,2.9995,12.7781,-0.0463247,4.89766
0,0.25,2.99918,13.2769,-0.0742631,4.78416
0,0.25,2.99835,13.7748,-0.102417,4.59994
0,0.25,2.99784,14.2706,-0.142146,4.32774
0,0.25,2.99652,14.7633,-0.189871,3.85178
0,0.25,2.99489,15.2516,-0.278847,3.21337
0,0.25,2.99275,15.7333,-0.319132,2.45976
0,0.25,2.99002,16.2082,-0.3223,1.64563
0,0.25,2.98817,16.6773,-0.237839,1.06471
0,0.25,2.9872,17.1422,-0.0247307,0.827547
0,0.25,2.98808,17.6067,0.196808,0.83413
0,0.25,2.99044,18.0742,0.31051,1.18246
0,0.25,2.99306,18.5421,0.328951,1.45437
0,0.25,2.99236,19.014,0.0254576,1.39306
0,0.25,2.98995,19.484,-0.263385,1.66169
0,0.25,2.98181,19.9488,-0.394681,1.30861
0,0.25,2.97523,20.4174,-0.502242,1.39963
0,0.25,2.96977,20.8754,-0.302303,1.36718
0,0.25,2.96585,21.338,-0.322175,0.792864
0,0.25,2.96475,21.7905,-0.356587,0.62443
0,0.25,2.96398,22.2436,-0.439725,0.0830484
0,0.25,2.96611,22.6918,-0.320245,0.0660356
0,0.25,2.96897,23.146,0.0731398,-0.136529
0,0.25,2.97968,23.6026,0.285453,0.198272
0,0.25,2.97629,24.0643,0.715666,0.115369
0,0.25,3.00338,24.5396,0.84451,0.568863
0,0.25,3.5,10.7847,-1.32144e-05,5.01959
0,0.25,3.49997,11.2846,-0.0019419,5.0121
0,0.25,3.49987,11.7846,-0.00967746,5.0098
0,0.25,3.49983,12.2843,-0.0150503,4.98277
0,0.25,3.49951,12.784,-0.0314934,4.93405
0,0.25,3.49941,13.2827,-0.0382742,4.8361
0,0.25,3.49896,13.7805,-0.0443413,4.62827
0,0.25,3.49859,14.2762,-0.0800333,4.34592
0,0.25,3.49794,14.7681,-0.104682,3.8422
0,0.25,3.49673,15.2561,-0.155796,3.17027
0,0.25,3.49552,15.7369,-0.199698,2.45156
0,0.25,3.49376,16.2109,-0.196765,1.62135
0,0.25,3.49202,16.6802,-0.198666,1.06716
0,0.25,3.49117,17.1441,-0.10074,0.880819
0,0.25,3.49036,17.6076,0.0364548,0.699318
0,0.25,3.49098,18.074,0.0787131,0.92833
0,0.25,3.49205,18.5368,0.153511,1.04824
0,0.25,3.49154,19.0043,0.067932,0.69974
0,0.25,3.49088,19.4706,-0.101681,1.23499
0,0.25,3.48842,19.9306,-0.138146,0.911759
0,0.25,3.48396,20.4029,-0.346641,1.05148
0,0.25,3.48225,20.8603,-0.36958,1.32931
0,0.25,3.47648,21.3259,-0.377977,0.40146
0,0.25,3.47573,21.7837,-0.512362,0.539953
0,0.25,3.47362,22.2399,-0.261808,0.0902759
0,0.25,3.47612,22.6971,-0.107097,0.308222
0,0.25,3.47603,23.1531,0.0215734,-0.091714
0,0.25,3.48968,23.6129,0.293214,0.197189
0,0.25,3.47281,24.0647,0.230712,-0.0924233
0,0.25,3.49054,24.5288,0.456404,0.51535
0,0.25,4.00001,10.7848,-1.72727e-05,5.02051
0,0.25,4.00001,11.2847,-0.000917373,5.00968
0,0.25,3.99991,11.7848,-0.0041307,5.00871
0,0.25,3.99993,12.2843,-0.00511954,4.97991
0,0.25,3.99981,12.784,-0.0117866,4.92305
0,0.25,3.99972,13.2827,-0.0226984,4.83089
0,0.25,3.9995,13.7802,-0.0321369,4.60652
0,0.25,3.99912,14.2759,-0.0558181,4.31035
0,0.25,3.99869,14.7674,-0.0785468,3.81568
0,0.25,3.99792,15.2549,-0.0975904,3.11833
0,0.25,3.99697,15.7358,-0.131274,2.42475
0,0.25,3.9961,16.2092,-0.123419,1.63638
0,0.25,3.99495,16.6789,-0.0943032,1.08213
0,0.25,3.99455,17.144,-0.0525198,1.02387
0,0.25,3.99472,17.6075,0.0605643,0.826137
0,0.25,3.99495,18.076,0.0998516,0.971558
0,0.25,3.99609,18.5385,0.076527,1.13098
0,0.25,3.996,19.0045,0.0489933,0.540135
0,0.25,3.9944,19.4709,-0.167045,1.06145
0,0.25,3.9928,19.9271,-0.244052,0.840653
0,0.25,3.9885,20.3986,-0.236257,0.795614
0,0.25,3.98618,20.8562,-0.271685,1.39863
0,0.25,3.98467,21.318,-0.113741,0.297795
0,0.25,3.98435,21.7794,-0.0331175,0.500284
0,0.25,3.98432,22.2308,-0.0904658,0.161517
0,0.25,3.98792,22.6916,-0.0697858,0.299619
0,0.25,3.9875,23.149,-0.0649746,0.111831
0,0.25,3.99131,23.6165,0.0718087,0.464082
0,0.25,3.98769,24.0738,-0.220902,0.16033
0,0.25,3.98781,24.5388,0.0382086,0.321613
0,0.25,4.5,10.7848,-3.06357e-05,5.02038
0,0.25,4.49999,11.2846,-0.000318408,5.00836
0,0.25,4.49998,11.7847,-0.00129672,5.00656
0,0.25,4.49996,12.2843,-0.00344274,4.9762
0,0.25,4.4999,12.7839,-0.00672447,4.91595
0,0.25,4.49985,13.2825,-0.0102428,4.82474
0,0.25,4.49973,13.78,-0.0121717,4.60084
0,0.25,4.49966,14.2757,-0.0124227,4.29933
0,0.25,4.49952,14.7671,-0.0157408,3.80785
0,0.25,4.49944,15.2544,-0.0187521,3.1051
0,0.25,4.49916,15.7353,-0.0290876,2.40691
0,0.25,4.49892,16.2088,-0.0377276,1.65843
0,0.25,4.49857,16.6782,-0.0243036,1.10788
0,0.25,4.49817,17.144,-0.0215539,1.0552
0,0.25,4.49829,17.6078,0.00274404,0.912775
0,0.25,4.49817,18.0758,0.0382442,0.929214
0,0.25,4.49809,18.5394,-0.00561699,1.08281
0,0.25,4.49854,19.003,0.0158361,0.501509
0,0.25,4.49735,19.4694,-0.0271653,0.85355
0,0.25,4.49793,19.9265,-0.0588835,0.985011
0,0.25,4.49732,20.3954,0.0574941,0.82295
0,0.25,4.49666,20.8585,-0.0868555,1.3527
0,0.25,4.49826,21.3193,-0.0802065,0.576586
0,0.25,4.49521,21.7803,-0.120174,0.337853
0,0.25,4.49476,22.2358,-0.309584,0.20006
0,0.25,4.49342,22.6934,-0.0917922,0.375601
0,0.25,4.49117,23.1521,-0.0842136,0.212337
0,0.25,4.49757,23.6141,0.263788,0.469835
0,0.25,4.49576,24.0754,0.431678,0.260884
0,0.25,4.49473,24.538,0.252926,0.408229
0,0.25,5,10.7848,3.06357e-05,5.02038
0,0.25,5.00001,11.2846,0.000318408,5.00836
0,0.25,5.00002,11.7847,0.00129672,5.00656
0,0.25,5.00004,12.2843,0.00344274,4.9762
0,0.25,5.0001,12.7839,0.00672447,4.91595
0,0.25,5.00015,13.2825,0.0102428,4.82474
0,0.25,5.00027,13.78,0.0121717,4.60084
0,0.25,5.00034,14.2757,0.0124227,4.29933
0,0.25,5.00048,14.7671,0.0157408,3.80785
0,0.25,5.00056,15.2544,0.0187521,3.1051
0,0.25,5.00084,15.7353,0.0290876,2.40691
0,0.25,5.00108,16.2088,0.0377276,1.65843
0,0.25,5.00143,16.6782,0.0243036,1.10788
0,0.25,5.00183,17.144,0.0215539,1.0552
0,0.25,5.00171,17.6078,-0.00274404,0.912775
0,0.25,5.00183,18.0758,-0.0382442,0.929214
0,0.25,5.00191,18.5394,0.00561699,1.08281
0,0.25,5.00146,19.003,-0.0158361,0.501509
0,0.25,5.00265,19.4694,0.0271653,0.85355
0,0.25,5.00207,19.9265,0.0588835,0.985011
0,0.25,5.00268,20.3954,-0.0574941,0.82295
0,0.25,5.00334,20.8585,0.0868555,1.3527
0,0.25,5.00174,21.3193,0.0802065,0.576586
0,0.25,5.00479,21.7803,0.120174,0.337853
0,0.25,5.00524,22.2358,0.309584,0.20006
0,0.25,5.00658,22.6934,0.0917922,0.375601
0,0.25,5.00883,23.1521,0.0842136,0.212337
0,0.25,5.00243,23.6141,-0.263788,0.469835
0,0.25,5.00424,24.0754,-0.431678,0.260884
0,0.25,5.00527,24.538,-0.252926,0.408229
0,0.25,5.49999,10.7848,1.72727e-05,5.02051
0,0.25,5.49999,11.2847,0.000917373,5.00968
0,0.25,5.50009,11.7848,0.0041307,5.00871
0,0.25,5.50007,12.2843,0.00511953,4.97991
0,0.25,5.50019,12.784,0.0117866,4.92305
0,0.25,5.50028,13.2827,0.0226984,4.83089
0,0.25,5.5005,13.7802,0.0321369,4.60652
0,0.25,5.50088,14.2759,0.0558181,4.31035
0,0.25,5.50131,14.7674,0.0785468,3.81568
0,0.25,5.50208,15.2549,0.0975904,3.11833
0,0.25,5.50303,15.7358,0.131274,2.42475
0,0.25,5.5039,16.2092,0.123419,1.63638
0,0.25,5.50505,16.6789,0.0943032,1.08213
0,0.25,5.50545,17.144,0.0525198,1.02387
0,0.25,5.50528,17.6075,-0.0605643,0.826137
0,0.25,5.50505,18.076,-0.0998516,0.971558
0,0.25,5.50391,18.5385,-0.076527,1.13098
0,0.25,5.504,19.0045,-0.0489933,0.540135
0,0.25,5.5056,19.4709,0.167045,1.06145
0,0.25,5.5072,19.9271,0.244052,0.840653
0,0.25,5.5115,20.3986,0.236257,0.795614
0,0.25,5.51382,20.8562,0.271685,1.39863
0,0.25,5.51533,21.318,0.113741,0.297795
0,0.25,5.51565,21.7794,0.0331175,0.500284
0,0.25,5.51568,22.2308,0.0904658,0.161517
0,0.25,5.51208,22.6916,0.0697858,0.299619
0,0.25,5.5125,23.149,0.0649746,0.111831
0,0.25,5.50869,23.6165,-0.0718087,0.464082
0,0.25,5.51231,24.0738,0.220902,0.16033
0,0.25,5.51219,24.5388,-0.0382086,0.321613
0,0.25,6,10.7847,1.32144e-05,5.01959
0,0.25,6.00003,11.2846,0.0019419,5.0121
0,0.25,6.00013,11.7846,0.00967746,5.0098
0,0.25,6.00017,12.2843,0.0150503,4.98277
0,0.25,6.00049,12.784,0.0314934,4.93405
0,0.25,6.00059,13.2827,0.0382742,4.8361
0,0.25,6.00104,13.7805,0.0443413,4.62827
0,0.25,6.00141,14.2762,0.0800333,4.34592
0,0.25,6.00206,14.7681,0.104682,3.8422
0,0.25,6.00327,15.2561,0.155796,3.17027
0,0.25,6.00448,15.7369,0.199698,2.45156
0,0.25,6.00624,16.2109,0.196765,1.62135
0,0.25,6.00798,16.6802,0.198666,1.06716
0,0.25,6.00883,17.1441,0.10074,0.880819
0,0.25,6.00964,17.6076,-0.0364548,0.699318
0,0.25,6.00902,18.074,-0.0787131,0.92833
0,0.25,6.00795,18.5368,-0.153511,1.04824
0,0.25,6.00846,19.0043,-0.067932,0.69974
0,0.25,6.00912,19.4706,0.101681,1.23499
0,0.25,6.01158,19.9306,0.138146,0.911759
0,0.25,6.01604,20.4029,0.346641,1.05148
0,0.25,6.01775,20.8603,0.36958,1.32931
0,0.25,6.02352,21.3259,0.377977,0.40146
0,0.25,6.02427,21.7837,0.512362,0.539953
0,0.25,6.02638,22.2399,0.261808,0.0902759
0,0.25,6.02388,22.6971,0.107097,0.308222
0,0.25,6.02397,23.1531,-0.0215734,-0.091714
0,0.25,6.01032,23.6129,-0.293214,0.197189
0,0.25,6.02719,24.0647,-0.230712,-0.0924233
0,0.25,6.00946,24.5288,-0.456404,0.51535
0,0.25,6.50001,10.7784,3.57488e-05,4.95308
0,0.25,6.50005,11.278,0.00132809,4.95582
0,0.25,6.50006,11.7784,0.00683182,4.95766
0,0.25,6.50015,12.2783,0.0161248,4.94206
0,0.25,6.5005,12.7781,0.0463247,4.89766
0,0.25,6.50082,13.2769,0.0742631,4.78416
0,0.25,6.50165,13.7748,0.102417,4.59994
0,0.25,6.50216,14.2706,0.142146,4.32774
0,0.25,6.50348,14.7633,0.189871,3.85178
0,0.25,6.50511,15.2516,0.278847,3.21337
0,0.25,6.50725,15.7333,0.319132,2.45976
0,0.25,6.50998,16.2082,0.3223,1.64563
0,0.25,6.51183,16.6773,0.237839,1.06471
0,0.25,6.5128,17.1422,0.0247307,0.827547
0,0.25,6.51192,17.6067,-0.196808,0.83413
0,0.25,6.50956,18.0742,-0.31051,1.18246
0,0.25,6.50694,18.5421,-0.328951,1.45437
0,0.25,6.50764,19.014,-0.0254576,1.39306
0,0.25,6.51005,19.484,0.263385,1.66169
0,0.25,6.51819,19.9488,0.394681,1.30861
0,0.25,6.52477,20.4174,0.502242,1.39963
0,0.25,6.53023,20.8754,0.302303,1.36718
0,0.25,6.53415,21.338,0.322175,0.792864
0,0.25,6.53525,21.7905,0.356587,0.62443
0,0.25,6.53602,22.2436,0.439725,0.0830484
0,0.25,6.53389,22.6918,0.320245,0.0660356
0,0.25,6.53103,23.146,-0.0731398,-0.136529
0,0.25,6.52032,23.6026,-0.285453,0.198272
0,0.25,6.52371,24.0643,-0.715666,0.115369
0,0.25,6.49662,24.5396,-0.84451,0.568863
0,0.25,7,10.6419,8.46603e-06,4.23084
0,0.25,7,11.1603,2.65354e-05,4.33252
0,0.25,7,11.6614,4.49076e-05,4.34075
0,0.25,7.00001,12.1615,0.00133049,4.33986
0,0.25,7.00007,12.6614,0.0156469,4.32595
0,0.25,7.00035,13.1609,0.0532321,4.25001
0,0.25,7.00092,13.6594,0.084809,4.10174
0,0.25,7.00145,14.1564,0.117568,3.89483
0,0.25,7.00248,14.6512,0.172167,3.55149
0,0.25,7.00389,15.1424,0.251759,3.02557
0,0.25,7.00603,15.6281,0.32041,2.35112
0,0.25,7.00864,16.1071,0.379734,1.55833
0,0.25,7.01128,16.5794,0.353247,0.817981
0,0.25,7.01347,17.0454,0.22626,0.307713
0,0.25,7.01404,17.5078,-0.0128753,0.0827414
0,0.25,7.01302,17.9699,-0.257467,0.168329
0,0.25,7.01021,18.4336,-0.446623,0.420997
0,0.25,7.00827,18.8998,-0.384249,0.525321
0,0.25,7.00818,19.3698,-0.165832,0.591929
0,0.25,7.01267,19.8406,0.17017,0.505151
0,0.25,7.01889,20.3173,0.451422,0.415015
0,0.25,7.0269,20.7953,0.614903,0.642746
0,0.25,7.03363,21.2777,0.643962,0.501887
0,0.25,7.03995,21.7619,0.580976,0.715054
0,0.25,7.04069,22.2413,0.440002,0.568259
0,0.25,7.04196,22.7197,0.178186,0.63935
0,0.25,7.03148,23.1911,-0.163574,0.714007
0,0.25,7.02388,23.6548,-0.399467,0.782544
0,0.25,7.01541,24.1174,-0.865374,0.51613
0,0.25,7.00997,24.5675,-0.541426,0.426706
1,0.25,7.5,1.5,0,0
1,0.25,8,1.5,0,0
1,0.25,1.5,1.5,0,0
1,0.25,2,1.5,0,0
1,0.25,7.5,2,0,0
1,0.25,8,2,0,0
1,0.25,1.5,2,0,0
1,0.25,2,2,0,0
1,0.25,7.5,2.5,0,0
1,0.25,8,2.5,0,0
1,0.25,1.5,2.5,0,0
1,0.25,2,2.5,0,0
1,0.25,7.5,3,0,0
1,0.25,8,3,0,0
1,0.25,1.5,3,0,0
1,0.25,2,3,0,0
1,0.25,7.5,3.5,0,0
1,0.25,8,3.5,0,0
1,0.25,1.5,3.5,0,0
1,0.25,2,3.5,0,0
1,0.25,7.5,4,0,0
1,0.25,8,4,0,0
1,0.25,1.5,4,0,0
1,0.25,2,4,0,0
1,0.25,7.5,4.5,0,0
1,0.25,8,4.5,0,0
1,0.25,1.5,4.5,0,0
1,0.25,2,4.5,0,0
1,0.25,7.5,5,0,0
1,0.25,8,5,0,0
1,0.25,1.5,5,0,0
1,0.25,2,5,0,0
1,0.25,7.5,5.5,0,0
1,0.25,8,5.5,0,0
1,0.25,1.5,5.5,0,0
1,0.25,2,5.5,0,0
1,0.25,7.5,6,0,0
1,0.25,8,6,0,0
1,0.25,1.5,6,0,0
1,0.25,2,6,0,0
1,0.25,7.5,6.5,0,0
1,0.25,8,6.5,0,0
1,0.25,1.5,6.5,0,0
1,0.25,2,6.5,0,0
1,0.25,7.5,7,0,0
1,0.25,8,7,0,0
1,0.25,1.5,7,0,0
1,0.25,2,7,0,0
1,0.25,7.5,7.5,0,0
1,0.25,8,7.5,0,0
1,0.25,1.5,7.5,0,0
1,0.25,2,7.5,0,0
1,0.25,7.5,8,0,0
1,0.25,8,8,0,0
1,0.25,1.5,8,0,0
1,0.25,2,8,0,0
1,0.25,7.5,8.5,0,0
1,0.25,8,8.5,0,0
1,0.25,1.5,8.5,0,0
1,0.25,2,8.5,0,0
1,0.25,7.5,9,0,0
1,0.25,8,9,0,0
1,0.25,1.5,9,0,0
1,0.25,2,9,0,0
1,0.25,7.5,9.5,0,0
1,0.25,8,9.5,0,0
1,0.25,1.5,9.5,0,0
1,0.25,2,9.5,0,0
1,0.25,7.5,10,0,0
1,0.25,8,10,0,0
1,0.25,1.5,10,0,0
1,0.25,2,10,0,0
1,0.25,7.5,10.5,0,0
1,0.25,8,10.5,0,0
1,0.25,1.5,10.5,0,0
1,0.25,2,10.5,0,0
1,0.25,7.5,11,0,0
1,0.25,8,11,0,0
1,0.25,1.5,11,0,0
1,0.25,2,11,0,0
1,0.25,7.5,11.5,0,0
1,0.25,8,11.5,0,0
1,0.25,1.5,11.5,0,0
1,0.25,2,11.5,0,0
1,0.25,7.5,12,0,0
1,0.25,8,12,0,0
1,0.25,1.5,12,0,0
1,0.25,2,12,0,0
1,0.25,7.5,12.5,0,0
1,0.25,8,12.5,0,0
1,0.25,1.5,12.5,0,0
1,0.25,2,12.5,0,0
1,0.25,7.5,13,0,0
1,0.25,8,13,0,0
1,0.25,1.5,13,0,0
1,0.25,2,13,0,0
1,0.25,7.5,13.5,0,0
1,0.25,8,13.5,0,0
1,0.25,1.5,13.5,0,0
1,0.25,2,13.5,0,0
1,0.25,7.5,14,0,0
1,0.25,8,14,0,0
1,0.25,1.5,14,0,0
1,0.25,2,14,0,0
1,0.25,7.5,14.5,0,0
1,0.25,8,14.5,0,0
1,0.25,1.5,14.5,0,0
1,0.25,2,14.5,0,0
1,0.25,7.5,15,0,0
1,0.25,8,15,0,0
1,0.25,1.5,15,0,0
1,0.25,2,15,0,0
1,0.25,7.5,15.5,0,0
1,0.25,8,15.5,0,0
1,0.25,1.5,15.5,0,0
1,0.25,2,15.5,0,0
1,0.25,7.5,16,0,0
1,0.25,8,16,0,0
1,0.25,1.5,16,0,0
1,0.25,2,16,0,0
1,0.25,7.5,16.5,0,0
1,0.25,8,16.5,0,0
1,0.25,1.5,16.5,0,0
1,0.25,2,16.5,0,0
1,0.25,7.5,17,0,0
1,0.25,8,17,0,0
1,0.25,1.5,17,0,0
1,0.25,2,17,0,0
1,0.25,7.5,17.5,0,0
1,0.25,8,17.5,0,0
1,0.25,1.5,17.5,0,0
1,0.25,2,17.5,0,0
1,0.25,7.5,18,0,0
1,0.25,8,18,0,0
1,0.25,1.5,18,0,0
1,0.25,2,18,0,0
1,0.25,7.5,18.5,0,0
1,0.25,8,18.5,0,0
1,0.25,1.5,18.5,0,0
1,0.25,2,18.5,0,0
1,0.25,7.5,19,0,0
1,0.25,8,19,0,0
1,0.25,1.5,19,0,0
1,0.25,2,19,0,0
1,0.25,7.5,19.5,0,0
1,0.25,8,19.5,0,0
1,0.25,1.5,19.5,0,0
1,0.25,2,19.5,0,0
1,0.25,7.5,20,0,0
1,0.25,8,20,0,0
1,0.25,1.5,20,0,0
1,0.25,2,20,0,0
1,0.25,7.5,20.5,0,0
1,0.25,8,20.5,0,0
1,0.25,1.5,20.5,0,0
1,0.25,2,20.5,0,0
1,0.25,7.5,21,0,0
1,0.25,8,21,0,0
1,0.25,1.5,21,0,0
1,0.25,2,21,0,0
1,0.25,7.5,21.5,0,0
1,0.25,8,21.5,0,0
1,0.25,1.5,21.5,0,0
1,0.25,2,21.5,0,0
1,0.25,7.5,22,0,0
1,0.25,8,22,0,0
1,0.25,1.5,22,0,0
1,0.25,2,22,0,0
1,0.25,7.5,22.5,0,0
1,0.25,8,22.5,0,0
1,0.25,1.5,22.5,0,0
1,0.25,2,22.5,0,0
1,0.25,7.5,23,0,0
1,0.25,8,23,0,0
1,0.25,1.5,23,0,0
1,0.25,2,23,0,0
1,0.25,7.5,23.5,0,0
1,0.25,8,23.5,0,0
1,0.25,1.5,23.5,0,0
1,0.25,2,23.5,0,0
1,0.25,7.5,24,0,0
1,0.25,8,24,0,0
1,0.25,1.5,24,0,0
1,0.25,2,24,0,0
1,0.25,7.5,24.5,0,0
1,0.25,8,24.5,0,0
1,0.25,1.5,24.5,0,0
1,0.25,2,24.5,0,0
1,0.25,7.5,25,0,0
1,0.25,8,25,0,0
1,0.25,1.5,25,0,0
1,0.25,2,25,0,0
1,0.25,7.5,25.5,0,0
1,0.25,8,25.5,0,0
1,0.25,1.5,25.5,0,0
1,0.25,2,25.5,0,0
1,0.25,2.5,1.5,0,0
1,0.25,2.5,2,0,0
1,0.25,2.5,25,0,0
1,0.25,2.5,25.5,0,0
1,0.25,3,1.5,0,0
1,0.25,3,2,0,0
1,0.25,3,25,0,0
1,0.25,3,25.5,0,0
1,0.25,3.5,1.5,0,0
1,0.25,3.5,2,0,0
1,0.25,3.5,25,0,0
1,0.25,3.5,25.5,0,0
1,0.25,4,1.5,0,0
1,0.25,4,2,0,0
1,0.25,4,25,0,0
1,0.25,4,25.5,0,0
1,0.25,4.5,1.5,0,0
1,0.25,4.5,2,0,0
1,0.25,4.5,25,0,0
1,0.25,4.5,25.5,0,0
1,0.25,5,1.5,0,0
1,0.25,5,2,0,0
1,0.25,5,25,0,0
1,0.25,5,25.5,0,0
1,0.25,5.5,1.5,0,0
1,0.25,5.5,2,0,0
1,0.25,5.5,25,0,0
1,0.25,5.5,25.5,0,0
1,0.25,6,1.5,0,0
1,0.25,6,2,0,0
1,0.25,6,25,0,0
1,0.25,6,25.5,0,0
1,0.25,6.5,1.5,0,0
1,0.25,6.5,2,0,0
1,0.25,6.5,25,0,0
1,0.25,6.5,25.5,0,0
1,0.25,7,1.5,0,0
1,0.25,7,2,0,0
1,0.25,7,25,0,0
1,0.25,7,25.5,0,0
