536 2 0.5 3500 0.2 2 0 2e-06 0 9.81 10 35
0,0.25,2.42736,10.8303,-0.404828,-1.23426
0,0.25,2.77787,11.2289,1.73128,-1.72941
0,0.25,2.42305,11.8325,-0.909042,-0.971488
0,0.25,2.64112,12.2394,-0.00227939,-2.20433
0,0.25,2.39893,12.7121,-0.488477,-3.01895
0,0.25,2.57847,13.1708,0.395636,-2.00812
0,0.25,2.45082,13.6563,-0.649573,-2.80004
0,0.25,2.52569,14.1595,-0.0221741,-2.36758
0,0.25,2.48711,14.6548,-0.35937,-2.83967
0,0.25,2.50292,15.1668,-0.140384,-2.88012
0,0.25,2.49065,15.6706,-0.167534,-2.64294
0,0.25,2.49067,16.1697,-0.113986,-2.64138
0,0.25,2.49369,16.665,0.132516,-2.2065
0,0.25,2.50013,17.1446,0.083381,-1.53923
0,0.25,2.51159,17.6103,0.046911,-1.24275
0,0.25,2.51603,18.0657,0.0497135,-0.834004
0,0.25,2.514,18.5084,-0.0518264,-0.670926
0,0.25,2.50754,18.9485,0.0761182,-0.690174
0,0.25,2.49092,19.3877,0.256362,-0.71689
0,0.25,2.47189,19.8389,0.379916,-0.647365
0,0.25,2.45747,20.3057,0.457889,-0.398701
0,0.25,2.4524,20.7865,0.425813,-0.0447677
0,0.25,2.44881,21.2773,0.439483,0.184495
0,0.25,2.44464,21.7768,0.407838,0.225148
0,0.25,2.44219,22.2738,0.333581,-0.328668
0,0.25,2.43398,22.77,0.294369,-1.05507
0,0.25,2.44301,23.2633,0.0525511,-1.14764
0,0.25,2.46071,23.724,-0.0362641,-0.859683
0,0.25,2.438,24.1879,-0.659816,-0.105678
0,0.25,2.52443,24.6181,-0.148252,0.865445
0,0.25,3.22277,10.7422,1.63986,-3.21615
0,0.25,3.06932,11.4826,0.381388,-1.9434
0,0.25,3.06775,11.9296,-0.516304,-1.97967
0,0.25,3.00443,12.5048,-0.375281,-2.1617
0,0.25,3.01417,12.9743,-0.253864,-1.78378
0,0.25,2.99641,13.5101,-0.26523,-1.93152
0,0.25,2.98219,13.9882,-0.577106,-1.9302
0,0.25,2.97211,14.5094,-0.527825,-1.89437
0,0.25,2.9636,15.0065,-0.405937,-2.01344
0,0.25,2.96734,15.5173,-0.148047,-2.01486
0,0.25,2.97291,16.0155,-0.275342,-1.80073
0,0.25,2.9847,16.5109,-0.188784,-1.80762
0,0.25,2.99875,16.9968,-0.176589,-1.36764
0,0.25,3.01748,17.4783,0.00730001,-1.21922
0,0.25,3.03126,17.9562,0.281556,-0.940357
0,0.25,3.03525,18.4301,0.34092,-0.86886
0,0.25,3.0312,18.8979,0.32883,-0.463261
0,0.25,3.01047,19.3575,0.361127,-0.436788
0,0.25,2.97929,19.8123,0.323535,-0.215725
0,0.25,2.95386,20.2594,0.447853,-0.114082
0,0.25,2.93814,20.7095,0.632533,0.143268
0,0.25,2.92832,21.161,0.593261,0.410592
0,0.25,2.92203,21.6173,0.428452,1.05152
0,0.25,2.92053,22.0717,0.373857,1.49257
0,0.25,2.9197,22.5194,-0.0546208,2.00639
0,0.25,2.91817,22.9637,-0.14376,2.08255
0,0.25,2.9627,23.3833,0.0546934,2.09149
0,0.25,2.98937,23.8046,-0.00606517,1.99786
0,0.25,2.96065,24.2166,-1.20829,1.8839
0,0.25,3.13096,24.5818,1.67048,0.23646
0,0.25,3.53058,10.8179,0.375109,-2.73106
0,0.25,3.54834,11.4056,0.65783,-2.74399
0,0.25,3.54322,11.9456,0.309786,-2.00084
0,0.25,3.52219,12.4501,0.00916475,-2.37688
0,0.25,3.51959,12.9424,-0.296701,-2.314
0,0.25,3.49166,13.4371,-0.322947,-2.35645
0,0.25,3.49703,13.9163,-0.316882,-2.67512
0,0.25,3.47736,14.3974,-0.287617,-2.70838
0,0.25,3.48084,14.8613,-0.303666,-3.00963
0,0.25,3.47052,15.3357,-0.283848,-3.40188
0,0.25,3.47571,15.7979,-0.323184,-3.59852
0,0.25,3.48058,16.2676,-0.216641,-3.55565
0,0.25,3.49196,16.7382,-0.129227,-3.36736
0,0.25,3.50323,17.2197,0.0153173,-2.82434
0,0.25,3.51223,17.7085,0.157448,-2.36193
0,0.25,3.51725,18.2015,0.222638,-2.11217
0,0.25,3.51784,18.6921,0.387313,-1.72276
0,0.25,3.51189,19.1712,0.499028,-1.44312
0,0.25,3.49812,19.6367,0.604048,-1.35847
0,0.25,3.47759,20.0839,0.597237,-1.30128
0,0.25,3.45862,20.5216,0.426818,-1.12411
0,0.25,3.44636,20.9536,0.347342,-0.908846
0,0.25,3.44024,21.3854,0.317147,-0.479431
0,0.25,3.43048,21.8109,-0.0613163,-0.11488
0,0.25,3.45543,22.2301,0.111649,-0.14816
0,0.25,3.42446,22.6535,-0.350649,-0.169322
0,0.25,3.46741,23.0859,-0.0132511,-0.214475
0,0.25,3.49073,23.5194,-0.119813,-0.196838
0,0.25,3.47271,23.9937,-0.146809,-0.291818
0,0.25,3.58937,24.4949,0.842534,-0.210276
0,0.25,4.00941,10.8688,0.0949481,-2.26177
0,0.25,4.04077,11.4035,0.215053,-2.91047
0,0.25,4.02831,11.9084,-0.238216,-2.79865
0,0.25,4.00124,12.4356,-0.481486,-2.58714
0,0.25,4.00856,12.9376,-0.129399,-2.00428
0,0.25,4.00038,13.441,-0.195056,-2.39808
0,0.25,4.00019,13.926,-0.337084,-2.25269
0,0.25,3.99499,14.4298,-0.27177,-2.10093
0,0.25,3.99278,14.9028,-0.146112,-2.39887
0,0.25,3.99139,15.3959,-0.220645,-2.69065
0,0.25,3.99452,15.869,-0.194889,-2.62208
0,0.25,3.99625,16.3497,-0.131837,-2.63193
0,0.25,4.00042,16.832,-0.119014,-2.34051
0,0.25,4.00392,17.3131,0.0431417,-1.80386
0,0.25,4.00781,17.7931,0.137049,-1.54786
0,0.25,4.00993,18.269,0.199969,-1.22777
0,0.25,4.00992,18.744,0.237538,-0.712957
0,0.25,4.00741,19.2142,0.356811,-0.107957
0,0.25,3.99791,19.6844,0.445982,0.195567
0,0.25,3.98742,20.144,0.409714,0.465386
0,0.25,3.97361,20.5967,0.387177,0.50008
0,0.25,3.97009,21.0364,0.261358,0.707624
0,0.25,3.96536,21.4718,-0.0693177,0.6626
0,0.25,3.97036,21.9017,0.00672531,0.640767
0,0.25,3.97674,22.3373,-0.0282351,0.509577
0,0.25,3.94358,22.7699,-0.245556,0.579546
0,0.25,3.99201,23.2104,0.0820324,0.649209
0,0.25,3.97923,23.657,-0.136836,0.573816
0,0.25,3.93587,24.0971,-0.468404,0.346351
0,0.25,4.0606,24.555,0.622922,0.576137
0,0.25,4.49906,10.8781,-0.00587448,-2.20862
0,0.25,4.49381,11.4084,-0.0902178,-3.12887
0,0.25,4.50569,11.9076,0.0638218,-2.61713
0,0.25,4.50904,12.4346,0.200332,-2.60813
0,0.25,4.50749,12.9304,-0.100071,-2.06119
0,0.25,4.49718,13.433,-0.0493015,-2.46531
0,0.25,4.50048,13.9178,-0.00702842,-2.56205
0,0.25,4.4936,14.4149,-0.159323,-2.12331
0,0.25,4.49431,14.8888,0.0131656,-2.5434
0,0.25,4.49336,15.3814,-0.095426,-2.94086
0,0.25,4.49428,15.854,0.0270683,-2.73768
0,0.25,4.49766,16.3376,0.00203663,-2.87896
0,0.25,4.5015,16.8215,-0.0502877,-2.38378
0,0.25,4.50321,17.3103,-0.0325622,-1.67348
0,0.25,4.50563,17.8,0.0679059,-1.26461
0,0.25,4.50556,18.2868,0.166823,-1.03292
0,0.25,4.50619,18.772,0.138288,-0.477861
0,0.25,4.5033,19.2451,0.114646,0.0369688
0,0.25,4.49836,19.7151,0.0275723,0.13548
0,0.25,4.49205,20.1682,0.0533211,0.432708
0,0.25,4.48566,20.6113,0.0478791,0.360468
0,0.25,4.48868,21.0428,0.151609,0.546483
0,0.25,4.48714,21.4791,0.131572,0.36614
0,0.25,4.48912,21.9072,0.0963746,0.657554
0,0.25,4.49273,22.3451,0.035101,0.472482
0,0.25,4.47411,22.7673,-0.142559,0.539016
0,0.25,4.49738,23.1918,0.00506076,0.229303
0,0.25,4.49385,23.6435,-0.101263,0.485026
0,0.25,4.47347,24.0562,-0.398827,-0.0891234
0,0.25,4.52898,24.5078,0.186851,-0.134012
0,0.25,5.00094,10.8781,0.00587448,-2.20862
0,0.25,5.00619,11.4084,0.0902178,-3.12887
0,0.25,4.99431,11.9076,-0.0638218,-2.61713
0,0.25,4.99096,12.4346,-0.200332,-2.60813
0,0.25,4.99251,12.9304,0.100071,-2.06119
0,0.25,5.00282,13.433,0.0493015,-2.46531
0,0.25,4.99952,13.9178,0.00702842,-2.56205
0,0.25,5.0064,14.4149,0.159323,-2.12331
0,0.25,5.00569,14.8888,-0.0131656,-2.5434
0,0.25,5.00664,15.3814,0.095426,-2.94086
0,0.25,5.00572,15.854,-0.0270683,-2.73768
0,0.25,5.00234,16.3376,-0.00203663,-2.87896
0,0.25,4.9985,16.8215,0.0502877,-2.38378
0,0.25,4.99679,17.3103,0.0325622,-1.67348
0,0.25,4.99437,17.8,-0.0679059,-1.26461
0,0.25,4.99444,18.2868,-0.166823,-1.03292
0,0.25,4.99381,18.772,-0.138288,-0.477861
0,0.25,4.9967,19.2451,-0.114646,0.0369688
0,0.25,5.00164,19.7151,-0.0275723,0.13548
0,0.25,5.00795,20.1682,-0.0533211,0.432708
0,0.25,5.01434,20.6113,-0.0478791,0.360468
0,0.25,5.01132,21.0428,-0.151609,0.546483
0,0.25,5.01286,21.4791,-0.131572,0.36614
0,0.25,5.01088,21.9072,-0.0963746,0.657554
0,0.25,5.00727,22.3451,-0.035101,0.472482
0,0.25,5.02589,22.7673,0.142559,0.539016
0,0.25,5.00262,23.1918,-0.00506076,0.229303
0,0.25,5.00615,23.6435,0.101263,0.485026
0,0.25,5.02653,24.0562,0.398827,-0.0891234
0,0.25,4.97102,24.5078,-0.186851,-0.134012
0,0.25,5.49059,10.8688,-0.0949481,-2.26177
0,0.25,5.45923,11.4035,-0.215053,-2.91047
0,0.25,5.47169,11.9084,0.238216,-2.79865
0,0.25,5.49876,12.4356,0.481486,-2.58714
0,0.25,5.49144,12.9376,0.129399,-2.00428
0,0.25,5.49962,13.441,0.195056,-2.39808
0,0.25,5.49981,13.926,0.337084,-2.25269
0,0.25,5.50501,14.4298,0.27177,-2.10093
0,0.25,5.50722,14.9028,0.146112,-2.39887
0,0.25,5.50861,15.3959,0.220645,-2.69065
0,0.25,5.50548,15.869,0.194889,-2.62208
0,0.25,5.50375,16.3497,0.131837,-2.63193
0,0.25,5.49958,16.832,0.119014,-2.34051
0,0.25,5.49608,17.3131,-0.0431417,-1.80386
0,0.25,5.49219,17.7931,-0.137049,-1.54786
0,0.25,5.49007,18.269,-0.199969,-1.22777
0,0.25,5.49008,18.744,-0.237538,-0.712957
0,0.25,5.49259,19.2142,-0.356811,-0.107957
0,0.25,5.50209,19.6844,-0.445982,0.195567
0,0.25,5.51258,20.144,-0.409714,0.465386
0,0.25,5.52639,20.5967,-0.387177,0.50008
0,0.25,5.52991,21.0364,-0.261358,0.707624
0,0.25,5.53464,21.4718,0.0693177,0.6626
0,0.25,5.52964,21.9017,-0.00672531,0.640767
0,0.25,5.52326,22.3373,0.0282351,0.509577
0,0.25,5.55642,22.7699,0.245556,0.579546
0,0.25,5.50799,23.2104,-0.0820324,0.649209
0,0.25,5.52077,23.657,0.136836,0.573816
0,0.25,5.56413,24.0971,0.468404,0.346351
0,0.25,5.4394,24.555,-0.622922,0.576137
0,0.25,5.96942,10.8179,-0.375109,-2.73106
0,0.25,5.95166,11.4056,-0.65783,-2.74399
0,0.25,5.95678,11.9456,-0.309786,-2.00084
0,0.25,5.97781,12.4501,-0.00916475,-2.37688
0,0.25,5.98041,12.9424,0.296701,-2.314
0,0.25,6.00834,13.4371,0.322947,-2.35645
0,0.25,6.00297,13.9163,0.316882,-2.67512
0,0.25,6.02264,14.3974,0.287617,-2.70838
0,0.25,6.01916,14.8613,0.303666,-3.00963
0,0.25,6.02948,15.3357,0.283848,-3.40188
0,0.25,6.02429,15.7979,0.323184,-3.59852
0,0.25,6.01942,16.2676,0.216641,-3.55565
0,0.25,6.00804,16.7382,0.129227,-3.36736
0,0.25,5.99677,17.2197,-0.0153173,-2.82434
0,0.25,5.98777,17.7085,-0.157448,-2.36193
0,0.25,5.98275,18.2015,-0.222638,-2.11217
0,0.25,5.98216,18.6921,-0.387313,-1.72276
0,0.25,5.98811,19.1712,-0.499028,-1.44312
0,0.25,6.00188,19.6367,-0.604048,-1.35847
0,0.25,6.02241,20.0839,-0.597237,-1.30128
0,0.25,6.04138,20.5216,-0.426818,-1.12411
0,0.25,6.05364,20.9536,-0.347342,-0.908846
0,0.25,6.05976,21.3854,-0.317147,-0.479431
0,0.25,6.06952,21.8109,0.0613163,-0.11488
0,0.25,6.04457,22.2301,-0.111649,-0.14816
0,0.25,6.07554,22.6535,0.350649,-0.169322
0,0.25,6.03259,23.0859,0.0132511,-0.214475
0,0.25,6.00927,23.5194,0.119813,-0.196838
0,0.25,6.02729,23.9937,0.146809,-0.291818
0,0.25,5.91063,24.4949,-0.842534,-0.210276
0,0.25,6.27723,10.7422,-1.63986,-3.21615
0,0.25,6.43068,11.4826,-0.381388,-1.9434
0,0.25,6.43225,11.9296,0.516304,-1.97967
0,0.25,6.49557,12.5048,0.375281,-2.1617
0,0.25,6.48583,12.9743,0.253864,-1.78378
0,0.25,6.50359,13.5101,0.26523,-1.93152
0,0.25,6.51781,13.9882,0.577106,-1.9302
0,0.25,6.52789,14.5094,0.527825,-1.89437
0,0.25,6.5364,15.0065,0.405937,-2.01344
0,0.25,6.53266,15.5173,0.148047,-2.01486
0,0.25,6.52709,16.0155,0.275342,-1.80073
0,0.25,6.5153,16.5109,0.188784,-1.80762
0,0.25,6.50125,16.9968,0.176589,-1.36764
0,0.25,6.48252,17.4783,-0.00730001,-1.21922
0,0.25,6.46874,17.9562,-0.281556,-0.940357
0,0.25,6.46475,18.4301,-0.34092,-0.86886
0,0.25,6.4688,18.8979,-0.32883,-0.463261
0,0.25,6.48953,19.3575,-0.361127,-0.436788
0,0.25,6.52071,19.8123,-0.323535,-0.215725
0,0.25,6.54614,20.2594,-0.447853,-0.114082
0,0.25,6.56186,20.7095,-0.632533,0.143268
0,0.25,6.57168,21.161,-0.593261,0.410592
0,0.25,6.57797,21.6173,-0.428452,1.05152
0,0.25,6.57947,22.0717,-0.373857,1.49257
0,0.25,6.5803,22.5194,0.0546208,2.00639
0,0.25,6.58183,22.9637,0.14376,2.08255
0,0.25,6.5373,23.3833,-0.0546934,2.09149
0,0.25,6.51063,23.8046,0.00606517,1.99786
0,0.25,6.53935,24.2166,1.20829,1.8839
0,0.25,6.36904,24.5818,-1.67048,0.23646
0,0.25,7.07264,10.8303,0.404828,-1.23426
0,0.25,6.72213,11.2289,-1.73128,-1.72941
0,0.25,7.07695,11.8325,0.909042,-0.971488
0,0.25,6.85888,12.2394,0.00227939,-2.20433
0,0.25,7.10107,12.7121,0.488477,-3.01895
0,0.25,6.92153,13.1708,-0.395636,-2.00812
0,0.25,7.04918,13.6563,0.649573,-2.80004
0,0.25,6.97431,14.1595,0.0221741,-2.36758
0,0.25,7.01289,14.6548,0.35937,-2.83967
0,0.25,6.99708,15.1668,0.140384,-2.88012
0,0.25,7.00935,15.6706,0.167534,-2.64294
0,0.25,7.00933,16.1697,0.113986,-2.64138
0,0.25,7.00631,16.665,-0.132516,-2.2065
0,0.25,6.99987,17.1446,-0.083381,-1.53923
0,0.25,6.98841,17.6103,-0.046911,-1.24275
0,0.25,6.98397,18.0657,-0.0497135,-0.834004
0,0.25,6.986,18.5084,0.0518264,-0.670926
0,0.25,6.99246,18.9485,-0.0761182,-0.690174
0,0.25,7.00908,19.3877,-0.256362,-0.71689
0,0.25,7.02811,19.8389,-0.379916,-0.647365
0,0.25,7.04253,20.3057,-0.457889,-0.398701
0,0.25,7.0476,20.7865,-0.425813,-0.0447677
0,0.25,7.05119,21.2773,-0.439483,0.184495
0,0.25,7.05536,21.7768,-0.407838,0.225148
0,0.25,7.05781,22.2738,-0.333581,-0.328668
0,0.25,7.06602,22.77,-0.294369,-1.05507
0,0.25,7.05699,23.2633,-0.0525511,-1.14764
0,0.25,7.03929,23.724,0.0362641,-0.859683
0,0.25,7.062,24.1879,0.659816,-0.105678
0,0.25,6.97557,24.6181,0.148252,0.865445
1,0.25,7.5,1.5,0,0
1,0.25,8,1.5,0,0
1,0.25,1.5,1.5,0,0
1,0.25,2,1.5,0,0
1,0.25,7.5,2,0,0
1,0.25,8,2,0,0
1,0.25,1.5,2,0,0
1,0.25,2,2,0,0
1,0.25,7.5,2.5,0,0
1,0.25,8,2.5,0,0
1,0.25,1.5,2.5,0,0
1,0.25,2,2.5,0,0
1,0.25,7.5,3,0,0
1,0.25,8,3,0,0
1,0.25,1.5,3,0,0
1,0.25,2,3,0,0
1,0.25,7.5,3.5,0,0
1,0.25,8,3.5,0,0
1,0.25,1.5,3.5,0,0
1,0.25,2,3.5,0,0
1,0.25,7.5,4,0,0
1,0.25,8,4,0,0
1,0.25,1.5,4,0,0
1,0.25,2,4,0,0
1,0.25,7.5,4.5,0,0
1,0.25,8,4.5,0,0
1,0.25,1.5,4.5,0,0
1,0.25,2,4.5,0,0
1,0.25,7.5,5,0,0
1,0.25,8,5,0,0
1,0.25,1.5,5,0,0
1,0.25,2,5,0,0
1,0.25,7.5,5.5,0,0
1,0.25,8,5.5,0,0
1,0.25,1.5,5.5,0,0
1,0.25,2,5.5,0,0
1,0.25,7.5,6,0,0
1,0.25,8,6,0,0
1,0.25,1.5,6,0,0
1,0.25,2,6,0,0
1,0.25,7.5,6.5,0,0
1,0.25,8,6.5,0,0
1,0.25,1.5,6.5,0,0
1,0.25,2,6.5,0,0
1,0.25,7.5,7,0,0
1,0.25,8,7,0,0
1,0.25,1.5,7,0,0
1,0.25,2,7,0,0
1,0.25,7.5,7.5,0,0
1,0.25,8,7.5,0,0
1,0.25,1.5,7.5,0,0
1,0.25,2,7.5,0,0
1,0.25,7.5,8,0,0
1,0.25,8,8,0,0
1,0.25,1.5,8,0,0
1,0.25,2,8,0,0
1,0.25,7.5,8.5,0,0
1,0.25,8,8.5,0,0
1,0.25,1.5,8.5,0,0
1,0.25,2,8.5,0,0
1,0.25,7.5,9,0,0
1,0.25,8,9,0,0
1,0.25,1.5,9,0,0
1,0.25,2,9,0,0
1,0.25,7.5,9.5,0,0
1,0.25,8,9.5,0,0
1,0.25,1.5,9.5,0,0
1,0.25,2,9.5,0,0
1,0.25,7.5,10,0,0
1,0.25,8,10,0,0
1,0.25,1.5,10,0,0
1,0.25,2,10,0,0
1,0.25,7.5,10.5,0,0
1,0.25,8,10.5,0,0
1,0.25,1.5,10.5,0,0
1,0.25,2,10.5,0,0
1,0.25,7.5,11,0,0
1,0.25,8,11,0,0
1,0.25,1.5,11,0,0
1,0.25,2,11,0,0
1,0.25,7.5,11.5,0,0
1,0.25,8,11.5,0,0
1,0.25,1.5,11.5,0,0
1,0.25,2,11.5,0,0
1,0.25,7.5,12,0,0
1,0.25,8,12,0,0
1,0.25,1.5,12,0,0
1,0.25,2,12,0,0
1,0.25,7.5,12.5,0,0
1,0.25,8,12.5,0,0
1,0.25,1.5,12.5,0,0
1,0.25,2,12.5,0,0
1,0.25,7.5,13,0,0
1,0.25,8,13,0,0
1,0.25,1.5,13,0,0
1,0.25,2,13,0,0
1,0.25,7.5,13.5,0,0
1,0.25,8,13.5,0,0
1,0.25,1.5,13.5,0,0
1,0.25,2,13.5,0,0
1,0.25,7.5,14,0,0
1,0.25,8,14,0,0
1,0.25,1.5,14,0,0
1,0.25,2,14,0,0
1,0.25,7.5,14.5,0,0
1,0.25,8,14.5,0,0
1,0.25,1.5,14.5,0,0
1,0.25,2,14.5,0,0
1,0.25,7.5,15,0,0
1,0.25,8,15,0,0
1,0.25,1.5,15,0,0
1,0.25,2,15,0,0
1,0.25,7.5,15.5,0,0
1,0.25,8,15.5,0,0
1,0.25,1.5,15.5,0,0
1,0.25,2,15.5,0,0
1,0.25,7.5,16,0,0
1,0.25,8,16,0,0
1,0.25,1.5,16,0,0
1,0.25,2,16,0,0
1,0.25,7.5,16.5,0,0
1,0.25,8,16.5,0,0
1,0.25,1.5,16.5,0,0
1,0.25,2,16.5,0,0
1,0.25,7.5,17,0,0
1,0.25,8,17,0,0
1,0.25,1.5,17,0,0
1,0.25,2,17,0,0
1,0.25,7.5,17.5,0,0
1,0.25,8,17.5,0,0
1,0.25,1.5,17.5,0,0
1,0.25,2,17.5,0,0
1,0.25,7.5,18,0,0
1,0.25,8,18,0,0
1,0.25,1.5,18,0,0
1,0.25,2,18,0,0
1,0.25,7.5,18.5,0,0
1,0.25,8,18.5,0,0
1,0.25,1.5,18.5,0,0
1,0.25,2,18.5,0,0
1,0.25,7.5,19,0,0
1,0.25,8,19,0,0
1,0.25,1.5,19,0,0
1,0.25,2,19,0,0
1,0.25,7.5,19.5,0,0
1,0.25,8,19.5,0,0
1,0.25,1.5,19.5,0,0
1,0.25,2,19.5,0,0
1,0.25,7.5,20,0,0
1,0.25,8,20,0,0
1,0.25,1.5,20,0,0
1,0.25,2,20,0,0
1,0.25,7.5,20.5,0,0
1,0.25,8,20.5,0,0
1,0.25,1.5,20.5,0,0
1,0.25,2,20.5,0,0
1,0.25,7.5,21,0,0
1,0.25,8,21,0,0
1,0.25,1.5,21,0,0
1,0.25,2,21,0,0
1,0.25,7.5,21.5,0,0
1,0.25,8,21.5,0,0
1,0.25,1.5,21.5,0,0
1,0.25,2,21.5,0,0
1,0.25,7.5,22,0,0
1,0.25,8,22,0,0
1,0.25,1.5,22,0,0
1,0.25,2,22,0,0
1,0.25,7.5,22.5,0,0
1,0.25,8,22.5,0,0
1,0.25,1.5,22.5,0,0
1,0.25,2,22.5,0,0
1,0.25,7.5,23,0,0
1,0.25,8,23,0,0
1,0.25,1.5,23,0,0
1,0.25,2,23,0,0
1,0.25,7.5,23.5,0,0
1,0.25,8,23.5,0,0
1,0.25,1.5,23.5,0,0
1,0.25,2,23.5,0,0
1,0.25,7.5,24,0,0
1,0.25,8,24,0,0
1,0.25,1.5,24,0,0
1,0.25,2,24,0,0
1,0.25,7.5,24.5,0,0
1,0.25,8,24.5,0,0
1,0.25,1.5,24.5,0,0
1,0.25,2,24.5,0,0
1,0.25,7.5,25,0,0
1,0.25,8,25,0,0
1,0.25,1.5,25,0,0
1,0.25,2,25,0,0
1,0.25,7.5,25.5,0,0
1,0.25,8,25.5,0,0
1,0.25,1.5,25.5,0,0
1,0.25,2,25.5,0,0
1,0.25,2.5,1.5,0,0
1,0.25,2.5,2,0,0
1,0.25,2.5,25,0,0
1,0.25,2.5,25.5,0,0
1,0.25,3,1.5,0,0
1,0.25,3,2,0,0
1,0.25,3,25,0,0
1,0.25,3,25.5,0,0
1,0.25,3.5,1.5,0,0
1,0.25,3.5,2,0,0
1,0.25,3.5,25,0,0
1,0.25,3.5,25.5,0,0
1,0.25,4,1.5,0,0
1,0.25,4,2,0,0
1,0.25,4,25,0,0
1,0.25,4,25.5,0,0
1,0.25,4.5,1.5,0,0
1,0.25,4.5,2,0,0
1,0.25,4.5,25,0,0
1,0.25,4.5,25.5,0,0
1,0.25,5,1.5,0,0
1,0.25,5,2,0,0
1,0.25,5,25,0,0
1,0.25,5,25.5,0,0
1,0.25,5.5,1.5,0,0
1,0.25,5.5,2,0,0
1,0.25,5.5,25,0,0
1,0.25,5.5,25.5,0,0
1,0.25,6,1.5,0,0
1,0.25,6,2,0,0
1,0.25,6,25,0,0
1,0.25,6,25.5,0,0
1,0.25,6.5,1.5,0,0
1,0.25,6.5,2,0,0
1,0.25,6.5,25,0,0
1,0.25,6.5,25.5,0,0
1,0.25,7,1.5,0,0
1,0.25,7,2,0,0
1,0.25,7,25,0,0
1,0.25,7,25.5,0,0
