536 2 0.5 3500 0.2 2 0 2e-06 0 9.81 10 35
0,0.25,2.4999,10.8694,-0.0148023,4.53362
0,0.25,2.49832,11.3905,-0.237491,4.20633
0,0.25,2.49668,11.8849,-0.157483,3.69983
0,0.25,2.49494,12.3761,-0.174229,3.34379
0,0.25,2.49255,12.8625,-0.233387,2.73654
0,0.25,2.48947,13.3427,-0.322286,1.99355
0,0.25,2.48549,13.8165,-0.387878,1.25472
0,0.25,2.48135,14.2845,-0.366542,0.732023
0,0.25,2.47843,14.7495,-0.235484,0.535351
0,0.25,2.47767,15.2143,-0.0271369,0.649523
0,0.25,2.48051,15.6804,0.200794,0.948191
0,0.25,2.48578,16.1476,0.339472,1.19174
0,0.25,2.49232,16.615,0.313162,1.23932
0,0.25,2.49676,17.0806,0.200805,1.15405
0,0.25,2.49942,17.5428,0.0384958,0.834938
0,0.25,2.49937,18.004,-0.010461,0.617433
0,0.25,2.49685,18.4614,-0.0187394,0.429954
0,0.25,2.49233,18.9212,0.00819192,0.0695183
0,0.25,2.48449,19.3815,0.0183587,-0.0659777
0,0.25,2.47512,19.8461,0.0489254,-0.457752
0,0.25,2.46573,20.3184,0.0585042,-0.382584
0,0.25,2.46002,20.7971,0.0713079,-0.240833
0,0.25,2.45659,21.2877,0.084719,0.266007
0,0.25,2.45581,21.7819,-0.0972599,0.756146
0,0.25,2.45988,22.2794,-0.366001,1.02435
0,0.25,2.46633,22.7699,-0.264665,1.11009
0,0.25,2.48063,23.2448,-0.28193,0.994528
0,0.25,2.4925,23.6988,-0.11324,0.606281
0,0.25,2.51608,24.139,-0.00108792,0.47274
0,0.25,2.52319,24.5642,0.152126,-0.0807657
0,0.25,2.9992,11.0453,-0.0727658,5.13417
0,0.25,2.99612,11.539,-0.269367,4.62525
0,0.25,2.99472,12.0316,-0.181867,4.28453
0,0.25,2.99324,12.5207,-0.212802,3.75268
0,0.25,2.99099,13.0033,-0.274047,3.03882
0,0.25,2.98791,13.4791,-0.327781,2.2865
0,0.25,2.98486,13.9488,-0.31272,1.67662
0,0.25,2.98236,14.4136,-0.219804,1.33604
0,0.25,2.98147,14.8764,-0.0894057,1.23045
0,0.25,2.98218,15.3397,0.0139204,1.34658
0,0.25,2.9852,15.8044,0.0939337,1.57184
0,0.25,2.98841,16.2719,0.0840238,1.67457
0,0.25,2.9919,16.7432,-0.00990222,1.84563
0,0.25,2.99374,17.2142,0.018881,1.99063
0,0.25,2.99449,17.6887,0.0473449,1.94275
0,0.25,2.99568,18.1639,0.232214,2.29357
0,0.25,2.99425,18.6358,0.323567,2.03089
0,0.25,2.99178,19.1102,0.155559,1.88194
0,0.25,2.98381,19.5717,0.0199847,1.71504
0,0.25,2.9733,20.031,-0.175921,1.18623
0,0.25,2.96317,20.4827,-0.228264,1.316
0,0.25,2.95857,20.9302,-0.0738428,1.14365
0,0.25,2.95404,21.376,-0.00929283,1.09488
0,0.25,2.95541,21.8187,-0.191164,0.855331
0,0.25,2.96069,22.2636,-0.228973,0.785514
0,0.25,2.96416,22.7056,-0.246235,0.477581
0,0.25,2.98213,23.1568,-0.194061,0.304667
0,0.25,3.00568,23.6051,0.0927035,-0.0540266
0,0.25,3.02011,24.0696,0.447918,-0.0189016
0,0.25,3.04617,24.5424,0.317581,-0.255159
0,0.25,3.49942,11.0532,-0.02638,5.07138
0,0.25,3.49719,11.5475,-0.121579,4.68856
0,0.25,3.49672,12.041,-0.114887,4.36181
0,0.25,3.49532,12.5285,-0.204968,3.69952
0,0.25,3.49349,13.0099,-0.261045,3.00201
0,0.25,3.49111,13.4844,-0.283724,2.23819
0,0.25,3.48874,13.9535,-0.292883,1.63759
0,0.25,3.48678,14.4175,-0.250858,1.30253
0,0.25,3.48542,14.8795,-0.159419,1.12744
0,0.25,3.48537,15.342,-0.0719979,1.16202
0,0.25,3.48687,15.8045,0.0376837,1.29695
0,0.25,3.48871,16.268,0.0783399,1.20547
0,0.25,3.4913,16.7345,0.0502627,1.33991
0,0.25,3.49289,17.1983,0.0645952,1.49221
0,0.25,3.49349,17.6672,0.0395814,1.33177
0,0.25,3.49367,18.1369,0.0280927,1.77822
0,0.25,3.4923,18.6013,0.0811292,1.30443
0,0.25,3.48913,19.0729,-0.0242684,1.06123
0,0.25,3.48556,19.5297,0.0297293,1.15031
0,0.25,3.47925,19.9904,0.0203997,0.546182
0,0.25,3.47739,20.4475,0.13816,1.06651
0,0.25,3.47463,20.9011,0.248087,0.808319
0,0.25,3.47678,21.3562,0.166888,0.696171
0,0.25,3.47846,21.8067,0.0908937,0.283383
0,0.25,3.48283,22.2575,-0.0812579,0.399578
0,0.25,3.48898,22.702,-0.221736,-0.0709903
0,0.25,3.49559,23.1553,-0.0653596,-0.16465
0,0.25,3.51289,23.6024,-0.160891,-0.441455
0,0.25,3.49933,24.0607,-0.181653,-0.296233
0,0.25,3.5307,24.5297,0.161815,-0.229351
0,0.25,3.9998,11.0524,-0.0126967,5.02418
0,0.25,3.99889,11.5466,-0.0673004,4.6363
0,0.25,3.99801,12.04,-0.108097,4.30202
0,0.25,3.99671,12.5267,-0.143327,3.63335
0,0.25,3.99551,13.0082,-0.158624,2.98566
0,0.25,3.99433,13.4825,-0.157106,2.23713
0,0.25,3.99298,13.9517,-0.142415,1.64555
0,0.25,3.99215,14.4164,-0.11082,1.3838
0,0.25,3.99191,14.879,-0.0275346,1.23669
0,0.25,3.99226,15.3432,0.0258058,1.24577
0,0.25,3.99361,15.8067,0.0412576,1.39235
0,0.25,3.99488,16.2703,0.0524032,1.19436
0,0.25,3.9955,16.7374,-0.0344659,1.29983
0,0.25,3.99621,17.2003,-0.078736,1.54445
0,0.25,3.99549,17.6687,-0.011225,1.33722
0,0.25,3.99458,18.1388,-0.0297457,1.87688
0,0.25,3.99475,18.6012,0.123124,1.43921
0,0.25,3.99267,19.072,0.181005,1.02275
0,0.25,3.99194,19.5268,0.0741794,1.19261
0,0.25,3.99035,19.9854,0.122714,0.460382
0,0.25,3.98655,20.4416,-0.0241897,0.95477
0,0.25,3.98594,20.8927,-0.0932233,0.618462
0,0.25,3.98359,21.3487,-0.00725573,0.613011
0,0.25,3.98546,21.7976,0.00916506,0.268114
0,0.25,3.98805,22.2553,0.123245,0.463616
0,0.25,3.99561,22.7076,0.081483,0.244954
0,0.25,3.99818,23.1675,-0.0657108,-0.0392099
0,0.25,4.01953,23.6265,0.0016957,-0.31473
0,0.25,4.00198,24.0812,-0.298194,-0.290447
0,0.25,4.01734,24.5356,0.12665,-0.201757
0,0.25,4.49989,11.0518,-0.00668178,4.99165
0,0.25,4.49941,11.5459,-0.0307496,4.60392
0,0.25,4.49921,12.0395,-0.029297,4.30076
0,0.25,4.49912,12.5262,-0.0231376,3.62835
0,0.25,4.49891,13.0077,-0.0387461,2.96289
0,0.25,4.49857,13.4817,-0.0651536,2.23385
0,0.25,4.498,13.9508,-0.0729706,1.65229
0,0.25,4.49743,14.4161,-0.0800601,1.41218
0,0.25,4.49721,14.8791,-0.0564825,1.30564
0,0.25,4.49694,15.3435,-0.0308911,1.24014
0,0.25,4.49707,15.8079,-0.0360527,1.38941
0,0.25,4.4975,16.2704,0.00188678,1.19853
0,0.25,4.49729,16.7372,0.00419673,1.18261
0,0.25,4.49805,17.2006,-0.00115635,1.61762
0,0.25,4.49835,17.6665,0.0940158,1.37102
0,0.25,4.49818,18.1391,0.0352298,1.82958
0,0.25,4.49952,18.6005,0.0610997,1.63482
0,0.25,4.49784,19.07,0.02534,0.841397
0,0.25,4.4977,19.529,-0.135378,1.22571
0,0.25,4.49624,19.9834,0.00806217,0.664142
0,0.25,4.49399,20.445,0.00971945,0.900666
0,0.25,4.49597,20.899,0.150969,1.03474
0,0.25,4.4959,21.3547,0.248371,0.641009
0,0.25,4.49861,21.8077,0.0906202,0.258031
0,0.25,4.49681,22.2594,-0.101189,0.222997
0,0.25,4.50038,22.7111,-0.288729,0.0755097
0,0.25,4.49738,23.1668,-0.0661592,-0.101142
0,0.25,4.50432,23.6252,0.177303,-0.0657367
0,0.25,4.50121,24.0887,0.0827331,-0.23403
0,0.25,4.50281,24.5449,0.164642,-0.16406
0,0.25,5.00011,11.0518,0.00668178,4.99165
0,0.25,5.00059,11.5459,0.0307496,4.60392
0,0.25,5.00079,12.0395,0.029297,4.30076
0,0.25,5.00088,12.5262,0.0231376,3.62835
0,0.25,5.00109,13.0077,0.0387461,2.96289
0,0.25,5.00143,13.4817,0.0651536,2.23385
0,0.25,5.002,13.9508,0.0729706,1.65229
0,0.25,5.00257,14.4161,0.0800601,1.41218
0,0.25,5.00279,14.8791,0.0564825,1.30564
0,0.25,5.00306,15.3435,0.0308911,1.24014
0,0.25,5.00293,15.8079,0.0360527,1.38941
0,0.25,5.0025,16.2704,-0.00188678,1.19853
0,0.25,5.00271,16.7372,-0.00419673,1.18261
0,0.25,5.00195,17.2006,0.00115635,1.61762
0,0.25,5.00165,17.6665,-0.0940158,1.37102
0,0.25,5.00182,18.1391,-0.0352298,1.82958
0,0.25,5.00048,18.6005,-0.0610997,1.63482
0,0.25,5.00216,19.07,-0.02534,0.841397
0,0.25,5.0023,19.529,0.135378,1.22571
0,0.25,5.00376,19.9834,-0.00806217,0.664142
0,0.25,5.00601,20.445,-0.00971945,0.900666
0,0.25,5.00403,20.899,-0.150969,1.03474
0,0.25,5.0041,21.3547,-0.248371,0.641009
0,0.25,5.00139,21.8077,-0.0906202,0.258031
0,0.25,5.00319,22.2594,0.101189,0.222997
0,0.25,4.99962,22.7111,0.288729,0.0755097
0,0.25,5.00262,23.1668,0.0661592,-0.101142
0,0.25,4.99568,23.6252,-0.177303,-0.0657367
0,0.25,4.99879,24.0887,-0.0827331,-0.23403
0,0.25,4.99719,24.5449,-0.164642,-0.16406
0,0.25,5.5002,11.0524,0.0126967,5.02418
0,0.25,5.50111,11.5466,0.0673004,4.6363
0,0.25,5.50199,12.04,0.108097,4.30202
0,0.25,5.50329,12.5267,0.143327,3.63335
0,0.25,5.50449,13.0082,0.158624,2.98566
0,0.25,5.50567,13.4825,0.157106,2.23713
0,0.25,5.50702,13.9517,0.142415,1.64555
0,0.25,5.50785,14.4164,0.11082,1.3838
0,0.25,5.50809,14.879,0.0275346,1.23669
0,0.25,5.50774,15.3432,-0.0258058,1.24577
0,0.25,5.50639,15.8067,-0.0412576,1.39235
0,0.25,5.50512,16.2703,-0.0524032,1.19436
0,0.25,5.5045,16.7374,0.0344659,1.29983
0,0.25,5.50379,17.2003,0.078736,1.54445
0,0.25,5.50451,17.6687,0.011225,1.33722
0,0.25,5.50542,18.1388,0.0297457,1.87688
0,0.25,5.50525,18.6012,-0.123124,1.43921
0,0.25,5.50733,19.072,-0.181005,1.02275
0,0.25,5.50806,19.5268,-0.0741794,1.19261
0,0.25,5.50965,19.9854,-0.122714,0.460382
0,0.25,5.51345,20.4416,0.0241897,0.95477
0,0.25,5.51406,20.8927,0.0932233,0.618462
0,0.25,5.51641,21.3487,0.00725573,0.613011
0,0.25,5.51454,21.7976,-0.00916506,0.268114
0,0.25,5.51195,22.2553,-0.123245,0.463616
0,0.25,5.50439,22.7076,-0.081483,0.244954
0,0.25,5.50182,23.1675,0.0657108,-0.0392099
0,0.25,5.48047,23.6265,-0.0016957,-0.31473
0,0.25,5.49802,24.0812,0.298194,-0.290447
0,0.25,5.48266,24.5356,-0.12665,-0.201757
0,0.25,6.00058,11.0532,0.02638,5.07138
0,0.25,6.00281,11.5475,0.121579,4.68856
0,0.25,6.00328,12.041,0.114887,4.36181
0,0.25,6.00468,12.5285,0.204968,3.69952
0,0.25,6.00651,13.0099,0.261045,3.00201
0,0.25,6.00889,13.4844,0.283724,2.23819
0,0.25,6.01126,13.9535,0.292883,1.63759
0,0.25,6.01322,14.4175,0.250858,1.30253
0,0.25,6.01458,14.8795,0.159419,1.12744
0,0.25,6.01463,15.342,0.0719979,1.16202
0,0.25,6.01313,15.8045,-0.0376837,1.29695
0,0.25,6.01129,16.268,-0.0783399,1.20547
0,0.25,6.0087,16.7345,-0.0502627,1.33991
0,0.25,6.00711,17.1983,-0.0645952,1.49221
0,0.25,6.00651,17.6672,-0.0395814,1.33177
0,0.25,6.00633,18.1369,-0.0280927,1.77822
0,0.25,6.0077,18.6013,-0.0811292,1.30443
0,0.25,6.01087,19.0729,0.0242684,1.06123
0,0.25,6.01444,19.5297,-0.0297293,1.15031
0,0.25,6.02075,19.9904,-0.0203997,0.546182
0,0.25,6.02261,20.4475,-0.13816,1.06651
0,0.25,6.02537,20.9011,-0.248087,0.808319
0,0.25,6.02322,21.3562,-0.166888,0.696171
0,0.25,6.02154,21.8067,-0.0908937,0.283383
0,0.25,6.01717,22.2575,0.0812579,0.399578
0,0.25,6.01102,22.702,0.221736,-0.0709903
0,0.25,6.00441,23.1553,0.0653596,-0.16465
0,0.25,5.98711,23.6024,0.160891,-0.441455
0,0.25,6.00067,24.0607,0.181653,-0.296233
0,0.25,5.9693,24.5297,-0.161815,-0.229351
0,0.25,6.5008,11.0453,0.0727658,5.13417
0,0.25,6.50388,11.539,0.269367,4.62525
0,0.25,6.50528,12.0316,0.181867,4.28453
0,0.25,6.50676,12.5207,0.212802,3.75268
0,0.25,6.50901,13.0033,0.274047,3.03882
0,0.25,6.51209,13.4791,0.327781,2.2865
0,0.25,6.51514,13.9488,0.31272,1.67662
0,0.25,6.51764,14.4136,0.219804,1.33604
0,0.25,6.51853,14.8764,0.0894057,1.23045
0,0.25,6.51782,15.3397,-0.0139204,1.34658
0,0.25,6.5148,15.8044,-0.0939337,1.57184
0,0.25,6.51159,16.2719,-0.0840238,1.67457
0,0.25,6.5081,16.7432,0.00990222,1.84563
0,0.25,6.50626,17.2142,-0.018881,1.99063
0,0.25,6.50551,17.6887,-0.0473449,1.94275
0,0.25,6.50432,18.1639,-0.232214,2.29357
0,0.25,6.50575,18.6358,-0.323567,2.03089
0,0.25,6.50822,19.1102,-0.155559,1.88194
0,0.25,6.51619,19.5717,-0.0199847,1.71504
0,0.25,6.5267,20.031,0.175921,1.18623
0,0.25,6.53683,20.4827,0.228264,1.316
0,0.25,6.54143,20.9302,0.0738428,1.14365
0,0.25,6.54596,21.376,0.00929283,1.09488
0,0.25,6.54459,21.8187,0.191164,0.855331
0,0.25,6.53931,22.2636,0.228973,0.785514
0,0.25,6.53584,22.7056,0.246235,0.477581
0,0.25,6.51787,23.1568,0.194061,0.304667
0,0.25,6.49432,23.6051,-0.0927035,-0.0540266
0,0.25,6.47989,24.0696,-0.447918,-0.0189016
0,0.25,6.45383,24.5424,-0.317581,-0.255159
0,0.25,7.0001,10.8694,0.0148023,4.53362
0,0.25,7.00168,11.3905,0.237491,4.20633
0,0.25,7.00332,11.8849,0.157483,3.69983
0,0.25,7.00506,12.3761,0.174229,3.34379
0,0.25,7.00745,12.8625,0.233387,2.73654
0,0.25,7.01053,13.3427,0.322286,1.99355
0,0.25,7.01451,13.8165,0.387878,1.25472
0,0.25,7.01865,14.2845,0.366542,0.732023
0,0.25,7.02157,14.7495,0.235484,0.535351
0,0.25,7.02233,15.2143,0.0271369,0.649523
0,0.25,7.01949,15.6804,-0.200794,0.948191
0,0.25,7.01422,16.1476,-0.339472,1.19174
0,0.25,7.00768,16.615,-0.313162,1.23932
0,0.25,7.00324,17.0806,-0.200805,1.15405
0,0.25,7.00058,17.5428,-0.0384958,0.834938
0,0.25,7.00063,18.004,0.010461,0.617433
0,0.25,7.00315,18.4614,0.0187394,0.429954
0,0.25,7.00767,18.9212,-0.00819192,0.0695183
0,0.25,7.01551,19.3815,-0.0183587,-0.0659777
0,0.25,7.02488,19.8461,-0.0489254,-0.457752
0,0.25,7.03427,20.3184,-0.0585042,-0.382584
0,0.25,7.03998,20.7971,-0.0713079,-0.240833
0,0.25,7.04341,21.2877,-0.084719,0.266007
0,0.25,7.04419,21.7819,0.0972599,0.756146
0,0.25,7.04012,22.2794,0.366001,1.02435
0,0.25,7.03367,22.7699,0.264665,1.11009
0,0.25,7.01937,23.2448,0.28193,0.994528
0,0.25,7.0075,23.6988,0.11324,0.606281
0,0.25,6.98392,24.139,0.00108792,0.47274
0,0.25,6.97681,24.5642,-0.152126,-0.0807657
1,0.25,7.5,1.5,0,0
1,0.25,8,1.5,0,0
1,0.25,1.5,1.5,0,0
1,0.25,2,1.5,0,0
1,0.25,7.5,2,0,0
1,0.25,8,2,0,0
1,0.25,1.5,2,0,0
1,0.25,2,2,0,0
1,0.25,7.5,2.5,0,0
1,0.25,8,2.5,0,0
1,0.25,1.5,2.5,0,0
1,0.25,2,2.5,0,0
1,0.25,7.5,3,0,0
1,0.25,8,3,0,0
1,0.25,1.5,3,0,0
1,0.25,2,3,0,0
1,0.25,7.5,3.5,0,0
1,0.25,8,3.5,0,0
1,0.25,1.5,3.5,0,0
1,0.25,2,3.5,0,0
1,0.25,7.5,4,0,0
1,0.25,8,4,0,0
1,0.25,1.5,4,0,0
1,0.25,2,4,0,0
1,0.25,7.5,4.5,0,0
1,0.25,8,4.5,0,0
1,0.25,1.5,4.5,0,0
1,0.25,2,4.5,0,0
1,0.25,7.5,5,0,0
1,0.25,8,5,0,0
1,0.25,1.5,5,0,0
1,0.25,2,5,0,0
1,0.25,7.5,5.5,0,0
1,0.25,8,5.5,0,0
1,0.25,1.5,5.5,0,0
1,0.25,2,5.5,0,0
1,0.25,7.5,6,0,0
1,0.25,8,6,0,0
1,0.25,1.5,6,0,0
1,0.25,2,6,0,0
1,0.25,7.5,6.5,0,0
1,0.25,8,6.5,0,0
1,0.25,1.5,6.5,0,0
1,0.25,2,6.5,0,0
1,0.25,7.5,7,0,0
1,0.25,8,7,0,0
1,0.25,1.5,7,0,0
1,0.25,2,7,0,0
1,0.25,7.5,7.5,0,0
1,0.25,8,7.5,0,0
1,0.25,1.5,7.5,0,0
1,0.25,2,7.5,0,0
1,0.25,7.5,8,0,0
1,0.25,8,8,0,0
1,0.25,1.5,8,0,0
1,0.25,2,8,0,0
1,0.25,7.5,8.5,0,0
1,0.25,8,8.5,0,0
1,0.25,1.5,8.5,0,0
1,0.25,2,8.5,0,0
1,0.25,7.5,9,0,0
1,0.25,8,9,0,0
1,0.25,1.5,9,0,0
1,0.25,2,9,0,0
1,0.25,7.5,9.5,0,0
1,0.25,8,9.5,0,0
1,0.25,1.5,9.5,0,0
1,0.25,2,9.5,0,0
1,0.25,7.5,10,0,0
1,0.25,8,10,0,0
1,0.25,1.5,10,0,0
1,0.25,2,10,0,0
1,0.25,7.5,10.5,0,0
1,0.25,8,10.5,0,0
1,0.25,1.5,10.5,0,0
1,0.25,2,10.5,0,0
1,0.25,7.5,11,0,0
1,0.25,8,11,0,0
1,0.25,1.5,11,0,0
1,0.25,2,11,0,0
1,0.25,7.5,11.5,0,0
1,0.25,8,11.5,0,0
1,0.25,1.5,11.5,0,0
1,0.25,2,11.5,0,0
1,0.25,7.5,12,0,0
1,0.25,8,12,0,0
1,0.25,1.5,12,0,0
1,0.25,2,12,0,0
1,0.25,7.5,12.5,0,0
1,0.25,8,12.5,0,0
1,0.25,1.5,12.5,0,0
1,0.25,2,12.5,0,0
1,0.25,7.5,13,0,0
1,0.25,8,13,0,0
1,0.25,1.5,13,0,0
1,0.25,2,13,0,0
1,0.25,7.5,13.5,0,0
1,0.25,8,13.5,0,0
1,0.25,1.5,13.5,0,0
1,0.25,2,13.5,0,0
1,0.25,7.5,14,0,0
1,0.25,8,14,0,0
1,0.25,1.5,14,0,0
1,0.25,2,14,0,0
1,0.25,7.5,14.5,0,0
1,0.25,8,14.5,0,0
1,0.25,1.5,14.5,0,0
1,0.25,2,14.5,0,0
1,0.25,7.5,15,0,0
1,0.25,8,15,0,0
1,0.25,1.5,15,0,0
1,0.25,2,15,0,0
1,0.25,7.5,15.5,0,0
1,0.25,8,15.5,0,0
1,0.25,1.5,15.5,0,0
1,0.25,2,15.5,0,0
1,0.25,7.5,16,0,0
1,0.25,8,16,0,0
1,0.25,1.5,16,0,0
1,0.25,2,16,0,0
1,0.25,7.5,16.5,0,0
1,0.25,8,16.5,0,0
1,0.25,1.5,16.5,0,0
1,0.25,2,16.5,0,0
1,0.25,7.5,17,0,0
1,0.25,8,17,0,0
1,0.25,1.5,17,0,0
1,0.25,2,17,0,0
1,0.25,7.5,17.5,0,0
1,0.25,8,17.5,0,0
1,0.25,1.5,17.5,0,0
1,0.25,2,17.5,0,0
1,0.25,7.5,18,0,0
1,0.25,8,18,0,0
1,0.25,1.5,18,0,0
1,0.25,2,18,0,0
1,0.25,7.5,18.5,0,0
1,0.25,8,18.5,0,0
1,0.25,1.5,18.5,0,0
1,0.25,2,18.5,0,0
1,0.25,7.5,19,0,0
1,0.25,8,19,0,0
1,0.25,1.5,19,0,0
1,0.25,2,19,0,0
1,0.25,7.5,19.5,0,0
1,0.25,8,19.5,0,0
1,0.25,1.5,19.5,0,0
1,0.25,2,19.5,0,0
1,0.25,7.5,20,0,0
1,0.25,8,20,0,0
1,0.25,1.5,20,0,0
1,0.25,2,20,0,0
1,0.25,7.5,20.5,0,0
1,0.25,8,20.5,0,0
1,0.25,1.5,20.5,0,0
1,0.25,2,20.5,0,0
1,0.25,7.5,21,0,0
1,0.25,8,21,0,0
1,0.25,1.5,21,0,0
1,0.25,2,21,0,0
1,0.25,7.5,21.5,0,0
1,0.25,8,21.5,0,0
1,0.25,1.5,21.5,0,0
1,0.25,2,21.5,0,0
1,0.25,7.5,22,0,0
1,0.25,8,22,0,0
1,0.25,1.5,22,0,0
1,0.25,2,22,0,0
1,0.25,7.5,22.5,0,0
1,0.25,8,22.5,0,0
1,0.25,1.5,22.5,0,0
1,0.25,2,22.5,0,0
1,0.25,7.5,23,0,0
1,0.25,8,23,0,0
1,0.25,1.5,23,0,0
1,0.25,2,23,0,0
1,0.25,7.5,23.5,0,0
1,0.25,8,23.5,0,0
1,0.25,1.5,23.5,0,0
1,0.25,2,23.5,0,0
1,0.25,7.5,24,0,0
1,0.25,8,24,0,0
1,0.25,1.5,24,0,0
1,0.25,2,24,0,0
1,0.25,7.5,24.5,0,0
1,0.25,8,24.5,0,0
1,0.25,1.5,24.5,0,0
1,0.25,2,24.5,0,0
1,0.25,7.5,25,0,0
1,0.25,8,25,0,0
1,0.25,1.5,25,0,0
1,0.25,2,25,0,0
1,0.25,7.5,25.5,0,0
1,0.25,8,25.5,0,0
1,0.25,1.5,25.5,0,0
1,0.25,2,25.5,0,0
1,0.25,2.5,1.5,0,0
1,0.25,2.5,2,0,0
1,0.25,2.5,25,0,0
1,0.25,2.5,25.5,0,0
1,0.25,3,1.5,0,0
1,0.25,3,2,0,0
1,0.25,3,25,0,0
1,0.25,3,25.5,0,0
1,0.25,3.5,1.5,0,0
1,0.25,3.5,2,0,0
1,0.25,3.5,25,0,0
1,0.25,3.5,25.5,0,0
1,0.25,4,1.5,0,0
1,0.25,4,2,0,0
1,0.25,4,25,0,0
1,0.25,4,25.5,0,0
1,0.25,4.5,1.5,0,0
1,0.25,4.5,2,0,0
1,0.25,4.5,25,0,0
1,0.25,4.5,25.5,0,0
1,0.25,5,1.5,0,0
1,0.25,5,2,0,0
1,0.25,5,25,0,0
1,0.25,5,25.5,0,0
1,0.25,5.5,1.5,0,0
1,0.25,5.5,2,0,0
1,0.25,5.5,25,0,0
1,0.25,5.5,25.5,0,0
1,0.25,6,1.5,0,0
1,0.25,6,2,0,0
1,0.25,6,25,0,0
1,0.25,6,25.5,0,0
1,0.25,6.5,1.5,0,0
1,0.25,6.5,2,0,0
1,0.25,6.5,25,0,0
1,0.25,6.5,25.5,0,0
1,0.25,7,1.5,0,0
1,0.25,7,2,0,0
1,0.25,7,25,0,0
1,0.25,7,25.5,0,0
