536 2 0.5 3500 0.2 2 0 2e-06 0 9.81 10 35
0,0.25,2.5,10.2539,-6.47151e-06,3.49232
0,0.25,2.5,10.7636,-1.50669e-05,3.56023
0,0.25,2.5,11.264,-9.48606e-06,3.56455
0,0.25,2.5,11.764,-6.76708e-06,3.56482
0,0.25,2.5,12.264,-5.34217e-06,3.56483
0,0.25,2.5,12.764,-5.88329e-06,3.56483
0,0.25,2.5,13.264,-7.14092e-06,3.56483
0,0.25,2.5,13.764,-8.19007e-06,3.56483
0,0.25,2.5,14.264,-1.22446e-05,3.56483
0,0.25,2.5,14.764,-1.53106e-05,3.56483
0,0.25,2.5,15.264,-2.68112e-05,3.56483
0,0.25,2.5,15.764,-6.01681e-05,3.5648
0,0.25,2.5,16.264,-0.0002134,3.56479
0,0.25,2.49998,16.764,-0.00176005,3.56304
0,0.25,2.49988,17.264,-0.00962144,3.56362
0,0.25,2.49986,17.764,-0.0089523,3.56135
0,0.25,2.49941,18.264,-0.0368027,3.55301
0,0.25,2.49933,18.7635,-0.056744,3.48607
0,0.25,2.49802,19.2624,-0.0973563,3.33542
0,0.25,2.49752,19.7591,-0.161038,3.12361
0,0.25,2.49598,20.2534,-0.260534,2.61325
0,0.25,2.49298,20.7438,-0.416187,1.9864
0,0.25,2.48949,21.2255,-0.612736,1.13945
0,0.25,2.48327,21.7018,-0.661748,0.166841
0,0.25,2.47779,22.1713,-0.679217,-0.117284
0,0.25,2.47459,22.637,-0.20476,-0.347969
0,0.25,2.46993,23.1097,0.00585273,0.0220058
0,0.25,2.47924,23.5791,0.528396,0.238683
0,0.25,2.46712,24.0609,0.830907,0.160359
0,0.25,2.48315,24.5341,0.999871,0.186124
0,0.25,2.99999,10.3275,-3.3805e-05,4.00795
0,0.25,2.99997,10.827,-0.00013516,4.00622
0,0.25,2.99999,11.3272,-4.3066e-05,4.00781
0,0.25,2.99999,11.8272,-3.81203e-05,4.00793
0,0.25,3,12.3272,-2.61828e-05,4.00794
0,0.25,3,12.8272,-6.17873e-05,4.0079
0,0.25,2.99999,13.3272,-0.000187386,4.00794
0,0.25,2.99999,13.8272,-0.000179127,4.00786
0,0.25,2.99999,14.3272,-0.000533368,4.00793
0,0.25,2.99999,14.8272,-0.000519182,4.00769
0,0.25,2.99996,15.3272,-0.00158506,4.00791
0,0.25,2.99996,15.8272,-0.00169882,4.0069
0,0.25,2.99989,16.3272,-0.00538555,4.00778
0,0.25,2.9999,16.827,-0.00474235,3.99647
0,0.25,2.9997,17.3272,-0.0143921,4.00715
0,0.25,2.99974,17.8266,-0.0134549,3.98008
0,0.25,2.99917,18.327,-0.0481042,3.96581
0,0.25,2.99915,18.8253,-0.0669044,3.87374
0,0.25,2.99781,19.3242,-0.103733,3.64545
0,0.25,2.99719,19.8197,-0.199988,3.39592
0,0.25,2.99559,20.311,-0.245894,2.66174
0,0.25,2.99185,20.7989,-0.462063,1.89938
0,0.25,2.98961,21.2739,-0.507011,1.03445
0,0.25,2.98219,21.7449,-0.485776,-0.125753
0,0.25,2.98069,22.2108,-0.408242,0.00279531
0,0.25,2.97666,22.6678,0.163307,-0.321318
0,0.25,2.9772,23.1392,0.226374,-0.340888
0,0.25,2.97998,23.5964,0.582526,0.180049
0,0.25,2.97414,24.0632,0.363761,-0.582261
0,0.25,2.98515,24.5187,0.583058,0.321503
0,0.25,3.5,10.3293,-2.1171e-06,4.0334
0,0.25,3.5,10.8293,-5.10192e-06,4.03332
0,0.25,3.5,11.3293,-9.45862e-06,4.0334
0,0.25,3.5,11.8293,-4.94657e-05,4.0333
0,0.25,3.5,12.3293,-0.000109884,4.03334
0,0.25,3.5,12.8293,-8.9667e-05,4.03313
0,0.25,3.49999,13.3293,-0.000218067,4.03332
0,0.25,3.49999,13.8293,-0.000216773,4.03288
0,0.25,3.49998,14.3293,-0.000658647,4.0333
0,0.25,3.49998,14.8293,-0.000628658,4.03199
0,0.25,3.49996,15.3293,-0.00189619,4.03324
0,0.25,3.49996,15.8292,-0.00183561,4.02862
0,0.25,3.49988,16.3293,-0.0055894,4.03306
0,0.25,3.49992,16.8291,-0.00304631,4.0199
0,0.25,3.49978,17.3293,-0.00830161,4.03002
0,0.25,3.49984,17.8286,-0.0107863,3.99867
0,0.25,3.49954,18.3289,-0.0251532,3.95951
0,0.25,3.49938,18.8273,-0.0546158,3.89375
0,0.25,3.49905,19.3252,-0.0640457,3.60225
0,0.25,3.49788,19.8214,-0.149124,3.34838
0,0.25,3.49742,20.3105,-0.194429,2.59973
0,0.25,3.49415,20.7982,-0.315465,1.70775
0,0.25,3.4925,21.2724,-0.419704,1.09854
0,0.25,3.48767,21.7405,-0.353962,-0.158594
0,0.25,3.48458,22.2116,-0.350961,0.194496
0,0.25,3.48235,22.6662,-0.0584697,0.149892
0,0.25,3.48118,23.1427,0.281696,-0.312267
0,0.25,3.47951,23.6042,0.378993,0.583067
0,0.25,3.48236,24.0684,0.731593,-0.411228
0,0.25,3.4763,24.5366,0.719791,0.228648
0,0.25,4,10.3294,2.24966e-05,4.03381
0,0.25,4.00002,10.8294,8.77487e-05,4.03385
0,0.25,4,11.3294,4.41403e-07,4.03386
0,0.25,4,11.8294,-2.95584e-05,4.03374
0,0.25,4,12.3294,-0.000110209,4.03387
0,0.25,4,12.8294,-5.53156e-05,4.03368
0,0.25,4,13.3294,-0.000102688,4.03386
0,0.25,4,13.8294,-0.000102901,4.03321
0,0.25,3.99999,14.3294,-0.000309771,4.03382
0,0.25,3.99999,14.8293,-0.000277508,4.03203
0,0.25,3.99998,15.3294,-0.000800081,4.03375
0,0.25,3.99998,15.8293,-0.000604872,4.02808
0,0.25,3.99996,16.3294,-0.00161168,4.03353
0,0.25,3.99997,16.8291,-0.00147397,4.0185
0,0.25,3.9999,17.3293,-0.0060853,4.02469
0,0.25,3.99989,17.8285,-0.0107831,3.99333
0,0.25,3.99971,18.3286,-0.0183104,3.93592
0,0.25,3.9995,18.8271,-0.0386468,3.87532
0,0.25,3.99921,19.3245,-0.0545913,3.56893
0,0.25,3.9986,19.8207,-0.092906,3.27954
0,0.25,3.99789,20.3091,-0.14371,2.54514
0,0.25,3.9964,20.7957,-0.19603,1.58656
0,0.25,3.99453,21.2699,-0.259337,1.05809
0,0.25,3.99217,21.7367,-0.24734,-0.0767375
0,0.25,3.98998,22.2082,-0.121599,0.248687
0,0.25,3.98758,22.6651,-0.0278217,0.476009
0,0.25,3.98852,23.1393,0.273982,-0.0469445
0,0.25,3.98631,23.6017,0.469217,0.582788
0,0.25,3.98753,24.0671,0.569769,0.0146116
0,0.25,3.98886,24.5287,0.643073,0.637845
0,0.25,4.5,10.3294,-2.80814e-06,4.03381
0,0.25,4.49999,10.8294,-2.79121e-05,4.03384
0,0.25,4.5,11.3294,-2.49434e-05,4.03387
0,0.25,4.5,11.8294,-1.23752e-05,4.03373
0,0.25,4.5,12.3294,-2.20235e-05,4.03388
0,0.25,4.5,12.8294,-2.26727e-05,4.03366
0,0.25,4.5,13.3294,-6.56685e-05,4.03387
0,0.25,4.5,13.8294,-5.85209e-05,4.03309
0,0.25,4.5,14.3294,-0.000172881,4.03382
0,0.25,4.5,14.8293,-0.000155392,4.03171
0,0.25,4.49999,15.3294,-0.000461954,4.03374
0,0.25,4.49999,15.8292,-0.000402963,4.02736
0,0.25,4.49997,16.3294,-0.00118826,4.0335
0,0.25,4.49998,16.829,-0.000721727,4.01743
0,0.25,4.49994,17.3293,-0.00237766,4.02097
0,0.25,4.49996,17.8285,-0.0032094,3.99264
0,0.25,4.49993,18.3285,-0.00288708,3.92894
0,0.25,4.49991,18.827,-0.00709314,3.86557
0,0.25,4.49988,19.3243,-0.0120975,3.55198
0,0.25,4.49971,19.8204,-0.0263437,3.24938
0,0.25,4.49951,20.3084,-0.0398827,2.51234
0,0.25,4.49893,20.7946,-0.0626047,1.54808
0,0.25,4.49844,21.2684,-0.0757911,1.03147
0,0.25,4.49753,21.7353,-0.0807033,-0.0147071
0,0.25,4.49707,22.2068,-0.0351754,0.358374
0,0.25,4.49613,22.6647,-0.00449539,0.559234
0,0.25,4.49621,23.1408,0.0254998,0.189115
0,0.25,4.49592,23.602,0.10912,0.73097
0,0.25,4.49503,24.068,0.128801,0.0258427
0,0.25,4.49403,24.5293,0.0126421,0.569886
0,0.25,5,10.3294,2.80814e-06,4.03381
0,0.25,5.00001,10.8294,2.79121e-05,4.03384
0,0.25,5,11.3294,2.49434e-05,4.03387
0,0.25,5,11.8294,1.23752e-05,4.03373
0,0.25,5,12.3294,2.20234e-05,4.03388
0,0.25,5,12.8294,2.26727e-05,4.03366
0,0.25,5,13.3294,6.56685e-05,4.03387
0,0.25,5,13.8294,5.85209e-05,4.03309
0,0.25,5,14.3294,0.000172881,4.03382
0,0.25,5,14.8293,0.000155392,4.03171
0,0.25,5.00001,15.3294,0.000461954,4.03374
0,0.25,5.00001,15.8292,0.000402963,4.02736
0,0.25,5.00003,16.3294,0.00118826,4.0335
0,0.25,5.00002,16.829,0.000721727,4.01743
0,0.25,5.00006,17.3293,0.00237766,4.02097
0,0.25,5.00004,17.8285,0.0032094,3.99264
0,0.25,5.00007,18.3285,0.00288708,3.92894
0,0.25,5.00009,18.827,0.00709314,3.86557
0,0.25,5.00012,19.3243,0.0120975,3.55198
0,0.25,5.00029,19.8204,0.0263437,3.24938
0,0.25,5.00049,20.3084,0.0398827,2.51234
0,0.25,5.00107,20.7946,0.0626047,1.54808
0,0.25,5.00156,21.2684,0.0757911,1.03147
0,0.25,5.00247,21.7353,0.0807033,-0.0147071
0,0.25,5.00293,22.2068,0.0351754,0.358374
0,0.25,5.00387,22.6647,0.00449539,0.559234
0,0.25,5.00379,23.1408,-0.0254998,0.189115
0,0.25,5.00408,23.602,-0.10912,0.73097
0,0.25,5.00497,24.068,-0.128801,0.0258427
0,0.25,5.00597,24.5293,-0.0126421,0.569886
0,0.25,5.5,10.3294,-2.24966e-05,4.03381
0,0.25,5.49998,10.8294,-8.77487e-05,4.03385
0,0.25,5.5,11.3294,-4.41358e-07,4.03386
0,0.25,5.5,11.8294,2.95585e-05,4.03374
0,0.25,5.5,12.3294,0.00011021,4.03387
0,0.25,5.5,12.8294,5.53156e-05,4.03368
0,0.25,5.5,13.3294,0.000102688,4.03386
0,0.25,5.5,13.8294,0.000102901,4.03321
0,0.25,5.50001,14.3294,0.000309771,4.03382
0,0.25,5.50001,14.8293,0.000277508,4.03203
0,0.25,5.50002,15.3294,0.000800081,4.03375
0,0.25,5.50002,15.8293,0.000604872,4.02808
0,0.25,5.50004,16.3294,0.00161168,4.03353
0,0.25,5.50003,16.8291,0.00147397,4.0185
0,0.25,5.5001,17.3293,0.0060853,4.02469
0,0.25,5.50011,17.8285,0.0107831,3.99333
0,0.25,5.50029,18.3286,0.0183104,3.93592
0,0.25,5.5005,18.8271,0.0386468,3.87532
0,0.25,5.50079,19.3245,0.0545913,3.56893
0,0.25,5.5014,19.8207,0.092906,3.27954
0,0.25,5.50211,20.3091,0.14371,2.54514
0,0.25,5.5036,20.7957,0.19603,1.58656
0,0.25,5.50547,21.2699,0.259337,1.05809
0,0.25,5.50783,21.7367,0.24734,-0.0767375
0,0.25,5.51002,22.2082,0.121599,0.248687
0,0.25,5.51242,22.6651,0.0278217,0.476009
0,0.25,5.51148,23.1393,-0.273982,-0.0469445
0,0.25,5.51369,23.6017,-0.469217,0.582788
0,0.25,5.51247,24.0671,-0.569769,0.0146116
0,0.25,5.51114,24.5287,-0.643073,0.637845
0,0.25,6,10.3293,2.1171e-06,4.0334
0,0.25,6,10.8293,5.10192e-06,4.03332
0,0.25,6,11.3293,9.45861e-06,4.0334
0,0.25,6,11.8293,4.94657e-05,4.0333
0,0.25,6,12.3293,0.000109884,4.03334
0,0.25,6,12.8293,8.9667e-05,4.03313
0,0.25,6.00001,13.3293,0.000218067,4.03332
0,0.25,6.00001,13.8293,0.000216773,4.03288
0,0.25,6.00002,14.3293,0.000658647,4.0333
0,0.25,6.00002,14.8293,0.000628658,4.03199
0,0.25,6.00004,15.3293,0.00189619,4.03324
0,0.25,6.00004,15.8292,0.00183561,4.02862
0,0.25,6.00012,16.3293,0.0055894,4.03306
0,0.25,6.00008,16.8291,0.00304631,4.0199
0,0.25,6.00022,17.3293,0.00830161,4.03002
0,0.25,6.00016,17.8286,0.0107863,3.99867
0,0.25,6.00046,18.3289,0.0251532,3.95951
0,0.25,6.00062,18.8273,0.0546158,3.89375
0,0.25,6.00095,19.3252,0.0640457,3.60225
0,0.25,6.00212,19.8214,0.149124,3.34838
0,0.25,6.00258,20.3105,0.194429,2.59973
0,0.25,6.00585,20.7982,0.315465,1.70775
0,0.25,6.0075,21.2724,0.419704,1.09854
0,0.25,6.01233,21.7405,0.353962,-0.158594
0,0.25,6.01542,22.2116,0.350961,0.194496
0,0.25,6.01765,22.6662,0.0584697,0.149892
0,0.25,6.01882,23.1427,-0.281696,-0.312267
0,0.25,6.02049,23.6042,-0.378993,0.583067
0,0.25,6.01764,24.0684,-0.731593,-0.411228
0,0.25,6.0237,24.5366,-0.719791,0.228648
0,0.25,6.50001,10.3275,3.3805e-05,4.00795
0,0.25,6.50003,10.827,0.00013516,4.00622
0,0.25,6.50001,11.3272,4.3066e-05,4.00781
0,0.25,6.50001,11.8272,3.81202e-05,4.00793
0,0.25,6.5,12.3272,2.61828e-05,4.00794
0,0.25,6.5,12.8272,6.17873e-05,4.0079
0,0.25,6.50001,13.3272,0.000187386,4.00794
0,0.25,6.50001,13.8272,0.000179127,4.00786
0,0.25,6.50001,14.3272,0.000533368,4.00793
0,0.25,6.50001,14.8272,0.000519182,4.00769
0,0.25,6.50004,15.3272,0.00158506,4.00791
0,0.25,6.50004,15.8272,0.00169882,4.0069
0,0.25,6.50011,16.3272,0.00538555,4.00778
0,0.25,6.5001,16.827,0.00474235,3.99647
0,0.25,6.5003,17.3272,0.0143921,4.00715
0,0.25,6.50026,17.8266,0.0134549,3.98008
0,0.25,6.50083,18.327,0.0481042,3.96581
0,0.25,6.50085,18.8253,0.0669044,3.87374
0,0.25,6.50219,19.3242,0.103733,3.64545
0,0.25,6.50281,19.8197,0.199988,3.39592
0,0.25,6.50441,20.311,0.245894,2.66174
0,0.25,6.50815,20.7989,0.462063,1.89938
0,0.25,6.51039,21.2739,0.507011,1.03445
0,0.25,6.51781,21.7449,0.485776,-0.125753
0,0.25,6.51931,22.2108,0.408242,0.00279531
0,0.25,6.52334,22.6678,-0.163307,-0.321318
0,0.25,6.5228,23.1392,-0.226374,-0.340888
0,0.25,6.52002,23.5964,-0.582526,0.180049
0,0.25,6.52586,24.0632,-0.363761,-0.582261
0,0.25,6.51485,24.5187,-0.583058,0.321503
0,0.25,7,10.2539,6.47151e-06,3.49232
0,0.25,7,10.7636,1.50669e-05,3.56023
0,0.25,7,11.264,9.48606e-06,3.56455
0,0.25,7,11.764,6.76708e-06,3.56482
0,0.25,7,12.264,5.34217e-06,3.56483
0,0.25,7,12.764,5.88329e-06,3.56483
0,0.25,7,13.264,7.14092e-06,3.56483
0,0.25,7,13.764,8.19008e-06,3.56483
0,0.25,7,14.264,1.22446e-05,3.56483
0,0.25,7,14.764,1.53106e-05,3.56483
0,0.25,7,15.264,2.68112e-05,3.56483
0,0.25,7,15.764,6.01681e-05,3.5648
0,0.25,7,16.264,0.0002134,3.56479
0,0.25,7.00002,16.764,0.00176005,3.56304
0,0.25,7.00012,17.264,0.00962144,3.56362
0,0.25,7.00014,17.764,0.0089523,3.56135
0,0.25,7.00059,18.264,0.0368027,3.55301
0,0.25,7.00067,18.7635,0.056744,3.48607
0,0.25,7.00198,19.2624,0.0973563,3.33542
0,0.25,7.00248,19.7591,0.161038,3.12361
0,0.25,7.00402,20.2534,0.260534,2.61325
0,0.25,7.00702,20.7438,0.416187,1.9864
0,0.25,7.01051,21.2255,0.612736,1.13945
0,0.25,7.01673,21.7018,0.661748,0.166841
0,0.25,7.02221,22.1713,0.679217,-0.117284
0,0.25,7.02541,22.637,0.20476,-0.347969
0,0.25,7.03007,23.1097,-0.00585273,0.0220058
0,0.25,7.02076,23.5791,-0.528396,0.238683
0,0.25,7.03288,24.0609,-0.830907,0.160359
0,0.25,7.01685,24.5341,-0.999871,0.186124
1,0.25,7.5,1.5,0,0
1,0.25,8,1.5,0,0
1,0.25,1.5,1.5,0,0
1,0.25,2,1.5,0,0
1,0.25,7.5,2,0,0
1,0.25,8,2,0,0
1,0.25,1.5,2,0,0
1,0.25,2,2,0,0
1,0.25,7.5,2.5,0,0
1,0.25,8,2.5,0,0
1,0.25,1.5,2.5,0,0
1,0.25,2,2.5,0,0
1,0.25,7.5,3,0,0
1,0.25,8,3,0,0
1,0.25,1.5,3,0,0
1,0.25,2,3,0,0
1,0.25,7.5,3.5,0,0
1,0.25,8,3.5,0,0
1,0.25,1.5,3.5,0,0
1,0.25,2,3.5,0,0
1,0.25,7.5,4,0,0
1,0.25,8,4,0,0
1,0.25,1.5,4,0,0
1,0.25,2,4,0,0
1,0.25,7.5,4.5,0,0
1,0.25,8,4.5,0,0
1,0.25,1.5,4.5,0,0
1,0.25,2,4.5,0,0
1,0.25,7.5,5,0,0
1,0.25,8,5,0,0
1,0.25,1.5,5,0,0
1,0.25,2,5,0,0
1,0.25,7.5,5.5,0,0
1,0.25,8,5.5,0,0
1,0.25,1.5,5.5,0,0
1,0.25,2,5.5,0,0
1,0.25,7.5,6,0,0
1,0.25,8,6,0,0
1,0.25,1.5,6,0,0
1,0.25,2,6,0,0
1,0.25,7.5,6.5,0,0
1,0.25,8,6.5,0,0
1,0.25,1.5,6.5,0,0
1,0.25,2,6.5,0,0
1,0.25,7.5,7,0,0
1,0.25,8,7,0,0
1,0.25,1.5,7,0,0
1,0.25,2,7,0,0
1,0.25,7.5,7.5,0,0
1,0.25,8,7.5,0,0
1,0.25,1.5,7.5,0,0
1,0.25,2,7.5,0,0
1,0.25,7.5,8,0,0
1,0.25,8,8,0,0
1,0.25,1.5,8,0,0
1,0.25,2,8,0,0
1,0.25,7.5,8.5,0,0
1,0.25,8,8.5,0,0
1,0.25,1.5,8.5,0,0
1,0.25,2,8.5,0,0
1,0.25,7.5,9,0,0
1,0.25,8,9,0,0
1,0.25,1.5,9,0,0
1,0.25,2,9,0,0
1,0.25,7.5,9.5,0,0
1,0.25,8,9.5,0,0
1,0.25,1.5,9.5,0,0
1,0.25,2,9.5,0,0
1,0.25,7.5,10,0,0
1,0.25,8,10,0,0
1,0.25,1.5,10,0,0
1,0.25,2,10,0,0
1,0.25,7.5,10.5,0,0
1,0.25,8,10.5,0,0
1,0.25,1.5,10.5,0,0
1,0.25,2,10.5,0,0
1,0.25,7.5,11,0,0
1,0.25,8,11,0,0
1,0.25,1.5,11,0,0
1,0.25,2,11,0,0
1,0.25,7.5,11.5,0,0
1,0.25,8,11.5,0,0
1,0.25,1.5,11.5,0,0
1,0.25,2,11.5,0,0
1,0.25,7.5,12,0,0
1,0.25,8,12,0,0
1,0.25,1.5,12,0,0
1,0.25,2,12,0,0
1,0.25,7.5,12.5,0,0
1,0.25,8,12.5,0,0
1,0.25,1.5,12.5,0,0
1,0.25,2,12.5,0,0
1,0.25,7.5,13,0,0
1,0.25,8,13,0,0
1,0.25,1.5,13,0,0
1,0.25,2,13,0,0
1,0.25,7.5,13.5,0,0
1,0.25,8,13.5,0,0
1,0.25,1.5,13.5,0,0
1,0.25,2,13.5,0,0
1,0.25,7.5,14,0,0
1,0.25,8,14,0,0
1,0.25,1.5,14,0,0
1,0.25,2,14,0,0
1,0.25,7.5,14.5,0,0
1,0.25,8,14.5,0,0
1,0.25,1.5,14.5,0,0
1,0.25,2,14.5,0,0
1,0.25,7.5,15,0,0
1,0.25,8,15,0,0
1,0.25,1.5,15,0,0
1,0.25,2,15,0,0
1,0.25,7.5,15.5,0,0
1,0.25,8,15.5,0,0
1,0.25,1.5,15.5,0,0
1,0.25,2,15.5,0,0
1,0.25,7.5,16,0,0
1,0.25,8,16,0,0
1,0.25,1.5,16,0,0
1,0.25,2,16,0,0
1,0.25,7.5,16.5,0,0
1,0.25,8,16.5,0,0
1,0.25,1.5,16.5,0,0
1,0.25,2,16.5,0,0
1,0.25,7.5,17,0,0
1,0.25,8,17,0,0
1,0.25,1.5,17,0,0
1,0.25,2,17,0,0
1,0.25,7.5,17.5,0,0
1,0.25,8,17.5,0,0
1,0.25,1.5,17.5,0,0
1,0.25,2,17.5,0,0
1,0.25,7.5,18,0,0
1,0.25,8,18,0,0
1,0.25,1.5,18,0,0
1,0.25,2,18,0,0
1,0.25,7.5,18.5,0,0
1,0.25,8,18.5,0,0
1,0.25,1.5,18.5,0,0
1,0.25,2,18.5,0,0
1,0.25,7.5,19,0,0
1,0.25,8,19,0,0
1,0.25,1.5,19,0,0
1,0.25,2,19,0,0
1,0.25,7.5,19.5,0,0
1,0.25,8,19.5,0,0
1,0.25,1.5,19.5,0,0
1,0.25,2,19.5,0,0
1,0.25,7.5,20,0,0
1,0.25,8,20,0,0
1,0.25,1.5,20,0,0
1,0.25,2,20,0,0
1,0.25,7.5,20.5,0,0
1,0.25,8,20.5,0,0
1,0.25,1.5,20.5,0,0
1,0.25,2,20.5,0,0
1,0.25,7.5,21,0,0
1,0.25,8,21,0,0
1,0.25,1.5,21,0,0
1,0.25,2,21,0,0
1,0.25,7.5,21.5,0,0
1,0.25,8,21.5,0,0
1,0.25,1.5,21.5,0,0
1,0.25,2,21.5,0,0
1,0.25,7.5,22,0,0
1,0.25,8,22,0,0
1,0.25,1.5,22,0,0
1,0.25,2,22,0,0
1,0.25,7.5,22.5,0,0
1,0.25,8,22.5,0,0
1,0.25,1.5,22.5,0,0
1,0.25,2,22.5,0,0
1,0.25,7.5,23,0,0
1,0.25,8,23,0,0
1,0.25,1.5,23,0,0
1,0.25,2,23,0,0
1,0.25,7.5,23.5,0,0
1,0.25,8,23.5,0,0
1,0.25,1.5,23.5,0,0
1,0.25,2,23.5,0,0
1,0.25,7.5,24,0,0
1,0.25,8,24,0,0
1,0.25,1.5,24,0,0
1,0.25,2,24,0,0
1,0.25,7.5,24.5,0,0
1,0.25,8,24.5,0,0
1,0.25,1.5,24.5,0,0
1,0.25,2,24.5,0,0
1,0.25,7.5,25,0,0
1,0.25,8,25,0,0
1,0.25,1.5,25,0,0
1,0.25,2,25,0,0
1,0.25,7.5,25.5,0,0
1,0.25,8,25.5,0,0
1,0.25,1.5,25.5,0,0
1,0.25,2,25.5,0,0
1,0.25,2.5,1.5,0,0
1,0.25,2.5,2,0,0
1,0.25,2.5,25,0,0
1,0.25,2.5,25.5,0,0
1,0.25,3,1.5,0,0
1,0.25,3,2,0,0
1,0.25,3,25,0,0
1,0.25,3,25.5,0,0
1,0.25,3.5,1.5,0,0
1,0.25,3.5,2,0,0
1,0.25,3.5,25,0,0
1,0.25,3.5,25.5,0,0
1,0.25,4,1.5,0,0
1,0.25,4,2,0,0
1,0.25,4,25,0,0
1,0.25,4,25.5,0,0
1,0.25,4.5,1.5,0,0
1,0.25,4.5,2,0,0
1,0.25,4.5,25,0,0
1,0.25,4.5,25.5,0,0
1,0.25,5,1.5,0,0
1,0.25,5,2,0,0
1,0.25,5,25,0,0
1,0.25,5,25.5,0,0
1,0.25,5.5,1.5,0,0
1,0.25,5.5,2,0,0
1,0.25,5.5,25,0,0
1,0.25,5.5,25.5,0,0
1,0.25,6,1.5,0,0
1,0.25,6,2,0,0
1,0.25,6,25,0,0
1,0.25,6,25.5,0,0
1,0.25,6.5,1.5,0,0
1,0.25,6.5,2,0,0
1,0.25,6.5,25,0,0
1,0.25,6.5,25.5,0,0
1,0.25,7,1.5,0,0
1,0.25,7,2,0,0
1,0.25,7,25,0,0
1,0.25,7,25.5,0,0
