536 2 0.5 3500 0.2 2 0 2e-06 0 9.81 10 35
0,0.25,2.5,9.57156,-5.98201e-07,1.15847
0,0.25,2.5,10.0717,-9.38257e-07,1.16332
0,0.25,2.5,10.5717,-1.86062e-06,1.16339
0,0.25,2.5,11.0717,-3.40083e-06,1.1634
0,0.25,2.5,11.5717,-4.21342e-06,1.1634
0,0.25,2.5,12.0717,-4.93619e-06,1.1634
0,0.25,2.5,12.5717,-5.1867e-06,1.1634
0,0.25,2.5,13.0717,-5.36256e-06,1.1634
0,0.25,2.5,13.5717,-5.4139e-06,1.1634
0,0.25,2.5,14.0717,-5.43781e-06,1.1634
0,0.25,2.5,14.5717,-5.44424e-06,1.1634
0,0.25,2.5,15.0717,-5.44609e-06,1.1634
0,0.25,2.5,15.5717,-5.44656e-06,1.1634
0,0.25,2.5,16.0717,-5.44666e-06,1.1634
0,0.25,2.5,16.5717,-5.44668e-06,1.1634
0,0.25,2.5,17.0717,-5.44669e-06,1.1634
0,0.25,2.5,17.5717,-5.44666e-06,1.1634
0,0.25,2.5,18.0717,-5.44658e-06,1.1634
0,0.25,2.5,18.5717,-5.44616e-06,1.1634
0,0.25,2.5,19.0717,-5.44467e-06,1.1634
0,0.25,2.5,19.5717,-5.43971e-06,1.1634
0,0.25,2.5,20.0717,-6.09348e-06,1.1634
0,0.25,2.5,20.5717,-8.17696e-06,1.1634
0,0.25,2.5,21.0717,-9.84822e-06,1.16339
0,0.25,2.5,21.5717,-2.13172e-05,1.1634
0,0.25,2.5,22.0717,-2.53595e-05,1.16338
0,0.25,2.5,22.5717,-7.40034e-05,1.1634
0,0.25,2.5,23.0717,-9.30405e-05,1.16333
0,0.25,2.49999,23.5717,-0.000293397,1.16333
0,0.25,2.5,24.0716,-7.46966e-05,1.15841
0,0.25,3,9.57276,-1.97837e-06,1.19471
0,0.25,3,10.0728,-8.14436e-06,1.19454
0,0.25,3,10.5728,-3.58882e-06,1.19459
0,0.25,3,11.0728,-3.60989e-06,1.19459
0,0.25,3,11.5728,-4.26551e-06,1.19459
0,0.25,3,12.0728,-5.08172e-06,1.19459
0,0.25,3,12.5728,-5.35784e-06,1.19459
0,0.25,3,13.0728,-5.58864e-06,1.19459
0,0.25,3,13.5728,-5.65901e-06,1.19459
0,0.25,3,14.0728,-5.69602e-06,1.19459
0,0.25,3,14.5728,-5.7069e-06,1.19459
0,0.25,3,15.0728,-5.71042e-06,1.19459
0,0.25,3,15.5728,-5.71142e-06,1.19459
0,0.25,3,16.0728,-5.71166e-06,1.19459
0,0.25,3,16.5728,-5.71172e-06,1.19459
0,0.25,3,17.0728,-5.71172e-06,1.19459
0,0.25,3,17.5728,-5.71167e-06,1.19459
0,0.25,3,18.0728,-5.71146e-06,1.19459
0,0.25,3,18.5728,-5.71056e-06,1.19459
0,0.25,3,19.0728,-5.70757e-06,1.19459
0,0.25,3,19.5728,-5.69843e-06,1.19459
0,0.25,3,20.0728,-6.16827e-06,1.19458
0,0.25,3,20.5728,-7.68737e-06,1.19459
0,0.25,3,21.0728,-8.93885e-06,1.19457
0,0.25,3,21.5728,-1.76964e-05,1.19459
0,0.25,3,22.0728,-1.44385e-05,1.19453
0,0.25,3,22.5728,-3.24141e-05,1.19459
0,0.25,3,23.0728,-8.0777e-06,1.19436
0,0.25,3,23.5728,5.42497e-06,1.19455
0,0.25,3,24.0728,1.08129e-06,1.19487
0,0.25,3.5,9.57277,-3.08886e-07,1.19485
0,0.25,3.5,10.0728,-1.18871e-06,1.19485
0,0.25,3.5,10.5728,-9.07652e-07,1.19486
0,0.25,3.5,11.0728,-1.98505e-06,1.19485
0,0.25,3.5,11.5728,-2.40023e-06,1.19485
0,0.25,3.5,12.0728,-3.51344e-06,1.19485
0,0.25,3.5,12.5728,-3.90595e-06,1.19486
0,0.25,3.5,13.0728,-4.45496e-06,1.19486
0,0.25,3.5,13.5728,-4.62306e-06,1.19486
0,0.25,3.5,14.0728,-4.77035e-06,1.19486
0,0.25,3.5,14.5728,-4.8117e-06,1.19486
0,0.25,3.5,15.0728,-4.8331e-06,1.19486
0,0.25,3.5,15.5728,-4.83884e-06,1.19486
0,0.25,3.5,16.0728,-4.84071e-06,1.19486
0,0.25,3.5,16.5728,-4.84117e-06,1.19486
0,0.25,3.5,17.0728,-4.84118e-06,1.19486
0,0.25,3.5,17.5728,-4.84077e-06,1.19486
0,0.25,3.5,18.0728,-4.83911e-06,1.19486
0,0.25,3.5,18.5728,-4.83416e-06,1.19486
0,0.25,3.5,19.0728,-4.81509e-06,1.19486
0,0.25,3.5,19.5728,-4.78212e-06,1.19486
0,0.25,3.5,20.0728,-3.97486e-06,1.19485
0,0.25,3.5,20.5728,-1.75122e-06,1.19486
0,0.25,3.5,21.0728,-2.77747e-06,1.19484
0,0.25,3.5,21.5728,-2.64683e-06,1.19486
0,0.25,3.5,22.0728,-3.2125e-07,1.19482
0,0.25,3.5,22.5728,2.24931e-05,1.19485
0,0.25,3.5,23.0728,3.84552e-05,1.19481
0,0.25,3.50001,23.5728,0.000188346,1.19486
0,0.25,3.5,24.0728,4.67559e-05,1.19479
0,0.25,4,9.57277,1.41313e-06,1.19485
0,0.25,4,10.0728,5.81955e-06,1.19485
0,0.25,4,10.5728,7.94867e-07,1.19485
0,0.25,4,11.0728,-1.68771e-06,1.19485
0,0.25,4,11.5728,-2.1584e-06,1.19486
0,0.25,4,12.0728,-3.17947e-06,1.19486
0,0.25,4,12.5728,-3.55392e-06,1.19486
0,0.25,4,13.0728,-4.08921e-06,1.19486
0,0.25,4,13.5728,-4.25466e-06,1.19486
0,0.25,4,14.0728,-4.40692e-06,1.19486
0,0.25,4,14.5728,-4.44978e-06,1.19486
0,0.25,4,15.0728,-4.47301e-06,1.19486
0,0.25,4,15.5728,-4.47925e-06,1.19486
0,0.25,4,16.0728,-4.48136e-06,1.19486
0,0.25,4,16.5728,-4.48188e-06,1.19486
0,0.25,4,17.0728,-4.48189e-06,1.19486
0,0.25,4,17.5728,-4.48143e-06,1.19486
0,0.25,4,18.0728,-4.47953e-06,1.19486
0,0.25,4,18.5728,-4.47413e-06,1.19486
0,0.25,4,19.0728,-4.45315e-06,1.19486
0,0.25,4,19.5728,-4.41672e-06,1.19486
0,0.25,4,20.0728,-3.771e-06,1.19486
0,0.25,4,20.5728,-2.04996e-06,1.19486
0,0.25,4,21.0728,-2.29317e-06,1.19484
0,0.25,4,21.5728,-1.04174e-06,1.19485
0,0.25,4,22.0728,-5.42781e-06,1.19483
0,0.25,4,22.5728,-1.75181e-06,1.19485
0,0.25,4,23.0728,-1.35997e-05,1.19479
0,0.25,4,23.5728,-4.40146e-05,1.19488
0,0.25,4,24.0728,-9.3783e-06,1.19482
0,0.25,4.5,9.57277,-1.22064e-08,1.19485
0,0.25,4.5,10.0728,-8.8905e-08,1.19485
0,0.25,4.5,10.5728,-9.10264e-08,1.19485
0,0.25,4.5,11.0728,-9.91293e-08,1.19485
0,0.25,4.5,11.5728,-1.0834e-07,1.19485
0,0.25,4.5,12.0728,-1.51874e-07,1.19486
0,0.25,4.5,12.5728,-1.82325e-07,1.19486
0,0.25,4.5,13.0728,-2.33758e-07,1.19486
0,0.25,4.5,13.5728,-2.54232e-07,1.19486
0,0.25,4.5,14.0728,-2.73775e-07,1.19486
0,0.25,4.5,14.5728,-2.80223e-07,1.19486
0,0.25,4.5,15.0728,-2.83863e-07,1.19486
0,0.25,4.5,15.5728,-2.84922e-07,1.19486
0,0.25,4.5,16.0728,-2.85314e-07,1.19486
0,0.25,4.5,16.5728,-2.85414e-07,1.19486
0,0.25,4.5,17.0728,-2.85416e-07,1.19486
0,0.25,4.5,17.5728,-2.8533e-07,1.19486
0,0.25,4.5,18.0728,-2.84959e-07,1.19486
0,0.25,4.5,18.5728,-2.83996e-07,1.19486
0,0.25,4.5,19.0728,-2.80484e-07,1.19486
0,0.25,4.5,19.5728,-2.73091e-07,1.19486
0,0.25,4.5,20.0728,-2.50901e-07,1.19486
0,0.25,4.5,20.5728,-2.06668e-07,1.19486
0,0.25,4.5,21.0728,9.43956e-07,1.19484
0,0.25,4.5,21.5728,4.61843e-06,1.19485
0,0.25,4.5,22.0728,4.97889e-06,1.19483
0,0.25,4.5,22.5728,1.5866e-05,1.19486
0,0.25,4.5,23.0728,2.85004e-05,1.19482
0,0.25,4.5,23.5728,6.58017e-05,1.19487
0,0.25,4.5,24.0728,1.51176e-05,1.19478
0,0.25,5,9.57277,1.22061e-08,1.19485
0,0.25,5,10.0728,8.89035e-08,1.19485
0,0.25,5,10.5728,9.10241e-08,1.19485
0,0.25,5,11.0728,9.9127e-08,1.19485
0,0.25,5,11.5728,1.0834e-07,1.19485
0,0.25,5,12.0728,1.5188e-07,1.19486
0,0.25,5,12.5728,1.82331e-07,1.19486
0,0.25,5,13.0728,2.33765e-07,1.19486
0,0.25,5,13.5728,2.54239e-07,1.19486
0,0.25,5,14.0728,2.73781e-07,1.19486
0,0.25,5,14.5728,2.80228e-07,1.19486
0,0.25,5,15.0728,2.83868e-07,1.19486
0,0.25,5,15.5728,2.84927e-07,1.19486
0,0.25,5,16.0728,2.8532e-07,1.19486
0,0.25,5,16.5728,2.85418e-07,1.19486
0,0.25,5,17.0728,2.85421e-07,1.19486
0,0.25,5,17.5728,2.85336e-07,1.19486
0,0.25,5,18.0728,2.84964e-07,1.19486
0,0.25,5,18.5728,2.84001e-07,1.19486
0,0.25,5,19.0728,2.80489e-07,1.19486
0,0.25,5,19.5728,2.73096e-07,1.19486
0,0.25,5,20.0728,2.50907e-07,1.19486
0,0.25,5,20.5728,2.06673e-07,1.19486
0,0.25,5,21.0728,-9.43955e-07,1.19484
0,0.25,5,21.5728,-4.61844e-06,1.19485
0,0.25,5,22.0728,-4.97889e-06,1.19483
0,0.25,5,22.5728,-1.5866e-05,1.19486
0,0.25,5,23.0728,-2.85004e-05,1.19482
0,0.25,5,23.5728,-6.58017e-05,1.19487
0,0.25,5,24.0728,-1.51176e-05,1.19478
0,0.25,5.5,9.57277,-1.41313e-06,1.19485
0,0.25,5.5,10.0728,-5.81955e-06,1.19485
0,0.25,5.5,10.5728,-7.94866e-07,1.19485
0,0.25,5.5,11.0728,1.68772e-06,1.19485
0,0.25,5.5,11.5728,2.15841e-06,1.19486
0,0.25,5.5,12.0728,3.17947e-06,1.19486
0,0.25,5.5,12.5728,3.55392e-06,1.19486
0,0.25,5.5,13.0728,4.08921e-06,1.19486
0,0.25,5.5,13.5728,4.25466e-06,1.19486
0,0.25,5.5,14.0728,4.40691e-06,1.19486
0,0.25,5.5,14.5728,4.44978e-06,1.19486
0,0.25,5.5,15.0728,4.47301e-06,1.19486
0,0.25,5.5,15.5728,4.47925e-06,1.19486
0,0.25,5.5,16.0728,4.48136e-06,1.19486
0,0.25,5.5,16.5728,4.48188e-06,1.19486
0,0.25,5.5,17.0728,4.48189e-06,1.19486
0,0.25,5.5,17.5728,4.48143e-06,1.19486
0,0.25,5.5,18.0728,4.47953e-06,1.19486
0,0.25,5.5,18.5728,4.47413e-06,1.19486
0,0.25,5.5,19.0728,4.45315e-06,1.19486
0,0.25,5.5,19.5728,4.41672e-06,1.19486
0,0.25,5.5,20.0728,3.77099e-06,1.19486
0,0.25,5.5,20.5728,2.04997e-06,1.19486
0,0.25,5.5,21.0728,2.29318e-06,1.19484
0,0.25,5.5,21.5728,1.04175e-06,1.19485
0,0.25,5.5,22.0728,5.42782e-06,1.19483
0,0.25,5.5,22.5728,1.75181e-06,1.19485
0,0.25,5.5,23.0728,1.35997e-05,1.19479
0,0.25,5.5,23.5728,4.40146e-05,1.19488
0,0.25,5.5,24.0728,9.3783e-06,1.19482
0,0.25,6,9.57277,3.08886e-07,1.19485
0,0.25,6,10.0728,1.18871e-06,1.19485
0,0.25,6,10.5728,9.07652e-07,1.19486
0,0.25,6,11.0728,1.98506e-06,1.19485
0,0.25,6,11.5728,2.40023e-06,1.19485
0,0.25,6,12.0728,3.51344e-06,1.19485
0,0.25,6,12.5728,3.90594e-06,1.19486
0,0.25,6,13.0728,4.45496e-06,1.19486
0,0.25,6,13.5728,4.62306e-06,1.19486
0,0.25,6,14.0728,4.77035e-06,1.19486
0,0.25,6,14.5728,4.8117e-06,1.19486
0,0.25,6,15.0728,4.83309e-06,1.19486
0,0.25,6,15.5728,4.83883e-06,1.19486
0,0.25,6,16.0728,4.8407e-06,1.19486
0,0.25,6,16.5728,4.84116e-06,1.19486
0,0.25,6,17.0728,4.84117e-06,1.19486
0,0.25,6,17.5728,4.84076e-06,1.19486
0,0.25,6,18.0728,4.8391e-06,1.19486
0,0.25,6,18.5728,4.83416e-06,1.19486
0,0.25,6,19.0728,4.81509e-06,1.19486
0,0.25,6,19.5728,4.78212e-06,1.19486
0,0.25,6,20.0728,3.97486e-06,1.19485
0,0.25,6,20.5728,1.75124e-06,1.19486
0,0.25,6,21.0728,2.77748e-06,1.19484
0,0.25,6,21.5728,2.64683e-06,1.19486
0,0.25,6,22.0728,3.21251e-07,1.19482
0,0.25,6,22.5728,-2.24931e-05,1.19485
0,0.25,6,23.0728,-3.84552e-05,1.19481
0,0.25,5.99999,23.5728,-0.000188346,1.19486
0,0.25,6,24.0728,-4.67559e-05,1.19479
0,0.25,6.5,9.57276,1.97837e-06,1.19471
0,0.25,6.5,10.0728,8.14436e-06,1.19454
0,0.25,6.5,10.5728,3.58882e-06,1.19459
0,0.25,6.5,11.0728,3.60989e-06,1.19459
0,0.25,6.5,11.5728,4.26551e-06,1.19459
0,0.25,6.5,12.0728,5.08173e-06,1.19459
0,0.25,6.5,12.5728,5.35784e-06,1.19459
0,0.25,6.5,13.0728,5.58864e-06,1.19459
0,0.25,6.5,13.5728,5.65902e-06,1.19459
0,0.25,6.5,14.0728,5.69602e-06,1.19459
0,0.25,6.5,14.5728,5.7069e-06,1.19459
0,0.25,6.5,15.0728,5.71042e-06,1.19459
0,0.25,6.5,15.5728,5.71142e-06,1.19459
0,0.25,6.5,16.0728,5.71166e-06,1.19459
0,0.25,6.5,16.5728,5.71172e-06,1.19459
0,0.25,6.5,17.0728,5.71172e-06,1.19459
0,0.25,6.5,17.5728,5.71167e-06,1.19459
0,0.25,6.5,18.0728,5.71146e-06,1.19459
0,0.25,6.5,18.5728,5.71056e-06,1.19459
0,0.25,6.5,19.0728,5.70757e-06,1.19459
0,0.25,6.5,19.5728,5.69844e-06,1.19459
0,0.25,6.5,20.0728,6.16827e-06,1.19458
0,0.25,6.5,20.5728,7.68736e-06,1.19459
0,0.25,6.5,21.0728,8.93884e-06,1.19457
0,0.25,6.5,21.5728,1.76964e-05,1.19459
0,0.25,6.5,22.0728,1.44385e-05,1.19453
0,0.25,6.5,22.5728,3.24141e-05,1.19459
0,0.25,6.5,23.0728,8.0777e-06,1.19436
0,0.25,6.5,23.5728,-5.42497e-06,1.19455
0,0.25,6.5,24.0728,-1.08129e-06,1.19487
0,0.25,7,9.57156,5.98201e-07,1.15847
0,0.25,7,10.0717,9.38257e-07,1.16332
0,0.25,7,10.5717,1.86062e-06,1.16339
0,0.25,7,11.0717,3.40084e-06,1.1634
0,0.25,7,11.5717,4.21342e-06,1.1634
0,0.25,7,12.0717,4.93619e-06,1.1634
0,0.25,7,12.5717,5.1867e-06,1.1634
0,0.25,7,13.0717,5.36256e-06,1.1634
0,0.25,7,13.5717,5.4139e-06,1.1634
0,0.25,7,14.0717,5.43781e-06,1.1634
0,0.25,7,14.5717,5.44425e-06,1.1634
0,0.25,7,15.0717,5.44609e-06,1.1634
0,0.25,7,15.5717,5.44657e-06,1.1634
0,0.25,7,16.0717,5.44666e-06,1.1634
0,0.25,7,16.5717,5.44669e-06,1.1634
0,0.25,7,17.0717,5.44669e-06,1.1634
0,0.25,7,17.5717,5.44667e-06,1.1634
0,0.25,7,18.0717,5.44659e-06,1.1634
0,0.25,7,18.5717,5.44616e-06,1.1634
0,0.25,7,19.0717,5.44467e-06,1.1634
0,0.25,7,19.5717,5.43971e-06,1.1634
0,0.25,7,20.0717,6.09348e-06,1.1634
0,0.25,7,20.5717,8.17694e-06,1.1634
0,0.25,7,21.0717,9.84822e-06,1.16339
0,0.25,7,21.5717,2.13172e-05,1.1634
0,0.25,7,22.0717,2.53596e-05,1.16338
0,0.25,7,22.5717,7.40034e-05,1.1634
0,0.25,7,23.0717,9.30405e-05,1.16333
0,0.25,7.00001,23.5717,0.000293397,1.16333
0,0.25,7,24.0716,7.46966e-05,1.15841
1,0.25,7.5,1.5,0,0
1,0.25,8,1.5,0,0
1,0.25,1.5,1.5,0,0
1,0.25,2,1.5,0,0
1,0.25,7.5,2,0,0
1,0.25,8,2,0,0
1,0.25,1.5,2,0,0
1,0.25,2,2,0,0
1,0.25,7.5,2.5,0,0
1,0.25,8,2.5,0,0
1,0.25,1.5,2.5,0,0
1,0.25,2,2.5,0,0
1,0.25,7.5,3,0,0
1,0.25,8,3,0,0
1,0.25,1.5,3,0,0
1,0.25,2,3,0,0
1,0.25,7.5,3.5,0,0
1,0.25,8,3.5,0,0
1,0.25,1.5,3.5,0,0
1,0.25,2,3.5,0,0
1,0.25,7.5,4,0,0
1,0.25,8,4,0,0
1,0.25,1.5,4,0,0
1,0.25,2,4,0,0
1,0.25,7.5,4.5,0,0
1,0.25,8,4.5,0,0
1,0.25,1.5,4.5,0,0
1,0.25,2,4.5,0,0
1,0.25,7.5,5,0,0
1,0.25,8,5,0,0
1,0.25,1.5,5,0,0
1,0.25,2,5,0,0
1,0.25,7.5,5.5,0,0
1,0.25,8,5.5,0,0
1,0.25,1.5,5.5,0,0
1,0.25,2,5.5,0,0
1,0.25,7.5,6,0,0
1,0.25,8,6,0,0
1,0.25,1.5,6,0,0
1,0.25,2,6,0,0
1,0.25,7.5,6.5,0,0
1,0.25,8,6.5,0,0
1,0.25,1.5,6.5,0,0
1,0.25,2,6.5,0,0
1,0.25,7.5,7,0,0
1,0.25,8,7,0,0
1,0.25,1.5,7,0,0
1,0.25,2,7,0,0
1,0.25,7.5,7.5,0,0
1,0.25,8,7.5,0,0
1,0.25,1.5,7.5,0,0
1,0.25,2,7.5,0,0
1,0.25,7.5,8,0,0
1,0.25,8,8,0,0
1,0.25,1.5,8,0,0
1,0.25,2,8,0,0
1,0.25,7.5,8.5,0,0
1,0.25,8,8.5,0,0
1,0.25,1.5,8.5,0,0
1,0.25,2,8.5,0,0
1,0.25,7.5,9,0,0
1,0.25,8,9,0,0
1,0.25,1.5,9,0,0
1,0.25,2,9,0,0
1,0.25,7.5,9.5,0,0
1,0.25,8,9.5,0,0
1,0.25,1.5,9.5,0,0
1,0.25,2,9.5,0,0
1,0.25,7.5,10,0,0
1,0.25,8,10,0,0
1,0.25,1.5,10,0,0
1,0.25,2,10,0,0
1,0.25,7.5,10.5,0,0
1,0.25,8,10.5,0,0
1,0.25,1.5,10.5,0,0
1,0.25,2,10.5,0,0
1,0.25,7.5,11,0,0
1,0.25,8,11,0,0
1,0.25,1.5,11,0,0
1,0.25,2,11,0,0
1,0.25,7.5,11.5,0,0
1,0.25,8,11.5,0,0
1,0.25,1.5,11.5,0,0
1,0.25,2,11.5,0,0
1,0.25,7.5,12,0,0
1,0.25,8,12,0,0
1,0.25,1.5,12,0,0
1,0.25,2,12,0,0
1,0.25,7.5,12.5,0,0
1,0.25,8,12.5,0,0
1,0.25,1.5,12.5,0,0
1,0.25,2,12.5,0,0
1,0.25,7.5,13,0,0
1,0.25,8,13,0,0
1,0.25,1.5,13,0,0
1,0.25,2,13,0,0
1,0.25,7.5,13.5,0,0
1,0.25,8,13.5,0,0
1,0.25,1.5,13.5,0,0
1,0.25,2,13.5,0,0
1,0.25,7.5,14,0,0
1,0.25,8,14,0,0
1,0.25,1.5,14,0,0
1,0.25,2,14,0,0
1,0.25,7.5,14.5,0,0
1,0.25,8,14.5,0,0
1,0.25,1.5,14.5,0,0
1,0.25,2,14.5,0,0
1,0.25,7.5,15,0,0
1,0.25,8,15,0,0
1,0.25,1.5,15,0,0
1,0.25,2,15,0,0
1,0.25,7.5,15.5,0,0
1,0.25,8,15.5,0,0
1,0.25,1.5,15.5,0,0
1,0.25,2,15.5,0,0
1,0.25,7.5,16,0,0
1,0.25,8,16,0,0
1,0.25,1.5,16,0,0
1,0.25,2,16,0,0
1,0.25,7.5,16.5,0,0
1,0.25,8,16.5,0,0
1,0.25,1.5,16.5,0,0
1,0.25,2,16.5,0,0
1,0.25,7.5,17,0,0
1,0.25,8,17,0,0
1,0.25,1.5,17,0,0
1,0.25,2,17,0,0
1,0.25,7.5,17.5,0,0
1,0.25,8,17.5,0,0
1,0.25,1.5,17.5,0,0
1,0.25,2,17.5,0,0
1,0.25,7.5,18,0,0
1,0.25,8,18,0,0
1,0.25,1.5,18,0,0
1,0.25,2,18,0,0
1,0.25,7.5,18.5,0,0
1,0.25,8,18.5,0,0
1,0.25,1.5,18.5,0,0
1,0.25,2,18.5,0,0
1,0.25,7.5,19,0,0
1,0.25,8,19,0,0
1,0.25,1.5,19,0,0
1,0.25,2,19,0,0
1,0.25,7.5,19.5,0,0
1,0.25,8,19.5,0,0
1,0.25,1.5,19.5,0,0
1,0.25,2,19.5,0,0
1,0.25,7.5,20,0,0
1,0.25,8,20,0,0
1,0.25,1.5,20,0,0
1,0.25,2,20,0,0
1,0.25,7.5,20.5,0,0
1,0.25,8,20.5,0,0
1,0.25,1.5,20.5,0,0
1,0.25,2,20.5,0,0
1,0.25,7.5,21,0,0
1,0.25,8,21,0,0
1,0.25,1.5,21,0,0
1,0.25,2,21,0,0
1,0.25,7.5,21.5,0,0
1,0.25,8,21.5,0,0
1,0.25,1.5,21.5,0,0
1,0.25,2,21.5,0,0
1,0.25,7.5,22,0,0
1,0.25,8,22,0,0
1,0.25,1.5,22,0,0
1,0.25,2,22,0,0
1,0.25,7.5,22.5,0,0
1,0.25,8,22.5,0,0
1,0.25,1.5,22.5,0,0
1,0.25,2,22.5,0,0
1,0.25,7.5,23,0,0
1,0.25,8,23,0,0
1,0.25,1.5,23,0,0
1,0.25,2,23,0,0
1,0.25,7.5,23.5,0,0
1,0.25,8,23.5,0,0
1,0.25,1.5,23.5,0,0
1,0.25,2,23.5,0,0
1,0.25,7.5,24,0,0
1,0.25,8,24,0,0
1,0.25,1.5,24,0,0
1,0.25,2,24,0,0
1,0.25,7.5,24.5,0,0
1,0.25,8,24.5,0,0
1,0.25,1.5,24.5,0,0
1,0.25,2,24.5,0,0
1,0.25,7.5,25,0,0
1,0.25,8,25,0,0
1,0.25,1.5,25,0,0
1,0.25,2,25,0,0
1,0.25,7.5,25.5,0,0
1,0.25,8,25.5,0,0
1,0.25,1.5,25.5,0,0
1,0.25,2,25.5,0,0
1,0.25,2.5,1.5,0,0
1,0.25,2.5,2,0,0
1,0.25,2.5,25,0,0
1,0.25,2.5,25.5,0,0
1,0.25,3,1.5,0,0
1,0.25,3,2,0,0
1,0.25,3,25,0,0
1,0.25,3,25.5,0,0
1,0.25,3.5,1.5,0,0
1,0.25,3.5,2,0,0
1,0.25,3.5,25,0,0
1,0.25,3.5,25.5,0,0
1,0.25,4,1.5,0,0
1,0.25,4,2,0,0
1,0.25,4,25,0,0
1,0.25,4,25.5,0,0
1,0.25,4.5,1.5,0,0
1,0.25,4.5,2,0,0
1,0.25,4.5,25,0,0
1,0.25,4.5,25.5,0,0
1,0.25,5,1.5,0,0
1,0.25,5,2,0,0
1,0.25,5,25,0,0
1,0.25,5,25.5,0,0
1,0.25,5.5,1.5,0,0
1,0.25,5.5,2,0,0
1,0.25,5.5,25,0,0
1,0.25,5.5,25.5,0,0
1,0.25,6,1.5,0,0
1,0.25,6,2,0,0
1,0.25,6,25,0,0
1,0.25,6,25.5,0,0
1,0.25,6.5,1.5,0,0
1,0.25,6.5,2,0,0
1,0.25,6.5,25,0,0
1,0.25,6.5,25.5,0,0
1,0.25,7,1.5,0,0
1,0.25,7,2,0,0
1,0.25,7,25,0,0
1,0.25,7,25.5,0,0
