536 2 0.5 3500 0.2 2 0 2e-06 0 9.81 10 35
0,0.25,2.5,10.1841,-6.0092e-06,3.34881
0,0.25,2.5,10.6925,-1.38316e-05,3.40944
0,0.25,2.5,11.1928,-8.73895e-06,3.41313
0,0.25,2.5,11.6929,-6.39992e-06,3.41335
0,0.25,2.5,12.1929,-5.11308e-06,3.41336
0,0.25,2.5,12.6929,-5.22383e-06,3.41336
0,0.25,2.5,13.1929,-5.42237e-06,3.41336
0,0.25,2.5,13.6929,-5.96529e-06,3.41336
0,0.25,2.5,14.1929,-7.8398e-06,3.41336
0,0.25,2.5,14.6929,-9.16363e-06,3.41336
0,0.25,2.5,15.1929,-1.38957e-05,3.41336
0,0.25,2.5,15.6929,-1.71001e-05,3.41336
0,0.25,2.5,16.1929,-2.97512e-05,3.41335
0,0.25,2.5,16.6929,-0.000324664,3.41304
0,0.25,2.49999,17.1929,-0.00168445,3.41315
0,0.25,2.49996,17.6928,-0.00264265,3.41158
0,0.25,2.49982,18.1928,-0.0112976,3.4121
0,0.25,2.49981,18.6927,-0.0101214,3.40905
0,0.25,2.49932,19.1928,-0.0360433,3.40655
0,0.25,2.49939,19.6918,-0.0390212,3.359
0,0.25,2.49904,20.1917,-0.0710227,3.26892
0,0.25,2.49821,20.6892,-0.127966,3.1256
0,0.25,2.49795,21.1853,-0.221588,2.66309
0,0.25,2.49461,21.6784,-0.37313,2.15055
0,0.25,2.49238,22.1618,-0.591034,1.24032
0,0.25,2.48534,22.6427,-0.67763,0.261464
0,0.25,2.47944,23.1119,-0.808733,-0.038885
0,0.25,2.47462,23.5834,-0.193934,-0.578951
0,0.25,2.4588,24.0587,-0.21498,0.0693784
0,0.25,2.46628,24.5362,0.492759,-0.404572
0,0.25,2.99999,10.2478,-3.47344e-05,3.81347
0,0.25,2.99997,10.7473,-0.000139464,3.81116
0,0.25,2.99999,11.2474,-4.41298e-05,3.81257
0,0.25,2.99999,11.7474,-3.60349e-05,3.81267
0,0.25,3,12.2474,-1.49728e-05,3.81268
0,0.25,3,12.7474,-3.79945e-05,3.81266
0,0.25,3,13.2474,-0.000100584,3.81268
0,0.25,3,13.7474,-7.87258e-05,3.81265
0,0.25,2.99999,14.2474,-0.000207965,3.81267
0,0.25,2.99999,14.7474,-0.000193781,3.81259
0,0.25,2.99998,15.2474,-0.000573554,3.81267
0,0.25,2.99999,15.7474,-0.000549371,3.81242
0,0.25,2.99996,16.2474,-0.00166425,3.81264
0,0.25,2.99996,16.7474,-0.00175676,3.81013
0,0.25,2.99989,17.2474,-0.00554061,3.8125
0,0.25,2.9999,17.7472,-0.00468701,3.80119
0,0.25,2.99969,18.2474,-0.0137054,3.81209
0,0.25,2.99974,18.7468,-0.0112804,3.78452
0,0.25,2.99923,19.2473,-0.0396207,3.79299
0,0.25,2.99949,19.7456,-0.0453698,3.72107
0,0.25,2.99867,20.2457,-0.081006,3.56631
0,0.25,2.99826,20.7421,-0.167051,3.39424
0,0.25,2.99716,21.2357,-0.218815,2.68401
0,0.25,2.99355,21.7268,-0.475388,2.06896
0,0.25,2.99165,22.2024,-0.514593,1.01581
0,0.25,2.98224,22.679,-0.64329,-0.218382
0,0.25,2.98085,23.1418,-0.54359,0.0575307
0,0.25,2.97128,23.6012,0.0717962,-0.79082
0,0.25,2.9681,24.072,0.0588178,-0.148842
0,0.25,2.97122,24.5169,0.703648,-0.220657
0,0.25,3.5,10.2491,-1.91154e-06,3.83334
0,0.25,3.5,10.7491,-4.6501e-06,3.83332
0,0.25,3.5,11.2491,-9.15031e-06,3.8334
0,0.25,3.5,11.7491,-2.69361e-05,3.83333
0,0.25,3.5,12.2491,-1.63262e-05,3.83334
0,0.25,3.5,12.7491,-4.45023e-05,3.8332
0,0.25,3.5,13.2491,-0.000126981,3.83333
0,0.25,3.5,13.7491,-9.48913e-05,3.83318
0,0.25,3.49999,14.2491,-0.00025292,3.83331
0,0.25,3.49999,14.7491,-0.000232041,3.83286
0,0.25,3.49998,15.2491,-0.000682034,3.83329
0,0.25,3.49998,15.7491,-0.000635769,3.83196
0,0.25,3.49995,16.2491,-0.00189872,3.83323
0,0.25,3.49996,16.749,-0.00144282,3.82821
0,0.25,3.49989,17.2491,-0.00397583,3.83304
0,0.25,3.49993,17.7488,-0.00229268,3.82035
0,0.25,3.49983,18.2491,-0.00611145,3.83178
0,0.25,3.4999,18.7484,-0.00586552,3.80271
0,0.25,3.49976,19.2488,-0.0148015,3.78907
0,0.25,3.49966,19.7473,-0.0392731,3.7409
0,0.25,3.49959,20.2464,-0.0433662,3.52128
0,0.25,3.49866,20.7437,-0.123489,3.36055
0,0.25,3.4985,21.2348,-0.157931,2.59097
0,0.25,3.49537,21.7262,-0.320401,1.86704
0,0.25,3.49397,22.1998,-0.425314,1.06012
0,0.25,3.48807,22.6734,-0.441133,-0.352727
0,0.25,3.4842,23.1419,-0.509607,0.353365
0,0.25,3.47931,23.5978,-0.308666,-0.263618
0,0.25,3.47544,24.0757,-0.108781,-0.0666092
0,0.25,3.47217,24.5325,-0.309551,0.178124
0,0.25,4,10.2491,2.33706e-05,3.83369
0,0.25,4.00002,10.7491,9.49627e-05,3.83373
0,0.25,4,11.2491,1.64848e-05,3.83374
0,0.25,4,11.7491,-5.62699e-06,3.83373
0,0.25,4,12.2491,-2.88522e-05,3.83376
0,0.25,4,12.7491,-2.49038e-05,3.83358
0,0.25,4,13.2491,-6.09063e-05,3.83375
0,0.25,4,13.7491,-4.63796e-05,3.83355
0,0.25,4,14.2491,-0.000124075,3.83372
0,0.25,4,14.7491,-0.000111697,3.8331
0,0.25,3.99999,15.2491,-0.000316803,3.8337
0,0.25,3.99999,15.7491,-0.000257322,3.83194
0,0.25,3.99998,16.2491,-0.000706595,3.83362
0,0.25,3.99998,16.749,-0.000472626,3.82814
0,0.25,3.99996,17.2491,-0.00115741,3.83341
0,0.25,3.99997,17.7488,-0.00112576,3.8185
0,0.25,3.99992,18.2491,-0.00441912,3.82863
0,0.25,3.99993,18.7483,-0.00689632,3.80011
0,0.25,3.99983,19.2487,-0.0125683,3.77105
0,0.25,3.99973,19.7473,-0.0265105,3.7304
0,0.25,3.99963,20.246,-0.0388587,3.48888
0,0.25,3.99922,20.7433,-0.077203,3.30441
0,0.25,3.99873,21.2336,-0.125242,2.5209
0,0.25,3.9973,21.724,-0.203885,1.71286
0,0.25,3.9954,22.197,-0.300936,0.982741
0,0.25,3.99243,22.6684,-0.34721,-0.381913
0,0.25,3.98904,23.1367,-0.306231,0.282714
0,0.25,3.98466,23.593,-0.304579,-0.10248
0,0.25,3.98242,24.0683,-0.138199,-0.00010107
0,0.25,3.98162,24.5222,-0.0455384,0.0191388
0,0.25,4.5,10.2491,-3.56744e-06,3.83369
0,0.25,4.5,10.7491,-2.65789e-05,3.83373
0,0.25,4.5,11.2491,-1.08302e-05,3.83375
0,0.25,4.5,11.7491,-9.14659e-06,3.83372
0,0.25,4.5,12.2491,-2.32157e-05,3.83376
0,0.25,4.5,12.7491,-1.41633e-05,3.83357
0,0.25,4.5,13.2491,-2.99278e-05,3.83375
0,0.25,4.5,13.7491,-2.51745e-05,3.83351
0,0.25,4.5,14.2491,-7.20716e-05,3.83373
0,0.25,4.5,14.7491,-6.55754e-05,3.83297
0,0.25,4.49999,15.2491,-0.000195092,3.8337
0,0.25,4.5,15.7491,-0.000156066,3.83167
0,0.25,4.49999,16.2491,-0.000442498,3.83361
0,0.25,4.49999,16.749,-0.000354032,3.82762
0,0.25,4.49997,17.2491,-0.00100863,3.83339
0,0.25,4.49998,17.7488,-0.000329071,3.81852
0,0.25,4.49996,18.2491,-0.000630027,3.8266
0,0.25,4.49998,18.7484,-0.00122977,3.79994
0,0.25,4.49998,19.2486,-0.000566814,3.76604
0,0.25,4.49997,19.7473,-0.0038615,3.72385
0,0.25,4.49995,20.2458,-0.00800845,3.47128
0,0.25,4.49979,20.743,-0.0227624,3.27492
0,0.25,4.49964,21.2329,-0.036057,2.48364
0,0.25,4.49909,21.7228,-0.060943,1.6529
0,0.25,4.49854,22.1954,-0.086352,0.926247
0,0.25,4.49761,22.6665,-0.10639,-0.363018
0,0.25,4.49682,23.1344,-0.0830134,0.338897
0,0.25,4.49541,23.5912,-0.0792363,-0.0510918
0,0.25,4.4947,24.0678,-0.0954152,0.100731
0,0.25,4.49509,24.5228,-0.102605,0.0845858
0,0.25,5,10.2491,3.56744e-06,3.83369
0,0.25,5,10.7491,2.65789e-05,3.83373
0,0.25,5,11.2491,1.08302e-05,3.83375
0,0.25,5,11.7491,9.14658e-06,3.83372
0,0.25,5,12.2491,2.32156e-05,3.83376
0,0.25,5,12.7491,1.41633e-05,3.83357
0,0.25,5,13.2491,2.99279e-05,3.83375
0,0.25,5,13.7491,2.51745e-05,3.83351
0,0.25,5,14.2491,7.20715e-05,3.83373
0,0.25,5,14.7491,6.55754e-05,3.83297
0,0.25,5.00001,15.2491,0.000195092,3.8337
0,0.25,5,15.7491,0.000156066,3.83167
0,0.25,5.00001,16.2491,0.000442497,3.83361
0,0.25,5.00001,16.749,0.000354032,3.82762
0,0.25,5.00003,17.2491,0.00100863,3.83339
0,0.25,5.00002,17.7488,0.000329071,3.81852
0,0.25,5.00004,18.2491,0.000630026,3.8266
0,0.25,5.00002,18.7484,0.00122977,3.79994
0,0.25,5.00002,19.2486,0.000566814,3.76604
0,0.25,5.00003,19.7473,0.0038615,3.72385
0,0.25,5.00005,20.2458,0.00800845,3.47128
0,0.25,5.00021,20.743,0.0227624,3.27492
0,0.25,5.00036,21.2329,0.036057,2.48364
0,0.25,5.00091,21.7228,0.060943,1.6529
0,0.25,5.00146,22.1954,0.086352,0.926247
0,0.25,5.00239,22.6665,0.10639,-0.363018
0,0.25,5.00318,23.1344,0.0830134,0.338897
0,0.25,5.00459,23.5912,0.0792363,-0.0510918
0,0.25,5.0053,24.0678,0.0954152,0.100731
0,0.25,5.00491,24.5228,0.102605,0.0845858
0,0.25,5.5,10.2491,-2.33706e-05,3.83369
0,0.25,5.49998,10.7491,-9.49627e-05,3.83373
0,0.25,5.5,11.2491,-1.64848e-05,3.83374
0,0.25,5.5,11.7491,5.62706e-06,3.83373
0,0.25,5.5,12.2491,2.88523e-05,3.83376
0,0.25,5.5,12.7491,2.49038e-05,3.83358
0,0.25,5.5,13.2491,6.09063e-05,3.83375
0,0.25,5.5,13.7491,4.63796e-05,3.83355
0,0.25,5.5,14.2491,0.000124075,3.83372
0,0.25,5.5,14.7491,0.000111697,3.8331
0,0.25,5.50001,15.2491,0.000316803,3.8337
0,0.25,5.50001,15.7491,0.000257322,3.83194
0,0.25,5.50002,16.2491,0.000706595,3.83362
0,0.25,5.50002,16.749,0.000472626,3.82814
0,0.25,5.50004,17.2491,0.00115741,3.83341
0,0.25,5.50003,17.7488,0.00112576,3.8185
0,0.25,5.50008,18.2491,0.00441912,3.82863
0,0.25,5.50007,18.7483,0.00689632,3.80011
0,0.25,5.50017,19.2487,0.0125683,3.77105
0,0.25,5.50027,19.7473,0.0265105,3.7304
0,0.25,5.50037,20.246,0.0388587,3.48888
0,0.25,5.50078,20.7433,0.077203,3.30441
0,0.25,5.50127,21.2336,0.125242,2.5209
0,0.25,5.5027,21.724,0.203885,1.71286
0,0.25,5.5046,22.197,0.300936,0.982741
0,0.25,5.50757,22.6684,0.34721,-0.381913
0,0.25,5.51096,23.1367,0.306231,0.282714
0,0.25,5.51534,23.593,0.304579,-0.10248
0,0.25,5.51758,24.0683,0.138199,-0.00010107
0,0.25,5.51838,24.5222,0.0455384,0.0191388
0,0.25,6,10.2491,1.91154e-06,3.83334
0,0.25,6,10.7491,4.6501e-06,3.83332
0,0.25,6,11.2491,9.1503e-06,3.8334
0,0.25,6,11.7491,2.69361e-05,3.83333
0,0.25,6,12.2491,1.63263e-05,3.83334
0,0.25,6,12.7491,4.45023e-05,3.8332
0,0.25,6,13.2491,0.000126981,3.83333
0,0.25,6,13.7491,9.48913e-05,3.83318
0,0.25,6.00001,14.2491,0.00025292,3.83331
0,0.25,6.00001,14.7491,0.000232041,3.83286
0,0.25,6.00002,15.2491,0.000682034,3.83329
0,0.25,6.00002,15.7491,0.000635769,3.83196
0,0.25,6.00005,16.2491,0.00189872,3.83323
0,0.25,6.00004,16.749,0.00144282,3.82821
0,0.25,6.00011,17.2491,0.00397583,3.83304
0,0.25,6.00007,17.7488,0.00229268,3.82035
0,0.25,6.00017,18.2491,0.00611145,3.83178
0,0.25,6.0001,18.7484,0.00586552,3.80271
0,0.25,6.00024,19.2488,0.0148015,3.78907
0,0.25,6.00034,19.7473,0.0392731,3.7409
0,0.25,6.00041,20.2464,0.0433662,3.52128
0,0.25,6.00134,20.7437,0.123489,3.36055
0,0.25,6.0015,21.2348,0.157931,2.59097
0,0.25,6.00463,21.7262,0.320401,1.86704
0,0.25,6.00603,22.1998,0.425314,1.06012
0,0.25,6.01193,22.6734,0.441133,-0.352727
0,0.25,6.0158,23.1419,0.509607,0.353365
0,0.25,6.02069,23.5978,0.308666,-0.263618
0,0.25,6.02456,24.0757,0.108781,-0.0666092
0,0.25,6.02783,24.5325,0.309551,0.178124
0,0.25,6.50001,10.2478,3.47344e-05,3.81347
0,0.25,6.50003,10.7473,0.000139465,3.81116
0,0.25,6.50001,11.2474,4.41298e-05,3.81257
0,0.25,6.50001,11.7474,3.60349e-05,3.81267
0,0.25,6.5,12.2474,1.49728e-05,3.81268
0,0.25,6.5,12.7474,3.79945e-05,3.81266
0,0.25,6.5,13.2474,0.000100584,3.81268
0,0.25,6.5,13.7474,7.87258e-05,3.81265
0,0.25,6.50001,14.2474,0.000207965,3.81267
0,0.25,6.50001,14.7474,0.000193781,3.81259
0,0.25,6.50002,15.2474,0.000573554,3.81267
0,0.25,6.50001,15.7474,0.000549371,3.81242
0,0.25,6.50004,16.2474,0.00166425,3.81264
0,0.25,6.50004,16.7474,0.00175676,3.81013
0,0.25,6.50011,17.2474,0.00554061,3.8125
0,0.25,6.5001,17.7472,0.00468701,3.80119
0,0.25,6.50031,18.2474,0.0137054,3.81209
0,0.25,6.50026,18.7468,0.0112804,3.78452
0,0.25,6.50077,19.2473,0.0396207,3.79299
0,0.25,6.50051,19.7456,0.0453698,3.72107
0,0.25,6.50133,20.2457,0.081006,3.56631
0,0.25,6.50174,20.7421,0.167051,3.39424
0,0.25,6.50284,21.2357,0.218815,2.68401
0,0.25,6.50645,21.7268,0.475388,2.06896
0,0.25,6.50835,22.2024,0.514593,1.01581
0,0.25,6.51776,22.679,0.64329,-0.218382
0,0.25,6.51915,23.1418,0.54359,0.0575307
0,0.25,6.52872,23.6012,-0.0717962,-0.79082
0,0.25,6.5319,24.072,-0.0588178,-0.148842
0,0.25,6.52878,24.5169,-0.703648,-0.220657
0,0.25,7,10.1841,6.0092e-06,3.34881
0,0.25,7,10.6925,1.38316e-05,3.40944
0,0.25,7,11.1928,8.73895e-06,3.41313
0,0.25,7,11.6929,6.39992e-06,3.41335
0,0.25,7,12.1929,5.11308e-06,3.41336
0,0.25,7,12.6929,5.22383e-06,3.41336
0,0.25,7,13.1929,5.42237e-06,3.41336
0,0.25,7,13.6929,5.96529e-06,3.41336
0,0.25,7,14.1929,7.8398e-06,3.41336
0,0.25,7,14.6929,9.16363e-06,3.41336
0,0.25,7,15.1929,1.38957e-05,3.41336
0,0.25,7,15.6929,1.71001e-05,3.41336
0,0.25,7,16.1929,2.97512e-05,3.41335
0,0.25,7,16.6929,0.000324664,3.41304
0,0.25,7.00001,17.1929,0.00168445,3.41315
0,0.25,7.00004,17.6928,0.00264265,3.41158
0,0.25,7.00018,18.1928,0.0112976,3.4121
0,0.25,7.00019,18.6927,0.0101214,3.40905
0,0.25,7.00068,19.1928,0.0360433,3.40655
0,0.25,7.00061,19.6918,0.0390212,3.359
0,0.25,7.00096,20.1917,0.0710227,3.26892
0,0.25,7.00179,20.6892,0.127966,3.1256
0,0.25,7.00205,21.1853,0.221588,2.66309
0,0.25,7.00539,21.6784,0.37313,2.15055
0,0.25,7.00762,22.1618,0.591034,1.24032
0,0.25,7.01466,22.6427,0.67763,0.261464
0,0.25,7.02056,23.1119,0.808733,-0.038885
0,0.25,7.02538,23.5834,0.193934,-0.578951
0,0.25,7.0412,24.0587,0.21498,0.0693784
0,0.25,7.03372,24.5362,-0.492759,-0.404572
1,0.25,7.5,1.5,0,0
1,0.25,8,1.5,0,0
1,0.25,1.5,1.5,0,0
1,0.25,2,1.5,0,0
1,0.25,7.5,2,0,0
1,0.25,8,2,0,0
1,0.25,1.5,2,0,0
1,0.25,2,2,0,0
1,0.25,7.5,2.5,0,0
1,0.25,8,2.5,0,0
1,0.25,1.5,2.5,0,0
1,0.25,2,2.5,0,0
1,0.25,7.5,3,0,0
1,0.25,8,3,0,0
1,0.25,1.5,3,0,0
1,0.25,2,3,0,0
1,0.25,7.5,3.5,0,0
1,0.25,8,3.5,0,0
1,0.25,1.5,3.5,0,0
1,0.25,2,3.5,0,0
1,0.25,7.5,4,0,0
1,0.25,8,4,0,0
1,0.25,1.5,4,0,0
1,0.25,2,4,0,0
1,0.25,7.5,4.5,0,0
1,0.25,8,4.5,0,0
1,0.25,1.5,4.5,0,0
1,0.25,2,4.5,0,0
1,0.25,7.5,5,0,0
1,0.25,8,5,0,0
1,0.25,1.5,5,0,0
1,0.25,2,5,0,0
1,0.25,7.5,5.5,0,0
1,0.25,8,5.5,0,0
1,0.25,1.5,5.5,0,0
1,0.25,2,5.5,0,0
1,0.25,7.5,6,0,0
1,0.25,8,6,0,0
1,0.25,1.5,6,0,0
1,0.25,2,6,0,0
1,0.25,7.5,6.5,0,0
1,0.25,8,6.5,0,0
1,0.25,1.5,6.5,0,0
1,0.25,2,6.5,0,0
1,0.25,7.5,7,0,0
1,0.25,8,7,0,0
1,0.25,1.5,7,0,0
1,0.25,2,7,0,0
1,0.25,7.5,7.5,0,0
1,0.25,8,7.5,0,0
1,0.25,1.5,7.5,0,0
1,0.25,2,7.5,0,0
1,0.25,7.5,8,0,0
1,0.25,8,8,0,0
1,0.25,1.5,8,0,0
1,0.25,2,8,0,0
1,0.25,7.5,8.5,0,0
1,0.25,8,8.5,0,0
1,0.25,1.5,8.5,0,0
1,0.25,2,8.5,0,0
1,0.25,7.5,9,0,0
1,0.25,8,9,0,0
1,0.25,1.5,9,0,0
1,0.25,2,9,0,0
1,0.25,7.5,9.5,0,0
1,0.25,8,9.5,0,0
1,0.25,1.5,9.5,0,0
1,0.25,2,9.5,0,0
1,0.25,7.5,10,0,0
1,0.25,8,10,0,0
1,0.25,1.5,10,0,0
1,0.25,2,10,0,0
1,0.25,7.5,10.5,0,0
1,0.25,8,10.5,0,0
1,0.25,1.5,10.5,0,0
1,0.25,2,10.5,0,0
1,0.25,7.5,11,0,0
1,0.25,8,11,0,0
1,0.25,1.5,11,0,0
1,0.25,2,11,0,0
1,0.25,7.5,11.5,0,0
1,0.25,8,11.5,0,0
1,0.25,1.5,11.5,0,0
1,0.25,2,11.5,0,0
1,0.25,7.5,12,0,0
1,0.25,8,12,0,0
1,0.25,1.5,12,0,0
1,0.25,2,12,0,0
1,0.25,7.5,12.5,0,0
1,0.25,8,12.5,0,0
1,0.25,1.5,12.5,0,0
1,0.25,2,12.5,0,0
1,0.25,7.5,13,0,0
1,0.25,8,13,0,0
1,0.25,1.5,13,0,0
1,0.25,2,13,0,0
1,0.25,7.5,13.5,0,0
1,0.25,8,13.5,0,0
1,0.25,1.5,13.5,0,0
1,0.25,2,13.5,0,0
1,0.25,7.5,14,0,0
1,0.25,8,14,0,0
1,0.25,1.5,14,0,0
1,0.25,2,14,0,0
1,0.25,7.5,14.5,0,0
1,0.25,8,14.5,0,0
1,0.25,1.5,14.5,0,0
1,0.25,2,14.5,0,0
1,0.25,7.5,15,0,0
1,0.25,8,15,0,0
1,0.25,1.5,15,0,0
1,0.25,2,15,0,0
1,0.25,7.5,15.5,0,0
1,0.25,8,15.5,0,0
1,0.25,1.5,15.5,0,0
1,0.25,2,15.5,0,0
1,0.25,7.5,16,0,0
1,0.25,8,16,0,0
1,0.25,1.5,16,0,0
1,0.25,2,16,0,0
1,0.25,7.5,16.5,0,0
1,0.25,8,16.5,0,0
1,0.25,1.5,16.5,0,0
1,0.25,2,16.5,0,0
1,0.25,7.5,17,0,0
1,0.25,8,17,0,0
1,0.25,1.5,17,0,0
1,0.25,2,17,0,0
1,0.25,7.5,17.5,0,0
1,0.25,8,17.5,0,0
1,0.25,1.5,17.5,0,0
1,0.25,2,17.5,0,0
1,0.25,7.5,18,0,0
1,0.25,8,18,0,0
1,0.25,1.5,18,0,0
1,0.25,2,18,0,0
1,0.25,7.5,18.5,0,0
1,0.25,8,18.5,0,0
1,0.25,1.5,18.5,0,0
1,0.25,2,18.5,0,0
1,0.25,7.5,19,0,0
1,0.25,8,19,0,0
1,0.25,1.5,19,0,0
1,0.25,2,19,0,0
1,0.25,7.5,19.5,0,0
1,0.25,8,19.5,0,0
1,0.25,1.5,19.5,0,0
1,0.25,2,19.5,0,0
1,0.25,7.5,20,0,0
1,0.25,8,20,0,0
1,0.25,1.5,20,0,0
1,0.25,2,20,0,0
1,0.25,7.5,20.5,0,0
1,0.25,8,20.5,0,0
1,0.25,1.5,20.5,0,0
1,0.25,2,20.5,0,0
1,0.25,7.5,21,0,0
1,0.25,8,21,0,0
1,0.25,1.5,21,0,0
1,0.25,2,21,0,0
1,0.25,7.5,21.5,0,0
1,0.25,8,21.5,0,0
1,0.25,1.5,21.5,0,0
1,0.25,2,21.5,0,0
1,0.25,7.5,22,0,0
1,0.25,8,22,0,0
1,0.25,1.5,22,0,0
1,0.25,2,22,0,0
1,0.25,7.5,22.5,0,0
1,0.25,8,22.5,0,0
1,0.25,1.5,22.5,0,0
1,0.25,2,22.5,0,0
1,0.25,7.5,23,0,0
1,0.25,8,23,0,0
1,0.25,1.5,23,0,0
1,0.25,2,23,0,0
1,0.25,7.5,23.5,0,0
1,0.25,8,23.5,0,0
1,0.25,1.5,23.5,0,0
1,0.25,2,23.5,0,0
1,0.25,7.5,24,0,0
1,0.25,8,24,0,0
1,0.25,1.5,24,0,0
1,0.25,2,24,0,0
1,0.25,7.5,24.5,0,0
1,0.25,8,24.5,0,0
1,0.25,1.5,24.5,0,0
1,0.25,2,24.5,0,0
1,0.25,7.5,25,0,0
1,0.25,8,25,0,0
1,0.25,1.5,25,0,0
1,0.25,2,25,0,0
1,0.25,7.5,25.5,0,0
1,0.25,8,25.5,0,0
1,0.25,1.5,25.5,0,0
1,0.25,2,25.5,0,0
1,0.25,2.5,1.5,0,0
1,0.25,2.5,2,0,0
1,0.25,2.5,25,0,0
1,0.25,2.5,25.5,0,0
1,0.25,3,1.5,0,0
1,0.25,3,2,0,0
1,0.25,3,25,0,0
1,0.25,3,25.5,0,0
1,0.25,3.5,1.5,0,0
1,0.25,3.5,2,0,0
1,0.25,3.5,25,0,0
1,0.25,3.5,25.5,0,0
1,0.25,4,1.5,0,0
1,0.25,4,2,0,0
1,0.25,4,25,0,0
1,0.25,4,25.5,0,0
1,0.25,4.5,1.5,0,0
1,0.25,4.5,2,0,0
1,0.25,4.5,25,0,0
1,0.25,4.5,25.5,0,0
1,0.25,5,1.5,0,0
1,0.25,5,2,0,0
1,0.25,5,25,0,0
1,0.25,5,25.5,0,0
1,0.25,5.5,1.5,0,0
1,0.25,5.5,2,0,0
1,0.25,5.5,25,0,0
1,0.25,5.5,25.5,0,0
1,0.25,6,1.5,0,0
1,0.25,6,2,0,0
1,0.25,6,25,0,0
1,0.25,6,25.5,0,0
1,0.25,6.5,1.5,0,0
1,0.25,6.5,2,0,0
1,0.25,6.5,25,0,0
1,0.25,6.5,25.5,0,0
1,0.25,7,1.5,0,0
1,0.25,7,2,0,0
1,0.25,7,25,0,0
1,0.25,7,25.5,0,0
