536 2 0.5 3500 0.2 2 0 2e-06 0 9.81 10 35
0,0.25,2.5,9.93041,-3.54751e-06,2.67939
0,0.25,2.5,10.4346,-7.72679e-06,2.72254
0,0.25,2.5,10.9347,-5.28228e-06,2.72442
0,0.25,2.5,11.4347,-4.72175e-06,2.7245
0,0.25,2.5,11.9347,-4.39676e-06,2.7245
0,0.25,2.5,12.4347,-4.62742e-06,2.7245
0,0.25,2.5,12.9347,-4.65095e-06,2.7245
0,0.25,2.5,13.4347,-4.712e-06,2.7245
0,0.25,2.5,13.9347,-4.75053e-06,2.7245
0,0.25,2.5,14.4347,-4.78792e-06,2.7245
0,0.25,2.5,14.9347,-4.85131e-06,2.7245
0,0.25,2.5,15.4347,-5.09413e-06,2.7245
0,0.25,2.5,15.9347,-5.62131e-06,2.7245
0,0.25,2.5,16.4347,-6.08838e-06,2.7245
0,0.25,2.5,16.9347,-7.49646e-06,2.7245
0,0.25,2.5,17.4347,-8.52483e-06,2.7245
0,0.25,2.5,17.9347,-1.2134e-05,2.7245
0,0.25,2.5,18.4347,-6.29852e-05,2.72445
0,0.25,2.5,18.9347,-0.000254864,2.72448
0,0.25,2.49999,19.4347,-0.000319369,2.72432
0,0.25,2.49997,19.9347,-0.00110783,2.72443
0,0.25,2.49997,20.4347,-0.00106289,2.72402
0,0.25,2.49991,20.9347,-0.0034484,2.72428
0,0.25,2.49992,21.4347,-0.00356363,2.71958
0,0.25,2.49974,21.9347,-0.00749105,2.72346
0,0.25,2.49974,22.4342,-0.0101758,2.68324
0,0.25,2.49973,22.9346,0.0275136,2.72015
0,0.25,2.49944,23.4327,-0.0177125,2.70229
0,0.25,2.5016,23.9344,0.0468486,2.7178
0,0.25,2.4996,24.4313,-0.0114017,2.7106
0,0.25,3,9.96195,-3.60496e-05,3.00549
0,0.25,2.99999,10.4617,-0.000146735,3.00261
0,0.25,3,10.9618,-4.58948e-05,3.00344
0,0.25,3,11.4618,-3.80406e-05,3.00347
0,0.25,3,11.9618,-1.5407e-05,3.00347
0,0.25,3,12.4618,-1.6623e-05,3.00347
0,0.25,3,12.9618,-7.9855e-06,3.00347
0,0.25,3,13.4618,-5.36369e-06,3.00347
0,0.25,3,13.9618,-5.45085e-06,3.00347
0,0.25,3,14.4618,-8.70432e-06,3.00346
0,0.25,3,14.9618,-1.87996e-05,3.00347
0,0.25,3,15.4618,-2.68562e-05,3.00345
0,0.25,3,15.9618,-7.99248e-05,3.00347
0,0.25,3,16.4618,-6.44006e-05,3.00345
0,0.25,2.99999,16.9618,-0.000171817,3.00347
0,0.25,2.99999,17.4618,-0.000148413,3.00341
0,0.25,2.99999,17.9618,-0.000422081,3.00346
0,0.25,2.99999,18.4618,-0.000337754,3.00311
0,0.25,2.99997,18.9618,-0.000943036,3.00344
0,0.25,2.99998,19.4617,-0.000703217,3.00241
0,0.25,2.99994,19.9618,-0.00190606,3.00339
0,0.25,2.99995,20.4617,-0.00153941,3.00059
0,0.25,2.99987,20.9618,-0.00434233,3.00327
0,0.25,2.9999,21.4616,-0.00275712,2.99263
0,0.25,2.99973,21.9618,-0.00734006,3.00297
0,0.25,2.99989,22.461,0.00386452,2.97081
0,0.25,2.99976,22.9617,0.0169036,3.00258
0,0.25,3.00011,23.4604,0.00352074,2.97944
0,0.25,3.00085,23.9617,0.0135846,3.0043
0,0.25,3.00015,24.4613,0.00178219,2.9937
0,0.25,3.5,9.96228,-1.02893e-06,3.01143
0,0.25,3.5,10.4623,-2.72915e-06,3.01154
0,0.25,3.5,10.9623,-5.38203e-06,3.01163
0,0.25,3.5,11.4623,-1.54745e-05,3.01154
0,0.25,3.5,11.9623,-7.23355e-06,3.01156
0,0.25,3.5,12.4623,-8.98532e-06,3.01154
0,0.25,3.5,12.9623,-5.31437e-06,3.01155
0,0.25,3.5,13.4623,-4.5005e-06,3.01154
0,0.25,3.5,13.9623,-4.66321e-06,3.01154
0,0.25,3.5,14.4623,-5.95979e-06,3.01152
0,0.25,3.5,14.9623,-9.6811e-06,3.01153
0,0.25,3.5,15.4623,-2.75617e-05,3.01145
0,0.25,3.5,15.9623,-9.30461e-05,3.01153
0,0.25,3.5,16.4623,-7.43582e-05,3.01142
0,0.25,3.49999,16.9623,-0.000200251,3.01153
0,0.25,3.49999,17.4623,-0.000167119,3.01123
0,0.25,3.49999,17.9623,-0.000469725,3.01151
0,0.25,3.49999,18.4623,-0.000315012,3.01084
0,0.25,3.49997,18.9623,-0.000797697,3.01149
0,0.25,3.49998,19.4622,-0.000538822,3.01006
0,0.25,3.49995,19.9623,-0.00136693,3.01142
0,0.25,3.49997,20.4622,-0.000872806,3.00787
0,0.25,3.49992,20.9623,-0.00212449,3.01127
0,0.25,3.49995,21.462,-0.000640939,3.00185
0,0.25,3.4999,21.9623,-0.000338252,3.01087
0,0.25,3.49998,22.4617,0.00131866,2.99159
0,0.25,3.50005,22.9622,0.00637064,3.00545
0,0.25,3.50006,23.4612,0.00355646,2.98071
0,0.25,3.50023,23.9623,0.00868417,3.01434
0,0.25,3.50006,24.4613,0.00220413,2.99787
0,0.25,4,9.96229,2.72801e-05,3.01162
0,0.25,4.00001,10.4623,0.000110715,3.01166
0,0.25,4,10.9623,2.36332e-05,3.01168
0,0.25,4,11.4623,1.4615e-05,3.01167
0,0.25,4,11.9623,-1.54969e-06,3.01168
0,0.25,4,12.4623,-2.01402e-06,3.01167
0,0.25,4,12.9623,-2.7323e-06,3.01168
0,0.25,4,13.4623,-3.66674e-06,3.01167
0,0.25,4,13.9623,-3.82047e-06,3.01167
0,0.25,4,14.4623,-2.78094e-06,3.01166
0,0.25,4,14.9623,7.92187e-07,3.01167
0,0.25,4,15.4623,-1.39952e-05,3.01154
0,0.25,4,15.9623,-4.93928e-05,3.01166
0,0.25,4,16.4623,-3.6179e-05,3.01151
0,0.25,4,16.9623,-8.83709e-05,3.01166
0,0.25,4,17.4623,-7.4067e-05,3.01126
0,0.25,3.99999,17.9623,-0.000199963,3.01164
0,0.25,3.99999,18.4623,-0.000145609,3.01083
0,0.25,3.99999,18.9623,-0.000370878,3.0116
0,0.25,3.99999,19.4622,-0.00030433,3.00973
0,0.25,3.99997,19.9623,-0.000837869,3.01153
0,0.25,3.99998,20.4622,-0.000557865,3.00738
0,0.25,3.99995,20.9623,-0.00139384,3.01136
0,0.25,3.99997,21.462,-0.000683128,3.00212
0,0.25,3.99992,21.9623,-0.00132538,3.01091
0,0.25,3.99995,22.4617,-0.000246375,2.99319
0,0.25,3.99992,22.9622,0.00102954,3.00874
0,0.25,4.00007,23.4614,0.00526685,2.99233
0,0.25,4.00012,23.9623,0.010619,3.01169
0,0.25,4.00003,24.4612,0.00244858,2.98616
0,0.25,4.5,9.96229,-4.44606e-06,3.01162
0,0.25,4.5,10.4623,-2.576e-05,3.01165
0,0.25,4.5,10.9623,-1.20701e-05,3.01168
0,0.25,4.5,11.4623,-3.77522e-06,3.01167
0,0.25,4.5,11.9623,-5.97869e-06,3.01168
0,0.25,4.5,12.4623,-5.74139e-06,3.01167
0,0.25,4.5,12.9623,-1.50611e-06,3.01168
0,0.25,4.5,13.4623,-5.93705e-07,3.01167
0,0.25,4.5,13.9623,-6.40855e-07,3.01167
0,0.25,4.5,14.4623,-1.53281e-06,3.01166
0,0.25,4.5,14.9623,-4.25927e-06,3.01167
0,0.25,4.5,15.4623,-9.00047e-06,3.01151
0,0.25,4.5,15.9623,-3.1432e-05,3.01166
0,0.25,4.5,16.4623,-2.09414e-05,3.01149
0,0.25,4.5,16.9623,-5.32282e-05,3.01165
0,0.25,4.5,17.4623,-4.77095e-05,3.01117
0,0.25,4.5,17.9623,-0.000141037,3.01164
0,0.25,4.5,18.4623,-9.87178e-05,3.01071
0,0.25,4.49999,18.9623,-0.000262839,3.0116
0,0.25,4.5,19.4622,-0.000134761,3.00961
0,0.25,4.49999,19.9623,-0.000284243,3.01152
0,0.25,4.49999,20.4622,-0.000125841,3.00732
0,0.25,4.49999,20.9623,-0.000211697,3.01135
0,0.25,4.5,21.462,5.68659e-05,3.0027
0,0.25,4.5,21.9623,0.000520353,3.01101
0,0.25,4.50001,22.4618,0.000952907,2.99557
0,0.25,4.50005,22.9622,0.00269739,3.00812
0,0.25,4.50001,23.4615,-0.00201525,2.98879
0,0.25,4.50004,23.9623,-0.00495362,3.01227
0,0.25,4.50001,24.4611,-0.00108938,2.98722
0,0.25,5,9.96229,4.44606e-06,3.01162
0,0.25,5,10.4623,2.576e-05,3.01165
0,0.25,5,10.9623,1.20701e-05,3.01168
0,0.25,5,11.4623,3.77519e-06,3.01167
0,0.25,5,11.9623,5.9787e-06,3.01168
0,0.25,5,12.4623,5.74133e-06,3.01167
0,0.25,5,12.9623,1.5061e-06,3.01168
0,0.25,5,13.4623,5.9371e-07,3.01167
0,0.25,5,13.9623,6.4086e-07,3.01167
0,0.25,5,14.4623,1.5328e-06,3.01166
0,0.25,5,14.9623,4.25921e-06,3.01167
0,0.25,5,15.4623,9.00047e-06,3.01151
0,0.25,5,15.9623,3.1432e-05,3.01166
0,0.25,5,16.4623,2.09414e-05,3.01149
0,0.25,5,16.9623,5.32282e-05,3.01165
0,0.25,5,17.4623,4.77095e-05,3.01117
0,0.25,5,17.9623,0.000141037,3.01164
0,0.25,5,18.4623,9.87178e-05,3.01071
0,0.25,5.00001,18.9623,0.000262839,3.0116
0,0.25,5,19.4622,0.000134761,3.00961
0,0.25,5.00001,19.9623,0.000284243,3.01152
0,0.25,5.00001,20.4622,0.000125841,3.00732
0,0.25,5.00001,20.9623,0.000211697,3.01135
0,0.25,5,21.462,-5.68659e-05,3.0027
0,0.25,5,21.9623,-0.000520353,3.01101
0,0.25,4.99999,22.4618,-0.000952907,2.99557
0,0.25,4.99995,22.9622,-0.00269739,3.00812
0,0.25,4.99999,23.4615,0.00201525,2.98879
0,0.25,4.99996,23.9623,0.00495362,3.01227
0,0.25,4.99999,24.4611,0.00108938,2.98722
0,0.25,5.5,9.96229,-2.728e-05,3.01162
0,0.25,5.49999,10.4623,-0.000110715,3.01166
0,0.25,5.5,10.9623,-2.36332e-05,3.01168
0,0.25,5.5,11.4623,-1.46151e-05,3.01167
0,0.25,5.5,11.9623,1.54967e-06,3.01168
0,0.25,5.5,12.4623,2.01404e-06,3.01167
0,0.25,5.5,12.9623,2.7323e-06,3.01168
0,0.25,5.5,13.4623,3.66674e-06,3.01167
0,0.25,5.5,13.9623,3.82047e-06,3.01167
0,0.25,5.5,14.4623,2.78095e-06,3.01166
0,0.25,5.5,14.9623,-7.92153e-07,3.01167
0,0.25,5.5,15.4623,1.39952e-05,3.01154
0,0.25,5.5,15.9623,4.93928e-05,3.01166
0,0.25,5.5,16.4623,3.6179e-05,3.01151
0,0.25,5.5,16.9623,8.83709e-05,3.01166
0,0.25,5.5,17.4623,7.4067e-05,3.01126
0,0.25,5.50001,17.9623,0.000199963,3.01164
0,0.25,5.50001,18.4623,0.000145609,3.01083
0,0.25,5.50001,18.9623,0.000370878,3.0116
0,0.25,5.50001,19.4622,0.00030433,3.00973
0,0.25,5.50003,19.9623,0.000837869,3.01153
0,0.25,5.50002,20.4622,0.000557865,3.00738
0,0.25,5.50005,20.9623,0.00139384,3.01136
0,0.25,5.50003,21.462,0.000683128,3.00212
0,0.25,5.50008,21.9623,0.00132538,3.01091
0,0.25,5.50005,22.4617,0.000246375,2.99319
0,0.25,5.50008,22.9622,-0.00102954,3.00874
0,0.25,5.49993,23.4614,-0.00526685,2.99233
0,0.25,5.49988,23.9623,-0.010619,3.01169
0,0.25,5.49997,24.4612,-0.00244858,2.98616
0,0.25,6,9.96228,1.02893e-06,3.01143
0,0.25,6,10.4623,2.72915e-06,3.01154
0,0.25,6,10.9623,5.38204e-06,3.01163
0,0.25,6,11.4623,1.54746e-05,3.01154
0,0.25,6,11.9623,7.23356e-06,3.01156
0,0.25,6,12.4623,8.98534e-06,3.01154
0,0.25,6,12.9623,5.31438e-06,3.01155
0,0.25,6,13.4623,4.5005e-06,3.01154
0,0.25,6,13.9623,4.66321e-06,3.01154
0,0.25,6,14.4623,5.95979e-06,3.01152
0,0.25,6,14.9623,9.68113e-06,3.01153
0,0.25,6,15.4623,2.75617e-05,3.01145
0,0.25,6,15.9623,9.30461e-05,3.01153
0,0.25,6,16.4623,7.43582e-05,3.01142
0,0.25,6.00001,16.9623,0.000200251,3.01153
0,0.25,6.00001,17.4623,0.000167119,3.01123
0,0.25,6.00001,17.9623,0.000469725,3.01151
0,0.25,6.00001,18.4623,0.000315012,3.01084
0,0.25,6.00003,18.9623,0.000797697,3.01149
0,0.25,6.00002,19.4622,0.000538822,3.01006
0,0.25,6.00005,19.9623,0.00136693,3.01142
0,0.25,6.00003,20.4622,0.000872806,3.00787
0,0.25,6.00008,20.9623,0.00212449,3.01127
0,0.25,6.00005,21.462,0.000640939,3.00185
0,0.25,6.0001,21.9623,0.000338252,3.01087
0,0.25,6.00002,22.4617,-0.00131866,2.99159
0,0.25,5.99995,22.9622,-0.00637064,3.00545
0,0.25,5.99994,23.4612,-0.00355646,2.98071
0,0.25,5.99977,23.9623,-0.00868417,3.01434
0,0.25,5.99994,24.4613,-0.00220413,2.99787
0,0.25,6.5,9.96195,3.60496e-05,3.00549
0,0.25,6.50001,10.4617,0.000146735,3.00261
0,0.25,6.5,10.9618,4.58948e-05,3.00344
0,0.25,6.5,11.4618,3.80406e-05,3.00347
0,0.25,6.5,11.9618,1.5407e-05,3.00347
0,0.25,6.5,12.4618,1.6623e-05,3.00347
0,0.25,6.5,12.9618,7.9855e-06,3.00347
0,0.25,6.5,13.4618,5.3637e-06,3.00347
0,0.25,6.5,13.9618,5.45086e-06,3.00347
0,0.25,6.5,14.4618,8.70432e-06,3.00346
0,0.25,6.5,14.9618,1.87996e-05,3.00347
0,0.25,6.5,15.4618,2.68562e-05,3.00345
0,0.25,6.5,15.9618,7.99248e-05,3.00347
0,0.25,6.5,16.4618,6.44006e-05,3.00345
0,0.25,6.50001,16.9618,0.000171817,3.00347
0,0.25,6.50001,17.4618,0.000148413,3.00341
0,0.25,6.50001,17.9618,0.000422081,3.00346
0,0.25,6.50001,18.4618,0.000337754,3.00311
0,0.25,6.50003,18.9618,0.000943036,3.00344
0,0.25,6.50002,19.4617,0.000703217,3.00241
0,0.25,6.50006,19.9618,0.00190606,3.00339
0,0.25,6.50005,20.4617,0.00153941,3.00059
0,0.25,6.50013,20.9618,0.00434233,3.00327
0,0.25,6.5001,21.4616,0.00275712,2.99263
0,0.25,6.50027,21.9618,0.00734006,3.00297
0,0.25,6.50011,22.461,-0.00386452,2.97081
0,0.25,6.50024,22.9617,-0.0169036,3.00258
0,0.25,6.49989,23.4604,-0.00352074,2.97944
0,0.25,6.49915,23.9617,-0.0135846,3.0043
0,0.25,6.49985,24.4613,-0.00178219,2.9937
0,0.25,7,9.93041,3.54751e-06,2.67939
0,0.25,7,10.4346,7.72679e-06,2.72254
0,0.25,7,10.9347,5.28228e-06,2.72442
0,0.25,7,11.4347,4.72175e-06,2.7245
0,0.25,7,11.9347,4.39676e-06,2.7245
0,0.25,7,12.4347,4.62742e-06,2.7245
0,0.25,7,12.9347,4.65095e-06,2.7245
0,0.25,7,13.4347,4.712e-06,2.7245
0,0.25,7,13.9347,4.75053e-06,2.7245
0,0.25,7,14.4347,4.78792e-06,2.7245
0,0.25,7,14.9347,4.85131e-06,2.7245
0,0.25,7,15.4347,5.09413e-06,2.7245
0,0.25,7,15.9347,5.62132e-06,2.7245
0,0.25,7,16.4347,6.08839e-06,2.7245
0,0.25,7,16.9347,7.49647e-06,2.7245
0,0.25,7,17.4347,8.52483e-06,2.7245
0,0.25,7,17.9347,1.2134e-05,2.7245
0,0.25,7,18.4347,6.29852e-05,2.72445
0,0.25,7,18.9347,0.000254864,2.72448
0,0.25,7.00001,19.4347,0.000319369,2.72432
0,0.25,7.00003,19.9347,0.00110783,2.72443
0,0.25,7.00003,20.4347,0.00106289,2.72402
0,0.25,7.00009,20.9347,0.0034484,2.72428
0,0.25,7.00008,21.4347,0.00356363,2.71958
0,0.25,7.00026,21.9347,0.00749105,2.72346
0,0.25,7.00026,22.4342,0.0101758,2.68324
0,0.25,7.00027,22.9346,-0.0275136,2.72015
0,0.25,7.00056,23.4327,0.0177125,2.70229
0,0.25,6.9984,23.9344,-0.0468486,2.7178
0,0.25,7.0004,24.4313,0.0114017,2.7106
1,0.25,7.5,1.5,0,0
1,0.25,8,1.5,0,0
1,0.25,1.5,1.5,0,0
1,0.25,2,1.5,0,0
1,0.25,7.5,2,0,0
1,0.25,8,2,0,0
1,0.25,1.5,2,0,0
1,0.25,2,2,0,0
1,0.25,7.5,2.5,0,0
1,0.25,8,2.5,0,0
1,0.25,1.5,2.5,0,0
1,0.25,2,2.5,0,0
1,0.25,7.5,3,0,0
1,0.25,8,3,0,0
1,0.25,1.5,3,0,0
1,0.25,2,3,0,0
1,0.25,7.5,3.5,0,0
1,0.25,8,3.5,0,0
1,0.25,1.5,3.5,0,0
1,0.25,2,3.5,0,0
1,0.25,7.5,4,0,0
1,0.25,8,4,0,0
1,0.25,1.5,4,0,0
1,0.25,2,4,0,0
1,0.25,7.5,4.5,0,0
1,0.25,8,4.5,0,0
1,0.25,1.5,4.5,0,0
1,0.25,2,4.5,0,0
1,0.25,7.5,5,0,0
1,0.25,8,5,0,0
1,0.25,1.5,5,0,0
1,0.25,2,5,0,0
1,0.25,7.5,5.5,0,0
1,0.25,8,5.5,0,0
1,0.25,1.5,5.5,0,0
1,0.25,2,5.5,0,0
1,0.25,7.5,6,0,0
1,0.25,8,6,0,0
1,0.25,1.5,6,0,0
1,0.25,2,6,0,0
1,0.25,7.5,6.5,0,0
1,0.25,8,6.5,0,0
1,0.25,1.5,6.5,0,0
1,0.25,2,6.5,0,0
1,0.25,7.5,7,0,0
1,0.25,8,7,0,0
1,0.25,1.5,7,0,0
1,0.25,2,7,0,0
1,0.25,7.5,7.5,0,0
1,0.25,8,7.5,0,0
1,0.25,1.5,7.5,0,0
1,0.25,2,7.5,0,0
1,0.25,7.5,8,0,0
1,0.25,8,8,0,0
1,0.25,1.5,8,0,0
1,0.25,2,8,0,0
1,0.25,7.5,8.5,0,0
1,0.25,8,8.5,0,0
1,0.25,1.5,8.5,0,0
1,0.25,2,8.5,0,0
1,0.25,7.5,9,0,0
1,0.25,8,9,0,0
1,0.25,1.5,9,0,0
1,0.25,2,9,0,0
1,0.25,7.5,9.5,0,0
1,0.25,8,9.5,0,0
1,0.25,1.5,9.5,0,0
1,0.25,2,9.5,0,0
1,0.25,7.5,10,0,0
1,0.25,8,10,0,0
1,0.25,1.5,10,0,0
1,0.25,2,10,0,0
1,0.25,7.5,10.5,0,0
1,0.25,8,10.5,0,0
1,0.25,1.5,10.5,0,0
1,0.25,2,10.5,0,0
1,0.25,7.5,11,0,0
1,0.25,8,11,0,0
1,0.25,1.5,11,0,0
1,0.25,2,11,0,0
1,0.25,7.5,11.5,0,0
1,0.25,8,11.5,0,0
1,0.25,1.5,11.5,0,0
1,0.25,2,11.5,0,0
1,0.25,7.5,12,0,0
1,0.25,8,12,0,0
1,0.25,1.5,12,0,0
1,0.25,2,12,0,0
1,0.25,7.5,12.5,0,0
1,0.25,8,12.5,0,0
1,0.25,1.5,12.5,0,0
1,0.25,2,12.5,0,0
1,0.25,7.5,13,0,0
1,0.25,8,13,0,0
1,0.25,1.5,13,0,0
1,0.25,2,13,0,0
1,0.25,7.5,13.5,0,0
1,0.25,8,13.5,0,0
1,0.25,1.5,13.5,0,0
1,0.25,2,13.5,0,0
1,0.25,7.5,14,0,0
1,0.25,8,14,0,0
1,0.25,1.5,14,0,0
1,0.25,2,14,0,0
1,0.25,7.5,14.5,0,0
1,0.25,8,14.5,0,0
1,0.25,1.5,14.5,0,0
1,0.25,2,14.5,0,0
1,0.25,7.5,15,0,0
1,0.25,8,15,0,0
1,0.25,1.5,15,0,0
1,0.25,2,15,0,0
1,0.25,7.5,15.5,0,0
1,0.25,8,15.5,0,0
1,0.25,1.5,15.5,0,0
1,0.25,2,15.5,0,0
1,0.25,7.5,16,0,0
1,0.25,8,16,0,0
1,0.25,1.5,16,0,0
1,0.25,2,16,0,0
1,0.25,7.5,16.5,0,0
1,0.25,8,16.5,0,0
1,0.25,1.5,16.5,0,0
1,0.25,2,16.5,0,0
1,0.25,7.5,17,0,0
1,0.25,8,17,0,0
1,0.25,1.5,17,0,0
1,0.25,2,17,0,0
1,0.25,7.5,17.5,0,0
1,0.25,8,17.5,0,0
1,0.25,1.5,17.5,0,0
1,0.25,2,17.5,0,0
1,0.25,7.5,18,0,0
1,0.25,8,18,0,0
1,0.25,1.5,18,0,0
1,0.25,2,18,0,0
1,0.25,7.5,18.5,0,0
1,0.25,8,18.5,0,0
1,0.25,1.5,18.5,0,0
1,0.25,2,18.5,0,0
1,0.25,7.5,19,0,0
1,0.25,8,19,0,0
1,0.25,1.5,19,0,0
1,0.25,2,19,0,0
1,0.25,7.5,19.5,0,0
1,0.25,8,19.5,0,0
1,0.25,1.5,19.5,0,0
1,0.25,2,19.5,0,0
1,0.25,7.5,20,0,0
1,0.25,8,20,0,0
1,0.25,1.5,20,0,0
1,0.25,2,20,0,0
1,0.25,7.5,20.5,0,0
1,0.25,8,20.5,0,0
1,0.25,1.5,20.5,0,0
1,0.25,2,20.5,0,0
1,0.25,7.5,21,0,0
1,0.25,8,21,0,0
1,0.25,1.5,21,0,0
1,0.25,2,21,0,0
1,0.25,7.5,21.5,0,0
1,0.25,8,21.5,0,0
1,0.25,1.5,21.5,0,0
1,0.25,2,21.5,0,0
1,0.25,7.5,22,0,0
1,0.25,8,22,0,0
1,0.25,1.5,22,0,0
1,0.25,2,22,0,0
1,0.25,7.5,22.5,0,0
1,0.25,8,22.5,0,0
1,0.25,1.5,22.5,0,0
1,0.25,2,22.5,0,0
1,0.25,7.5,23,0,0
1,0.25,8,23,0,0
1,0.25,1.5,23,0,0
1,0.25,2,23,0,0
1,0.25,7.5,23.5,0,0
1,0.25,8,23.5,0,0
1,0.25,1.5,23.5,0,0
1,0.25,2,23.5,0,0
1,0.25,7.5,24,0,0
1,0.25,8,24,0,0
1,0.25,1.5,24,0,0
1,0.25,2,24,0,0
1,0.25,7.5,24.5,0,0
1,0.25,8,24.5,0,0
1,0.25,1.5,24.5,0,0
1,0.25,2,24.5,0,0
1,0.25,7.5,25,0,0
1,0.25,8,25,0,0
1,0.25,1.5,25,0,0
1,0.25,2,25,0,0
1,0.25,7.5,25.5,0,0
1,0.25,8,25.5,0,0
1,0.25,1.5,25.5,0,0
1,0.25,2,25.5,0,0
1,0.25,2.5,1.5,0,0
1,0.25,2.5,2,0,0
1,0.25,2.5,25,0,0
1,0.25,2.5,25.5,0,0
1,0.25,3,1.5,0,0
1,0.25,3,2,0,0
1,0.25,3,25,0,0
1,0.25,3,25.5,0,0
1,0.25,3.5,1.5,0,0
1,0.25,3.5,2,0,0
1,0.25,3.5,25,0,0
1,0.25,3.5,25.5,0,0
1,0.25,4,1.5,0,0
1,0.25,4,2,0,0
1,0.25,4,25,0,0
1,0.25,4,25.5,0,0
1,0.25,4.5,1.5,0,0
1,0.25,4.5,2,0,0
1,0.25,4.5,25,0,0
1,0.25,4.5,25.5,0,0
1,0.25,5,1.5,0,0
1,0.25,5,2,0,0
1,0.25,5,25,0,0
1,0.25,5,25.5,0,0
1,0.25,5.5,1.5,0,0
1,0.25,5.5,2,0,0
1,0.25,5.5,25,0,0
1,0.25,5.5,25.5,0,0
1,0.25,6,1.5,0,0
1,0.25,6,2,0,0
1,0.25,6,25,0,0
1,0.25,6,25.5,0,0
1,0.25,6.5,1.5,0,0
1,0.25,6.5,2,0,0
1,0.25,6.5,25,0,0
1,0.25,6.5,25.5,0,0
1,0.25,7,1.5,0,0
1,0.25,7,2,0,0
1,0.25,7,25,0,0
1,0.25,7,25.5,0,0
