536 2 0.5 3500 0.2 2 0 2e-06 0 9.81 10 35
0,0.25,2.5,10.7681,-6.0776e-05,4.41546
0,0.25,2.49997,11.2898,-0.00515379,4.52666
0,0.25,2.49964,11.7907,-0.0642233,4.44682
0,0.25,2.49861,12.289,-0.130898,4.24299
0,0.25,2.49714,12.7849,-0.170988,3.95547
0,0.25,2.49571,13.2781,-0.216242,3.57286
0,0.25,2.4938,13.7675,-0.296316,3.04162
0,0.25,2.4911,14.2515,-0.403938,2.32822
0,0.25,2.48776,14.729,-0.475586,1.57141
0,0.25,2.4843,15.1998,-0.473144,0.937397
0,0.25,2.48207,15.6659,-0.339531,0.539076
0,0.25,2.4819,16.1294,-0.0896806,0.464124
0,0.25,2.4849,16.5926,0.203541,0.621117
0,0.25,2.48924,17.0568,0.370771,0.80037
0,0.25,2.49475,17.5224,0.384368,0.907587
0,0.25,2.49751,17.9872,0.246734,0.833179
0,0.25,2.49823,18.4515,0.00661062,0.521136
0,0.25,2.49457,18.9156,-0.142144,0.411739
0,0.25,2.48727,19.3796,-0.264432,0.147918
0,0.25,2.47746,19.8506,-0.281154,0.0987867
0,0.25,2.46804,20.3231,-0.2798,0.00744789
0,0.25,2.46013,20.8041,-0.168132,-0.166653
0,0.25,2.45474,21.2849,-0.0730025,0.0615915
0,0.25,2.45388,21.7715,0.115943,0.188039
0,0.25,2.45928,22.2582,0.274305,0.760841
0,0.25,2.46472,22.7432,0.350713,1.10485
0,0.25,2.48051,23.2191,0.319058,1.18591
0,0.25,2.49003,23.682,0.334606,0.915244
0,0.25,2.50949,24.13,0.590449,0.367345
0,0.25,2.51298,24.5697,0.728491,-0.256932
0,0.25,2.99993,10.927,-0.00854259,5.21451
0,0.25,2.99948,11.4262,-0.0581018,5.15433
0,0.25,2.99859,11.9253,-0.122177,4.99703
0,0.25,2.99749,12.4222,-0.160358,4.77384
0,0.25,2.99604,12.917,-0.180101,4.43184
0,0.25,2.99467,13.4081,-0.239611,3.94261
0,0.25,2.99265,13.894,-0.306104,3.27472
0,0.25,2.98995,14.3735,-0.377965,2.47633
0,0.25,2.98729,14.8464,-0.377829,1.7567
0,0.25,2.98501,15.3132,-0.281891,1.22613
0,0.25,2.98441,15.7769,-0.113647,0.968273
0,0.25,2.98566,16.2407,0.07397,1.07529
0,0.25,2.98899,16.7059,0.225956,1.32714
0,0.25,2.99219,17.1749,0.187698,1.49905
0,0.25,2.99538,17.6467,0.0553361,1.78607
0,0.25,2.99474,18.1175,-0.0569958,1.75208
0,0.25,2.99272,18.5926,-0.188211,1.82103
0,0.25,2.98871,19.0624,-0.0157924,2.08007
0,0.25,2.98178,19.5329,-0.00647961,1.69471
0,0.25,2.97608,19.9989,-0.042313,1.78644
0,0.25,2.96829,20.455,-0.137758,1.1907
0,0.25,2.96266,20.9098,-0.267964,0.82586
0,0.25,2.95681,21.3564,-0.291449,0.662128
0,0.25,2.95699,21.8034,-0.0900507,0.492335
0,0.25,2.95928,22.2492,0.161504,0.425338
0,0.25,2.96495,22.6972,0.104316,0.270437
0,0.25,2.98029,23.148,0.3545,0.338234
0,0.25,2.99634,23.6054,0.618771,0.0151893
0,0.25,3.00293,24.0691,0.92408,0.105604
0,0.25,3.03256,24.5488,0.863108,-0.112256
0,0.25,3.49992,10.9351,-0.0105514,5.25805
0,0.25,3.49947,11.4341,-0.0536853,5.17401
0,0.25,3.49881,11.9328,-0.06922,5.04789
0,0.25,3.49849,12.4297,-0.0845778,4.83623
0,0.25,3.4978,12.924,-0.110336,4.44788
0,0.25,3.49674,13.4147,-0.177764,3.91419
0,0.25,3.49541,13.8995,-0.236565,3.23936
0,0.25,3.49347,14.3782,-0.280551,2.4211
0,0.25,3.49151,14.8506,-0.317056,1.73218
0,0.25,3.48979,15.3167,-0.278739,1.233
0,0.25,3.48845,15.7803,-0.194039,0.924168
0,0.25,3.48856,16.2435,-0.0930238,0.98837
0,0.25,3.48974,16.706,0.0547715,1.08028
0,0.25,3.49111,17.1715,0.0795338,0.998179
0,0.25,3.49318,17.6379,0.0505046,1.28196
0,0.25,3.49333,18.1013,0.0333545,1.16423
0,0.25,3.49229,18.5726,-0.0788444,1.25534
0,0.25,3.4906,19.0373,-0.0891446,1.74535
0,0.25,3.48608,19.5052,-0.0916006,1.08092
0,0.25,3.48215,19.9727,-0.228884,1.31725
0,0.25,3.4769,20.4263,-0.107481,0.740782
0,0.25,3.47231,20.8877,-0.14399,0.451163
0,0.25,3.47181,21.3391,0.112703,0.710347
0,0.25,3.47193,21.7966,0.286856,0.551751
0,0.25,3.47715,22.2482,0.413921,0.390882
0,0.25,3.48456,22.7049,0.461891,-0.0390346
0,0.25,3.4883,23.1535,0.583372,0.1679
0,0.25,3.50714,23.6102,0.634021,-0.278771
0,0.25,3.4925,24.0654,0.764904,-0.0526774
0,0.25,3.51638,24.5369,1.02904,-0.17513
0,0.25,3.99997,10.9351,-0.00362515,5.24159
0,0.25,3.99982,11.4339,-0.0187439,5.15894
0,0.25,3.99953,11.9327,-0.0314334,5.02722
0,0.25,3.99917,12.4294,-0.0642054,4.79891
0,0.25,3.99861,12.9232,-0.0927343,4.40339
0,0.25,3.99779,13.4137,-0.123886,3.85117
0,0.25,3.99686,13.8983,-0.159944,3.20022
0,0.25,3.99581,14.3764,-0.171279,2.39131
0,0.25,3.99451,14.849,-0.177121,1.71935
0,0.25,3.99373,15.3155,-0.147057,1.31631
0,0.25,3.9933,15.7795,-0.0558634,1.02341
0,0.25,3.99353,16.2447,0.0066794,1.10923
0,0.25,3.99489,16.7078,0.0699368,1.22351
0,0.25,3.99593,17.1738,0.0981971,0.975602
0,0.25,3.99662,17.6406,-0.0141254,1.25786
0,0.25,3.99684,18.1018,-0.0645871,1.14007
0,0.25,3.9946,18.5723,-0.103692,1.13006
0,0.25,3.99269,19.0359,-0.167622,1.80832
0,0.25,3.99036,19.5007,0.00319695,1.07366
0,0.25,3.98728,19.9695,0.0238872,1.27739
0,0.25,3.9864,20.4203,0.0261317,0.826315
0,0.25,3.98541,20.8827,0.118237,0.332326
0,0.25,3.9835,21.3321,-0.00323319,0.751393
0,0.25,3.98508,21.7892,0.01284,0.435168
0,0.25,3.98448,22.2429,0.12228,0.558269
0,0.25,3.99013,22.703,0.27168,0.245881
0,0.25,3.99309,23.1603,0.392333,0.566252
0,0.25,4.00834,23.6277,0.844457,0.228007
0,0.25,3.99691,24.0824,0.598969,0.205297
0,0.25,4.00394,24.542,0.881688,-0.212835
0,0.25,4.49998,10.935,-0.00187563,5.23215
0,0.25,4.49988,11.4337,-0.0103964,5.14632
0,0.25,4.49978,11.9324,-0.0167507,5.01447
0,0.25,4.49963,12.4291,-0.0204471,4.78615
0,0.25,4.4995,12.9229,-0.0196037,4.39788
0,0.25,4.49942,13.4132,-0.0190573,3.83573
0,0.25,4.4992,13.8978,-0.0305467,3.17942
0,0.25,4.49902,14.3758,-0.0449569,2.38718
0,0.25,4.49861,14.8483,-0.0536934,1.71505
0,0.25,4.49822,15.3153,-0.0655337,1.35066
0,0.25,4.49804,15.7795,-0.0435694,1.09395
0,0.25,4.49775,16.2451,-0.0275635,1.10997
0,0.25,4.49795,16.709,-0.0334671,1.25482
0,0.25,4.49821,17.1735,0.00338906,0.946636
0,0.25,4.49775,17.6405,-0.0298351,1.11313
0,0.25,4.49836,18.101,-0.0338151,1.20359
0,0.25,4.49774,18.5692,0.0377781,1.06868
0,0.25,4.49762,19.0363,-0.0256814,1.85305
0,0.25,4.49839,19.4987,0.0685808,1.29452
0,0.25,4.49646,19.969,-0.0230389,1.07769
0,0.25,4.497,20.4232,-0.157822,1.00418
0,0.25,4.49461,20.8813,-0.0297026,0.423253
0,0.25,4.49277,21.3375,-0.0833017,0.762085
0,0.25,4.49421,21.7944,0.14247,0.805196
0,0.25,4.49367,22.2495,0.242421,0.609604
0,0.25,4.49938,22.7087,0.343098,0.29047
0,0.25,4.49598,23.1631,0.224298,0.376505
0,0.25,4.50309,23.6241,0.00668539,0.164341
0,0.25,4.50223,24.0874,-0.0977782,0.346633
0,0.25,4.50065,24.547,0.0569678,0.0640953
0,0.25,5.00002,10.935,0.00187563,5.23215
0,0.25,5.00012,11.4337,0.0103964,5.14632
0,0.25,5.00022,11.9324,0.0167507,5.01447
0,0.25,5.00037,12.4291,0.0204471,4.78615
0,0.25,5.0005,12.9229,0.0196037,4.39788
0,0.25,5.00058,13.4132,0.0190573,3.83573
0,0.25,5.0008,13.8978,0.0305467,3.17942
0,0.25,5.00098,14.3758,0.0449569,2.38718
0,0.25,5.00139,14.8483,0.0536934,1.71505
0,0.25,5.00178,15.3153,0.0655337,1.35066
0,0.25,5.00196,15.7795,0.0435694,1.09395
0,0.25,5.00225,16.2451,0.0275635,1.10997
0,0.25,5.00205,16.709,0.0334671,1.25482
0,0.25,5.00179,17.1735,-0.00338906,0.946636
0,0.25,5.00225,17.6405,0.0298351,1.11313
0,0.25,5.00164,18.101,0.0338151,1.20359
0,0.25,5.00226,18.5692,-0.0377781,1.06868
0,0.25,5.00238,19.0363,0.0256814,1.85305
0,0.25,5.00161,19.4987,-0.0685808,1.29452
0,0.25,5.00354,19.969,0.0230389,1.07769
0,0.25,5.003,20.4232,0.157822,1.00418
0,0.25,5.00539,20.8813,0.0297026,0.423253
0,0.25,5.00723,21.3375,0.0833017,0.762085
0,0.25,5.00579,21.7944,-0.14247,0.805196
0,0.25,5.00633,22.2495,-0.242421,0.609604
0,0.25,5.00062,22.7087,-0.343098,0.29047
0,0.25,5.00402,23.1631,-0.224298,0.376505
0,0.25,4.99691,23.6241,-0.00668539,0.164341
0,0.25,4.99777,24.0874,0.0977782,0.346633
0,0.25,4.99935,24.547,-0.0569678,0.0640953
0,0.25,5.50003,10.9351,0.00362515,5.24159
0,0.25,5.50018,11.4339,0.0187439,5.15894
0,0.25,5.50047,11.9327,0.0314334,5.02722
0,0.25,5.50083,12.4294,0.0642054,4.79891
0,0.25,5.50139,12.9232,0.0927343,4.40339
0,0.25,5.50221,13.4137,0.123886,3.85117
0,0.25,5.50314,13.8983,0.159944,3.20022
0,0.25,5.50419,14.3764,0.171279,2.39131
0,0.25,5.50549,14.849,0.177121,1.71935
0,0.25,5.50627,15.3155,0.147057,1.31631
0,0.25,5.5067,15.7795,0.0558634,1.02341
0,0.25,5.50647,16.2447,-0.0066794,1.10923
0,0.25,5.50511,16.7078,-0.0699368,1.22351
0,0.25,5.50407,17.1738,-0.0981971,0.975602
0,0.25,5.50338,17.6406,0.0141254,1.25786
0,0.25,5.50316,18.1018,0.0645871,1.14007
0,0.25,5.5054,18.5723,0.103692,1.13006
0,0.25,5.50731,19.0359,0.167622,1.80832
0,0.25,5.50964,19.5007,-0.00319695,1.07366
0,0.25,5.51272,19.9695,-0.0238872,1.27739
0,0.25,5.5136,20.4203,-0.0261317,0.826315
0,0.25,5.51459,20.8827,-0.118237,0.332326
0,0.25,5.5165,21.3321,0.00323319,0.751393
0,0.25,5.51492,21.7892,-0.01284,0.435168
0,0.25,5.51552,22.2429,-0.12228,0.558269
0,0.25,5.50987,22.703,-0.27168,0.245881
0,0.25,5.50691,23.1603,-0.392333,0.566252
0,0.25,5.49166,23.6277,-0.844457,0.228007
0,0.25,5.50309,24.0824,-0.598969,0.205297
0,0.25,5.49606,24.542,-0.881688,-0.212835
0,0.25,6.00008,10.9351,0.0105514,5.25805
0,0.25,6.00053,11.4341,0.0536853,5.17401
0,0.25,6.00119,11.9328,0.06922,5.04789
0,0.25,6.00151,12.4297,0.0845778,4.83623
0,0.25,6.0022,12.924,0.110336,4.44788
0,0.25,6.00326,13.4147,0.177764,3.91419
0,0.25,6.00459,13.8995,0.236565,3.23936
0,0.25,6.00653,14.3782,0.280551,2.4211
0,0.25,6.00849,14.8506,0.317056,1.73218
0,0.25,6.01021,15.3167,0.278739,1.233
0,0.25,6.01155,15.7803,0.194039,0.924168
0,0.25,6.01144,16.2435,0.0930238,0.98837
0,0.25,6.01026,16.706,-0.0547715,1.08028
0,0.25,6.00889,17.1715,-0.0795338,0.998179
0,0.25,6.00682,17.6379,-0.0505046,1.28196
0,0.25,6.00667,18.1013,-0.0333545,1.16423
0,0.25,6.00771,18.5726,0.0788444,1.25534
0,0.25,6.0094,19.0373,0.0891446,1.74535
0,0.25,6.01392,19.5052,0.0916006,1.08092
0,0.25,6.01785,19.9727,0.228884,1.31725
0,0.25,6.0231,20.4263,0.107481,0.740782
0,0.25,6.02769,20.8877,0.14399,0.451163
0,0.25,6.02819,21.3391,-0.112703,0.710347
0,0.25,6.02807,21.7966,-0.286856,0.551751
0,0.25,6.02285,22.2482,-0.413921,0.390882
0,0.25,6.01544,22.7049,-0.461891,-0.0390346
0,0.25,6.0117,23.1535,-0.583372,0.1679
0,0.25,5.99286,23.6102,-0.634021,-0.278771
0,0.25,6.0075,24.0654,-0.764904,-0.0526774
0,0.25,5.98362,24.5369,-1.02904,-0.17513
0,0.25,6.50007,10.927,0.00854259,5.21451
0,0.25,6.50052,11.4262,0.0581018,5.15433
0,0.25,6.50141,11.9253,0.122177,4.99703
0,0.25,6.50251,12.4222,0.160358,4.77384
0,0.25,6.50396,12.917,0.180101,4.43184
0,0.25,6.50533,13.4081,0.239611,3.94261
0,0.25,6.50735,13.894,0.306104,3.27472
0,0.25,6.51005,14.3735,0.377965,2.47633
0,0.25,6.51271,14.8464,0.377829,1.7567
0,0.25,6.51499,15.3132,0.281891,1.22613
0,0.25,6.51559,15.7769,0.113647,0.968273
0,0.25,6.51434,16.2407,-0.07397,1.07529
0,0.25,6.51101,16.7059,-0.225956,1.32714
0,0.25,6.50781,17.1749,-0.187698,1.49905
0,0.25,6.50462,17.6467,-0.0553361,1.78607
0,0.25,6.50526,18.1175,0.0569958,1.75208
0,0.25,6.50728,18.5926,0.188211,1.82103
0,0.25,6.51129,19.0624,0.0157924,2.08007
0,0.25,6.51822,19.5329,0.00647961,1.69471
0,0.25,6.52392,19.9989,0.042313,1.78644
0,0.25,6.53171,20.455,0.137758,1.1907
0,0.25,6.53734,20.9098,0.267964,0.82586
0,0.25,6.54319,21.3564,0.291449,0.662128
0,0.25,6.54301,21.8034,0.0900507,0.492335
0,0.25,6.54072,22.2492,-0.161504,0.425338
0,0.25,6.53505,22.6972,-0.104316,0.270437
0,0.25,6.51971,23.148,-0.3545,0.338234
0,0.25,6.50366,23.6054,-0.618771,0.0151893
0,0.25,6.49707,24.0691,-0.92408,0.105604
0,0.25,6.46744,24.5488,-0.863108,-0.112256
0,0.25,7,10.7681,6.0776e-05,4.41546
0,0.25,7.00003,11.2898,0.00515379,4.52666
0,0.25,7.00036,11.7907,0.0642233,4.44682
0,0.25,7.00139,12.289,0.130898,4.24299
0,0.25,7.00286,12.7849,0.170988,3.95547
0,0.25,7.00429,13.2781,0.216242,3.57286
0,0.25,7.0062,13.7675,0.296316,3.04162
0,0.25,7.0089,14.2515,0.403938,2.32822
0,0.25,7.01224,14.729,0.475586,1.57141
0,0.25,7.0157,15.1998,0.473144,0.937397
0,0.25,7.01793,15.6659,0.339531,0.539076
0,0.25,7.0181,16.1294,0.0896806,0.464124
0,0.25,7.0151,16.5926,-0.203541,0.621117
0,0.25,7.01076,17.0568,-0.370771,0.80037
0,0.25,7.00525,17.5224,-0.384368,0.907587
0,0.25,7.00249,17.9872,-0.246734,0.833179
0,0.25,7.00177,18.4515,-0.00661062,0.521136
0,0.25,7.00543,18.9156,0.142144,0.411739
0,0.25,7.01273,19.3796,0.264432,0.147918
0,0.25,7.02254,19.8506,0.281154,0.0987867
0,0.25,7.03196,20.3231,0.2798,0.00744789
0,0.25,7.03987,20.8041,0.168132,-0.166653
0,0.25,7.04526,21.2849,0.0730025,0.0615915
0,0.25,7.04612,21.7715,-0.115943,0.188039
0,0.25,7.04072,22.2582,-0.274305,0.760841
0,0.25,7.03528,22.7432,-0.350713,1.10485
0,0.25,7.01949,23.2191,-0.319058,1.18591
0,0.25,7.00997,23.682,-0.334606,0.915244
0,0.25,6.99051,24.13,-0.590449,0.367345
0,0.25,6.98702,24.5697,-0.728491,-0.256932
1,0.25,7.5,1.5,0,0
1,0.25,8,1.5,0,0
1,0.25,1.5,1.5,0,0
1,0.25,2,1.5,0,0
1,0.25,7.5,2,0,0
1,0.25,8,2,0,0
1,0.25,1.5,2,0,0
1,0.25,2,2,0,0
1,0.25,7.5,2.5,0,0
1,0.25,8,2.5,0,0
1,0.25,1.5,2.5,0,0
1,0.25,2,2.5,0,0
1,0.25,7.5,3,0,0
1,0.25,8,3,0,0
1,0.25,1.5,3,0,0
1,0.25,2,3,0,0
1,0.25,7.5,3.5,0,0
1,0.25,8,3.5,0,0
1,0.25,1.5,3.5,0,0
1,0.25,2,3.5,0,0
1,0.25,7.5,4,0,0
1,0.25,8,4,0,0
1,0.25,1.5,4,0,0
1,0.25,2,4,0,0
1,0.25,7.5,4.5,0,0
1,0.25,8,4.5,0,0
1,0.25,1.5,4.5,0,0
1,0.25,2,4.5,0,0
1,0.25,7.5,5,0,0
1,0.25,8,5,0,0
1,0.25,1.5,5,0,0
1,0.25,2,5,0,0
1,0.25,7.5,5.5,0,0
1,0.25,8,5.5,0,0
1,0.25,1.5,5.5,0,0
1,0.25,2,5.5,0,0
1,0.25,7.5,6,0,0
1,0.25,8,6,0,0
1,0.25,1.5,6,0,0
1,0.25,2,6,0,0
1,0.25,7.5,6.5,0,0
1,0.25,8,6.5,0,0
1,0.25,1.5,6.5,0,0
1,0.25,2,6.5,0,0
1,0.25,7.5,7,0,0
1,0.25,8,7,0,0
1,0.25,1.5,7,0,0
1,0.25,2,7,0,0
1,0.25,7.5,7.5,0,0
1,0.25,8,7.5,0,0
1,0.25,1.5,7.5,0,0
1,0.25,2,7.5,0,0
1,0.25,7.5,8,0,0
1,0.25,8,8,0,0
1,0.25,1.5,8,0,0
1,0.25,2,8,0,0
1,0.25,7.5,8.5,0,0
1,0.25,8,8.5,0,0
1,0.25,1.5,8.5,0,0
1,0.25,2,8.5,0,0
1,0.25,7.5,9,0,0
1,0.25,8,9,0,0
1,0.25,1.5,9,0,0
1,0.25,2,9,0,0
1,0.25,7.5,9.5,0,0
1,0.25,8,9.5,0,0
1,0.25,1.5,9.5,0,0
1,0.25,2,9.5,0,0
1,0.25,7.5,10,0,0
1,0.25,8,10,0,0
1,0.25,1.5,10,0,0
1,0.25,2,10,0,0
1,0.25,7.5,10.5,0,0
1,0.25,8,10.5,0,0
1,0.25,1.5,10.5,0,0
1,0.25,2,10.5,0,0
1,0.25,7.5,11,0,0
1,0.25,8,11,0,0
1,0.25,1.5,11,0,0
1,0.25,2,11,0,0
1,0.25,7.5,11.5,0,0
1,0.25,8,11.5,0,0
1,0.25,1.5,11.5,0,0
1,0.25,2,11.5,0,0
1,0.25,7.5,12,0,0
1,0.25,8,12,0,0
1,0.25,1.5,12,0,0
1,0.25,2,12,0,0
1,0.25,7.5,12.5,0,0
1,0.25,8,12.5,0,0
1,0.25,1.5,12.5,0,0
1,0.25,2,12.5,0,0
1,0.25,7.5,13,0,0
1,0.25,8,13,0,0
1,0.25,1.5,13,0,0
1,0.25,2,13,0,0
1,0.25,7.5,13.5,0,0
1,0.25,8,13.5,0,0
1,0.25,1.5,13.5,0,0
1,0.25,2,13.5,0,0
1,0.25,7.5,14,0,0
1,0.25,8,14,0,0
1,0.25,1.5,14,0,0
1,0.25,2,14,0,0
1,0.25,7.5,14.5,0,0
1,0.25,8,14.5,0,0
1,0.25,1.5,14.5,0,0
1,0.25,2,14.5,0,0
1,0.25,7.5,15,0,0
1,0.25,8,15,0,0
1,0.25,1.5,15,0,0
1,0.25,2,15,0,0
1,0.25,7.5,15.5,0,0
1,0.25,8,15.5,0,0
1,0.25,1.5,15.5,0,0
1,0.25,2,15.5,0,0
1,0.25,7.5,16,0,0
1,0.25,8,16,0,0
1,0.25,1.5,16,0,0
1,0.25,2,16,0,0
1,0.25,7.5,16.5,0,0
1,0.25,8,16.5,0,0
1,0.25,1.5,16.5,0,0
1,0.25,2,16.5,0,0
1,0.25,7.5,17,0,0
1,0.25,8,17,0,0
1,0.25,1.5,17,0,0
1,0.25,2,17,0,0
1,0.25,7.5,17.5,0,0
1,0.25,8,17.5,0,0
1,0.25,1.5,17.5,0,0
1,0.25,2,17.5,0,0
1,0.25,7.5,18,0,0
1,0.25,8,18,0,0
1,0.25,1.5,18,0,0
1,0.25,2,18,0,0
1,0.25,7.5,18.5,0,0
1,0.25,8,18.5,0,0
1,0.25,1.5,18.5,0,0
1,0.25,2,18.5,0,0
1,0.25,7.5,19,0,0
1,0.25,8,19,0,0
1,0.25,1.5,19,0,0
1,0.25,2,19,0,0
1,0.25,7.5,19.5,0,0
1,0.25,8,19.5,0,0
1,0.25,1.5,19.5,0,0
1,0.25,2,19.5,0,0
1,0.25,7.5,20,0,0
1,0.25,8,20,0,0
1,0.25,1.5,20,0,0
1,0.25,2,20,0,0
1,0.25,7.5,20.5,0,0
1,0.25,8,20.5,0,0
1,0.25,1.5,20.5,0,0
1,0.25,2,20.5,0,0
1,0.25,7.5,21,0,0
1,0.25,8,21,0,0
1,0.25,1.5,21,0,0
1,0.25,2,21,0,0
1,0.25,7.5,21.5,0,0
1,0.25,8,21.5,0,0
1,0.25,1.5,21.5,0,0
1,0.25,2,21.5,0,0
1,0.25,7.5,22,0,0
1,0.25,8,22,0,0
1,0.25,1.5,22,0,0
1,0.25,2,22,0,0
1,0.25,7.5,22.5,0,0
1,0.25,8,22.5,0,0
1,0.25,1.5,22.5,0,0
1,0.25,2,22.5,0,0
1,0.25,7.5,23,0,0
1,0.25,8,23,0,0
1,0.25,1.5,23,0,0
1,0.25,2,23,0,0
1,0.25,7.5,23.5,0,0
1,0.25,8,23.5,0,0
1,0.25,1.5,23.5,0,0
1,0.25,2,23.5,0,0
1,0.25,7.5,24,0,0
1,0.25,8,24,0,0
1,0.25,1.5,24,0,0
1,0.25,2,24,0,0
1,0.25,7.5,24.5,0,0
1,0.25,8,24.5,0,0
1,0.25,1.5,24.5,0,0
1,0.25,2,24.5,0,0
1,0.25,7.5,25,0,0
1,0.25,8,25,0,0
1,0.25,1.5,25,0,0
1,0.25,2,25,0,0
1,0.25,7.5,25.5,0,0
1,0.25,8,25.5,0,0
1,0.25,1.5,25.5,0,0
1,0.25,2,25.5,0,0
1,0.25,2.5,1.5,0,0
1,0.25,2.5,2,0,0
1,0.25,2.5,25,0,0
1,0.25,2.5,25.5,0,0
1,0.25,3,1.5,0,0
1,0.25,3,2,0,0
1,0.25,3,25,0,0
1,0.25,3,25.5,0,0
1,0.25,3.5,1.5,0,0
1,0.25,3.5,2,0,0
1,0.25,3.5,25,0,0
1,0.25,3.5,25.5,0,0
1,0.25,4,1.5,0,0
1,0.25,4,2,0,0
1,0.25,4,25,0,0
1,0.25,4,25.5,0,0
1,0.25,4.5,1.5,0,0
1,0.25,4.5,2,0,0
1,0.25,4.5,25,0,0
1,0.25,4.5,25.5,0,0
1,0.25,5,1.5,0,0
1,0.25,5,2,0,0
1,0.25,5,25,0,0
1,0.25,5,25.5,0,0
1,0.25,5.5,1.5,0,0
1,0.25,5.5,2,0,0
1,0.25,5.5,25,0,0
1,0.25,5.5,25.5,0,0
1,0.25,6,1.5,0,0
1,0.25,6,2,0,0
1,0.25,6,25,0,0
1,0.25,6,25.5,0,0
1,0.25,6.5,1.5,0,0
1,0.25,6.5,2,0,0
1,0.25,6.5,25,0,0
1,0.25,6.5,25.5,0,0
1,0.25,7,1.5,0,0
1,0.25,7,2,0,0
1,0.25,7,25,0,0
1,0.25,7,25.5,0,0
