536 2 0.5 3500 0.2 2 0 2e-06 0 9.81 10 35
0,0.25,2.5,9.99941,-4.35922e-06,2.89061
0,0.25,2.5,10.5047,-9.67603e-06,2.9392
0,0.25,2.5,11.0049,-6.35585e-06,2.94161
0,0.25,2.5,11.5049,-5.24446e-06,2.94172
0,0.25,2.5,12.0049,-4.60984e-06,2.94172
0,0.25,2.5,12.5049,-4.74042e-06,2.94172
0,0.25,2.5,13.0049,-4.65024e-06,2.94172
0,0.25,2.5,13.5049,-4.64751e-06,2.94172
0,0.25,2.5,14.0049,-4.71084e-06,2.94172
0,0.25,2.5,14.5049,-4.96322e-06,2.94172
0,0.25,2.5,15.0049,-5.47002e-06,2.94172
0,0.25,2.5,15.5049,-5.94423e-06,2.94172
0,0.25,2.5,16.0049,-7.33312e-06,2.94172
0,0.25,2.5,16.5049,-8.30203e-06,2.94172
0,0.25,2.5,17.0049,-1.17838e-05,2.94172
0,0.25,2.5,17.5049,-1.39832e-05,2.94172
0,0.25,2.5,18.0049,-2.2434e-05,2.94172
0,0.25,2.49999,18.5049,-0.000245668,2.94133
0,0.25,2.49998,19.0049,-0.000892153,2.94147
0,0.25,2.49998,19.5049,-0.000961712,2.9389
0,0.25,2.49993,20.0049,-0.000727057,2.93967
0,0.25,2.49993,20.5048,-0.00162915,2.92868
0,0.25,2.49986,21.0049,0.00431994,2.93731
0,0.25,2.49979,21.5043,-0.00548435,2.90472
0,0.25,2.49997,22.0048,0.0286227,2.93806
0,0.25,2.49942,22.5034,-0.0172675,2.91467
0,0.25,2.50088,23.0047,0.0471626,2.93378
0,0.25,2.49883,23.5029,-0.0365288,2.93066
0,0.25,2.50214,24.0041,-0.0617245,2.80493
0,0.25,2.49784,24.5007,-0.374506,2.83556
0,0.25,3,10.0395,-3.74858e-05,3.24578
0,0.25,2.99998,10.5391,-0.000152141,3.24278
0,0.25,2.99999,11.0392,-4.71215e-05,3.24378
0,0.25,3,11.5392,-3.71474e-05,3.24382
0,0.25,3,12.0392,-1.5163e-05,3.24383
0,0.25,3,12.5392,-1.62744e-05,3.24382
0,0.25,3,13.0392,-7.89841e-06,3.24383
0,0.25,3,13.5392,-6.92475e-06,3.24382
0,0.25,3,14.0392,-1.20156e-05,3.24382
0,0.25,3,14.5392,-2.51834e-05,3.24381
0,0.25,3,15.0392,-8.00488e-05,3.24382
0,0.25,3,15.5392,-6.27078e-05,3.2438
0,0.25,2.99999,16.0392,-0.00016493,3.24382
0,0.25,2.99999,16.5392,-0.000142678,3.24377
0,0.25,2.99999,17.0392,-0.000405736,3.24382
0,0.25,2.99999,17.5392,-0.000339223,3.24369
0,0.25,2.99997,18.0392,-0.000966101,3.2438
0,0.25,2.99998,18.5392,-0.00070374,3.24244
0,0.25,2.99994,19.0392,-0.00187316,3.24371
0,0.25,2.99995,19.5391,-0.000919381,3.2394
0,0.25,2.99987,20.0392,-0.00234874,3.24326
0,0.25,2.99992,20.539,0.00145665,3.22778
0,0.25,2.99978,21.0392,0.00100685,3.24297
0,0.25,2.99995,21.5384,0.00960009,3.20661
0,0.25,2.99982,22.0392,0.015644,3.24307
0,0.25,3.00008,22.5376,0.00569136,3.21209
0,0.25,3.0003,23.0392,0.0100119,3.23324
0,0.25,3.00011,23.5373,-0.021744,3.19783
0,0.25,3.00037,24.0372,-0.138956,2.70151
0,0.25,2.99771,24.5359,-0.541473,2.54224
0,0.25,3.5,10.04,-1.27371e-06,3.25468
0,0.25,3.5,10.54,-3.26604e-06,3.25477
0,0.25,3.5,11.04,-8.01989e-06,3.25486
0,0.25,3.5,11.54,-2.48679e-05,3.25477
0,0.25,3.5,12.04,-1.09198e-05,3.25479
0,0.25,3.5,12.54,-1.41291e-05,3.25476
0,0.25,3.5,13.04,-6.59198e-06,3.25478
0,0.25,3.5,13.54,-4.75744e-06,3.25476
0,0.25,3.5,14.04,-5.73303e-06,3.25476
0,0.25,3.5,14.54,-2.63068e-05,3.25467
0,0.25,3.5,15.04,-9.19616e-05,3.25476
0,0.25,3.5,15.54,-7.2224e-05,3.25466
0,0.25,3.49999,16.04,-0.000192662,3.25475
0,0.25,3.49999,16.54,-0.000163293,3.25446
0,0.25,3.49999,17.04,-0.000461685,3.25474
0,0.25,3.49999,17.54,-0.000365591,3.25408
0,0.25,3.49997,18.04,-0.00101379,3.25471
0,0.25,3.49998,18.5399,-0.000613015,3.25305
0,0.25,3.49994,19.04,-0.00145734,3.25464
0,0.25,3.49996,19.5399,-0.000865651,3.25003
0,0.25,3.49991,20.04,-0.00200578,3.25446
0,0.25,3.49995,20.5397,-0.000383723,3.24158
0,0.25,3.49988,21.04,0.000553182,3.25387
0,0.25,3.49997,21.5393,0.00213208,3.22855
0,0.25,3.49998,22.0399,0.00788792,3.24578
0,0.25,3.50002,22.5388,0.000811877,3.22155
0,0.25,3.5002,23.0397,0.00227651,3.22506
0,0.25,3.50007,23.5382,-0.0203693,3.20114
0,0.25,3.50016,24.0368,-0.0483011,2.48556
0,0.25,3.49913,24.5344,-0.160201,2.27845
0,0.25,4,10.04,2.64521e-05,3.2549
0,0.25,4.00001,10.54,0.000107392,3.25495
0,0.25,4,11.04,1.9533e-05,3.25496
0,0.25,4,11.54,3.2661e-07,3.25496
0,0.25,4,12.04,-7.09285e-06,3.25497
0,0.25,4,12.54,-5.20833e-06,3.25496
0,0.25,4,13.04,-3.42705e-06,3.25497
0,0.25,4,13.54,-2.64188e-06,3.25495
0,0.25,4,14.04,2.57526e-07,3.25495
0,0.25,4,14.54,-1.39368e-05,3.25483
0,0.25,4,15.04,-4.88513e-05,3.25495
0,0.25,4,15.54,-3.53556e-05,3.25481
0,0.25,4,16.04,-8.57322e-05,3.25494
0,0.25,4,16.54,-7.46888e-05,3.25455
0,0.25,3.99999,17.04,-0.000205449,3.25493
0,0.25,3.99999,17.54,-0.00014183,3.25412
0,0.25,3.99999,18.04,-0.00034961,3.25489
0,0.25,3.99999,18.5399,-0.000303088,3.25281
0,0.25,3.99997,19.04,-0.000848418,3.2548
0,0.25,3.99998,19.5399,-0.000534422,3.24977
0,0.25,3.99995,20.04,-0.00127382,3.2546
0,0.25,3.99996,20.5397,-0.000450648,3.24265
0,0.25,3.99991,21.04,-0.000461234,3.25402
0,0.25,3.99996,21.5393,0.000484415,3.23168
0,0.25,3.99992,22.0399,0.00302939,3.24756
0,0.25,4,22.5388,0.00510582,3.22643
0,0.25,4.00004,23.0398,0.00758384,3.21651
0,0.25,4.00014,23.5385,-0.00453434,3.18767
0,0.25,4.00022,24.0365,-0.0127735,2.45033
0,0.25,4.00003,24.5341,-0.0114977,2.28002
0,0.25,4.5,10.04,-5.62158e-06,3.2549
0,0.25,4.5,10.54,-3.20883e-05,3.25494
0,0.25,4.5,11.04,-1.38251e-05,3.25496
0,0.25,4.5,11.54,-7.32494e-06,3.25496
0,0.25,4.5,12.04,-7.42874e-06,3.25498
0,0.25,4.5,12.54,-3.3678e-06,3.25496
0,0.25,4.5,13.04,-8.74495e-07,3.25497
0,0.25,4.5,13.54,-9.75452e-07,3.25495
0,0.25,4.5,14.04,-2.1224e-06,3.25496
0,0.25,4.5,14.54,-8.70177e-06,3.25479
0,0.25,4.5,15.04,-3.22736e-05,3.25495
0,0.25,4.5,15.54,-2.0732e-05,3.25479
0,0.25,4.5,16.04,-5.14702e-05,3.25494
0,0.25,4.5,16.54,-4.66984e-05,3.25446
0,0.25,4.5,17.04,-0.000138505,3.25492
0,0.25,4.5,17.54,-0.000102543,3.25398
0,0.25,4.49999,18.04,-0.000280636,3.25488
0,0.25,4.49999,18.5399,-0.000153932,3.25265
0,0.25,4.49998,19.04,-0.000347452,3.25479
0,0.25,4.49999,19.5399,-0.000164694,3.24971
0,0.25,4.49998,20.04,-0.000312247,3.25459
0,0.25,4.49999,20.5397,1.30436e-05,3.24341
0,0.25,4.49999,21.04,0.000422114,3.25409
0,0.25,4.5,21.5394,0.0007576,3.23401
0,0.25,4.50004,22.0399,0.00242576,3.24777
0,0.25,4.50005,22.5389,0.000209488,3.22648
0,0.25,4.50012,23.0397,0.000426926,3.21432
0,0.25,4.49996,23.5384,-0.00201699,3.1794
0,0.25,4.49991,24.0365,-0.00504325,2.44792
0,0.25,4.49998,24.5342,-0.00327954,2.28062
0,0.25,5,10.04,5.62158e-06,3.2549
0,0.25,5,10.54,3.20883e-05,3.25494
0,0.25,5,11.04,1.38251e-05,3.25496
0,0.25,5,11.54,7.32492e-06,3.25496
0,0.25,5,12.04,7.42878e-06,3.25498
0,0.25,5,12.54,3.36784e-06,3.25496
0,0.25,5,13.04,8.74505e-07,3.25497
0,0.25,5,13.54,9.75444e-07,3.25495
0,0.25,5,14.04,2.12235e-06,3.25496
0,0.25,5,14.54,8.70176e-06,3.25479
0,0.25,5,15.04,3.22737e-05,3.25495
0,0.25,5,15.54,2.0732e-05,3.25479
0,0.25,5,16.04,5.14702e-05,3.25494
0,0.25,5,16.54,4.66984e-05,3.25446
0,0.25,5,17.04,0.000138505,3.25492
0,0.25,5,17.54,0.000102543,3.25398
0,0.25,5.00001,18.04,0.000280636,3.25488
0,0.25,5.00001,18.5399,0.000153932,3.25265
0,0.25,5.00002,19.04,0.000347452,3.25479
0,0.25,5.00001,19.5399,0.000164694,3.24971
0,0.25,5.00002,20.04,0.000312247,3.25459
0,0.25,5.00001,20.5397,-1.30436e-05,3.24341
0,0.25,5.00001,21.04,-0.000422114,3.25409
0,0.25,5,21.5394,-0.0007576,3.23401
0,0.25,4.99996,22.0399,-0.00242576,3.24777
0,0.25,4.99995,22.5389,-0.000209488,3.22648
0,0.25,4.99988,23.0397,-0.000426925,3.21432
0,0.25,5.00004,23.5384,0.00201699,3.1794
0,0.25,5.00009,24.0365,0.00504325,2.44792
0,0.25,5.00002,24.5342,0.00327954,2.28062
0,0.25,5.5,10.04,-2.64521e-05,3.2549
0,0.25,5.49999,10.54,-0.000107392,3.25495
0,0.25,5.5,11.04,-1.9533e-05,3.25496
0,0.25,5.5,11.54,-3.26598e-07,3.25496
0,0.25,5.5,12.04,7.09282e-06,3.25497
0,0.25,5.5,12.54,5.20832e-06,3.25496
0,0.25,5.5,13.04,3.42705e-06,3.25497
0,0.25,5.5,13.54,2.64189e-06,3.25495
0,0.25,5.5,14.04,-2.57491e-07,3.25495
0,0.25,5.5,14.54,1.39368e-05,3.25483
0,0.25,5.5,15.04,4.88513e-05,3.25495
0,0.25,5.5,15.54,3.53556e-05,3.25481
0,0.25,5.5,16.04,8.57321e-05,3.25494
0,0.25,5.5,16.54,7.46888e-05,3.25455
0,0.25,5.50001,17.04,0.000205449,3.25493
0,0.25,5.50001,17.54,0.00014183,3.25412
0,0.25,5.50001,18.04,0.00034961,3.25489
0,0.25,5.50001,18.5399,0.000303088,3.25281
0,0.25,5.50003,19.04,0.000848418,3.2548
0,0.25,5.50002,19.5399,0.000534422,3.24977
0,0.25,5.50005,20.04,0.00127382,3.2546
0,0.25,5.50004,20.5397,0.000450648,3.24265
0,0.25,5.50009,21.04,0.000461234,3.25402
0,0.25,5.50004,21.5393,-0.000484415,3.23168
0,0.25,5.50008,22.0399,-0.00302939,3.24756
0,0.25,5.5,22.5388,-0.00510582,3.22643
0,0.25,5.49996,23.0398,-0.00758384,3.21651
0,0.25,5.49986,23.5385,0.00453434,3.18767
0,0.25,5.49978,24.0365,0.0127735,2.45033
0,0.25,5.49997,24.5341,0.0114977,2.28002
0,0.25,6,10.04,1.27371e-06,3.25468
0,0.25,6,10.54,3.26604e-06,3.25477
0,0.25,6,11.04,8.01989e-06,3.25486
0,0.25,6,11.54,2.48679e-05,3.25477
0,0.25,6,12.04,1.09198e-05,3.25479
0,0.25,6,12.54,1.4129e-05,3.25476
0,0.25,6,13.04,6.59198e-06,3.25478
0,0.25,6,13.54,4.75744e-06,3.25476
0,0.25,6,14.04,5.73306e-06,3.25476
0,0.25,6,14.54,2.63068e-05,3.25467
0,0.25,6,15.04,9.19615e-05,3.25476
0,0.25,6,15.54,7.2224e-05,3.25466
0,0.25,6.00001,16.04,0.000192662,3.25475
0,0.25,6.00001,16.54,0.000163293,3.25446
0,0.25,6.00001,17.04,0.000461685,3.25474
0,0.25,6.00001,17.54,0.00036559,3.25408
0,0.25,6.00003,18.04,0.00101379,3.25471
0,0.25,6.00002,18.5399,0.000613015,3.25305
0,0.25,6.00006,19.04,0.00145734,3.25464
0,0.25,6.00004,19.5399,0.000865651,3.25003
0,0.25,6.00009,20.04,0.00200578,3.25446
0,0.25,6.00005,20.5397,0.000383723,3.24158
0,0.25,6.00012,21.04,-0.000553182,3.25387
0,0.25,6.00003,21.5393,-0.00213208,3.22855
0,0.25,6.00002,22.0399,-0.00788792,3.24578
0,0.25,5.99998,22.5388,-0.000811877,3.22155
0,0.25,5.9998,23.0397,-0.00227651,3.22506
0,0.25,5.99993,23.5382,0.0203693,3.20114
0,0.25,5.99984,24.0368,0.0483011,2.48556
0,0.25,6.00087,24.5344,0.160201,2.27845
0,0.25,6.5,10.0395,3.74858e-05,3.24578
0,0.25,6.50002,10.5391,0.000152141,3.24278
0,0.25,6.50001,11.0392,4.71215e-05,3.24378
0,0.25,6.5,11.5392,3.71474e-05,3.24382
0,0.25,6.5,12.0392,1.5163e-05,3.24383
0,0.25,6.5,12.5392,1.62744e-05,3.24382
0,0.25,6.5,13.0392,7.89841e-06,3.24383
0,0.25,6.5,13.5392,6.92475e-06,3.24382
0,0.25,6.5,14.0392,1.20156e-05,3.24382
0,0.25,6.5,14.5392,2.51834e-05,3.24381
0,0.25,6.5,15.0392,8.00488e-05,3.24382
0,0.25,6.5,15.5392,6.27078e-05,3.2438
0,0.25,6.50001,16.0392,0.00016493,3.24382
0,0.25,6.50001,16.5392,0.000142678,3.24377
0,0.25,6.50001,17.0392,0.000405736,3.24382
0,0.25,6.50001,17.5392,0.000339223,3.24369
0,0.25,6.50003,18.0392,0.000966101,3.2438
0,0.25,6.50002,18.5392,0.00070374,3.24244
0,0.25,6.50006,19.0392,0.00187316,3.24371
0,0.25,6.50005,19.5391,0.000919381,3.2394
0,0.25,6.50013,20.0392,0.00234874,3.24326
0,0.25,6.50008,20.539,-0.00145665,3.22778
0,0.25,6.50022,21.0392,-0.00100685,3.24297
0,0.25,6.50005,21.5384,-0.00960009,3.20661
0,0.25,6.50018,22.0392,-0.015644,3.24307
0,0.25,6.49992,22.5376,-0.00569136,3.21209
0,0.25,6.4997,23.0392,-0.0100119,3.23324
0,0.25,6.49989,23.5373,0.021744,3.19783
0,0.25,6.49963,24.0372,0.138956,2.70151
0,0.25,6.50229,24.5359,0.541473,2.54224
0,0.25,7,9.99941,4.35922e-06,2.89061
0,0.25,7,10.5047,9.67603e-06,2.9392
0,0.25,7,11.0049,6.35585e-06,2.94161
0,0.25,7,11.5049,5.24446e-06,2.94172
0,0.25,7,12.0049,4.60984e-06,2.94172
0,0.25,7,12.5049,4.74042e-06,2.94172
0,0.25,7,13.0049,4.65025e-06,2.94172
0,0.25,7,13.5049,4.64751e-06,2.94172
0,0.25,7,14.0049,4.71084e-06,2.94172
0,0.25,7,14.5049,4.96322e-06,2.94172
0,0.25,7,15.0049,5.47002e-06,2.94172
0,0.25,7,15.5049,5.94423e-06,2.94172
0,0.25,7,16.0049,7.33312e-06,2.94172
0,0.25,7,16.5049,8.30203e-06,2.94172
0,0.25,7,17.0049,1.17838e-05,2.94172
0,0.25,7,17.5049,1.39832e-05,2.94172
0,0.25,7,18.0049,2.2434e-05,2.94172
0,0.25,7.00001,18.5049,0.000245668,2.94133
0,0.25,7.00002,19.0049,0.000892153,2.94147
0,0.25,7.00002,19.5049,0.000961712,2.9389
0,0.25,7.00007,20.0049,0.000727057,2.93967
0,0.25,7.00007,20.5048,0.00162915,2.92868
0,0.25,7.00014,21.0049,-0.00431994,2.93731
0,0.25,7.00021,21.5043,0.00548435,2.90472
0,0.25,7.00003,22.0048,-0.0286227,2.93806
0,0.25,7.00058,22.5034,0.0172675,2.91467
0,0.25,6.99912,23.0047,-0.0471626,2.93378
0,0.25,7.00117,23.5029,0.0365288,2.93066
0,0.25,6.99786,24.0041,0.0617245,2.80493
0,0.25,7.00216,24.5007,0.374506,2.83556
1,0.25,7.5,1.5,0,0
1,0.25,8,1.5,0,0
1,0.25,1.5,1.5,0,0
1,0.25,2,1.5,0,0
1,0.25,7.5,2,0,0
1,0.25,8,2,0,0
1,0.25,1.5,2,0,0
1,0.25,2,2,0,0
1,0.25,7.5,2.5,0,0
1,0.25,8,2.5,0,0
1,0.25,1.5,2.5,0,0
1,0.25,2,2.5,0,0
1,0.25,7.5,3,0,0
1,0.25,8,3,0,0
1,0.25,1.5,3,0,0
1,0.25,2,3,0,0
1,0.25,7.5,3.5,0,0
1,0.25,8,3.5,0,0
1,0.25,1.5,3.5,0,0
1,0.25,2,3.5,0,0
1,0.25,7.5,4,0,0
1,0.25,8,4,0,0
1,0.25,1.5,4,0,0
1,0.25,2,4,0,0
1,0.25,7.5,4.5,0,0
1,0.25,8,4.5,0,0
1,0.25,1.5,4.5,0,0
1,0.25,2,4.5,0,0
1,0.25,7.5,5,0,0
1,0.25,8,5,0,0
1,0.25,1.5,5,0,0
1,0.25,2,5,0,0
1,0.25,7.5,5.5,0,0
1,0.25,8,5.5,0,0
1,0.25,1.5,5.5,0,0
1,0.25,2,5.5,0,0
1,0.25,7.5,6,0,0
1,0.25,8,6,0,0
1,0.25,1.5,6,0,0
1,0.25,2,6,0,0
1,0.25,7.5,6.5,0,0
1,0.25,8,6.5,0,0
1,0.25,1.5,6.5,0,0
1,0.25,2,6.5,0,0
1,0.25,7.5,7,0,0
1,0.25,8,7,0,0
1,0.25,1.5,7,0,0
1,0.25,2,7,0,0
1,0.25,7.5,7.5,0,0
1,0.25,8,7.5,0,0
1,0.25,1.5,7.5,0,0
1,0.25,2,7.5,0,0
1,0.25,7.5,8,0,0
1,0.25,8,8,0,0
1,0.25,1.5,8,0,0
1,0.25,2,8,0,0
1,0.25,7.5,8.5,0,0
1,0.25,8,8.5,0,0
1,0.25,1.5,8.5,0,0
1,0.25,2,8.5,0,0
1,0.25,7.5,9,0,0
1,0.25,8,9,0,0
1,0.25,1.5,9,0,0
1,0.25,2,9,0,0
1,0.25,7.5,9.5,0,0
1,0.25,8,9.5,0,0
1,0.25,1.5,9.5,0,0
1,0.25,2,9.5,0,0
1,0.25,7.5,10,0,0
1,0.25,8,10,0,0
1,0.25,1.5,10,0,0
1,0.25,2,10,0,0
1,0.25,7.5,10.5,0,0
1,0.25,8,10.5,0,0
1,0.25,1.5,10.5,0,0
1,0.25,2,10.5,0,0
1,0.25,7.5,11,0,0
1,0.25,8,11,0,0
1,0.25,1.5,11,0,0
1,0.25,2,11,0,0
1,0.25,7.5,11.5,0,0
1,0.25,8,11.5,0,0
1,0.25,1.5,11.5,0,0
1,0.25,2,11.5,0,0
1,0.25,7.5,12,0,0
1,0.25,8,12,0,0
1,0.25,1.5,12,0,0
1,0.25,2,12,0,0
1,0.25,7.5,12.5,0,0
1,0.25,8,12.5,0,0
1,0.25,1.5,12.5,0,0
1,0.25,2,12.5,0,0
1,0.25,7.5,13,0,0
1,0.25,8,13,0,0
1,0.25,1.5,13,0,0
1,0.25,2,13,0,0
1,0.25,7.5,13.5,0,0
1,0.25,8,13.5,0,0
1,0.25,1.5,13.5,0,0
1,0.25,2,13.5,0,0
1,0.25,7.5,14,0,0
1,0.25,8,14,0,0
1,0.25,1.5,14,0,0
1,0.25,2,14,0,0
1,0.25,7.5,14.5,0,0
1,0.25,8,14.5,0,0
1,0.25,1.5,14.5,0,0
1,0.25,2,14.5,0,0
1,0.25,7.5,15,0,0
1,0.25,8,15,0,0
1,0.25,1.5,15,0,0
1,0.25,2,15,0,0
1,0.25,7.5,15.5,0,0
1,0.25,8,15.5,0,0
1,0.25,1.5,15.5,0,0
1,0.25,2,15.5,0,0
1,0.25,7.5,16,0,0
1,0.25,8,16,0,0
1,0.25,1.5,16,0,0
1,0.25,2,16,0,0
1,0.25,7.5,16.5,0,0
1,0.25,8,16.5,0,0
1,0.25,1.5,16.5,0,0
1,0.25,2,16.5,0,0
1,0.25,7.5,17,0,0
1,0.25,8,17,0,0
1,0.25,1.5,17,0,0
1,0.25,2,17,0,0
1,0.25,7.5,17.5,0,0
1,0.25,8,17.5,0,0
1,0.25,1.5,17.5,0,0
1,0.25,2,17.5,0,0
1,0.25,7.5,18,0,0
1,0.25,8,18,0,0
1,0.25,1.5,18,0,0
1,0.25,2,18,0,0
1,0.25,7.5,18.5,0,0
1,0.25,8,18.5,0,0
1,0.25,1.5,18.5,0,0
1,0.25,2,18.5,0,0
1,0.25,7.5,19,0,0
1,0.25,8,19,0,0
1,0.25,1.5,19,0,0
1,0.25,2,19,0,0
1,0.25,7.5,19.5,0,0
1,0.25,8,19.5,0,0
1,0.25,1.5,19.5,0,0
1,0.25,2,19.5,0,0
1,0.25,7.5,20,0,0
1,0.25,8,20,0,0
1,0.25,1.5,20,0,0
1,0.25,2,20,0,0
1,0.25,7.5,20.5,0,0
1,0.25,8,20.5,0,0
1,0.25,1.5,20.5,0,0
1,0.25,2,20.5,0,0
1,0.25,7.5,21,0,0
1,0.25,8,21,0,0
1,0.25,1.5,21,0,0
1,0.25,2,21,0,0
1,0.25,7.5,21.5,0,0
1,0.25,8,21.5,0,0
1,0.25,1.5,21.5,0,0
1,0.25,2,21.5,0,0
1,0.25,7.5,22,0,0
1,0.25,8,22,0,0
1,0.25,1.5,22,0,0
1,0.25,2,22,0,0
1,0.25,7.5,22.5,0,0
1,0.25,8,22.5,0,0
1,0.25,1.5,22.5,0,0
1,0.25,2,22.5,0,0
1,0.25,7.5,23,0,0
1,0.25,8,23,0,0
1,0.25,1.5,23,0,0
1,0.25,2,23,0,0
1,0.25,7.5,23.5,0,0
1,0.25,8,23.5,0,0
1,0.25,1.5,23.5,0,0
1,0.25,2,23.5,0,0
1,0.25,7.5,24,0,0
1,0.25,8,24,0,0
1,0.25,1.5,24,0,0
1,0.25,2,24,0,0
1,0.25,7.5,24.5,0,0
1,0.25,8,24.5,0,0
1,0.25,1.5,24.5,0,0
1,0.25,2,24.5,0,0
1,0.25,7.5,25,0,0
1,0.25,8,25,0,0
1,0.25,1.5,25,0,0
1,0.25,2,25,0,0
1,0.25,7.5,25.5,0,0
1,0.25,8,25.5,0,0
1,0.25,1.5,25.5,0,0
1,0.25,2,25.5,0,0
1,0.25,2.5,1.5,0,0
1,0.25,2.5,2,0,0
1,0.25,2.5,25,0,0
1,0.25,2.5,25.5,0,0
1,0.25,3,1.5,0,0
1,0.25,3,2,0,0
1,0.25,3,25,0,0
1,0.25,3,25.5,0,0
1,0.25,3.5,1.5,0,0
1,0.25,3.5,2,0,0
1,0.25,3.5,25,0,0
1,0.25,3.5,25.5,0,0
1,0.25,4,1.5,0,0
1,0.25,4,2,0,0
1,0.25,4,25,0,0
1,0.25,4,25.5,0,0
1,0.25,4.5,1.5,0,0
1,0.25,4.5,2,0,0
1,0.25,4.5,25,0,0
1,0.25,4.5,25.5,0,0
1,0.25,5,1.5,0,0
1,0.25,5,2,0,0
1,0.25,5,25,0,0
1,0.25,5,25.5,0,0
1,0.25,5.5,1.5,0,0
1,0.25,5.5,2,0,0
1,0.25,5.5,25,0,0
1,0.25,5.5,25.5,0,0
1,0.25,6,1.5,0,0
1,0.25,6,2,0,0
1,0.25,6,25,0,0
1,0.25,6,25.5,0,0
1,0.25,6.5,1.5,0,0
1,0.25,6.5,2,0,0
1,0.25,6.5,25,0,0
1,0.25,6.5,25.5,0,0
1,0.25,7,1.5,0,0
1,0.25,7,2,0,0
1,0.25,7,25,0,0
1,0.25,7,25.5,0,0
