536 2 0.5 3500 0.2 2 0 2e-06 0 9.81 10 35
0,0.25,2.5,9.63199,-7.3986e-07,1.5481
0,0.25,2.5,10.1325,-1.27734e-06,1.55923
0,0.25,2.5,10.6325,-1.9612e-06,1.55945
0,0.25,2.5,11.1325,-3.30402e-06,1.55946
0,0.25,2.5,11.6325,-4.07101e-06,1.55946
0,0.25,2.5,12.1325,-4.76841e-06,1.55946
0,0.25,2.5,12.6325,-5.01422e-06,1.55946
0,0.25,2.5,13.1325,-5.18544e-06,1.55946
0,0.25,2.5,13.6325,-5.2365e-06,1.55946
0,0.25,2.5,14.1325,-5.26015e-06,1.55946
0,0.25,2.5,14.6325,-5.26665e-06,1.55946
0,0.25,2.5,15.1325,-5.26853e-06,1.55946
0,0.25,2.5,15.6325,-5.26902e-06,1.55946
0,0.25,2.5,16.1325,-5.26912e-06,1.55946
0,0.25,2.5,16.6325,-5.26915e-06,1.55946
0,0.25,2.5,17.1325,-5.26915e-06,1.55946
0,0.25,2.5,17.6325,-5.26912e-06,1.55946
0,0.25,2.5,18.1325,-5.26904e-06,1.55946
0,0.25,2.5,18.6325,-5.27131e-06,1.55946
0,0.25,2.5,19.1325,-5.28964e-06,1.55946
0,0.25,2.5,19.6325,-5.33299e-06,1.55946
0,0.25,2.5,20.1325,-9.70819e-06,1.55946
0,0.25,2.5,20.6325,-2.35127e-05,1.55946
0,0.25,2.5,21.1325,-2.93879e-05,1.55945
0,0.25,2.5,21.6325,-8.66711e-05,1.55946
0,0.25,2.5,22.1325,-9.07416e-05,1.55941
0,0.25,2.49999,22.6325,-0.000278103,1.55945
0,0.25,2.49999,23.1325,-0.000318719,1.55927
0,0.25,2.49997,23.6325,-0.00102494,1.55923
0,0.25,2.49999,24.132,-0.000254231,1.54749
0,0.25,3,9.6358,-5.32916e-06,1.63193
0,0.25,3,10.1358,-2.17922e-05,1.6314
0,0.25,3,10.6358,-6.88716e-06,1.63153
0,0.25,3,11.1358,-3.53828e-06,1.63153
0,0.25,3,11.6358,-4.20131e-06,1.63153
0,0.25,3,12.1358,-5.01369e-06,1.63153
0,0.25,3,12.6358,-5.29986e-06,1.63153
0,0.25,3,13.1358,-5.53618e-06,1.63153
0,0.25,3,13.6358,-5.61175e-06,1.63153
0,0.25,3,14.1358,-5.65163e-06,1.63153
0,0.25,3,14.6358,-5.66394e-06,1.63153
0,0.25,3,15.1358,-5.66806e-06,1.63153
0,0.25,3,15.6358,-5.66927e-06,1.63153
0,0.25,3,16.1358,-5.66958e-06,1.63153
0,0.25,3,16.6358,-5.66966e-06,1.63153
0,0.25,3,17.1358,-5.66966e-06,1.63153
0,0.25,3,17.6358,-5.66959e-06,1.63153
0,0.25,3,18.1358,-5.66933e-06,1.63153
0,0.25,3,18.6358,-5.66839e-06,1.63153
0,0.25,3,19.1358,-8.17211e-06,1.63153
0,0.25,3,19.6358,-1.60046e-05,1.63153
0,0.25,3,20.1358,-1.55719e-05,1.63151
0,0.25,3,20.6358,-3.60551e-05,1.63153
0,0.25,3,21.1358,-3.19263e-05,1.63146
0,0.25,3,21.6358,-8.32571e-05,1.63153
0,0.25,3,22.1358,-5.93924e-05,1.63132
0,0.25,3,22.6358,-0.000152563,1.63151
0,0.25,3,23.1358,-6.19311e-05,1.63079
0,0.25,3,23.6358,-3.29492e-05,1.6314
0,0.25,3,24.1358,-9.11758e-06,1.63184
0,0.25,3.5,9.63581,-3.29425e-07,1.63235
0,0.25,3.5,10.1358,-1.2029e-06,1.63237
0,0.25,3.5,10.6358,-9.63101e-07,1.63239
0,0.25,3.5,11.1358,-2.02258e-06,1.63237
0,0.25,3.5,11.6358,-2.45802e-06,1.63237
0,0.25,3.5,12.1358,-3.5466e-06,1.63237
0,0.25,3.5,12.6358,-3.9417e-06,1.63238
0,0.25,3.5,13.1358,-4.47547e-06,1.63238
0,0.25,3.5,13.6358,-4.64281e-06,1.63238
0,0.25,3.5,14.1358,-4.78595e-06,1.63238
0,0.25,3.5,14.6358,-4.82691e-06,1.63238
0,0.25,3.5,15.1358,-4.8478e-06,1.63238
0,0.25,3.5,15.6358,-4.85347e-06,1.63238
0,0.25,3.5,16.1358,-4.85531e-06,1.63238
0,0.25,3.5,16.6358,-4.85577e-06,1.63238
0,0.25,3.5,17.1358,-4.85578e-06,1.63238
0,0.25,3.5,17.6358,-4.85538e-06,1.63238
0,0.25,3.5,18.1358,-4.85374e-06,1.63238
0,0.25,3.5,18.6358,-4.849e-06,1.63238
0,0.25,3.5,19.1358,-5.27215e-06,1.63237
0,0.25,3.5,19.6358,-6.6333e-06,1.63238
0,0.25,3.5,20.1358,-1.02262e-05,1.63234
0,0.25,3.5,20.6358,-2.54371e-05,1.63237
0,0.25,3.5,21.1358,-1.43437e-05,1.6323
0,0.25,3.5,21.6358,-2.61661e-05,1.63237
0,0.25,3.5,22.1358,-9.64292e-06,1.63223
0,0.25,3.5,22.6358,1.48818e-05,1.63235
0,0.25,3.5,23.1358,7.54329e-05,1.63221
0,0.25,3.50002,23.6358,0.000398633,1.63239
0,0.25,3.5,24.1358,9.80162e-05,1.63165
0,0.25,4,9.63581,3.69971e-06,1.63237
0,0.25,4,10.1358,1.5236e-05,1.63238
0,0.25,4,10.6358,3.09081e-06,1.63239
0,0.25,4,11.1358,-1.64176e-06,1.63238
0,0.25,4,11.6358,-2.10214e-06,1.63238
0,0.25,4,12.1358,-3.08459e-06,1.63238
0,0.25,4,12.6358,-3.4531e-06,1.63238
0,0.25,4,13.1358,-3.96885e-06,1.63238
0,0.25,4,13.6358,-4.13163e-06,1.63238
0,0.25,4,14.1358,-4.27858e-06,1.63238
0,0.25,4,14.6358,-4.32068e-06,1.63238
0,0.25,4,15.1358,-4.3432e-06,1.63238
0,0.25,4,15.6358,-4.34932e-06,1.63238
0,0.25,4,16.1358,-4.35138e-06,1.63238
0,0.25,4,16.6358,-4.35189e-06,1.63238
0,0.25,4,17.1358,-4.3519e-06,1.63238
0,0.25,4,17.6358,-4.35145e-06,1.63238
0,0.25,4,18.1358,-4.34959e-06,1.63238
0,0.25,4,18.6358,-4.34442e-06,1.63238
0,0.25,4,19.1358,-2.39324e-06,1.63238
0,0.25,4,19.6358,3.6659e-06,1.63238
0,0.25,4,20.1358,-5.09954e-06,1.63233
0,0.25,4,20.6358,-1.59963e-05,1.63238
0,0.25,4,21.1358,-1.14583e-05,1.6323
0,0.25,4,21.6358,-2.24472e-05,1.63237
0,0.25,4,22.1358,-2.7665e-05,1.6322
0,0.25,4,22.6358,-6.08523e-05,1.63235
0,0.25,4,23.1358,-7.97741e-05,1.632
0,0.25,3.99999,23.6358,-0.000312718,1.63241
0,0.25,4,24.1358,-7.2965e-05,1.63194
0,0.25,4.5,9.63582,-8.89886e-07,1.63237
0,0.25,4.5,10.1358,-4.01202e-06,1.63238
0,0.25,4.5,10.6358,-9.97054e-07,1.63238
0,0.25,4.5,11.1358,-1.25246e-07,1.63238
0,0.25,4.5,11.6358,-1.72321e-07,1.63238
0,0.25,4.5,12.1358,-2.39176e-07,1.63238
0,0.25,4.5,12.6358,-2.83256e-07,1.63238
0,0.25,4.5,13.1358,-3.44704e-07,1.63238
0,0.25,4.5,13.6358,-3.70406e-07,1.63238
0,0.25,4.5,14.1358,-3.92583e-07,1.63238
0,0.25,4.5,14.6358,-4.0024e-07,1.63238
0,0.25,4.5,15.1358,-4.04299e-07,1.63238
0,0.25,4.5,15.6358,-4.05518e-07,1.63238
0,0.25,4.5,16.1358,-4.05953e-07,1.63238
0,0.25,4.5,16.6358,-4.06064e-07,1.63238
0,0.25,4.5,17.1358,-4.06067e-07,1.63238
0,0.25,4.5,17.6358,-4.0597e-07,1.63238
0,0.25,4.5,18.1358,-4.05566e-07,1.63238
0,0.25,4.5,18.6358,-4.01859e-07,1.63238
0,0.25,4.5,19.1358,-5.13073e-07,1.63238
0,0.25,4.5,19.6358,-8.93121e-07,1.63238
0,0.25,4.5,20.1358,-1.29128e-06,1.63233
0,0.25,4.5,20.6358,-3.90266e-06,1.63238
0,0.25,4.5,21.1358,-6.18356e-07,1.6323
0,0.25,4.5,21.6358,5.14013e-06,1.63237
0,0.25,4.5,22.1358,1.07374e-05,1.63222
0,0.25,4.5,22.6358,4.35963e-05,1.63238
0,0.25,4.5,23.1358,9.0932e-05,1.6321
0,0.25,4.50001,23.6358,0.00026316,1.63239
0,0.25,4.5,24.1358,6.09063e-05,1.63182
0,0.25,5,9.63582,8.89889e-07,1.63237
0,0.25,5,10.1358,4.01203e-06,1.63238
0,0.25,5,10.6358,9.97055e-07,1.63238
0,0.25,5,11.1358,1.25244e-07,1.63238
0,0.25,5,11.6358,1.72322e-07,1.63238
0,0.25,5,12.1358,2.39181e-07,1.63238
0,0.25,5,12.6358,2.83262e-07,1.63238
0,0.25,5,13.1358,3.4471e-07,1.63238
0,0.25,5,13.6358,3.70412e-07,1.63238
0,0.25,5,14.1358,3.92589e-07,1.63238
0,0.25,5,14.6358,4.00245e-07,1.63238
0,0.25,5,15.1358,4.04303e-07,1.63238
0,0.25,5,15.6358,4.05523e-07,1.63238
0,0.25,5,16.1358,4.05958e-07,1.63238
0,0.25,5,16.6358,4.06069e-07,1.63238
0,0.25,5,17.1358,4.06072e-07,1.63238
0,0.25,5,17.6358,4.05975e-07,1.63238
0,0.25,5,18.1358,4.05571e-07,1.63238
0,0.25,5,18.6358,4.01864e-07,1.63238
0,0.25,5,19.1358,5.13069e-07,1.63238
0,0.25,5,19.6358,8.93093e-07,1.63238
0,0.25,5,20.1358,1.29128e-06,1.63233
0,0.25,5,20.6358,3.90267e-06,1.63238
0,0.25,5,21.1358,6.18348e-07,1.6323
0,0.25,5,21.6358,-5.14015e-06,1.63237
0,0.25,5,22.1358,-1.07374e-05,1.63222
0,0.25,5,22.6358,-4.35963e-05,1.63238
0,0.25,5,23.1358,-9.0932e-05,1.6321
0,0.25,4.99999,23.6358,-0.00026316,1.63239
0,0.25,5,24.1358,-6.09063e-05,1.63182
0,0.25,5.5,9.63581,-3.69972e-06,1.63237
0,0.25,5.5,10.1358,-1.5236e-05,1.63238
0,0.25,5.5,10.6358,-3.09081e-06,1.63239
0,0.25,5.5,11.1358,1.64177e-06,1.63238
0,0.25,5.5,11.6358,2.10214e-06,1.63238
0,0.25,5.5,12.1358,3.08458e-06,1.63238
0,0.25,5.5,12.6358,3.4531e-06,1.63238
0,0.25,5.5,13.1358,3.96885e-06,1.63238
0,0.25,5.5,13.6358,4.13162e-06,1.63238
0,0.25,5.5,14.1358,4.27858e-06,1.63238
0,0.25,5.5,14.6358,4.32068e-06,1.63238
0,0.25,5.5,15.1358,4.3432e-06,1.63238
0,0.25,5.5,15.6358,4.34932e-06,1.63238
0,0.25,5.5,16.1358,4.35138e-06,1.63238
0,0.25,5.5,16.6358,4.35188e-06,1.63238
0,0.25,5.5,17.1358,4.3519e-06,1.63238
0,0.25,5.5,17.6358,4.35145e-06,1.63238
0,0.25,5.5,18.1358,4.34959e-06,1.63238
0,0.25,5.5,18.6358,4.34442e-06,1.63238
0,0.25,5.5,19.1358,2.39324e-06,1.63238
0,0.25,5.5,19.6358,-3.66587e-06,1.63238
0,0.25,5.5,20.1358,5.09954e-06,1.63233
0,0.25,5.5,20.6358,1.59963e-05,1.63238
0,0.25,5.5,21.1358,1.14583e-05,1.6323
0,0.25,5.5,21.6358,2.24472e-05,1.63237
0,0.25,5.5,22.1358,2.7665e-05,1.6322
0,0.25,5.5,22.6358,6.08523e-05,1.63235
0,0.25,5.5,23.1358,7.97741e-05,1.632
0,0.25,5.50001,23.6358,0.000312718,1.63241
0,0.25,5.5,24.1358,7.2965e-05,1.63194
0,0.25,6,9.63581,3.29425e-07,1.63235
0,0.25,6,10.1358,1.2029e-06,1.63237
0,0.25,6,10.6358,9.63101e-07,1.63239
0,0.25,6,11.1358,2.02258e-06,1.63237
0,0.25,6,11.6358,2.45802e-06,1.63237
0,0.25,6,12.1358,3.5466e-06,1.63237
0,0.25,6,12.6358,3.94169e-06,1.63238
0,0.25,6,13.1358,4.47546e-06,1.63238
0,0.25,6,13.6358,4.64281e-06,1.63238
0,0.25,6,14.1358,4.78595e-06,1.63238
0,0.25,6,14.6358,4.82691e-06,1.63238
0,0.25,6,15.1358,4.84779e-06,1.63238
0,0.25,6,15.6358,4.85347e-06,1.63238
0,0.25,6,16.1358,4.85531e-06,1.63238
0,0.25,6,16.6358,4.85577e-06,1.63238
0,0.25,6,17.1358,4.85578e-06,1.63238
0,0.25,6,17.6358,4.85537e-06,1.63238
0,0.25,6,18.1358,4.85374e-06,1.63238
0,0.25,6,18.6358,4.849e-06,1.63238
0,0.25,6,19.1358,5.27215e-06,1.63237
0,0.25,6,19.6358,6.63332e-06,1.63238
0,0.25,6,20.1358,1.02262e-05,1.63234
0,0.25,6,20.6358,2.54371e-05,1.63237
0,0.25,6,21.1358,1.43437e-05,1.6323
0,0.25,6,21.6358,2.61661e-05,1.63237
0,0.25,6,22.1358,9.64292e-06,1.63223
0,0.25,6,22.6358,-1.48818e-05,1.63235
0,0.25,6,23.1358,-7.54329e-05,1.63221
0,0.25,5.99998,23.6358,-0.000398633,1.63239
0,0.25,6,24.1358,-9.80162e-05,1.63165
0,0.25,6.5,9.6358,5.32916e-06,1.63193
0,0.25,6.5,10.1358,2.17922e-05,1.6314
0,0.25,6.5,10.6358,6.88716e-06,1.63153
0,0.25,6.5,11.1358,3.53828e-06,1.63153
0,0.25,6.5,11.6358,4.20131e-06,1.63153
0,0.25,6.5,12.1358,5.01369e-06,1.63153
0,0.25,6.5,12.6358,5.29986e-06,1.63153
0,0.25,6.5,13.1358,5.53618e-06,1.63153
0,0.25,6.5,13.6358,5.61175e-06,1.63153
0,0.25,6.5,14.1358,5.65163e-06,1.63153
0,0.25,6.5,14.6358,5.66394e-06,1.63153
0,0.25,6.5,15.1358,5.66806e-06,1.63153
0,0.25,6.5,15.6358,5.66928e-06,1.63153
0,0.25,6.5,16.1358,5.66958e-06,1.63153
0,0.25,6.5,16.6358,5.66966e-06,1.63153
0,0.25,6.5,17.1358,5.66966e-06,1.63153
0,0.25,6.5,17.6358,5.66959e-06,1.63153
0,0.25,6.5,18.1358,5.66933e-06,1.63153
0,0.25,6.5,18.6358,5.66839e-06,1.63153
0,0.25,6.5,19.1358,8.17211e-06,1.63153
0,0.25,6.5,19.6358,1.60046e-05,1.63153
0,0.25,6.5,20.1358,1.55719e-05,1.63151
0,0.25,6.5,20.6358,3.60551e-05,1.63153
0,0.25,6.5,21.1358,3.19263e-05,1.63146
0,0.25,6.5,21.6358,8.32571e-05,1.63153
0,0.25,6.5,22.1358,5.93924e-05,1.63132
0,0.25,6.5,22.6358,0.000152563,1.63151
0,0.25,6.5,23.1358,6.19311e-05,1.63079
0,0.25,6.5,23.6358,3.29492e-05,1.6314
0,0.25,6.5,24.1358,9.11758e-06,1.63184
0,0.25,7,9.63199,7.3986e-07,1.5481
0,0.25,7,10.1325,1.27734e-06,1.55923
0,0.25,7,10.6325,1.9612e-06,1.55945
0,0.25,7,11.1325,3.30402e-06,1.55946
0,0.25,7,11.6325,4.07101e-06,1.55946
0,0.25,7,12.1325,4.76841e-06,1.55946
0,0.25,7,12.6325,5.01422e-06,1.55946
0,0.25,7,13.1325,5.18544e-06,1.55946
0,0.25,7,13.6325,5.2365e-06,1.55946
0,0.25,7,14.1325,5.26015e-06,1.55946
0,0.25,7,14.6325,5.26665e-06,1.55946
0,0.25,7,15.1325,5.26853e-06,1.55946
0,0.25,7,15.6325,5.26902e-06,1.55946
0,0.25,7,16.1325,5.26913e-06,1.55946
0,0.25,7,16.6325,5.26915e-06,1.55946
0,0.25,7,17.1325,5.26915e-06,1.55946
0,0.25,7,17.6325,5.26913e-06,1.55946
0,0.25,7,18.1325,5.26904e-06,1.55946
0,0.25,7,18.6325,5.27131e-06,1.55946
0,0.25,7,19.1325,5.28964e-06,1.55946
0,0.25,7,19.6325,5.33299e-06,1.55946
0,0.25,7,20.1325,9.70819e-06,1.55946
0,0.25,7,20.6325,2.35127e-05,1.55946
0,0.25,7,21.1325,2.93879e-05,1.55945
0,0.25,7,21.6325,8.66711e-05,1.55946
0,0.25,7,22.1325,9.07416e-05,1.55941
0,0.25,7.00001,22.6325,0.000278103,1.55945
0,0.25,7.00001,23.1325,0.000318719,1.55927
0,0.25,7.00003,23.6325,0.00102494,1.55923
0,0.25,7.00001,24.132,0.000254231,1.54749
1,0.25,7.5,1.5,0,0
1,0.25,8,1.5,0,0
1,0.25,1.5,1.5,0,0
1,0.25,2,1.5,0,0
1,0.25,7.5,2,0,0
1,0.25,8,2,0,0
1,0.25,1.5,2,0,0
1,0.25,2,2,0,0
1,0.25,7.5,2.5,0,0
1,0.25,8,2.5,0,0
1,0.25,1.5,2.5,0,0
1,0.25,2,2.5,0,0
1,0.25,7.5,3,0,0
1,0.25,8,3,0,0
1,0.25,1.5,3,0,0
1,0.25,2,3,0,0
1,0.25,7.5,3.5,0,0
1,0.25,8,3.5,0,0
1,0.25,1.5,3.5,0,0
1,0.25,2,3.5,0,0
1,0.25,7.5,4,0,0
1,0.25,8,4,0,0
1,0.25,1.5,4,0,0
1,0.25,2,4,0,0
1,0.25,7.5,4.5,0,0
1,0.25,8,4.5,0,0
1,0.25,1.5,4.5,0,0
1,0.25,2,4.5,0,0
1,0.25,7.5,5,0,0
1,0.25,8,5,0,0
1,0.25,1.5,5,0,0
1,0.25,2,5,0,0
1,0.25,7.5,5.5,0,0
1,0.25,8,5.5,0,0
1,0.25,1.5,5.5,0,0
1,0.25,2,5.5,0,0
1,0.25,7.5,6,0,0
1,0.25,8,6,0,0
1,0.25,1.5,6,0,0
1,0.25,2,6,0,0
1,0.25,7.5,6.5,0,0
1,0.25,8,6.5,0,0
1,0.25,1.5,6.5,0,0
1,0.25,2,6.5,0,0
1,0.25,7.5,7,0,0
1,0.25,8,7,0,0
1,0.25,1.5,7,0,0
1,0.25,2,7,0,0
1,0.25,7.5,7.5,0,0
1,0.25,8,7.5,0,0
1,0.25,1.5,7.5,0,0
1,0.25,2,7.5,0,0
1,0.25,7.5,8,0,0
1,0.25,8,8,0,0
1,0.25,1.5,8,0,0
1,0.25,2,8,0,0
1,0.25,7.5,8.5,0,0
1,0.25,8,8.5,0,0
1,0.25,1.5,8.5,0,0
1,0.25,2,8.5,0,0
1,0.25,7.5,9,0,0
1,0.25,8,9,0,0
1,0.25,1.5,9,0,0
1,0.25,2,9,0,0
1,0.25,7.5,9.5,0,0
1,0.25,8,9.5,0,0
1,0.25,1.5,9.5,0,0
1,0.25,2,9.5,0,0
1,0.25,7.5,10,0,0
1,0.25,8,10,0,0
1,0.25,1.5,10,0,0
1,0.25,2,10,0,0
1,0.25,7.5,10.5,0,0
1,0.25,8,10.5,0,0
1,0.25,1.5,10.5,0,0
1,0.25,2,10.5,0,0
1,0.25,7.5,11,0,0
1,0.25,8,11,0,0
1,0.25,1.5,11,0,0
1,0.25,2,11,0,0
1,0.25,7.5,11.5,0,0
1,0.25,8,11.5,0,0
1,0.25,1.5,11.5,0,0
1,0.25,2,11.5,0,0
1,0.25,7.5,12,0,0
1,0.25,8,12,0,0
1,0.25,1.5,12,0,0
1,0.25,2,12,0,0
1,0.25,7.5,12.5,0,0
1,0.25,8,12.5,0,0
1,0.25,1.5,12.5,0,0
1,0.25,2,12.5,0,0
1,0.25,7.5,13,0,0
1,0.25,8,13,0,0
1,0.25,1.5,13,0,0
1,0.25,2,13,0,0
1,0.25,7.5,13.5,0,0
1,0.25,8,13.5,0,0
1,0.25,1.5,13.5,0,0
1,0.25,2,13.5,0,0
1,0.25,7.5,14,0,0
1,0.25,8,14,0,0
1,0.25,1.5,14,0,0
1,0.25,2,14,0,0
1,0.25,7.5,14.5,0,0
1,0.25,8,14.5,0,0
1,0.25,1.5,14.5,0,0
1,0.25,2,14.5,0,0
1,0.25,7.5,15,0,0
1,0.25,8,15,0,0
1,0.25,1.5,15,0,0
1,0.25,2,15,0,0
1,0.25,7.5,15.5,0,0
1,0.25,8,15.5,0,0
1,0.25,1.5,15.5,0,0
1,0.25,2,15.5,0,0
1,0.25,7.5,16,0,0
1,0.25,8,16,0,0
1,0.25,1.5,16,0,0
1,0.25,2,16,0,0
1,0.25,7.5,16.5,0,0
1,0.25,8,16.5,0,0
1,0.25,1.5,16.5,0,0
1,0.25,2,16.5,0,0
1,0.25,7.5,17,0,0
1,0.25,8,17,0,0
1,0.25,1.5,17,0,0
1,0.25,2,17,0,0
1,0.25,7.5,17.5,0,0
1,0.25,8,17.5,0,0
1,0.25,1.5,17.5,0,0
1,0.25,2,17.5,0,0
1,0.25,7.5,18,0,0
1,0.25,8,18,0,0
1,0.25,1.5,18,0,0
1,0.25,2,18,0,0
1,0.25,7.5,18.5,0,0
1,0.25,8,18.5,0,0
1,0.25,1.5,18.5,0,0
1,0.25,2,18.5,0,0
1,0.25,7.5,19,0,0
1,0.25,8,19,0,0
1,0.25,1.5,19,0,0
1,0.25,2,19,0,0
1,0.25,7.5,19.5,0,0
1,0.25,8,19.5,0,0
1,0.25,1.5,19.5,0,0
1,0.25,2,19.5,0,0
1,0.25,7.5,20,0,0
1,0.25,8,20,0,0
1,0.25,1.5,20,0,0
1,0.25,2,20,0,0
1,0.25,7.5,20.5,0,0
1,0.25,8,20.5,0,0
1,0.25,1.5,20.5,0,0
1,0.25,2,20.5,0,0
1,0.25,7.5,21,0,0
1,0.25,8,21,0,0
1,0.25,1.5,21,0,0
1,0.25,2,21,0,0
1,0.25,7.5,21.5,0,0
1,0.25,8,21.5,0,0
1,0.25,1.5,21.5,0,0
1,0.25,2,21.5,0,0
1,0.25,7.5,22,0,0
1,0.25,8,22,0,0
1,0.25,1.5,22,0,0
1,0.25,2,22,0,0
1,0.25,7.5,22.5,0,0
1,0.25,8,22.5,0,0
1,0.25,1.5,22.5,0,0
1,0.25,2,22.5,0,0
1,0.25,7.5,23,0,0
1,0.25,8,23,0,0
1,0.25,1.5,23,0,0
1,0.25,2,23,0,0
1,0.25,7.5,23.5,0,0
1,0.25,8,23.5,0,0
1,0.25,1.5,23.5,0,0
1,0.25,2,23.5,0,0
1,0.25,7.5,24,0,0
1,0.25,8,24,0,0
1,0.25,1.5,24,0,0
1,0.25,2,24,0,0
1,0.25,7.5,24.5,0,0
1,0.25,8,24.5,0,0
1,0.25,1.5,24.5,0,0
1,0.25,2,24.5,0,0
1,0.25,7.5,25,0,0
1,0.25,8,25,0,0
1,0.25,1.5,25,0,0
1,0.25,2,25,0,0
1,0.25,7.5,25.5,0,0
1,0.25,8,25.5,0,0
1,0.25,1.5,25.5,0,0
1,0.25,2,25.5,0,0
1,0.25,2.5,1.5,0,0
1,0.25,2.5,2,0,0
1,0.25,2.5,25,0,0
1,0.25,2.5,25.5,0,0
1,0.25,3,1.5,0,0
1,0.25,3,2,0,0
1,0.25,3,25,0,0
1,0.25,3,25.5,0,0
1,0.25,3.5,1.5,0,0
1,0.25,3.5,2,0,0
1,0.25,3.5,25,0,0
1,0.25,3.5,25.5,0,0
1,0.25,4,1.5,0,0
1,0.25,4,2,0,0
1,0.25,4,25,0,0
1,0.25,4,25.5,0,0
1,0.25,4.5,1.5,0,0
1,0.25,4.5,2,0,0
1,0.25,4.5,25,0,0
1,0.25,4.5,25.5,0,0
1,0.25,5,1.5,0,0
1,0.25,5,2,0,0
1,0.25,5,25,0,0
1,0.25,5,25.5,0,0
1,0.25,5.5,1.5,0,0
1,0.25,5.5,2,0,0
1,0.25,5.5,25,0,0
1,0.25,5.5,25.5,0,0
1,0.25,6,1.5,0,0
1,0.25,6,2,0,0
1,0.25,6,25,0,0
1,0.25,6,25.5,0,0
1,0.25,6.5,1.5,0,0
1,0.25,6.5,2,0,0
1,0.25,6.5,25,0,0
1,0.25,6.5,25.5,0,0
1,0.25,7,1.5,0,0
1,0.25,7,2,0,0
1,0.25,7,25,0,0
1,0.25,7,25.5,0,0
