536 2 0.5 3500 0.2 2 0 2e-06 0 9.81 10 35
0,0.25,2.45954,10.9384,-0.575919,-2.00028
0,0.25,2.63629,11.3497,2.31035,-2.08995
0,0.25,2.46746,11.9158,-0.591006,-1.54494
0,0.25,2.58455,12.3549,1.77244,-1.6132
0,0.25,2.48661,12.8813,-0.744383,-1.93697
0,0.25,2.53448,13.3381,1.12856,-2.10764
0,0.25,2.48951,13.8456,-0.307196,-1.94226
0,0.25,2.49401,14.3249,0.462199,-1.8367
0,0.25,2.47904,14.8158,0.155381,-1.42171
0,0.25,2.47992,15.2989,0.36185,-1.02869
0,0.25,2.47982,15.7811,0.295106,-0.203156
0,0.25,2.48515,16.2539,0.17261,0.284329
0,0.25,2.49219,16.7227,0.0161251,0.740762
0,0.25,2.49952,17.1767,-0.0838449,0.954907
0,0.25,2.50477,17.6219,-0.140948,0.601
0,0.25,2.50578,18.0602,-0.0286702,0.427242
0,0.25,2.50219,18.4926,0.104345,0.289672
0,0.25,2.49719,18.9263,0.244384,0.00873907
0,0.25,2.48644,19.3683,0.368337,0.0778304
0,0.25,2.47324,19.8206,0.265196,0.259455
0,0.25,2.46368,20.2919,0.238032,0.26282
0,0.25,2.45256,20.7808,0.111082,0.390832
0,0.25,2.44433,21.2806,-0.149279,0.258757
0,0.25,2.43087,21.7955,-0.178047,1.66545e-05
0,0.25,2.42158,22.3096,-0.38925,-0.154338
0,0.25,2.43483,22.8155,-0.559312,-0.54323
0,0.25,2.46188,23.2995,-0.169755,-0.627054
0,0.25,2.48712,23.7497,0.0182497,-0.418121
0,0.25,2.51064,24.1817,-0.307053,0.101677
0,0.25,2.54466,24.587,0.402547,-0.00109501
0,0.25,3.10909,10.979,1.76681,-3.91199
0,0.25,3.02986,11.5751,0.715639,-1.15422
0,0.25,3.04829,12.0689,0.91677,-1.94235
0,0.25,3.01498,12.6083,0.193791,-0.89524
0,0.25,3.014,13.1018,0.435747,-1.56488
0,0.25,2.99908,13.6193,0.226445,-0.852281
0,0.25,2.98762,14.1065,0.0844572,-1.00818
0,0.25,2.97545,14.5985,0.0184726,-0.11995
0,0.25,2.96852,15.076,-0.0142591,0.158739
0,0.25,2.96747,15.5577,0.080595,1.1311
0,0.25,2.97341,16.0303,0.124058,1.69285
0,0.25,2.98449,16.507,0.0551411,1.83534
0,0.25,2.9973,16.9781,0.0568089,2.19484
0,0.25,3.00721,17.4477,0.0839114,1.76566
0,0.25,3.01474,17.9199,0.267763,1.74873
0,0.25,3.01573,18.3816,0.455637,1.54622
0,0.25,3.0138,18.8437,0.487981,1.2604
0,0.25,3.00217,19.2957,0.422347,1.26755
0,0.25,2.98309,19.7471,0.197503,1.28486
0,0.25,2.96139,20.1934,0.0518464,1.5079
0,0.25,2.94468,20.644,-0.0202104,1.49043
0,0.25,2.93209,21.0894,-0.100841,1.76801
0,0.25,2.92364,21.53,-0.296849,1.85903
0,0.25,2.92283,21.9594,-0.440121,1.94334
0,0.25,2.92689,22.385,-0.509177,1.79977
0,0.25,2.93505,22.8114,-0.510325,1.75551
0,0.25,2.96703,23.2441,-0.199152,1.32167
0,0.25,3.00911,23.6711,0.115173,1.31084
0,0.25,3.02483,24.1169,-0.00141547,0.99778
0,0.25,3.09455,24.5594,0.748012,0.539483
0,0.25,3.51024,11.0212,0.247877,-3.37732
0,0.25,3.51671,11.5529,0.488795,-1.85117
0,0.25,3.52195,12.0773,0.450284,-1.98537
0,0.25,3.50543,12.5803,0.254921,-1.47781
0,0.25,3.51175,13.0921,0.323365,-1.62886
0,0.25,3.49394,13.5808,-0.0352709,-1.58296
0,0.25,3.4909,14.0713,0.142251,-1.45804
0,0.25,3.47896,14.5439,-0.082611,-1.02132
0,0.25,3.47546,15.0111,0.0858733,-0.772673
0,0.25,3.47331,15.4743,0.077683,-0.296313
0,0.25,3.47773,15.9319,0.0843225,0.0397821
0,0.25,3.484,16.3911,0.0530969,-0.0360031
0,0.25,3.49085,16.8517,-0.0251408,0.272827
0,0.25,3.49629,17.3121,0.00284679,0.283423
0,0.25,3.5003,17.7796,0.182865,0.392644
0,0.25,3.5023,18.2454,0.286582,0.534176
0,0.25,3.5036,18.7137,0.473335,0.408301
0,0.25,3.49926,19.1764,0.482998,0.405809
0,0.25,3.49067,19.6365,0.369566,0.462065
0,0.25,3.47787,20.0852,0.210809,0.654006
0,0.25,3.46598,20.5297,-0.0213544,0.445304
0,0.25,3.46032,20.9648,-0.308758,0.480026
0,0.25,3.45934,21.3933,-0.449246,0.127616
0,0.25,3.45753,21.8208,-0.464494,-0.0116056
0,0.25,3.46435,22.2492,-0.316781,-0.328882
0,0.25,3.45492,22.6817,-0.543821,-0.319
0,0.25,3.48225,23.1202,-0.282427,-0.635601
0,0.25,3.51167,23.565,-0.271418,-0.565289
0,0.25,3.50315,24.0336,-0.333119,-0.53565
0,0.25,3.57008,24.5248,0.292556,-0.029422
0,0.25,4.00296,11.0407,0.0914924,-2.90707
0,0.25,4.01695,11.5545,0.401149,-1.80583
0,0.25,4.01719,12.068,0.351377,-2.16252
0,0.25,4.0075,12.5754,0.160435,-1.59295
0,0.25,4.00521,13.0827,0.0953329,-1.84928
0,0.25,3.99777,13.5743,0.150592,-1.40573
0,0.25,3.99596,14.0681,0.134611,-1.45461
0,0.25,3.99184,14.5452,0.0593841,-0.73419
0,0.25,3.98985,15.0192,0.123965,-0.420195
0,0.25,3.98779,15.4915,-0.0381629,0.10351
0,0.25,3.99005,15.9565,0.078148,0.655377
0,0.25,3.99147,16.4215,0.127596,0.475952
0,0.25,3.99667,16.8872,0.0770546,0.925532
0,0.25,3.99983,17.3466,0.199945,1.03681
0,0.25,4.00205,17.8108,0.13684,0.924881
0,0.25,4.00309,18.2708,0.167436,1.05816
0,0.25,4.00185,18.727,0.215145,0.788646
0,0.25,3.99887,19.1802,0.237783,0.615501
0,0.25,3.99339,19.6319,0.211126,0.765861
0,0.25,3.98705,20.0784,0.216012,1.02485
0,0.25,3.98116,20.5262,0.0936383,0.839561
0,0.25,3.98071,20.9706,0.0306132,0.934274
0,0.25,3.98076,21.4153,-0.134027,0.690757
0,0.25,3.97762,21.8603,-0.331926,0.712821
0,0.25,3.98599,22.3043,-0.344072,0.496337
0,0.25,3.96789,22.7429,-0.630499,0.45808
0,0.25,3.99734,23.1811,-0.201206,0.228184
0,0.25,4.00498,23.6321,-0.303691,0.374265
0,0.25,3.9802,24.0853,-0.341702,0.356821
0,0.25,4.04257,24.5506,0.206268,0.243677
0,0.25,4.49944,11.0449,-0.00988596,-2.8311
0,0.25,4.49686,11.5589,-0.0586372,-1.73797
0,0.25,4.49903,12.0655,-0.0244959,-2.24994
0,0.25,4.49969,12.5735,-0.0435713,-1.61143
0,0.25,4.50056,13.0802,0.0783166,-1.73388
0,0.25,4.50045,13.5717,0.0662643,-1.5063
0,0.25,4.49783,14.0633,-0.107696,-1.64297
0,0.25,4.495,14.5412,-0.0769161,-0.667803
0,0.25,4.49374,15.014,0.027188,-0.528007
0,0.25,4.49439,15.4885,0.0613411,-0.0183019
0,0.25,4.49636,15.9524,0.11796,0.66713
0,0.25,4.49785,16.4171,0.0369161,0.171473
0,0.25,4.49938,16.8847,-0.0943542,0.850963
0,0.25,4.49965,17.3419,-0.0501357,1.04642
0,0.25,4.49952,17.8123,-0.0215955,0.964646
0,0.25,4.50088,18.2751,0.168094,1.43397
0,0.25,4.50126,18.738,0.259609,0.978704
0,0.25,4.50262,19.1963,0.24206,0.940197
0,0.25,4.50007,19.6513,0.0667064,0.865389
0,0.25,4.49754,20.1,-0.118111,1.25196
0,0.25,4.49249,20.5448,-0.147704,0.813074
0,0.25,4.48934,20.9868,-0.139788,0.894146
0,0.25,4.49023,21.4241,-0.072351,0.598574
0,0.25,4.48957,21.8612,0.0940784,0.681563
0,0.25,4.4957,22.3004,0.0351801,0.471988
0,0.25,4.49032,22.7423,-0.261424,0.503359
0,0.25,4.50259,23.1795,-0.0738506,0.283696
0,0.25,4.50232,23.6419,-0.208744,0.225543
0,0.25,4.48794,24.0762,-0.135816,-0.124859
0,0.25,4.51978,24.5347,0.139824,-0.0952068
0,0.25,5.00056,11.0449,0.00988596,-2.8311
0,0.25,5.00314,11.5589,0.0586372,-1.73797
0,0.25,5.00097,12.0655,0.0244959,-2.24994
0,0.25,5.00031,12.5735,0.0435713,-1.61143
0,0.25,4.99944,13.0802,-0.0783166,-1.73388
0,0.25,4.99955,13.5717,-0.0662643,-1.5063
0,0.25,5.00217,14.0633,0.107696,-1.64297
0,0.25,5.005,14.5412,0.0769161,-0.667803
0,0.25,5.00626,15.014,-0.027188,-0.528007
0,0.25,5.00561,15.4885,-0.0613411,-0.0183019
0,0.25,5.00364,15.9524,-0.11796,0.66713
0,0.25,5.00215,16.4171,-0.0369161,0.171473
0,0.25,5.00062,16.8847,0.0943542,0.850963
0,0.25,5.00035,17.3419,0.0501357,1.04642
0,0.25,5.00048,17.8123,0.0215955,0.964646
0,0.25,4.99912,18.2751,-0.168094,1.43397
0,0.25,4.99874,18.738,-0.259609,0.978704
0,0.25,4.99738,19.1963,-0.24206,0.940197
0,0.25,4.99993,19.6513,-0.0667064,0.865389
0,0.25,5.00246,20.1,0.118111,1.25196
0,0.25,5.00751,20.5448,0.147704,0.813074
0,0.25,5.01066,20.9868,0.139788,0.894146
0,0.25,5.00977,21.4241,0.072351,0.598574
0,0.25,5.01043,21.8612,-0.0940784,0.681563
0,0.25,5.0043,22.3004,-0.0351801,0.471988
0,0.25,5.00968,22.7423,0.261424,0.503359
0,0.25,4.99741,23.1795,0.0738506,0.283696
0,0.25,4.99768,23.6419,0.208744,0.225543
0,0.25,5.01206,24.0762,0.135816,-0.124859
0,0.25,4.98022,24.5347,-0.139824,-0.0952068
0,0.25,5.49704,11.0407,-0.0914924,-2.90707
0,0.25,5.48305,11.5545,-0.401149,-1.80583
0,0.25,5.48281,12.068,-0.351377,-2.16252
0,0.25,5.4925,12.5754,-0.160435,-1.59295
0,0.25,5.49479,13.0827,-0.0953329,-1.84928
0,0.25,5.50223,13.5743,-0.150592,-1.40573
0,0.25,5.50404,14.0681,-0.134611,-1.45461
0,0.25,5.50816,14.5452,-0.0593841,-0.73419
0,0.25,5.51015,15.0192,-0.123965,-0.420195
0,0.25,5.51221,15.4915,0.0381629,0.10351
0,0.25,5.50995,15.9565,-0.078148,0.655377
0,0.25,5.50853,16.4215,-0.127596,0.475952
0,0.25,5.50333,16.8872,-0.0770546,0.925532
0,0.25,5.50017,17.3466,-0.199945,1.03681
0,0.25,5.49795,17.8108,-0.13684,0.924881
0,0.25,5.49691,18.2708,-0.167436,1.05816
0,0.25,5.49815,18.727,-0.215145,0.788646
0,0.25,5.50113,19.1802,-0.237783,0.615501
0,0.25,5.50661,19.6319,-0.211126,0.765861
0,0.25,5.51295,20.0784,-0.216012,1.02485
0,0.25,5.51884,20.5262,-0.0936383,0.839561
0,0.25,5.51929,20.9706,-0.0306132,0.934274
0,0.25,5.51924,21.4153,0.134027,0.690757
0,0.25,5.52238,21.8603,0.331926,0.712821
0,0.25,5.51401,22.3043,0.344072,0.496337
0,0.25,5.53211,22.7429,0.630499,0.45808
0,0.25,5.50266,23.1811,0.201206,0.228184
0,0.25,5.49502,23.6321,0.303691,0.374265
0,0.25,5.5198,24.0853,0.341702,0.356821
0,0.25,5.45743,24.5506,-0.206268,0.243677
0,0.25,5.98976,11.0212,-0.247877,-3.37732
0,0.25,5.98329,11.5529,-0.488795,-1.85117
0,0.25,5.97805,12.0773,-0.450284,-1.98537
0,0.25,5.99457,12.5803,-0.254921,-1.47781
0,0.25,5.98825,13.0921,-0.323365,-1.62886
0,0.25,6.00606,13.5808,0.0352709,-1.58296
0,0.25,6.0091,14.0713,-0.142251,-1.45804
0,0.25,6.02104,14.5439,0.082611,-1.02132
0,0.25,6.02454,15.0111,-0.0858733,-0.772673
0,0.25,6.02669,15.4743,-0.077683,-0.296313
0,0.25,6.02227,15.9319,-0.0843225,0.0397821
0,0.25,6.016,16.3911,-0.0530969,-0.0360031
0,0.25,6.00915,16.8517,0.0251408,0.272827
0,0.25,6.00371,17.3121,-0.00284679,0.283423
0,0.25,5.9997,17.7796,-0.182865,0.392644
0,0.25,5.9977,18.2454,-0.286582,0.534176
0,0.25,5.9964,18.7137,-0.473335,0.408301
0,0.25,6.00074,19.1764,-0.482998,0.405809
0,0.25,6.00933,19.6365,-0.369566,0.462065
0,0.25,6.02213,20.0852,-0.210809,0.654006
0,0.25,6.03402,20.5297,0.0213544,0.445304
0,0.25,6.03968,20.9648,0.308758,0.480026
0,0.25,6.04066,21.3933,0.449246,0.127616
0,0.25,6.04247,21.8208,0.464494,-0.0116056
0,0.25,6.03565,22.2492,0.316781,-0.328882
0,0.25,6.04508,22.6817,0.543821,-0.319
0,0.25,6.01775,23.1202,0.282427,-0.635601
0,0.25,5.98833,23.565,0.271418,-0.565289
0,0.25,5.99685,24.0336,0.333119,-0.53565
0,0.25,5.92992,24.5248,-0.292556,-0.029422
0,0.25,6.39091,10.979,-1.76681,-3.91199
0,0.25,6.47014,11.5751,-0.715639,-1.15422
0,0.25,6.45171,12.0689,-0.91677,-1.94235
0,0.25,6.48502,12.6083,-0.193791,-0.89524
0,0.25,6.486,13.1018,-0.435747,-1.56488
0,0.25,6.50092,13.6193,-0.226445,-0.852281
0,0.25,6.51238,14.1065,-0.0844572,-1.00818
0,0.25,6.52455,14.5985,-0.0184726,-0.11995
0,0.25,6.53148,15.076,0.0142591,0.158739
0,0.25,6.53253,15.5577,-0.080595,1.1311
0,0.25,6.52659,16.0303,-0.124058,1.69285
0,0.25,6.51551,16.507,-0.0551411,1.83534
0,0.25,6.5027,16.9781,-0.0568089,2.19484
0,0.25,6.49279,17.4477,-0.0839114,1.76566
0,0.25,6.48526,17.9199,-0.267763,1.74873
0,0.25,6.48427,18.3816,-0.455637,1.54622
0,0.25,6.4862,18.8437,-0.487981,1.2604
0,0.25,6.49783,19.2957,-0.422347,1.26755
0,0.25,6.51691,19.7471,-0.197503,1.28486
0,0.25,6.53861,20.1934,-0.0518464,1.5079
0,0.25,6.55532,20.644,0.0202104,1.49043
0,0.25,6.56791,21.0894,0.100841,1.76801
0,0.25,6.57636,21.53,0.296849,1.85903
0,0.25,6.57717,21.9594,0.440121,1.94334
0,0.25,6.57311,22.385,0.509177,1.79977
0,0.25,6.56495,22.8114,0.510325,1.75551
0,0.25,6.53297,23.2441,0.199152,1.32167
0,0.25,6.49089,23.6711,-0.115173,1.31084
0,0.25,6.47517,24.1169,0.00141547,0.99778
0,0.25,6.40545,24.5594,-0.748012,0.539483
0,0.25,7.04046,10.9384,0.575919,-2.00028
0,0.25,6.86371,11.3497,-2.31035,-2.08995
0,0.25,7.03254,11.9158,0.591006,-1.54494
0,0.25,6.91545,12.3549,-1.77244,-1.6132
0,0.25,7.01339,12.8813,0.744383,-1.93697
0,0.25,6.96552,13.3381,-1.12856,-2.10764
0,0.25,7.01049,13.8456,0.307196,-1.94226
0,0.25,7.00599,14.3249,-0.462199,-1.8367
0,0.25,7.02096,14.8158,-0.155381,-1.42171
0,0.25,7.02008,15.2989,-0.36185,-1.02869
0,0.25,7.02018,15.7811,-0.295106,-0.203156
0,0.25,7.01485,16.2539,-0.17261,0.284329
0,0.25,7.00781,16.7227,-0.0161251,0.740762
0,0.25,7.00048,17.1767,0.0838449,0.954907
0,0.25,6.99523,17.6219,0.140948,0.601
0,0.25,6.99422,18.0602,0.0286702,0.427242
0,0.25,6.99781,18.4926,-0.104345,0.289672
0,0.25,7.00281,18.9263,-0.244384,0.00873907
0,0.25,7.01356,19.3683,-0.368337,0.0778304
0,0.25,7.02676,19.8206,-0.265196,0.259455
0,0.25,7.03632,20.2919,-0.238032,0.26282
0,0.25,7.04744,20.7808,-0.111082,0.390832
0,0.25,7.05567,21.2806,0.149279,0.258757
0,0.25,7.06913,21.7955,0.178047,1.66545e-05
0,0.25,7.07842,22.3096,0.38925,-0.154338
0,0.25,7.06517,22.8155,0.559312,-0.54323
0,0.25,7.03812,23.2995,0.169755,-0.627054
0,0.25,7.01288,23.7497,-0.0182497,-0.418121
0,0.25,6.98936,24.1817,0.307053,0.101677
0,0.25,6.95534,24.587,-0.402547,-0.00109501
1,0.25,7.5,1.5,0,0
1,0.25,8,1.5,0,0
1,0.25,1.5,1.5,0,0
1,0.25,2,1.5,0,0
1,0.25,7.5,2,0,0
1,0.25,8,2,0,0
1,0.25,1.5,2,0,0
1,0.25,2,2,0,0
1,0.25,7.5,2.5,0,0
1,0.25,8,2.5,0,0
1,0.25,1.5,2.5,0,0
1,0.25,2,2.5,0,0
1,0.25,7.5,3,0,0
1,0.25,8,3,0,0
1,0.25,1.5,3,0,0
1,0.25,2,3,0,0
1,0.25,7.5,3.5,0,0
1,0.25,8,3.5,0,0
1,0.25,1.5,3.5,0,0
1,0.25,2,3.5,0,0
1,0.25,7.5,4,0,0
1,0.25,8,4,0,0
1,0.25,1.5,4,0,0
1,0.25,2,4,0,0
1,0.25,7.5,4.5,0,0
1,0.25,8,4.5,0,0
1,0.25,1.5,4.5,0,0
1,0.25,2,4.5,0,0
1,0.25,7.5,5,0,0
1,0.25,8,5,0,0
1,0.25,1.5,5,0,0
1,0.25,2,5,0,0
1,0.25,7.5,5.5,0,0
1,0.25,8,5.5,0,0
1,0.25,1.5,5.5,0,0
1,0.25,2,5.5,0,0
1,0.25,7.5,6,0,0
1,0.25,8,6,0,0
1,0.25,1.5,6,0,0
1,0.25,2,6,0,0
1,0.25,7.5,6.5,0,0
1,0.25,8,6.5,0,0
1,0.25,1.5,6.5,0,0
1,0.25,2,6.5,0,0
1,0.25,7.5,7,0,0
1,0.25,8,7,0,0
1,0.25,1.5,7,0,0
1,0.25,2,7,0,0
1,0.25,7.5,7.5,0,0
1,0.25,8,7.5,0,0
1,0.25,1.5,7.5,0,0
1,0.25,2,7.5,0,0
1,0.25,7.5,8,0,0
1,0.25,8,8,0,0
1,0.25,1.5,8,0,0
1,0.25,2,8,0,0
1,0.25,7.5,8.5,0,0
1,0.25,8,8.5,0,0
1,0.25,1.5,8.5,0,0
1,0.25,2,8.5,0,0
1,0.25,7.5,9,0,0
1,0.25,8,9,0,0
1,0.25,1.5,9,0,0
1,0.25,2,9,0,0
1,0.25,7.5,9.5,0,0
1,0.25,8,9.5,0,0
1,0.25,1.5,9.5,0,0
1,0.25,2,9.5,0,0
1,0.25,7.5,10,0,0
1,0.25,8,10,0,0
1,0.25,1.5,10,0,0
1,0.25,2,10,0,0
1,0.25,7.5,10.5,0,0
1,0.25,8,10.5,0,0
1,0.25,1.5,10.5,0,0
1,0.25,2,10.5,0,0
1,0.25,7.5,11,0,0
1,0.25,8,11,0,0
1,0.25,1.5,11,0,0
1,0.25,2,11,0,0
1,0.25,7.5,11.5,0,0
1,0.25,8,11.5,0,0
1,0.25,1.5,11.5,0,0
1,0.25,2,11.5,0,0
1,0.25,7.5,12,0,0
1,0.25,8,12,0,0
1,0.25,1.5,12,0,0
1,0.25,2,12,0,0
1,0.25,7.5,12.5,0,0
1,0.25,8,12.5,0,0
1,0.25,1.5,12.5,0,0
1,0.25,2,12.5,0,0
1,0.25,7.5,13,0,0
1,0.25,8,13,0,0
1,0.25,1.5,13,0,0
1,0.25,2,13,0,0
1,0.25,7.5,13.5,0,0
1,0.25,8,13.5,0,0
1,0.25,1.5,13.5,0,0
1,0.25,2,13.5,0,0
1,0.25,7.5,14,0,0
1,0.25,8,14,0,0
1,0.25,1.5,14,0,0
1,0.25,2,14,0,0
1,0.25,7.5,14.5,0,0
1,0.25,8,14.5,0,0
1,0.25,1.5,14.5,0,0
1,0.25,2,14.5,0,0
1,0.25,7.5,15,0,0
1,0.25,8,15,0,0
1,0.25,1.5,15,0,0
1,0.25,2,15,0,0
1,0.25,7.5,15.5,0,0
1,0.25,8,15.5,0,0
1,0.25,1.5,15.5,0,0
1,0.25,2,15.5,0,0
1,0.25,7.5,16,0,0
1,0.25,8,16,0,0
1,0.25,1.5,16,0,0
1,0.25,2,16,0,0
1,0.25,7.5,16.5,0,0
1,0.25,8,16.5,0,0
1,0.25,1.5,16.5,0,0
1,0.25,2,16.5,0,0
1,0.25,7.5,17,0,0
1,0.25,8,17,0,0
1,0.25,1.5,17,0,0
1,0.25,2,17,0,0
1,0.25,7.5,17.5,0,0
1,0.25,8,17.5,0,0
1,0.25,1.5,17.5,0,0
1,0.25,2,17.5,0,0
1,0.25,7.5,18,0,0
1,0.25,8,18,0,0
1,0.25,1.5,18,0,0
1,0.25,2,18,0,0
1,0.25,7.5,18.5,0,0
1,0.25,8,18.5,0,0
1,0.25,1.5,18.5,0,0
1,0.25,2,18.5,0,0
1,0.25,7.5,19,0,0
1,0.25,8,19,0,0
1,0.25,1.5,19,0,0
1,0.25,2,19,0,0
1,0.25,7.5,19.5,0,0
1,0.25,8,19.5,0,0
1,0.25,1.5,19.5,0,0
1,0.25,2,19.5,0,0
1,0.25,7.5,20,0,0
1,0.25,8,20,0,0
1,0.25,1.5,20,0,0
1,0.25,2,20,0,0
1,0.25,7.5,20.5,0,0
1,0.25,8,20.5,0,0
1,0.25,1.5,20.5,0,0
1,0.25,2,20.5,0,0
1,0.25,7.5,21,0,0
1,0.25,8,21,0,0
1,0.25,1.5,21,0,0
1,0.25,2,21,0,0
1,0.25,7.5,21.5,0,0
1,0.25,8,21.5,0,0
1,0.25,1.5,21.5,0,0
1,0.25,2,21.5,0,0
1,0.25,7.5,22,0,0
1,0.25,8,22,0,0
1,0.25,1.5,22,0,0
1,0.25,2,22,0,0
1,0.25,7.5,22.5,0,0
1,0.25,8,22.5,0,0
1,0.25,1.5,22.5,0,0
1,0.25,2,22.5,0,0
1,0.25,7.5,23,0,0
1,0.25,8,23,0,0
1,0.25,1.5,23,0,0
1,0.25,2,23,0,0
1,0.25,7.5,23.5,0,0
1,0.25,8,23.5,0,0
1,0.25,1.5,23.5,0,0
1,0.25,2,23.5,0,0
1,0.25,7.5,24,0,0
1,0.25,8,24,0,0
1,0.25,1.5,24,0,0
1,0.25,2,24,0,0
1,0.25,7.5,24.5,0,0
1,0.25,8,24.5,0,0
1,0.25,1.5,24.5,0,0
1,0.25,2,24.5,0,0
1,0.25,7.5,25,0,0
1,0.25,8,25,0,0
1,0.25,1.5,25,0,0
1,0.25,2,25,0,0
1,0.25,7.5,25.5,0,0
1,0.25,8,25.5,0,0
1,0.25,1.5,25.5,0,0
1,0.25,2,25.5,0,0
1,0.25,2.5,1.5,0,0
1,0.25,2.5,2,0,0
1,0.25,2.5,25,0,0
1,0.25,2.5,25.5,0,0
1,0.25,3,1.5,0,0
1,0.25,3,2,0,0
1,0.25,3,25,0,0
1,0.25,3,25.5,0,0
1,0.25,3.5,1.5,0,0
1,0.25,3.5,2,0,0
1,0.25,3.5,25,0,0
1,0.25,3.5,25.5,0,0
1,0.25,4,1.5,0,0
1,0.25,4,2,0,0
1,0.25,4,25,0,0
1,0.25,4,25.5,0,0
1,0.25,4.5,1.5,0,0
1,0.25,4.5,2,0,0
1,0.25,4.5,25,0,0
1,0.25,4.5,25.5,0,0
1,0.25,5,1.5,0,0
1,0.25,5,2,0,0
1,0.25,5,25,0,0
1,0.25,5,25.5,0,0
1,0.25,5.5,1.5,0,0
1,0.25,5.5,2,0,0
1,0.25,5.5,25,0,0
1,0.25,5.5,25.5,0,0
1,0.25,6,1.5,0,0
1,0.25,6,2,0,0
1,0.25,6,25,0,0
1,0.25,6,25.5,0,0
1,0.25,6.5,1.5,0,0
1,0.25,6.5,2,0,0
1,0.25,6.5,25,0,0
1,0.25,6.5,25.5,0,0
1,0.25,7,1.5,0,0
1,0.25,7,2,0,0
1,0.25,7,25,0,0
1,0.25,7,25.5,0,0
