536 2 0.5 3500 0.2 2 0 2e-06 0 9.81 10 35
0,0.25,2.47174,10.9807,-0.645631,-2.21746
0,0.25,2.58899,11.3936,2.42131,-2.30703
0,0.25,2.47998,11.9488,-0.656158,-1.73684
0,0.25,2.54752,12.3888,1.95933,-1.74399
0,0.25,2.49823,12.912,-0.344096,-0.966007
0,0.25,2.51383,13.3724,0.866192,-1.19696
0,0.25,2.49271,13.8688,-0.0511668,-0.409706
0,0.25,2.48778,14.3458,0.157849,-0.314762
0,0.25,2.47868,14.8313,-0.0908277,-0.0960433
0,0.25,2.47668,15.3096,-0.0165858,0.0335333
0,0.25,2.4777,15.7819,-0.0723089,0.132786
0,0.25,2.48365,16.2484,-0.0373233,0.313216
0,0.25,2.49157,16.7053,0.00330293,0.80185
0,0.25,2.50005,17.1566,0.0212466,0.883201
0,0.25,2.50634,17.6046,0.0160389,1.05651
0,0.25,2.50716,18.0465,-0.060878,0.871506
0,0.25,2.50322,18.487,-0.152857,0.368932
0,0.25,2.49517,18.9279,-0.0493339,0.00581003
0,0.25,2.48168,19.3706,0.0390769,-0.233084
0,0.25,2.46843,19.8235,0.148986,-0.512112
0,0.25,2.45658,20.2939,0.373258,-0.42393
0,0.25,2.44723,20.7771,0.355107,-0.125786
0,0.25,2.44139,21.2787,0.413351,-0.139374
0,0.25,2.43193,21.7925,0.112957,0.19638
0,0.25,2.43222,22.3091,-0.451252,0.107182
0,0.25,2.44623,22.821,-0.394958,0.0240591
0,0.25,2.46401,23.3054,-0.0623605,0.158253
0,0.25,2.48463,23.7546,0.0903834,-0.0122841
0,0.25,2.51142,24.1819,0.0751829,-0.099333
0,0.25,2.53308,24.5912,0.635861,-0.352745
0,0.25,3.07329,11.0597,1.81365,-4.1554
0,0.25,3.01572,11.5996,0.69881,-1.29278
0,0.25,3.02979,12.1093,0.945789,-2.02125
0,0.25,3.01042,12.6232,0.328677,-0.521579
0,0.25,3.00608,13.123,0.331847,-0.457244
0,0.25,2.99351,13.6223,0.252034,0.576885
0,0.25,2.9851,14.1079,0.137182,0.831359
0,0.25,2.97594,14.5872,-0.0370485,1.2391
0,0.25,2.97185,15.0617,-0.223756,1.37088
0,0.25,2.97037,15.5287,-0.309826,1.70737
0,0.25,2.97501,15.9963,-0.30146,1.70301
0,0.25,2.98439,16.4651,-0.112201,2.22287
0,0.25,2.99542,16.9318,0.0786399,2.21443
0,0.25,3.00561,17.4081,0.128508,2.20537
0,0.25,3.01147,17.8777,0.139571,2.33768
0,0.25,3.01092,18.3487,0.0478519,1.7601
0,0.25,3.0064,18.814,0.169342,1.77851
0,0.25,2.99378,19.2703,0.269491,1.34508
0,0.25,2.97726,19.7232,0.277055,1.17771
0,0.25,2.9576,20.1684,0.258714,1.04984
0,0.25,2.94199,20.6147,0.220324,1.37474
0,0.25,2.9305,21.0547,0.176207,1.5663
0,0.25,2.92442,21.4926,0.149467,1.82848
0,0.25,2.92588,21.9225,0.130146,1.74908
0,0.25,2.93085,22.3496,0.157314,1.69428
0,0.25,2.94004,22.7786,0.0645403,1.47625
0,0.25,2.96893,23.2177,0.0563553,1.32271
0,0.25,3.00569,23.6482,0.223394,0.966356
0,0.25,3.02402,24.1007,0.0624068,0.666871
0,0.25,3.07885,24.5527,0.800174,0.127741
0,0.25,3.50558,11.0909,0.218249,-3.59498
0,0.25,3.50699,11.5916,0.483106,-2.01307
0,0.25,3.51309,12.1186,0.435262,-2.05392
0,0.25,3.50061,12.6069,0.212775,-1.13245
0,0.25,3.50398,13.1138,0.436153,-0.492222
0,0.25,3.49412,13.598,0.0440405,-0.0885414
0,0.25,3.48954,14.0821,0.0183501,0.364179
0,0.25,3.48193,14.551,-0.184822,0.359183
0,0.25,3.4778,15.0162,-0.273682,0.383827
0,0.25,3.47557,15.4708,-0.288012,0.53753
0,0.25,3.47825,15.9262,-0.176992,0.436684
0,0.25,3.48345,16.3831,-0.0519363,0.775479
0,0.25,3.49082,16.8396,0.0280124,0.764303
0,0.25,3.49605,17.3038,0.0510128,0.621571
0,0.25,3.49941,17.7657,-0.0294226,0.912898
0,0.25,3.49988,18.2315,-0.00219124,0.718713
0,0.25,3.4968,18.6991,0.133345,1.00361
0,0.25,3.49153,19.1641,0.198708,0.867221
0,0.25,3.48214,19.6249,0.363179,0.775342
0,0.25,3.47113,20.0754,0.333005,0.421893
0,0.25,3.46194,20.5197,0.320834,0.531063
0,0.25,3.46024,20.9548,0.243647,0.39452
0,0.25,3.4615,21.3899,0.215443,0.220568
0,0.25,3.46114,21.8209,0.126462,0.0478154
0,0.25,3.46646,22.2533,0.109762,-0.111591
0,0.25,3.4604,22.6865,-0.0404462,-0.229536
0,0.25,3.48227,23.1306,0.257817,-0.344619
0,0.25,3.51137,23.5747,0.366875,-0.39795
0,0.25,3.50335,24.0441,0.423221,-0.481855
0,0.25,3.55791,24.5256,0.94857,-0.138145
0,0.25,4.00115,11.101,0.0898021,-3.12082
0,0.25,4.00885,11.5923,0.409677,-1.97051
0,0.25,4.01005,12.113,0.372346,-2.25472
0,0.25,4.00389,12.6032,0.231088,-1.13083
0,0.25,4.00274,13.1094,0.175288,-0.733215
0,0.25,3.99569,13.5912,0.0489482,-0.22742
0,0.25,3.99391,14.0786,0.077638,0.389029
0,0.25,3.99083,14.5491,0.0437517,0.395904
0,0.25,3.98964,15.0199,-0.0689219,0.505567
0,0.25,3.99014,15.48,-0.133381,0.892761
0,0.25,3.99044,15.9405,-0.122654,0.817608
0,0.25,3.99228,16.4038,-0.195018,1.26848
0,0.25,3.99578,16.8622,-0.00425692,1.37327
0,0.25,3.99682,17.3267,0.0420955,1.04575
0,0.25,4.00036,17.7875,0.0493056,1.36094
0,0.25,3.99957,18.2466,0.168598,1.14378
0,0.25,3.99843,18.707,0.0945886,1.1721
0,0.25,3.99499,19.1637,0.139317,1.09396
0,0.25,3.98951,19.6151,0.145216,0.947642
0,0.25,3.98251,20.0626,0.159542,0.619726
0,0.25,3.97767,20.5086,0.150867,0.916205
0,0.25,3.97597,20.9516,0.314594,0.868895
0,0.25,3.97714,21.4016,0.372144,0.778057
0,0.25,3.97711,21.847,0.324867,0.681133
0,0.25,3.98624,22.2939,0.342306,0.534834
0,0.25,3.97585,22.7336,-0.0741548,0.398598
0,0.25,3.99772,23.1771,0.223215,0.248849
0,0.25,4.00736,23.6254,0.0614923,0.299285
0,0.25,3.98197,24.0791,0.111358,0.242242
0,0.25,4.0341,24.543,0.599867,0.39459
0,0.25,4.49966,11.1037,-0.0128763,-3.04507
0,0.25,4.49812,11.5953,-0.0660779,-1.89543
0,0.25,4.49951,12.1121,-0.0078957,-2.28097
0,0.25,4.50051,12.6021,0.00614855,-1.17907
0,0.25,4.4997,13.105,0.0195167,-0.738849
0,0.25,4.49869,13.5895,0.068725,-0.215345
0,0.25,4.49882,14.077,0.016231,0.318172
0,0.25,4.49683,14.5457,-0.0751619,0.259192
0,0.25,4.49526,15.0178,-0.155794,0.334541
0,0.25,4.49464,15.4774,-0.0917941,0.919273
0,0.25,4.49444,15.9368,0.00783218,0.709821
0,0.25,4.49653,16.4033,0.0551679,1.2435
0,0.25,4.4988,16.8592,0.139737,1.4494
0,0.25,4.50009,17.3254,0.0404441,0.800879
0,0.25,4.50157,17.7877,-0.0735376,1.47008
0,0.25,4.50033,18.2456,-0.0681649,1.19013
0,0.25,4.49921,18.7135,-0.0880333,1.40625
0,0.25,4.4979,19.1715,0.116456,1.53763
0,0.25,4.49644,19.6308,0.18376,1.24545
0,0.25,4.49583,20.079,0.237335,0.923138
0,0.25,4.49354,20.5282,0.0823598,0.906045
0,0.25,4.4922,20.9666,-0.0511102,0.986644
0,0.25,4.49156,21.4115,-0.0395301,0.715594
0,0.25,4.48778,21.8483,0.0117874,0.677051
0,0.25,4.494,22.292,0.0761048,0.485856
0,0.25,4.49227,22.7317,0.0587234,0.501845
0,0.25,4.50144,23.1759,0.188008,0.123598
0,0.25,4.50539,23.6357,-0.0825153,0.341256
0,0.25,4.4891,24.0784,-0.00133487,-0.125266
0,0.25,4.5147,24.532,0.346077,0.246976
0,0.25,5.00034,11.1037,0.0128763,-3.04507
0,0.25,5.00188,11.5953,0.0660779,-1.89543
0,0.25,5.00049,12.1121,0.0078957,-2.28097
0,0.25,4.99949,12.6021,-0.00614855,-1.17907
0,0.25,5.0003,13.105,-0.0195167,-0.738849
0,0.25,5.00131,13.5895,-0.068725,-0.215345
0,0.25,5.00118,14.077,-0.016231,0.318172
0,0.25,5.00317,14.5457,0.0751619,0.259192
0,0.25,5.00474,15.0178,0.155794,0.334541
0,0.25,5.00536,15.4774,0.0917941,0.919273
0,0.25,5.00556,15.9368,-0.00783218,0.709821
0,0.25,5.00347,16.4033,-0.0551679,1.2435
0,0.25,5.0012,16.8592,-0.139737,1.4494
0,0.25,4.99991,17.3254,-0.0404441,0.800879
0,0.25,4.99843,17.7877,0.0735376,1.47008
0,0.25,4.99967,18.2456,0.0681649,1.19013
0,0.25,5.00079,18.7135,0.0880333,1.40625
0,0.25,5.0021,19.1715,-0.116456,1.53763
0,0.25,5.00356,19.6308,-0.18376,1.24545
0,0.25,5.00417,20.079,-0.237335,0.923138
0,0.25,5.00646,20.5282,-0.0823598,0.906045
0,0.25,5.0078,20.9666,0.0511102,0.986644
0,0.25,5.00844,21.4115,0.0395301,0.715594
0,0.25,5.01222,21.8483,-0.0117874,0.677051
0,0.25,5.006,22.292,-0.0761048,0.485856
0,0.25,5.00773,22.7317,-0.0587234,0.501845
0,0.25,4.99856,23.1759,-0.188008,0.123598
0,0.25,4.99461,23.6357,0.0825153,0.341256
0,0.25,5.0109,24.0784,0.00133487,-0.125266
0,0.25,4.9853,24.532,-0.346077,0.246976
0,0.25,5.49885,11.101,-0.0898021,-3.12082
0,0.25,5.49115,11.5923,-0.409677,-1.97051
0,0.25,5.48995,12.113,-0.372346,-2.25472
0,0.25,5.49611,12.6032,-0.231088,-1.13083
0,0.25,5.49726,13.1094,-0.175288,-0.733215
0,0.25,5.50431,13.5912,-0.0489482,-0.22742
0,0.25,5.50609,14.0786,-0.077638,0.389029
0,0.25,5.50917,14.5491,-0.0437517,0.395904
0,0.25,5.51036,15.0199,0.0689219,0.505567
0,0.25,5.50986,15.48,0.133381,0.892761
0,0.25,5.50956,15.9405,0.122654,0.817608
0,0.25,5.50772,16.4038,0.195018,1.26848
0,0.25,5.50422,16.8622,0.00425692,1.37327
0,0.25,5.50318,17.3267,-0.0420955,1.04575
0,0.25,5.49964,17.7875,-0.0493056,1.36094
0,0.25,5.50043,18.2466,-0.168598,1.14378
0,0.25,5.50157,18.707,-0.0945886,1.1721
0,0.25,5.50501,19.1637,-0.139317,1.09396
0,0.25,5.51049,19.6151,-0.145216,0.947642
0,0.25,5.51749,20.0626,-0.159542,0.619726
0,0.25,5.52233,20.5086,-0.150867,0.916205
0,0.25,5.52403,20.9516,-0.314594,0.868895
0,0.25,5.52286,21.4016,-0.372144,0.778057
0,0.25,5.52289,21.847,-0.324867,0.681133
0,0.25,5.51376,22.2939,-0.342306,0.534834
0,0.25,5.52415,22.7336,0.0741548,0.398598
0,0.25,5.50228,23.1771,-0.223215,0.248849
0,0.25,5.49264,23.6254,-0.0614923,0.299285
0,0.25,5.51803,24.0791,-0.111358,0.242242
0,0.25,5.4659,24.543,-0.599867,0.39459
0,0.25,5.99442,11.0909,-0.218249,-3.59498
0,0.25,5.99301,11.5916,-0.483106,-2.01307
0,0.25,5.98691,12.1186,-0.435262,-2.05392
0,0.25,5.99939,12.6069,-0.212775,-1.13245
0,0.25,5.99602,13.1138,-0.436153,-0.492222
0,0.25,6.00588,13.598,-0.0440405,-0.0885414
0,0.25,6.01046,14.0821,-0.0183501,0.364179
0,0.25,6.01807,14.551,0.184822,0.359183
0,0.25,6.0222,15.0162,0.273682,0.383827
0,0.25,6.02443,15.4708,0.288012,0.53753
0,0.25,6.02175,15.9262,0.176992,0.436684
0,0.25,6.01655,16.3831,0.0519363,0.775479
0,0.25,6.00918,16.8396,-0.0280124,0.764303
0,0.25,6.00395,17.3038,-0.0510128,0.621571
0,0.25,6.00059,17.7657,0.0294226,0.912898
0,0.25,6.00012,18.2315,0.00219124,0.718713
0,0.25,6.0032,18.6991,-0.133345,1.00361
0,0.25,6.00847,19.1641,-0.198708,0.867221
0,0.25,6.01786,19.6249,-0.363179,0.775342
0,0.25,6.02887,20.0754,-0.333005,0.421893
0,0.25,6.03806,20.5197,-0.320834,0.531063
0,0.25,6.03976,20.9548,-0.243647,0.39452
0,0.25,6.0385,21.3899,-0.215443,0.220568
0,0.25,6.03886,21.8209,-0.126462,0.0478154
0,0.25,6.03354,22.2533,-0.109762,-0.111591
0,0.25,6.0396,22.6865,0.0404462,-0.229536
0,0.25,6.01773,23.1306,-0.257817,-0.344619
0,0.25,5.98863,23.5747,-0.366875,-0.39795
0,0.25,5.99665,24.0441,-0.423221,-0.481855
0,0.25,5.94209,24.5256,-0.94857,-0.138145
0,0.25,6.42671,11.0597,-1.81365,-4.1554
0,0.25,6.48428,11.5996,-0.69881,-1.29278
0,0.25,6.47021,12.1093,-0.945789,-2.02125
0,0.25,6.48958,12.6232,-0.328677,-0.521579
0,0.25,6.49392,13.123,-0.331847,-0.457244
0,0.25,6.50649,13.6223,-0.252034,0.576885
0,0.25,6.5149,14.1079,-0.137182,0.831359
0,0.25,6.52406,14.5872,0.0370485,1.2391
0,0.25,6.52815,15.0617,0.223756,1.37088
0,0.25,6.52963,15.5287,0.309826,1.70737
0,0.25,6.52499,15.9963,0.30146,1.70301
0,0.25,6.51561,16.4651,0.112201,2.22287
0,0.25,6.50458,16.9318,-0.0786399,2.21443
0,0.25,6.49439,17.4081,-0.128508,2.20537
0,0.25,6.48853,17.8777,-0.139571,2.33768
0,0.25,6.48908,18.3487,-0.0478519,1.7601
0,0.25,6.4936,18.814,-0.169342,1.77851
0,0.25,6.50622,19.2703,-0.269491,1.34508
0,0.25,6.52274,19.7232,-0.277055,1.17771
0,0.25,6.5424,20.1684,-0.258714,1.04984
0,0.25,6.55801,20.6147,-0.220324,1.37474
0,0.25,6.5695,21.0547,-0.176207,1.5663
0,0.25,6.57558,21.4926,-0.149467,1.82848
0,0.25,6.57412,21.9225,-0.130146,1.74908
0,0.25,6.56915,22.3496,-0.157314,1.69428
0,0.25,6.55996,22.7786,-0.0645403,1.47625
0,0.25,6.53107,23.2177,-0.0563553,1.32271
0,0.25,6.49431,23.6482,-0.223394,0.966356
0,0.25,6.47598,24.1007,-0.0624068,0.666871
0,0.25,6.42115,24.5527,-0.800174,0.127741
0,0.25,7.02826,10.9807,0.645631,-2.21746
0,0.25,6.91101,11.3936,-2.42131,-2.30703
0,0.25,7.02002,11.9488,0.656158,-1.73684
0,0.25,6.95248,12.3888,-1.95933,-1.74399
0,0.25,7.00177,12.912,0.344096,-0.966007
0,0.25,6.98617,13.3724,-0.866192,-1.19696
0,0.25,7.00729,13.8688,0.0511668,-0.409706
0,0.25,7.01222,14.3458,-0.157849,-0.314762
0,0.25,7.02132,14.8313,0.0908277,-0.0960433
0,0.25,7.02332,15.3096,0.0165858,0.0335333
0,0.25,7.0223,15.7819,0.0723089,0.132786
0,0.25,7.01635,16.2484,0.0373233,0.313216
0,0.25,7.00843,16.7053,-0.00330293,0.80185
0,0.25,6.99995,17.1566,-0.0212466,0.883201
0,0.25,6.99366,17.6046,-0.0160389,1.05651
0,0.25,6.99284,18.0465,0.060878,0.871506
0,0.25,6.99678,18.487,0.152857,0.368932
0,0.25,7.00483,18.9279,0.0493339,0.00581003
0,0.25,7.01832,19.3706,-0.0390769,-0.233084
0,0.25,7.03157,19.8235,-0.148986,-0.512112
0,0.25,7.04342,20.2939,-0.373258,-0.42393
0,0.25,7.05277,20.7771,-0.355107,-0.125786
0,0.25,7.05861,21.2787,-0.413351,-0.139374
0,0.25,7.06807,21.7925,-0.112957,0.19638
0,0.25,7.06778,22.3091,0.451252,0.107182
0,0.25,7.05377,22.821,0.394958,0.0240591
0,0.25,7.03599,23.3054,0.0623605,0.158253
0,0.25,7.01537,23.7546,-0.0903834,-0.0122841
0,0.25,6.98858,24.1819,-0.0751829,-0.099333
0,0.25,6.96692,24.5912,-0.635861,-0.352745
1,0.25,7.5,1.5,0,0
1,0.25,8,1.5,0,0
1,0.25,1.5,1.5,0,0
1,0.25,2,1.5,0,0
1,0.25,7.5,2,0,0
1,0.25,8,2,0,0
1,0.25,1.5,2,0,0
1,0.25,2,2,0,0
1,0.25,7.5,2.5,0,0
1,0.25,8,2.5,0,0
1,0.25,1.5,2.5,0,0
1,0.25,2,2.5,0,0
1,0.25,7.5,3,0,0
1,0.25,8,3,0,0
1,0.25,1.5,3,0,0
1,0.25,2,3,0,0
1,0.25,7.5,3.5,0,0
1,0.25,8,3.5,0,0
1,0.25,1.5,3.5,0,0
1,0.25,2,3.5,0,0
1,0.25,7.5,4,0,0
1,0.25,8,4,0,0
1,0.25,1.5,4,0,0
1,0.25,2,4,0,0
1,0.25,7.5,4.5,0,0
1,0.25,8,4.5,0,0
1,0.25,1.5,4.5,0,0
1,0.25,2,4.5,0,0
1,0.25,7.5,5,0,0
1,0.25,8,5,0,0
1,0.25,1.5,5,0,0
1,0.25,2,5,0,0
1,0.25,7.5,5.5,0,0
1,0.25,8,5.5,0,0
1,0.25,1.5,5.5,0,0
1,0.25,2,5.5,0,0
1,0.25,7.5,6,0,0
1,0.25,8,6,0,0
1,0.25,1.5,6,0,0
1,0.25,2,6,0,0
1,0.25,7.5,6.5,0,0
1,0.25,8,6.5,0,0
1,0.25,1.5,6.5,0,0
1,0.25,2,6.5,0,0
1,0.25,7.5,7,0,0
1,0.25,8,7,0,0
1,0.25,1.5,7,0,0
1,0.25,2,7,0,0
1,0.25,7.5,7.5,0,0
1,0.25,8,7.5,0,0
1,0.25,1.5,7.5,0,0
1,0.25,2,7.5,0,0
1,0.25,7.5,8,0,0
1,0.25,8,8,0,0
1,0.25,1.5,8,0,0
1,0.25,2,8,0,0
1,0.25,7.5,8.5,0,0
1,0.25,8,8.5,0,0
1,0.25,1.5,8.5,0,0
1,0.25,2,8.5,0,0
1,0.25,7.5,9,0,0
1,0.25,8,9,0,0
1,0.25,1.5,9,0,0
1,0.25,2,9,0,0
1,0.25,7.5,9.5,0,0
1,0.25,8,9.5,0,0
1,0.25,1.5,9.5,0,0
1,0.25,2,9.5,0,0
1,0.25,7.5,10,0,0
1,0.25,8,10,0,0
1,0.25,1.5,10,0,0
1,0.25,2,10,0,0
1,0.25,7.5,10.5,0,0
1,0.25,8,10.5,0,0
1,0.25,1.5,10.5,0,0
1,0.25,2,10.5,0,0
1,0.25,7.5,11,0,0
1,0.25,8,11,0,0
1,0.25,1.5,11,0,0
1,0.25,2,11,0,0
1,0.25,7.5,11.5,0,0
1,0.25,8,11.5,0,0
1,0.25,1.5,11.5,0,0
1,0.25,2,11.5,0,0
1,0.25,7.5,12,0,0
1,0.25,8,12,0,0
1,0.25,1.5,12,0,0
1,0.25,2,12,0,0
1,0.25,7.5,12.5,0,0
1,0.25,8,12.5,0,0
1,0.25,1.5,12.5,0,0
1,0.25,2,12.5,0,0
1,0.25,7.5,13,0,0
1,0.25,8,13,0,0
1,0.25,1.5,13,0,0
1,0.25,2,13,0,0
1,0.25,7.5,13.5,0,0
1,0.25,8,13.5,0,0
1,0.25,1.5,13.5,0,0
1,0.25,2,13.5,0,0
1,0.25,7.5,14,0,0
1,0.25,8,14,0,0
1,0.25,1.5,14,0,0
1,0.25,2,14,0,0
1,0.25,7.5,14.5,0,0
1,0.25,8,14.5,0,0
1,0.25,1.5,14.5,0,0
1,0.25,2,14.5,0,0
1,0.25,7.5,15,0,0
1,0.25,8,15,0,0
1,0.25,1.5,15,0,0
1,0.25,2,15,0,0
1,0.25,7.5,15.5,0,0
1,0.25,8,15.5,0,0
1,0.25,1.5,15.5,0,0
1,0.25,2,15.5,0,0
1,0.25,7.5,16,0,0
1,0.25,8,16,0,0
1,0.25,1.5,16,0,0
1,0.25,2,16,0,0
1,0.25,7.5,16.5,0,0
1,0.25,8,16.5,0,0
1,0.25,1.5,16.5,0,0
1,0.25,2,16.5,0,0
1,0.25,7.5,17,0,0
1,0.25,8,17,0,0
1,0.25,1.5,17,0,0
1,0.25,2,17,0,0
1,0.25,7.5,17.5,0,0
1,0.25,8,17.5,0,0
1,0.25,1.5,17.5,0,0
1,0.25,2,17.5,0,0
1,0.25,7.5,18,0,0
1,0.25,8,18,0,0
1,0.25,1.5,18,0,0
1,0.25,2,18,0,0
1,0.25,7.5,18.5,0,0
1,0.25,8,18.5,0,0
1,0.25,1.5,18.5,0,0
1,0.25,2,18.5,0,0
1,0.25,7.5,19,0,0
1,0.25,8,19,0,0
1,0.25,1.5,19,0,0
1,0.25,2,19,0,0
1,0.25,7.5,19.5,0,0
1,0.25,8,19.5,0,0
1,0.25,1.5,19.5,0,0
1,0.25,2,19.5,0,0
1,0.25,7.5,20,0,0
1,0.25,8,20,0,0
1,0.25,1.5,20,0,0
1,0.25,2,20,0,0
1,0.25,7.5,20.5,0,0
1,0.25,8,20.5,0,0
1,0.25,1.5,20.5,0,0
1,0.25,2,20.5,0,0
1,0.25,7.5,21,0,0
1,0.25,8,21,0,0
1,0.25,1.5,21,0,0
1,0.25,2,21,0,0
1,0.25,7.5,21.5,0,0
1,0.25,8,21.5,0,0
1,0.25,1.5,21.5,0,0
1,0.25,2,21.5,0,0
1,0.25,7.5,22,0,0
1,0.25,8,22,0,0
1,0.25,1.5,22,0,0
1,0.25,2,22,0,0
1,0.25,7.5,22.5,0,0
1,0.25,8,22.5,0,0
1,0.25,1.5,22.5,0,0
1,0.25,2,22.5,0,0
1,0.25,7.5,23,0,0
1,0.25,8,23,0,0
1,0.25,1.5,23,0,0
1,0.25,2,23,0,0
1,0.25,7.5,23.5,0,0
1,0.25,8,23.5,0,0
1,0.25,1.5,23.5,0,0
1,0.25,2,23.5,0,0
1,0.25,7.5,24,0,0
1,0.25,8,24,0,0
1,0.25,1.5,24,0,0
1,0.25,2,24,0,0
1,0.25,7.5,24.5,0,0
1,0.25,8,24.5,0,0
1,0.25,1.5,24.5,0,0
1,0.25,2,24.5,0,0
1,0.25,7.5,25,0,0
1,0.25,8,25,0,0
1,0.25,1.5,25,0,0
1,0.25,2,25,0,0
1,0.25,7.5,25.5,0,0
1,0.25,8,25.5,0,0
1,0.25,1.5,25.5,0,0
1,0.25,2,25.5,0,0
1,0.25,2.5,1.5,0,0
1,0.25,2.5,2,0,0
1,0.25,2.5,25,0,0
1,0.25,2.5,25.5,0,0
1,0.25,3,1.5,0,0
1,0.25,3,2,0,0
1,0.25,3,25,0,0
1,0.25,3,25.5,0,0
1,0.25,3.5,1.5,0,0
1,0.25,3.5,2,0,0
1,0.25,3.5,25,0,0
1,0.25,3.5,25.5,0,0
1,0.25,4,1.5,0,0
1,0.25,4,2,0,0
1,0.25,4,25,0,0
1,0.25,4,25.5,0,0
1,0.25,4.5,1.5,0,0
1,0.25,4.5,2,0,0
1,0.25,4.5,25,0,0
1,0.25,4.5,25.5,0,0
1,0.25,5,1.5,0,0
1,0.25,5,2,0,0
1,0.25,5,25,0,0
1,0.25,5,25.5,0,0
1,0.25,5.5,1.5,0,0
1,0.25,5.5,2,0,0
1,0.25,5.5,25,0,0
1,0.25,5.5,25.5,0,0
1,0.25,6,1.5,0,0
1,0.25,6,2,0,0
1,0.25,6,25,0,0
1,0.25,6,25.5,0,0
1,0.25,6.5,1.5,0,0
1,0.25,6.5,2,0,0
1,0.25,6.5,25,0,0
1,0.25,6.5,25.5,0,0
1,0.25,7,1.5,0,0
1,0.25,7,2,0,0
1,0.25,7,25,0,0
1,0.25,7,25.5,0,0
