536 2 0.5 3500 0.2 2 0 1e-05 0 9.81 35 35
0,0.25,2.5,9.86826,0,2.68794
0,0.25,2.5,10.3683,0,2.68794
0,0.25,2.5,10.8683,0,2.68794
0,0.25,2.5,11.3683,0,2.68794
0,0.25,2.5,11.8683,0,2.68794
0,0.25,2.5,12.3683,0,2.68794
0,0.25,2.5,12.8683,0,2.68794
0,0.25,2.5,13.3683,0,2.68794
0,0.25,2.5,13.8683,0,2.68794
0,0.25,2.5,14.3683,0,2.68794
0,0.25,2.5,14.8683,0,2.68794
0,0.25,2.5,15.3683,0,2.68794
0,0.25,2.5,15.8683,0,2.68794
0,0.25,2.5,16.3683,0,2.68794
0,0.25,2.5,16.8683,0,2.68794
0,0.25,2.5,17.3683,0,2.68794
0,0.25,2.5,17.8683,0,2.68794
0,0.25,2.5,18.3683,0,2.68794
0,0.25,2.5,18.8683,0,2.68794
0,0.25,2.5,19.3683,0,2.68794
0,0.25,2.5,19.8683,0,2.68794
0,0.25,2.5,20.3683,0,2.68794
0,0.25,2.5,20.8683,0,2.68794
0,0.25,2.5,21.3683,0,2.68794
0,0.25,2.5,21.8683,0,2.68794
0,0.25,2.5,22.3683,0,2.68794
0,0.25,2.5,22.8683,0,2.68794
0,0.25,2.5,23.3683,0,2.68794
0,0.25,2.5,23.8683,0,2.68794
0,0.25,2.5,24.3683,0,2.68794
0,0.25,3,9.86826,0,2.68794
0,0.25,3,10.3683,0,2.68794
0,0.25,3,10.8683,0,2.68794
0,0.25,3,11.3683,0,2.68794
0,0.25,3,11.8683,0,2.68794
0,0.25,3,12.3683,0,2.68794
0,0.25,3,12.8683,0,2.68794
0,0.25,3,13.3683,0,2.68794
0,0.25,3,13.8683,0,2.68794
0,0.25,3,14.3683,0,2.68794
0,0.25,3,14.8683,0,2.68794
0,0.25,3,15.3683,0,2.68794
0,0.25,3,15.8683,0,2.68794
0,0.25,3,16.3683,0,2.68794
0,0.25,3,16.8683,0,2.68794
0,0.25,3,17.3683,0,2.68794
0,0.25,3,17.8683,0,2.68794
0,0.25,3,18.3683,0,2.68794
0,0.25,3,18.8683,0,2.68794
0,0.25,3,19.3683,0,2.68794
0,0.25,3,19.8683,0,2.68794
0,0.25,3,20.3683,0,2.68794
0,0.25,3,20.8683,0,2.68794
0,0.25,3,21.3683,0,2.68794
0,0.25,3,21.8683,0,2.68794
0,0.25,3,22.3683,0,2.68794
0,0.25,3,22.8683,0,2.68794
0,0.25,3,23.3683,0,2.68794
0,0.25,3,23.8683,0,2.68794
0,0.25,3,24.3683,0,2.68794
0,0.25,3.5,9.86826,0,2.68794
0,0.25,3.5,10.3683,0,2.68794
0,0.25,3.5,10.8683,0,2.68794
0,0.25,3.5,11.3683,0,2.68794
0,0.25,3.5,11.8683,0,2.68794
0,0.25,3.5,12.3683,0,2.68794
0,0.25,3.5,12.8683,0,2.68794
0,0.25,3.5,13.3683,0,2.68794
0,0.25,3.5,13.8683,0,2.68794
0,0.25,3.5,14.3683,0,2.68794
0,0.25,3.5,14.8683,0,2.68794
0,0.25,3.5,15.3683,0,2.68794
0,0.25,3.5,15.8683,0,2.68794
0,0.25,3.5,16.3683,0,2.68794
0,0.25,3.5,16.8683,0,2.68794
0,0.25,3.5,17.3683,0,2.68794
0,0.25,3.5,17.8683,0,2.68794
0,0.25,3.5,18.3683,0,2.68794
0,0.25,3.5,18.8683,0,2.68794
0,0.25,3.5,19.3683,0,2.68794
0,0.25,3.5,19.8683,0,2.68794
0,0.25,3.5,20.3683,0,2.68794
0,0.25,3.5,20.8683,0,2.68794
0,0.25,3.5,21.3683,0,2.68794
0,0.25,3.5,21.8683,0,2.68794
0,0.25,3.5,22.3683,0,2.68794
0,0.25,3.5,22.8683,0,2.68794
0,0.25,3.5,23.3683,0,2.68794
0,0.25,3.5,23.8683,0,2.68794
0,0.25,3.5,24.3683,0,2.68794
0,0.25,4,9.86826,0,2.68794
0,0.25,4,10.3683,0,2.68794
0,0.25,4,10.8683,0,2.68794
0,0.25,4,11.3683,0,2.68794
0,0.25,4,11.8683,0,2.68794
0,0.25,4,12.3683,0,2.68794
0,0.25,4,12.8683,0,2.68794
0,0.25,4,13.3683,0,2.68794
0,0.25,4,13.8683,0,2.68794
0,0.25,4,14.3683,0,2.68794
0,0.25,4,14.8683,0,2.68794
0,0.25,4,15.3683,0,2.68794
0,0.25,4,15.8683,0,2.68794
0,0.25,4,16.3683,0,2.68794
0,0.25,4,16.8683,0,2.68794
0,0.25,4,17.3683,0,2.68794
0,0.25,4,17.8683,0,2.68794
0,0.25,4,18.3683,0,2.68794
0,0.25,4,18.8683,0,2.68794
0,0.25,4,19.3683,0,2.68794
0,0.25,4,19.8683,0,2.68794
0,0.25,4,20.3683,0,2.68794
0,0.25,4,20.8683,0,2.68794
0,0.25,4,21.3683,0,2.68794
0,0.25,4,21.8683,0,2.68794
0,0.25,4,22.3683,0,2.68794
0,0.25,4,22.8683,0,2.68794
0,0.25,4,23.3683,0,2.68794
0,0.25,4,23.8683,0,2.68794
0,0.25,4,24.3683,0,2.68794
0,0.25,4.5,9.86826,0,2.68794
0,0.25,4.5,10.3683,0,2.68794
0,0.25,4.5,10.8683,0,2.68794
0,0.25,4.5,11.3683,0,2.68794
0,0.25,4.5,11.8683,0,2.68794
0,0.25,4.5,12.3683,0,2.68794
0,0.25,4.5,12.8683,0,2.68794
0,0.25,4.5,13.3683,0,2.68794
0,0.25,4.5,13.8683,0,2.68794
0,0.25,4.5,14.3683,0,2.68794
0,0.25,4.5,14.8683,0,2.68794
0,0.25,4.5,15.3683,0,2.68794
0,0.25,4.5,15.8683,0,2.68794
0,0.25,4.5,16.3683,0,2.68794
0,0.25,4.5,16.8683,0,2.68794
0,0.25,4.5,17.3683,0,2.68794
0,0.25,4.5,17.8683,0,2.68794
0,0.25,4.5,18.3683,0,2.68794
0,0.25,4.5,18.8683,0,2.68794
0,0.25,4.5,19.3683,0,2.68794
0,0.25,4.5,19.8683,0,2.68794
0,0.25,4.5,20.3683,0,2.68794
0,0.25,4.5,20.8683,0,2.68794
0,0.25,4.5,21.3683,0,2.68794
0,0.25,4.5,21.8683,0,2.68794
0,0.25,4.5,22.3683,0,2.68794
0,0.25,4.5,22.8683,0,2.68794
0,0.25,4.5,23.3683,0,2.68794
0,0.25,4.5,23.8683,0,2.68794
0,0.25,4.5,24.3683,0,2.68794
0,0.25,5,9.86826,0,2.68794
0,0.25,5,10.3683,0,2.68794
0,0.25,5,10.8683,0,2.68794
0,0.25,5,11.3683,0,2.68794
0,0.25,5,11.8683,0,2.68794
0,0.25,5,12.3683,0,2.68794
0,0.25,5,12.8683,0,2.68794
0,0.25,5,13.3683,0,2.68794
0,0.25,5,13.8683,0,2.68794
0,0.25,5,14.3683,0,2.68794
0,0.25,5,14.8683,0,2.68794
0,0.25,5,15.3683,0,2.68794
0,0.25,5,15.8683,0,2.68794
0,0.25,5,16.3683,0,2.68794
0,0.25,5,16.8683,0,2.68794
0,0.25,5,17.3683,0,2.68794
0,0.25,5,17.8683,0,2.68794
0,0.25,5,18.3683,0,2.68794
0,0.25,5,18.8683,0,2.68794
0,0.25,5,19.3683,0,2.68794
0,0.25,5,19.8683,0,2.68794
0,0.25,5,20.3683,0,2.68794
0,0.25,5,20.8683,0,2.68794
0,0.25,5,21.3683,0,2.68794
0,0.25,5,21.8683,0,2.68794
0,0.25,5,22.3683,0,2.68794
0,0.25,5,22.8683,0,2.68794
0,0.25,5,23.3683,0,2.68794
0,0.25,5,23.8683,0,2.68794
0,0.25,5,24.3683,0,2.68794
0,0.25,5.5,9.86826,0,2.68794
0,0.25,5.5,10.3683,0,2.68794
0,0.25,5.5,10.8683,0,2.68794
0,0.25,5.5,11.3683,0,2.68794
0,0.25,5.5,11.8683,0,2.68794
0,0.25,5.5,12.3683,0,2.68794
0,0.25,5.5,12.8683,0,2.68794
0,0.25,5.5,13.3683,0,2.68794
0,0.25,5.5,13.8683,0,2.68794
0,0.25,5.5,14.3683,0,2.68794
0,0.25,5.5,14.8683,0,2.68794
0,0.25,5.5,15.3683,0,2.68794
0,0.25,5.5,15.8683,0,2.68794
0,0.25,5.5,16.3683,0,2.68794
0,0.25,5.5,16.8683,0,2.68794
0,0.25,5.5,17.3683,0,2.68794
0,0.25,5.5,17.8683,0,2.68794
0,0.25,5.5,18.3683,0,2.68794
0,0.25,5.5,18.8683,0,2.68794
0,0.25,5.5,19.3683,0,2.68794
0,0.25,5.5,19.8683,0,2.68794
0,0.25,5.5,20.3683,0,2.68794
0,0.25,5.5,20.8683,0,2.68794
0,0.25,5.5,21.3683,0,2.68794
0,0.25,5.5,21.8683,0,2.68794
0,0.25,5.5,22.3683,0,2.68794
0,0.25,5.5,22.8683,0,2.68794
0,0.25,5.5,23.3683,0,2.68794
0,0.25,5.5,23.8683,0,2.68794
0,0.25,5.5,24.3683,0,2.68794
0,0.25,6,9.86826,0,2.68794
0,0.25,6,10.3683,0,2.68794
0,0.25,6,10.8683,0,2.68794
0,0.25,6,11.3683,0,2.68794
0,0.25,6,11.8683,0,2.68794
0,0.25,6,12.3683,0,2.68794
0,0.25,6,12.8683,0,2.68794
0,0.25,6,13.3683,0,2.68794
0,0.25,6,13.8683,0,2.68794
0,0.25,6,14.3683,0,2.68794
0,0.25,6,14.8683,0,2.68794
0,0.25,6,15.3683,0,2.68794
0,0.25,6,15.8683,0,2.68794
0,0.25,6,16.3683,0,2.68794
0,0.25,6,16.8683,0,2.68794
0,0.25,6,17.3683,0,2.68794
0,0.25,6,17.8683,0,2.68794
0,0.25,6,18.3683,0,2.68794
0,0.25,6,18.8683,0,2.68794
0,0.25,6,19.3683,0,2.68794
0,0.25,6,19.8683,0,2.68794
0,0.25,6,20.3683,0,2.68794
0,0.25,6,20.8683,0,2.68794
0,0.25,6,21.3683,0,2.68794
0,0.25,6,21.8683,0,2.68794
0,0.25,6,22.3683,0,2.68794
0,0.25,6,22.8683,0,2.68794
0,0.25,6,23.3683,0,2.68794
0,0.25,6,23.8683,0,2.68794
0,0.25,6,24.3683,0,2.68794
0,0.25,6.5,9.86826,0,2.68794
0,0.25,6.5,10.3683,0,2.68794
0,0.25,6.5,10.8683,0,2.68794
0,0.25,6.5,11.3683,0,2.68794
0,0.25,6.5,11.8683,0,2.68794
0,0.25,6.5,12.3683,0,2.68794
0,0.25,6.5,12.8683,0,2.68794
0,0.25,6.5,13.3683,0,2.68794
0,0.25,6.5,13.8683,0,2.68794
0,0.25,6.5,14.3683,0,2.68794
0,0.25,6.5,14.8683,0,2.68794
0,0.25,6.5,15.3683,0,2.68794
0,0.25,6.5,15.8683,0,2.68794
0,0.25,6.5,16.3683,0,2.68794
0,0.25,6.5,16.8683,0,2.68794
0,0.25,6.5,17.3683,0,2.68794
0,0.25,6.5,17.8683,0,2.68794
0,0.25,6.5,18.3683,0,2.68794
0,0.25,6.5,18.8683,0,2.68794
0,0.25,6.5,19.3683,0,2.68794
0,0.25,6.5,19.8683,0,2.68794
0,0.25,6.5,20.3683,0,2.68794
0,0.25,6.5,20.8683,0,2.68794
0,0.25,6.5,21.3683,0,2.68794
0,0.25,6.5,21.8683,0,2.68794
0,0.25,6.5,22.3683,0,2.68794
0,0.25,6.5,22.8683,0,2.68794
0,0.25,6.5,23.3683,0,2.68794
0,0.25,6.5,23.8683,0,2.68794
0,0.25,6.5,24.3683,0,2.68794
0,0.25,7,9.86826,0,2.68794
0,0.25,7,10.3683,0,2.68794
0,0.25,7,10.8683,0,2.68794
0,0.25,7,11.3683,0,2.68794
0,0.25,7,11.8683,0,2.68794
0,0.25,7,12.3683,0,2.68794
0,0.25,7,12.8683,0,2.68794
0,0.25,7,13.3683,0,2.68794
0,0.25,7,13.8683,0,2.68794
0,0.25,7,14.3683,0,2.68794
0,0.25,7,14.8683,0,2.68794
0,0.25,7,15.3683,0,2.68794
0,0.25,7,15.8683,0,2.68794
0,0.25,7,16.3683,0,2.68794
0,0.25,7,16.8683,0,2.68794
0,0.25,7,17.3683,0,2.68794
0,0.25,7,17.8683,0,2.68794
0,0.25,7,18.3683,0,2.68794
0,0.25,7,18.8683,0,2.68794
0,0.25,7,19.3683,0,2.68794
0,0.25,7,19.8683,0,2.68794
0,0.25,7,20.3683,0,2.68794
0,0.25,7,20.8683,0,2.68794
0,0.25,7,21.3683,0,2.68794
0,0.25,7,21.8683,0,2.68794
0,0.25,7,22.3683,0,2.68794
0,0.25,7,22.8683,0,2.68794
0,0.25,7,23.3683,0,2.68794
0,0.25,7,23.8683,0,2.68794
0,0.25,7,24.3683,0,2.68794
1,0.25,7.5,1.5,0,0
1,0.25,8,1.5,0,0
1,0.25,1.5,1.5,0,0
1,0.25,2,1.5,0,0
1,0.25,7.5,2,0,0
1,0.25,8,2,0,0
1,0.25,1.5,2,0,0
1,0.25,2,2,0,0
1,0.25,7.5,2.5,0,0
1,0.25,8,2.5,0,0
1,0.25,1.5,2.5,0,0
1,0.25,2,2.5,0,0
1,0.25,7.5,3,0,0
1,0.25,8,3,0,0
1,0.25,1.5,3,0,0
1,0.25,2,3,0,0
1,0.25,7.5,3.5,0,0
1,0.25,8,3.5,0,0
1,0.25,1.5,3.5,0,0
1,0.25,2,3.5,0,0
1,0.25,7.5,4,0,0
1,0.25,8,4,0,0
1,0.25,1.5,4,0,0
1,0.25,2,4,0,0
1,0.25,7.5,4.5,0,0
1,0.25,8,4.5,0,0
1,0.25,1.5,4.5,0,0
1,0.25,2,4.5,0,0
1,0.25,7.5,5,0,0
1,0.25,8,5,0,0
1,0.25,1.5,5,0,0
1,0.25,2,5,0,0
1,0.25,7.5,5.5,0,0
1,0.25,8,5.5,0,0
1,0.25,1.5,5.5,0,0
1,0.25,2,5.5,0,0
1,0.25,7.5,6,0,0
1,0.25,8,6,0,0
1,0.25,1.5,6,0,0
1,0.25,2,6,0,0
1,0.25,7.5,6.5,0,0
1,0.25,8,6.5,0,0
1,0.25,1.5,6.5,0,0
1,0.25,2,6.5,0,0
1,0.25,7.5,7,0,0
1,0.25,8,7,0,0
1,0.25,1.5,7,0,0
1,0.25,2,7,0,0
1,0.25,7.5,7.5,0,0
1,0.25,8,7.5,0,0
1,0.25,1.5,7.5,0,0
1,0.25,2,7.5,0,0
1,0.25,7.5,8,0,0
1,0.25,8,8,0,0
1,0.25,1.5,8,0,0
1,0.25,2,8,0,0
1,0.25,7.5,8.5,0,0
1,0.25,8,8.5,0,0
1,0.25,1.5,8.5,0,0
1,0.25,2,8.5,0,0
1,0.25,7.5,9,0,0
1,0.25,8,9,0,0
1,0.25,1.5,9,0,0
1,0.25,2,9,0,0
1,0.25,7.5,9.5,0,0
1,0.25,8,9.5,0,0
1,0.25,1.5,9.5,0,0
1,0.25,2,9.5,0,0
1,0.25,7.5,10,0,0
1,0.25,8,10,0,0
1,0.25,1.5,10,0,0
1,0.25,2,10,0,0
1,0.25,7.5,10.5,0,0
1,0.25,8,10.5,0,0
1,0.25,1.5,10.5,0,0
1,0.25,2,10.5,0,0
1,0.25,7.5,11,0,0
1,0.25,8,11,0,0
1,0.25,1.5,11,0,0
1,0.25,2,11,0,0
1,0.25,7.5,11.5,0,0
1,0.25,8,11.5,0,0
1,0.25,1.5,11.5,0,0
1,0.25,2,11.5,0,0
1,0.25,7.5,12,0,0
1,0.25,8,12,0,0
1,0.25,1.5,12,0,0
1,0.25,2,12,0,0
1,0.25,7.5,12.5,0,0
1,0.25,8,12.5,0,0
1,0.25,1.5,12.5,0,0
1,0.25,2,12.5,0,0
1,0.25,7.5,13,0,0
1,0.25,8,13,0,0
1,0.25,1.5,13,0,0
1,0.25,2,13,0,0
1,0.25,7.5,13.5,0,0
1,0.25,8,13.5,0,0
1,0.25,1.5,13.5,0,0
1,0.25,2,13.5,0,0
1,0.25,7.5,14,0,0
1,0.25,8,14,0,0
1,0.25,1.5,14,0,0
1,0.25,2,14,0,0
1,0.25,7.5,14.5,0,0
1,0.25,8,14.5,0,0
1,0.25,1.5,14.5,0,0
1,0.25,2,14.5,0,0
1,0.25,7.5,15,0,0
1,0.25,8,15,0,0
1,0.25,1.5,15,0,0
1,0.25,2,15,0,0
1,0.25,7.5,15.5,0,0
1,0.25,8,15.5,0,0
1,0.25,1.5,15.5,0,0
1,0.25,2,15.5,0,0
1,0.25,7.5,16,0,0
1,0.25,8,16,0,0
1,0.25,1.5,16,0,0
1,0.25,2,16,0,0
1,0.25,7.5,16.5,0,0
1,0.25,8,16.5,0,0
1,0.25,1.5,16.5,0,0
1,0.25,2,16.5,0,0
1,0.25,7.5,17,0,0
1,0.25,8,17,0,0
1,0.25,1.5,17,0,0
1,0.25,2,17,0,0
1,0.25,7.5,17.5,0,0
1,0.25,8,17.5,0,0
1,0.25,1.5,17.5,0,0
1,0.25,2,17.5,0,0
1,0.25,7.5,18,0,0
1,0.25,8,18,0,0
1,0.25,1.5,18,0,0
1,0.25,2,18,0,0
1,0.25,7.5,18.5,0,0
1,0.25,8,18.5,0,0
1,0.25,1.5,18.5,0,0
1,0.25,2,18.5,0,0
1,0.25,7.5,19,0,0
1,0.25,8,19,0,0
1,0.25,1.5,19,0,0
1,0.25,2,19,0,0
1,0.25,7.5,19.5,0,0
1,0.25,8,19.5,0,0
1,0.25,1.5,19.5,0,0
1,0.25,2,19.5,0,0
1,0.25,7.5,20,0,0
1,0.25,8,20,0,0
1,0.25,1.5,20,0,0
1,0.25,2,20,0,0
1,0.25,7.5,20.5,0,0
1,0.25,8,20.5,0,0
1,0.25,1.5,20.5,0,0
1,0.25,2,20.5,0,0
1,0.25,7.5,21,0,0
1,0.25,8,21,0,0
1,0.25,1.5,21,0,0
1,0.25,2,21,0,0
1,0.25,7.5,21.5,0,0
1,0.25,8,21.5,0,0
1,0.25,1.5,21.5,0,0
1,0.25,2,21.5,0,0
1,0.25,7.5,22,0,0
1,0.25,8,22,0,0
1,0.25,1.5,22,0,0
1,0.25,2,22,0,0
1,0.25,7.5,22.5,0,0
1,0.25,8,22.5,0,0
1,0.25,1.5,22.5,0,0
1,0.25,2,22.5,0,0
1,0.25,7.5,23,0,0
1,0.25,8,23,0,0
1,0.25,1.5,23,0,0
1,0.25,2,23,0,0
1,0.25,7.5,23.5,0,0
1,0.25,8,23.5,0,0
1,0.25,1.5,23.5,0,0
1,0.25,2,23.5,0,0
1,0.25,7.5,24,0,0
1,0.25,8,24,0,0
1,0.25,1.5,24,0,0
1,0.25,2,24,0,0
1,0.25,7.5,24.5,0,0
1,0.25,8,24.5,0,0
1,0.25,1.5,24.5,0,0
1,0.25,2,24.5,0,0
1,0.25,7.5,25,0,0
1,0.25,8,25,0,0
1,0.25,1.5,25,0,0
1,0.25,2,25,0,0
1,0.25,7.5,25.5,0,0
1,0.25,8,25.5,0,0
1,0.25,1.5,25.5,0,0
1,0.25,2,25.5,0,0
1,0.25,2.5,1.5,0,0
1,0.25,2.5,2,0,0
1,0.25,2.5,25,0,0
1,0.25,2.5,25.5,0,0
1,0.25,3,1.5,0,0
1,0.25,3,2,0,0
1,0.25,3,25,0,0
1,0.25,3,25.5,0,0
1,0.25,3.5,1.5,0,0
1,0.25,3.5,2,0,0
1,0.25,3.5,25,0,0
1,0.25,3.5,25.5,0,0
1,0.25,4,1.5,0,0
1,0.25,4,2,0,0
1,0.25,4,25,0,0
1,0.25,4,25.5,0,0
1,0.25,4.5,1.5,0,0
1,0.25,4.5,2,0,0
1,0.25,4.5,25,0,0
1,0.25,4.5,25.5,0,0
1,0.25,5,1.5,0,0
1,0.25,5,2,0,0
1,0.25,5,25,0,0
1,0.25,5,25.5,0,0
1,0.25,5.5,1.5,0,0
1,0.25,5.5,2,0,0
1,0.25,5.5,25,0,0
1,0.25,5.5,25.5,0,0
1,0.25,6,1.5,0,0
1,0.25,6,2,0,0
1,0.25,6,25,0,0
1,0.25,6,25.5,0,0
1,0.25,6.5,1.5,0,0
1,0.25,6.5,2,0,0
1,0.25,6.5,25,0,0
1,0.25,6.5,25.5,0,0
1,0.25,7,1.5,0,0
1,0.25,7,2,0,0
1,0.25,7,25,0,0
1,0.25,7,25.5,0,0
536 2 0.5 3500 0.2 2 0 2e-06 0 9.81 10 35
0,0.25,2.5,9.51465,-6.10301e-07,0.532906
0,0.25,2.5,10.0147,-9.02417e-07,0.533539
0,0.25,2.5,10.5147,-1.91988e-06,0.533545
0,0.25,2.5,11.0147,-3.58446e-06,0.533546
0,0.25,2.5,11.5147,-4.44461e-06,0.533547
0,0.25,2.5,12.0147,-5.20953e-06,0.533547
0,0.25,2.5,12.5147,-5.46852e-06,0.533547
0,0.25,2.5,13.0147,-5.65258e-06,0.533547
0,0.25,2.5,13.5147,-5.70479e-06,0.533547
0,0.25,2.5,14.0147,-5.72938e-06,0.533547
0,0.25,2.5,14.5147,-5.73582e-06,0.533547
0,0.25,2.5,15.0147,-5.73767e-06,0.533547
0,0.25,2.5,15.5147,-5.73813e-06,0.533547
0,0.25,2.5,16.0147,-5.73822e-06,0.533547
0,0.25,2.5,16.5147,-5.73825e-06,0.533547
0,0.25,2.5,17.0147,-5.73825e-06,0.533547
0,0.25,2.5,17.5147,-5.73823e-06,0.533547
0,0.25,2.5,18.0147,-5.73815e-06,0.533547
0,0.25,2.5,18.5147,-5.73773e-06,0.533547
0,0.25,2.5,19.0147,-5.73625e-06,0.533547
0,0.25,2.5,19.5147,-5.731e-06,0.533547
0,0.25,2.5,20.0147,-5.71237e-06,0.533547
0,0.25,2.5,20.5147,-5.68283e-06,0.533547
0,0.25,2.5,21.0147,-5.58951e-06,0.533547
0,0.25,2.5,21.5147,-5.70063e-06,0.533547
0,0.25,2.5,22.0147,-5.89866e-06,0.533546
0,0.25,2.5,22.5147,-9.14486e-06,0.533548
0,0.25,2.5,23.0147,-1.07716e-05,0.533533
0,0.25,2.5,23.5147,-1.71387e-05,0.533545
0,0.25,2.5,24.0146,-8.02109e-06,0.532927
0,0.25,3,9.51473,-4.69389e-07,0.537575
0,0.25,3,10.0147,-2.07933e-06,0.537561
0,0.25,3,10.5147,-2.15066e-06,0.537566
0,0.25,3,11.0147,-3.72411e-06,0.537567
0,0.25,3,11.5147,-4.36473e-06,0.537568
0,0.25,3,12.0147,-5.18454e-06,0.537568
0,0.25,3,12.5147,-5.44313e-06,0.537569
0,0.25,3,13.0147,-5.66382e-06,0.537569
0,0.25,3,13.5147,-5.7253e-06,0.537569
0,0.25,3,14.0147,-5.75738e-06,0.537569
0,0.25,3,14.5147,-5.76583e-06,0.537569
0,0.25,3,15.0147,-5.76834e-06,0.537569
0,0.25,3,15.5147,-5.76899e-06,0.537569
0,0.25,3,16.0147,-5.76912e-06,0.537569
0,0.25,3,16.5147,-5.76915e-06,0.537569
0,0.25,3,17.0147,-5.76915e-06,0.537569
0,0.25,3,17.5147,-5.76912e-06,0.537569
0,0.25,3,18.0147,-5.76901e-06,0.537569
0,0.25,3,18.5147,-5.76842e-06,0.537569
0,0.25,3,19.0147,-5.76629e-06,0.537569
0,0.25,3,19.5147,-5.75921e-06,0.537569
0,0.25,3,20.0147,-5.73237e-06,0.537569
0,0.25,3,20.5147,-5.69151e-06,0.53757
0,0.25,3,21.0147,-5.50438e-06,0.537569
0,0.25,3,21.5147,-5.41176e-06,0.53757
0,0.25,3,22.0147,-4.65232e-06,0.537565
0,0.25,3,22.5147,-4.6335e-06,0.537572
0,0.25,3,23.0147,-3.4664e-07,0.537546
0,0.25,3,23.5147,7.36984e-06,0.537572
0,0.25,3,24.0147,1.84864e-06,0.537615
0,0.25,3.5,9.51473,-2.9564e-07,0.537583
0,0.25,3.5,10.0147,-1.20499e-06,0.537583
0,0.25,3.5,10.5147,-8.30662e-07,0.537584
0,0.25,3.5,11.0147,-1.91769e-06,0.537585
0,0.25,3.5,11.5147,-2.29582e-06,0.537586
0,0.25,3.5,12.0147,-3.44744e-06,0.537586
0,0.25,3.5,12.5147,-3.83142e-06,0.537587
0,0.25,3.5,13.0147,-4.39011e-06,0.537587
0,0.25,3.5,13.5147,-4.5504e-06,0.537588
0,0.25,3.5,14.0147,-4.66809e-06,0.537588
0,0.25,3.5,14.5147,-4.70007e-06,0.537588
0,0.25,3.5,15.0147,-4.7138e-06,0.537588
0,0.25,3.5,15.5147,-4.71741e-06,0.537588
0,0.25,3.5,16.0147,-4.71846e-06,0.537588
0,0.25,3.5,16.5147,-4.71871e-06,0.537588
0,0.25,3.5,17.0147,-4.71871e-06,0.537588
0,0.25,3.5,17.5147,-4.71848e-06,0.537588
0,0.25,3.5,18.0147,-4.71755e-06,0.537588
0,0.25,3.5,18.5147,-4.71441e-06,0.537588
0,0.25,3.5,19.0147,-4.70213e-06,0.537588
0,0.25,3.5,19.5147,-4.67598e-06,0.537588
0,0.25,3.5,20.0147,-4.56956e-06,0.537588
0,0.25,3.5,20.5147,-4.44503e-06,0.537588
0,0.25,3.5,21.0147,-3.87823e-06,0.537588
0,0.25,3.5,21.5147,-3.38973e-06,0.537589
0,0.25,3.5,22.0147,-1.45798e-06,0.537587
0,0.25,3.5,22.5147,2.23022e-06,0.537591
0,0.25,3.5,23.0147,5.8e-06,0.537585
0,0.25,3.5,23.5147,2.56807e-05,0.537594
0,0.25,3.5,24.0147,6.34901e-06,0.537601
0,0.25,4,9.51473,-7.00879e-08,0.537582
0,0.25,4,10.0147,-3.38126e-07,0.537582
0,0.25,4,10.5147,-7.17369e-07,0.537583
0,0.25,4,11.0147,-1.77091e-06,0.537583
0,0.25,4,11.5147,-2.25972e-06,0.537585
0,0.25,4,12.0147,-3.34509e-06,0.537585
0,0.25,4,12.5147,-3.72723e-06,0.537587
0,0.25,4,13.0147,-4.28387e-06,0.537587
0,0.25,4,13.5147,-4.44575e-06,0.537588
0,0.25,4,14.0147,-4.56951e-06,0.537588
0,0.25,4,14.5147,-4.60344e-06,0.537588
0,0.25,4,15.0147,-4.61829e-06,0.537588
0,0.25,4,15.5147,-4.62221e-06,0.537588
0,0.25,4,16.0147,-4.62338e-06,0.537588
0,0.25,4,16.5147,-4.62366e-06,0.537588
0,0.25,4,17.0147,-4.62367e-06,0.537588
0,0.25,4,17.5147,-4.62341e-06,0.537588
0,0.25,4,18.0147,-4.62235e-06,0.537588
0,0.25,4,18.5147,-4.61892e-06,0.537588
0,0.25,4,19.0147,-4.60543e-06,0.537588
0,0.25,4,19.5147,-4.57657e-06,0.537588
0,0.25,4,20.0147,-4.46389e-06,0.537588
0,0.25,4,20.5147,-4.32109e-06,0.537589
0,0.25,4,21.0147,-3.78747e-06,0.537589
0,0.25,4,21.5147,-3.35585e-06,0.53759
0,0.25,4,22.0147,-2.18112e-06,0.53759
0,0.25,4,22.5147,-1.1032e-06,0.537592
0,0.25,4,23.0147,-9.38905e-08,0.53759
0,0.25,4,23.5147,4.34027e-07,0.537595
0,0.25,4,24.0147,1.6519e-07,0.537596
0,0.25,4.5,9.51473,-2.8686e-08,0.537582
0,0.25,4.5,10.0147,-1.26226e-07,0.537582
0,0.25,4.5,10.5147,-7.8167e-08,0.537583
0,0.25,4.5,11.0147,-2.33777e-08,0.537583
0,0.25,4.5,11.5147,6.42482e-09,0.537585
0,0.25,4.5,12.0147,5.09147e-09,0.537585
0,0.25,4.5,12.5147,-1.76214e-09,0.537587
0,0.25,4.5,13.0147,-3.88373e-08,0.537587
0,0.25,4.5,13.5147,-5.07096e-08,0.537588
0,0.25,4.5,14.0147,-6.45725e-08,0.537588
0,0.25,4.5,14.5147,-6.86257e-08,0.537588
0,0.25,4.5,15.0147,-7.04489e-08,0.537588
0,0.25,4.5,15.5147,-7.09415e-08,0.537588
0,0.25,4.5,16.0147,-7.11062e-08,0.537588
0,0.25,4.5,16.5147,-7.11472e-08,0.537588
0,0.25,4.5,17.0147,-7.11485e-08,0.537588
0,0.25,4.5,17.5147,-7.11132e-08,0.537588
0,0.25,4.5,18.0147,-7.09489e-08,0.537588
0,0.25,4.5,18.5147,-7.04855e-08,0.537588
0,0.25,4.5,19.0147,-6.86056e-08,0.537588
0,0.25,4.5,19.5147,-6.39799e-08,0.537588
0,0.25,4.5,20.0147,-4.9288e-08,0.537588
0,0.25,4.5,20.5147,-1.90196e-08,0.537589
0,0.25,4.5,21.0147,4.25951e-08,0.537589
0,0.25,4.5,21.5147,1.94807e-07,0.537591
0,0.25,4.5,22.0147,3.78737e-07,0.537591
0,0.25,4.5,22.5147,1.14193e-06,0.537593
0,0.25,4.5,23.0147,2.1495e-06,0.537592
0,0.25,4.5,23.5147,4.0545e-06,0.537594
0,0.25,4.5,24.0147,9.21452e-07,0.537593
0,0.25,5,9.51473,2.86857e-08,0.537582
0,0.25,5,10.0147,1.26224e-07,0.537582
0,0.25,5,10.5147,7.81644e-08,0.537583
0,0.25,5,11.0147,2.33751e-08,0.537583
0,0.25,5,11.5147,-6.42453e-09,0.537585
0,0.25,5,12.0147,-5.08583e-09,0.537585
0,0.25,5,12.5147,1.76909e-09,0.537587
0,0.25,5,13.0147,3.8845e-08,0.537587
0,0.25,5,13.5147,5.0717e-08,0.537588
0,0.25,5,14.0147,6.45793e-08,0.537588
0,0.25,5,14.5147,6.86319e-08,0.537588
0,0.25,5,15.0147,7.04549e-08,0.537588
0,0.25,5,15.5147,7.09481e-08,0.537588
0,0.25,5,16.0147,7.11125e-08,0.537588
0,0.25,5,16.5147,7.11532e-08,0.537588
0,0.25,5,17.0147,7.11546e-08,0.537588
0,0.25,5,17.5147,7.11197e-08,0.537588
0,0.25,5,18.0147,7.09553e-08,0.537588
0,0.25,5,18.5147,7.04914e-08,0.537588
0,0.25,5,19.0147,6.86116e-08,0.537588
0,0.25,5,19.5147,6.39863e-08,0.537588
0,0.25,5,20.0147,4.92946e-08,0.537588
0,0.25,5,20.5147,1.90262e-08,0.537589
0,0.25,5,21.0147,-4.25888e-08,0.537589
0,0.25,5,21.5147,-1.94801e-07,0.537591
0,0.25,5,22.0147,-3.78735e-07,0.537591
0,0.25,5,22.5147,-1.14193e-06,0.537593
0,0.25,5,23.0147,-2.14951e-06,0.537592
0,0.25,5,23.5147,-4.0545e-06,0.537594
0,0.25,5,24.0147,-9.21452e-07,0.537593
0,0.25,5.5,9.51473,7.00883e-08,0.537582
0,0.25,5.5,10.0147,3.38128e-07,0.537582
0,0.25,5.5,10.5147,7.17373e-07,0.537583
0,0.25,5.5,11.0147,1.77091e-06,0.537583
0,0.25,5.5,11.5147,2.25972e-06,0.537585
0,0.25,5.5,12.0147,3.34509e-06,0.537585
0,0.25,5.5,12.5147,3.72722e-06,0.537587
0,0.25,5.5,13.0147,4.28386e-06,0.537587
0,0.25,5.5,13.5147,4.44575e-06,0.537588
0,0.25,5.5,14.0147,4.56951e-06,0.537588
0,0.25,5.5,14.5147,4.60343e-06,0.537588
0,0.25,5.5,15.0147,4.61829e-06,0.537588
0,0.25,5.5,15.5147,4.62221e-06,0.537588
0,0.25,5.5,16.0147,4.62338e-06,0.537588
0,0.25,5.5,16.5147,4.62366e-06,0.537588
0,0.25,5.5,17.0147,4.62367e-06,0.537588
0,0.25,5.5,17.5147,4.62341e-06,0.537588
0,0.25,5.5,18.0147,4.62235e-06,0.537588
0,0.25,5.5,18.5147,4.61891e-06,0.537588
0,0.25,5.5,19.0147,4.60543e-06,0.537588
0,0.25,5.5,19.5147,4.57656e-06,0.537588
0,0.25,5.5,20.0147,4.46388e-06,0.537588
0,0.25,5.5,20.5147,4.32108e-06,0.537589
0,0.25,5.5,21.0147,3.78747e-06,0.537589
0,0.25,5.5,21.5147,3.35585e-06,0.53759
0,0.25,5.5,22.0147,2.18112e-06,0.53759
0,0.25,5.5,22.5147,1.1032e-06,0.537592
0,0.25,5.5,23.0147,9.38908e-08,0.53759
0,0.25,5.5,23.5147,-4.34027e-07,0.537595
0,0.25,5.5,24.0147,-1.6519e-07,0.537596
0,0.25,6,9.51473,2.9564e-07,0.537583
0,0.25,6,10.0147,1.20499e-06,0.537583
0,0.25,6,10.5147,8.30662e-07,0.537584
0,0.25,6,11.0147,1.91769e-06,0.537585
0,0.25,6,11.5147,2.29582e-06,0.537586
0,0.25,6,12.0147,3.44744e-06,0.537586
0,0.25,6,12.5147,3.83141e-06,0.537587
0,0.25,6,13.0147,4.39011e-06,0.537587
0,0.25,6,13.5147,4.5504e-06,0.537588
0,0.25,6,14.0147,4.66809e-06,0.537588
0,0.25,6,14.5147,4.70007e-06,0.537588
0,0.25,6,15.0147,4.7138e-06,0.537588
0,0.25,6,15.5147,4.7174e-06,0.537588
0,0.25,6,16.0147,4.71845e-06,0.537588
0,0.25,6,16.5147,4.7187e-06,0.537588
0,0.25,6,17.0147,4.71871e-06,0.537588
0,0.25,6,17.5147,4.71848e-06,0.537588
0,0.25,6,18.0147,4.71755e-06,0.537588
0,0.25,6,18.5147,4.7144e-06,0.537588
0,0.25,6,19.0147,4.70212e-06,0.537588
0,0.25,6,19.5147,4.67598e-06,0.537588
0,0.25,6,20.0147,4.56955e-06,0.537588
0,0.25,6,20.5147,4.44503e-06,0.537588
0,0.25,6,21.0147,3.87822e-06,0.537588
0,0.25,6,21.5147,3.38972e-06,0.537589
0,0.25,6,22.0147,1.45798e-06,0.537587
0,0.25,6,22.5147,-2.23022e-06,0.537591
0,0.25,6,23.0147,-5.8e-06,0.537585
0,0.25,6,23.5147,-2.56807e-05,0.537594
0,0.25,6,24.0147,-6.34901e-06,0.537601
0,0.25,6.5,9.51473,4.69389e-07,0.537575
0,0.25,6.5,10.0147,2.07933e-06,0.537561
0,0.25,6.5,10.5147,2.15066e-06,0.537566
0,0.25,6.5,11.0147,3.72411e-06,0.537567
0,0.25,6.5,11.5147,4.36473e-06,0.537568
0,0.25,6.5,12.0147,5.18454e-06,0.537568
0,0.25,6.5,12.5147,5.44313e-06,0.537569
0,0.25,6.5,13.0147,5.66383e-06,0.537569
0,0.25,6.5,13.5147,5.7253e-06,0.537569
0,0.25,6.5,14.0147,5.75738e-06,0.537569
0,0.25,6.5,14.5147,5.76583e-06,0.537569
0,0.25,6.5,15.0147,5.76834e-06,0.537569
0,0.25,6.5,15.5147,5.76899e-06,0.537569
0,0.25,6.5,16.0147,5.76912e-06,0.537569
0,0.25,6.5,16.5147,5.76915e-06,0.537569
0,0.25,6.5,17.0147,5.76915e-06,0.537569
0,0.25,6.5,17.5147,5.76912e-06,0.537569
0,0.25,6.5,18.0147,5.76901e-06,0.537569
0,0.25,6.5,18.5147,5.76842e-06,0.537569
0,0.25,6.5,19.0147,5.76629e-06,0.537569
0,0.25,6.5,19.5147,5.75921e-06,0.537569
0,0.25,6.5,20.0147,5.73237e-06,0.537569
0,0.25,6.5,20.5147,5.69151e-06,0.53757
0,0.25,6.5,21.0147,5.50438e-06,0.537569
0,0.25,6.5,21.5147,5.41176e-06,0.53757
0,0.25,6.5,22.0147,4.65233e-06,0.537565
0,0.25,6.5,22.5147,4.6335e-06,0.537572
0,0.25,6.5,23.0147,3.4664e-07,0.537546
0,0.25,6.5,23.5147,-7.36984e-06,0.537572
0,0.25,6.5,24.0147,-1.84864e-06,0.537615
0,0.25,7,9.51465,6.10301e-07,0.532906
0,0.25,7,10.0147,9.02417e-07,0.533539
0,0.25,7,10.5147,1.91988e-06,0.533545
0,0.25,7,11.0147,3.58446e-06,0.533546
0,0.25,7,11.5147,4.44461e-06,0.533547
0,0.25,7,12.0147,5.20953e-06,0.533547
0,0.25,7,12.5147,5.46852e-06,0.533547
0,0.25,7,13.0147,5.65258e-06,0.533547
0,0.25,7,13.5147,5.70479e-06,0.533547
0,0.25,7,14.0147,5.72938e-06,0.533547
0,0.25,7,14.5147,5.73583e-06,0.533547
0,0.25,7,15.0147,5.73767e-06,0.533547
0,0.25,7,15.5147,5.73814e-06,0.533547
0,0.25,7,16.0147,5.73823e-06,0.533547
0,0.25,7,16.5147,5.73825e-06,0.533547
0,0.25,7,17.0147,5.73825e-06,0.533547
0,0.25,7,17.5147,5.73823e-06,0.533547
0,0.25,7,18.0147,5.73815e-06,0.533547
0,0.25,7,18.5147,5.73773e-06,0.533547
0,0.25,7,19.0147,5.73626e-06,0.533547
0,0.25,7,19.5147,5.731e-06,0.533547
0,0.25,7,20.0147,5.71237e-06,0.533547
0,0.25,7,20.5147,5.68283e-06,0.533547
0,0.25,7,21.0147,5.58951e-06,0.533547
0,0.25,7,21.5147,5.70063e-06,0.533547
0,0.25,7,22.0147,5.89866e-06,0.533546
0,0.25,7,22.5147,9.14486e-06,0.533548
0,0.25,7,23.0147,1.07716e-05,0.533533
0,0.25,7,23.5147,1.71387e-05,0.533545
0,0.25,7,24.0146,8.02109e-06,0.532927
1,0.25,7.5,1.5,0,0
1,0.25,8,1.5,0,0
1,0.25,1.5,1.5,0,0
1,0.25,2,1.5,0,0
1,0.25,7.5,2,0,0
1,0.25,8,2,0,0
1,0.25,1.5,2,0,0
1,0.25,2,2,0,0
1,0.25,7.5,2.5,0,0
1,0.25,8,2.5,0,0
1,0.25,1.5,2.5,0,0
1,0.25,2,2.5,0,0
1,0.25,7.5,3,0,0
1,0.25,8,3,0,0
1,0.25,1.5,3,0,0
1,0.25,2,3,0,0
1,0.25,7.5,3.5,0,0
1,0.25,8,3.5,0,0
1,0.25,1.5,3.5,0,0
1,0.25,2,3.5,0,0
1,0.25,7.5,4,0,0
1,0.25,8,4,0,0
1,0.25,1.5,4,0,0
1,0.25,2,4,0,0
1,0.25,7.5,4.5,0,0
1,0.25,8,4.5,0,0
1,0.25,1.5,4.5,0,0
1,0.25,2,4.5,0,0
1,0.25,7.5,5,0,0
1,0.25,8,5,0,0
1,0.25,1.5,5,0,0
1,0.25,2,5,0,0
1,0.25,7.5,5.5,0,0
1,0.25,8,5.5,0,0
1,0.25,1.5,5.5,0,0
1,0.25,2,5.5,0,0
1,0.25,7.5,6,0,0
1,0.25,8,6,0,0
1,0.25,1.5,6,0,0
1,0.25,2,6,0,0
1,0.25,7.5,6.5,0,0
1,0.25,8,6.5,0,0
1,0.25,1.5,6.5,0,0
1,0.25,2,6.5,0,0
1,0.25,7.5,7,0,0
1,0.25,8,7,0,0
1,0.25,1.5,7,0,0
1,0.25,2,7,0,0
1,0.25,7.5,7.5,0,0
1,0.25,8,7.5,0,0
1,0.25,1.5,7.5,0,0
1,0.25,2,7.5,0,0
1,0.25,7.5,8,0,0
1,0.25,8,8,0,0
1,0.25,1.5,8,0,0
1,0.25,2,8,0,0
1,0.25,7.5,8.5,0,0
1,0.25,8,8.5,0,0
1,0.25,1.5,8.5,0,0
1,0.25,2,8.5,0,0
1,0.25,7.5,9,0,0
1,0.25,8,9,0,0
1,0.25,1.5,9,0,0
1,0.25,2,9,0,0
1,0.25,7.5,9.5,0,0
1,0.25,8,9.5,0,0
1,0.25,1.5,9.5,0,0
1,0.25,2,9.5,0,0
1,0.25,7.5,10,0,0
1,0.25,8,10,0,0
1,0.25,1.5,10,0,0
1,0.25,2,10,0,0
1,0.25,7.5,10.5,0,0
1,0.25,8,10.5,0,0
1,0.25,1.5,10.5,0,0
1,0.25,2,10.5,0,0
1,0.25,7.5,11,0,0
1,0.25,8,11,0,0
1,0.25,1.5,11,0,0
1,0.25,2,11,0,0
1,0.25,7.5,11.5,0,0
1,0.25,8,11.5,0,0
1,0.25,1.5,11.5,0,0
1,0.25,2,11.5,0,0
1,0.25,7.5,12,0,0
1,0.25,8,12,0,0
1,0.25,1.5,12,0,0
1,0.25,2,12,0,0
1,0.25,7.5,12.5,0,0
1,0.25,8,12.5,0,0
1,0.25,1.5,12.5,0,0
1,0.25,2,12.5,0,0
1,0.25,7.5,13,0,0
1,0.25,8,13,0,0
1,0.25,1.5,13,0,0
1,0.25,2,13,0,0
1,0.25,7.5,13.5,0,0
1,0.25,8,13.5,0,0
1,0.25,1.5,13.5,0,0
1,0.25,2,13.5,0,0
1,0.25,7.5,14,0,0
1,0.25,8,14,0,0
1,0.25,1.5,14,0,0
1,0.25,2,14,0,0
1,0.25,7.5,14.5,0,0
1,0.25,8,14.5,0,0
1,0.25,1.5,14.5,0,0
1,0.25,2,14.5,0,0
1,0.25,7.5,15,0,0
1,0.25,8,15,0,0
1,0.25,1.5,15,0,0
1,0.25,2,15,0,0
1,0.25,7.5,15.5,0,0
1,0.25,8,15.5,0,0
1,0.25,1.5,15.5,0,0
1,0.25,2,15.5,0,0
1,0.25,7.5,16,0,0
1,0.25,8,16,0,0
1,0.25,1.5,16,0,0
1,0.25,2,16,0,0
1,0.25,7.5,16.5,0,0
1,0.25,8,16.5,0,0
1,0.25,1.5,16.5,0,0
1,0.25,2,16.5,0,0
1,0.25,7.5,17,0,0
1,0.25,8,17,0,0
1,0.25,1.5,17,0,0
1,0.25,2,17,0,0
1,0.25,7.5,17.5,0,0
1,0.25,8,17.5,0,0
1,0.25,1.5,17.5,0,0
1,0.25,2,17.5,0,0
1,0.25,7.5,18,0,0
1,0.25,8,18,0,0
1,0.25,1.5,18,0,0
1,0.25,2,18,0,0
1,0.25,7.5,18.5,0,0
1,0.25,8,18.5,0,0
1,0.25,1.5,18.5,0,0
1,0.25,2,18.5,0,0
1,0.25,7.5,19,0,0
1,0.25,8,19,0,0
1,0.25,1.5,19,0,0
1,0.25,2,19,0,0
1,0.25,7.5,19.5,0,0
1,0.25,8,19.5,0,0
1,0.25,1.5,19.5,0,0
1,0.25,2,19.5,0,0
1,0.25,7.5,20,0,0
1,0.25,8,20,0,0
1,0.25,1.5,20,0,0
1,0.25,2,20,0,0
1,0.25,7.5,20.5,0,0
1,0.25,8,20.5,0,0
1,0.25,1.5,20.5,0,0
1,0.25,2,20.5,0,0
1,0.25,7.5,21,0,0
1,0.25,8,21,0,0
1,0.25,1.5,21,0,0
1,0.25,2,21,0,0
1,0.25,7.5,21.5,0,0
1,0.25,8,21.5,0,0
1,0.25,1.5,21.5,0,0
1,0.25,2,21.5,0,0
1,0.25,7.5,22,0,0
1,0.25,8,22,0,0
1,0.25,1.5,22,0,0
1,0.25,2,22,0,0
1,0.25,7.5,22.5,0,0
1,0.25,8,22.5,0,0
1,0.25,1.5,22.5,0,0
1,0.25,2,22.5,0,0
1,0.25,7.5,23,0,0
1,0.25,8,23,0,0
1,0.25,1.5,23,0,0
1,0.25,2,23,0,0
1,0.25,7.5,23.5,0,0
1,0.25,8,23.5,0,0
1,0.25,1.5,23.5,0,0
1,0.25,2,23.5,0,0
1,0.25,7.5,24,0,0
1,0.25,8,24,0,0
1,0.25,1.5,24,0,0
1,0.25,2,24,0,0
1,0.25,7.5,24.5,0,0
1,0.25,8,24.5,0,0
1,0.25,1.5,24.5,0,0
1,0.25,2,24.5,0,0
1,0.25,7.5,25,0,0
1,0.25,8,25,0,0
1,0.25,1.5,25,0,0
1,0.25,2,25,0,0
1,0.25,7.5,25.5,0,0
1,0.25,8,25.5,0,0
1,0.25,1.5,25.5,0,0
1,0.25,2,25.5,0,0
1,0.25,2.5,1.5,0,0
1,0.25,2.5,2,0,0
1,0.25,2.5,25,0,0
1,0.25,2.5,25.5,0,0
1,0.25,3,1.5,0,0
1,0.25,3,2,0,0
1,0.25,3,25,0,0
1,0.25,3,25.5,0,0
1,0.25,3.5,1.5,0,0
1,0.25,3.5,2,0,0
1,0.25,3.5,25,0,0
1,0.25,3.5,25.5,0,0
1,0.25,4,1.5,0,0
1,0.25,4,2,0,0
1,0.25,4,25,0,0
1,0.25,4,25.5,0,0
1,0.25,4.5,1.5,0,0
1,0.25,4.5,2,0,0
1,0.25,4.5,25,0,0
1,0.25,4.5,25.5,0,0
1,0.25,5,1.5,0,0
1,0.25,5,2,0,0
1,0.25,5,25,0,0
1,0.25,5,25.5,0,0
1,0.25,5.5,1.5,0,0
1,0.25,5.5,2,0,0
1,0.25,5.5,25,0,0
1,0.25,5.5,25.5,0,0
1,0.25,6,1.5,0,0
1,0.25,6,2,0,0
1,0.25,6,25,0,0
1,0.25,6,25.5,0,0
1,0.25,6.5,1.5,0,0
1,0.25,6.5,2,0,0
1,0.25,6.5,25,0,0
1,0.25,6.5,25.5,0,0
1,0.25,7,1.5,0,0
1,0.25,7,2,0,0
1,0.25,7,25,0,0
1,0.25,7,25.5,0,0
