916 2 0.5 203000 0 2 0 1e-05 0 9.81 45 45
0,40,2.49929,12.5923,-0.00592077,1.34167
0,40,2.50097,13.0924,0.0083348,1.34195
0,40,2.49985,13.5937,-0.00224085,1.3456
0,40,2.50058,14.0936,0.00626838,1.34536
0,40,2.49993,14.5946,-0.00212317,1.34845
0,40,2.50024,15.0946,0.00294876,1.34849
0,40,2.49989,15.5954,-0.00374844,1.35218
0,40,2.50001,16.0954,-0.000581491,1.3524
0,40,2.49985,16.5959,-0.00504141,1.362
0,40,2.49987,17.0959,-0.00340976,1.36255
0,40,2.49982,17.5961,-0.00586132,1.37067
0,40,2.49982,18.0961,-0.00563396,1.37095
0,40,2.49981,18.5962,-0.0063619,1.37351
0,40,2.49981,19.0962,-0.00635306,1.37359
0,40,2.49981,19.5962,-0.00649401,1.37409
0,40,2.49981,20.0962,-0.00649612,1.3741
0,40,2.49981,20.5962,-0.00651547,1.37417
0,40,2.49981,21.0962,-0.00651593,1.37417
0,40,2.49981,21.5962,-0.00651793,1.37418
0,40,2.49981,22.0962,-0.00651798,1.37418
0,40,2.49981,22.5962,-0.00651824,1.37418
0,40,2.49981,23.0962,-0.00651828,1.37418
0,40,2.49981,23.5962,-0.00651984,1.37418
0,40,2.49981,24.0962,-0.00652038,1.37418
0,40,2.49981,24.5962,-0.00654006,1.37411
0,40,2.49981,25.0962,-0.00654544,1.37409
0,40,2.49981,25.5962,-0.00674198,1.37339
0,40,2.49981,26.0962,-0.00677648,1.37323
0,40,2.49979,26.5961,-0.00826214,1.36796
0,40,2.49979,27.0961,-0.00833347,1.36669
0,40,2.49966,27.5956,-0.0164662,1.33805
0,40,2.49967,28.0955,-0.0154547,1.33034
0,40,2.49906,28.5934,-0.0459087,1.22785
0,40,2.49924,29.0929,-0.034506,1.19235
0,40,2.49711,29.5859,-0.107547,0.98417
0,40,2.49837,30.0837,-0.0522995,0.874316
0,40,2.49303,30.5696,-0.163301,0.69738
0,40,2.49831,31.0638,-0.0269534,0.48579
0,40,2.48692,31.544,-0.174631,0.442422
0,40,2.50151,32.0337,0.0170135,0.151329
0,40,3.00007,12.5918,0.000580514,1.33708
0,40,3.00037,13.0919,0.00298013,1.33831
0,40,3.0004,13.593,0.00340602,1.33885
0,40,3.00028,14.0931,0.00311307,1.34003
0,40,3.00028,14.5942,0.0034209,1.34143
0,40,3.00008,15.0942,0.000860599,1.34196
0,40,3.00008,15.5952,0.00103725,1.34592
0,40,2.99993,16.0951,-0.00234128,1.34539
0,40,2.99992,16.5958,-0.00201646,1.35887
0,40,2.99986,17.0958,-0.00442507,1.35764
0,40,2.99985,17.5961,-0.00458112,1.36912
0,40,2.99983,18.0961,-0.00564878,1.36871
0,40,2.99982,18.5961,-0.00582409,1.37257
0,40,2.99982,19.0961,-0.00607705,1.3725
0,40,2.99982,19.5961,-0.00612945,1.37329
0,40,2.99982,20.0961,-0.00616845,1.37328
0,40,2.99982,20.5961,-0.00617747,1.37339
0,40,2.99982,21.0961,-0.00618179,1.37339
0,40,2.99982,21.5961,-0.00618286,1.3734
0,40,2.99982,22.0961,-0.00618323,1.3734
0,40,2.99982,22.5961,-0.00618339,1.3734
0,40,2.99982,23.0961,-0.00618364,1.3734
0,40,2.99982,23.5961,-0.00618456,1.37339
0,40,2.99982,24.0961,-0.0061881,1.37339
0,40,2.99982,24.5961,-0.00619873,1.37328
0,40,2.99982,25.0961,-0.00624162,1.37328
0,40,2.99982,25.5961,-0.00633533,1.37215
0,40,2.99981,26.0961,-0.00673446,1.37215
0,40,2.99981,26.596,-0.00732409,1.36387
0,40,2.99977,27.096,-0.0100334,1.36357
0,40,2.99973,27.5954,-0.0124571,1.32071
0,40,2.99952,28.0953,-0.0247761,1.31581
0,40,2.99937,28.5922,-0.0304207,1.17375
0,40,2.99859,29.0918,-0.0615806,1.13688
0,40,2.99826,29.5826,-0.0676485,0.883621
0,40,2.99667,30.0802,-0.0885179,0.746441
0,40,2.99624,30.5632,-0.0948142,0.573745
0,40,2.9955,31.0559,-0.0451243,0.314814
0,40,2.99495,31.5341,-0.0646901,0.270441
0,40,2.99954,32.0191,0.0597329,-0.0601295
0,40,3.50004,12.592,0.000392835,1.33854
0,40,3.50018,13.092,0.00172806,1.33881
0,40,3.50014,13.593,0.00154304,1.33954
0,40,3.50024,14.0931,0.00319006,1.34054
0,40,3.50015,14.5941,0.00208635,1.34084
0,40,3.50015,15.0941,0.00280453,1.34162
0,40,3.50007,15.5951,0.00118388,1.34459
0,40,3.50003,16.0951,0.000815945,1.34475
0,40,3.49999,16.5958,-0.000521043,1.35764
0,40,3.49996,17.0958,-0.00142752,1.3568
0,40,3.49995,17.5961,-0.00189791,1.36866
0,40,3.49994,18.0961,-0.00249024,1.36815
0,40,3.49994,18.5961,-0.00265807,1.37248
0,40,3.49994,19.0961,-0.00282205,1.37234
0,40,3.49994,19.5961,-0.00286305,1.37327
0,40,3.49993,20.0961,-0.00289059,1.37325
0,40,3.49993,20.5961,-0.00289736,1.37339
0,40,3.49993,21.0961,-0.00290058,1.37338
0,40,3.49993,21.5961,-0.00290138,1.3734
0,40,3.49993,22.0961,-0.00290167,1.3734
0,40,3.49993,22.5961,-0.00290179,1.3734
0,40,3.49993,23.0961,-0.00290199,1.3734
0,40,3.49993,23.5961,-0.00290268,1.37339
0,40,3.49993,24.0961,-0.00290539,1.37339
0,40,3.49993,24.5961,-0.00291324,1.37325
0,40,3.49993,25.0961,-0.00294479,1.37326
0,40,3.49993,25.5961,-0.00301375,1.37189
0,40,3.49993,26.0961,-0.00329059,1.37199
0,40,3.49992,26.596,-0.00373824,1.36227
0,40,3.4999,27.096,-0.005457,1.36225
0,40,3.49987,27.5952,-0.00755516,1.31459
0,40,3.49975,28.0952,-0.0142648,1.30856
0,40,3.49961,28.5919,-0.0214564,1.16309
0,40,3.49925,29.0913,-0.0335493,1.11421
0,40,3.49881,29.5822,-0.0517224,0.888292
0,40,3.49839,30.079,-0.0474963,0.722728
0,40,3.49741,30.5635,-0.0758302,0.60129
0,40,3.49794,31.0554,-0.0430718,0.34027
0,40,3.49712,31.536,-0.0566256,0.293682
0,40,3.49907,32.0255,-0.0296746,0.0491245
0,40,4.00001,12.592,0.000197221,1.33947
0,40,4.00005,13.092,0.00103128,1.33955
0,40,4.00008,13.5931,0.0014136,1.3401
0,40,4.00012,14.0931,0.00172536,1.34051
0,40,4.0001,14.5941,0.00149187,1.34053
0,40,4.00008,15.0941,0.0015037,1.34115
0,40,4.00004,15.5951,0.000827982,1.34342
0,40,4.00001,16.0951,0.000118977,1.34374
0,40,3.99998,16.5958,-0.000813858,1.35648
0,40,3.99996,17.0958,-0.00149278,1.35618
0,40,3.99995,17.5961,-0.00201746,1.36811
0,40,3.99994,18.0961,-0.00239688,1.36782
0,40,3.99994,18.5961,-0.00256359,1.37235
0,40,3.99994,19.0961,-0.00267228,1.37225
0,40,3.99994,19.5961,-0.00270773,1.37325
0,40,3.99994,20.0961,-0.0027269,1.37323
0,40,3.99994,20.5961,-0.00273229,1.37338
0,40,3.99994,21.0961,-0.00273463,1.37338
0,40,3.99994,21.5961,-0.00273525,1.3734
0,40,3.99994,22.0961,-0.00273547,1.3734
0,40,3.99994,22.5961,-0.00273555,1.3734
0,40,3.99994,23.0961,-0.00273571,1.3734
0,40,3.99994,23.5961,-0.00273622,1.37339
0,40,3.99994,24.0961,-0.00273822,1.37339
0,40,3.99994,24.5961,-0.00274409,1.37323
0,40,3.99994,25.0961,-0.0027665,1.37324
0,40,3.99994,25.5961,-0.00281976,1.37173
0,40,3.99994,26.0961,-0.00300724,1.37177
0,40,3.99993,26.596,-0.00337499,1.36133
0,40,3.99992,27.096,-0.0044784,1.36074
0,40,3.99989,27.5952,-0.00634855,1.31104
0,40,3.99982,28.0951,-0.0105,1.3017
0,40,3.9997,28.5917,-0.0170024,1.15532
0,40,3.99948,29.0909,-0.0255681,1.09781
0,40,3.99914,29.5818,-0.0378382,0.878583
0,40,3.99878,30.0783,-0.0457043,0.711105
0,40,3.99835,30.5631,-0.0497432,0.59406
0,40,3.99807,31.055,-0.0484743,0.342923
0,40,3.99807,31.5359,-0.0398831,0.300323
0,40,3.9985,32.024,-0.0189078,0.026351
0,40,4.5,12.592,4.01435e-05,1.33979
0,40,4.50002,13.092,0.000193885,1.33985
0,40,4.50003,13.5931,0.000311276,1.34044
0,40,4.50005,14.0931,0.000770529,1.34069
0,40,4.50005,14.5941,0.000842128,1.34071
0,40,4.50006,15.0941,0.00123758,1.34117
0,40,4.50004,15.595,0.000956566,1.34306
0,40,4.50002,16.095,0.000736018,1.34332
0,40,4.50001,16.5958,0.00024504,1.35587
0,40,4.5,17.0957,-0.000174352,1.35573
0,40,4.49999,17.5961,-0.000516943,1.36774
0,40,4.49999,18.0961,-0.000738551,1.36762
0,40,4.49998,18.5961,-0.000856961,1.37224
0,40,4.49998,19.0961,-0.000921592,1.37219
0,40,4.49998,19.5961,-0.000946852,1.37324
0,40,4.49998,20.0961,-0.000958774,1.37322
0,40,4.49998,20.5961,-0.000962552,1.37338
0,40,4.49998,21.0961,-0.000964076,1.37338
0,40,4.49998,21.5961,-0.0009645,1.3734
0,40,4.49998,22.0961,-0.000964649,1.3734
0,40,4.49998,22.5961,-0.000964709,1.3734
0,40,4.49998,23.0961,-0.000964816,1.3734
0,40,4.49998,23.5961,-0.000965159,1.37338
0,40,4.49998,24.0961,-0.000966491,1.37339
0,40,4.49998,24.5961,-0.00097046,1.37322
0,40,4.49998,25.0961,-0.000984701,1.37322
0,40,4.49998,25.5961,-0.00102093,1.37164
0,40,4.49998,26.0961,-0.00113419,1.37159
0,40,4.49998,26.596,-0.00138465,1.3608
0,40,4.49997,27.096,-0.00202014,1.35963
0,40,4.49995,27.5952,-0.00325784,1.30888
0,40,4.49991,28.095,-0.0056149,1.29754
0,40,4.49984,28.5916,-0.00950921,1.14976
0,40,4.49973,29.0907,-0.0148392,1.08989
0,40,4.49956,29.5815,-0.0210624,0.871594
0,40,4.49936,30.078,-0.0267524,0.706242
0,40,4.49919,30.5629,-0.0309008,0.598099
0,40,4.49912,31.055,-0.0285577,0.349636
0,40,4.49911,31.5363,-0.03065,0.310523
0,40,4.4994,32.025,-0.0251346,0.0500887
0,40,5,12.592,4.86764e-06,1.33984
0,40,5,13.0921,2.65661e-05,1.33989
0,40,5.00001,13.5931,0.000109061,1.34075
0,40,5.00003,14.0931,0.000374264,1.34088
0,40,5.00002,14.5941,0.000416693,1.34092
0,40,5.00003,15.0941,0.000676389,1.34119
0,40,5.00002,15.595,0.000452488,1.34267
0,40,5.00001,16.095,0.000267312,1.34294
0,40,5,16.5957,-9.89456e-05,1.35541
0,40,4.99999,17.0957,-0.000381933,1.35542
0,40,4.99999,17.596,-0.000599241,1.36751
0,40,4.99999,18.096,-0.000734951,1.36749
0,40,4.99999,18.5961,-0.000809717,1.37217
0,40,4.99998,19.0961,-0.000847106,1.37216
0,40,4.99998,19.5961,-0.000863132,1.37322
0,40,4.99998,20.0961,-0.000870001,1.37322
0,40,4.99998,20.5961,-0.000872385,1.37338
0,40,4.99998,21.0961,-0.000873281,1.37338
0,40,4.99998,21.5961,-0.000873546,1.3734
0,40,4.99998,22.0961,-0.000873636,1.3734
0,40,4.99998,22.5961,-0.000873673,1.3734
0,40,4.99998,23.0961,-0.000873739,1.3734
0,40,4.99998,23.5961,-0.000873948,1.37338
0,40,4.99998,24.0961,-0.000874737,1.37338
0,40,4.99998,24.5961,-0.000877164,1.37321
0,40,4.99998,25.0961,-0.000885338,1.3732
0,40,4.99998,25.5961,-0.000907515,1.37158
0,40,4.99998,26.0961,-0.000970974,1.37146
0,40,4.99998,26.596,-0.00112305,1.36048
0,40,4.99998,27.096,-0.00147917,1.35893
0,40,4.99997,27.5951,-0.00221426,1.30754
0,40,4.99995,28.095,-0.00359728,1.29504
0,40,4.99991,28.5915,-0.00589523,1.14607
0,40,4.99984,29.0906,-0.00927422,1.08433
0,40,4.99975,29.5814,-0.0135699,0.866497
0,40,4.99963,30.0778,-0.017472,0.699241
0,40,4.99949,30.5628,-0.0217532,0.594737
0,40,4.9994,31.0548,-0.0232338,0.34526
0,40,4.99932,31.5362,-0.0238795,0.308201
0,40,4.99942,32.0247,-0.0189262,0.0381466
0,40,5.5,12.592,2.30138e-06,1.33985
0,40,5.5,13.0921,1.16931e-05,1.33991
0,40,5.5,13.5931,3.28762e-05,1.34088
0,40,5.50001,14.0931,0.000107869,1.34096
0,40,5.50001,14.5941,0.000155291,1.34109
0,40,5.50001,15.0941,0.000313787,1.34127
0,40,5.50001,15.595,0.000276339,1.34261
0,40,5.50001,16.095,0.000282609,1.34285
0,40,5.5,16.5957,0.00014334,1.35517
0,40,5.5,17.0957,2.67386e-05,1.35525
0,40,5.5,17.596,-6.92612e-05,1.36738
0,40,5.5,18.096,-0.000130456,1.36742
0,40,5.5,18.5961,-0.000164284,1.37214
0,40,5.5,19.0961,-0.00018117,1.37214
0,40,5.5,19.5961,-0.000188626,1.37322
0,40,5.5,20.0961,-0.000191727,1.37322
0,40,5.5,20.5961,-0.000192854,1.37338
0,40,5.5,21.0961,-0.000193263,1.37338
0,40,5.5,21.5961,-0.000193389,1.3734
0,40,5.5,22.0961,-0.000193431,1.3734
0,40,5.5,22.5961,-0.000193448,1.3734
0,40,5.5,23.0961,-0.000193479,1.3734
0,40,5.5,23.5961,-0.000193577,1.37338
0,40,5.5,24.0961,-0.000193939,1.37338
0,40,5.5,24.5961,-0.000195073,1.37321
0,40,5.5,25.0961,-0.00019874,1.37319
0,40,5.5,25.5961,-0.000208984,1.37156
0,40,5.5,26.0961,-0.000237054,1.37139
0,40,5.5,26.596,-0.000305575,1.36032
0,40,5.49999,27.096,-0.000462417,1.35857
0,40,5.49999,27.5951,-0.000782469,1.30685
0,40,5.49998,28.095,-0.00138417,1.29376
0,40,5.49997,28.5915,-0.00236867,1.14425
0,40,5.49994,29.0905,-0.00375294,1.08157
0,40,5.4999,29.5813,-0.00556011,0.864057
0,40,5.49986,30.0778,-0.00719072,0.696948
0,40,5.49982,30.5627,-0.00845091,0.594185
0,40,5.4998,31.0548,-0.00906769,0.346705
0,40,5.49981,31.5363,-0.00905355,0.310331
0,40,5.49986,32.0249,-0.00738441,0.0450671
0,40,6,12.592,6.76333e-15,1.33985
0,40,6,13.0921,3.43868e-14,1.33991
0,40,6,13.5931,4.81558e-14,1.34091
0,40,6,14.0931,6.77827e-15,1.34098
0,40,6,14.5941,-3.73384e-13,1.34115
0,40,6,15.0941,-6.71626e-13,1.34129
0,40,6,15.595,-9.08172e-14,1.34256
0,40,6,16.095,8.83667e-13,1.34278
0,40,6,16.5957,1.13777e-12,1.35508
0,40,6,17.0957,1.19193e-12,1.3552
0,40,6,17.596,1.86324e-12,1.36734
0,40,6,18.096,1.74814e-12,1.36739
0,40,6,18.5961,1.50027e-12,1.37212
0,40,6,19.0961,1.55824e-12,1.37214
0,40,6,19.5961,1.61701e-12,1.37321
0,40,6,20.0961,1.82312e-12,1.37321
0,40,6,20.5961,1.7321e-12,1.37338
0,40,6,21.0961,1.43586e-12,1.37338
0,40,6,21.5961,1.66765e-12,1.3734
0,40,6,22.0961,1.64129e-12,1.3734
0,40,6,22.5961,1.93418e-12,1.3734
0,40,6,23.0961,1.98971e-12,1.3734
0,40,6,23.5961,2.21175e-12,1.37338
0,40,6,24.0961,2.29202e-12,1.37338
0,40,6,24.5961,2.42036e-12,1.3732
0,40,6,25.0961,2.34876e-12,1.37319
0,40,6,25.5961,2.26785e-12,1.37155
0,40,6,26.0961,2.01962e-12,1.37137
0,40,6,26.596,1.91222e-12,1.36027
0,40,6,27.096,1.92198e-12,1.35846
0,40,6,27.5951,1.57116e-12,1.30663
0,40,6,28.095,1.16561e-12,1.29336
0,40,6,28.5915,8.34624e-13,1.14366
0,40,6,29.0905,1.14426e-12,1.08064
0,40,6,29.5813,1.22831e-12,0.863007
0,40,6,30.0777,9.64115e-13,0.695544
0,40,6,30.5627,9.14882e-14,0.593026
0,40,6,31.0548,1.22462e-13,0.344566
0,40,6,31.5363,6.3655e-13,0.309725
0,40,6,32.0248,8.75367e-13,0.0408974
0,40,6.5,12.592,-2.30138e-06,1.33985
0,40,6.5,13.0921,-1.16931e-05,1.33991
0,40,6.5,13.5931,-3.28762e-05,1.34088
0,40,6.49999,14.0931,-0.000107869,1.34096
0,40,6.49999,14.5941,-0.000155291,1.34109
0,40,6.49999,15.0941,-0.000313787,1.34127
0,40,6.49999,15.595,-0.000276339,1.34261
0,40,6.49999,16.095,-0.000282609,1.34285
0,40,6.5,16.5957,-0.00014334,1.35517
0,40,6.5,17.0957,-2.67386e-05,1.35525
0,40,6.5,17.596,6.92612e-05,1.36738
0,40,6.5,18.096,0.000130456,1.36742
0,40,6.5,18.5961,0.000164284,1.37214
0,40,6.5,19.0961,0.00018117,1.37214
0,40,6.5,19.5961,0.000188626,1.37322
0,40,6.5,20.0961,0.000191727,1.37322
0,40,6.5,20.5961,0.000192854,1.37338
0,40,6.5,21.0961,0.000193263,1.37338
0,40,6.5,21.5961,0.000193389,1.3734
0,40,6.5,22.0961,0.000193431,1.3734
0,40,6.5,22.5961,0.000193448,1.3734
0,40,6.5,23.0961,0.000193479,1.3734
0,40,6.5,23.5961,0.000193577,1.37338
0,40,6.5,24.0961,0.000193939,1.37338
0,40,6.5,24.5961,0.000195073,1.37321
0,40,6.5,25.0961,0.00019874,1.37319
0,40,6.5,25.5961,0.000208984,1.37156
0,40,6.5,26.0961,0.000237054,1.37139
0,40,6.5,26.596,0.000305575,1.36032
0,40,6.50001,27.096,0.000462417,1.35857
0,40,6.50001,27.5951,0.000782469,1.30685
0,40,6.50002,28.095,0.00138417,1.29376
0,40,6.50003,28.5915,0.00236867,1.14425
0,40,6.50006,29.0905,0.00375294,1.08157
0,40,6.5001,29.5813,0.00556011,0.864057
0,40,6.50014,30.0778,0.00719072,0.696948
0,40,6.50018,30.5627,0.00845091,0.594185
0,40,6.5002,31.0548,0.00906769,0.346705
0,40,6.50019,31.5363,0.00905355,0.310331
0,40,6.50014,32.0249,0.00738441,0.0450671
0,40,7,12.592,-4.86764e-06,1.33984
0,40,7,13.0921,-2.65661e-05,1.33989
0,40,6.99999,13.5931,-0.000109061,1.34075
0,40,6.99997,14.0931,-0.000374264,1.34088
0,40,6.99998,14.5941,-0.000416693,1.34092
0,40,6.99997,15.0941,-0.000676389,1.34119
0,40,6.99998,15.595,-0.000452488,1.34267
0,40,6.99999,16.095,-0.000267312,1.34294
0,40,7,16.5957,9.89456e-05,1.35541
0,40,7.00001,17.0957,0.000381933,1.35542
0,40,7.00001,17.596,0.000599241,1.36751
0,40,7.00001,18.096,0.000734951,1.36749
0,40,7.00001,18.5961,0.000809717,1.37217
0,40,7.00002,19.0961,0.000847106,1.37216
0,40,7.00002,19.5961,0.000863132,1.37322
0,40,7.00002,20.0961,0.000870001,1.37322
0,40,7.00002,20.5961,0.000872385,1.37338
0,40,7.00002,21.0961,0.000873281,1.37338
0,40,7.00002,21.5961,0.000873546,1.3734
0,40,7.00002,22.0961,0.000873636,1.3734
0,40,7.00002,22.5961,0.000873673,1.3734
0,40,7.00002,23.0961,0.000873739,1.3734
0,40,7.00002,23.5961,0.000873948,1.37338
0,40,7.00002,24.0961,0.000874737,1.37338
0,40,7.00002,24.5961,0.000877164,1.37321
0,40,7.00002,25.0961,0.000885338,1.3732
0,40,7.00002,25.5961,0.000907515,1.37158
0,40,7.00002,26.0961,0.000970974,1.37146
0,40,7.00002,26.596,0.00112305,1.36048
0,40,7.00002,27.096,0.00147917,1.35893
0,40,7.00003,27.5951,0.00221426,1.30754
0,40,7.00005,28.095,0.00359728,1.29504
0,40,7.00009,28.5915,0.00589523,1.14607
0,40,7.00016,29.0906,0.00927422,1.08433
0,40,7.00025,29.5814,0.0135699,0.866497
0,40,7.00037,30.0778,0.017472,0.699241
0,40,7.00051,30.5628,0.0217532,0.594737
0,40,7.0006,31.0548,0.0232338,0.34526
0,40,7.00068,31.5362,0.0238795,0.308201
0,40,7.00058,32.0247,0.0189262,0.0381466
0,40,7.5,12.592,-4.01435e-05,1.33979
0,40,7.49998,13.092,-0.000193885,1.33985
0,40,7.49997,13.5931,-0.000311276,1.34044
0,40,7.49995,14.0931,-0.000770529,1.34069
0,40,7.49995,14.5941,-0.000842128,1.34071
0,40,7.49994,15.0941,-0.00123758,1.34117
0,40,7.49996,15.595,-0.000956566,1.34306
0,40,7.49998,16.095,-0.000736018,1.34332
0,40,7.49999,16.5958,-0.00024504,1.35587
0,40,7.5,17.0957,0.000174352,1.35573
0,40,7.50001,17.5961,0.000516943,1.36774
0,40,7.50001,18.0961,0.000738551,1.36762
0,40,7.50002,18.5961,0.000856961,1.37224
0,40,7.50002,19.0961,0.000921592,1.37219
0,40,7.50002,19.5961,0.000946852,1.37324
0,40,7.50002,20.0961,0.000958774,1.37322
0,40,7.50002,20.5961,0.000962552,1.37338
0,40,7.50002,21.0961,0.000964076,1.37338
0,40,7.50002,21.5961,0.0009645,1.3734
0,40,7.50002,22.0961,0.000964649,1.3734
0,40,7.50002,22.5961,0.000964709,1.3734
0,40,7.50002,23.0961,0.000964816,1.3734
0,40,7.50002,23.5961,0.000965159,1.37338
0,40,7.50002,24.0961,0.000966491,1.37339
0,40,7.50002,24.5961,0.00097046,1.37322
0,40,7.50002,25.0961,0.000984701,1.37322
0,40,7.50002,25.5961,0.00102093,1.37164
0,40,7.50002,26.0961,0.00113419,1.37159
0,40,7.50002,26.596,0.00138465,1.3608
0,40,7.50003,27.096,0.00202014,1.35963
0,40,7.50005,27.5952,0.00325784,1.30888
0,40,7.50009,28.095,0.0056149,1.29754
0,40,7.50016,28.5916,0.00950921,1.14976
0,40,7.50027,29.0907,0.0148392,1.08989
0,40,7.50044,29.5815,0.0210624,0.871594
0,40,7.50064,30.078,0.0267524,0.706242
0,40,7.50081,30.5629,0.0309008,0.598099
0,40,7.50088,31.055,0.0285577,0.349636
0,40,7.50089,31.5363,0.03065,0.310523
0,40,7.5006,32.025,0.0251346,0.0500887
0,40,7.99999,12.592,-0.000197221,1.33947
0,40,7.99995,13.092,-0.00103128,1.33955
0,40,7.99992,13.5931,-0.0014136,1.3401
0,40,7.99988,14.0931,-0.00172536,1.34051
0,40,7.9999,14.5941,-0.00149187,1.34053
0,40,7.99992,15.0941,-0.0015037,1.34115
0,40,7.99996,15.5951,-0.000827982,1.34342
0,40,7.99999,16.0951,-0.000118977,1.34374
0,40,8.00002,16.5958,0.000813858,1.35648
0,40,8.00004,17.0958,0.00149278,1.35618
0,40,8.00005,17.5961,0.00201746,1.36811
0,40,8.00006,18.0961,0.00239688,1.36782
0,40,8.00006,18.5961,0.00256359,1.37235
0,40,8.00006,19.0961,0.00267228,1.37225
0,40,8.00006,19.5961,0.00270773,1.37325
0,40,8.00006,20.0961,0.0027269,1.37323
0,40,8.00006,20.5961,0.00273229,1.37338
0,40,8.00006,21.0961,0.00273463,1.37338
0,40,8.00006,21.5961,0.00273525,1.3734
0,40,8.00006,22.0961,0.00273547,1.3734
0,40,8.00006,22.5961,0.00273555,1.3734
0,40,8.00006,23.0961,0.00273571,1.3734
0,40,8.00006,23.5961,0.00273622,1.37339
0,40,8.00006,24.0961,0.00273822,1.37339
0,40,8.00006,24.5961,0.00274409,1.37323
0,40,8.00006,25.0961,0.0027665,1.37324
0,40,8.00006,25.5961,0.00281976,1.37173
0,40,8.00006,26.0961,0.00300724,1.37177
0,40,8.00007,26.596,0.00337499,1.36133
0,40,8.00008,27.096,0.0044784,1.36074
0,40,8.00011,27.5952,0.00634855,1.31104
0,40,8.00018,28.0951,0.0105,1.3017
0,40,8.0003,28.5917,0.0170024,1.15532
0,40,8.00052,29.0909,0.0255681,1.09781
0,40,8.00086,29.5818,0.0378382,0.878583
0,40,8.00122,30.0783,0.0457043,0.711105
0,40,8.00165,30.5631,0.0497432,0.59406
0,40,8.00193,31.055,0.0484743,0.342923
0,40,8.00193,31.5359,0.0398831,0.300323
0,40,8.0015,32.024,0.0189078,0.026351
0,40,8.49996,12.592,-0.000392835,1.33854
0,40,8.49982,13.092,-0.00172806,1.33881
0,40,8.49986,13.593,-0.00154304,1.33954
0,40,8.49976,14.0931,-0.00319006,1.34054
0,40,8.49985,14.5941,-0.00208635,1.34084
0,40,8.49985,15.0941,-0.00280453,1.34162
0,40,8.49993,15.5951,-0.00118388,1.34459
0,40,8.49997,16.0951,-0.000815945,1.34475
0,40,8.50001,16.5958,0.000521043,1.35764
0,40,8.50004,17.0958,0.00142752,1.3568
0,40,8.50005,17.5961,0.00189791,1.36866
0,40,8.50006,18.0961,0.00249024,1.36815
0,40,8.50006,18.5961,0.00265807,1.37248
0,40,8.50006,19.0961,0.00282205,1.37234
0,40,8.50006,19.5961,0.00286305,1.37327
0,40,8.50007,20.0961,0.00289059,1.37325
0,40,8.50007,20.5961,0.00289736,1.37339
0,40,8.50007,21.0961,0.00290058,1.37338
0,40,8.50007,21.5961,0.00290138,1.3734
0,40,8.50007,22.0961,0.00290167,1.3734
0,40,8.50007,22.5961,0.00290179,1.3734
0,40,8.50007,23.0961,0.00290199,1.3734
0,40,8.50007,23.5961,0.00290268,1.37339
0,40,8.50007,24.0961,0.00290539,1.37339
0,40,8.50007,24.5961,0.00291324,1.37325
0,40,8.50007,25.0961,0.00294479,1.37326
0,40,8.50007,25.5961,0.00301375,1.37189
0,40,8.50007,26.0961,0.00329059,1.37199
0,40,8.50008,26.596,0.00373824,1.36227
0,40,8.5001,27.096,0.005457,1.36225
0,40,8.50013,27.5952,0.00755516,1.31459
0,40,8.50025,28.0952,0.0142648,1.30856
0,40,8.50039,28.5919,0.0214564,1.16309
0,40,8.50075,29.0913,0.0335493,1.11421
0,40,8.50119,29.5822,0.0517224,0.888292
0,40,8.50161,30.079,0.0474963,0.722728
0,40,8.50259,30.5635,0.0758302,0.60129
0,40,8.50206,31.0554,0.0430718,0.34027
0,40,8.50288,31.536,0.0566256,0.293682
0,40,8.50093,32.0255,0.0296746,0.0491245
0,40,8.99993,12.5918,-0.000580514,1.33708
0,40,8.99963,13.0919,-0.00298013,1.33831
0,40,8.9996,13.593,-0.00340602,1.33885
0,40,8.99972,14.0931,-0.00311307,1.34003
0,40,8.99972,14.5942,-0.0034209,1.34143
0,40,8.99992,15.0942,-0.000860599,1.34196
0,40,8.99992,15.5952,-0.00103725,1.34592
0,40,9.00007,16.0951,0.00234128,1.34539
0,40,9.00008,16.5958,0.00201646,1.35887
0,40,9.00014,17.0958,0.00442507,1.35764
0,40,9.00015,17.5961,0.00458112,1.36912
0,40,9.00017,18.0961,0.00564878,1.36871
0,40,9.00018,18.5961,0.00582409,1.37257
0,40,9.00018,19.0961,0.00607705,1.3725
0,40,9.00018,19.5961,0.00612945,1.37329
0,40,9.00018,20.0961,0.00616845,1.37328
0,40,9.00018,20.5961,0.00617747,1.37339
0,40,9.00018,21.0961,0.00618179,1.37339
0,40,9.00018,21.5961,0.00618286,1.3734
0,40,9.00018,22.0961,0.00618323,1.3734
0,40,9.00018,22.5961,0.00618339,1.3734
0,40,9.00018,23.0961,0.00618364,1.3734
0,40,9.00018,23.5961,0.00618456,1.37339
0,40,9.00018,24.0961,0.0061881,1.37339
0,40,9.00018,24.5961,0.00619873,1.37328
0,40,9.00018,25.0961,0.00624162,1.37328
0,40,9.00018,25.5961,0.00633533,1.37215
0,40,9.00019,26.0961,0.00673446,1.37215
0,40,9.00019,26.596,0.00732409,1.36387
0,40,9.00023,27.096,0.0100334,1.36357
0,40,9.00027,27.5954,0.0124571,1.32071
0,40,9.00048,28.0953,0.0247761,1.31581
0,40,9.00063,28.5922,0.0304207,1.17375
0,40,9.00141,29.0918,0.0615806,1.13688
0,40,9.00174,29.5826,0.0676485,0.883621
0,40,9.00333,30.0802,0.0885179,0.746441
0,40,9.00376,30.5632,0.0948142,0.573745
0,40,9.0045,31.0559,0.0451243,0.314814
0,40,9.00505,31.5341,0.0646901,0.270441
0,40,9.00046,32.0191,-0.0597329,-0.0601295
0,40,9.50071,12.5923,0.00592077,1.34167
0,40,9.49903,13.0924,-0.0083348,1.34195
0,40,9.50015,13.5937,0.00224085,1.3456
0,40,9.49942,14.0936,-0.00626838,1.34536
0,40,9.50007,14.5946,0.00212317,1.34845
0,40,9.49976,15.0946,-0.00294876,1.34849
0,40,9.50011,15.5954,0.00374844,1.35218
0,40,9.49999,16.0954,0.000581491,1.3524
0,40,9.50015,16.5959,0.00504141,1.362
0,40,9.50013,17.0959,0.00340976,1.36255
0,40,9.50018,17.5961,0.00586132,1.37067
0,40,9.50018,18.0961,0.00563396,1.37095
0,40,9.50019,18.5962,0.0063619,1.37351
0,40,9.50019,19.0962,0.00635306,1.37359
0,40,9.50019,19.5962,0.00649401,1.37409
0,40,9.50019,20.0962,0.00649612,1.3741
0,40,9.50019,20.5962,0.00651547,1.37417
0,40,9.50019,21.0962,0.00651593,1.37417
0,40,9.50019,21.5962,0.00651793,1.37418
0,40,9.50019,22.0962,0.00651798,1.37418
0,40,9.50019,22.5962,0.00651824,1.37418
0,40,9.50019,23.0962,0.00651828,1.37418
0,40,9.50019,23.5962,0.00651984,1.37418
0,40,9.50019,24.0962,0.00652038,1.37418
0,40,9.50019,24.5962,0.00654006,1.37411
0,40,9.50019,25.0962,0.00654544,1.37409
0,40,9.50019,25.5962,0.00674198,1.37339
0,40,9.50019,26.0962,0.00677648,1.37323
0,40,9.50021,26.5961,0.00826214,1.36796
0,40,9.50021,27.0961,0.00833347,1.36669
0,40,9.50034,27.5956,0.0164662,1.33805
0,40,9.50033,28.0955,0.0154547,1.33034
0,40,9.50094,28.5934,0.0459087,1.22785
0,40,9.50076,29.0929,0.034506,1.19235
0,40,9.50289,29.5859,0.107547,0.98417
0,40,9.50163,30.0837,0.0522995,0.874316
0,40,9.50697,30.5696,0.163301,0.69738
0,40,9.50169,31.0638,0.0269534,0.48579
0,40,9.51308,31.544,0.174631,0.442422
0,40,9.49849,32.0337,-0.0170135,0.151329
1,40,10,1.5,0,0
1,40,10.5,1.5,0,0
1,40,1.5,1.5,0,0
1,40,2,1.5,0,0
1,40,10,2,0,0
1,40,10.5,2,0,0
1,40,1.5,2,0,0
1,40,2,2,0,0
1,40,10,2.5,0,0
1,40,10.5,2.5,0,0
1,40,1.5,2.5,0,0
1,40,2,2.5,0,0
1,40,10,3,0,0
1,40,10.5,3,0,0
1,40,1.5,3,0,0
1,40,2,3,0,0
1,40,10,3.5,0,0
1,40,10.5,3.5,0,0
1,40,1.5,3.5,0,0
1,40,2,3.5,0,0
1,40,10,4,0,0
1,40,10.5,4,0,0
1,40,1.5,4,0,0
1,40,2,4,0,0
1,40,10,4.5,0,0
1,40,10.5,4.5,0,0
1,40,1.5,4.5,0,0
1,40,2,4.5,0,0
1,40,10,5,0,0
1,40,10.5,5,0,0
1,40,1.5,5,0,0
1,40,2,5,0,0
1,40,10,5.5,0,0
1,40,10.5,5.5,0,0
1,40,1.5,5.5,0,0
1,40,2,5.5,0,0
1,40,10,6,0,0
1,40,10.5,6,0,0
1,40,1.5,6,0,0
1,40,2,6,0,0
1,40,10,6.5,0,0
1,40,10.5,6.5,0,0
1,40,1.5,6.5,0,0
1,40,2,6.5,0,0
1,40,10,7,0,0
1,40,10.5,7,0,0
1,40,1.5,7,0,0
1,40,2,7,0,0
1,40,10,7.5,0,0
1,40,10.5,7.5,0,0
1,40,1.5,7.5,0,0
1,40,2,7.5,0,0
1,40,10,8,0,0
1,40,10.5,8,0,0
1,40,1.5,8,0,0
1,40,2,8,0,0
1,40,10,8.5,0,0
1,40,10.5,8.5,0,0
1,40,1.5,8.5,0,0
1,40,2,8.5,0,0
1,40,10,9,0,0
1,40,10.5,9,0,0
1,40,1.5,9,0,0
1,40,2,9,0,0
1,40,10,9.5,0,0
1,40,10.5,9.5,0,0
1,40,1.5,9.5,0,0
1,40,2,9.5,0,0
1,40,10,10,0,0
1,40,10.5,10,0,0
1,40,1.5,10,0,0
1,40,2,10,0,0
1,40,10,10.5,0,0
1,40,10.5,10.5,0,0
1,40,1.5,10.5,0,0
1,40,2,10.5,0,0
1,40,10,11,0,0
1,40,10.5,11,0,0
1,40,1.5,11,0,0
1,40,2,11,0,0
1,40,10,11.5,0,0
1,40,10.5,11.5,0,0
1,40,1.5,11.5,0,0
1,40,2,11.5,0,0
1,40,10,12,0,0
1,40,10.5,12,0,0
1,40,1.5,12,0,0
1,40,2,12,0,0
1,40,10,12.5,0,0
1,40,10.5,12.5,0,0
1,40,1.5,12.5,0,0
1,40,2,12.5,0,0
1,40,10,13,0,0
1,40,10.5,13,0,0
1,40,1.5,13,0,0
1,40,2,13,0,0
1,40,10,13.5,0,0
1,40,10.5,13.5,0,0
1,40,1.5,13.5,0,0
1,40,2,13.5,0,0
1,40,10,14,0,0
1,40,10.5,14,0,0
1,40,1.5,14,0,0
1,40,2,14,0,0
1,40,10,14.5,0,0
1,40,10.5,14.5,0,0
1,40,1.5,14.5,0,0
1,40,2,14.5,0,0
1,40,10,15,0,0
1,40,10.5,15,0,0
1,40,1.5,15,0,0
1,40,2,15,0,0
1,40,10,15.5,0,0
1,40,10.5,15.5,0,0
1,40,1.5,15.5,0,0
1,40,2,15.5,0,0
1,40,10,16,0,0
1,40,10.5,16,0,0
1,40,1.5,16,0,0
1,40,2,16,0,0
1,40,10,16.5,0,0
1,40,10.5,16.5,0,0
1,40,1.5,16.5,0,0
1,40,2,16.5,0,0
1,40,10,17,0,0
1,40,10.5,17,0,0
1,40,1.5,17,0,0
1,40,2,17,0,0
1,40,10,17.5,0,0
1,40,10.5,17.5,0,0
1,40,1.5,17.5,0,0
1,40,2,17.5,0,0
1,40,10,18,0,0
1,40,10.5,18,0,0
1,40,1.5,18,0,0
1,40,2,18,0,0
1,40,10,18.5,0,0
1,40,10.5,18.5,0,0
1,40,1.5,18.5,0,0
1,40,2,18.5,0,0
1,40,10,19,0,0
1,40,10.5,19,0,0
1,40,1.5,19,0,0
1,40,2,19,0,0
1,40,10,19.5,0,0
1,40,10.5,19.5,0,0
1,40,1.5,19.5,0,0
1,40,2,19.5,0,0
1,40,10,20,0,0
1,40,10.5,20,0,0
1,40,1.5,20,0,0
1,40,2,20,0,0
1,40,10,20.5,0,0
1,40,10.5,20.5,0,0
1,40,1.5,20.5,0,0
1,40,2,20.5,0,0
1,40,10,21,0,0
1,40,10.5,21,0,0
1,40,1.5,21,0,0
1,40,2,21,0,0
1,40,10,21.5,0,0
1,40,10.5,21.5,0,0
1,40,1.5,21.5,0,0
1,40,2,21.5,0,0
1,40,10,22,0,0
1,40,10.5,22,0,0
1,40,1.5,22,0,0
1,40,2,22,0,0
1,40,10,22.5,0,0
1,40,10.5,22.5,0,0
1,40,1.5,22.5,0,0
1,40,2,22.5,0,0
1,40,10,23,0,0
1,40,10.5,23,0,0
1,40,1.5,23,0,0
1,40,2,23,0,0
1,40,10,23.5,0,0
1,40,10.5,23.5,0,0
1,40,1.5,23.5,0,0
1,40,2,23.5,0,0
1,40,10,24,0,0
1,40,10.5,24,0,0
1,40,1.5,24,0,0
1,40,2,24,0,0
1,40,10,24.5,0,0
1,40,10.5,24.5,0,0
1,40,1.5,24.5,0,0
1,40,2,24.5,0,0
1,40,10,25,0,0
1,40,10.5,25,0,0
1,40,1.5,25,0,0
1,40,2,25,0,0
1,40,10,25.5,0,0
1,40,10.5,25.5,0,0
1,40,1.5,25.5,0,0
1,40,2,25.5,0,0
1,40,10,26,0,0
1,40,10.5,26,0,0
1,40,1.5,26,0,0
1,40,2,26,0,0
1,40,10,26.5,0,0
1,40,10.5,26.5,0,0
1,40,1.5,26.5,0,0
1,40,2,26.5,0,0
1,40,10,27,0,0
1,40,10.5,27,0,0
1,40,1.5,27,0,0
1,40,2,27,0,0
1,40,10,27.5,0,0
1,40,10.5,27.5,0,0
1,40,1.5,27.5,0,0
1,40,2,27.5,0,0
1,40,10,28,0,0
1,40,10.5,28,0,0
1,40,1.5,28,0,0
1,40,2,28,0,0
1,40,10,28.5,0,0
1,40,10.5,28.5,0,0
1,40,1.5,28.5,0,0
1,40,2,28.5,0,0
1,40,10,29,0,0
1,40,10.5,29,0,0
1,40,1.5,29,0,0
1,40,2,29,0,0
1,40,10,29.5,0,0
1,40,10.5,29.5,0,0
1,40,1.5,29.5,0,0
1,40,2,29.5,0,0
1,40,10,30,0,0
1,40,10.5,30,0,0
1,40,1.5,30,0,0
1,40,2,30,0,0
1,40,10,30.5,0,0
1,40,10.5,30.5,0,0
1,40,1.5,30.5,0,0
1,40,2,30.5,0,0
1,40,10,31,0,0
1,40,10.5,31,0,0
1,40,1.5,31,0,0
1,40,2,31,0,0
1,40,10,31.5,0,0
1,40,10.5,31.5,0,0
1,40,1.5,31.5,0,0
1,40,2,31.5,0,0
1,40,10,32,0,0
1,40,10.5,32,0,0
1,40,1.5,32,0,0
1,40,2,32,0,0
1,40,10,32.5,0,0
1,40,10.5,32.5,0,0
1,40,1.5,32.5,0,0
1,40,2,32.5,0,0
1,40,10,33,0,0
1,40,10.5,33,0,0
1,40,1.5,33,0,0
1,40,2,33,0,0
1,40,2.5,1.5,0,0
1,40,2.5,2,0,0
1,40,2.5,32.5,0,0
1,40,2.5,33,0,0
1,40,3,1.5,0,0
1,40,3,2,0,0
1,40,3,32.5,0,0
1,40,3,33,0,0
1,40,3.5,1.5,0,0
1,40,3.5,2,0,0
1,40,3.5,32.5,0,0
1,40,3.5,33,0,0
1,40,4,1.5,0,0
1,40,4,2,0,0
1,40,4,32.5,0,0
1,40,4,33,0,0
1,40,4.5,1.5,0,0
1,40,4.5,2,0,0
1,40,4.5,32.5,0,0
1,40,4.5,33,0,0
1,40,5,1.5,0,0
1,40,5,2,0,0
1,40,5,32.5,0,0
1,40,5,33,0,0
1,40,5.5,1.5,0,0
1,40,5.5,2,0,0
1,40,5.5,32.5,0,0
1,40,5.5,33,0,0
1,40,6,1.5,0,0
1,40,6,2,0,0
1,40,6,32.5,0,0
1,40,6,33,0,0
1,40,6.5,1.5,0,0
1,40,6.5,2,0,0
1,40,6.5,32.5,0,0
1,40,6.5,33,0,0
1,40,7,1.5,0,0
1,40,7,2,0,0
1,40,7,32.5,0,0
1,40,7,33,0,0
1,40,7.5,1.5,0,0
1,40,7.5,2,0,0
1,40,7.5,32.5,0,0
1,40,7.5,33,0,0
1,40,8,1.5,0,0
1,40,8,2,0,0
1,40,8,32.5,0,0
1,40,8,33,0,0
1,40,8.5,1.5,0,0
1,40,8.5,2,0,0
1,40,8.5,32.5,0,0
1,40,8.5,33,0,0
1,40,9,1.5,0,0
1,40,9,2,0,0
1,40,9,32.5,0,0
1,40,9,33,0,0
1,40,9.5,1.5,0,0
1,40,9.5,2,0,0
1,40,9.5,32.5,0,0
1,40,9.5,33,0,0
