916 2 0.5 203000 0 2 0 1e-05 0 9.81 45 45
0,40,2.49794,13.1461,-0.00599917,3.55866
0,40,2.50281,13.6462,0.00800921,3.55901
0,40,2.49933,14.1483,-0.00231802,3.56274
0,40,2.502,14.6482,0.00626838,3.56242
0,40,2.49945,15.1499,-0.00212317,3.56551
0,40,2.50091,15.6499,0.00294876,3.56555
0,40,2.499,16.1509,-0.00396415,3.55536
0,40,2.5006,16.6508,0.018935,3.5547
0,40,2.49932,17.1512,0.00769778,3.54519
0,40,2.50124,17.6515,0.0107659,3.55213
0,40,2.49982,18.1524,-0.000584669,3.56039
0,40,2.50084,18.6526,0.00191449,3.56126
0,40,2.49965,19.1536,-0.00444455,3.56433
0,40,2.50024,19.6535,-0.00805014,3.55813
0,40,2.4994,20.1535,-0.0238683,3.52252
0,40,2.49996,20.6532,-0.024354,3.50124
0,40,2.49887,21.152,-0.0499823,3.43721
0,40,2.49923,21.6505,-0.0471098,3.37311
0,40,2.49758,22.1465,-0.0843332,3.26092
0,40,2.49785,22.6422,-0.0823259,3.10901
0,40,2.49532,23.1342,-0.116854,2.97266
0,40,2.49555,23.6241,-0.114504,2.73252
0,40,2.49253,24.112,-0.10757,2.60544
0,40,2.49273,24.595,-0.109878,2.39178
0,40,2.49048,25.079,-0.0391256,2.24128
0,40,2.49024,25.5573,-0.0591852,2.1552
0,40,2.4897,26.0366,0.0320144,1.94257
0,40,2.4879,26.5137,-0.00368198,1.90653
0,40,2.48839,26.9883,0.0414317,1.72725
0,40,2.48436,27.4653,0.020474,1.64652
0,40,2.48461,27.9388,0.00449509,1.61647
0,40,2.479,28.4158,-0.0227115,1.49656
0,40,2.47944,28.8914,-0.0628788,1.54006
0,40,2.47275,29.3665,-0.118033,1.38864
0,40,2.47702,29.8411,-0.10828,1.36841
0,40,2.47103,30.3082,-0.118067,1.19491
0,40,2.485,30.772,-0.0179022,1.07335
0,40,2.48751,31.2194,0.0421671,0.815777
0,40,2.50325,31.6619,0.193085,0.602884
0,40,2.51849,32.0813,0.133633,0.206836
0,40,3.00016,13.1444,0.000379395,3.55361
0,40,3.00083,13.6449,0.00200611,3.55522
0,40,3.001,14.1462,0.00260642,3.55644
0,40,3.00093,14.6465,0.00283909,3.55711
0,40,3.00099,15.1479,0.00288708,3.55849
0,40,3.00026,15.648,0.000731432,3.55915
0,40,3.00044,16.1496,0.00422302,3.55877
0,40,3.00009,16.6495,0.0127413,3.5569
0,40,3.00059,17.1504,0.00997542,3.52582
0,40,3.00061,17.6504,0.00250285,3.53854
0,40,3.00064,18.1512,-0.00307693,3.55038
0,40,3.00038,18.6514,-0.00276275,3.55541
0,40,3.00036,19.1526,-0.00219639,3.55483
0,40,3.00007,19.6525,-0.0092665,3.54359
0,40,3.00016,20.1525,-0.0154914,3.49694
0,40,2.99983,20.652,-0.0292854,3.47248
0,40,2.99977,21.1503,-0.0377749,3.39258
0,40,2.99895,21.6485,-0.0584274,3.31094
0,40,2.99859,22.1434,-0.0736193,3.18088
0,40,2.99723,22.638,-0.0864017,2.98604
0,40,2.9963,23.1284,-0.111987,2.84469
0,40,2.9949,23.6163,-0.08854,2.56278
0,40,2.99317,24.1026,-0.107044,2.41711
0,40,2.99283,24.5832,-0.0555336,2.21907
0,40,2.99068,25.0649,-0.0384093,2.00881
0,40,2.99131,25.5421,-0.0238323,1.95997
0,40,2.98922,26.0177,0.0144123,1.72667
0,40,2.98907,26.4931,-0.0126744,1.63215
0,40,2.98658,26.9634,0.00247859,1.54325
0,40,2.98534,27.4337,0.00638692,1.32707
0,40,2.98193,27.9015,-0.00359035,1.32435
0,40,2.98097,28.3647,-0.0270096,1.09902
0,40,2.97749,28.8286,-0.0330875,0.978051
0,40,2.97692,29.2851,-0.136114,0.766031
0,40,2.97547,29.7429,-0.10185,0.54376
0,40,2.97774,30.1953,-0.185587,0.377513
0,40,2.9813,30.6504,-0.0477117,0.194203
0,40,2.99595,31.1075,-0.0508275,0.137251
0,40,3.00081,31.5704,0.178978,0.120205
0,40,3.04139,32.0465,0.316248,0.169768
0,40,3.50012,13.1448,0.000292707,3.55452
0,40,3.50053,13.645,0.0013142,3.55528
0,40,3.50043,14.1464,0.00116503,3.5574
0,40,3.50074,14.6467,0.00201412,3.55764
0,40,3.50055,15.1477,0.0016665,3.55814
0,40,3.50078,15.6479,0.00265252,3.55924
0,40,3.50033,16.1494,0.00113685,3.56084
0,40,3.50017,16.6494,0.000636409,3.55444
0,40,3.49984,17.1505,0.00586754,3.53106
0,40,3.4999,17.6502,0.0307769,3.53752
0,40,3.49983,18.1512,0.0291645,3.55057
0,40,3.50039,18.6514,0.0363774,3.55725
0,40,3.50015,19.1524,0.018831,3.54703
0,40,3.50032,19.6524,0.00697031,3.53861
0,40,3.49998,20.1523,0.000314151,3.49257
0,40,3.50002,20.6519,0.00400729,3.46631
0,40,3.49974,21.1499,-0.00444786,3.38344
0,40,3.49952,21.648,-0.0115773,3.29094
0,40,3.49889,22.1428,-0.0331472,3.17714
0,40,3.49836,22.6368,-0.0315631,2.96552
0,40,3.49706,23.1278,-0.05964,2.84486
0,40,3.49663,23.6147,-0.0408856,2.57653
0,40,3.49454,24.1018,-0.0526147,2.40873
0,40,3.49452,24.5823,-0.0333188,2.27782
0,40,3.49234,25.0635,-0.00161452,1.99921
0,40,3.49239,25.5421,-0.00397246,1.99167
0,40,3.49076,26.0158,0.0382614,1.75627
0,40,3.49049,26.4925,0.0408914,1.61544
0,40,3.4888,26.9623,0.0453309,1.61398
0,40,3.48876,27.4333,0.0582725,1.35988
0,40,3.48629,27.9027,0.040483,1.38782
0,40,3.4867,28.3678,0.00600939,1.19562
0,40,3.484,28.834,-0.00344326,1.09309
0,40,3.4854,29.2943,-0.0499338,0.909203
0,40,3.48292,29.7558,-0.0552146,0.750218
0,40,3.48864,30.2106,-0.0637191,0.534575
0,40,3.48464,30.6665,-0.0821496,0.303504
0,40,3.50104,31.1184,0.0209581,0.131588
0,40,3.48585,31.5726,-0.0967777,0.0207337
0,40,3.52213,32.0317,0.241736,0.133187
0,40,4.00008,13.1451,0.000174584,3.55537
0,40,4.00042,13.6453,0.000981866,3.55637
0,40,4.00052,14.1464,0.00148244,3.55707
0,40,4.00048,14.6466,0.00141116,3.55749
0,40,4.00045,15.1478,0.00154065,3.5587
0,40,4.00043,15.6478,0.0015387,3.55854
0,40,4.00021,16.149,0.000760118,3.55945
0,40,3.99998,16.6491,0.00142916,3.55823
0,40,3.99982,17.1504,0.0118172,3.55591
0,40,3.9999,17.6504,0.0319693,3.55703
0,40,4.00018,18.1517,0.0386303,3.55282
0,40,4.0005,18.6517,0.0356844,3.54831
0,40,4.00056,19.1524,0.0224409,3.52305
0,40,4.00059,19.6524,0.00730818,3.52601
0,40,4.0005,20.1522,0.00483427,3.49344
0,40,4.00037,20.6518,-0.000634114,3.46406
0,40,4.00027,21.1498,-0.00385314,3.37806
0,40,4.00003,21.6476,-0.011455,3.2742
0,40,3.99959,22.1423,-0.0264913,3.1646
0,40,3.99895,22.6358,-0.038115,2.95169
0,40,3.99798,23.1269,-0.0505432,2.83223
0,40,3.9971,23.6135,-0.0509791,2.58856
0,40,3.99588,24.1004,-0.0425845,2.40519
0,40,3.99498,24.5817,-0.0332927,2.30976
0,40,3.99408,25.0622,-0.0104496,2.02814
0,40,3.99334,25.5419,0.00746054,1.99674
0,40,3.99246,26.0153,2.2702e-05,1.8039
0,40,3.99208,26.4917,0.0292795,1.60203
0,40,3.99017,26.9623,-0.00554481,1.62258
0,40,3.99044,27.4321,0.0211952,1.36392
0,40,3.98767,27.9018,0.00881,1.35007
0,40,3.98902,28.3666,0.0202175,1.1763
0,40,3.98625,28.8327,0.00455783,1.05017
0,40,3.98977,29.2936,0.0104858,0.882103
0,40,3.98643,29.7558,-0.028634,0.727406
0,40,3.99415,30.214,-0.0114438,0.614359
0,40,3.98927,30.6727,-0.0383122,0.39655
0,40,4.00337,31.132,0.0440858,0.374557
0,40,3.99542,31.5854,-0.0865548,0.126894
0,40,4.01106,32.0456,0.136112,0.094701
0,40,4.50003,13.1453,0.000219379,3.55575
0,40,4.50014,13.6454,0.000933735,3.55651
0,40,4.50015,14.1465,0.00060917,3.55777
0,40,4.50037,14.6466,0.00124113,3.5577
0,40,4.50026,15.1477,0.000760956,3.55843
0,40,4.5003,15.6478,0.000748569,3.55869
0,40,4.50025,16.1489,0.000837913,3.55915
0,40,4.50018,16.649,0.000684867,3.55946
0,40,4.5,17.1503,-5.93953e-05,3.56145
0,40,4.49975,17.6503,-0.00121464,3.56144
0,40,4.49952,18.1517,-0.000303653,3.55449
0,40,4.49924,18.6516,0.00742235,3.54765
0,40,4.49921,19.1525,0.0203137,3.52617
0,40,4.49945,19.6525,0.04785,3.52986
0,40,4.49963,20.1522,0.047411,3.4861
0,40,4.50002,20.6518,0.0342539,3.45412
0,40,4.4999,21.1496,0.0220485,3.37498
0,40,4.49971,21.6473,0.0193584,3.26713
0,40,4.49937,22.1419,0.0116042,3.1545
0,40,4.49904,22.6352,0.00461237,2.94273
0,40,4.49839,23.1262,-0.00390578,2.82842
0,40,4.49782,23.6127,-0.00300563,2.59398
0,40,4.49697,24.0995,-0.0021211,2.41531
0,40,4.49636,24.5809,0.00862443,2.31821
0,40,4.49542,25.0616,0.0109013,2.04766
0,40,4.4951,25.5409,0.0298956,1.99573
0,40,4.49392,26.0147,0.0248902,1.80253
0,40,4.49401,26.4905,0.0375044,1.61332
0,40,4.49261,26.9612,0.0402409,1.60211
0,40,4.49293,27.4315,0.0372781,1.39013
0,40,4.49171,27.9009,0.0367385,1.34911
0,40,4.49248,28.3672,0.0322082,1.18004
0,40,4.49104,28.833,-0.00306618,1.04849
0,40,4.49309,29.2952,0.00647907,0.868076
0,40,4.49091,29.7571,-0.0390848,0.704715
0,40,4.49571,30.2157,0.0231012,0.560819
0,40,4.49214,30.6737,-0.0614734,0.365622
0,40,4.50243,31.1298,0.0838495,0.267938
0,40,4.49639,31.5879,-0.0280978,0.143807
0,40,4.50638,32.0437,0.0945207,0.118655
0,40,5.00002,13.1454,0.000228749,3.55668
0,40,5.00008,13.6454,0.00104841,3.55685
0,40,5.00008,14.1466,0.000838227,3.55728
0,40,5.00019,14.6467,0.000962244,3.55775
0,40,5.00017,15.1477,0.00089185,3.55812
0,40,5.00019,15.6478,0.000732271,3.55855
0,40,5.00012,16.1488,0.000428257,3.55907
0,40,5.00005,16.6488,0.000172302,3.55888
0,40,4.99991,17.15,-0.000430053,3.56009
0,40,4.9997,17.6501,-0.00127313,3.56042
0,40,4.99954,18.1514,0.000251578,3.56108
0,40,4.99934,18.6514,0.00871033,3.55999
0,40,4.99938,19.1527,0.0228768,3.55738
0,40,4.99966,19.6527,0.0501417,3.55161
0,40,4.99993,20.1528,0.0522834,3.47551
0,40,5.00053,20.6521,0.0396571,3.43664
0,40,5.00045,21.1494,0.0229915,3.36338
0,40,5.00031,21.647,0.0129451,3.26076
0,40,4.99996,22.1416,0.00493188,3.14615
0,40,4.99972,22.6347,-0.00283035,2.93199
0,40,4.99919,23.1255,-0.011667,2.8218
0,40,4.99873,23.612,-0.0119592,2.59267
0,40,4.99805,24.0988,-0.0121584,2.41807
0,40,4.99758,24.5802,-0.00486115,2.32619
0,40,4.99693,25.061,0.00120771,2.05543
0,40,4.99663,25.5404,0.0081421,2.01014
0,40,4.99608,26.0142,0.0125675,1.80242
0,40,4.99574,26.4904,0.00937337,1.62169
0,40,4.9952,26.9607,0.00667412,1.60577
0,40,4.99483,27.4313,0.0123572,1.37639
0,40,4.9941,27.9007,-0.00161833,1.35455
0,40,4.99455,28.3667,0.0270792,1.16109
0,40,4.99357,28.8331,0.00915918,1.03531
0,40,4.9955,29.2951,0.0346009,0.862999
0,40,4.99443,29.7582,0.00253509,0.711741
0,40,4.99792,30.217,0.0270414,0.592168
0,40,4.99637,30.6767,-0.0224297,0.382108
0,40,5.00081,31.1342,0.0282054,0.319417
0,40,4.99901,31.5904,-0.0354511,0.159269
0,40,5.00252,32.047,0.0457166,0.115046
0,40,5.5,13.1454,2.30138e-06,3.55691
0,40,5.5,13.6454,1.16931e-05,3.55697
0,40,5.50003,14.1467,0.00012058,3.5577
0,40,5.5001,14.6467,0.000517053,3.55797
0,40,5.50008,15.1477,0.000381526,3.55799
0,40,5.50009,15.6478,0.000116394,3.55838
0,40,5.50008,16.1487,0.000223576,3.55886
0,40,5.50008,16.6488,0.000305075,3.55881
0,40,5.50002,17.1499,8.3099e-05,3.55985
0,40,5.49995,17.65,-0.000262182,3.56025
0,40,5.49987,18.1513,-0.000666975,3.56282
0,40,5.49974,18.6514,-0.00133833,3.56317
0,40,5.49965,19.1528,-0.00138007,3.56672
0,40,5.49953,19.6528,0.00102056,3.56096
0,40,5.49955,20.1531,0.00880857,3.47547
0,40,5.49977,20.6523,0.0186083,3.42874
0,40,5.49984,21.1493,0.0182706,3.35413
0,40,5.49983,21.6469,0.0159577,3.25401
0,40,5.49973,22.1414,0.01187,3.14134
0,40,5.49964,22.6345,0.00831455,2.92654
0,40,5.49943,23.1252,0.00508265,2.82097
0,40,5.49924,23.6117,0.00557273,2.59583
0,40,5.49895,24.0984,0.00596585,2.42194
0,40,5.49874,24.5798,0.00834404,2.33366
0,40,5.49845,25.0606,0.0109859,2.06005
0,40,5.49825,25.5401,0.0126437,2.01164
0,40,5.49799,26.0139,0.0126414,1.80413
0,40,5.49784,26.4899,0.0164906,1.61331
0,40,5.49749,26.9604,0.0107008,1.60956
0,40,5.4976,27.4308,0.0189354,1.3795
0,40,5.49716,27.9008,0.0155809,1.35853
0,40,5.49753,28.3669,0.0131542,1.17972
0,40,5.49726,28.8337,0.00776763,1.03517
0,40,5.49779,29.2961,0.00825562,0.863934
0,40,5.49742,29.7589,-0.00996792,0.695148
0,40,5.49861,30.2178,0.0120823,0.563292
0,40,5.49812,30.6772,-0.00818151,0.378341
0,40,5.5005,31.1337,0.0341895,0.299595
0,40,5.49989,31.5915,0.0169159,0.170526
0,40,5.50122,32.0477,0.0347587,0.147333
0,40,6,13.1454,6.76333e-15,3.55691
0,40,6,13.6454,3.43868e-14,3.55697
0,40,6,14.1467,4.81558e-14,3.55767
0,40,6,14.6467,6.74645e-15,3.55804
0,40,6,15.1477,3.2344e-12,3.55764
0,40,6,15.6478,1.42007e-11,3.55836
0,40,6,16.1487,3.54423e-12,3.55923
0,40,6,16.6488,1.07201e-12,3.55867
0,40,6,17.1498,1.10793e-12,3.55938
0,40,6,17.6499,6.77161e-13,3.55979
0,40,6,18.1512,5.80677e-13,3.562
0,40,6,18.6512,2.54293e-13,3.56239
0,40,6,19.1526,5.96004e-13,3.56621
0,40,6,19.6527,9.64821e-13,3.56395
0,40,6,20.1532,1.15994e-12,3.48706
0,40,6,20.6524,-6.73797e-13,3.4378
0,40,6,21.1493,-1.80967e-12,3.35529
0,40,6,21.6469,-2.29068e-12,3.2535
0,40,6,22.1413,-8.68259e-13,3.1379
0,40,6,22.6344,-4.1707e-13,2.92329
0,40,6,23.1251,-2.80883e-13,2.81819
0,40,6,23.6115,-8.2205e-13,2.59392
0,40,6,24.0982,-3.29466e-13,2.42049
0,40,6,24.5797,-5.66569e-13,2.33352
0,40,6,25.0605,-1.55961e-12,2.061
0,40,6,25.54,-2.27925e-12,2.01199
0,40,6,26.0138,-7.27434e-13,1.80729
0,40,6,26.4899,-2.04662e-12,1.61566
0,40,6,26.9604,-2.01305e-12,1.60765
0,40,6,27.4309,-8.68836e-13,1.38436
0,40,6,27.9006,1.42839e-12,1.34845
0,40,6,28.3669,1.80628e-12,1.16807
0,40,6,28.8334,6.54124e-13,1.0323
0,40,6,29.2957,1.09331e-12,0.852238
0,40,6,29.759,1.31508e-12,0.706167
0,40,6,30.218,6.39105e-13,0.584796
0,40,6,30.6781,-8.65991e-13,0.386896
0,40,6,31.1353,-7.39804e-13,0.316202
0,40,6,31.5917,2.90974e-13,0.175369
0,40,6,32.048,1.53347e-12,0.14025
0,40,6.5,13.1454,-2.30138e-06,3.55691
0,40,6.5,13.6454,-1.16931e-05,3.55697
0,40,6.49997,14.1467,-0.00012058,3.5577
0,40,6.4999,14.6467,-0.000517053,3.55797
0,40,6.49992,15.1477,-0.000381526,3.55799
0,40,6.49991,15.6478,-0.000116394,3.55838
0,40,6.49992,16.1487,-0.000223576,3.55886
0,40,6.49992,16.6488,-0.000305075,3.55881
0,40,6.49998,17.1499,-8.3099e-05,3.55985
0,40,6.50005,17.65,0.000262182,3.56025
0,40,6.50013,18.1513,0.000666975,3.56282
0,40,6.50026,18.6514,0.00133833,3.56317
0,40,6.50035,19.1528,0.00138007,3.56672
0,40,6.50047,19.6528,-0.00102056,3.56096
0,40,6.50045,20.1531,-0.00880857,3.47547
0,40,6.50023,20.6523,-0.0186083,3.42874
0,40,6.50016,21.1493,-0.0182706,3.35413
0,40,6.50017,21.6469,-0.0159577,3.25401
0,40,6.50027,22.1414,-0.01187,3.14134
0,40,6.50036,22.6345,-0.00831455,2.92654
0,40,6.50057,23.1252,-0.00508265,2.82097
0,40,6.50076,23.6117,-0.00557273,2.59583
0,40,6.50105,24.0984,-0.00596585,2.42194
0,40,6.50126,24.5798,-0.00834404,2.33366
0,40,6.50155,25.0606,-0.0109859,2.06005
0,40,6.50175,25.5401,-0.0126437,2.01164
0,40,6.50201,26.0139,-0.0126414,1.80413
0,40,6.50216,26.4899,-0.0164906,1.61331
0,40,6.50251,26.9604,-0.0107008,1.60956
0,40,6.5024,27.4308,-0.0189354,1.3795
0,40,6.50284,27.9008,-0.0155809,1.35853
0,40,6.50247,28.3669,-0.0131542,1.17972
0,40,6.50274,28.8337,-0.00776763,1.03517
0,40,6.50221,29.2961,-0.00825562,0.863934
0,40,6.50258,29.7589,0.00996792,0.695148
0,40,6.50139,30.2178,-0.0120823,0.563292
0,40,6.50188,30.6772,0.00818151,0.378341
0,40,6.4995,31.1337,-0.0341895,0.299595
0,40,6.50011,31.5915,-0.0169159,0.170526
0,40,6.49878,32.0477,-0.0347587,0.147333
0,40,6.99998,13.1454,-0.000228749,3.55668
0,40,6.99992,13.6454,-0.00104841,3.55685
0,40,6.99992,14.1466,-0.000838227,3.55728
0,40,6.99981,14.6467,-0.000962244,3.55775
0,40,6.99983,15.1477,-0.00089185,3.55812
0,40,6.99981,15.6478,-0.000732271,3.55855
0,40,6.99988,16.1488,-0.000428257,3.55907
0,40,6.99995,16.6488,-0.000172302,3.55888
0,40,7.00009,17.15,0.000430053,3.56009
0,40,7.0003,17.6501,0.00127313,3.56042
0,40,7.00046,18.1514,-0.000251578,3.56108
0,40,7.00066,18.6514,-0.00871033,3.55999
0,40,7.00062,19.1527,-0.0228768,3.55738
0,40,7.00034,19.6527,-0.0501417,3.55161
0,40,7.00007,20.1528,-0.0522834,3.47551
0,40,6.99947,20.6521,-0.0396571,3.43664
0,40,6.99955,21.1494,-0.0229915,3.36338
0,40,6.99969,21.647,-0.0129451,3.26076
0,40,7.00004,22.1416,-0.00493188,3.14615
0,40,7.00028,22.6347,0.00283035,2.93199
0,40,7.00081,23.1255,0.011667,2.8218
0,40,7.00127,23.612,0.0119592,2.59267
0,40,7.00195,24.0988,0.0121584,2.41807
0,40,7.00242,24.5802,0.00486115,2.32619
0,40,7.00307,25.061,-0.00120771,2.05543
0,40,7.00337,25.5404,-0.0081421,2.01014
0,40,7.00392,26.0142,-0.0125675,1.80242
0,40,7.00426,26.4904,-0.00937337,1.62169
0,40,7.0048,26.9607,-0.00667412,1.60577
0,40,7.00517,27.4313,-0.0123572,1.37639
0,40,7.0059,27.9007,0.00161833,1.35455
0,40,7.00545,28.3667,-0.0270792,1.16109
0,40,7.00643,28.8331,-0.00915918,1.03531
0,40,7.0045,29.2951,-0.0346009,0.862999
0,40,7.00557,29.7582,-0.00253509,0.711741
0,40,7.00208,30.217,-0.0270414,0.592168
0,40,7.00363,30.6767,0.0224297,0.382108
0,40,6.99919,31.1342,-0.0282054,0.319417
0,40,7.00099,31.5904,0.0354511,0.159269
0,40,6.99748,32.047,-0.0457166,0.115046
0,40,7.49997,13.1453,-0.000219379,3.55575
0,40,7.49986,13.6454,-0.000933735,3.55651
0,40,7.49985,14.1465,-0.00060917,3.55777
0,40,7.49963,14.6466,-0.00124113,3.5577
0,40,7.49974,15.1477,-0.000760956,3.55843
0,40,7.4997,15.6478,-0.000748569,3.55869
0,40,7.49975,16.1489,-0.000837913,3.55915
0,40,7.49982,16.649,-0.000684867,3.55946
0,40,7.5,17.1503,5.93953e-05,3.56145
0,40,7.50025,17.6503,0.00121464,3.56144
0,40,7.50048,18.1517,0.000303653,3.55449
0,40,7.50076,18.6516,-0.00742235,3.54765
0,40,7.50079,19.1525,-0.0203137,3.52617
0,40,7.50055,19.6525,-0.04785,3.52986
0,40,7.50037,20.1522,-0.047411,3.4861
0,40,7.49998,20.6518,-0.0342539,3.45412
0,40,7.5001,21.1496,-0.0220485,3.37498
0,40,7.50029,21.6473,-0.0193584,3.26713
0,40,7.50063,22.1419,-0.0116042,3.1545
0,40,7.50096,22.6352,-0.00461237,2.94273
0,40,7.50161,23.1262,0.00390578,2.82842
0,40,7.50218,23.6127,0.00300563,2.59398
0,40,7.50303,24.0995,0.0021211,2.41531
0,40,7.50364,24.5809,-0.00862443,2.31821
0,40,7.50458,25.0616,-0.0109013,2.04766
0,40,7.5049,25.5409,-0.0298956,1.99573
0,40,7.50608,26.0147,-0.0248902,1.80253
0,40,7.50599,26.4905,-0.0375044,1.61332
0,40,7.50739,26.9612,-0.0402409,1.60211
0,40,7.50707,27.4315,-0.0372781,1.39013
0,40,7.50829,27.9009,-0.0367385,1.34911
0,40,7.50752,28.3672,-0.0322082,1.18004
0,40,7.50896,28.833,0.00306618,1.04849
0,40,7.50691,29.2952,-0.00647907,0.868076
0,40,7.50909,29.7571,0.0390848,0.704715
0,40,7.50429,30.2157,-0.0231012,0.560819
0,40,7.50786,30.6737,0.0614734,0.365622
0,40,7.49757,31.1298,-0.0838495,0.267938
0,40,7.50361,31.5879,0.0280978,0.143807
0,40,7.49362,32.0437,-0.0945207,0.118655
0,40,7.99992,13.1451,-0.000174584,3.55537
0,40,7.99958,13.6453,-0.000981866,3.55637
0,40,7.99948,14.1464,-0.00148244,3.55707
0,40,7.99952,14.6466,-0.00141116,3.55749
0,40,7.99955,15.1478,-0.00154065,3.5587
0,40,7.99957,15.6478,-0.0015387,3.55854
0,40,7.99979,16.149,-0.000760118,3.55945
0,40,8.00002,16.6491,-0.00142916,3.55823
0,40,8.00018,17.1504,-0.0118172,3.55591
0,40,8.0001,17.6504,-0.0319693,3.55703
0,40,7.99982,18.1517,-0.0386303,3.55282
0,40,7.9995,18.6517,-0.0356844,3.54831
0,40,7.99944,19.1524,-0.0224409,3.52305
0,40,7.99941,19.6524,-0.00730818,3.52601
0,40,7.9995,20.1522,-0.00483427,3.49344
0,40,7.99963,20.6518,0.000634114,3.46406
0,40,7.99973,21.1498,0.00385314,3.37806
0,40,7.99997,21.6476,0.011455,3.2742
0,40,8.00041,22.1423,0.0264913,3.1646
0,40,8.00105,22.6358,0.038115,2.95169
0,40,8.00202,23.1269,0.0505432,2.83223
0,40,8.0029,23.6135,0.0509791,2.58856
0,40,8.00412,24.1004,0.0425845,2.40519
0,40,8.00502,24.5817,0.0332927,2.30976
0,40,8.00592,25.0622,0.0104496,2.02814
0,40,8.00666,25.5419,-0.00746054,1.99674
0,40,8.00754,26.0153,-2.2702e-05,1.8039
0,40,8.00792,26.4917,-0.0292795,1.60203
0,40,8.00983,26.9623,0.00554481,1.62258
0,40,8.00956,27.4321,-0.0211952,1.36392
0,40,8.01233,27.9018,-0.00881,1.35007
0,40,8.01098,28.3666,-0.0202175,1.1763
0,40,8.01375,28.8327,-0.00455783,1.05017
0,40,8.01023,29.2936,-0.0104858,0.882103
0,40,8.01357,29.7558,0.028634,0.727406
0,40,8.00585,30.214,0.0114438,0.614359
0,40,8.01073,30.6727,0.0383122,0.39655
0,40,7.99663,31.132,-0.0440858,0.374557
0,40,8.00458,31.5854,0.0865548,0.126894
0,40,7.98894,32.0456,-0.136112,0.094701
0,40,8.49988,13.1448,-0.000292707,3.55452
0,40,8.49947,13.645,-0.0013142,3.55528
0,40,8.49957,14.1464,-0.00116503,3.5574
0,40,8.49926,14.6467,-0.00201412,3.55764
0,40,8.49945,15.1477,-0.0016665,3.55814
0,40,8.49922,15.6479,-0.00265252,3.55924
0,40,8.49967,16.1494,-0.00113685,3.56084
0,40,8.49983,16.6494,-0.000636409,3.55444
0,40,8.50016,17.1505,-0.00586754,3.53106
0,40,8.5001,17.6502,-0.0307769,3.53752
0,40,8.50017,18.1512,-0.0291645,3.55057
0,40,8.49961,18.6514,-0.0363774,3.55725
0,40,8.49985,19.1524,-0.018831,3.54703
0,40,8.49968,19.6524,-0.00697031,3.53861
0,40,8.50002,20.1523,-0.000314151,3.49257
0,40,8.49998,20.6519,-0.00400729,3.46631
0,40,8.50026,21.1499,0.00444786,3.38344
0,40,8.50048,21.648,0.0115773,3.29094
0,40,8.50111,22.1428,0.0331472,3.17714
0,40,8.50164,22.6368,0.0315631,2.96552
0,40,8.50294,23.1278,0.05964,2.84486
0,40,8.50337,23.6147,0.0408856,2.57653
0,40,8.50546,24.1018,0.0526147,2.40873
0,40,8.50548,24.5823,0.0333188,2.27782
0,40,8.50766,25.0635,0.00161452,1.99921
0,40,8.50761,25.5421,0.00397246,1.99167
0,40,8.50924,26.0158,-0.0382614,1.75627
0,40,8.50951,26.4925,-0.0408914,1.61544
0,40,8.5112,26.9623,-0.0453309,1.61398
0,40,8.51124,27.4333,-0.0582725,1.35988
0,40,8.51371,27.9027,-0.040483,1.38782
0,40,8.5133,28.3678,-0.00600939,1.19562
0,40,8.516,28.834,0.00344326,1.09309
0,40,8.5146,29.2943,0.0499338,0.909203
0,40,8.51708,29.7558,0.0552146,0.750218
0,40,8.51136,30.2106,0.0637191,0.534575
0,40,8.51536,30.6665,0.0821496,0.303504
0,40,8.49896,31.1184,-0.0209581,0.131588
0,40,8.51415,31.5726,0.0967777,0.0207337
0,40,8.47787,32.0317,-0.241736,0.133187
0,40,8.99984,13.1444,-0.000379395,3.55361
0,40,8.99917,13.6449,-0.00200611,3.55522
0,40,8.999,14.1462,-0.00260642,3.55644
0,40,8.99907,14.6465,-0.00283909,3.55711
0,40,8.99901,15.1479,-0.00288708,3.55849
0,40,8.99974,15.648,-0.000731432,3.55915
0,40,8.99956,16.1496,-0.00422302,3.55877
0,40,8.99991,16.6495,-0.0127413,3.5569
0,40,8.99941,17.1504,-0.00997542,3.52582
0,40,8.99939,17.6504,-0.00250285,3.53854
0,40,8.99936,18.1512,0.00307693,3.55038
0,40,8.99962,18.6514,0.00276275,3.55541
0,40,8.99964,19.1526,0.00219639,3.55483
0,40,8.99993,19.6525,0.0092665,3.54359
0,40,8.99984,20.1525,0.0154914,3.49694
0,40,9.00017,20.652,0.0292854,3.47248
0,40,9.00023,21.1503,0.0377749,3.39258
0,40,9.00105,21.6485,0.0584274,3.31094
0,40,9.00141,22.1434,0.0736193,3.18088
0,40,9.00277,22.638,0.0864017,2.98604
0,40,9.0037,23.1284,0.111987,2.84469
0,40,9.0051,23.6163,0.08854,2.56278
0,40,9.00683,24.1026,0.107044,2.41711
0,40,9.00717,24.5832,0.0555336,2.21907
0,40,9.00932,25.0649,0.0384093,2.00881
0,40,9.00869,25.5421,0.0238323,1.95997
0,40,9.01078,26.0177,-0.0144123,1.72667
0,40,9.01093,26.4931,0.0126744,1.63215
0,40,9.01342,26.9634,-0.00247859,1.54325
0,40,9.01466,27.4337,-0.00638692,1.32707
0,40,9.01807,27.9015,0.00359035,1.32435
0,40,9.01903,28.3647,0.0270096,1.09902
0,40,9.02251,28.8286,0.0330875,0.978051
0,40,9.02308,29.2851,0.136114,0.766031
0,40,9.02453,29.7429,0.10185,0.54376
0,40,9.02226,30.1953,0.185587,0.377513
0,40,9.0187,30.6504,0.0477117,0.194203
0,40,9.00405,31.1075,0.0508275,0.137251
0,40,8.99919,31.5704,-0.178978,0.120205
0,40,8.95861,32.0465,-0.316248,0.169768
0,40,9.50206,13.1461,0.00599917,3.55866
0,40,9.49719,13.6462,-0.00800921,3.55901
0,40,9.50067,14.1483,0.00231802,3.56274
0,40,9.498,14.6482,-0.00626838,3.56242
0,40,9.50055,15.1499,0.00212317,3.56551
0,40,9.49909,15.6499,-0.00294876,3.56555
0,40,9.501,16.1509,0.00396415,3.55536
0,40,9.4994,16.6508,-0.018935,3.5547
0,40,9.50068,17.1512,-0.00769778,3.54519
0,40,9.49876,17.6515,-0.0107659,3.55213
0,40,9.50018,18.1524,0.000584669,3.56039
0,40,9.49916,18.6526,-0.00191449,3.56126
0,40,9.50035,19.1536,0.00444455,3.56433
0,40,9.49976,19.6535,0.00805014,3.55813
0,40,9.5006,20.1535,0.0238683,3.52252
0,40,9.50004,20.6532,0.024354,3.50124
0,40,9.50113,21.152,0.0499823,3.43721
0,40,9.50077,21.6505,0.0471098,3.37311
0,40,9.50242,22.1465,0.0843332,3.26092
0,40,9.50215,22.6422,0.0823259,3.10901
0,40,9.50468,23.1342,0.116854,2.97266
0,40,9.50445,23.6241,0.114504,2.73252
0,40,9.50747,24.112,0.10757,2.60544
0,40,9.50727,24.595,0.109878,2.39178
0,40,9.50952,25.079,0.0391256,2.24128
0,40,9.50976,25.5573,0.0591852,2.1552
0,40,9.5103,26.0366,-0.0320144,1.94257
0,40,9.5121,26.5137,0.00368198,1.90653
0,40,9.51161,26.9883,-0.0414317,1.72725
0,40,9.51564,27.4653,-0.020474,1.64652
0,40,9.51539,27.9388,-0.00449509,1.61647
0,40,9.521,28.4158,0.0227115,1.49656
0,40,9.52056,28.8914,0.0628788,1.54006
0,40,9.52725,29.3665,0.118033,1.38864
0,40,9.52298,29.8411,0.10828,1.36841
0,40,9.52897,30.3082,0.118067,1.19491
0,40,9.515,30.772,0.0179022,1.07335
0,40,9.51249,31.2194,-0.0421671,0.815777
0,40,9.49675,31.6619,-0.193085,0.602884
0,40,9.48151,32.0813,-0.133633,0.206836
1,40,10,1.5,0,0
1,40,10.5,1.5,0,0
1,40,1.5,1.5,0,0
1,40,2,1.5,0,0
1,40,10,2,0,0
1,40,10.5,2,0,0
1,40,1.5,2,0,0
1,40,2,2,0,0
1,40,10,2.5,0,0
1,40,10.5,2.5,0,0
1,40,1.5,2.5,0,0
1,40,2,2.5,0,0
1,40,10,3,0,0
1,40,10.5,3,0,0
1,40,1.5,3,0,0
1,40,2,3,0,0
1,40,10,3.5,0,0
1,40,10.5,3.5,0,0
1,40,1.5,3.5,0,0
1,40,2,3.5,0,0
1,40,10,4,0,0
1,40,10.5,4,0,0
1,40,1.5,4,0,0
1,40,2,4,0,0
1,40,10,4.5,0,0
1,40,10.5,4.5,0,0
1,40,1.5,4.5,0,0
1,40,2,4.5,0,0
1,40,10,5,0,0
1,40,10.5,5,0,0
1,40,1.5,5,0,0
1,40,2,5,0,0
1,40,10,5.5,0,0
1,40,10.5,5.5,0,0
1,40,1.5,5.5,0,0
1,40,2,5.5,0,0
1,40,10,6,0,0
1,40,10.5,6,0,0
1,40,1.5,6,0,0
1,40,2,6,0,0
1,40,10,6.5,0,0
1,40,10.5,6.5,0,0
1,40,1.5,6.5,0,0
1,40,2,6.5,0,0
1,40,10,7,0,0
1,40,10.5,7,0,0
1,40,1.5,7,0,0
1,40,2,7,0,0
1,40,10,7.5,0,0
1,40,10.5,7.5,0,0
1,40,1.5,7.5,0,0
1,40,2,7.5,0,0
1,40,10,8,0,0
1,40,10.5,8,0,0
1,40,1.5,8,0,0
1,40,2,8,0,0
1,40,10,8.5,0,0
1,40,10.5,8.5,0,0
1,40,1.5,8.5,0,0
1,40,2,8.5,0,0
1,40,10,9,0,0
1,40,10.5,9,0,0
1,40,1.5,9,0,0
1,40,2,9,0,0
1,40,10,9.5,0,0
1,40,10.5,9.5,0,0
1,40,1.5,9.5,0,0
1,40,2,9.5,0,0
1,40,10,10,0,0
1,40,10.5,10,0,0
1,40,1.5,10,0,0
1,40,2,10,0,0
1,40,10,10.5,0,0
1,40,10.5,10.5,0,0
1,40,1.5,10.5,0,0
1,40,2,10.5,0,0
1,40,10,11,0,0
1,40,10.5,11,0,0
1,40,1.5,11,0,0
1,40,2,11,0,0
1,40,10,11.5,0,0
1,40,10.5,11.5,0,0
1,40,1.5,11.5,0,0
1,40,2,11.5,0,0
1,40,10,12,0,0
1,40,10.5,12,0,0
1,40,1.5,12,0,0
1,40,2,12,0,0
1,40,10,12.5,0,0
1,40,10.5,12.5,0,0
1,40,1.5,12.5,0,0
1,40,2,12.5,0,0
1,40,10,13,0,0
1,40,10.5,13,0,0
1,40,1.5,13,0,0
1,40,2,13,0,0
1,40,10,13.5,0,0
1,40,10.5,13.5,0,0
1,40,1.5,13.5,0,0
1,40,2,13.5,0,0
1,40,10,14,0,0
1,40,10.5,14,0,0
1,40,1.5,14,0,0
1,40,2,14,0,0
1,40,10,14.5,0,0
1,40,10.5,14.5,0,0
1,40,1.5,14.5,0,0
1,40,2,14.5,0,0
1,40,10,15,0,0
1,40,10.5,15,0,0
1,40,1.5,15,0,0
1,40,2,15,0,0
1,40,10,15.5,0,0
1,40,10.5,15.5,0,0
1,40,1.5,15.5,0,0
1,40,2,15.5,0,0
1,40,10,16,0,0
1,40,10.5,16,0,0
1,40,1.5,16,0,0
1,40,2,16,0,0
1,40,10,16.5,0,0
1,40,10.5,16.5,0,0
1,40,1.5,16.5,0,0
1,40,2,16.5,0,0
1,40,10,17,0,0
1,40,10.5,17,0,0
1,40,1.5,17,0,0
1,40,2,17,0,0
1,40,10,17.5,0,0
1,40,10.5,17.5,0,0
1,40,1.5,17.5,0,0
1,40,2,17.5,0,0
1,40,10,18,0,0
1,40,10.5,18,0,0
1,40,1.5,18,0,0
1,40,2,18,0,0
1,40,10,18.5,0,0
1,40,10.5,18.5,0,0
1,40,1.5,18.5,0,0
1,40,2,18.5,0,0
1,40,10,19,0,0
1,40,10.5,19,0,0
1,40,1.5,19,0,0
1,40,2,19,0,0
1,40,10,19.5,0,0
1,40,10.5,19.5,0,0
1,40,1.5,19.5,0,0
1,40,2,19.5,0,0
1,40,10,20,0,0
1,40,10.5,20,0,0
1,40,1.5,20,0,0
1,40,2,20,0,0
1,40,10,20.5,0,0
1,40,10.5,20.5,0,0
1,40,1.5,20.5,0,0
1,40,2,20.5,0,0
1,40,10,21,0,0
1,40,10.5,21,0,0
1,40,1.5,21,0,0
1,40,2,21,0,0
1,40,10,21.5,0,0
1,40,10.5,21.5,0,0
1,40,1.5,21.5,0,0
1,40,2,21.5,0,0
1,40,10,22,0,0
1,40,10.5,22,0,0
1,40,1.5,22,0,0
1,40,2,22,0,0
1,40,10,22.5,0,0
1,40,10.5,22.5,0,0
1,40,1.5,22.5,0,0
1,40,2,22.5,0,0
1,40,10,23,0,0
1,40,10.5,23,0,0
1,40,1.5,23,0,0
1,40,2,23,0,0
1,40,10,23.5,0,0
1,40,10.5,23.5,0,0
1,40,1.5,23.5,0,0
1,40,2,23.5,0,0
1,40,10,24,0,0
1,40,10.5,24,0,0
1,40,1.5,24,0,0
1,40,2,24,0,0
1,40,10,24.5,0,0
1,40,10.5,24.5,0,0
1,40,1.5,24.5,0,0
1,40,2,24.5,0,0
1,40,10,25,0,0
1,40,10.5,25,0,0
1,40,1.5,25,0,0
1,40,2,25,0,0
1,40,10,25.5,0,0
1,40,10.5,25.5,0,0
1,40,1.5,25.5,0,0
1,40,2,25.5,0,0
1,40,10,26,0,0
1,40,10.5,26,0,0
1,40,1.5,26,0,0
1,40,2,26,0,0
1,40,10,26.5,0,0
1,40,10.5,26.5,0,0
1,40,1.5,26.5,0,0
1,40,2,26.5,0,0
1,40,10,27,0,0
1,40,10.5,27,0,0
1,40,1.5,27,0,0
1,40,2,27,0,0
1,40,10,27.5,0,0
1,40,10.5,27.5,0,0
1,40,1.5,27.5,0,0
1,40,2,27.5,0,0
1,40,10,28,0,0
1,40,10.5,28,0,0
1,40,1.5,28,0,0
1,40,2,28,0,0
1,40,10,28.5,0,0
1,40,10.5,28.5,0,0
1,40,1.5,28.5,0,0
1,40,2,28.5,0,0
1,40,10,29,0,0
1,40,10.5,29,0,0
1,40,1.5,29,0,0
1,40,2,29,0,0
1,40,10,29.5,0,0
1,40,10.5,29.5,0,0
1,40,1.5,29.5,0,0
1,40,2,29.5,0,0
1,40,10,30,0,0
1,40,10.5,30,0,0
1,40,1.5,30,0,0
1,40,2,30,0,0
1,40,10,30.5,0,0
1,40,10.5,30.5,0,0
1,40,1.5,30.5,0,0
1,40,2,30.5,0,0
1,40,10,31,0,0
1,40,10.5,31,0,0
1,40,1.5,31,0,0
1,40,2,31,0,0
1,40,10,31.5,0,0
1,40,10.5,31.5,0,0
1,40,1.5,31.5,0,0
1,40,2,31.5,0,0
1,40,10,32,0,0
1,40,10.5,32,0,0
1,40,1.5,32,0,0
1,40,2,32,0,0
1,40,10,32.5,0,0
1,40,10.5,32.5,0,0
1,40,1.5,32.5,0,0
1,40,2,32.5,0,0
1,40,10,33,0,0
1,40,10.5,33,0,0
1,40,1.5,33,0,0
1,40,2,33,0,0
1,40,2.5,1.5,0,0
1,40,2.5,2,0,0
1,40,2.5,32.5,0,0
1,40,2.5,33,0,0
1,40,3,1.5,0,0
1,40,3,2,0,0
1,40,3,32.5,0,0
1,40,3,33,0,0
1,40,3.5,1.5,0,0
1,40,3.5,2,0,0
1,40,3.5,32.5,0,0
1,40,3.5,33,0,0
1,40,4,1.5,0,0
1,40,4,2,0,0
1,40,4,32.5,0,0
1,40,4,33,0,0
1,40,4.5,1.5,0,0
1,40,4.5,2,0,0
1,40,4.5,32.5,0,0
1,40,4.5,33,0,0
1,40,5,1.5,0,0
1,40,5,2,0,0
1,40,5,32.5,0,0
1,40,5,33,0,0
1,40,5.5,1.5,0,0
1,40,5.5,2,0,0
1,40,5.5,32.5,0,0
1,40,5.5,33,0,0
1,40,6,1.5,0,0
1,40,6,2,0,0
1,40,6,32.5,0,0
1,40,6,33,0,0
1,40,6.5,1.5,0,0
1,40,6.5,2,0,0
1,40,6.5,32.5,0,0
1,40,6.5,33,0,0
1,40,7,1.5,0,0
1,40,7,2,0,0
1,40,7,32.5,0,0
1,40,7,33,0,0
1,40,7.5,1.5,0,0
1,40,7.5,2,0,0
1,40,7.5,32.5,0,0
1,40,7.5,33,0,0
1,40,8,1.5,0,0
1,40,8,2,0,0
1,40,8,32.5,0,0
1,40,8,33,0,0
1,40,8.5,1.5,0,0
1,40,8.5,2,0,0
1,40,8.5,32.5,0,0
1,40,8.5,33,0,0
1,40,9,1.5,0,0
1,40,9,2,0,0
1,40,9,32.5,0,0
1,40,9,33,0,0
1,40,9.5,1.5,0,0
1,40,9.5,2,0,0
1,40,9.5,32.5,0,0
1,40,9.5,33,0,0
