916 2 0.5 203000 0 2 0 1e-05 0 9.81 45 45
0,40,2.41358,15.9138,0.61688,0.333756
0,40,2.52795,16.3754,-0.407068,0.88784
0,40,2.42857,16.8854,-0.173108,0.415845
0,40,2.45544,17.4006,0.482219,0.766693
0,40,2.46108,17.8994,-0.0354634,0.491338
0,40,2.47385,18.3997,0.268133,0.744177
0,40,2.47134,18.8843,-0.1416,0.768295
0,40,2.47271,19.3583,-0.0964936,0.656913
0,40,2.4717,19.832,-0.0907637,0.869919
0,40,2.47202,20.2989,-0.0854114,0.741013
0,40,2.47675,20.7663,-0.102675,0.78141
0,40,2.48312,21.2257,0.113386,0.616688
0,40,2.48663,21.6763,-0.02049,0.584721
0,40,2.49924,22.1251,0.346144,0.479648
0,40,2.48706,22.5615,-0.0783492,0.272577
0,40,2.49725,23.0077,0.280544,-0.0109266
0,40,2.46655,23.4347,-0.171614,-0.46226
0,40,2.47753,23.8824,0.0499495,-0.681163
0,40,2.45625,24.3055,-0.053996,-0.929559
0,40,2.44161,24.7606,-0.528572,-0.7421
0,40,2.50827,25.1833,0.703156,-0.0376049
0,40,2.41484,25.5931,-0.699091,0.0340339
0,40,2.55147,26.0157,1.32699,-0.0461
0,40,2.44314,26.3893,0.628291,-0.230891
0,40,2.3776,26.8813,-0.394242,0.285532
0,40,2.53294,27.2523,-0.457159,0.202525
0,40,2.34424,27.7224,1.60633,0.214498
0,40,2.67183,28.0048,2.05349,0.263258
0,40,2.32735,28.3237,-0.680916,-0.838021
0,40,2.38214,28.9687,0.183458,1.2567
0,40,2.82809,29.1037,1.58756,-0.633033
0,40,2.34763,29.4688,1.79026,0.072111
0,40,2.82013,29.797,-0.523846,-0.0695212
0,40,2.46648,29.8911,-0.648789,-0.350197
0,40,2.27056,30.3645,-0.426325,-0.49459
0,40,2.31399,30.9687,-0.955182,-0.29511
0,40,2.48409,31.3683,0.295165,-0.208423
0,40,2.78524,31.7063,-0.708785,-0.506783
0,40,2.25573,31.8557,-0.408494,0.397589
0,40,2.34771,32.5187,0.0398097,1.26218
0,40,2.96274,15.3567,-0.0312964,-0.649631
0,40,2.82137,15.6383,-1.04092,-1.98764
0,40,3.03488,16.1285,0.0470909,-2.24206
0,40,2.95799,16.6326,0.129311,-2.82901
0,40,2.96107,17.0883,-0.314126,-2.28812
0,40,2.99415,17.5269,0.347063,-2.5609
0,40,2.97145,17.9727,0.124815,-2.06561
0,40,2.99272,18.43,0.279157,-2.16441
0,40,2.98828,18.8821,0.102194,-1.5122
0,40,2.99289,19.3395,0.00023687,-1.63278
0,40,2.98003,19.7954,-0.335872,-1.22631
0,40,2.98517,20.2503,-0.279817,-1.29123
0,40,2.96748,20.71,-0.584485,-1.21415
0,40,2.98738,21.1703,-0.260635,-1.01575
0,40,2.96264,21.642,-0.424573,-0.908548
0,40,2.99148,22.1167,0.011155,-0.508018
0,40,2.96387,22.5902,0.0187975,-0.473763
0,40,2.9876,23.0509,0.123906,-0.297136
0,40,2.95328,23.5122,0.0439459,-0.126708
0,40,2.96204,23.9474,-0.367793,-0.164941
0,40,2.94664,24.4184,0.271313,0.404588
0,40,2.93593,24.8242,-0.656699,-0.352387
0,40,2.98323,25.3283,0.199467,0.386081
0,40,2.96227,25.729,0.519609,-0.377979
0,40,2.99088,26.227,0.119468,0.443555
0,40,2.86236,26.6786,-1.08591,0.444935
0,40,3.05128,26.9803,0.494924,-0.146774
0,40,2.85734,27.4598,-0.200072,-0.70275
0,40,3.07178,27.7968,1.07253,-0.194587
0,40,2.97945,28.3443,-0.488258,1.02344
0,40,2.67363,28.6197,-0.839604,-0.027517
0,40,3.17121,28.7682,0.195322,-2.21027
0,40,2.99161,29.4122,0.358693,0.0703466
0,40,3.20322,30.0997,0.19593,-0.0639135
0,40,2.76645,30.3128,0.129169,0.531996
0,40,2.69849,30.6658,-0.254753,-1.29121
0,40,2.83486,31.1128,-1.08849,-2.03118
0,40,3.2028,31.6125,-1.78778,1.00001
0,40,2.71943,32.0039,-0.43385,0.611995
0,40,3.14521,32.244,-0.0984028,0.916941
0,40,3.53897,15.4265,0.184262,-0.744231
0,40,3.40425,15.8476,-0.428354,-1.04916
0,40,3.46498,16.4167,0.261046,-0.142881
0,40,3.46676,16.9012,-0.252559,-0.602594
0,40,3.48762,17.4176,-0.0923736,-0.295708
0,40,3.47818,17.9266,-0.0570814,-0.280017
0,40,3.47583,18.4234,-0.0623771,-0.638285
0,40,3.48564,18.9236,0.144475,-0.378637
0,40,3.48745,19.3943,0.247847,-0.886348
0,40,3.47848,19.8694,-0.124393,-0.999013
0,40,3.50647,20.3311,0.205117,-1.08407
0,40,3.46962,20.7673,-0.392239,-1.50575
0,40,3.51205,21.2188,-0.026215,-1.75256
0,40,3.46728,21.6399,-0.457163,-1.68855
0,40,3.50625,22.0625,0.0105375,-1.91375
0,40,3.45306,22.4923,-0.690091,-1.73712
0,40,3.50789,22.9036,0.448088,-1.31142
0,40,3.41254,23.3252,-0.794536,-1.53258
0,40,3.53624,23.7435,0.674523,-1.12826
0,40,3.36535,24.1291,-0.545516,-1.28812
0,40,3.51478,24.5851,-0.636415,-1.34559
0,40,3.36537,24.9644,0.0769537,-0.926615
0,40,3.45168,25.4433,-0.380699,-1.12598
0,40,3.44128,25.8884,0.699676,-0.257447
0,40,3.3967,26.3541,-0.311913,-0.0876179
0,40,3.53882,26.7252,0.236384,-1.39774
0,40,3.39998,27.1905,-0.542079,-1.11964
0,40,3.55961,27.5156,0.0443526,-2.50381
0,40,3.46123,27.9655,1.12724,-1.93739
0,40,3.45906,28.3387,0.206698,-1.85843
0,40,3.63516,28.7792,1.42776,-0.455897
0,40,3.408,29.2097,0.173833,-1.29277
0,40,3.366,29.7213,-1.47239,0.699927
0,40,3.72134,30.0337,0.809326,-2.29481
0,40,3.17966,30.6264,0.272662,1.00785
0,40,3.49565,30.4725,0.275009,-1.8629
0,40,3.19049,31.1162,0.204714,0.994456
0,40,3.60444,31.0667,-1.25919,-0.714616
0,40,3.47686,31.6684,0.271325,-0.348012
0,40,3.59452,32.0694,-0.551523,-0.80381
0,40,3.97089,15.3567,-0.0977184,-0.919354
0,40,3.96125,15.8304,-0.0782778,-0.898697
0,40,3.99031,16.2932,-0.0129297,-1.65413
0,40,3.93936,16.7358,-0.121578,-1.97442
0,40,4.00757,17.2102,0.578829,-2.21912
0,40,3.94607,17.6525,-0.165882,-2.48096
0,40,4.01746,18.1036,0.657852,-2.45255
0,40,3.9663,18.5439,-0.147559,-2.35584
0,40,4.0096,18.9951,0.345929,-1.91297
0,40,3.99872,19.4495,-0.00630289,-1.67061
0,40,3.97422,19.9137,-0.0269813,-1.16229
0,40,4.01221,20.381,-0.204127,-0.862261
0,40,3.9755,20.8544,0.0859991,-0.460206
0,40,4.0032,21.3269,-0.0973827,-0.245784
0,40,3.98966,21.8029,0.166248,-0.194912
0,40,4.00038,22.2735,0.0657524,-0.207839
0,40,3.99327,22.7015,0.0316864,-0.67468
0,40,3.99021,23.1679,-0.531734,-0.7097
0,40,3.98468,23.5429,0.0449814,-0.670245
0,40,3.97455,24.0109,-0.766664,-0.656433
0,40,3.89938,24.3897,0.310088,-0.898318
0,40,3.97578,24.8823,0.299857,-0.532724
0,40,3.85305,25.2684,-0.0101452,-1.01484
0,40,3.98821,25.7106,-0.833187,-0.975652
0,40,3.83517,26.1518,-0.60501,-0.552999
0,40,4.07212,26.5477,-0.399165,-0.767539
0,40,3.93843,26.953,0.294562,-0.346623
0,40,4.03439,27.3348,0.0103502,-0.729859
0,40,3.95559,27.8097,0.292293,-0.142475
0,40,3.98273,28.2207,-0.349086,-0.799327
0,40,4.04005,28.6161,0.265316,-1.66823
0,40,3.92041,29.1139,-0.666001,-0.428343
0,40,3.77956,29.5153,-1.5301,-0.466612
0,40,4.11297,29.8348,0.929397,-0.218793
0,40,4.01097,30.3471,-0.00717649,0.127286
0,40,4.29978,30.5942,1.69293,-0.670595
0,40,3.843,30.8163,-0.0381294,-1.76573
0,40,3.91386,31.3601,-1.24382,-2.48736
0,40,3.99735,31.746,0.261956,0.414441
0,40,4.06463,32.2194,-0.301774,-0.76099
0,40,4.49577,15.3832,0.0339179,-0.633651
0,40,4.4801,15.8365,0.0660488,-0.804423
0,40,4.49364,16.3634,0.24178,-0.570875
0,40,4.48553,16.8433,-0.00944505,-0.964259
0,40,4.49916,17.3439,0.067881,-0.476396
0,40,4.49006,17.8359,-0.0698439,-0.640416
0,40,4.49401,18.3399,-0.00076288,-0.357448
0,40,4.48519,18.8347,0.0616906,-0.384897
0,40,4.49137,19.3277,0.295401,-0.650163
0,40,4.47639,19.8071,0.0968599,-0.866392
0,40,4.50752,20.2617,0.516897,-1.28551
0,40,4.47468,20.7223,-0.0546071,-1.55505
0,40,4.51405,21.1551,0.330072,-1.59355
0,40,4.478,21.6009,-0.0578757,-1.6566
0,40,4.48834,22.0431,0.0801934,-1.21071
0,40,4.49746,22.4924,0.165761,-0.853037
0,40,4.4623,22.9633,0.43447,-0.468457
0,40,4.54351,23.373,0.0338956,-1.32416
0,40,4.4236,23.8731,-0.0753406,0.13509
0,40,4.57402,24.2286,0.409453,-1.09461
0,40,4.32804,24.6592,-0.689573,0.250581
0,40,4.5996,25.0931,0.106393,-0.970848
0,40,4.31779,25.3892,-0.140331,0.13853
0,40,4.61577,25.8091,-0.294369,-0.56847
0,40,4.30187,26.0827,-0.16832,-1.3394
0,40,4.62125,26.3903,-0.562211,-1.34363
0,40,4.45812,26.8331,-0.329397,-1.96532
0,40,4.55595,27.2201,0.0293934,-1.43125
0,40,4.40956,27.6595,-0.480304,-1.72076
0,40,4.49165,28.0516,0.364341,-1.2467
0,40,4.49468,28.4746,0.489091,-1.35113
0,40,4.42246,28.9323,-0.660098,-0.665893
0,40,4.3157,29.346,-0.960305,-0.745266
0,40,4.55339,29.6625,-0.0361132,-1.9097
0,40,4.48704,30.1478,0.536113,-0.869205
0,40,4.76782,30.7074,1.3605,-0.301857
0,40,4.34515,31.0108,0.164761,-0.58358
0,40,4.36075,31.4177,-1.72082,-0.176086
0,40,4.43344,31.9161,0.00235048,-1.07236
0,40,4.75642,32.2123,-1.08679,-0.0346618
0,40,4.99062,15.3517,-0.047168,-0.717617
0,40,4.9865,15.8285,-0.077363,-0.975687
0,40,4.99081,16.3184,-0.0862437,-1.30201
0,40,4.97657,16.784,-0.0297912,-1.51044
0,40,4.99798,17.2707,0.15266,-1.82304
0,40,4.97461,17.7264,-0.072308,-1.90637
0,40,5.0051,18.1861,0.42695,-2.13538
0,40,4.98278,18.6369,0.00032652,-2.24529
0,40,5.00622,19.0803,0.327901,-2.00978
0,40,4.9914,19.5279,0.158904,-2.08753
0,40,4.9969,19.9746,0.332857,-1.77196
0,40,5.00221,20.437,0.178656,-1.34538
0,40,4.99457,20.8915,0.468172,-1.13659
0,40,4.99595,21.3697,0.317297,-0.86434
0,40,4.98376,21.823,0.263231,-1.05083
0,40,4.99002,22.2823,0.660909,-1.04631
0,40,4.94047,22.7388,-0.373827,-1.43014
0,40,5.04299,23.1757,0.739442,-0.594641
0,40,4.86131,23.6722,-0.319972,-1.28307
0,40,5.0964,24.092,-0.0495106,-1.12193
0,40,4.80436,24.5977,-0.655874,-1.14863
0,40,5.08541,24.9541,0.271034,-1.24807
0,40,4.91499,25.3948,-0.0139286,-1.88856
0,40,5.06967,25.848,-0.380543,-1.78401
0,40,5.06836,26.2511,0.242822,-1.6787
0,40,4.96994,26.7242,-0.443701,-1.33588
0,40,5.05212,27.1138,-0.0927668,-1.31997
0,40,4.9131,27.5595,-0.551603,-1.2627
0,40,5.00593,27.9429,-0.115499,-1.14634
0,40,4.97234,28.3464,-0.0742794,-0.956662
0,40,4.89557,28.7761,-0.879642,-0.583237
0,40,4.84063,29.2256,0.127554,-0.812902
0,40,5.10169,29.5211,1.00845,-0.698075
0,40,4.90313,29.9321,0.292725,-1.74302
0,40,4.92996,30.3779,0.363224,-1.27834
0,40,5.19773,30.8299,0.15804,0.646349
0,40,4.7985,31.1738,-0.420087,0.623462
0,40,5.19805,31.3352,-0.073189,0.821668
0,40,4.78495,31.6647,1.19699,-0.462181
0,40,5.37698,32.2065,-0.145616,1.17771
0,40,5.49865,15.3661,0.00294228,-0.685626
0,40,5.49424,15.8366,0.0055732,-0.795188
0,40,5.4996,16.3471,0.13123,-0.585874
0,40,5.49653,16.8286,0.0263883,-1.08427
0,40,5.49857,17.3206,0.125365,-0.841911
0,40,5.49911,17.809,0.0572355,-0.570744
0,40,5.4996,18.3024,0.0688456,-0.63453
0,40,5.4967,18.7947,0.106186,-0.300161
0,40,5.4992,19.2895,0.144461,-0.317251
0,40,5.49522,19.7722,0.18635,-0.610193
0,40,5.50027,20.2406,0.212265,-0.897412
0,40,5.50388,20.6993,0.364154,-1.20002
0,40,5.49238,21.1377,-0.00629734,-1.22288
0,40,5.52659,21.5701,0.661239,-1.29069
0,40,5.47241,21.9983,-0.0120007,-1.12662
0,40,5.53244,22.4101,0.10087,-0.642208
0,40,5.44569,22.8308,0.12891,-1.19306
0,40,5.55853,23.256,0.0777358,0.00453495
0,40,5.34749,23.6213,-0.486333,-1.4058
0,40,5.59952,24.0251,0.0283731,-1.46416
0,40,5.31701,24.4377,-0.503551,-0.903544
0,40,5.54965,24.7661,0.0860758,-1.24513
0,40,5.4737,25.2577,0.13775,-1.07158
0,40,5.46803,25.6364,-0.0665869,-0.78244
0,40,5.57266,26.1154,0.178511,-0.756131
0,40,5.48197,26.5445,-0.56192,-0.593604
0,40,5.53458,26.9406,-0.228018,-0.924988
0,40,5.45118,27.387,-0.516189,0.310383
0,40,5.50069,27.756,-0.493411,-0.468967
0,40,5.48163,28.1792,-0.00797329,0.21678
0,40,5.48546,28.5707,-0.11765,0.21242
0,40,5.32169,28.9254,-0.732885,-1.0828
0,40,5.51103,29.2545,0.515788,-0.56045
0,40,5.54872,29.7027,0.633397,-0.920606
0,40,5.36493,30.071,0.768544,-0.355249
0,40,5.48179,30.3837,0.121166,-0.70165
0,40,5.57401,30.8488,-0.295657,-1.08628
0,40,5.60532,31.3184,1.18315,-0.91882
0,40,5.13151,31.8091,0.392688,0.537305
0,40,5.5479,31.8047,-0.165411,0.0927926
0,40,6,15.3506,5.47612e-12,-0.708901
0,40,6,15.8313,2.25014e-11,-0.880248
0,40,6,16.3245,-2.84252e-11,-1.18158
0,40,6,16.7921,-1.27968e-10,-1.42908
0,40,6,17.2853,1.9934e-11,-1.59252
0,40,6,17.7433,-3.71502e-11,-1.74545
0,40,6,18.2055,-8.68605e-10,-1.91978
0,40,6,18.6634,1.20192e-09,-2.00412
0,40,6,19.1093,-9.80783e-10,-1.87038
0,40,6,19.5577,-1.63424e-10,-2.02239
0,40,6,20.0101,1.2424e-10,-1.69091
0,40,6,20.4705,1.6096e-10,-1.39471
0,40,6,20.9339,-8.44942e-11,-1.10931
0,40,6,21.4206,3.10541e-10,-0.769228
0,40,6,21.8975,2.21471e-10,-0.535314
0,40,6,22.4014,-3.13869e-10,-0.674112
0,40,6,22.8279,5.75254e-10,-0.738934
0,40,6,23.3363,-1.40471e-09,-2.11605
0,40,6,23.7423,1.34965e-10,-0.0510909
0,40,6,24.2249,1.92118e-10,-0.953557
0,40,6,24.6487,2.65904e-11,-1.21683
0,40,6,25.0683,-2.44578e-10,-1.55699
0,40,6,25.4677,1.17375e-10,-1.37254
0,40,6,25.8494,-4.39221e-11,-1.07313
0,40,6,26.3254,3.84621e-11,-1.07655
0,40,6,26.7563,1.68317e-12,-0.509799
0,40,6,27.1988,7.87796e-11,-0.86471
0,40,6,27.5647,-3.75945e-12,-1.69673
0,40,6,27.9904,-8.05667e-12,-1.56406
0,40,6,28.3779,-1.09809e-10,-2.16341
0,40,6,28.767,-8.79892e-11,-1.42904
0,40,6,29.0869,3.67769e-11,-1.7837
0,40,6,29.4865,2.25491e-11,-0.894238
0,40,6,29.9239,-1.49754e-10,-0.938757
0,40,6,30.2498,3.22814e-10,-0.439354
0,40,6,30.6153,-4.2181e-11,-1.13876
0,40,6,31.0661,2.71265e-11,0.0510342
0,40,6,31.5714,8.84571e-12,-0.171388
0,40,6,31.9229,1.07205e-10,-0.19541
0,40,6,32.4119,-9.55556e-12,-0.130991
0,40,6.50135,15.3661,-0.00294228,-0.685626
0,40,6.50576,15.8366,-0.0055732,-0.795188
0,40,6.5004,16.3471,-0.13123,-0.585874
0,40,6.50347,16.8286,-0.0263883,-1.08427
0,40,6.50143,17.3206,-0.125365,-0.841911
0,40,6.50089,17.809,-0.0572355,-0.570744
0,40,6.5004,18.3024,-0.0688456,-0.63453
0,40,6.5033,18.7947,-0.106186,-0.300161
0,40,6.5008,19.2895,-0.144461,-0.317251
0,40,6.50478,19.7722,-0.18635,-0.610193
0,40,6.49973,20.2406,-0.212265,-0.897412
0,40,6.49612,20.6993,-0.364154,-1.20002
0,40,6.50762,21.1377,0.00629734,-1.22288
0,40,6.47341,21.5701,-0.661239,-1.29069
0,40,6.52759,21.9983,0.0120007,-1.12662
0,40,6.46756,22.4101,-0.10087,-0.642208
0,40,6.55431,22.8308,-0.12891,-1.19306
0,40,6.44147,23.256,-0.0777358,0.00453495
0,40,6.65251,23.6213,0.486333,-1.4058
0,40,6.40048,24.0251,-0.0283731,-1.46416
0,40,6.68299,24.4377,0.503551,-0.903544
0,40,6.45035,24.7661,-0.0860758,-1.24513
0,40,6.5263,25.2577,-0.13775,-1.07158
0,40,6.53197,25.6364,0.0665869,-0.78244
0,40,6.42734,26.1154,-0.178511,-0.756131
0,40,6.51803,26.5445,0.56192,-0.593604
0,40,6.46542,26.9406,0.228018,-0.924988
0,40,6.54882,27.387,0.516189,0.310383
0,40,6.49931,27.756,0.493411,-0.468967
0,40,6.51837,28.1792,0.00797329,0.21678
0,40,6.51454,28.5707,0.11765,0.21242
0,40,6.67831,28.9254,0.732885,-1.0828
0,40,6.48897,29.2545,-0.515788,-0.56045
0,40,6.45128,29.7027,-0.633397,-0.920606
0,40,6.63507,30.071,-0.768544,-0.355249
0,40,6.51821,30.3837,-0.121166,-0.70165
0,40,6.42599,30.8488,0.295657,-1.08628
0,40,6.39468,31.3184,-1.18315,-0.91882
0,40,6.86849,31.8091,-0.392688,0.537305
0,40,6.4521,31.8047,0.165411,0.0927926
0,40,7.00938,15.3517,0.047168,-0.717617
0,40,7.0135,15.8285,0.077363,-0.975687
0,40,7.00919,16.3184,0.0862437,-1.30201
0,40,7.02343,16.784,0.0297912,-1.51044
0,40,7.00202,17.2707,-0.15266,-1.82304
0,40,7.02539,17.7264,0.072308,-1.90637
0,40,6.9949,18.1861,-0.42695,-2.13538
0,40,7.01722,18.6369,-0.000326518,-2.24529
0,40,6.99378,19.0803,-0.327901,-2.00978
0,40,7.0086,19.5279,-0.158904,-2.08753
0,40,7.0031,19.9746,-0.332857,-1.77196
0,40,6.99779,20.437,-0.178656,-1.34538
0,40,7.00543,20.8915,-0.468172,-1.13659
0,40,7.00405,21.3697,-0.317297,-0.86434
0,40,7.01624,21.823,-0.263231,-1.05083
0,40,7.00998,22.2823,-0.660909,-1.04631
0,40,7.05953,22.7388,0.373827,-1.43014
0,40,6.95701,23.1757,-0.739442,-0.594641
0,40,7.13869,23.6722,0.319972,-1.28307
0,40,6.9036,24.092,0.0495106,-1.12193
0,40,7.19564,24.5977,0.655874,-1.14863
0,40,6.91459,24.9541,-0.271034,-1.24807
0,40,7.08501,25.3948,0.0139286,-1.88856
0,40,6.93033,25.848,0.380543,-1.78401
0,40,6.93164,26.2511,-0.242822,-1.6787
0,40,7.03006,26.7242,0.443701,-1.33588
0,40,6.94788,27.1138,0.0927668,-1.31997
0,40,7.0869,27.5595,0.551603,-1.2627
0,40,6.99407,27.9429,0.115499,-1.14634
0,40,7.02766,28.3464,0.0742794,-0.956662
0,40,7.10443,28.7761,0.879642,-0.583237
0,40,7.15937,29.2256,-0.127554,-0.812902
0,40,6.89831,29.5211,-1.00845,-0.698075
0,40,7.09687,29.9321,-0.292725,-1.74302
0,40,7.07004,30.3779,-0.363224,-1.27834
0,40,6.80227,30.8299,-0.15804,0.646349
0,40,7.2015,31.1738,0.420087,0.623462
0,40,6.80195,31.3352,0.073189,0.821668
0,40,7.21505,31.6647,-1.19699,-0.462181
0,40,6.62302,32.2065,0.145616,1.17771
0,40,7.50423,15.3832,-0.0339179,-0.633651
0,40,7.5199,15.8365,-0.0660488,-0.804423
0,40,7.50636,16.3634,-0.24178,-0.570875
0,40,7.51447,16.8433,0.00944505,-0.964259
0,40,7.50084,17.3439,-0.067881,-0.476396
0,40,7.50994,17.8359,0.0698439,-0.640416
0,40,7.50599,18.3399,0.000762881,-0.357448
0,40,7.51481,18.8347,-0.0616906,-0.384897
0,40,7.50863,19.3277,-0.295401,-0.650163
0,40,7.52361,19.8071,-0.0968599,-0.866392
0,40,7.49248,20.2617,-0.516897,-1.28551
0,40,7.52532,20.7223,0.0546071,-1.55505
0,40,7.48595,21.1551,-0.330072,-1.59355
0,40,7.522,21.6009,0.0578757,-1.6566
0,40,7.51166,22.0431,-0.0801934,-1.21071
0,40,7.50254,22.4924,-0.165761,-0.853037
0,40,7.5377,22.9633,-0.43447,-0.468457
0,40,7.45649,23.373,-0.0338956,-1.32416
0,40,7.5764,23.8731,0.0753406,0.13509
0,40,7.42598,24.2286,-0.409453,-1.09461
0,40,7.67196,24.6592,0.689573,0.250581
0,40,7.4004,25.0931,-0.106393,-0.970848
0,40,7.68221,25.3892,0.140331,0.13853
0,40,7.38423,25.8091,0.294369,-0.56847
0,40,7.69813,26.0827,0.16832,-1.3394
0,40,7.37875,26.3903,0.562211,-1.34363
0,40,7.54188,26.8331,0.329397,-1.96532
0,40,7.44405,27.2201,-0.0293934,-1.43125
0,40,7.59044,27.6595,0.480304,-1.72076
0,40,7.50835,28.0516,-0.364341,-1.2467
0,40,7.50532,28.4746,-0.489091,-1.35113
0,40,7.57754,28.9323,0.660098,-0.665893
0,40,7.6843,29.346,0.960305,-0.745266
0,40,7.44661,29.6625,0.0361132,-1.9097
0,40,7.51296,30.1478,-0.536113,-0.869205
0,40,7.23218,30.7074,-1.3605,-0.301857
0,40,7.65485,31.0108,-0.164761,-0.58358
0,40,7.63925,31.4177,1.72082,-0.176086
0,40,7.56656,31.9161,-0.00235048,-1.07236
0,40,7.24358,32.2123,1.08679,-0.0346618
0,40,8.02911,15.3567,0.0977184,-0.919354
0,40,8.03875,15.8304,0.0782778,-0.898697
0,40,8.00969,16.2932,0.0129297,-1.65413
0,40,8.06064,16.7358,0.121578,-1.97442
0,40,7.99243,17.2102,-0.578829,-2.21912
0,40,8.05393,17.6525,0.165882,-2.48096
0,40,7.98254,18.1036,-0.657852,-2.45255
0,40,8.0337,18.5439,0.147559,-2.35584
0,40,7.9904,18.9951,-0.345929,-1.91297
0,40,8.00128,19.4495,0.00630289,-1.67061
0,40,8.02578,19.9137,0.0269813,-1.16229
0,40,7.98779,20.381,0.204127,-0.862261
0,40,8.0245,20.8544,-0.0859991,-0.460206
0,40,7.9968,21.3269,0.0973827,-0.245784
0,40,8.01034,21.8029,-0.166248,-0.194912
0,40,7.99962,22.2735,-0.0657524,-0.207839
0,40,8.00673,22.7015,-0.0316864,-0.67468
0,40,8.00979,23.1679,0.531734,-0.7097
0,40,8.01532,23.5429,-0.0449814,-0.670245
0,40,8.02545,24.0109,0.766664,-0.656433
0,40,8.10062,24.3897,-0.310088,-0.898318
0,40,8.02422,24.8823,-0.299857,-0.532724
0,40,8.14695,25.2684,0.0101452,-1.01484
0,40,8.01179,25.7106,0.833187,-0.975652
0,40,8.16483,26.1518,0.60501,-0.552999
0,40,7.92788,26.5477,0.399165,-0.767539
0,40,8.06157,26.953,-0.294562,-0.346623
0,40,7.96561,27.3348,-0.0103502,-0.729859
0,40,8.04441,27.8097,-0.292293,-0.142475
0,40,8.01727,28.2207,0.349086,-0.799327
0,40,7.95995,28.6161,-0.265316,-1.66823
0,40,8.07959,29.1139,0.666001,-0.428343
0,40,8.22044,29.5153,1.5301,-0.466612
0,40,7.88703,29.8348,-0.929397,-0.218793
0,40,7.98903,30.3471,0.00717649,0.127286
0,40,7.70022,30.5942,-1.69293,-0.670595
0,40,8.157,30.8163,0.0381294,-1.76573
0,40,8.08614,31.3601,1.24382,-2.48736
0,40,8.00265,31.746,-0.261956,0.414441
0,40,7.93537,32.2194,0.301774,-0.76099
0,40,8.46103,15.4265,-0.184262,-0.744231
0,40,8.59575,15.8476,0.428354,-1.04916
0,40,8.53502,16.4167,-0.261046,-0.142881
0,40,8.53324,16.9012,0.252559,-0.602594
0,40,8.51238,17.4176,0.0923736,-0.295708
0,40,8.52182,17.9266,0.0570814,-0.280017
0,40,8.52417,18.4234,0.0623771,-0.638285
0,40,8.51436,18.9236,-0.144475,-0.378637
0,40,8.51255,19.3943,-0.247847,-0.886348
0,40,8.52152,19.8694,0.124393,-0.999013
0,40,8.49353,20.3311,-0.205117,-1.08407
0,40,8.53038,20.7673,0.392239,-1.50575
0,40,8.48795,21.2188,0.026215,-1.75256
0,40,8.53272,21.6399,0.457163,-1.68855
0,40,8.49375,22.0625,-0.0105375,-1.91375
0,40,8.54694,22.4923,0.690091,-1.73712
0,40,8.49211,22.9036,-0.448088,-1.31142
0,40,8.58746,23.3252,0.794536,-1.53258
0,40,8.46376,23.7435,-0.674523,-1.12826
0,40,8.63465,24.1291,0.545516,-1.28812
0,40,8.48522,24.5851,0.636415,-1.34559
0,40,8.63463,24.9644,-0.0769537,-0.926615
0,40,8.54832,25.4433,0.380699,-1.12598
0,40,8.55872,25.8884,-0.699676,-0.257447
0,40,8.6033,26.3541,0.311913,-0.0876179
0,40,8.46118,26.7252,-0.236384,-1.39774
0,40,8.60002,27.1905,0.542079,-1.11964
0,40,8.44039,27.5156,-0.0443526,-2.50381
0,40,8.53877,27.9655,-1.12724,-1.93739
0,40,8.54094,28.3387,-0.206698,-1.85843
0,40,8.36484,28.7792,-1.42776,-0.455897
0,40,8.592,29.2097,-0.173833,-1.29277
0,40,8.634,29.7213,1.47239,0.699927
0,40,8.27866,30.0337,-0.809326,-2.29481
0,40,8.82034,30.6264,-0.272662,1.00785
0,40,8.50435,30.4725,-0.275009,-1.8629
0,40,8.80951,31.1162,-0.204714,0.994456
0,40,8.39556,31.0667,1.25919,-0.714616
0,40,8.52314,31.6684,-0.271325,-0.348012
0,40,8.40548,32.0694,0.551523,-0.80381
0,40,9.03726,15.3567,0.0312964,-0.649631
0,40,9.17863,15.6383,1.04092,-1.98764
0,40,8.96512,16.1285,-0.0470909,-2.24206
0,40,9.04201,16.6326,-0.129311,-2.82901
0,40,9.03893,17.0883,0.314126,-2.28812
0,40,9.00585,17.5269,-0.347063,-2.5609
0,40,9.02855,17.9727,-0.124815,-2.06561
0,40,9.00728,18.43,-0.279157,-2.16441
0,40,9.01172,18.8821,-0.102194,-1.5122
0,40,9.00711,19.3395,-0.00023687,-1.63278
0,40,9.01997,19.7954,0.335872,-1.22631
0,40,9.01483,20.2503,0.279817,-1.29123
0,40,9.03252,20.71,0.584485,-1.21415
0,40,9.01262,21.1703,0.260635,-1.01575
0,40,9.03736,21.642,0.424573,-0.908548
0,40,9.00852,22.1167,-0.011155,-0.508018
0,40,9.03613,22.5902,-0.0187975,-0.473763
0,40,9.0124,23.0509,-0.123906,-0.297136
0,40,9.04672,23.5122,-0.0439459,-0.126708
0,40,9.03796,23.9474,0.367793,-0.164941
0,40,9.05336,24.4184,-0.271313,0.404588
0,40,9.06407,24.8242,0.656699,-0.352387
0,40,9.01677,25.3283,-0.199467,0.386081
0,40,9.03773,25.729,-0.519609,-0.377979
0,40,9.00912,26.227,-0.119468,0.443555
0,40,9.13764,26.6786,1.08591,0.444935
0,40,8.94872,26.9803,-0.494924,-0.146774
0,40,9.14266,27.4598,0.200072,-0.70275
0,40,8.92822,27.7968,-1.07253,-0.194587
0,40,9.02055,28.3443,0.488258,1.02344
0,40,9.32637,28.6197,0.839604,-0.027517
0,40,8.82879,28.7682,-0.195322,-2.21027
0,40,9.00839,29.4122,-0.358693,0.0703466
0,40,8.79678,30.0997,-0.19593,-0.0639135
0,40,9.23355,30.3128,-0.129169,0.531996
0,40,9.30151,30.6658,0.254753,-1.29121
0,40,9.16514,31.1128,1.08849,-2.03118
0,40,8.7972,31.6125,1.78778,1.00001
0,40,9.28057,32.0039,0.43385,0.611995
0,40,8.85479,32.244,0.0984028,0.916941
0,40,9.58642,15.9138,-0.61688,0.333756
0,40,9.47205,16.3754,0.407068,0.88784
0,40,9.57143,16.8854,0.173108,0.415845
0,40,9.54456,17.4006,-0.482219,0.766693
0,40,9.53892,17.8994,0.0354634,0.491338
0,40,9.52615,18.3997,-0.268133,0.744177
0,40,9.52866,18.8843,0.1416,0.768295
0,40,9.52729,19.3583,0.0964936,0.656913
0,40,9.5283,19.832,0.0907637,0.869919
0,40,9.52798,20.2989,0.0854114,0.741013
0,40,9.52325,20.7663,0.102675,0.78141
0,40,9.51688,21.2257,-0.113386,0.616688
0,40,9.51337,21.6763,0.02049,0.584721
0,40,9.50076,22.1251,-0.346144,0.479648
0,40,9.51294,22.5615,0.0783492,0.272577
0,40,9.50275,23.0077,-0.280544,-0.0109266
0,40,9.53345,23.4347,0.171614,-0.46226
0,40,9.52247,23.8824,-0.0499495,-0.681163
0,40,9.54375,24.3055,0.053996,-0.929559
0,40,9.55839,24.7606,0.528572,-0.7421
0,40,9.49173,25.1833,-0.703156,-0.0376049
0,40,9.58516,25.5931,0.699091,0.0340339
0,40,9.44853,26.0157,-1.32699,-0.0461
0,40,9.55686,26.3893,-0.628291,-0.230891
0,40,9.6224,26.8813,0.394242,0.285532
0,40,9.46706,27.2523,0.457159,0.202525
0,40,9.65576,27.7224,-1.60633,0.214498
0,40,9.32817,28.0048,-2.05349,0.263258
0,40,9.67265,28.3237,0.680916,-0.838021
0,40,9.61786,28.9687,-0.183458,1.2567
0,40,9.17191,29.1037,-1.58756,-0.633033
0,40,9.65237,29.4688,-1.79026,0.072111
0,40,9.17987,29.797,0.523846,-0.0695212
0,40,9.53352,29.8911,0.648789,-0.350197
0,40,9.72944,30.3645,0.426325,-0.49459
0,40,9.68601,30.9687,0.955182,-0.29511
0,40,9.51591,31.3683,-0.295165,-0.208423
0,40,9.21476,31.7063,0.708785,-0.506783
0,40,9.74427,31.8557,0.408494,0.397589
0,40,9.65229,32.5187,-0.0398097,1.26218
1,40,10,1.5,0,0
1,40,10.5,1.5,0,0
1,40,1.5,1.5,0,0
1,40,2,1.5,0,0
1,40,10,2,0,0
1,40,10.5,2,0,0
1,40,1.5,2,0,0
1,40,2,2,0,0
1,40,10,2.5,0,0
1,40,10.5,2.5,0,0
1,40,1.5,2.5,0,0
1,40,2,2.5,0,0
1,40,10,3,0,0
1,40,10.5,3,0,0
1,40,1.5,3,0,0
1,40,2,3,0,0
1,40,10,3.5,0,0
1,40,10.5,3.5,0,0
1,40,1.5,3.5,0,0
1,40,2,3.5,0,0
1,40,10,4,0,0
1,40,10.5,4,0,0
1,40,1.5,4,0,0
1,40,2,4,0,0
1,40,10,4.5,0,0
1,40,10.5,4.5,0,0
1,40,1.5,4.5,0,0
1,40,2,4.5,0,0
1,40,10,5,0,0
1,40,10.5,5,0,0
1,40,1.5,5,0,0
1,40,2,5,0,0
1,40,10,5.5,0,0
1,40,10.5,5.5,0,0
1,40,1.5,5.5,0,0
1,40,2,5.5,0,0
1,40,10,6,0,0
1,40,10.5,6,0,0
1,40,1.5,6,0,0
1,40,2,6,0,0
1,40,10,6.5,0,0
1,40,10.5,6.5,0,0
1,40,1.5,6.5,0,0
1,40,2,6.5,0,0
1,40,10,7,0,0
1,40,10.5,7,0,0
1,40,1.5,7,0,0
1,40,2,7,0,0
1,40,10,7.5,0,0
1,40,10.5,7.5,0,0
1,40,1.5,7.5,0,0
1,40,2,7.5,0,0
1,40,10,8,0,0
1,40,10.5,8,0,0
1,40,1.5,8,0,0
1,40,2,8,0,0
1,40,10,8.5,0,0
1,40,10.5,8.5,0,0
1,40,1.5,8.5,0,0
1,40,2,8.5,0,0
1,40,10,9,0,0
1,40,10.5,9,0,0
1,40,1.5,9,0,0
1,40,2,9,0,0
1,40,10,9.5,0,0
1,40,10.5,9.5,0,0
1,40,1.5,9.5,0,0
1,40,2,9.5,0,0
1,40,10,10,0,0
1,40,10.5,10,0,0
1,40,1.5,10,0,0
1,40,2,10,0,0
1,40,10,10.5,0,0
1,40,10.5,10.5,0,0
1,40,1.5,10.5,0,0
1,40,2,10.5,0,0
1,40,10,11,0,0
1,40,10.5,11,0,0
1,40,1.5,11,0,0
1,40,2,11,0,0
1,40,10,11.5,0,0
1,40,10.5,11.5,0,0
1,40,1.5,11.5,0,0
1,40,2,11.5,0,0
1,40,10,12,0,0
1,40,10.5,12,0,0
1,40,1.5,12,0,0
1,40,2,12,0,0
1,40,10,12.5,0,0
1,40,10.5,12.5,0,0
1,40,1.5,12.5,0,0
1,40,2,12.5,0,0
1,40,10,13,0,0
1,40,10.5,13,0,0
1,40,1.5,13,0,0
1,40,2,13,0,0
1,40,10,13.5,0,0
1,40,10.5,13.5,0,0
1,40,1.5,13.5,0,0
1,40,2,13.5,0,0
1,40,10,14,0,0
1,40,10.5,14,0,0
1,40,1.5,14,0,0
1,40,2,14,0,0
1,40,10,14.5,0,0
1,40,10.5,14.5,0,0
1,40,1.5,14.5,0,0
1,40,2,14.5,0,0
1,40,10,15,0,0
1,40,10.5,15,0,0
1,40,1.5,15,0,0
1,40,2,15,0,0
1,40,10,15.5,0,0
1,40,10.5,15.5,0,0
1,40,1.5,15.5,0,0
1,40,2,15.5,0,0
1,40,10,16,0,0
1,40,10.5,16,0,0
1,40,1.5,16,0,0
1,40,2,16,0,0
1,40,10,16.5,0,0
1,40,10.5,16.5,0,0
1,40,1.5,16.5,0,0
1,40,2,16.5,0,0
1,40,10,17,0,0
1,40,10.5,17,0,0
1,40,1.5,17,0,0
1,40,2,17,0,0
1,40,10,17.5,0,0
1,40,10.5,17.5,0,0
1,40,1.5,17.5,0,0
1,40,2,17.5,0,0
1,40,10,18,0,0
1,40,10.5,18,0,0
1,40,1.5,18,0,0
1,40,2,18,0,0
1,40,10,18.5,0,0
1,40,10.5,18.5,0,0
1,40,1.5,18.5,0,0
1,40,2,18.5,0,0
1,40,10,19,0,0
1,40,10.5,19,0,0
1,40,1.5,19,0,0
1,40,2,19,0,0
1,40,10,19.5,0,0
1,40,10.5,19.5,0,0
1,40,1.5,19.5,0,0
1,40,2,19.5,0,0
1,40,10,20,0,0
1,40,10.5,20,0,0
1,40,1.5,20,0,0
1,40,2,20,0,0
1,40,10,20.5,0,0
1,40,10.5,20.5,0,0
1,40,1.5,20.5,0,0
1,40,2,20.5,0,0
1,40,10,21,0,0
1,40,10.5,21,0,0
1,40,1.5,21,0,0
1,40,2,21,0,0
1,40,10,21.5,0,0
1,40,10.5,21.5,0,0
1,40,1.5,21.5,0,0
1,40,2,21.5,0,0
1,40,10,22,0,0
1,40,10.5,22,0,0
1,40,1.5,22,0,0
1,40,2,22,0,0
1,40,10,22.5,0,0
1,40,10.5,22.5,0,0
1,40,1.5,22.5,0,0
1,40,2,22.5,0,0
1,40,10,23,0,0
1,40,10.5,23,0,0
1,40,1.5,23,0,0
1,40,2,23,0,0
1,40,10,23.5,0,0
1,40,10.5,23.5,0,0
1,40,1.5,23.5,0,0
1,40,2,23.5,0,0
1,40,10,24,0,0
1,40,10.5,24,0,0
1,40,1.5,24,0,0
1,40,2,24,0,0
1,40,10,24.5,0,0
1,40,10.5,24.5,0,0
1,40,1.5,24.5,0,0
1,40,2,24.5,0,0
1,40,10,25,0,0
1,40,10.5,25,0,0
1,40,1.5,25,0,0
1,40,2,25,0,0
1,40,10,25.5,0,0
1,40,10.5,25.5,0,0
1,40,1.5,25.5,0,0
1,40,2,25.5,0,0
1,40,10,26,0,0
1,40,10.5,26,0,0
1,40,1.5,26,0,0
1,40,2,26,0,0
1,40,10,26.5,0,0
1,40,10.5,26.5,0,0
1,40,1.5,26.5,0,0
1,40,2,26.5,0,0
1,40,10,27,0,0
1,40,10.5,27,0,0
1,40,1.5,27,0,0
1,40,2,27,0,0
1,40,10,27.5,0,0
1,40,10.5,27.5,0,0
1,40,1.5,27.5,0,0
1,40,2,27.5,0,0
1,40,10,28,0,0
1,40,10.5,28,0,0
1,40,1.5,28,0,0
1,40,2,28,0,0
1,40,10,28.5,0,0
1,40,10.5,28.5,0,0
1,40,1.5,28.5,0,0
1,40,2,28.5,0,0
1,40,10,29,0,0
1,40,10.5,29,0,0
1,40,1.5,29,0,0
1,40,2,29,0,0
1,40,10,29.5,0,0
1,40,10.5,29.5,0,0
1,40,1.5,29.5,0,0
1,40,2,29.5,0,0
1,40,10,30,0,0
1,40,10.5,30,0,0
1,40,1.5,30,0,0
1,40,2,30,0,0
1,40,10,30.5,0,0
1,40,10.5,30.5,0,0
1,40,1.5,30.5,0,0
1,40,2,30.5,0,0
1,40,10,31,0,0
1,40,10.5,31,0,0
1,40,1.5,31,0,0
1,40,2,31,0,0
1,40,10,31.5,0,0
1,40,10.5,31.5,0,0
1,40,1.5,31.5,0,0
1,40,2,31.5,0,0
1,40,10,32,0,0
1,40,10.5,32,0,0
1,40,1.5,32,0,0
1,40,2,32,0,0
1,40,10,32.5,0,0
1,40,10.5,32.5,0,0
1,40,1.5,32.5,0,0
1,40,2,32.5,0,0
1,40,10,33,0,0
1,40,10.5,33,0,0
1,40,1.5,33,0,0
1,40,2,33,0,0
1,40,2.5,1.5,0,0
1,40,2.5,2,0,0
1,40,2.5,32.5,0,0
1,40,2.5,33,0,0
1,40,3,1.5,0,0
1,40,3,2,0,0
1,40,3,32.5,0,0
1,40,3,33,0,0
1,40,3.5,1.5,0,0
1,40,3.5,2,0,0
1,40,3.5,32.5,0,0
1,40,3.5,33,0,0
1,40,4,1.5,0,0
1,40,4,2,0,0
1,40,4,32.5,0,0
1,40,4,33,0,0
1,40,4.5,1.5,0,0
1,40,4.5,2,0,0
1,40,4.5,32.5,0,0
1,40,4.5,33,0,0
1,40,5,1.5,0,0
1,40,5,2,0,0
1,40,5,32.5,0,0
1,40,5,33,0,0
1,40,5.5,1.5,0,0
1,40,5.5,2,0,0
1,40,5.5,32.5,0,0
1,40,5.5,33,0,0
1,40,6,1.5,0,0
1,40,6,2,0,0
1,40,6,32.5,0,0
1,40,6,33,0,0
1,40,6.5,1.5,0,0
1,40,6.5,2,0,0
1,40,6.5,32.5,0,0
1,40,6.5,33,0,0
1,40,7,1.5,0,0
1,40,7,2,0,0
1,40,7,32.5,0,0
1,40,7,33,0,0
1,40,7.5,1.5,0,0
1,40,7.5,2,0,0
1,40,7.5,32.5,0,0
1,40,7.5,33,0,0
1,40,8,1.5,0,0
1,40,8,2,0,0
1,40,8,32.5,0,0
1,40,8,33,0,0
1,40,8.5,1.5,0,0
1,40,8.5,2,0,0
1,40,8.5,32.5,0,0
1,40,8.5,33,0,0
1,40,9,1.5,0,0
1,40,9,2,0,0
1,40,9,32.5,0,0
1,40,9,33,0,0
1,40,9.5,1.5,0,0
1,40,9.5,2,0,0
1,40,9.5,32.5,0,0
1,40,9.5,33,0,0
