916 2 0.5 203000 0 2 0 1e-05 0 9.81 45 45
0,40,2.49885,12.7185,-0.00594652,2.06759
0,40,2.50158,13.2185,0.00822802,2.06789
0,40,2.49968,13.7201,-0.00226624,2.07157
0,40,2.50105,14.2201,0.00626838,2.0713
0,40,2.49977,14.7213,-0.00212317,2.07439
0,40,2.50046,15.2213,0.00294876,2.07443
0,40,2.4996,15.7223,-0.00394442,2.07791
0,40,2.49991,16.2224,-0.00141225,2.07818
0,40,2.49934,16.7232,-0.00718562,2.08211
0,40,2.49944,17.2232,-0.00662239,2.08249
0,40,2.49909,17.7239,-0.011388,2.08662
0,40,2.49909,18.2239,-0.0122588,2.087
0,40,2.4989,18.7243,-0.0160295,2.0897
0,40,2.49891,19.2243,-0.0161216,2.08977
0,40,2.49882,19.7246,-0.0181963,2.09375
0,40,2.49883,20.2246,-0.0177603,2.09426
0,40,2.4988,20.7247,-0.0190997,2.09864
0,40,2.4988,21.2247,-0.0190567,2.09885
0,40,2.49879,21.7248,-0.0195175,2.10029
0,40,2.49879,22.2248,-0.0195377,2.10032
0,40,2.49879,22.7248,-0.0198181,2.10004
0,40,2.49879,23.2247,-0.019889,2.09987
0,40,2.49877,23.7247,-0.0209889,2.09618
0,40,2.49877,24.2247,-0.0212973,2.09498
0,40,2.49868,24.7244,-0.0263568,2.07769
0,40,2.49866,25.2243,-0.0272862,2.07115
0,40,2.4983,25.723,-0.0450378,2.01257
0,40,2.49826,26.2226,-0.0460771,1.98361
0,40,2.49705,26.7186,-0.0900957,1.85107
0,40,2.49713,27.2166,-0.0849768,1.7552
0,40,2.49417,27.7077,-0.154035,1.58943
0,40,2.495,28.2018,-0.128384,1.37843
0,40,2.48986,28.6885,-0.179746,1.31772
0,40,2.49267,29.1759,-0.146544,1.03114
0,40,2.48608,29.6615,-0.128229,1.06649
0,40,2.49149,30.1416,-0.149976,0.811051
0,40,2.48365,30.6257,-0.0629395,0.759528
0,40,2.49369,31.0996,-0.0980054,0.558099
0,40,2.48085,31.5773,0.0447724,0.436435
0,40,2.50297,32.0447,0.0597033,0.231904
0,40,3.0001,12.7176,0.000379614,2.06271
0,40,3.00053,13.2178,0.00200591,2.0641
0,40,3.0006,13.719,0.00260637,2.0651
0,40,3.0005,14.2191,0.00296774,2.06612
0,40,3.00053,14.7203,0.0034209,2.06737
0,40,3.00015,15.2203,0.000860599,2.0679
0,40,3.00015,15.7216,0.00093819,2.07095
0,40,2.99973,16.2215,-0.00280254,2.071
0,40,2.99971,16.7227,-0.00297497,2.07534
0,40,2.99935,17.2226,-0.0074229,2.0751
0,40,2.99933,17.7235,-0.00789636,2.08024
0,40,2.99907,18.2235,-0.0125454,2.07987
0,40,2.99905,18.7241,-0.0129686,2.08482
0,40,2.99892,19.2241,-0.0161061,2.08435
0,40,2.99891,19.7245,-0.0158736,2.09094
0,40,2.99887,20.2244,-0.017592,2.09024
0,40,2.99886,20.7246,-0.0176699,2.09666
0,40,2.99885,21.2246,-0.0183579,2.09641
0,40,2.99885,21.7246,-0.0184617,2.09858
0,40,2.99884,22.2246,-0.0186945,2.09853
0,40,2.99884,22.7246,-0.0188086,2.09806
0,40,2.99884,23.2246,-0.0192151,2.09799
0,40,2.99883,23.7245,-0.0196426,2.09221
0,40,2.9988,24.2245,-0.0216813,2.09157
0,40,2.99877,24.7241,-0.0232883,2.06554
0,40,2.99862,25.224,-0.0315605,2.06012
0,40,2.99851,25.7222,-0.0359761,1.97712
0,40,2.99796,26.2217,-0.0585595,1.94503
0,40,2.99767,26.7162,-0.0675036,1.775
0,40,2.9963,27.2139,-0.0990261,1.65224
0,40,2.99572,27.7025,-0.114931,1.47348
0,40,2.99382,28.1952,-0.109957,1.19844
0,40,2.99279,28.6793,-0.138822,1.14806
0,40,2.99204,29.1637,-0.0758886,0.809068
0,40,2.99031,29.646,-0.116267,0.774937
0,40,2.99173,30.1232,-0.0636413,0.528922
0,40,2.98915,30.6014,-0.100534,0.369416
0,40,2.99364,31.074,-0.010481,0.236526
0,40,2.98851,31.5478,-0.0957325,0.107414
0,40,3.00659,32.0158,0.139493,0.109312
0,40,3.50007,12.7178,0.000418437,2.06363
0,40,3.5003,13.2179,0.00183471,2.06416
0,40,3.50024,13.719,0.00129055,2.06605
0,40,3.50044,14.2192,0.00204113,2.06708
0,40,3.50029,14.7202,0.00180937,2.06705
0,40,3.50035,15.2203,0.00280453,2.06756
0,40,3.50016,15.7214,0.00116657,2.06969
0,40,3.50008,16.2214,0.00063041,2.07015
0,40,3.49991,16.7225,-0.00125592,2.07361
0,40,3.49977,17.2225,-0.00301458,2.07376
0,40,3.49965,17.7234,-0.00495817,2.07828
0,40,3.49952,18.2234,-0.00766168,2.07818
0,40,3.49946,18.724,-0.00942563,2.08323
0,40,3.49938,19.224,-0.0122993,2.08294
0,40,3.49935,19.7244,-0.0134668,2.09015
0,40,3.49932,20.2244,-0.0145731,2.08939
0,40,3.49932,20.7246,-0.0149154,2.0964
0,40,3.49931,21.2246,-0.015369,2.09601
0,40,3.49931,21.7246,-0.0154893,2.09848
0,40,3.4993,22.2246,-0.0156594,2.09839
0,40,3.4993,22.7246,-0.0157577,2.0978
0,40,3.4993,23.2246,-0.0160635,2.09781
0,40,3.49929,23.7245,-0.0164409,2.09096
0,40,3.49927,24.2245,-0.0178915,2.09055
0,40,3.49924,24.724,-0.0194985,2.06102
0,40,3.49914,25.2239,-0.024896,2.05506
0,40,3.49903,25.7219,-0.0305044,1.96711
0,40,3.49869,26.2214,-0.0431253,1.92746
0,40,3.49831,26.7156,-0.0589392,1.76656
0,40,3.49762,27.2129,-0.0704937,1.61775
0,40,3.49661,27.702,-0.103314,1.4823
0,40,3.496,28.1933,-0.088511,1.17848
0,40,3.49401,28.6794,-0.128539,1.1557
0,40,3.49445,29.1622,-0.0921374,0.840258
0,40,3.4918,29.6464,-0.109768,0.759264
0,40,3.49362,30.1234,-0.0774939,0.578266
0,40,3.49113,30.6028,-0.0781255,0.402044
0,40,3.49477,31.077,-0.0209402,0.304927
0,40,3.49374,31.5516,-0.0248112,0.146545
0,40,3.49853,32.0264,0.0351357,0.0765506
0,40,4.00004,12.718,0.000398592,2.06521
0,40,4.00019,13.218,0.00200535,2.06535
0,40,4.00023,13.7191,0.00214213,2.06502
0,40,4.00025,14.2192,0.00158037,2.0666
0,40,4.00021,14.7202,0.00142179,2.06768
0,40,4.0002,15.2202,0.0015037,2.06709
0,40,4.0001,15.7213,0.00076017,2.06821
0,40,4,16.2213,-0.000218263,2.06877
0,40,3.99988,16.7223,-0.00145816,2.07121
0,40,3.99975,17.2223,-0.00333064,2.0716
0,40,3.99965,17.7233,-0.0048732,2.07529
0,40,3.99954,18.2232,-0.00738611,2.07549
0,40,3.99948,18.724,-0.00896695,2.08037
0,40,3.99942,19.2239,-0.0115655,2.08023
0,40,3.99939,19.7244,-0.0126505,2.08922
0,40,3.99937,20.2244,-0.01351,2.08863
0,40,3.99936,20.7246,-0.0139109,2.09606
0,40,3.99935,21.2246,-0.0142264,2.09574
0,40,3.99935,21.7246,-0.0143521,2.09837
0,40,3.99935,22.2246,-0.0144743,2.09828
0,40,3.99935,22.7246,-0.0145621,2.09761
0,40,3.99934,23.2246,-0.0147842,2.09759
0,40,3.99934,23.7245,-0.0151261,2.0901
0,40,3.99932,24.2245,-0.0161481,2.08936
0,40,3.9993,24.7239,-0.0176706,2.05796
0,40,3.99923,25.2239,-0.0213789,2.04989
0,40,3.99912,25.7217,-0.0266756,1.95973
0,40,3.99889,26.221,-0.035515,1.91243
0,40,3.99855,26.7152,-0.0484369,1.75528
0,40,3.99805,27.212,-0.0598648,1.59519
0,40,3.99729,27.7013,-0.0768217,1.46953
0,40,3.99659,28.1921,-0.0814924,1.17529
0,40,3.99564,28.6784,-0.0821173,1.14432
0,40,3.99506,29.1615,-0.0761209,0.864626
0,40,3.99461,29.6456,-0.0610968,0.766588
0,40,3.99458,30.1234,-0.0412289,0.589662
0,40,3.99455,30.6028,-0.0516286,0.423061
0,40,3.99578,31.0769,-0.0142125,0.301675
0,40,3.99561,31.5536,-0.0406785,0.190374
0,40,3.9986,32.0262,0.00429321,0.137374
0,40,4.50001,12.718,4.01435e-05,2.06573
0,40,4.50003,13.2181,0.000193885,2.06579
0,40,4.50006,13.7191,0.000590002,2.06582
0,40,4.50015,14.2192,0.00191935,2.06663
0,40,4.50012,14.7202,0.00111927,2.06722
0,40,4.50015,15.2202,0.00123758,2.06711
0,40,4.50011,15.7212,0.000950765,2.06786
0,40,4.50008,16.2212,0.000684867,2.06834
0,40,4.50001,16.7223,-5.93953e-05,2.07033
0,40,4.49993,17.2223,-0.00121481,2.07072
0,40,4.49987,17.7232,-0.00233543,2.07403
0,40,4.49979,18.2232,-0.00421085,2.07429
0,40,4.49975,18.7239,-0.00538834,2.0791
0,40,4.49971,19.2239,-0.00705772,2.07906
0,40,4.49969,19.7244,-0.00789615,2.08855
0,40,4.49968,20.2244,-0.00845808,2.0881
0,40,4.49967,20.7246,-0.00876882,2.09578
0,40,4.49967,21.2246,-0.0089808,2.09555
0,40,4.49967,21.7246,-0.00908338,2.09828
0,40,4.49967,22.2246,-0.00916702,2.0982
0,40,4.49967,22.7246,-0.00923576,2.09748
0,40,4.49966,23.2246,-0.00938901,2.0974
0,40,4.49966,23.7245,-0.00965603,2.08954
0,40,4.49965,24.2245,-0.0103452,2.08837
0,40,4.49963,24.7239,-0.0115321,2.0559
0,40,4.49959,25.2238,-0.014014,2.04606
0,40,4.49951,25.7216,-0.0180077,1.95426
0,40,4.49936,26.2208,-0.0241756,1.90278
0,40,4.49911,26.7149,-0.0332181,1.74549
0,40,4.49876,27.2115,-0.0426715,1.58276
0,40,4.49827,27.7007,-0.0539328,1.46051
0,40,4.49773,28.1914,-0.0599448,1.17198
0,40,4.49709,28.6779,-0.0658599,1.14984
0,40,4.49667,29.161,-0.0585107,0.868836
0,40,4.49607,29.6457,-0.0633471,0.783086
0,40,4.49621,30.1233,-0.0454205,0.598231
0,40,4.49574,30.6035,-0.044404,0.430772
0,40,4.49638,31.078,-0.0266152,0.323397
0,40,4.49641,31.5543,-0.0175241,0.191339
0,40,4.49718,32.0277,-0.00272522,0.119962
0,40,5,12.7181,4.86764e-06,2.06578
0,40,5,13.2181,2.65661e-05,2.06583
0,40,5.00002,13.7192,0.00017948,2.06662
0,40,5.00006,14.2192,0.000664443,2.06682
0,40,5.00006,14.7202,0.000486701,2.06693
0,40,5.00008,15.2202,0.000676389,2.06713
0,40,5.00005,15.7212,0.000437646,2.06735
0,40,5.00002,16.2212,0.000172302,2.06776
0,40,4.99997,16.7222,-0.000430053,2.06897
0,40,4.99991,17.2222,-0.00136943,2.0694
0,40,4.99986,17.7231,-0.00223704,2.07205
0,40,4.99981,18.2231,-0.00363226,2.0724
0,40,4.99978,18.7239,-0.00454407,2.07742
0,40,4.99975,19.2239,-0.00584162,2.07739
0,40,4.99974,19.7244,-0.00648957,2.08802
0,40,4.99973,20.2244,-0.0068499,2.08773
0,40,4.99972,20.7246,-0.00706993,2.09557
0,40,4.99972,21.2246,-0.00720045,2.09543
0,40,4.99972,21.7246,-0.00727293,2.0982
0,40,4.99972,22.2246,-0.00732354,2.09815
0,40,4.99972,22.7246,-0.00737068,2.0974
0,40,4.99972,23.2246,-0.00746296,2.09725
0,40,4.99972,23.7245,-0.00764486,2.08918
0,40,4.99971,24.2245,-0.0080587,2.08764
0,40,4.9997,24.7239,-0.00886275,2.05451
0,40,4.99967,25.2237,-0.0103825,2.04335
0,40,4.99962,25.7215,-0.0130436,1.95029
0,40,4.99952,26.2206,-0.0170207,1.89596
0,40,4.99936,26.7146,-0.0229949,1.73791
0,40,4.99914,27.2111,-0.0294688,1.57227
0,40,4.99881,27.7003,-0.037386,1.45311
0,40,4.99845,28.1908,-0.0412329,1.16459
0,40,4.998,28.6774,-0.045271,1.1492
0,40,4.99772,29.1605,-0.0405501,0.873239
0,40,4.99738,29.6453,-0.0347925,0.785718
0,40,4.99735,30.1232,-0.0270833,0.61064
0,40,4.9974,30.6034,-0.0179268,0.439943
0,40,4.99763,31.0779,-0.00881241,0.329411
0,40,4.99778,31.5545,-0.00791392,0.205657
0,40,4.99846,32.0273,-0.000916639,0.144854
0,40,5.5,12.7181,2.30138e-06,2.06579
0,40,5.5,13.2181,1.16931e-05,2.06585
0,40,5.5,13.7192,3.28762e-05,2.06682
0,40,5.50002,14.2192,0.000107869,2.0669
0,40,5.50002,14.7202,0.000155291,2.06703
0,40,5.50004,15.2202,0.000313787,2.06721
0,40,5.50003,15.7211,0.000282809,2.06735
0,40,5.50003,16.2212,0.000305075,2.06769
0,40,5.50001,16.7221,8.3099e-05,2.06873
0,40,5.49999,17.2222,-0.000262182,2.06913
0,40,5.49997,17.7231,-0.000666975,2.0717
0,40,5.49995,18.2231,-0.00133833,2.07205
0,40,5.49993,18.7239,-0.00176611,2.077
0,40,5.49992,19.2239,-0.00228376,2.07702
0,40,5.49991,19.7244,-0.00257077,2.08772
0,40,5.49991,20.2244,-0.00274631,2.08752
0,40,5.49991,20.7246,-0.00285394,2.09544
0,40,5.49991,21.2246,-0.00291902,2.09536
0,40,5.49991,21.7246,-0.00295537,2.09816
0,40,5.49991,22.2246,-0.00298035,2.09812
0,40,5.4999,22.7246,-0.00300418,2.09735
0,40,5.4999,23.2246,-0.00304948,2.09715
0,40,5.4999,23.7245,-0.00314071,2.08898
0,40,5.4999,24.2245,-0.00334453,2.08721
0,40,5.49989,24.7239,-0.003742,2.0537
0,40,5.49988,25.2237,-0.0044984,2.04181
0,40,5.49985,25.7214,-0.00579329,1.94796
0,40,5.49981,26.2205,-0.00778343,1.89212
0,40,5.49973,26.7145,-0.0107039,1.73359
0,40,5.49963,27.2109,-0.0138854,1.56657
0,40,5.49947,27.7001,-0.0179109,1.4491
0,40,5.4993,28.1905,-0.020106,1.16245
0,40,5.49909,28.6772,-0.0219877,1.14959
0,40,5.49893,29.1603,-0.0215416,0.879017
0,40,5.49879,29.6453,-0.0199335,0.792626
0,40,5.49872,30.1233,-0.0162895,0.61704
0,40,5.49865,30.6037,-0.0153758,0.446408
0,40,5.49869,31.0783,-0.0115121,0.335452
0,40,5.49867,31.5546,-0.00928174,0.205496
0,40,5.49881,32.0277,-0.00755196,0.136364
0,40,6,12.7181,6.76333e-15,2.06579
0,40,6,13.2181,3.43868e-14,2.06585
0,40,6,13.7192,4.81558e-14,2.06685
0,40,6,14.2192,6.77827e-15,2.06692
0,40,6,14.7202,-3.73384e-13,2.06709
0,40,6,15.2202,-6.71626e-13,2.06723
0,40,6,15.7211,-4.47818e-14,2.06725
0,40,6,16.2212,1.07201e-12,2.06755
0,40,6,16.7221,1.10793e-12,2.06826
0,40,6,17.2221,6.77161e-13,2.06867
0,40,6,17.7231,5.80677e-13,2.07088
0,40,6,18.2231,2.54293e-13,2.07127
0,40,6,18.7239,5.24375e-13,2.07644
0,40,6,19.2239,5.54889e-13,2.07645
0,40,6,19.7244,1.01469e-12,2.08761
0,40,6,20.2244,1.29689e-12,2.08745
0,40,6,20.7246,1.0854e-12,2.0954
0,40,6,21.2246,1.30389e-12,2.09534
0,40,6,21.7246,1.69171e-12,2.09815
0,40,6,22.2246,1.16928e-12,2.09811
0,40,6,22.7246,6.99783e-13,2.09734
0,40,6,23.2246,7.05965e-13,2.09712
0,40,6,23.7245,4.98658e-13,2.08892
0,40,6,24.2245,2.30514e-13,2.08707
0,40,6,24.7239,5.19611e-14,2.05345
0,40,6,25.2237,1.5104e-13,2.04129
0,40,6,25.7214,8.21868e-15,1.94722
0,40,6,26.2205,3.44468e-13,1.89076
0,40,6,26.7145,3.93466e-13,1.73214
0,40,6,27.2108,1.0644e-12,1.56433
0,40,6,27.7,7.82389e-13,1.44719
0,40,6,28.1904,3.04372e-13,1.16062
0,40,6,28.677,7.82963e-13,1.14823
0,40,6,29.1602,9.34074e-13,0.877757
0,40,6,29.6452,5.81144e-13,0.792517
0,40,6,30.1231,3.72501e-13,0.617169
0,40,6,30.6035,1.42265e-12,0.446552
0,40,6,31.0781,2.0818e-12,0.336576
0,40,6,31.5546,2.10393e-12,0.207918
0,40,6,32.0274,1.37423e-12,0.142132
0,40,6.5,12.7181,-2.30138e-06,2.06579
0,40,6.5,13.2181,-1.16931e-05,2.06585
0,40,6.5,13.7192,-3.28762e-05,2.06682
0,40,6.49998,14.2192,-0.000107869,2.0669
0,40,6.49998,14.7202,-0.000155291,2.06703
0,40,6.49996,15.2202,-0.000313787,2.06721
0,40,6.49997,15.7211,-0.000282809,2.06735
0,40,6.49997,16.2212,-0.000305075,2.06769
0,40,6.49999,16.7221,-8.3099e-05,2.06873
0,40,6.50001,17.2222,0.000262182,2.06913
0,40,6.50003,17.7231,0.000666975,2.0717
0,40,6.50005,18.2231,0.00133833,2.07205
0,40,6.50007,18.7239,0.00176611,2.077
0,40,6.50008,19.2239,0.00228376,2.07702
0,40,6.50009,19.7244,0.00257077,2.08772
0,40,6.50009,20.2244,0.00274631,2.08752
0,40,6.50009,20.7246,0.00285394,2.09544
0,40,6.50009,21.2246,0.00291902,2.09536
0,40,6.50009,21.7246,0.00295537,2.09816
0,40,6.50009,22.2246,0.00298035,2.09812
0,40,6.5001,22.7246,0.00300418,2.09735
0,40,6.5001,23.2246,0.00304948,2.09715
0,40,6.5001,23.7245,0.00314071,2.08898
0,40,6.5001,24.2245,0.00334453,2.08721
0,40,6.50011,24.7239,0.003742,2.0537
0,40,6.50012,25.2237,0.0044984,2.04181
0,40,6.50015,25.7214,0.00579329,1.94796
0,40,6.50019,26.2205,0.00778343,1.89212
0,40,6.50027,26.7145,0.0107039,1.73359
0,40,6.50037,27.2109,0.0138854,1.56657
0,40,6.50053,27.7001,0.0179109,1.4491
0,40,6.5007,28.1905,0.020106,1.16245
0,40,6.50091,28.6772,0.0219877,1.14959
0,40,6.50107,29.1603,0.0215416,0.879017
0,40,6.50121,29.6453,0.0199335,0.792626
0,40,6.50128,30.1233,0.0162895,0.61704
0,40,6.50135,30.6037,0.0153758,0.446408
0,40,6.50131,31.0783,0.0115121,0.335452
0,40,6.50133,31.5546,0.00928174,0.205496
0,40,6.50119,32.0277,0.00755196,0.136364
0,40,7,12.7181,-4.86764e-06,2.06578
0,40,7,13.2181,-2.65661e-05,2.06583
0,40,6.99998,13.7192,-0.00017948,2.06662
0,40,6.99994,14.2192,-0.000664443,2.06682
0,40,6.99994,14.7202,-0.000486701,2.06693
0,40,6.99992,15.2202,-0.000676389,2.06713
0,40,6.99995,15.7212,-0.000437646,2.06735
0,40,6.99998,16.2212,-0.000172302,2.06776
0,40,7.00003,16.7222,0.000430053,2.06897
0,40,7.00009,17.2222,0.00136943,2.0694
0,40,7.00014,17.7231,0.00223704,2.07205
0,40,7.00019,18.2231,0.00363226,2.0724
0,40,7.00022,18.7239,0.00454407,2.07742
0,40,7.00025,19.2239,0.00584162,2.07739
0,40,7.00026,19.7244,0.00648957,2.08802
0,40,7.00027,20.2244,0.0068499,2.08773
0,40,7.00028,20.7246,0.00706993,2.09557
0,40,7.00028,21.2246,0.00720045,2.09543
0,40,7.00028,21.7246,0.00727293,2.0982
0,40,7.00028,22.2246,0.00732354,2.09815
0,40,7.00028,22.7246,0.00737068,2.0974
0,40,7.00028,23.2246,0.00746296,2.09725
0,40,7.00028,23.7245,0.00764486,2.08918
0,40,7.00029,24.2245,0.0080587,2.08764
0,40,7.0003,24.7239,0.00886275,2.05451
0,40,7.00033,25.2237,0.0103825,2.04335
0,40,7.00038,25.7215,0.0130436,1.95029
0,40,7.00048,26.2206,0.0170207,1.89596
0,40,7.00064,26.7146,0.0229949,1.73791
0,40,7.00086,27.2111,0.0294688,1.57227
0,40,7.00119,27.7003,0.037386,1.45311
0,40,7.00155,28.1908,0.0412329,1.16459
0,40,7.002,28.6774,0.045271,1.1492
0,40,7.00228,29.1605,0.0405501,0.873239
0,40,7.00262,29.6453,0.0347925,0.785718
0,40,7.00265,30.1232,0.0270833,0.61064
0,40,7.0026,30.6034,0.0179268,0.439943
0,40,7.00237,31.0779,0.00881241,0.329411
0,40,7.00222,31.5545,0.00791392,0.205657
0,40,7.00154,32.0273,0.000916639,0.144854
0,40,7.49999,12.718,-4.01435e-05,2.06573
0,40,7.49997,13.2181,-0.000193885,2.06579
0,40,7.49994,13.7191,-0.000590002,2.06582
0,40,7.49985,14.2192,-0.00191935,2.06663
0,40,7.49988,14.7202,-0.00111927,2.06722
0,40,7.49985,15.2202,-0.00123758,2.06711
0,40,7.49989,15.7212,-0.000950765,2.06786
0,40,7.49992,16.2212,-0.000684867,2.06834
0,40,7.49999,16.7223,5.93953e-05,2.07033
0,40,7.50007,17.2223,0.00121481,2.07072
0,40,7.50013,17.7232,0.00233543,2.07403
0,40,7.50021,18.2232,0.00421085,2.07429
0,40,7.50025,18.7239,0.00538834,2.0791
0,40,7.50029,19.2239,0.00705772,2.07906
0,40,7.50031,19.7244,0.00789615,2.08855
0,40,7.50032,20.2244,0.00845808,2.0881
0,40,7.50033,20.7246,0.00876882,2.09578
0,40,7.50033,21.2246,0.0089808,2.09555
0,40,7.50033,21.7246,0.00908338,2.09828
0,40,7.50033,22.2246,0.00916702,2.0982
0,40,7.50033,22.7246,0.00923576,2.09748
0,40,7.50034,23.2246,0.00938901,2.0974
0,40,7.50034,23.7245,0.00965603,2.08954
0,40,7.50035,24.2245,0.0103452,2.08837
0,40,7.50037,24.7239,0.0115321,2.0559
0,40,7.50041,25.2238,0.014014,2.04606
0,40,7.50049,25.7216,0.0180077,1.95426
0,40,7.50064,26.2208,0.0241756,1.90278
0,40,7.50089,26.7149,0.0332181,1.74549
0,40,7.50124,27.2115,0.0426715,1.58276
0,40,7.50173,27.7007,0.0539328,1.46051
0,40,7.50227,28.1914,0.0599448,1.17198
0,40,7.50291,28.6779,0.0658599,1.14984
0,40,7.50333,29.161,0.0585107,0.868836
0,40,7.50393,29.6457,0.0633471,0.783086
0,40,7.50379,30.1233,0.0454205,0.598231
0,40,7.50426,30.6035,0.044404,0.430772
0,40,7.50362,31.078,0.0266152,0.323397
0,40,7.50359,31.5543,0.0175241,0.191339
0,40,7.50282,32.0277,0.00272522,0.119962
0,40,7.99996,12.718,-0.000398592,2.06521
0,40,7.99981,13.218,-0.00200535,2.06535
0,40,7.99977,13.7191,-0.00214213,2.06502
0,40,7.99975,14.2192,-0.00158037,2.0666
0,40,7.99979,14.7202,-0.00142179,2.06768
0,40,7.9998,15.2202,-0.0015037,2.06709
0,40,7.9999,15.7213,-0.00076017,2.06821
0,40,8,16.2213,0.000218263,2.06877
0,40,8.00012,16.7223,0.00145816,2.07121
0,40,8.00025,17.2223,0.00333064,2.0716
0,40,8.00035,17.7233,0.0048732,2.07529
0,40,8.00046,18.2232,0.00738611,2.07549
0,40,8.00052,18.724,0.00896695,2.08037
0,40,8.00058,19.2239,0.0115655,2.08023
0,40,8.00061,19.7244,0.0126505,2.08922
0,40,8.00063,20.2244,0.01351,2.08863
0,40,8.00064,20.7246,0.0139109,2.09606
0,40,8.00065,21.2246,0.0142264,2.09574
0,40,8.00065,21.7246,0.0143521,2.09837
0,40,8.00065,22.2246,0.0144743,2.09828
0,40,8.00065,22.7246,0.0145621,2.09761
0,40,8.00066,23.2246,0.0147842,2.09759
0,40,8.00066,23.7245,0.0151261,2.0901
0,40,8.00068,24.2245,0.0161481,2.08936
0,40,8.0007,24.7239,0.0176706,2.05796
0,40,8.00077,25.2239,0.0213789,2.04989
0,40,8.00088,25.7217,0.0266756,1.95973
0,40,8.00111,26.221,0.035515,1.91243
0,40,8.00145,26.7152,0.0484369,1.75528
0,40,8.00195,27.212,0.0598648,1.59519
0,40,8.00271,27.7013,0.0768217,1.46953
0,40,8.00341,28.1921,0.0814924,1.17529
0,40,8.00436,28.6784,0.0821173,1.14432
0,40,8.00494,29.1615,0.0761209,0.864626
0,40,8.00539,29.6456,0.0610968,0.766588
0,40,8.00542,30.1234,0.0412289,0.589662
0,40,8.00545,30.6028,0.0516286,0.423061
0,40,8.00422,31.0769,0.0142125,0.301675
0,40,8.00439,31.5536,0.0406785,0.190374
0,40,8.0014,32.0262,-0.00429321,0.137374
0,40,8.49993,12.7178,-0.000418437,2.06363
0,40,8.4997,13.2179,-0.00183471,2.06416
0,40,8.49976,13.719,-0.00129055,2.06605
0,40,8.49956,14.2192,-0.00204113,2.06708
0,40,8.49971,14.7202,-0.00180937,2.06705
0,40,8.49965,15.2203,-0.00280453,2.06756
0,40,8.49984,15.7214,-0.00116657,2.06969
0,40,8.49992,16.2214,-0.00063041,2.07015
0,40,8.50009,16.7225,0.00125592,2.07361
0,40,8.50023,17.2225,0.00301458,2.07376
0,40,8.50035,17.7234,0.00495817,2.07828
0,40,8.50048,18.2234,0.00766168,2.07818
0,40,8.50054,18.724,0.00942563,2.08323
0,40,8.50062,19.224,0.0122993,2.08294
0,40,8.50065,19.7244,0.0134668,2.09015
0,40,8.50068,20.2244,0.0145731,2.08939
0,40,8.50068,20.7246,0.0149154,2.0964
0,40,8.50069,21.2246,0.015369,2.09601
0,40,8.50069,21.7246,0.0154893,2.09848
0,40,8.5007,22.2246,0.0156594,2.09839
0,40,8.5007,22.7246,0.0157577,2.0978
0,40,8.5007,23.2246,0.0160635,2.09781
0,40,8.50071,23.7245,0.0164409,2.09096
0,40,8.50073,24.2245,0.0178915,2.09055
0,40,8.50076,24.724,0.0194985,2.06102
0,40,8.50086,25.2239,0.024896,2.05506
0,40,8.50097,25.7219,0.0305044,1.96711
0,40,8.50131,26.2214,0.0431253,1.92746
0,40,8.50169,26.7156,0.0589392,1.76656
0,40,8.50238,27.2129,0.0704937,1.61775
0,40,8.50339,27.702,0.103314,1.4823
0,40,8.504,28.1933,0.088511,1.17848
0,40,8.50599,28.6794,0.128539,1.1557
0,40,8.50555,29.1622,0.0921374,0.840258
0,40,8.5082,29.6464,0.109768,0.759264
0,40,8.50638,30.1234,0.0774939,0.578266
0,40,8.50887,30.6028,0.0781255,0.402044
0,40,8.50523,31.077,0.0209402,0.304927
0,40,8.50626,31.5516,0.0248112,0.146545
0,40,8.50147,32.0264,-0.0351357,0.0765506
0,40,8.9999,12.7176,-0.000379614,2.06271
0,40,8.99947,13.2178,-0.00200591,2.0641
0,40,8.9994,13.719,-0.00260637,2.0651
0,40,8.9995,14.2191,-0.00296774,2.06612
0,40,8.99947,14.7203,-0.0034209,2.06737
0,40,8.99985,15.2203,-0.000860599,2.0679
0,40,8.99985,15.7216,-0.00093819,2.07095
0,40,9.00027,16.2215,0.00280254,2.071
0,40,9.00029,16.7227,0.00297497,2.07534
0,40,9.00065,17.2226,0.0074229,2.0751
0,40,9.00067,17.7235,0.00789636,2.08024
0,40,9.00093,18.2235,0.0125454,2.07987
0,40,9.00095,18.7241,0.0129686,2.08482
0,40,9.00108,19.2241,0.0161061,2.08435
0,40,9.00109,19.7245,0.0158736,2.09094
0,40,9.00113,20.2244,0.017592,2.09024
0,40,9.00114,20.7246,0.0176699,2.09666
0,40,9.00115,21.2246,0.0183579,2.09641
0,40,9.00115,21.7246,0.0184617,2.09858
0,40,9.00116,22.2246,0.0186945,2.09853
0,40,9.00116,22.7246,0.0188086,2.09806
0,40,9.00116,23.2246,0.0192151,2.09799
0,40,9.00117,23.7245,0.0196426,2.09221
0,40,9.0012,24.2245,0.0216813,2.09157
0,40,9.00123,24.7241,0.0232883,2.06554
0,40,9.00138,25.224,0.0315605,2.06012
0,40,9.00149,25.7222,0.0359761,1.97712
0,40,9.00204,26.2217,0.0585595,1.94503
0,40,9.00233,26.7162,0.0675036,1.775
0,40,9.0037,27.2139,0.0990261,1.65224
0,40,9.00428,27.7025,0.114931,1.47348
0,40,9.00618,28.1952,0.109957,1.19844
0,40,9.00721,28.6793,0.138822,1.14806
0,40,9.00796,29.1637,0.0758886,0.809068
0,40,9.00969,29.646,0.116267,0.774937
0,40,9.00827,30.1232,0.0636413,0.528922
0,40,9.01085,30.6014,0.100534,0.369416
0,40,9.00636,31.074,0.010481,0.236526
0,40,9.01149,31.5478,0.0957325,0.107414
0,40,8.99341,32.0158,-0.139493,0.109312
0,40,9.50115,12.7185,0.00594652,2.06759
0,40,9.49842,13.2185,-0.00822802,2.06789
0,40,9.50032,13.7201,0.00226624,2.07157
0,40,9.49895,14.2201,-0.00626838,2.0713
0,40,9.50023,14.7213,0.00212317,2.07439
0,40,9.49954,15.2213,-0.00294876,2.07443
0,40,9.5004,15.7223,0.00394442,2.07791
0,40,9.50009,16.2224,0.00141225,2.07818
0,40,9.50066,16.7232,0.00718562,2.08211
0,40,9.50056,17.2232,0.00662239,2.08249
0,40,9.50091,17.7239,0.011388,2.08662
0,40,9.50091,18.2239,0.0122588,2.087
0,40,9.5011,18.7243,0.0160295,2.0897
0,40,9.50109,19.2243,0.0161216,2.08977
0,40,9.50118,19.7246,0.0181963,2.09375
0,40,9.50117,20.2246,0.0177603,2.09426
0,40,9.5012,20.7247,0.0190997,2.09864
0,40,9.5012,21.2247,0.0190567,2.09885
0,40,9.50121,21.7248,0.0195175,2.10029
0,40,9.50121,22.2248,0.0195377,2.10032
0,40,9.50121,22.7248,0.0198181,2.10004
0,40,9.50121,23.2247,0.019889,2.09987
0,40,9.50123,23.7247,0.0209889,2.09618
0,40,9.50123,24.2247,0.0212973,2.09498
0,40,9.50132,24.7244,0.0263568,2.07769
0,40,9.50134,25.2243,0.0272862,2.07115
0,40,9.5017,25.723,0.0450378,2.01257
0,40,9.50174,26.2226,0.0460771,1.98361
0,40,9.50295,26.7186,0.0900957,1.85107
0,40,9.50287,27.2166,0.0849768,1.7552
0,40,9.50583,27.7077,0.154035,1.58943
0,40,9.505,28.2018,0.128384,1.37843
0,40,9.51014,28.6885,0.179746,1.31772
0,40,9.50733,29.1759,0.146544,1.03114
0,40,9.51392,29.6615,0.128229,1.06649
0,40,9.50851,30.1416,0.149976,0.811051
0,40,9.51635,30.6257,0.0629395,0.759528
0,40,9.50631,31.0996,0.0980054,0.558099
0,40,9.51915,31.5773,-0.0447724,0.436435
0,40,9.49703,32.0447,-0.0597033,0.231904
1,40,10,1.5,0,0
1,40,10.5,1.5,0,0
1,40,1.5,1.5,0,0
1,40,2,1.5,0,0
1,40,10,2,0,0
1,40,10.5,2,0,0
1,40,1.5,2,0,0
1,40,2,2,0,0
1,40,10,2.5,0,0
1,40,10.5,2.5,0,0
1,40,1.5,2.5,0,0
1,40,2,2.5,0,0
1,40,10,3,0,0
1,40,10.5,3,0,0
1,40,1.5,3,0,0
1,40,2,3,0,0
1,40,10,3.5,0,0
1,40,10.5,3.5,0,0
1,40,1.5,3.5,0,0
1,40,2,3.5,0,0
1,40,10,4,0,0
1,40,10.5,4,0,0
1,40,1.5,4,0,0
1,40,2,4,0,0
1,40,10,4.5,0,0
1,40,10.5,4.5,0,0
1,40,1.5,4.5,0,0
1,40,2,4.5,0,0
1,40,10,5,0,0
1,40,10.5,5,0,0
1,40,1.5,5,0,0
1,40,2,5,0,0
1,40,10,5.5,0,0
1,40,10.5,5.5,0,0
1,40,1.5,5.5,0,0
1,40,2,5.5,0,0
1,40,10,6,0,0
1,40,10.5,6,0,0
1,40,1.5,6,0,0
1,40,2,6,0,0
1,40,10,6.5,0,0
1,40,10.5,6.5,0,0
1,40,1.5,6.5,0,0
1,40,2,6.5,0,0
1,40,10,7,0,0
1,40,10.5,7,0,0
1,40,1.5,7,0,0
1,40,2,7,0,0
1,40,10,7.5,0,0
1,40,10.5,7.5,0,0
1,40,1.5,7.5,0,0
1,40,2,7.5,0,0
1,40,10,8,0,0
1,40,10.5,8,0,0
1,40,1.5,8,0,0
1,40,2,8,0,0
1,40,10,8.5,0,0
1,40,10.5,8.5,0,0
1,40,1.5,8.5,0,0
1,40,2,8.5,0,0
1,40,10,9,0,0
1,40,10.5,9,0,0
1,40,1.5,9,0,0
1,40,2,9,0,0
1,40,10,9.5,0,0
1,40,10.5,9.5,0,0
1,40,1.5,9.5,0,0
1,40,2,9.5,0,0
1,40,10,10,0,0
1,40,10.5,10,0,0
1,40,1.5,10,0,0
1,40,2,10,0,0
1,40,10,10.5,0,0
1,40,10.5,10.5,0,0
1,40,1.5,10.5,0,0
1,40,2,10.5,0,0
1,40,10,11,0,0
1,40,10.5,11,0,0
1,40,1.5,11,0,0
1,40,2,11,0,0
1,40,10,11.5,0,0
1,40,10.5,11.5,0,0
1,40,1.5,11.5,0,0
1,40,2,11.5,0,0
1,40,10,12,0,0
1,40,10.5,12,0,0
1,40,1.5,12,0,0
1,40,2,12,0,0
1,40,10,12.5,0,0
1,40,10.5,12.5,0,0
1,40,1.5,12.5,0,0
1,40,2,12.5,0,0
1,40,10,13,0,0
1,40,10.5,13,0,0
1,40,1.5,13,0,0
1,40,2,13,0,0
1,40,10,13.5,0,0
1,40,10.5,13.5,0,0
1,40,1.5,13.5,0,0
1,40,2,13.5,0,0
1,40,10,14,0,0
1,40,10.5,14,0,0
1,40,1.5,14,0,0
1,40,2,14,0,0
1,40,10,14.5,0,0
1,40,10.5,14.5,0,0
1,40,1.5,14.5,0,0
1,40,2,14.5,0,0
1,40,10,15,0,0
1,40,10.5,15,0,0
1,40,1.5,15,0,0
1,40,2,15,0,0
1,40,10,15.5,0,0
1,40,10.5,15.5,0,0
1,40,1.5,15.5,0,0
1,40,2,15.5,0,0
1,40,10,16,0,0
1,40,10.5,16,0,0
1,40,1.5,16,0,0
1,40,2,16,0,0
1,40,10,16.5,0,0
1,40,10.5,16.5,0,0
1,40,1.5,16.5,0,0
1,40,2,16.5,0,0
1,40,10,17,0,0
1,40,10.5,17,0,0
1,40,1.5,17,0,0
1,40,2,17,0,0
1,40,10,17.5,0,0
1,40,10.5,17.5,0,0
1,40,1.5,17.5,0,0
1,40,2,17.5,0,0
1,40,10,18,0,0
1,40,10.5,18,0,0
1,40,1.5,18,0,0
1,40,2,18,0,0
1,40,10,18.5,0,0
1,40,10.5,18.5,0,0
1,40,1.5,18.5,0,0
1,40,2,18.5,0,0
1,40,10,19,0,0
1,40,10.5,19,0,0
1,40,1.5,19,0,0
1,40,2,19,0,0
1,40,10,19.5,0,0
1,40,10.5,19.5,0,0
1,40,1.5,19.5,0,0
1,40,2,19.5,0,0
1,40,10,20,0,0
1,40,10.5,20,0,0
1,40,1.5,20,0,0
1,40,2,20,0,0
1,40,10,20.5,0,0
1,40,10.5,20.5,0,0
1,40,1.5,20.5,0,0
1,40,2,20.5,0,0
1,40,10,21,0,0
1,40,10.5,21,0,0
1,40,1.5,21,0,0
1,40,2,21,0,0
1,40,10,21.5,0,0
1,40,10.5,21.5,0,0
1,40,1.5,21.5,0,0
1,40,2,21.5,0,0
1,40,10,22,0,0
1,40,10.5,22,0,0
1,40,1.5,22,0,0
1,40,2,22,0,0
1,40,10,22.5,0,0
1,40,10.5,22.5,0,0
1,40,1.5,22.5,0,0
1,40,2,22.5,0,0
1,40,10,23,0,0
1,40,10.5,23,0,0
1,40,1.5,23,0,0
1,40,2,23,0,0
1,40,10,23.5,0,0
1,40,10.5,23.5,0,0
1,40,1.5,23.5,0,0
1,40,2,23.5,0,0
1,40,10,24,0,0
1,40,10.5,24,0,0
1,40,1.5,24,0,0
1,40,2,24,0,0
1,40,10,24.5,0,0
1,40,10.5,24.5,0,0
1,40,1.5,24.5,0,0
1,40,2,24.5,0,0
1,40,10,25,0,0
1,40,10.5,25,0,0
1,40,1.5,25,0,0
1,40,2,25,0,0
1,40,10,25.5,0,0
1,40,10.5,25.5,0,0
1,40,1.5,25.5,0,0
1,40,2,25.5,0,0
1,40,10,26,0,0
1,40,10.5,26,0,0
1,40,1.5,26,0,0
1,40,2,26,0,0
1,40,10,26.5,0,0
1,40,10.5,26.5,0,0
1,40,1.5,26.5,0,0
1,40,2,26.5,0,0
1,40,10,27,0,0
1,40,10.5,27,0,0
1,40,1.5,27,0,0
1,40,2,27,0,0
1,40,10,27.5,0,0
1,40,10.5,27.5,0,0
1,40,1.5,27.5,0,0
1,40,2,27.5,0,0
1,40,10,28,0,0
1,40,10.5,28,0,0
1,40,1.5,28,0,0
1,40,2,28,0,0
1,40,10,28.5,0,0
1,40,10.5,28.5,0,0
1,40,1.5,28.5,0,0
1,40,2,28.5,0,0
1,40,10,29,0,0
1,40,10.5,29,0,0
1,40,1.5,29,0,0
1,40,2,29,0,0
1,40,10,29.5,0,0
1,40,10.5,29.5,0,0
1,40,1.5,29.5,0,0
1,40,2,29.5,0,0
1,40,10,30,0,0
1,40,10.5,30,0,0
1,40,1.5,30,0,0
1,40,2,30,0,0
1,40,10,30.5,0,0
1,40,10.5,30.5,0,0
1,40,1.5,30.5,0,0
1,40,2,30.5,0,0
1,40,10,31,0,0
1,40,10.5,31,0,0
1,40,1.5,31,0,0
1,40,2,31,0,0
1,40,10,31.5,0,0
1,40,10.5,31.5,0,0
1,40,1.5,31.5,0,0
1,40,2,31.5,0,0
1,40,10,32,0,0
1,40,10.5,32,0,0
1,40,1.5,32,0,0
1,40,2,32,0,0
1,40,10,32.5,0,0
1,40,10.5,32.5,0,0
1,40,1.5,32.5,0,0
1,40,2,32.5,0,0
1,40,10,33,0,0
1,40,10.5,33,0,0
1,40,1.5,33,0,0
1,40,2,33,0,0
1,40,2.5,1.5,0,0
1,40,2.5,2,0,0
1,40,2.5,32.5,0,0
1,40,2.5,33,0,0
1,40,3,1.5,0,0
1,40,3,2,0,0
1,40,3,32.5,0,0
1,40,3,33,0,0
1,40,3.5,1.5,0,0
1,40,3.5,2,0,0
1,40,3.5,32.5,0,0
1,40,3.5,33,0,0
1,40,4,1.5,0,0
1,40,4,2,0,0
1,40,4,32.5,0,0
1,40,4,33,0,0
1,40,4.5,1.5,0,0
1,40,4.5,2,0,0
1,40,4.5,32.5,0,0
1,40,4.5,33,0,0
1,40,5,1.5,0,0
1,40,5,2,0,0
1,40,5,32.5,0,0
1,40,5,33,0,0
1,40,5.5,1.5,0,0
1,40,5.5,2,0,0
1,40,5.5,32.5,0,0
1,40,5.5,33,0,0
1,40,6,1.5,0,0
1,40,6,2,0,0
1,40,6,32.5,0,0
1,40,6,33,0,0
1,40,6.5,1.5,0,0
1,40,6.5,2,0,0
1,40,6.5,32.5,0,0
1,40,6.5,33,0,0
1,40,7,1.5,0,0
1,40,7,2,0,0
1,40,7,32.5,0,0
1,40,7,33,0,0
1,40,7.5,1.5,0,0
1,40,7.5,2,0,0
1,40,7.5,32.5,0,0
1,40,7.5,33,0,0
1,40,8,1.5,0,0
1,40,8,2,0,0
1,40,8,32.5,0,0
1,40,8,33,0,0
1,40,8.5,1.5,0,0
1,40,8.5,2,0,0
1,40,8.5,32.5,0,0
1,40,8.5,33,0,0
1,40,9,1.5,0,0
1,40,9,2,0,0
1,40,9,32.5,0,0
1,40,9,33,0,0
1,40,9.5,1.5,0,0
1,40,9.5,2,0,0
1,40,9.5,32.5,0,0
1,40,9.5,33,0,0
