916 2 0.5 203000 0 2 0 1e-05 0 9.81 45 45
0,40,2.49218,14.4567,-0.147138,5.57169
0,40,2.49727,14.9457,-0.00439755,5.20746
0,40,2.49046,15.4396,-0.0495368,5.35394
0,40,2.49197,15.9271,-0.124923,5.17854
0,40,2.48782,16.4136,-0.114484,4.99621
0,40,2.4874,16.8957,-0.159398,4.85135
0,40,2.48507,17.3765,-0.132945,4.69165
0,40,2.48407,17.8544,-0.181191,4.59493
0,40,2.48429,18.3313,-0.158288,4.45755
0,40,2.48262,18.8061,-0.181581,4.34982
0,40,2.48443,19.2797,-0.153737,4.27438
0,40,2.48349,19.7526,-0.184692,4.20629
0,40,2.48507,20.2238,-0.177443,4.11415
0,40,2.4833,20.6943,-0.200572,4.05571
0,40,2.48403,21.1639,-0.184594,3.96504
0,40,2.48102,21.6322,-0.168658,3.85689
0,40,2.48056,22.0992,-0.128087,3.73121
0,40,2.47638,22.5633,-0.0567463,3.56304
0,40,2.47454,23.0263,-0.00466159,3.41733
0,40,2.47033,23.4874,0.0859537,3.32168
0,40,2.46753,23.9479,0.0984308,3.23519
0,40,2.46521,24.4086,0.125758,3.20343
0,40,2.46326,24.8678,0.0590943,3.17001
0,40,2.46427,25.3256,0.00657659,3.09579
0,40,2.46377,25.7796,-0.0606092,3.00071
0,40,2.46558,26.2302,-0.0706119,2.80709
0,40,2.46312,26.6777,-0.0434267,2.62011
0,40,2.46404,27.1239,0.0111848,2.30419
0,40,2.46155,27.5703,0.0737505,2.08382
0,40,2.46609,28.0145,0.0896701,1.7698
0,40,2.46546,28.4579,0.121676,1.6006
0,40,2.46863,28.8959,-0.00422072,1.39893
0,40,2.47069,29.3312,-0.00611215,1.29144
0,40,2.47862,29.7554,-0.133597,1.1774
0,40,2.49767,30.1712,0.131311,1.00817
0,40,2.50688,30.5672,0.203938,0.655463
0,40,2.49395,30.9787,-0.345089,0.668262
0,40,2.55011,31.3469,0.896364,0.0445706
0,40,2.36421,31.7805,-1.77292,0.45667
0,40,2.60474,32.151,0.653208,0.271527
0,40,2.99903,14.4454,-0.00669437,5.42406
0,40,2.99534,14.9359,0.000532262,5.04248
0,40,2.99335,15.4282,-0.00166929,5.17848
0,40,2.99254,15.9134,-0.042917,4.94008
0,40,2.99015,16.3974,-0.0818453,4.78155
0,40,2.99027,16.8763,-0.0759616,4.59334
0,40,2.98809,17.3536,-0.0988164,4.40209
0,40,2.9883,17.8279,-0.110947,4.24029
0,40,2.98629,18.3006,-0.134774,4.08844
0,40,2.98649,18.77,-0.114588,3.92531
0,40,2.98449,19.2391,-0.111996,3.77204
0,40,2.98506,19.7057,-0.0984625,3.68563
0,40,2.98275,20.1705,-0.0312234,3.49428
0,40,2.98284,20.6337,-0.044925,3.39385
0,40,2.98141,21.0931,0.00177771,3.23807
0,40,2.97999,21.5515,-0.0479187,3.05109
0,40,2.97835,22.0066,-0.0557096,2.89421
0,40,2.97526,22.4579,-0.0669424,2.64648
0,40,2.9728,22.9057,-0.0659592,2.39005
0,40,2.96969,23.3505,-0.0510633,2.21162
0,40,2.96797,23.7906,-0.0359123,1.96249
0,40,2.96675,24.2302,-0.0424146,1.74255
0,40,2.96791,24.6652,-0.0526884,1.53545
0,40,2.9701,25.0993,-0.0356322,1.22703
0,40,2.97329,25.5313,-0.0337039,1.01642
0,40,2.97599,25.9606,0.0237101,0.723945
0,40,2.97661,26.3894,0.0318053,0.577556
0,40,2.97504,26.8137,0.0615092,0.46318
0,40,2.97207,27.2401,0.047904,0.46051
0,40,2.96997,27.6632,0.0562039,0.55254
0,40,2.96935,28.0913,0.0770253,0.653192
0,40,2.96869,28.5179,0.0497805,0.77536
0,40,2.96783,28.9502,-0.00969576,0.762683
0,40,2.97362,29.3832,-0.0403592,0.705898
0,40,2.98025,29.8264,0.0122469,0.392744
0,40,3.00315,30.2832,0.289253,0.344322
0,40,2.99222,30.7553,0.0100667,0.359512
0,40,3.04785,31.2158,0.624435,0.468326
0,40,2.88825,31.6972,-1.75234,0.65387
0,40,3.15521,32.1123,0.886383,0.261323
0,40,3.49966,14.445,-0.0135191,5.41621
0,40,3.49767,14.9321,-0.0505614,5.05877
0,40,3.4947,15.4274,-0.0375559,5.13357
0,40,3.49476,15.912,-0.0909669,4.91099
0,40,3.49208,16.3963,-0.0865593,4.76307
0,40,3.4926,16.8761,-0.125737,4.58349
0,40,3.49081,17.3526,-0.115468,4.41574
0,40,3.49091,17.8277,-0.108758,4.23709
0,40,3.4897,18.3006,-0.0918959,4.13532
0,40,3.4904,18.7704,-0.0685329,3.97545
0,40,3.48939,19.2397,-0.0577386,3.82031
0,40,3.48999,19.707,-0.0498987,3.8057
0,40,3.4883,20.1723,-0.0232895,3.63457
0,40,3.48806,20.6379,-0.0202919,3.52361
0,40,3.48623,21.0987,-0.00116332,3.45173
0,40,3.48565,21.5586,0.0375554,3.21836
0,40,3.48331,22.0184,0.00367956,3.17288
0,40,3.48282,22.4718,0.0275462,3.01618
0,40,3.47976,22.9277,0.0182823,2.81281
0,40,3.47966,23.3789,-0.00660449,2.8056
0,40,3.47793,23.8283,0.00272817,2.58918
0,40,3.47796,24.2788,-0.0633012,2.51358
0,40,3.47857,24.7263,-0.0613121,2.46313
0,40,3.47958,25.1764,-0.0692374,2.32636
0,40,3.48177,25.6262,-0.0704752,2.33321
0,40,3.48281,26.0764,-0.0480516,2.19896
0,40,3.48399,26.5255,-0.0662114,2.15823
0,40,3.48242,26.969,-0.0494521,1.97303
0,40,3.48272,27.4084,-0.0714404,1.7973
0,40,3.48152,27.8387,-0.0132015,1.59924
0,40,3.48308,28.2649,-0.0025584,1.34937
0,40,3.48078,28.6856,0.043928,1.1904
0,40,3.47889,29.1039,-0.00529132,1.0193
0,40,3.47663,29.5237,0.0660366,0.949954
0,40,3.46905,29.947,-0.0953968,0.939684
0,40,3.48144,30.3743,0.192654,0.970841
0,40,3.44206,30.8144,-0.441961,1.05469
0,40,3.54478,31.2479,0.717885,1.22628
0,40,3.33435,31.6734,-1.42184,0.597194
0,40,3.68683,32.1079,1.22976,0.345176
0,40,3.99926,14.4425,-0.00883048,5.36709
0,40,3.99664,14.9305,-0.0301941,5.06341
0,40,3.99638,15.4261,-0.0226769,5.12417
0,40,3.99508,15.911,-0.0315112,4.89653
0,40,3.99451,16.3956,-0.0396333,4.76193
0,40,3.99395,16.8754,-0.0538051,4.54733
0,40,3.99309,17.3524,-0.0831991,4.43876
0,40,3.99314,17.8268,-0.061548,4.24448
0,40,3.99121,18.3008,-0.0766964,4.15376
0,40,3.99153,18.7705,-0.035669,4.01616
0,40,3.98957,19.2403,-0.011003,3.82631
0,40,3.99081,19.7075,-0.0129559,3.80201
0,40,3.98842,20.1715,-0.0217327,3.62977
0,40,3.98844,20.637,-0.0341905,3.49836
0,40,3.98572,21.0976,-0.0386228,3.48337
0,40,3.98605,21.5568,-0.0256063,3.19488
0,40,3.98325,22.0162,-0.0732922,3.08744
0,40,3.98353,22.4689,-0.107391,2.99292
0,40,3.98067,22.9231,-0.112037,2.69197
0,40,3.9808,23.3756,-0.153932,2.69389
0,40,3.97947,23.8222,-0.140928,2.44764
0,40,3.98024,24.2723,-0.136107,2.23358
0,40,3.98015,24.7161,-0.164783,2.18408
0,40,3.98198,25.1598,-0.140366,1.86433
0,40,3.98124,25.6022,-0.175751,1.77666
0,40,3.98296,26.0403,-0.157042,1.55322
0,40,3.98138,26.48,-0.13808,1.45063
0,40,3.98253,26.9159,-0.103856,1.3845
0,40,3.98257,27.3565,-0.0273363,1.33924
0,40,3.98402,27.7961,0.00850233,1.43749
0,40,3.98551,28.2406,0.0568758,1.39171
0,40,3.98607,28.683,0.01668,1.46025
0,40,3.98473,29.1263,0.00329631,1.29597
0,40,3.98486,29.5594,-0.0160922,1.22506
0,40,3.97659,29.9921,-0.0894388,0.910785
0,40,3.98839,30.4145,0.156507,0.862442
0,40,3.93948,30.8386,-0.608201,0.745506
0,40,4.06139,31.2566,0.797284,0.451405
0,40,3.8152,31.6759,-1.30213,0.702397
0,40,4.18742,32.0778,1.23405,0.141053
0,40,4.49971,14.4415,3.76332e-05,5.37359
0,40,4.49839,14.9288,0.00142284,5.05935
0,40,4.49727,15.4258,-0.00924997,5.108
0,40,4.49698,15.91,-0.0254042,4.89559
0,40,4.49582,16.3949,-0.025655,4.74241
0,40,4.49556,16.8747,-0.0313056,4.53592
0,40,4.4944,17.3519,-0.0164123,4.43694
0,40,4.49437,17.8262,0.000389234,4.26002
0,40,4.49363,18.2996,0.0310327,4.16602
0,40,4.49382,18.7698,0.0429082,4.05018
0,40,4.49278,19.2389,0.0475517,3.83257
0,40,4.49229,19.7066,0.0525418,3.79394
0,40,4.49115,20.1702,0.0623797,3.65209
0,40,4.49126,20.6355,0.0909335,3.47587
0,40,4.48971,21.0969,0.0389931,3.47172
0,40,4.49004,21.5553,0.0200408,3.17257
0,40,4.48748,22.0152,-0.021377,3.03279
0,40,4.48822,22.4684,-0.0381997,2.99051
0,40,4.48642,22.9225,-0.0581292,2.68159
0,40,4.48742,23.3758,-0.0880459,2.66522
0,40,4.48619,23.8238,-0.134364,2.50252
0,40,4.48826,24.2739,-0.138364,2.2663
0,40,4.48676,24.7208,-0.184124,2.25831
0,40,4.48944,25.1657,-0.183469,2.04383
0,40,4.48812,25.6112,-0.149544,1.94576
0,40,4.49017,26.0521,-0.15381,1.79489
0,40,4.48903,26.4923,-0.123855,1.63699
0,40,4.48971,26.9269,-0.115251,1.48299
0,40,4.48766,27.3601,-0.0986947,1.25688
0,40,4.48739,27.7889,-0.0722529,1.16202
0,40,4.48529,28.2154,-0.021645,0.888695
0,40,4.48542,28.6426,0.0148856,0.814118
0,40,4.48209,29.0678,0.0172892,0.611427
0,40,4.48814,29.4964,0.0584242,0.507698
0,40,4.47266,29.9256,-0.0827756,0.380023
0,40,4.50412,30.3512,0.147429,0.222925
0,40,4.43165,30.7782,-0.606826,0.229602
0,40,4.57268,31.2053,0.738538,-0.0129892
0,40,4.3308,31.623,-1.31656,0.38024
0,40,4.64288,32.0439,1.22544,0.0107288
0,40,4.99969,14.4404,-0.00382952,5.36162
0,40,4.99864,14.928,-0.0108304,5.06443
0,40,4.99847,15.4249,0.00124471,5.09605
0,40,4.99738,15.9095,-0.0137422,4.88555
0,40,4.99722,16.3944,-0.0170771,4.75128
0,40,4.99674,16.8741,0.000742229,4.55403
0,40,4.99623,17.3514,0.0224263,4.46184
0,40,4.99612,17.826,0.0359685,4.27746
0,40,4.99565,18.2998,0.0173078,4.17298
0,40,4.99569,18.7698,0.00658087,4.03979
0,40,4.9945,19.2385,-0.00711566,3.83581
0,40,4.99436,19.706,0.00262222,3.79498
0,40,4.99299,20.1702,-0.0139693,3.66939
0,40,4.99342,20.6349,-0.00655841,3.46985
0,40,4.9919,21.0963,-0.0440567,3.40297
0,40,4.9922,21.5544,-0.0731454,3.16055
0,40,4.99066,22.0138,-0.082298,3.00328
0,40,4.99116,22.4683,-0.104527,2.96342
0,40,4.99002,22.9215,-0.126925,2.66786
0,40,4.9906,23.3755,-0.125202,2.60908
0,40,4.9897,23.8238,-0.149441,2.47315
0,40,4.99136,24.2732,-0.128907,2.2208
0,40,4.99049,24.7194,-0.145152,2.17584
0,40,4.9928,25.1637,-0.133704,1.9979
0,40,4.99153,25.6071,-0.149831,1.88638
0,40,4.99391,26.0482,-0.128189,1.74909
0,40,4.99185,26.4888,-0.124197,1.69677
0,40,4.99459,26.9268,-0.0721966,1.62715
0,40,4.99252,27.3665,-0.0223587,1.55955
0,40,4.99528,27.8036,-0.00197198,1.55429
0,40,4.99283,28.2403,0.0331433,1.39558
0,40,4.99442,28.6732,-0.0181485,1.28457
0,40,4.9891,29.1042,0.0255841,1.07966
0,40,4.99334,29.5322,-0.0251002,0.976588
0,40,4.97602,29.9559,-0.0555041,0.745142
0,40,5.012,30.3855,0.194935,0.687539
0,40,4.93345,30.7958,-0.614688,0.392015
0,40,5.06931,31.236,0.788171,0.436917
0,40,4.86146,31.6213,-1.55212,-0.10353
0,40,5.09923,32.0591,1.01547,0.0223747
0,40,5.49986,14.4399,-0.000688968,5.36097
0,40,5.49931,14.9276,-0.00420157,5.06724
0,40,5.49918,15.4246,-0.010691,5.0958
0,40,5.49894,15.9088,-0.00667969,4.87995
0,40,5.4983,16.3942,-0.00261778,4.74525
0,40,5.49815,16.8737,-0.0125626,4.57255
0,40,5.49782,17.3511,0.00307793,4.47965
0,40,5.49774,17.8259,0.0180089,4.27541
0,40,5.49748,18.2994,0.0284559,4.15514
0,40,5.49745,18.769,0.0265185,4.03115
0,40,5.49699,19.2376,0.0181837,3.83441
0,40,5.49692,19.7051,0.0192777,3.79438
0,40,5.49639,20.1696,0.0185191,3.65687
0,40,5.49634,20.6346,0.0137889,3.46637
0,40,5.49586,21.0957,0.017027,3.38388
0,40,5.49579,21.5545,0.00809079,3.13822
0,40,5.49568,22.0137,-0.0159332,3.00459
0,40,5.49572,22.4683,-0.0117324,2.92878
0,40,5.49516,22.922,-0.0503547,2.66915
0,40,5.49615,23.3757,-0.0378811,2.61739
0,40,5.49519,23.8249,-0.0615311,2.4697
0,40,5.49656,24.275,-0.0854947,2.25147
0,40,5.49587,24.7215,-0.0817819,2.21155
0,40,5.4968,25.1663,-0.0916875,2.02169
0,40,5.49606,25.6103,-0.0929426,1.92844
0,40,5.49726,26.0503,-0.0701643,1.77144
0,40,5.49599,26.4901,-0.0648232,1.66748
0,40,5.49711,26.9253,-0.0601727,1.56296
0,40,5.49556,27.3611,-0.0454965,1.41603
0,40,5.49643,27.7942,-0.0303085,1.37669
0,40,5.49457,28.2268,0.00199421,1.18013
0,40,5.49654,28.6597,0.0083126,1.10612
0,40,5.4931,29.0885,0.0352471,0.900219
0,40,5.49882,29.5205,0.00305381,0.759913
0,40,5.48529,29.9411,-0.057993,0.529208
0,40,5.51164,30.3722,0.153103,0.431651
0,40,5.45524,30.7842,-0.493784,0.192826
0,40,5.5419,31.2143,0.545585,0.136874
0,40,5.42431,31.6311,-1.09379,-0.0508809
0,40,5.54973,32.0423,0.60753,-0.369804
0,40,6,14.4396,1.29867e-11,5.35708
0,40,6,14.9274,8.10894e-11,5.05915
0,40,6,15.4246,1.20038e-10,5.09095
0,40,6,15.9086,3.30026e-11,4.89501
0,40,6,16.3938,1.82624e-11,4.74209
0,40,6,16.8738,6.79109e-11,4.56615
0,40,6,17.3509,8.63409e-11,4.49543
0,40,6,17.8258,1.73427e-10,4.29208
0,40,6,18.2996,2.29927e-10,4.1686
0,40,6,18.7692,2.32083e-10,4.02543
0,40,6,19.2379,1.10831e-10,3.82736
0,40,6,19.7053,-1.9253e-11,3.80116
0,40,6,20.1696,-1.02694e-10,3.65563
0,40,6,20.6345,1.67943e-11,3.46751
0,40,6,21.0955,3.56704e-11,3.3891
0,40,6,21.5542,4.44129e-11,3.11569
0,40,6,22.0136,4.29929e-11,2.99977
0,40,6,22.4675,1.04295e-11,2.91849
0,40,6,22.922,-1.22899e-11,2.64122
0,40,6,23.3752,-2.64977e-11,2.62317
0,40,6,23.8241,-2.32209e-11,2.4148
0,40,6,24.2746,-1.72227e-11,2.23031
0,40,6,24.7197,-1.58407e-11,2.18133
0,40,6,25.1649,-5.16005e-12,1.98508
0,40,6,25.6082,4.0964e-13,1.92527
0,40,6,26.0491,4.26835e-13,1.78221
0,40,6,26.4893,7.18392e-12,1.71517
0,40,6,26.9271,6.47818e-13,1.63437
0,40,6,27.3648,2.33784e-12,1.55229
0,40,6,27.8005,-6.5654e-12,1.48966
0,40,6,28.2342,-2.38944e-12,1.31326
0,40,6,28.6666,-4.55712e-12,1.17383
0,40,6,29.0947,-3.20974e-12,0.968206
0,40,6,29.5257,-3.94865e-12,0.89497
0,40,6,29.9445,2.4573e-12,0.545862
0,40,6,30.3823,-7.56437e-12,0.648905
0,40,6,30.7852,3.42636e-12,0.150845
0,40,6,31.2236,-2.29812e-12,0.335592
0,40,6,31.6343,2.47872e-12,-0.0377319
0,40,6,32.0521,1.93577e-12,-0.127659
0,40,6.50014,14.4399,0.000688968,5.36097
0,40,6.50069,14.9276,0.00420157,5.06724
0,40,6.50082,15.4246,0.010691,5.0958
0,40,6.50106,15.9088,0.00667969,4.87995
0,40,6.5017,16.3942,0.00261778,4.74525
0,40,6.50185,16.8737,0.0125626,4.57255
0,40,6.50218,17.3511,-0.00307793,4.47965
0,40,6.50226,17.8259,-0.0180089,4.27541
0,40,6.50252,18.2994,-0.0284559,4.15514
0,40,6.50255,18.769,-0.0265185,4.03115
0,40,6.50301,19.2376,-0.0181837,3.83441
0,40,6.50308,19.7051,-0.0192777,3.79438
0,40,6.50361,20.1696,-0.0185191,3.65687
0,40,6.50366,20.6346,-0.0137889,3.46637
0,40,6.50414,21.0957,-0.017027,3.38388
0,40,6.50421,21.5545,-0.00809079,3.13822
0,40,6.50432,22.0137,0.0159332,3.00459
0,40,6.50428,22.4683,0.0117324,2.92878
0,40,6.50484,22.922,0.0503547,2.66915
0,40,6.50385,23.3757,0.0378811,2.61739
0,40,6.50481,23.8249,0.0615311,2.4697
0,40,6.50344,24.275,0.0854947,2.25147
0,40,6.50413,24.7215,0.0817819,2.21155
0,40,6.5032,25.1663,0.0916875,2.02169
0,40,6.50394,25.6103,0.0929426,1.92844
0,40,6.50274,26.0503,0.0701643,1.77144
0,40,6.50401,26.4901,0.0648232,1.66748
0,40,6.50289,26.9253,0.0601727,1.56296
0,40,6.50444,27.3611,0.0454965,1.41603
0,40,6.50357,27.7942,0.0303085,1.37669
0,40,6.50543,28.2268,-0.00199421,1.18013
0,40,6.50346,28.6597,-0.0083126,1.10612
0,40,6.5069,29.0885,-0.0352471,0.900219
0,40,6.50118,29.5205,-0.00305381,0.759913
0,40,6.51471,29.9411,0.057993,0.529208
0,40,6.48836,30.3722,-0.153103,0.431651
0,40,6.54476,30.7842,0.493784,0.192826
0,40,6.4581,31.2143,-0.545585,0.136874
0,40,6.57569,31.6311,1.09379,-0.0508809
0,40,6.45027,32.0423,-0.60753,-0.369804
0,40,7.00031,14.4404,0.00382952,5.36162
0,40,7.00136,14.928,0.0108304,5.06443
0,40,7.00153,15.4249,-0.00124471,5.09605
0,40,7.00262,15.9095,0.0137422,4.88555
0,40,7.00278,16.3944,0.0170771,4.75128
0,40,7.00326,16.8741,-0.000742229,4.55403
0,40,7.00377,17.3514,-0.0224263,4.46184
0,40,7.00388,17.826,-0.0359685,4.27746
0,40,7.00435,18.2998,-0.0173078,4.17298
0,40,7.00431,18.7698,-0.00658087,4.03979
0,40,7.0055,19.2385,0.00711566,3.83581
0,40,7.00564,19.706,-0.00262222,3.79498
0,40,7.00701,20.1702,0.0139693,3.66939
0,40,7.00658,20.6349,0.00655841,3.46985
0,40,7.0081,21.0963,0.0440567,3.40297
0,40,7.0078,21.5544,0.0731454,3.16055
0,40,7.00934,22.0138,0.082298,3.00328
0,40,7.00884,22.4683,0.104527,2.96342
0,40,7.00998,22.9215,0.126925,2.66786
0,40,7.0094,23.3755,0.125202,2.60908
0,40,7.0103,23.8238,0.149441,2.47315
0,40,7.00864,24.2732,0.128907,2.2208
0,40,7.00951,24.7194,0.145152,2.17584
0,40,7.0072,25.1637,0.133704,1.9979
0,40,7.00847,25.6071,0.149831,1.88638
0,40,7.00609,26.0482,0.128189,1.74909
0,40,7.00815,26.4888,0.124197,1.69677
0,40,7.00541,26.9268,0.0721966,1.62715
0,40,7.00748,27.3665,0.0223587,1.55955
0,40,7.00472,27.8036,0.00197198,1.55429
0,40,7.00717,28.2403,-0.0331433,1.39558
0,40,7.00558,28.6732,0.0181485,1.28457
0,40,7.0109,29.1042,-0.0255841,1.07966
0,40,7.00666,29.5322,0.0251002,0.976588
0,40,7.02398,29.9559,0.0555041,0.745142
0,40,6.988,30.3855,-0.194935,0.687539
0,40,7.06655,30.7958,0.614688,0.392015
0,40,6.93069,31.236,-0.788171,0.436917
0,40,7.13854,31.6213,1.55212,-0.10353
0,40,6.90077,32.0591,-1.01547,0.0223747
0,40,7.50029,14.4415,-3.76332e-05,5.37359
0,40,7.50161,14.9288,-0.00142284,5.05935
0,40,7.50273,15.4258,0.00924997,5.108
0,40,7.50302,15.91,0.0254042,4.89559
0,40,7.50418,16.3949,0.025655,4.74241
0,40,7.50444,16.8747,0.0313056,4.53592
0,40,7.5056,17.3519,0.0164123,4.43694
0,40,7.50563,17.8262,-0.000389234,4.26002
0,40,7.50637,18.2996,-0.0310327,4.16602
0,40,7.50618,18.7698,-0.0429082,4.05018
0,40,7.50722,19.2389,-0.0475517,3.83257
0,40,7.50771,19.7066,-0.0525418,3.79394
0,40,7.50885,20.1702,-0.0623797,3.65209
0,40,7.50874,20.6355,-0.0909335,3.47587
0,40,7.51029,21.0969,-0.0389931,3.47172
0,40,7.50996,21.5553,-0.0200408,3.17257
0,40,7.51252,22.0152,0.021377,3.03279
0,40,7.51178,22.4684,0.0381997,2.99051
0,40,7.51358,22.9225,0.0581292,2.68159
0,40,7.51258,23.3758,0.0880459,2.66522
0,40,7.51381,23.8238,0.134364,2.50252
0,40,7.51174,24.2739,0.138364,2.2663
0,40,7.51324,24.7208,0.184124,2.25831
0,40,7.51056,25.1657,0.183469,2.04383
0,40,7.51188,25.6112,0.149544,1.94576
0,40,7.50983,26.0521,0.15381,1.79489
0,40,7.51097,26.4923,0.123855,1.63699
0,40,7.51029,26.9269,0.115251,1.48299
0,40,7.51234,27.3601,0.0986947,1.25688
0,40,7.51261,27.7889,0.0722529,1.16202
0,40,7.51471,28.2154,0.021645,0.888695
0,40,7.51458,28.6426,-0.0148856,0.814118
0,40,7.51791,29.0678,-0.0172892,0.611427
0,40,7.51186,29.4964,-0.0584242,0.507698
0,40,7.52734,29.9256,0.0827756,0.380023
0,40,7.49588,30.3512,-0.147429,0.222925
0,40,7.56835,30.7782,0.606826,0.229602
0,40,7.42732,31.2053,-0.738538,-0.0129892
0,40,7.6692,31.623,1.31656,0.38024
0,40,7.35712,32.0439,-1.22544,0.0107288
0,40,8.00074,14.4425,0.00883048,5.36709
0,40,8.00336,14.9305,0.0301941,5.06341
0,40,8.00362,15.4261,0.0226769,5.12417
0,40,8.00492,15.911,0.0315112,4.89653
0,40,8.00549,16.3956,0.0396333,4.76193
0,40,8.00605,16.8754,0.0538051,4.54733
0,40,8.00691,17.3524,0.0831991,4.43876
0,40,8.00686,17.8268,0.061548,4.24448
0,40,8.00879,18.3008,0.0766964,4.15376
0,40,8.00847,18.7705,0.035669,4.01616
0,40,8.01043,19.2403,0.011003,3.82631
0,40,8.00919,19.7075,0.0129559,3.80201
0,40,8.01158,20.1715,0.0217327,3.62977
0,40,8.01156,20.637,0.0341905,3.49836
0,40,8.01428,21.0976,0.0386228,3.48337
0,40,8.01395,21.5568,0.0256063,3.19488
0,40,8.01675,22.0162,0.0732922,3.08744
0,40,8.01647,22.4689,0.107391,2.99292
0,40,8.01933,22.9231,0.112037,2.69197
0,40,8.0192,23.3756,0.153932,2.69389
0,40,8.02053,23.8222,0.140928,2.44764
0,40,8.01976,24.2723,0.136107,2.23358
0,40,8.01985,24.7161,0.164783,2.18408
0,40,8.01802,25.1598,0.140366,1.86433
0,40,8.01876,25.6022,0.175751,1.77666
0,40,8.01704,26.0403,0.157042,1.55322
0,40,8.01862,26.48,0.13808,1.45063
0,40,8.01747,26.9159,0.103856,1.3845
0,40,8.01743,27.3565,0.0273363,1.33924
0,40,8.01598,27.7961,-0.00850233,1.43749
0,40,8.01449,28.2406,-0.0568758,1.39171
0,40,8.01393,28.683,-0.01668,1.46025
0,40,8.01527,29.1263,-0.00329631,1.29597
0,40,8.01514,29.5594,0.0160922,1.22506
0,40,8.02341,29.9921,0.0894388,0.910785
0,40,8.01161,30.4145,-0.156507,0.862442
0,40,8.06052,30.8386,0.608201,0.745506
0,40,7.93861,31.2566,-0.797284,0.451405
0,40,8.1848,31.6759,1.30213,0.702397
0,40,7.81258,32.0778,-1.23405,0.141053
0,40,8.50034,14.445,0.0135191,5.41621
0,40,8.50233,14.9321,0.0505614,5.05877
0,40,8.5053,15.4274,0.0375559,5.13357
0,40,8.50524,15.912,0.0909669,4.91099
0,40,8.50792,16.3963,0.0865593,4.76307
0,40,8.5074,16.8761,0.125737,4.58349
0,40,8.50919,17.3526,0.115468,4.41574
0,40,8.50909,17.8277,0.108758,4.23709
0,40,8.5103,18.3006,0.0918959,4.13532
0,40,8.5096,18.7704,0.0685329,3.97545
0,40,8.51061,19.2397,0.0577386,3.82031
0,40,8.51001,19.707,0.0498987,3.8057
0,40,8.5117,20.1723,0.0232895,3.63457
0,40,8.51194,20.6379,0.0202919,3.52361
0,40,8.51377,21.0987,0.00116332,3.45173
0,40,8.51435,21.5586,-0.0375554,3.21836
0,40,8.51669,22.0184,-0.00367956,3.17288
0,40,8.51718,22.4718,-0.0275462,3.01618
0,40,8.52024,22.9277,-0.0182823,2.81281
0,40,8.52034,23.3789,0.00660449,2.8056
0,40,8.52207,23.8283,-0.00272817,2.58918
0,40,8.52204,24.2788,0.0633012,2.51358
0,40,8.52143,24.7263,0.0613121,2.46313
0,40,8.52042,25.1764,0.0692374,2.32636
0,40,8.51823,25.6262,0.0704752,2.33321
0,40,8.51719,26.0764,0.0480516,2.19896
0,40,8.51601,26.5255,0.0662114,2.15823
0,40,8.51758,26.969,0.0494521,1.97303
0,40,8.51728,27.4084,0.0714404,1.7973
0,40,8.51848,27.8387,0.0132015,1.59924
0,40,8.51692,28.2649,0.0025584,1.34937
0,40,8.51922,28.6856,-0.043928,1.1904
0,40,8.52111,29.1039,0.00529132,1.0193
0,40,8.52337,29.5237,-0.0660366,0.949954
0,40,8.53095,29.947,0.0953968,0.939684
0,40,8.51856,30.3743,-0.192654,0.970841
0,40,8.55794,30.8144,0.441961,1.05469
0,40,8.45522,31.2479,-0.717885,1.22628
0,40,8.66565,31.6734,1.42184,0.597194
0,40,8.31317,32.1079,-1.22976,0.345176
0,40,9.00097,14.4454,0.00669437,5.42406
0,40,9.00466,14.9359,-0.000532262,5.04248
0,40,9.00665,15.4282,0.00166929,5.17848
0,40,9.00746,15.9134,0.042917,4.94008
0,40,9.00985,16.3974,0.0818453,4.78155
0,40,9.00973,16.8763,0.0759616,4.59334
0,40,9.01191,17.3536,0.0988164,4.40209
0,40,9.0117,17.8279,0.110947,4.24029
0,40,9.01371,18.3006,0.134774,4.08844
0,40,9.01351,18.77,0.114588,3.92531
0,40,9.01551,19.2391,0.111996,3.77204
0,40,9.01494,19.7057,0.0984625,3.68563
0,40,9.01725,20.1705,0.0312234,3.49428
0,40,9.01716,20.6337,0.044925,3.39385
0,40,9.01859,21.0931,-0.00177771,3.23807
0,40,9.02001,21.5515,0.0479187,3.05109
0,40,9.02165,22.0066,0.0557096,2.89421
0,40,9.02474,22.4579,0.0669424,2.64648
0,40,9.0272,22.9057,0.0659592,2.39005
0,40,9.03031,23.3505,0.0510633,2.21162
0,40,9.03203,23.7906,0.0359123,1.96249
0,40,9.03325,24.2302,0.0424146,1.74255
0,40,9.03209,24.6652,0.0526884,1.53545
0,40,9.0299,25.0993,0.0356322,1.22703
0,40,9.02671,25.5313,0.0337039,1.01642
0,40,9.02401,25.9606,-0.0237101,0.723945
0,40,9.02339,26.3894,-0.0318053,0.577556
0,40,9.02496,26.8137,-0.0615092,0.46318
0,40,9.02793,27.2401,-0.047904,0.46051
0,40,9.03003,27.6632,-0.0562039,0.55254
0,40,9.03065,28.0913,-0.0770253,0.653192
0,40,9.03131,28.5179,-0.0497805,0.77536
0,40,9.03217,28.9502,0.00969576,0.762683
0,40,9.02638,29.3832,0.0403592,0.705898
0,40,9.01975,29.8264,-0.0122469,0.392744
0,40,8.99685,30.2832,-0.289253,0.344322
0,40,9.00778,30.7553,-0.0100667,0.359512
0,40,8.95215,31.2158,-0.624435,0.468326
0,40,9.11175,31.6972,1.75234,0.65387
0,40,8.84479,32.1123,-0.886383,0.261323
0,40,9.50782,14.4567,0.147138,5.57169
0,40,9.50273,14.9457,0.00439755,5.20746
0,40,9.50954,15.4396,0.0495368,5.35394
0,40,9.50803,15.9271,0.124923,5.17854
0,40,9.51218,16.4136,0.114484,4.99621
0,40,9.5126,16.8957,0.159398,4.85135
0,40,9.51493,17.3765,0.132945,4.69165
0,40,9.51593,17.8544,0.181191,4.59493
0,40,9.51571,18.3313,0.158288,4.45755
0,40,9.51738,18.8061,0.181581,4.34982
0,40,9.51557,19.2797,0.153737,4.27438
0,40,9.51651,19.7526,0.184692,4.20629
0,40,9.51493,20.2238,0.177443,4.11415
0,40,9.5167,20.6943,0.200572,4.05571
0,40,9.51597,21.1639,0.184594,3.96504
0,40,9.51898,21.6322,0.168658,3.85689
0,40,9.51944,22.0992,0.128087,3.73121
0,40,9.52362,22.5633,0.0567463,3.56304
0,40,9.52546,23.0263,0.00466159,3.41733
0,40,9.52967,23.4874,-0.0859537,3.32168
0,40,9.53247,23.9479,-0.0984308,3.23519
0,40,9.53479,24.4086,-0.125758,3.20343
0,40,9.53674,24.8678,-0.0590943,3.17001
0,40,9.53573,25.3256,-0.00657659,3.09579
0,40,9.53623,25.7796,0.0606092,3.00071
0,40,9.53442,26.2302,0.0706119,2.80709
0,40,9.53688,26.6777,0.0434267,2.62011
0,40,9.53596,27.1239,-0.0111848,2.30419
0,40,9.53845,27.5703,-0.0737505,2.08382
0,40,9.53391,28.0145,-0.0896701,1.7698
0,40,9.53454,28.4579,-0.121676,1.6006
0,40,9.53137,28.8959,0.00422072,1.39893
0,40,9.52931,29.3312,0.00611215,1.29144
0,40,9.52138,29.7554,0.133597,1.1774
0,40,9.50233,30.1712,-0.131311,1.00817
0,40,9.49312,30.5672,-0.203938,0.655463
0,40,9.50605,30.9787,0.345089,0.668262
0,40,9.44989,31.3469,-0.896364,0.0445706
0,40,9.63579,31.7805,1.77292,0.45667
0,40,9.39526,32.151,-0.653208,0.271527
1,40,10,1.5,0,0
1,40,10.5,1.5,0,0
1,40,1.5,1.5,0,0
1,40,2,1.5,0,0
1,40,10,2,0,0
1,40,10.5,2,0,0
1,40,1.5,2,0,0
1,40,2,2,0,0
1,40,10,2.5,0,0
1,40,10.5,2.5,0,0
1,40,1.5,2.5,0,0
1,40,2,2.5,0,0
1,40,10,3,0,0
1,40,10.5,3,0,0
1,40,1.5,3,0,0
1,40,2,3,0,0
1,40,10,3.5,0,0
1,40,10.5,3.5,0,0
1,40,1.5,3.5,0,0
1,40,2,3.5,0,0
1,40,10,4,0,0
1,40,10.5,4,0,0
1,40,1.5,4,0,0
1,40,2,4,0,0
1,40,10,4.5,0,0
1,40,10.5,4.5,0,0
1,40,1.5,4.5,0,0
1,40,2,4.5,0,0
1,40,10,5,0,0
1,40,10.5,5,0,0
1,40,1.5,5,0,0
1,40,2,5,0,0
1,40,10,5.5,0,0
1,40,10.5,5.5,0,0
1,40,1.5,5.5,0,0
1,40,2,5.5,0,0
1,40,10,6,0,0
1,40,10.5,6,0,0
1,40,1.5,6,0,0
1,40,2,6,0,0
1,40,10,6.5,0,0
1,40,10.5,6.5,0,0
1,40,1.5,6.5,0,0
1,40,2,6.5,0,0
1,40,10,7,0,0
1,40,10.5,7,0,0
1,40,1.5,7,0,0
1,40,2,7,0,0
1,40,10,7.5,0,0
1,40,10.5,7.5,0,0
1,40,1.5,7.5,0,0
1,40,2,7.5,0,0
1,40,10,8,0,0
1,40,10.5,8,0,0
1,40,1.5,8,0,0
1,40,2,8,0,0
1,40,10,8.5,0,0
1,40,10.5,8.5,0,0
1,40,1.5,8.5,0,0
1,40,2,8.5,0,0
1,40,10,9,0,0
1,40,10.5,9,0,0
1,40,1.5,9,0,0
1,40,2,9,0,0
1,40,10,9.5,0,0
1,40,10.5,9.5,0,0
1,40,1.5,9.5,0,0
1,40,2,9.5,0,0
1,40,10,10,0,0
1,40,10.5,10,0,0
1,40,1.5,10,0,0
1,40,2,10,0,0
1,40,10,10.5,0,0
1,40,10.5,10.5,0,0
1,40,1.5,10.5,0,0
1,40,2,10.5,0,0
1,40,10,11,0,0
1,40,10.5,11,0,0
1,40,1.5,11,0,0
1,40,2,11,0,0
1,40,10,11.5,0,0
1,40,10.5,11.5,0,0
1,40,1.5,11.5,0,0
1,40,2,11.5,0,0
1,40,10,12,0,0
1,40,10.5,12,0,0
1,40,1.5,12,0,0
1,40,2,12,0,0
1,40,10,12.5,0,0
1,40,10.5,12.5,0,0
1,40,1.5,12.5,0,0
1,40,2,12.5,0,0
1,40,10,13,0,0
1,40,10.5,13,0,0
1,40,1.5,13,0,0
1,40,2,13,0,0
1,40,10,13.5,0,0
1,40,10.5,13.5,0,0
1,40,1.5,13.5,0,0
1,40,2,13.5,0,0
1,40,10,14,0,0
1,40,10.5,14,0,0
1,40,1.5,14,0,0
1,40,2,14,0,0
1,40,10,14.5,0,0
1,40,10.5,14.5,0,0
1,40,1.5,14.5,0,0
1,40,2,14.5,0,0
1,40,10,15,0,0
1,40,10.5,15,0,0
1,40,1.5,15,0,0
1,40,2,15,0,0
1,40,10,15.5,0,0
1,40,10.5,15.5,0,0
1,40,1.5,15.5,0,0
1,40,2,15.5,0,0
1,40,10,16,0,0
1,40,10.5,16,0,0
1,40,1.5,16,0,0
1,40,2,16,0,0
1,40,10,16.5,0,0
1,40,10.5,16.5,0,0
1,40,1.5,16.5,0,0
1,40,2,16.5,0,0
1,40,10,17,0,0
1,40,10.5,17,0,0
1,40,1.5,17,0,0
1,40,2,17,0,0
1,40,10,17.5,0,0
1,40,10.5,17.5,0,0
1,40,1.5,17.5,0,0
1,40,2,17.5,0,0
1,40,10,18,0,0
1,40,10.5,18,0,0
1,40,1.5,18,0,0
1,40,2,18,0,0
1,40,10,18.5,0,0
1,40,10.5,18.5,0,0
1,40,1.5,18.5,0,0
1,40,2,18.5,0,0
1,40,10,19,0,0
1,40,10.5,19,0,0
1,40,1.5,19,0,0
1,40,2,19,0,0
1,40,10,19.5,0,0
1,40,10.5,19.5,0,0
1,40,1.5,19.5,0,0
1,40,2,19.5,0,0
1,40,10,20,0,0
1,40,10.5,20,0,0
1,40,1.5,20,0,0
1,40,2,20,0,0
1,40,10,20.5,0,0
1,40,10.5,20.5,0,0
1,40,1.5,20.5,0,0
1,40,2,20.5,0,0
1,40,10,21,0,0
1,40,10.5,21,0,0
1,40,1.5,21,0,0
1,40,2,21,0,0
1,40,10,21.5,0,0
1,40,10.5,21.5,0,0
1,40,1.5,21.5,0,0
1,40,2,21.5,0,0
1,40,10,22,0,0
1,40,10.5,22,0,0
1,40,1.5,22,0,0
1,40,2,22,0,0
1,40,10,22.5,0,0
1,40,10.5,22.5,0,0
1,40,1.5,22.5,0,0
1,40,2,22.5,0,0
1,40,10,23,0,0
1,40,10.5,23,0,0
1,40,1.5,23,0,0
1,40,2,23,0,0
1,40,10,23.5,0,0
1,40,10.5,23.5,0,0
1,40,1.5,23.5,0,0
1,40,2,23.5,0,0
1,40,10,24,0,0
1,40,10.5,24,0,0
1,40,1.5,24,0,0
1,40,2,24,0,0
1,40,10,24.5,0,0
1,40,10.5,24.5,0,0
1,40,1.5,24.5,0,0
1,40,2,24.5,0,0
1,40,10,25,0,0
1,40,10.5,25,0,0
1,40,1.5,25,0,0
1,40,2,25,0,0
1,40,10,25.5,0,0
1,40,10.5,25.5,0,0
1,40,1.5,25.5,0,0
1,40,2,25.5,0,0
1,40,10,26,0,0
1,40,10.5,26,0,0
1,40,1.5,26,0,0
1,40,2,26,0,0
1,40,10,26.5,0,0
1,40,10.5,26.5,0,0
1,40,1.5,26.5,0,0
1,40,2,26.5,0,0
1,40,10,27,0,0
1,40,10.5,27,0,0
1,40,1.5,27,0,0
1,40,2,27,0,0
1,40,10,27.5,0,0
1,40,10.5,27.5,0,0
1,40,1.5,27.5,0,0
1,40,2,27.5,0,0
1,40,10,28,0,0
1,40,10.5,28,0,0
1,40,1.5,28,0,0
1,40,2,28,0,0
1,40,10,28.5,0,0
1,40,10.5,28.5,0,0
1,40,1.5,28.5,0,0
1,40,2,28.5,0,0
1,40,10,29,0,0
1,40,10.5,29,0,0
1,40,1.5,29,0,0
1,40,2,29,0,0
1,40,10,29.5,0,0
1,40,10.5,29.5,0,0
1,40,1.5,29.5,0,0
1,40,2,29.5,0,0
1,40,10,30,0,0
1,40,10.5,30,0,0
1,40,1.5,30,0,0
1,40,2,30,0,0
1,40,10,30.5,0,0
1,40,10.5,30.5,0,0
1,40,1.5,30.5,0,0
1,40,2,30.5,0,0
1,40,10,31,0,0
1,40,10.5,31,0,0
1,40,1.5,31,0,0
1,40,2,31,0,0
1,40,10,31.5,0,0
1,40,10.5,31.5,0,0
1,40,1.5,31.5,0,0
1,40,2,31.5,0,0
1,40,10,32,0,0
1,40,10.5,32,0,0
1,40,1.5,32,0,0
1,40,2,32,0,0
1,40,10,32.5,0,0
1,40,10.5,32.5,0,0
1,40,1.5,32.5,0,0
1,40,2,32.5,0,0
1,40,10,33,0,0
1,40,10.5,33,0,0
1,40,1.5,33,0,0
1,40,2,33,0,0
1,40,2.5,1.5,0,0
1,40,2.5,2,0,0
1,40,2.5,32.5,0,0
1,40,2.5,33,0,0
1,40,3,1.5,0,0
1,40,3,2,0,0
1,40,3,32.5,0,0
1,40,3,33,0,0
1,40,3.5,1.5,0,0
1,40,3.5,2,0,0
1,40,3.5,32.5,0,0
1,40,3.5,33,0,0
1,40,4,1.5,0,0
1,40,4,2,0,0
1,40,4,32.5,0,0
1,40,4,33,0,0
1,40,4.5,1.5,0,0
1,40,4.5,2,0,0
1,40,4.5,32.5,0,0
1,40,4.5,33,0,0
1,40,5,1.5,0,0
1,40,5,2,0,0
1,40,5,32.5,0,0
1,40,5,33,0,0
1,40,5.5,1.5,0,0
1,40,5.5,2,0,0
1,40,5.5,32.5,0,0
1,40,5.5,33,0,0
1,40,6,1.5,0,0
1,40,6,2,0,0
1,40,6,32.5,0,0
1,40,6,33,0,0
1,40,6.5,1.5,0,0
1,40,6.5,2,0,0
1,40,6.5,32.5,0,0
1,40,6.5,33,0,0
1,40,7,1.5,0,0
1,40,7,2,0,0
1,40,7,32.5,0,0
1,40,7,33,0,0
1,40,7.5,1.5,0,0
1,40,7.5,2,0,0
1,40,7.5,32.5,0,0
1,40,7.5,33,0,0
1,40,8,1.5,0,0
1,40,8,2,0,0
1,40,8,32.5,0,0
1,40,8,33,0,0
1,40,8.5,1.5,0,0
1,40,8.5,2,0,0
1,40,8.5,32.5,0,0
1,40,8.5,33,0,0
1,40,9,1.5,0,0
1,40,9,2,0,0
1,40,9,32.5,0,0
1,40,9,33,0,0
1,40,9.5,1.5,0,0
1,40,9.5,2,0,0
1,40,9.5,32.5,0,0
1,40,9.5,33,0,0
