916 2 0.5 203000 0 2 0 1e-05 0 9.81 45 45
0,40,2.49539,14.263,-0.0534481,5.74738
0,40,2.50024,14.7612,-0.125544,5.59077
0,40,2.49414,15.2561,-0.132165,5.42039
0,40,2.49724,15.7492,-0.137946,5.25854
0,40,2.49299,16.2411,-0.136881,5.13636
0,40,2.49391,16.7291,-0.169047,4.94721
0,40,2.49077,17.2158,-0.146985,4.76746
0,40,2.4906,17.6981,-0.148919,4.59114
0,40,2.48891,18.1799,-0.0722717,4.44712
0,40,2.48772,18.659,-0.0890294,4.31669
0,40,2.48706,19.1361,0.00848329,4.17404
0,40,2.48588,19.6115,0.0334427,4.08911
0,40,2.48603,20.0861,0.0914684,3.99027
0,40,2.48399,20.5594,0.106388,3.88902
0,40,2.48379,21.032,0.130965,3.8102
0,40,2.48111,21.503,0.100253,3.73285
0,40,2.48027,21.9729,0.080789,3.66605
0,40,2.47606,22.442,0.0122838,3.56745
0,40,2.47422,22.9094,-0.0394377,3.45942
0,40,2.46936,23.3751,-0.0934714,3.30863
0,40,2.46746,23.8395,-0.152361,3.18422
0,40,2.46461,24.3017,-0.147723,3.09813
0,40,2.46426,24.7626,-0.166152,3.01242
0,40,2.46515,25.2216,-0.104002,2.97722
0,40,2.46562,25.6786,-0.0915939,2.88086
0,40,2.46701,26.1346,-0.0500348,2.75921
0,40,2.46453,26.5893,-0.0555995,2.56238
0,40,2.46423,27.0449,-0.0194751,2.37553
0,40,2.46031,27.4984,0.0126782,2.1776
0,40,2.4634,27.9513,0.0773803,1.99251
0,40,2.46177,28.3988,0.0968515,1.86939
0,40,2.46801,28.8429,0.0436923,1.7147
0,40,2.46956,29.2812,0.0657567,1.61405
0,40,2.47985,29.7114,0.043965,1.39592
0,40,2.49117,30.1345,0.239639,1.14316
0,40,2.49916,30.5444,0.254168,0.712071
0,40,2.49898,30.9585,0.0135546,0.55286
0,40,2.52325,31.3457,0.654526,0.0490387
0,40,2.425,31.7671,-1.65892,0.333254
0,40,2.58213,32.1431,0.641899,0.202323
0,40,2.99948,14.2564,-0.0189128,5.62716
0,40,2.9972,14.7564,-0.0976663,5.47376
0,40,2.99586,15.2491,-0.125937,5.33971
0,40,2.99524,15.7419,-0.0941189,5.12235
0,40,2.99393,16.2314,-0.113124,4.97889
0,40,2.99329,16.7176,-0.0852575,4.74704
0,40,2.99168,17.202,-0.0975213,4.5458
0,40,2.99168,17.6818,-0.06681,4.36124
0,40,2.98988,18.1602,-0.059903,4.16825
0,40,2.98945,18.6357,-0.0510808,4.00556
0,40,2.98751,19.1092,-0.0470689,3.88257
0,40,2.98771,19.5794,-0.0400781,3.72887
0,40,2.98487,20.0494,-0.0765052,3.61944
0,40,2.9847,20.5155,-0.0710516,3.51292
0,40,2.98148,20.9812,-0.046945,3.33284
0,40,2.98183,21.4445,-0.0822648,3.22257
0,40,2.98012,21.9043,-0.060301,3.04126
0,40,2.97913,22.3644,-0.14703,2.82729
0,40,2.9779,22.8197,-0.180884,2.6361
0,40,2.97525,23.273,-0.225716,2.32345
0,40,2.97375,23.7229,-0.254792,2.05596
0,40,2.97194,24.1696,-0.219976,1.82771
0,40,2.97207,24.6134,-0.173788,1.54061
0,40,2.97254,25.0558,-0.0977942,1.37024
0,40,2.97448,25.4945,-0.0349576,1.16261
0,40,2.97511,25.9322,0.0254126,0.977075
0,40,2.9754,26.3656,0.0384771,0.835247
0,40,2.97276,26.796,0.0643134,0.6363
0,40,2.97043,27.223,0.0346458,0.589758
0,40,2.9676,27.6463,0.0513238,0.484231
0,40,2.96718,28.0715,0.014031,0.522868
0,40,2.96722,28.4962,0.0183036,0.482228
0,40,2.9682,28.9291,-0.0130549,0.454207
0,40,2.97312,29.3653,0.0776074,0.332322
0,40,2.97723,29.8157,0.157064,0.265609
0,40,2.99187,30.2715,0.365572,0.348595
0,40,2.98802,30.7416,0.192898,0.459891
0,40,3.02785,31.1987,0.530525,0.548284
0,40,2.94149,31.673,-1.31429,0.775016
0,40,3.12934,32.1022,0.620228,0.318927
0,40,3.49996,14.2563,-0.00538528,5.6138
0,40,3.499,14.7532,-0.0332314,5.41772
0,40,3.49629,15.2491,-0.0643983,5.33794
0,40,3.49712,15.7408,-0.0569686,5.1366
0,40,3.49438,16.2306,-0.0572679,4.97414
0,40,3.4951,16.7168,-0.0368359,4.77718
0,40,3.49247,17.2008,-0.0123975,4.54555
0,40,3.4926,17.6815,-0.016065,4.38124
0,40,3.49058,18.1587,0.014486,4.19879
0,40,3.49025,18.6349,0.0347245,4.02335
0,40,3.4885,19.1085,0.0573678,3.91647
0,40,3.4884,19.5787,0.0792622,3.73058
0,40,3.48672,20.0491,0.0637594,3.62404
0,40,3.48703,20.5158,0.049799,3.58773
0,40,3.48512,20.9823,0.0249039,3.37789
0,40,3.48489,21.448,-0.0309086,3.30064
0,40,3.48342,21.9092,-0.0428499,3.1822
0,40,3.48303,22.3715,-0.0707279,2.9213
0,40,3.48169,22.831,-0.127185,2.88024
0,40,3.48152,23.2862,-0.107899,2.62106
0,40,3.47978,23.7438,-0.120864,2.45587
0,40,3.48086,24.1951,-0.0966333,2.40614
0,40,3.4802,24.6479,-0.0390997,2.1811
0,40,3.4815,25.0997,-0.0393467,2.21833
0,40,3.48241,25.5499,0.030728,2.14221
0,40,3.48284,26.0026,0.0376065,2.14723
0,40,3.48411,26.4521,0.0583341,2.13343
0,40,3.48283,26.902,0.0346681,1.99796
0,40,3.4841,27.3453,0.0129839,1.89941
0,40,3.48168,27.7847,0.0124715,1.58971
0,40,3.48306,28.2181,0.00527814,1.40473
0,40,3.47913,28.6464,0.0339943,1.11509
0,40,3.47844,29.0705,0.00917889,0.947492
0,40,3.47387,29.4939,0.0738958,0.79961
0,40,3.47019,29.9176,0.00304369,0.81132
0,40,3.47493,30.3444,0.183457,0.793436
0,40,3.45316,30.7814,-0.230015,0.908145
0,40,3.52341,31.2102,0.522634,0.971223
0,40,3.38183,31.6499,-1.33414,0.728601
0,40,3.64568,32.0935,1.1314,0.425819
0,40,3.99969,14.2554,-0.0128137,5.57494
0,40,3.9984,14.7519,-0.0574962,5.39887
0,40,3.99766,15.2478,-0.0468124,5.33419
0,40,3.99631,15.7399,-0.0484384,5.13653
0,40,3.99572,16.2296,-0.0436513,4.99395
0,40,3.99512,16.7162,-0.0215784,4.80369
0,40,3.99439,17.1997,-0.00434184,4.56898
0,40,3.99393,17.6808,0.00687584,4.37418
0,40,3.99317,18.1582,-0.02554,4.21885
0,40,3.99285,18.634,-0.0308842,4.02203
0,40,3.99067,19.108,-0.0567544,3.95157
0,40,3.99092,19.5784,-0.0147245,3.76828
0,40,3.98882,20.0493,-0.02052,3.60272
0,40,3.99006,20.5161,-0.0416297,3.56901
0,40,3.98812,20.9815,-0.0727703,3.31953
0,40,3.98869,21.4476,-0.104235,3.25175
0,40,3.98728,21.9085,-0.119919,3.17234
0,40,3.98826,22.3703,-0.126526,2.84759
0,40,3.98651,22.8301,-0.170204,2.8139
0,40,3.98769,23.2844,-0.174179,2.60571
0,40,3.9856,23.7415,-0.166573,2.36212
0,40,3.98625,24.1937,-0.164842,2.37858
0,40,3.98521,24.6432,-0.0985446,2.08623
0,40,3.98563,25.0943,-0.059684,2.0187
0,40,3.98516,25.5386,-0.0315174,1.91639
0,40,3.98559,25.9849,0.0166047,1.71363
0,40,3.98405,26.4269,-0.0018653,1.65873
0,40,3.98405,26.8684,0.0200318,1.44857
0,40,3.98239,27.3092,0.0256341,1.44378
0,40,3.98277,27.7495,0.0400316,1.30099
0,40,3.98298,28.1939,0.0642668,1.35604
0,40,3.98447,28.6361,0.0605328,1.27526
0,40,3.98382,29.0832,0.0432895,1.23334
0,40,3.98487,29.52,0.0163133,1.08051
0,40,3.97835,29.9612,-0.0287646,0.939707
0,40,3.98498,30.3855,0.0446832,0.836694
0,40,3.95544,30.8149,-0.358118,0.692816
0,40,4.03744,31.239,0.600874,0.562844
0,40,3.86227,31.6548,-1.38183,0.53644
0,40,4.1429,32.0728,1.3232,0.138072
0,40,4.49984,14.2548,-0.00662281,5.55003
0,40,4.49898,14.7507,-0.0333349,5.37609
0,40,4.49808,15.2473,-0.0389718,5.34872
0,40,4.49778,15.7388,-0.029568,5.14005
0,40,4.49657,16.2293,-0.0281009,4.99173
0,40,4.49661,16.7156,-0.0338768,4.81668
0,40,4.49539,17.199,-0.0404217,4.57392
0,40,4.49505,17.6802,-0.0440385,4.36693
0,40,4.49342,18.1573,-0.0342858,4.19808
0,40,4.49317,18.6328,-0.027972,4.00901
0,40,4.49223,19.1068,-0.0307475,3.93485
0,40,4.4924,19.5774,-0.0566129,3.7744
0,40,4.49113,20.048,-0.0691305,3.57902
0,40,4.49084,20.5158,-0.0868178,3.54202
0,40,4.49005,20.9806,-0.0816835,3.32787
0,40,4.49052,21.4474,-0.0657886,3.21961
0,40,4.48991,21.9089,-0.110736,3.16925
0,40,4.49064,22.3697,-0.0970038,2.84021
0,40,4.4892,22.8304,-0.110504,2.79565
0,40,4.49063,23.2845,-0.0911928,2.64348
0,40,4.48935,23.7413,-0.0552193,2.39553
0,40,4.4909,24.1942,-0.0244371,2.42767
0,40,4.49013,24.6446,-0.00136003,2.19846
0,40,4.4921,25.0959,0.0361716,2.09954
0,40,4.49049,25.543,0.0266599,2.03958
0,40,4.49251,25.9897,0.0378088,1.87064
0,40,4.49027,26.434,0.0568443,1.77178
0,40,4.49135,26.8755,0.0288749,1.55723
0,40,4.48914,27.3145,0.0284132,1.41308
0,40,4.48912,27.7491,-0.0116227,1.15784
0,40,4.48603,28.1833,-0.0156952,0.997189
0,40,4.48566,28.6138,-0.0363949,0.847504
0,40,4.48149,29.0459,-0.00417894,0.679006
0,40,4.48585,29.4773,0.0450128,0.592644
0,40,4.47412,29.9113,-0.0235048,0.490225
0,40,4.49932,30.3413,0.131345,0.364198
0,40,4.44885,30.771,-0.417223,0.24015
0,40,4.54905,31.2035,0.598181,0.110663
0,40,4.37751,31.6162,-1.37573,0.0523837
0,40,4.60366,32.0458,1.05587,-0.111336
0,40,4.99983,14.2542,-0.00471568,5.53129
0,40,4.99911,14.7499,-0.019264,5.36579
0,40,4.99858,15.2468,-0.0144226,5.34345
0,40,4.99813,15.7383,-0.0297853,5.1461
0,40,4.99796,16.2286,-0.0215989,4.99647
0,40,4.99724,16.7151,-0.0284907,4.79782
0,40,4.99673,17.1983,-0.0505276,4.55922
0,40,4.9963,17.6793,-0.0515236,4.37751
0,40,4.99574,18.1566,-0.0389745,4.22401
0,40,4.99557,18.6328,-0.0186746,4.02666
0,40,4.99502,19.1071,-0.0254566,3.91989
0,40,4.99528,19.5775,-0.0348755,3.74845
0,40,4.99475,20.0476,-0.0620351,3.56703
0,40,4.9948,20.5153,-0.0598812,3.53444
0,40,4.99423,20.981,-0.0717474,3.34825
0,40,4.99498,21.4472,-0.0578965,3.20338
0,40,4.99415,21.909,-0.0834153,3.13096
0,40,4.99514,22.3694,-0.0848287,2.86016
0,40,4.99428,22.8301,-0.0846411,2.7736
0,40,4.99519,23.285,-0.0944595,2.66409
0,40,4.99445,23.7408,-0.0814811,2.42856
0,40,4.99499,24.1944,-0.0548426,2.42575
0,40,4.99405,24.6443,-0.0405344,2.22091
0,40,4.99512,25.0947,0.00966406,2.08465
0,40,4.99374,25.5409,0.0223022,1.99493
0,40,4.99527,25.987,0.0528435,1.84565
0,40,4.99338,26.4301,0.0431943,1.74105
0,40,4.99499,26.8733,0.0522615,1.5567
0,40,4.99235,27.3143,0.0330268,1.51195
0,40,4.99455,27.7542,0.0384666,1.33498
0,40,4.99132,28.1946,0.0439076,1.29117
0,40,4.99434,28.6315,0.0176494,1.14663
0,40,4.98837,29.0683,0.018462,1.03101
0,40,4.9944,29.5006,-0.029461,0.878071
0,40,4.97791,29.9314,-0.0681487,0.727472
0,40,5.00617,30.3628,0.124911,0.655981
0,40,4.95054,30.7837,-0.421528,0.358584
0,40,5.04508,31.2219,0.607979,0.396457
0,40,4.91081,31.6257,-1.28294,-0.115204
0,40,5.06653,32.0592,0.858274,-0.0435413
0,40,5.49994,14.2539,-0.00308518,5.52162
0,40,5.49965,14.7493,-0.0125814,5.36694
0,40,5.49943,15.2464,-0.00513996,5.34312
0,40,5.49923,15.7381,-0.00980846,5.13219
0,40,5.49893,16.2285,-0.0224407,4.99582
0,40,5.49905,16.7144,-0.0239852,4.78948
0,40,5.49848,17.198,-0.0285259,4.54409
0,40,5.49827,17.679,-0.0403744,4.38281
0,40,5.49764,18.1563,-0.0349365,4.23339
0,40,5.49761,18.6322,-0.032007,4.0272
0,40,5.49737,19.1066,-0.0310115,3.9135
0,40,5.4974,19.5771,-0.0345414,3.73404
0,40,5.49702,20.0473,-0.0411574,3.55537
0,40,5.49715,20.5151,-0.0464307,3.5279
0,40,5.49684,20.981,-0.0585395,3.33883
0,40,5.49695,21.4475,-0.0605665,3.21362
0,40,5.49681,21.909,-0.0481366,3.12496
0,40,5.49688,22.3702,-0.0524076,2.85802
0,40,5.49694,22.8302,-0.0476043,2.79068
0,40,5.49712,23.2854,-0.0233833,2.65424
0,40,5.49691,23.7414,-0.0334734,2.46396
0,40,5.49784,24.1947,0.0109301,2.46281
0,40,5.49701,24.6452,0.0111571,2.25524
0,40,5.49835,25.0959,0.0152177,2.14044
0,40,5.49736,25.5424,0.0270399,2.04298
0,40,5.49821,25.9885,0.020515,1.86333
0,40,5.49697,26.4317,0.016388,1.74596
0,40,5.49791,26.8732,0.0201338,1.51899
0,40,5.49611,27.3129,0.0160493,1.41374
0,40,5.49718,27.7497,-0.00477436,1.21456
0,40,5.49476,28.1873,-0.00419055,1.13131
0,40,5.4966,28.6228,-0.0125484,1.03068
0,40,5.49227,29.0578,0.00372507,0.894175
0,40,5.49812,29.4937,0.0186996,0.797764
0,40,5.48689,29.9219,-0.0446797,0.614087
0,40,5.50698,30.3566,0.123307,0.492565
0,40,5.4692,30.7772,-0.33938,0.255146
0,40,5.52602,31.2087,0.373089,0.184024
0,40,5.45473,31.6328,-0.717646,-0.0307336
0,40,5.53141,32.0527,0.437875,-0.266902
0,40,6,14.2538,-5.43543e-12,5.51433
0,40,6,14.7493,-1.85631e-11,5.36509
0,40,6,15.2464,6.31283e-12,5.34823
0,40,6,15.7378,5.48766e-11,5.12813
0,40,6,16.2284,1.37901e-10,4.98817
0,40,6,16.7146,1.07904e-10,4.79355
0,40,6,17.1976,-5.51039e-11,4.5363
0,40,6,17.6786,-1.29981e-10,4.37622
0,40,6,18.156,-1.50072e-10,4.24043
0,40,6,18.6325,-4.86239e-11,4.03109
0,40,6,19.107,1.9384e-11,3.91557
0,40,6,19.5772,1.27448e-10,3.73238
0,40,6,20.0475,6.17975e-11,3.55375
0,40,6,20.5151,5.87257e-12,3.52298
0,40,6,20.9809,2.6303e-11,3.32999
0,40,6,21.4474,-3.25779e-12,3.21761
0,40,6,21.9087,-2.07858e-11,3.13014
0,40,6,22.3698,-1.99764e-11,2.84658
0,40,6,22.8302,-1.32565e-11,2.80928
0,40,6,23.2848,-4.5744e-12,2.65405
0,40,6,23.7416,2.60366e-13,2.46418
0,40,6,24.1941,6.28389e-12,2.48438
0,40,6,24.6447,8.53572e-12,2.21801
0,40,6,25.0954,6.45498e-12,2.13508
0,40,6,25.5407,3.12606e-12,2.01433
0,40,6,25.9875,-1.36237e-12,1.84532
0,40,6,26.4301,-2.50009e-12,1.75204
0,40,6,26.8733,-6.72587e-12,1.55212
0,40,6,27.3134,-3.08559e-12,1.47015
0,40,6,27.7532,-9.3463e-12,1.27553
0,40,6,28.191,-5.88662e-12,1.21779
0,40,6,28.628,-7.61806e-12,1.06543
0,40,6,29.0617,-7.51405e-12,0.960076
0,40,6,29.4963,-8.05494e-12,0.825616
0,40,6,29.9248,-2.61747e-12,0.634933
0,40,6,30.3606,-8.91893e-12,0.634836
0,40,6,30.7787,2.05173e-13,0.244291
0,40,6,31.2137,-4.10945e-12,0.250543
0,40,6,31.6352,-1.84615e-12,-0.00492866
0,40,6,32.0571,1.88303e-12,-0.180109
0,40,6.50006,14.2539,0.00308518,5.52162
0,40,6.50035,14.7493,0.0125814,5.36694
0,40,6.50057,15.2464,0.00513996,5.34312
0,40,6.50077,15.7381,0.00980846,5.13219
0,40,6.50107,16.2285,0.0224407,4.99582
0,40,6.50095,16.7144,0.0239852,4.78948
0,40,6.50152,17.198,0.0285259,4.54409
0,40,6.50173,17.679,0.0403744,4.38281
0,40,6.50236,18.1563,0.0349365,4.23339
0,40,6.50239,18.6322,0.032007,4.0272
0,40,6.50263,19.1066,0.0310115,3.9135
0,40,6.5026,19.5771,0.0345414,3.73404
0,40,6.50298,20.0473,0.0411574,3.55537
0,40,6.50285,20.5151,0.0464307,3.5279
0,40,6.50316,20.981,0.0585395,3.33883
0,40,6.50305,21.4475,0.0605665,3.21362
0,40,6.50319,21.909,0.0481366,3.12496
0,40,6.50312,22.3702,0.0524076,2.85802
0,40,6.50306,22.8302,0.0476043,2.79068
0,40,6.50288,23.2854,0.0233833,2.65424
0,40,6.50309,23.7414,0.0334734,2.46396
0,40,6.50216,24.1947,-0.0109301,2.46281
0,40,6.50299,24.6452,-0.0111571,2.25524
0,40,6.50165,25.0959,-0.0152177,2.14044
0,40,6.50264,25.5424,-0.0270399,2.04298
0,40,6.50179,25.9885,-0.020515,1.86333
0,40,6.50303,26.4317,-0.016388,1.74596
0,40,6.50209,26.8732,-0.0201338,1.51899
0,40,6.50389,27.3129,-0.0160493,1.41374
0,40,6.50282,27.7497,0.00477436,1.21456
0,40,6.50524,28.1873,0.00419055,1.13131
0,40,6.5034,28.6228,0.0125484,1.03068
0,40,6.50773,29.0578,-0.00372507,0.894175
0,40,6.50188,29.4937,-0.0186996,0.797764
0,40,6.51311,29.9219,0.0446797,0.614087
0,40,6.49302,30.3566,-0.123307,0.492565
0,40,6.5308,30.7772,0.33938,0.255146
0,40,6.47398,31.2087,-0.373089,0.184024
0,40,6.54527,31.6328,0.717646,-0.0307336
0,40,6.46859,32.0527,-0.437875,-0.266902
0,40,7.00017,14.2542,0.00471568,5.53129
0,40,7.00089,14.7499,0.019264,5.36579
0,40,7.00142,15.2468,0.0144226,5.34345
0,40,7.00187,15.7383,0.0297853,5.1461
0,40,7.00204,16.2286,0.0215989,4.99647
0,40,7.00276,16.7151,0.0284907,4.79782
0,40,7.00327,17.1983,0.0505276,4.55922
0,40,7.0037,17.6793,0.0515236,4.37751
0,40,7.00426,18.1566,0.0389745,4.22401
0,40,7.00443,18.6328,0.0186746,4.02666
0,40,7.00498,19.1071,0.0254566,3.91989
0,40,7.00472,19.5775,0.0348755,3.74845
0,40,7.00525,20.0476,0.0620351,3.56703
0,40,7.0052,20.5153,0.0598812,3.53444
0,40,7.00577,20.981,0.0717474,3.34825
0,40,7.00502,21.4472,0.0578965,3.20338
0,40,7.00585,21.909,0.0834153,3.13096
0,40,7.00486,22.3694,0.0848287,2.86016
0,40,7.00572,22.8301,0.0846411,2.7736
0,40,7.00481,23.285,0.0944595,2.66409
0,40,7.00555,23.7408,0.0814811,2.42856
0,40,7.00501,24.1944,0.0548426,2.42575
0,40,7.00595,24.6443,0.0405344,2.22091
0,40,7.00488,25.0947,-0.00966406,2.08465
0,40,7.00626,25.5409,-0.0223022,1.99493
0,40,7.00473,25.987,-0.0528435,1.84565
0,40,7.00662,26.4301,-0.0431943,1.74105
0,40,7.00501,26.8733,-0.0522615,1.5567
0,40,7.00765,27.3143,-0.0330268,1.51195
0,40,7.00545,27.7542,-0.0384666,1.33498
0,40,7.00868,28.1946,-0.0439076,1.29117
0,40,7.00566,28.6315,-0.0176494,1.14663
0,40,7.01163,29.0683,-0.018462,1.03101
0,40,7.0056,29.5006,0.029461,0.878071
0,40,7.02209,29.9314,0.0681487,0.727472
0,40,6.99383,30.3628,-0.124911,0.655981
0,40,7.04946,30.7837,0.421528,0.358584
0,40,6.95492,31.2219,-0.607979,0.396457
0,40,7.08919,31.6257,1.28294,-0.115204
0,40,6.93347,32.0592,-0.858274,-0.0435413
0,40,7.50016,14.2548,0.00662281,5.55003
0,40,7.50102,14.7507,0.0333349,5.37609
0,40,7.50192,15.2473,0.0389718,5.34872
0,40,7.50222,15.7388,0.029568,5.14005
0,40,7.50343,16.2293,0.0281009,4.99173
0,40,7.50339,16.7156,0.0338768,4.81668
0,40,7.50461,17.199,0.0404217,4.57392
0,40,7.50495,17.6802,0.0440385,4.36693
0,40,7.50658,18.1573,0.0342858,4.19808
0,40,7.50683,18.6328,0.027972,4.00901
0,40,7.50777,19.1068,0.0307475,3.93485
0,40,7.5076,19.5774,0.0566129,3.7744
0,40,7.50887,20.048,0.0691305,3.57902
0,40,7.50916,20.5158,0.0868178,3.54202
0,40,7.50995,20.9806,0.0816835,3.32787
0,40,7.50948,21.4474,0.0657886,3.21961
0,40,7.51009,21.9089,0.110736,3.16925
0,40,7.50936,22.3697,0.0970038,2.84021
0,40,7.5108,22.8304,0.110504,2.79565
0,40,7.50937,23.2845,0.0911928,2.64348
0,40,7.51065,23.7413,0.0552193,2.39553
0,40,7.5091,24.1942,0.0244371,2.42767
0,40,7.50987,24.6446,0.00136003,2.19846
0,40,7.5079,25.0959,-0.0361716,2.09954
0,40,7.50951,25.543,-0.0266599,2.03958
0,40,7.50749,25.9897,-0.0378088,1.87064
0,40,7.50973,26.434,-0.0568443,1.77178
0,40,7.50865,26.8755,-0.0288749,1.55723
0,40,7.51086,27.3145,-0.0284132,1.41308
0,40,7.51088,27.7491,0.0116227,1.15784
0,40,7.51397,28.1833,0.0156952,0.997189
0,40,7.51434,28.6138,0.0363949,0.847504
0,40,7.51851,29.0459,0.00417894,0.679006
0,40,7.51415,29.4773,-0.0450128,0.592644
0,40,7.52588,29.9113,0.0235048,0.490225
0,40,7.50068,30.3413,-0.131345,0.364198
0,40,7.55115,30.771,0.417223,0.24015
0,40,7.45095,31.2035,-0.598181,0.110663
0,40,7.62249,31.6162,1.37573,0.0523837
0,40,7.39634,32.0458,-1.05587,-0.111336
0,40,8.00031,14.2554,0.0128137,5.57494
0,40,8.0016,14.7519,0.0574962,5.39887
0,40,8.00234,15.2478,0.0468124,5.33419
0,40,8.00369,15.7399,0.0484384,5.13653
0,40,8.00428,16.2296,0.0436513,4.99395
0,40,8.00488,16.7162,0.0215784,4.80369
0,40,8.00561,17.1997,0.00434184,4.56898
0,40,8.00607,17.6808,-0.00687584,4.37418
0,40,8.00683,18.1582,0.02554,4.21885
0,40,8.00715,18.634,0.0308842,4.02203
0,40,8.00933,19.108,0.0567544,3.95157
0,40,8.00908,19.5784,0.0147245,3.76828
0,40,8.01118,20.0493,0.02052,3.60272
0,40,8.00994,20.5161,0.0416297,3.56901
0,40,8.01188,20.9815,0.0727703,3.31953
0,40,8.01131,21.4476,0.104235,3.25175
0,40,8.01272,21.9085,0.119919,3.17234
0,40,8.01174,22.3703,0.126526,2.84759
0,40,8.01349,22.8301,0.170204,2.8139
0,40,8.01231,23.2844,0.174179,2.60571
0,40,8.0144,23.7415,0.166573,2.36212
0,40,8.01375,24.1937,0.164842,2.37858
0,40,8.01479,24.6432,0.0985446,2.08623
0,40,8.01437,25.0943,0.059684,2.0187
0,40,8.01484,25.5386,0.0315174,1.91639
0,40,8.01441,25.9849,-0.0166047,1.71363
0,40,8.01595,26.4269,0.0018653,1.65873
0,40,8.01595,26.8684,-0.0200318,1.44857
0,40,8.01761,27.3092,-0.0256341,1.44378
0,40,8.01723,27.7495,-0.0400316,1.30099
0,40,8.01702,28.1939,-0.0642668,1.35604
0,40,8.01553,28.6361,-0.0605328,1.27526
0,40,8.01618,29.0832,-0.0432895,1.23334
0,40,8.01513,29.52,-0.0163133,1.08051
0,40,8.02165,29.9612,0.0287646,0.939707
0,40,8.01502,30.3855,-0.0446832,0.836694
0,40,8.04456,30.8149,0.358118,0.692816
0,40,7.96256,31.239,-0.600874,0.562844
0,40,8.13773,31.6548,1.38183,0.53644
0,40,7.8571,32.0728,-1.3232,0.138072
0,40,8.50004,14.2563,0.00538528,5.6138
0,40,8.501,14.7532,0.0332314,5.41772
0,40,8.50371,15.2491,0.0643983,5.33794
0,40,8.50288,15.7408,0.0569686,5.1366
0,40,8.50562,16.2306,0.0572679,4.97414
0,40,8.5049,16.7168,0.0368359,4.77718
0,40,8.50753,17.2008,0.0123975,4.54555
0,40,8.5074,17.6815,0.016065,4.38124
0,40,8.50942,18.1587,-0.014486,4.19879
0,40,8.50975,18.6349,-0.0347245,4.02335
0,40,8.5115,19.1085,-0.0573678,3.91647
0,40,8.5116,19.5787,-0.0792622,3.73058
0,40,8.51328,20.0491,-0.0637594,3.62404
0,40,8.51297,20.5158,-0.049799,3.58773
0,40,8.51488,20.9823,-0.0249039,3.37789
0,40,8.51511,21.448,0.0309086,3.30064
0,40,8.51658,21.9092,0.0428499,3.1822
0,40,8.51697,22.3715,0.0707279,2.9213
0,40,8.51831,22.831,0.127185,2.88024
0,40,8.51848,23.2862,0.107899,2.62106
0,40,8.52022,23.7438,0.120864,2.45587
0,40,8.51914,24.1951,0.0966333,2.40614
0,40,8.5198,24.6479,0.0390997,2.1811
0,40,8.5185,25.0997,0.0393467,2.21833
0,40,8.51759,25.5499,-0.030728,2.14221
0,40,8.51716,26.0026,-0.0376065,2.14723
0,40,8.51589,26.4521,-0.0583341,2.13343
0,40,8.51717,26.902,-0.0346681,1.99796
0,40,8.5159,27.3453,-0.0129839,1.89941
0,40,8.51832,27.7847,-0.0124715,1.58971
0,40,8.51694,28.2181,-0.00527814,1.40473
0,40,8.52087,28.6464,-0.0339943,1.11509
0,40,8.52156,29.0705,-0.00917889,0.947492
0,40,8.52613,29.4939,-0.0738958,0.79961
0,40,8.52981,29.9176,-0.00304369,0.81132
0,40,8.52507,30.3444,-0.183457,0.793436
0,40,8.54684,30.7814,0.230015,0.908145
0,40,8.47659,31.2102,-0.522634,0.971223
0,40,8.61817,31.6499,1.33414,0.728601
0,40,8.35432,32.0935,-1.1314,0.425819
0,40,9.00052,14.2564,0.0189128,5.62716
0,40,9.0028,14.7564,0.0976663,5.47376
0,40,9.00414,15.2491,0.125937,5.33971
0,40,9.00476,15.7419,0.0941189,5.12235
0,40,9.00607,16.2314,0.113124,4.97889
0,40,9.00671,16.7176,0.0852575,4.74704
0,40,9.00832,17.202,0.0975213,4.5458
0,40,9.00832,17.6818,0.06681,4.36124
0,40,9.01012,18.1602,0.059903,4.16825
0,40,9.01055,18.6357,0.0510808,4.00556
0,40,9.01249,19.1092,0.0470689,3.88257
0,40,9.01229,19.5794,0.0400781,3.72887
0,40,9.01513,20.0494,0.0765052,3.61944
0,40,9.0153,20.5155,0.0710516,3.51292
0,40,9.01852,20.9812,0.046945,3.33284
0,40,9.01817,21.4445,0.0822648,3.22257
0,40,9.01988,21.9043,0.060301,3.04126
0,40,9.02087,22.3644,0.14703,2.82729
0,40,9.0221,22.8197,0.180884,2.6361
0,40,9.02475,23.273,0.225716,2.32345
0,40,9.02625,23.7229,0.254792,2.05596
0,40,9.02806,24.1696,0.219976,1.82771
0,40,9.02793,24.6134,0.173788,1.54061
0,40,9.02746,25.0558,0.0977942,1.37024
0,40,9.02552,25.4945,0.0349576,1.16261
0,40,9.02489,25.9322,-0.0254126,0.977075
0,40,9.0246,26.3656,-0.0384771,0.835247
0,40,9.02724,26.796,-0.0643134,0.6363
0,40,9.02957,27.223,-0.0346458,0.589758
0,40,9.0324,27.6463,-0.0513238,0.484231
0,40,9.03282,28.0715,-0.014031,0.522868
0,40,9.03278,28.4962,-0.0183036,0.482228
0,40,9.0318,28.9291,0.0130549,0.454207
0,40,9.02688,29.3653,-0.0776074,0.332322
0,40,9.02277,29.8157,-0.157064,0.265609
0,40,9.00813,30.2715,-0.365572,0.348595
0,40,9.01198,30.7416,-0.192898,0.459891
0,40,8.97215,31.1987,-0.530525,0.548284
0,40,9.05851,31.673,1.31429,0.775016
0,40,8.87066,32.1022,-0.620228,0.318927
0,40,9.50461,14.263,0.0534481,5.74738
0,40,9.49976,14.7612,0.125544,5.59077
0,40,9.50586,15.2561,0.132165,5.42039
0,40,9.50276,15.7492,0.137946,5.25854
0,40,9.50701,16.2411,0.136881,5.13636
0,40,9.50609,16.7291,0.169047,4.94721
0,40,9.50923,17.2158,0.146985,4.76746
0,40,9.5094,17.6981,0.148919,4.59114
0,40,9.51109,18.1799,0.0722717,4.44712
0,40,9.51228,18.659,0.0890294,4.31669
0,40,9.51294,19.1361,-0.00848329,4.17404
0,40,9.51412,19.6115,-0.0334427,4.08911
0,40,9.51397,20.0861,-0.0914684,3.99027
0,40,9.51601,20.5594,-0.106388,3.88902
0,40,9.51621,21.032,-0.130965,3.8102
0,40,9.51889,21.503,-0.100253,3.73285
0,40,9.51973,21.9729,-0.080789,3.66605
0,40,9.52394,22.442,-0.0122838,3.56745
0,40,9.52578,22.9094,0.0394377,3.45942
0,40,9.53064,23.3751,0.0934714,3.30863
0,40,9.53254,23.8395,0.152361,3.18422
0,40,9.53539,24.3017,0.147723,3.09813
0,40,9.53574,24.7626,0.166152,3.01242
0,40,9.53485,25.2216,0.104002,2.97722
0,40,9.53438,25.6786,0.0915939,2.88086
0,40,9.53299,26.1346,0.0500348,2.75921
0,40,9.53547,26.5893,0.0555995,2.56238
0,40,9.53577,27.0449,0.0194751,2.37553
0,40,9.53969,27.4984,-0.0126782,2.1776
0,40,9.5366,27.9513,-0.0773803,1.99251
0,40,9.53823,28.3988,-0.0968515,1.86939
0,40,9.53199,28.8429,-0.0436923,1.7147
0,40,9.53044,29.2812,-0.0657567,1.61405
0,40,9.52015,29.7114,-0.043965,1.39592
0,40,9.50883,30.1345,-0.239639,1.14316
0,40,9.50084,30.5444,-0.254168,0.712071
0,40,9.50102,30.9585,-0.0135546,0.55286
0,40,9.47675,31.3457,-0.654526,0.0490387
0,40,9.575,31.7671,1.65892,0.333254
0,40,9.41787,32.1431,-0.641899,0.202323
1,40,10,1.5,0,0
1,40,10.5,1.5,0,0
1,40,1.5,1.5,0,0
1,40,2,1.5,0,0
1,40,10,2,0,0
1,40,10.5,2,0,0
1,40,1.5,2,0,0
1,40,2,2,0,0
1,40,10,2.5,0,0
1,40,10.5,2.5,0,0
1,40,1.5,2.5,0,0
1,40,2,2.5,0,0
1,40,10,3,0,0
1,40,10.5,3,0,0
1,40,1.5,3,0,0
1,40,2,3,0,0
1,40,10,3.5,0,0
1,40,10.5,3.5,0,0
1,40,1.5,3.5,0,0
1,40,2,3.5,0,0
1,40,10,4,0,0
1,40,10.5,4,0,0
1,40,1.5,4,0,0
1,40,2,4,0,0
1,40,10,4.5,0,0
1,40,10.5,4.5,0,0
1,40,1.5,4.5,0,0
1,40,2,4.5,0,0
1,40,10,5,0,0
1,40,10.5,5,0,0
1,40,1.5,5,0,0
1,40,2,5,0,0
1,40,10,5.5,0,0
1,40,10.5,5.5,0,0
1,40,1.5,5.5,0,0
1,40,2,5.5,0,0
1,40,10,6,0,0
1,40,10.5,6,0,0
1,40,1.5,6,0,0
1,40,2,6,0,0
1,40,10,6.5,0,0
1,40,10.5,6.5,0,0
1,40,1.5,6.5,0,0
1,40,2,6.5,0,0
1,40,10,7,0,0
1,40,10.5,7,0,0
1,40,1.5,7,0,0
1,40,2,7,0,0
1,40,10,7.5,0,0
1,40,10.5,7.5,0,0
1,40,1.5,7.5,0,0
1,40,2,7.5,0,0
1,40,10,8,0,0
1,40,10.5,8,0,0
1,40,1.5,8,0,0
1,40,2,8,0,0
1,40,10,8.5,0,0
1,40,10.5,8.5,0,0
1,40,1.5,8.5,0,0
1,40,2,8.5,0,0
1,40,10,9,0,0
1,40,10.5,9,0,0
1,40,1.5,9,0,0
1,40,2,9,0,0
1,40,10,9.5,0,0
1,40,10.5,9.5,0,0
1,40,1.5,9.5,0,0
1,40,2,9.5,0,0
1,40,10,10,0,0
1,40,10.5,10,0,0
1,40,1.5,10,0,0
1,40,2,10,0,0
1,40,10,10.5,0,0
1,40,10.5,10.5,0,0
1,40,1.5,10.5,0,0
1,40,2,10.5,0,0
1,40,10,11,0,0
1,40,10.5,11,0,0
1,40,1.5,11,0,0
1,40,2,11,0,0
1,40,10,11.5,0,0
1,40,10.5,11.5,0,0
1,40,1.5,11.5,0,0
1,40,2,11.5,0,0
1,40,10,12,0,0
1,40,10.5,12,0,0
1,40,1.5,12,0,0
1,40,2,12,0,0
1,40,10,12.5,0,0
1,40,10.5,12.5,0,0
1,40,1.5,12.5,0,0
1,40,2,12.5,0,0
1,40,10,13,0,0
1,40,10.5,13,0,0
1,40,1.5,13,0,0
1,40,2,13,0,0
1,40,10,13.5,0,0
1,40,10.5,13.5,0,0
1,40,1.5,13.5,0,0
1,40,2,13.5,0,0
1,40,10,14,0,0
1,40,10.5,14,0,0
1,40,1.5,14,0,0
1,40,2,14,0,0
1,40,10,14.5,0,0
1,40,10.5,14.5,0,0
1,40,1.5,14.5,0,0
1,40,2,14.5,0,0
1,40,10,15,0,0
1,40,10.5,15,0,0
1,40,1.5,15,0,0
1,40,2,15,0,0
1,40,10,15.5,0,0
1,40,10.5,15.5,0,0
1,40,1.5,15.5,0,0
1,40,2,15.5,0,0
1,40,10,16,0,0
1,40,10.5,16,0,0
1,40,1.5,16,0,0
1,40,2,16,0,0
1,40,10,16.5,0,0
1,40,10.5,16.5,0,0
1,40,1.5,16.5,0,0
1,40,2,16.5,0,0
1,40,10,17,0,0
1,40,10.5,17,0,0
1,40,1.5,17,0,0
1,40,2,17,0,0
1,40,10,17.5,0,0
1,40,10.5,17.5,0,0
1,40,1.5,17.5,0,0
1,40,2,17.5,0,0
1,40,10,18,0,0
1,40,10.5,18,0,0
1,40,1.5,18,0,0
1,40,2,18,0,0
1,40,10,18.5,0,0
1,40,10.5,18.5,0,0
1,40,1.5,18.5,0,0
1,40,2,18.5,0,0
1,40,10,19,0,0
1,40,10.5,19,0,0
1,40,1.5,19,0,0
1,40,2,19,0,0
1,40,10,19.5,0,0
1,40,10.5,19.5,0,0
1,40,1.5,19.5,0,0
1,40,2,19.5,0,0
1,40,10,20,0,0
1,40,10.5,20,0,0
1,40,1.5,20,0,0
1,40,2,20,0,0
1,40,10,20.5,0,0
1,40,10.5,20.5,0,0
1,40,1.5,20.5,0,0
1,40,2,20.5,0,0
1,40,10,21,0,0
1,40,10.5,21,0,0
1,40,1.5,21,0,0
1,40,2,21,0,0
1,40,10,21.5,0,0
1,40,10.5,21.5,0,0
1,40,1.5,21.5,0,0
1,40,2,21.5,0,0
1,40,10,22,0,0
1,40,10.5,22,0,0
1,40,1.5,22,0,0
1,40,2,22,0,0
1,40,10,22.5,0,0
1,40,10.5,22.5,0,0
1,40,1.5,22.5,0,0
1,40,2,22.5,0,0
1,40,10,23,0,0
1,40,10.5,23,0,0
1,40,1.5,23,0,0
1,40,2,23,0,0
1,40,10,23.5,0,0
1,40,10.5,23.5,0,0
1,40,1.5,23.5,0,0
1,40,2,23.5,0,0
1,40,10,24,0,0
1,40,10.5,24,0,0
1,40,1.5,24,0,0
1,40,2,24,0,0
1,40,10,24.5,0,0
1,40,10.5,24.5,0,0
1,40,1.5,24.5,0,0
1,40,2,24.5,0,0
1,40,10,25,0,0
1,40,10.5,25,0,0
1,40,1.5,25,0,0
1,40,2,25,0,0
1,40,10,25.5,0,0
1,40,10.5,25.5,0,0
1,40,1.5,25.5,0,0
1,40,2,25.5,0,0
1,40,10,26,0,0
1,40,10.5,26,0,0
1,40,1.5,26,0,0
1,40,2,26,0,0
1,40,10,26.5,0,0
1,40,10.5,26.5,0,0
1,40,1.5,26.5,0,0
1,40,2,26.5,0,0
1,40,10,27,0,0
1,40,10.5,27,0,0
1,40,1.5,27,0,0
1,40,2,27,0,0
1,40,10,27.5,0,0
1,40,10.5,27.5,0,0
1,40,1.5,27.5,0,0
1,40,2,27.5,0,0
1,40,10,28,0,0
1,40,10.5,28,0,0
1,40,1.5,28,0,0
1,40,2,28,0,0
1,40,10,28.5,0,0
1,40,10.5,28.5,0,0
1,40,1.5,28.5,0,0
1,40,2,28.5,0,0
1,40,10,29,0,0
1,40,10.5,29,0,0
1,40,1.5,29,0,0
1,40,2,29,0,0
1,40,10,29.5,0,0
1,40,10.5,29.5,0,0
1,40,1.5,29.5,0,0
1,40,2,29.5,0,0
1,40,10,30,0,0
1,40,10.5,30,0,0
1,40,1.5,30,0,0
1,40,2,30,0,0
1,40,10,30.5,0,0
1,40,10.5,30.5,0,0
1,40,1.5,30.5,0,0
1,40,2,30.5,0,0
1,40,10,31,0,0
1,40,10.5,31,0,0
1,40,1.5,31,0,0
1,40,2,31,0,0
1,40,10,31.5,0,0
1,40,10.5,31.5,0,0
1,40,1.5,31.5,0,0
1,40,2,31.5,0,0
1,40,10,32,0,0
1,40,10.5,32,0,0
1,40,1.5,32,0,0
1,40,2,32,0,0
1,40,10,32.5,0,0
1,40,10.5,32.5,0,0
1,40,1.5,32.5,0,0
1,40,2,32.5,0,0
1,40,10,33,0,0
1,40,10.5,33,0,0
1,40,1.5,33,0,0
1,40,2,33,0,0
1,40,2.5,1.5,0,0
1,40,2.5,2,0,0
1,40,2.5,32.5,0,0
1,40,2.5,33,0,0
1,40,3,1.5,0,0
1,40,3,2,0,0
1,40,3,32.5,0,0
1,40,3,33,0,0
1,40,3.5,1.5,0,0
1,40,3.5,2,0,0
1,40,3.5,32.5,0,0
1,40,3.5,33,0,0
1,40,4,1.5,0,0
1,40,4,2,0,0
1,40,4,32.5,0,0
1,40,4,33,0,0
1,40,4.5,1.5,0,0
1,40,4.5,2,0,0
1,40,4.5,32.5,0,0
1,40,4.5,33,0,0
1,40,5,1.5,0,0
1,40,5,2,0,0
1,40,5,32.5,0,0
1,40,5,33,0,0
1,40,5.5,1.5,0,0
1,40,5.5,2,0,0
1,40,5.5,32.5,0,0
1,40,5.5,33,0,0
1,40,6,1.5,0,0
1,40,6,2,0,0
1,40,6,32.5,0,0
1,40,6,33,0,0
1,40,6.5,1.5,0,0
1,40,6.5,2,0,0
1,40,6.5,32.5,0,0
1,40,6.5,33,0,0
1,40,7,1.5,0,0
1,40,7,2,0,0
1,40,7,32.5,0,0
1,40,7,33,0,0
1,40,7.5,1.5,0,0
1,40,7.5,2,0,0
1,40,7.5,32.5,0,0
1,40,7.5,33,0,0
1,40,8,1.5,0,0
1,40,8,2,0,0
1,40,8,32.5,0,0
1,40,8,33,0,0
1,40,8.5,1.5,0,0
1,40,8.5,2,0,0
1,40,8.5,32.5,0,0
1,40,8.5,33,0,0
1,40,9,1.5,0,0
1,40,9,2,0,0
1,40,9,32.5,0,0
1,40,9,33,0,0
1,40,9.5,1.5,0,0
1,40,9.5,2,0,0
1,40,9.5,32.5,0,0
1,40,9.5,33,0,0
