916 2 0.5 203000 0 2 0 1e-05 0 9.81 45 45
0,40,2.49785,13.2006,-0.00600451,3.7058
0,40,2.50293,13.7007,0.00798696,3.70616
0,40,2.4993,14.2029,-0.00232323,3.70989
0,40,2.50209,14.7028,0.00626838,3.70957
0,40,2.49942,15.2045,-0.00212317,3.71266
0,40,2.50095,15.7045,0.00294876,3.7127
0,40,2.49894,16.2053,-0.0049726,3.70151
0,40,2.50086,16.7052,0.0147038,3.70178
0,40,2.49942,17.2055,0.00479531,3.69175
0,40,2.50134,17.7059,0.00413664,3.69937
0,40,2.4998,18.2069,-0.00216826,3.7091
0,40,2.50086,18.7072,0.00190862,3.70842
0,40,2.49956,19.2082,-0.00777543,3.70754
0,40,2.5,19.7079,-0.0250824,3.69561
0,40,2.49887,20.2072,-0.0476093,3.63594
0,40,2.49941,20.7064,-0.0496658,3.5956
0,40,2.49789,21.2041,-0.0812959,3.5024
0,40,2.49828,21.7014,-0.0800908,3.39801
0,40,2.49603,22.1956,-0.122032,3.27045
0,40,2.4963,22.6885,-0.125331,3.07082
0,40,2.49332,23.1785,-0.1493,2.93633
0,40,2.49354,23.6648,-0.153435,2.69987
0,40,2.49083,24.1508,-0.119576,2.56221
0,40,2.49094,24.631,-0.128281,2.42206
0,40,2.48988,25.1125,-0.0430669,2.23774
0,40,2.48933,25.5899,-0.0643163,2.19329
0,40,2.49,26.066,0.00400479,1.98849
0,40,2.48779,26.5423,-0.0138808,1.91373
0,40,2.48869,27.0148,-0.00346661,1.80769
0,40,2.48449,27.4902,-0.00714087,1.67795
0,40,2.48437,27.9636,-0.0387076,1.68666
0,40,2.47832,28.4385,-0.0708481,1.54202
0,40,2.47821,28.9145,-0.101745,1.53484
0,40,2.4708,29.3873,-0.138866,1.38891
0,40,2.47529,29.8611,-0.118692,1.29807
0,40,2.46948,30.326,-0.0845272,1.17445
0,40,2.48478,30.7877,-0.0102077,1.02292
0,40,2.48835,31.2317,0.0678702,0.829687
0,40,2.50639,31.6708,0.222624,0.580511
0,40,2.52088,32.0848,0.184539,0.261756
0,40,3.00017,13.1988,0.000379365,3.70074
0,40,3.00086,13.6993,0.00200615,3.70237
0,40,3.00104,14.2007,0.00260643,3.70361
0,40,3.00098,14.701,0.00283909,3.70426
0,40,3.00103,15.2024,0.00288708,3.70564
0,40,3.00027,15.7025,0.000731432,3.7063
0,40,3.0005,16.204,0.00354741,3.7011
0,40,3.00025,16.7039,0.0080562,3.70183
0,40,3.00067,17.2044,0.000400865,3.67021
0,40,3.00058,17.7046,-0.00369064,3.68793
0,40,3.00058,18.2056,-0.00412286,3.70507
0,40,3.00034,18.7059,-0.00276731,3.70258
0,40,3.00031,19.2069,-0.00478715,3.68543
0,40,2.99983,19.7066,-0.0233277,3.66729
0,40,2.99978,20.2058,-0.036445,3.59898
0,40,2.99919,20.7047,-0.0562953,3.55235
0,40,2.99897,21.2016,-0.0687123,3.44158
0,40,2.99786,21.6982,-0.0867449,3.30472
0,40,2.99722,22.191,-0.108692,3.16261
0,40,2.99577,22.6822,-0.107034,2.91175
0,40,2.99443,23.1706,-0.13454,2.76469
0,40,2.99352,23.6543,-0.0937493,2.50804
0,40,2.99166,24.1381,-0.093061,2.31905
0,40,2.99202,24.6164,-0.0537703,2.21032
0,40,2.99032,25.0947,-0.0137161,1.96715
0,40,2.99096,25.5712,-0.0236687,1.90915
0,40,2.98944,26.0438,0.0112568,1.7526
0,40,2.98901,26.5171,0.00549198,1.57174
0,40,2.98666,26.9868,0.00841232,1.56746
0,40,2.98561,27.4537,0.0254145,1.3462
0,40,2.98207,27.9212,0.0183464,1.2919
0,40,2.98044,28.3814,-0.0475616,1.11904
0,40,2.97695,28.8427,-0.0425338,0.897854
0,40,2.97467,29.2965,-0.162159,0.741859
0,40,2.97383,29.7504,-0.115661,0.452727
0,40,2.97485,30.2009,-0.197576,0.359129
0,40,2.98056,30.6529,-0.0501287,0.156871
0,40,2.99532,31.1097,-0.0303898,0.162027
0,40,3.00359,31.5722,0.192842,0.127346
0,40,3.04645,32.0494,0.359217,0.216653
0,40,3.50012,13.1992,0.000298074,3.70166
0,40,3.50055,13.6994,0.00133629,3.70243
0,40,3.50045,14.2009,0.00117034,3.70455
0,40,3.50077,14.7011,0.00201412,3.70479
0,40,3.50058,15.2022,0.00161461,3.70524
0,40,3.50081,15.7024,0.00243843,3.70639
0,40,3.50036,16.2038,0.00209039,3.70425
0,40,3.5002,16.7037,0.00486606,3.69371
0,40,3.49995,17.2045,0.00863267,3.67591
0,40,3.50042,17.7044,0.0358766,3.69181
0,40,3.50024,18.2056,0.0231609,3.6996
0,40,3.50079,18.7059,0.0150486,3.70175
0,40,3.50027,19.2066,-0.00219331,3.6778
0,40,3.50029,19.7065,-0.00948809,3.65906
0,40,3.49987,20.2055,-0.0142913,3.59129
0,40,3.49996,20.7045,-0.0132516,3.5376
0,40,3.49948,21.2011,-0.0318191,3.43217
0,40,3.49915,21.6974,-0.038813,3.2813
0,40,3.49814,22.1904,-0.0671714,3.16003
0,40,3.4977,22.6808,-0.057448,2.90265
0,40,3.49599,23.1699,-0.0825774,2.75923
0,40,3.49586,23.6531,-0.0629505,2.54886
0,40,3.49376,24.1371,-0.0513478,2.31019
0,40,3.49395,24.6164,-0.0436256,2.26676
0,40,3.49238,25.0933,0.00331485,1.98201
0,40,3.49238,25.5714,0.00161742,1.90977
0,40,3.49129,26.0425,0.0288724,1.81519
0,40,3.4912,26.5163,0.0502162,1.57145
0,40,3.48946,26.9868,0.04126,1.63599
0,40,3.48957,27.4541,0.043924,1.42218
0,40,3.48688,27.9233,0.0346745,1.36113
0,40,3.48663,28.386,-0.0164065,1.23842
0,40,3.48382,28.8503,-0.0205263,1.07421
0,40,3.48458,29.3081,-0.059152,0.927512
0,40,3.48202,29.7667,-0.0643591,0.70063
0,40,3.48753,30.2185,-0.0832545,0.521897
0,40,3.48332,30.6707,-0.0920309,0.268648
0,40,3.50124,31.1205,0.00716728,0.145647
0,40,3.48453,31.5729,-0.0787075,0.0347432
0,40,3.52595,32.0344,0.267878,0.211202
0,40,4.00008,13.1996,0.000174584,3.70252
0,40,4.00043,13.6997,0.000981866,3.70352
0,40,4.00054,14.2008,0.00148244,3.70422
0,40,4.0005,14.7011,0.00141116,3.70464
0,40,4.00047,15.2023,0.00154066,3.70564
0,40,4.00045,15.7023,0.00153875,3.70569
0,40,4.00023,16.2035,0.00143475,3.70614
0,40,4.00003,16.7035,0.00610697,3.70349
0,40,4.00007,17.2048,0.0211242,3.70171
0,40,4.00042,17.7048,0.0354393,3.7011
0,40,4.0007,18.206,0.0281349,3.68063
0,40,4.00087,18.7059,0.0126759,3.68259
0,40,4.00072,19.2063,-0.000564689,3.65804
0,40,4.00052,19.7062,-0.0142968,3.65178
0,40,4.00043,20.2054,-0.0127711,3.59595
0,40,4.00023,20.7043,-0.0174891,3.5288
0,40,4.00005,21.2008,-0.0274825,3.41949
0,40,3.99965,21.6967,-0.0405373,3.26045
0,40,3.99895,22.1897,-0.058731,3.14623
0,40,3.99816,22.6797,-0.0658784,2.90023
0,40,3.99708,23.1687,-0.0678657,2.7483
0,40,3.99623,23.6522,-0.0626078,2.57452
0,40,3.99526,24.1358,-0.0393542,2.32483
0,40,3.99456,24.6162,-0.0212248,2.28981
0,40,3.99397,25.0926,-0.00452607,2.03108
0,40,3.9936,25.5711,0.026051,1.90308
0,40,3.9925,26.0428,0.00436096,1.85416
0,40,3.99261,26.5155,0.0396727,1.57576
0,40,3.99026,26.9867,0.0192695,1.61971
0,40,3.99087,27.453,0.0363795,1.43026
0,40,3.98803,27.9219,0.0365566,1.31793
0,40,3.98945,28.3845,0.0337901,1.19766
0,40,3.98634,28.8482,0.00460212,1.02275
0,40,3.9898,29.307,-0.0102703,0.902039
0,40,3.9859,29.7664,-0.042411,0.686279
0,40,3.99379,30.2234,-0.0356487,0.633462
0,40,3.98863,30.6786,-0.0467916,0.402292
0,40,4.00405,31.1379,0.0482921,0.409944
0,40,3.99387,31.5875,-0.119897,0.150574
0,40,4.01329,32.0473,0.163339,0.124916
0,40,4.50003,13.1997,0.000219379,3.7029
0,40,4.50015,13.6998,0.000933735,3.70366
0,40,4.50016,14.201,0.00060917,3.70492
0,40,4.50039,14.7011,0.00124113,3.70485
0,40,4.50028,15.2022,0.00081285,3.70553
0,40,4.50031,15.7023,0.000962472,3.70584
0,40,4.50026,16.2034,0.000889495,3.70636
0,40,4.50019,16.7035,0.000684867,3.70661
0,40,4.5,17.2048,0.000124638,3.70742
0,40,4.49973,17.7048,0.000348319,3.70085
0,40,4.49957,18.206,0.00741103,3.68113
0,40,4.4995,18.7059,0.0290292,3.6843
0,40,4.49967,19.2064,0.0395526,3.6573
0,40,4.50024,19.7063,0.0517886,3.64949
0,40,4.50029,20.2053,0.0358153,3.58568
0,40,4.50038,20.7041,0.0126494,3.51622
0,40,4.50008,21.2006,0.001734,3.41438
0,40,4.4999,21.6963,0.00341842,3.25086
0,40,4.49943,22.1891,-0.00583947,3.13519
0,40,4.49899,22.679,-0.0120956,2.89792
0,40,4.49824,23.168,-0.0166439,2.75135
0,40,4.49772,23.6515,-0.0113673,2.58508
0,40,4.49691,24.1352,-0.00726554,2.34632
0,40,4.49652,24.6155,0.0104781,2.29733
0,40,4.49561,25.0923,0.0112781,2.04813
0,40,4.49559,25.5702,0.0317674,1.91019
0,40,4.49437,26.0421,0.0324033,1.84176
0,40,4.49459,26.5146,0.0386438,1.60228
0,40,4.49331,26.9853,0.0497982,1.60791
0,40,4.49355,27.4528,0.0440016,1.44764
0,40,4.49224,27.921,0.0305482,1.32408
0,40,4.49294,28.385,0.0265222,1.18477
0,40,4.49089,28.8485,-0.01693,1.01155
0,40,4.49313,29.3083,-0.00131842,0.877421
0,40,4.49024,29.7673,-0.0500701,0.658035
0,40,4.49607,30.2241,0.0237132,0.555389
0,40,4.49105,30.6791,-0.0847607,0.356651
0,40,4.50354,31.134,0.0640849,0.298792
0,40,4.49567,31.5902,-0.0670993,0.16157
0,40,4.50771,32.0459,0.08394,0.161654
0,40,5.00002,13.1998,0.000228749,3.70383
0,40,5.0001,13.6999,0.00104841,3.704
0,40,5.00009,14.2011,0.000838227,3.70443
0,40,5.0002,14.7011,0.000962244,3.7049
0,40,5.00018,15.2022,0.00089185,3.70527
0,40,5.0002,15.7022,0.000732271,3.7057
0,40,5.00012,16.2032,0.000428257,3.70622
0,40,5.00005,16.7033,0.000172302,3.70603
0,40,4.9999,17.2045,-0.000190245,3.707
0,40,4.9997,17.7046,0.00139631,3.70589
0,40,4.99961,18.2059,0.0116966,3.70424
0,40,4.99964,18.7059,0.0314331,3.70519
0,40,4.99989,19.207,0.0437902,3.67573
0,40,5.00053,19.7068,0.0595325,3.65025
0,40,5.00069,20.2055,0.0413122,3.55249
0,40,5.0009,20.7041,0.00664528,3.49002
0,40,5.00056,21.2002,-0.0091027,3.41227
0,40,5.00034,21.6959,-0.00993962,3.24918
0,40,4.99989,22.1886,-0.0159204,3.12523
0,40,4.99953,22.6784,-0.0232561,2.88902
0,40,4.9989,23.1673,-0.0278032,2.74911
0,40,4.99846,23.6509,-0.0227737,2.58827
0,40,4.99783,24.1346,-0.0169491,2.35495
0,40,4.99751,24.615,-0.00433868,2.31125
0,40,4.99699,25.0918,0.00525674,2.05544
0,40,4.99678,25.57,0.0113239,1.92716
0,40,4.9963,26.0416,0.0166104,1.84478
0,40,4.99594,26.5145,0.017507,1.60411
0,40,4.99534,26.9849,0.0129033,1.62037
0,40,4.99516,27.4524,0.032033,1.42825
0,40,4.9942,27.9208,0.0148575,1.32008
0,40,4.99508,28.3842,0.0414889,1.16832
0,40,4.99379,28.8483,0.0174833,0.991992
0,40,4.99599,29.3081,0.0287433,0.873885
0,40,4.99432,29.7685,-0.0191899,0.664631
0,40,4.99816,30.226,0.00437825,0.599729
0,40,4.99584,30.6823,-0.0482154,0.369161
0,40,5.00128,31.1392,0.0361235,0.3453
0,40,4.9984,31.5929,-0.0439424,0.181151
0,40,5.00326,32.049,0.0529935,0.153933
0,40,5.5,13.1999,2.30138e-06,3.70406
0,40,5.5,13.6999,1.16931e-05,3.70412
0,40,5.50003,14.2011,2.00084e-05,3.70475
0,40,5.50011,14.7012,0.000102302,3.70512
0,40,5.50008,15.2022,0.00028147,3.70524
0,40,5.5001,15.7022,0.000116394,3.70553
0,40,5.50008,16.2032,0.000223576,3.70601
0,40,5.50008,16.7033,0.000305075,3.70596
0,40,5.50003,17.2044,8.3099e-05,3.707
0,40,5.49995,17.7045,-0.000262182,3.7074
0,40,5.49986,18.2059,-0.000666975,3.70997
0,40,5.49972,18.7059,-0.00133013,3.71032
0,40,5.49966,19.2073,0.00236048,3.68804
0,40,5.49968,19.707,0.0196012,3.65704
0,40,5.49982,20.2057,0.0258934,3.53369
0,40,5.50008,20.7041,0.0210519,3.46905
0,40,5.5001,21.2001,0.0140841,3.4074
0,40,5.50006,21.6957,0.0129349,3.24695
0,40,5.4999,22.1884,0.00839094,3.12062
0,40,5.49975,22.6781,0.00452048,2.88605
0,40,5.49949,23.167,0.00238889,2.75253
0,40,5.49932,23.6506,0.0039306,2.59589
0,40,5.49905,24.1343,0.00580671,2.36325
0,40,5.49887,24.6148,0.00903389,2.32069
0,40,5.49863,25.0915,0.0119514,2.06169
0,40,5.49846,25.5697,0.014754,1.92596
0,40,5.49819,26.0413,0.012986,1.84972
0,40,5.49812,26.5139,0.0209757,1.6002
0,40,5.49769,26.9847,0.0156775,1.62589
0,40,5.4979,27.4519,0.020674,1.44172
0,40,5.49744,27.9209,0.0192523,1.32028
0,40,5.49772,28.3846,0.0112952,1.18056
0,40,5.49732,28.8488,-0.00147005,0.982516
0,40,5.4979,29.309,0.0056374,0.859479
0,40,5.49723,29.7689,-0.0151628,0.64046
0,40,5.49881,30.2263,0.0140055,0.561922
0,40,5.49791,30.6828,-0.019849,0.374175
0,40,5.5009,31.1385,0.018288,0.337893
0,40,5.49993,31.5942,-0.0127936,0.185402
0,40,5.50161,32.0502,0.0173153,0.183209
0,40,6,13.1999,6.76333e-15,3.70406
0,40,6,13.6999,3.43868e-14,3.70412
0,40,6,14.2012,4.81558e-14,3.70441
0,40,6,14.7012,6.67799e-15,3.7052
0,40,6,15.2022,3.2344e-12,3.70521
0,40,6,15.7022,1.42007e-11,3.70551
0,40,6,16.2032,3.54423e-12,3.70638
0,40,6,16.7032,1.07201e-12,3.70582
0,40,6,17.2043,1.10793e-12,3.70653
0,40,6,17.7044,6.77161e-13,3.70694
0,40,6,18.2057,5.80677e-13,3.70915
0,40,6,18.7058,2.54293e-13,3.70954
0,40,6,19.2072,1.46267e-12,3.6974
0,40,6,19.707,4.71968e-12,3.67065
0,40,6,20.2059,2.79796e-12,3.54046
0,40,6,20.7042,-4.79151e-13,3.46973
0,40,6,21.2001,-1.38288e-12,3.40569
0,40,6,21.6957,1.52871e-13,3.24537
0,40,6,22.1883,4.45689e-13,3.11545
0,40,6,22.6779,1.58647e-13,2.88205
0,40,6,23.1669,8.38429e-13,2.74898
0,40,6,23.6504,1.19974e-13,2.59343
0,40,6,24.1341,9.12933e-13,2.36181
0,40,6,24.6146,8.23286e-13,2.32028
0,40,6,25.0914,2.43547e-13,2.06356
0,40,6,25.5696,-6.21206e-14,1.92665
0,40,6,26.0413,1.43989e-12,1.85223
0,40,6,26.5139,3.43968e-13,1.60512
0,40,6,26.9847,1.19762e-12,1.61932
0,40,6,27.4521,2.12347e-12,1.44237
0,40,6,27.9206,3.38638e-12,1.31106
0,40,6,28.3844,2.77329e-12,1.16145
0,40,6,28.8485,1.84024e-12,0.984654
0,40,6,29.3085,2.48372e-12,0.858611
0,40,6,29.7692,1.43711e-12,0.655884
0,40,6,30.2268,3.63121e-13,0.586933
0,40,6,30.6837,-7.30867e-13,0.368228
0,40,6,31.1401,-1.15071e-13,0.333694
0,40,6,31.5945,9.21171e-13,0.193619
0,40,6,32.0504,1.27153e-12,0.181132
0,40,6.5,13.1999,-2.30138e-06,3.70406
0,40,6.5,13.6999,-1.16931e-05,3.70412
0,40,6.49997,14.2011,-2.00084e-05,3.70475
0,40,6.49989,14.7012,-0.000102302,3.70512
0,40,6.49992,15.2022,-0.00028147,3.70524
0,40,6.4999,15.7022,-0.000116394,3.70553
0,40,6.49992,16.2032,-0.000223576,3.70601
0,40,6.49992,16.7033,-0.000305075,3.70596
0,40,6.49997,17.2044,-8.3099e-05,3.707
0,40,6.50005,17.7045,0.000262182,3.7074
0,40,6.50014,18.2059,0.000666975,3.70997
0,40,6.50028,18.7059,0.00133013,3.71032
0,40,6.50034,19.2073,-0.00236048,3.68804
0,40,6.50032,19.707,-0.0196012,3.65704
0,40,6.50018,20.2057,-0.0258934,3.53369
0,40,6.49992,20.7041,-0.0210519,3.46905
0,40,6.4999,21.2001,-0.0140841,3.4074
0,40,6.49994,21.6957,-0.0129349,3.24695
0,40,6.5001,22.1884,-0.00839094,3.12062
0,40,6.50025,22.6781,-0.00452048,2.88605
0,40,6.50051,23.167,-0.00238889,2.75253
0,40,6.50068,23.6506,-0.0039306,2.59589
0,40,6.50095,24.1343,-0.00580671,2.36325
0,40,6.50113,24.6148,-0.00903389,2.32069
0,40,6.50137,25.0915,-0.0119514,2.06169
0,40,6.50154,25.5697,-0.014754,1.92596
0,40,6.50181,26.0413,-0.012986,1.84972
0,40,6.50188,26.5139,-0.0209757,1.6002
0,40,6.50231,26.9847,-0.0156775,1.62589
0,40,6.5021,27.4519,-0.020674,1.44172
0,40,6.50256,27.9209,-0.0192523,1.32028
0,40,6.50228,28.3846,-0.0112952,1.18056
0,40,6.50268,28.8488,0.00147005,0.982516
0,40,6.5021,29.309,-0.0056374,0.859479
0,40,6.50277,29.7689,0.0151628,0.64046
0,40,6.50119,30.2263,-0.0140055,0.561922
0,40,6.50209,30.6828,0.019849,0.374175
0,40,6.4991,31.1385,-0.018288,0.337893
0,40,6.50007,31.5942,0.0127936,0.185402
0,40,6.49839,32.0502,-0.0173153,0.183209
0,40,6.99998,13.1998,-0.000228749,3.70383
0,40,6.9999,13.6999,-0.00104841,3.704
0,40,6.99991,14.2011,-0.000838227,3.70443
0,40,6.9998,14.7011,-0.000962244,3.7049
0,40,6.99982,15.2022,-0.00089185,3.70527
0,40,6.9998,15.7022,-0.000732271,3.7057
0,40,6.99988,16.2032,-0.000428257,3.70622
0,40,6.99995,16.7033,-0.000172302,3.70603
0,40,7.0001,17.2045,0.000190245,3.707
0,40,7.0003,17.7046,-0.00139631,3.70589
0,40,7.00039,18.2059,-0.0116966,3.70424
0,40,7.00036,18.7059,-0.0314331,3.70519
0,40,7.00011,19.207,-0.0437902,3.67573
0,40,6.99947,19.7068,-0.0595325,3.65025
0,40,6.99931,20.2055,-0.0413122,3.55249
0,40,6.9991,20.7041,-0.00664528,3.49002
0,40,6.99944,21.2002,0.0091027,3.41227
0,40,6.99966,21.6959,0.00993962,3.24918
0,40,7.00011,22.1886,0.0159204,3.12523
0,40,7.00047,22.6784,0.0232561,2.88902
0,40,7.0011,23.1673,0.0278032,2.74911
0,40,7.00154,23.6509,0.0227737,2.58827
0,40,7.00217,24.1346,0.0169491,2.35495
0,40,7.00249,24.615,0.00433868,2.31125
0,40,7.00301,25.0918,-0.00525674,2.05544
0,40,7.00322,25.57,-0.0113239,1.92716
0,40,7.0037,26.0416,-0.0166104,1.84478
0,40,7.00406,26.5145,-0.017507,1.60411
0,40,7.00466,26.9849,-0.0129033,1.62037
0,40,7.00484,27.4524,-0.032033,1.42825
0,40,7.0058,27.9208,-0.0148575,1.32008
0,40,7.00492,28.3842,-0.0414889,1.16832
0,40,7.00621,28.8483,-0.0174833,0.991992
0,40,7.00401,29.3081,-0.0287433,0.873885
0,40,7.00568,29.7685,0.0191899,0.664631
0,40,7.00184,30.226,-0.00437825,0.599729
0,40,7.00416,30.6823,0.0482154,0.369161
0,40,6.99872,31.1392,-0.0361235,0.3453
0,40,7.0016,31.5929,0.0439424,0.181151
0,40,6.99674,32.049,-0.0529935,0.153933
0,40,7.49997,13.1997,-0.000219379,3.7029
0,40,7.49985,13.6998,-0.000933735,3.70366
0,40,7.49984,14.201,-0.00060917,3.70492
0,40,7.49961,14.7011,-0.00124113,3.70485
0,40,7.49972,15.2022,-0.00081285,3.70553
0,40,7.49969,15.7023,-0.000962472,3.70584
0,40,7.49974,16.2034,-0.000889495,3.70636
0,40,7.49981,16.7035,-0.000684867,3.70661
0,40,7.5,17.2048,-0.000124638,3.70742
0,40,7.50027,17.7048,-0.000348319,3.70085
0,40,7.50043,18.206,-0.00741103,3.68113
0,40,7.5005,18.7059,-0.0290292,3.6843
0,40,7.50033,19.2064,-0.0395526,3.6573
0,40,7.49976,19.7063,-0.0517886,3.64949
0,40,7.49971,20.2053,-0.0358153,3.58568
0,40,7.49962,20.7041,-0.0126494,3.51622
0,40,7.49992,21.2006,-0.001734,3.41438
0,40,7.5001,21.6963,-0.00341842,3.25086
0,40,7.50057,22.1891,0.00583947,3.13519
0,40,7.50101,22.679,0.0120956,2.89792
0,40,7.50176,23.168,0.0166439,2.75135
0,40,7.50228,23.6515,0.0113673,2.58508
0,40,7.50309,24.1352,0.00726554,2.34632
0,40,7.50348,24.6155,-0.0104781,2.29733
0,40,7.50439,25.0923,-0.0112781,2.04813
0,40,7.50441,25.5702,-0.0317674,1.91019
0,40,7.50563,26.0421,-0.0324033,1.84176
0,40,7.50541,26.5146,-0.0386438,1.60228
0,40,7.50669,26.9853,-0.0497982,1.60791
0,40,7.50645,27.4528,-0.0440016,1.44764
0,40,7.50776,27.921,-0.0305482,1.32408
0,40,7.50706,28.385,-0.0265222,1.18477
0,40,7.50911,28.8485,0.01693,1.01155
0,40,7.50687,29.3083,0.00131842,0.877421
0,40,7.50976,29.7673,0.0500701,0.658035
0,40,7.50393,30.2241,-0.0237132,0.555389
0,40,7.50895,30.6791,0.0847607,0.356651
0,40,7.49646,31.134,-0.0640849,0.298792
0,40,7.50433,31.5902,0.0670993,0.16157
0,40,7.49229,32.0459,-0.08394,0.161654
0,40,7.99992,13.1996,-0.000174584,3.70252
0,40,7.99957,13.6997,-0.000981866,3.70352
0,40,7.99946,14.2008,-0.00148244,3.70422
0,40,7.9995,14.7011,-0.00141116,3.70464
0,40,7.99953,15.2023,-0.00154066,3.70564
0,40,7.99955,15.7023,-0.00153875,3.70569
0,40,7.99977,16.2035,-0.00143475,3.70614
0,40,7.99997,16.7035,-0.00610697,3.70349
0,40,7.99993,17.2048,-0.0211242,3.70171
0,40,7.99958,17.7048,-0.0354393,3.7011
0,40,7.9993,18.206,-0.0281349,3.68063
0,40,7.99913,18.7059,-0.0126759,3.68259
0,40,7.99928,19.2063,0.000564689,3.65804
0,40,7.99948,19.7062,0.0142968,3.65178
0,40,7.99957,20.2054,0.0127711,3.59595
0,40,7.99977,20.7043,0.0174891,3.5288
0,40,7.99995,21.2008,0.0274825,3.41949
0,40,8.00035,21.6967,0.0405373,3.26045
0,40,8.00105,22.1897,0.058731,3.14623
0,40,8.00184,22.6797,0.0658784,2.90023
0,40,8.00292,23.1687,0.0678657,2.7483
0,40,8.00377,23.6522,0.0626078,2.57452
0,40,8.00474,24.1358,0.0393542,2.32483
0,40,8.00544,24.6162,0.0212248,2.28981
0,40,8.00603,25.0926,0.00452607,2.03108
0,40,8.0064,25.5711,-0.026051,1.90308
0,40,8.0075,26.0428,-0.00436096,1.85416
0,40,8.00739,26.5155,-0.0396727,1.57576
0,40,8.00974,26.9867,-0.0192695,1.61971
0,40,8.00913,27.453,-0.0363795,1.43026
0,40,8.01197,27.9219,-0.0365566,1.31793
0,40,8.01055,28.3845,-0.0337901,1.19766
0,40,8.01366,28.8482,-0.00460212,1.02275
0,40,8.0102,29.307,0.0102703,0.902039
0,40,8.0141,29.7664,0.042411,0.686279
0,40,8.00621,30.2234,0.0356487,0.633462
0,40,8.01137,30.6786,0.0467916,0.402292
0,40,7.99595,31.1379,-0.0482921,0.409944
0,40,8.00613,31.5875,0.119897,0.150574
0,40,7.98671,32.0473,-0.163339,0.124916
0,40,8.49988,13.1992,-0.000298074,3.70166
0,40,8.49945,13.6994,-0.00133629,3.70243
0,40,8.49955,14.2009,-0.00117034,3.70455
0,40,8.49923,14.7011,-0.00201412,3.70479
0,40,8.49942,15.2022,-0.00161461,3.70524
0,40,8.49919,15.7024,-0.00243843,3.70639
0,40,8.49964,16.2038,-0.00209039,3.70425
0,40,8.4998,16.7037,-0.00486606,3.69371
0,40,8.50005,17.2045,-0.00863267,3.67591
0,40,8.49958,17.7044,-0.0358766,3.69181
0,40,8.49976,18.2056,-0.0231609,3.6996
0,40,8.49921,18.7059,-0.0150486,3.70175
0,40,8.49973,19.2066,0.00219331,3.6778
0,40,8.49971,19.7065,0.00948809,3.65906
0,40,8.50013,20.2055,0.0142913,3.59129
0,40,8.50004,20.7045,0.0132516,3.5376
0,40,8.50052,21.2011,0.0318191,3.43217
0,40,8.50085,21.6974,0.038813,3.2813
0,40,8.50186,22.1904,0.0671714,3.16003
0,40,8.5023,22.6808,0.057448,2.90265
0,40,8.50401,23.1699,0.0825774,2.75923
0,40,8.50414,23.6531,0.0629505,2.54886
0,40,8.50624,24.1371,0.0513478,2.31019
0,40,8.50605,24.6164,0.0436256,2.26676
0,40,8.50762,25.0933,-0.00331485,1.98201
0,40,8.50762,25.5714,-0.00161742,1.90977
0,40,8.50871,26.0425,-0.0288724,1.81519
0,40,8.5088,26.5163,-0.0502162,1.57145
0,40,8.51054,26.9868,-0.04126,1.63599
0,40,8.51043,27.4541,-0.043924,1.42218
0,40,8.51312,27.9233,-0.0346745,1.36113
0,40,8.51337,28.386,0.0164065,1.23842
0,40,8.51618,28.8503,0.0205263,1.07421
0,40,8.51542,29.3081,0.059152,0.927512
0,40,8.51798,29.7667,0.0643591,0.70063
0,40,8.51247,30.2185,0.0832545,0.521897
0,40,8.51668,30.6707,0.0920309,0.268648
0,40,8.49876,31.1205,-0.00716728,0.145647
0,40,8.51547,31.5729,0.0787075,0.0347432
0,40,8.47405,32.0344,-0.267878,0.211202
0,40,8.99983,13.1988,-0.000379365,3.70074
0,40,8.99914,13.6993,-0.00200615,3.70237
0,40,8.99896,14.2007,-0.00260643,3.70361
0,40,8.99902,14.701,-0.00283909,3.70426
0,40,8.99897,15.2024,-0.00288708,3.70564
0,40,8.99973,15.7025,-0.000731432,3.7063
0,40,8.9995,16.204,-0.00354741,3.7011
0,40,8.99975,16.7039,-0.0080562,3.70183
0,40,8.99933,17.2044,-0.000400865,3.67021
0,40,8.99942,17.7046,0.00369064,3.68793
0,40,8.99942,18.2056,0.00412286,3.70507
0,40,8.99966,18.7059,0.00276731,3.70258
0,40,8.99969,19.2069,0.00478715,3.68543
0,40,9.00017,19.7066,0.0233277,3.66729
0,40,9.00022,20.2058,0.036445,3.59898
0,40,9.00081,20.7047,0.0562953,3.55235
0,40,9.00103,21.2016,0.0687123,3.44158
0,40,9.00214,21.6982,0.0867449,3.30472
0,40,9.00278,22.191,0.108692,3.16261
0,40,9.00423,22.6822,0.107034,2.91175
0,40,9.00557,23.1706,0.13454,2.76469
0,40,9.00648,23.6543,0.0937493,2.50804
0,40,9.00834,24.1381,0.093061,2.31905
0,40,9.00798,24.6164,0.0537703,2.21032
0,40,9.00968,25.0947,0.0137161,1.96715
0,40,9.00904,25.5712,0.0236687,1.90915
0,40,9.01056,26.0438,-0.0112568,1.7526
0,40,9.01099,26.5171,-0.00549198,1.57174
0,40,9.01334,26.9868,-0.00841232,1.56746
0,40,9.01439,27.4537,-0.0254145,1.3462
0,40,9.01793,27.9212,-0.0183464,1.2919
0,40,9.01956,28.3814,0.0475616,1.11904
0,40,9.02305,28.8427,0.0425338,0.897854
0,40,9.02533,29.2965,0.162159,0.741859
0,40,9.02617,29.7504,0.115661,0.452727
0,40,9.02515,30.2009,0.197576,0.359129
0,40,9.01944,30.6529,0.0501287,0.156871
0,40,9.00468,31.1097,0.0303898,0.162027
0,40,8.99641,31.5722,-0.192842,0.127346
0,40,8.95355,32.0494,-0.359217,0.216653
0,40,9.50215,13.2006,0.00600451,3.7058
0,40,9.49707,13.7007,-0.00798696,3.70616
0,40,9.5007,14.2029,0.00232323,3.70989
0,40,9.49791,14.7028,-0.00626838,3.70957
0,40,9.50058,15.2045,0.00212317,3.71266
0,40,9.49905,15.7045,-0.00294876,3.7127
0,40,9.50106,16.2053,0.0049726,3.70151
0,40,9.49914,16.7052,-0.0147038,3.70178
0,40,9.50058,17.2055,-0.00479531,3.69175
0,40,9.49866,17.7059,-0.00413664,3.69937
0,40,9.5002,18.2069,0.00216826,3.7091
0,40,9.49914,18.7072,-0.00190862,3.70842
0,40,9.50044,19.2082,0.00777543,3.70754
0,40,9.5,19.7079,0.0250824,3.69561
0,40,9.50113,20.2072,0.0476093,3.63594
0,40,9.50059,20.7064,0.0496658,3.5956
0,40,9.50211,21.2041,0.0812959,3.5024
0,40,9.50172,21.7014,0.0800908,3.39801
0,40,9.50397,22.1956,0.122032,3.27045
0,40,9.5037,22.6885,0.125331,3.07082
0,40,9.50668,23.1785,0.1493,2.93633
0,40,9.50646,23.6648,0.153435,2.69987
0,40,9.50917,24.1508,0.119576,2.56221
0,40,9.50906,24.631,0.128281,2.42206
0,40,9.51012,25.1125,0.0430669,2.23774
0,40,9.51067,25.5899,0.0643163,2.19329
0,40,9.51,26.066,-0.00400479,1.98849
0,40,9.51221,26.5423,0.0138808,1.91373
0,40,9.51131,27.0148,0.00346661,1.80769
0,40,9.51551,27.4902,0.00714087,1.67795
0,40,9.51563,27.9636,0.0387076,1.68666
0,40,9.52168,28.4385,0.0708481,1.54202
0,40,9.52179,28.9145,0.101745,1.53484
0,40,9.5292,29.3873,0.138866,1.38891
0,40,9.52471,29.8611,0.118692,1.29807
0,40,9.53052,30.326,0.0845272,1.17445
0,40,9.51522,30.7877,0.0102077,1.02292
0,40,9.51165,31.2317,-0.0678702,0.829687
0,40,9.49361,31.6708,-0.222624,0.580511
0,40,9.47912,32.0848,-0.184539,0.261756
1,40,10,1.5,0,0
1,40,10.5,1.5,0,0
1,40,1.5,1.5,0,0
1,40,2,1.5,0,0
1,40,10,2,0,0
1,40,10.5,2,0,0
1,40,1.5,2,0,0
1,40,2,2,0,0
1,40,10,2.5,0,0
1,40,10.5,2.5,0,0
1,40,1.5,2.5,0,0
1,40,2,2.5,0,0
1,40,10,3,0,0
1,40,10.5,3,0,0
1,40,1.5,3,0,0
1,40,2,3,0,0
1,40,10,3.5,0,0
1,40,10.5,3.5,0,0
1,40,1.5,3.5,0,0
1,40,2,3.5,0,0
1,40,10,4,0,0
1,40,10.5,4,0,0
1,40,1.5,4,0,0
1,40,2,4,0,0
1,40,10,4.5,0,0
1,40,10.5,4.5,0,0
1,40,1.5,4.5,0,0
1,40,2,4.5,0,0
1,40,10,5,0,0
1,40,10.5,5,0,0
1,40,1.5,5,0,0
1,40,2,5,0,0
1,40,10,5.5,0,0
1,40,10.5,5.5,0,0
1,40,1.5,5.5,0,0
1,40,2,5.5,0,0
1,40,10,6,0,0
1,40,10.5,6,0,0
1,40,1.5,6,0,0
1,40,2,6,0,0
1,40,10,6.5,0,0
1,40,10.5,6.5,0,0
1,40,1.5,6.5,0,0
1,40,2,6.5,0,0
1,40,10,7,0,0
1,40,10.5,7,0,0
1,40,1.5,7,0,0
1,40,2,7,0,0
1,40,10,7.5,0,0
1,40,10.5,7.5,0,0
1,40,1.5,7.5,0,0
1,40,2,7.5,0,0
1,40,10,8,0,0
1,40,10.5,8,0,0
1,40,1.5,8,0,0
1,40,2,8,0,0
1,40,10,8.5,0,0
1,40,10.5,8.5,0,0
1,40,1.5,8.5,0,0
1,40,2,8.5,0,0
1,40,10,9,0,0
1,40,10.5,9,0,0
1,40,1.5,9,0,0
1,40,2,9,0,0
1,40,10,9.5,0,0
1,40,10.5,9.5,0,0
1,40,1.5,9.5,0,0
1,40,2,9.5,0,0
1,40,10,10,0,0
1,40,10.5,10,0,0
1,40,1.5,10,0,0
1,40,2,10,0,0
1,40,10,10.5,0,0
1,40,10.5,10.5,0,0
1,40,1.5,10.5,0,0
1,40,2,10.5,0,0
1,40,10,11,0,0
1,40,10.5,11,0,0
1,40,1.5,11,0,0
1,40,2,11,0,0
1,40,10,11.5,0,0
1,40,10.5,11.5,0,0
1,40,1.5,11.5,0,0
1,40,2,11.5,0,0
1,40,10,12,0,0
1,40,10.5,12,0,0
1,40,1.5,12,0,0
1,40,2,12,0,0
1,40,10,12.5,0,0
1,40,10.5,12.5,0,0
1,40,1.5,12.5,0,0
1,40,2,12.5,0,0
1,40,10,13,0,0
1,40,10.5,13,0,0
1,40,1.5,13,0,0
1,40,2,13,0,0
1,40,10,13.5,0,0
1,40,10.5,13.5,0,0
1,40,1.5,13.5,0,0
1,40,2,13.5,0,0
1,40,10,14,0,0
1,40,10.5,14,0,0
1,40,1.5,14,0,0
1,40,2,14,0,0
1,40,10,14.5,0,0
1,40,10.5,14.5,0,0
1,40,1.5,14.5,0,0
1,40,2,14.5,0,0
1,40,10,15,0,0
1,40,10.5,15,0,0
1,40,1.5,15,0,0
1,40,2,15,0,0
1,40,10,15.5,0,0
1,40,10.5,15.5,0,0
1,40,1.5,15.5,0,0
1,40,2,15.5,0,0
1,40,10,16,0,0
1,40,10.5,16,0,0
1,40,1.5,16,0,0
1,40,2,16,0,0
1,40,10,16.5,0,0
1,40,10.5,16.5,0,0
1,40,1.5,16.5,0,0
1,40,2,16.5,0,0
1,40,10,17,0,0
1,40,10.5,17,0,0
1,40,1.5,17,0,0
1,40,2,17,0,0
1,40,10,17.5,0,0
1,40,10.5,17.5,0,0
1,40,1.5,17.5,0,0
1,40,2,17.5,0,0
1,40,10,18,0,0
1,40,10.5,18,0,0
1,40,1.5,18,0,0
1,40,2,18,0,0
1,40,10,18.5,0,0
1,40,10.5,18.5,0,0
1,40,1.5,18.5,0,0
1,40,2,18.5,0,0
1,40,10,19,0,0
1,40,10.5,19,0,0
1,40,1.5,19,0,0
1,40,2,19,0,0
1,40,10,19.5,0,0
1,40,10.5,19.5,0,0
1,40,1.5,19.5,0,0
1,40,2,19.5,0,0
1,40,10,20,0,0
1,40,10.5,20,0,0
1,40,1.5,20,0,0
1,40,2,20,0,0
1,40,10,20.5,0,0
1,40,10.5,20.5,0,0
1,40,1.5,20.5,0,0
1,40,2,20.5,0,0
1,40,10,21,0,0
1,40,10.5,21,0,0
1,40,1.5,21,0,0
1,40,2,21,0,0
1,40,10,21.5,0,0
1,40,10.5,21.5,0,0
1,40,1.5,21.5,0,0
1,40,2,21.5,0,0
1,40,10,22,0,0
1,40,10.5,22,0,0
1,40,1.5,22,0,0
1,40,2,22,0,0
1,40,10,22.5,0,0
1,40,10.5,22.5,0,0
1,40,1.5,22.5,0,0
1,40,2,22.5,0,0
1,40,10,23,0,0
1,40,10.5,23,0,0
1,40,1.5,23,0,0
1,40,2,23,0,0
1,40,10,23.5,0,0
1,40,10.5,23.5,0,0
1,40,1.5,23.5,0,0
1,40,2,23.5,0,0
1,40,10,24,0,0
1,40,10.5,24,0,0
1,40,1.5,24,0,0
1,40,2,24,0,0
1,40,10,24.5,0,0
1,40,10.5,24.5,0,0
1,40,1.5,24.5,0,0
1,40,2,24.5,0,0
1,40,10,25,0,0
1,40,10.5,25,0,0
1,40,1.5,25,0,0
1,40,2,25,0,0
1,40,10,25.5,0,0
1,40,10.5,25.5,0,0
1,40,1.5,25.5,0,0
1,40,2,25.5,0,0
1,40,10,26,0,0
1,40,10.5,26,0,0
1,40,1.5,26,0,0
1,40,2,26,0,0
1,40,10,26.5,0,0
1,40,10.5,26.5,0,0
1,40,1.5,26.5,0,0
1,40,2,26.5,0,0
1,40,10,27,0,0
1,40,10.5,27,0,0
1,40,1.5,27,0,0
1,40,2,27,0,0
1,40,10,27.5,0,0
1,40,10.5,27.5,0,0
1,40,1.5,27.5,0,0
1,40,2,27.5,0,0
1,40,10,28,0,0
1,40,10.5,28,0,0
1,40,1.5,28,0,0
1,40,2,28,0,0
1,40,10,28.5,0,0
1,40,10.5,28.5,0,0
1,40,1.5,28.5,0,0
1,40,2,28.5,0,0
1,40,10,29,0,0
1,40,10.5,29,0,0
1,40,1.5,29,0,0
1,40,2,29,0,0
1,40,10,29.5,0,0
1,40,10.5,29.5,0,0
1,40,1.5,29.5,0,0
1,40,2,29.5,0,0
1,40,10,30,0,0
1,40,10.5,30,0,0
1,40,1.5,30,0,0
1,40,2,30,0,0
1,40,10,30.5,0,0
1,40,10.5,30.5,0,0
1,40,1.5,30.5,0,0
1,40,2,30.5,0,0
1,40,10,31,0,0
1,40,10.5,31,0,0
1,40,1.5,31,0,0
1,40,2,31,0,0
1,40,10,31.5,0,0
1,40,10.5,31.5,0,0
1,40,1.5,31.5,0,0
1,40,2,31.5,0,0
1,40,10,32,0,0
1,40,10.5,32,0,0
1,40,1.5,32,0,0
1,40,2,32,0,0
1,40,10,32.5,0,0
1,40,10.5,32.5,0,0
1,40,1.5,32.5,0,0
1,40,2,32.5,0,0
1,40,10,33,0,0
1,40,10.5,33,0,0
1,40,1.5,33,0,0
1,40,2,33,0,0
1,40,2.5,1.5,0,0
1,40,2.5,2,0,0
1,40,2.5,32.5,0,0
1,40,2.5,33,0,0
1,40,3,1.5,0,0
1,40,3,2,0,0
1,40,3,32.5,0,0
1,40,3,33,0,0
1,40,3.5,1.5,0,0
1,40,3.5,2,0,0
1,40,3.5,32.5,0,0
1,40,3.5,33,0,0
1,40,4,1.5,0,0
1,40,4,2,0,0
1,40,4,32.5,0,0
1,40,4,33,0,0
1,40,4.5,1.5,0,0
1,40,4.5,2,0,0
1,40,4.5,32.5,0,0
1,40,4.5,33,0,0
1,40,5,1.5,0,0
1,40,5,2,0,0
1,40,5,32.5,0,0
1,40,5,33,0,0
1,40,5.5,1.5,0,0
1,40,5.5,2,0,0
1,40,5.5,32.5,0,0
1,40,5.5,33,0,0
1,40,6,1.5,0,0
1,40,6,2,0,0
1,40,6,32.5,0,0
1,40,6,33,0,0
1,40,6.5,1.5,0,0
1,40,6.5,2,0,0
1,40,6.5,32.5,0,0
1,40,6.5,33,0,0
1,40,7,1.5,0,0
1,40,7,2,0,0
1,40,7,32.5,0,0
1,40,7,33,0,0
1,40,7.5,1.5,0,0
1,40,7.5,2,0,0
1,40,7.5,32.5,0,0
1,40,7.5,33,0,0
1,40,8,1.5,0,0
1,40,8,2,0,0
1,40,8,32.5,0,0
1,40,8,33,0,0
1,40,8.5,1.5,0,0
1,40,8.5,2,0,0
1,40,8.5,32.5,0,0
1,40,8.5,33,0,0
1,40,9,1.5,0,0
1,40,9,2,0,0
1,40,9,32.5,0,0
1,40,9,33,0,0
1,40,9.5,1.5,0,0
1,40,9.5,2,0,0
1,40,9.5,32.5,0,0
1,40,9.5,33,0,0
