916 2 0.5 203000 0 2 0 1e-05 0 9.81 45 45
0,40,2.40425,15.6832,0.837366,2.02937
0,40,2.54332,16.1403,-0.307189,2.1695
0,40,2.47786,16.6382,0.199839,1.90037
0,40,2.46729,17.1451,-0.340884,2.29651
0,40,2.47882,17.6317,-0.166157,2.20217
0,40,2.46668,18.121,-0.160655,2.30438
0,40,2.47156,18.6022,-0.111463,2.25838
0,40,2.47268,19.0818,-0.0600937,2.32579
0,40,2.47263,19.5562,-0.060047,2.24767
0,40,2.47327,20.0306,-0.022495,2.24424
0,40,2.47157,20.5004,0.0349068,2.19901
0,40,2.47114,20.969,0.0914724,2.1602
0,40,2.46893,21.4331,0.121275,2.19766
0,40,2.46493,21.891,0.130079,2.15751
0,40,2.46179,22.3465,0.171433,2.19111
0,40,2.45704,22.7981,0.160652,2.2299
0,40,2.45753,23.249,0.21032,2.32717
0,40,2.45619,23.6928,0.126892,2.40062
0,40,2.46083,24.1342,0.136904,2.35437
0,40,2.45299,24.5722,-0.0156198,2.33575
0,40,2.45389,25.0092,-0.0280217,2.32978
0,40,2.44631,25.4389,-0.198581,2.3743
0,40,2.45947,25.8626,-0.119845,2.25744
0,40,2.46344,26.2708,-0.201486,2.36925
0,40,2.48151,26.6689,0.130424,2.44135
0,40,2.48554,27.056,0.465646,2.16165
0,40,2.45747,27.4558,-0.593566,2.49263
0,40,2.52318,27.8287,0.039568,2.43724
0,40,2.49628,28.2025,-0.479678,2.49809
0,40,2.44203,28.5899,-0.81965,2.4898
0,40,2.49716,28.9608,-0.156673,1.63243
0,40,2.3378,29.3624,1.18227,0.852172
0,40,2.77788,29.6084,1.25261,1.14538
0,40,2.35952,29.8497,2.43954,1.00421
0,40,2.42842,30.3286,-1.28361,1.07583
0,40,2.35614,30.8067,-0.165143,0.681458
0,40,2.40794,31.279,0.319092,-0.103863
0,40,2.85004,31.6151,0.1665,0.821826
0,40,2.33354,31.722,-0.381946,0.161045
0,40,2.42377,32.2419,-0.237217,1.4299
0,40,2.98011,15.3982,-0.0488782,0.262921
0,40,2.96675,15.7731,-0.4425,-0.112321
0,40,3.00132,16.3587,0.483222,0.367193
0,40,2.97356,16.8133,-0.181148,0.208726
0,40,2.99161,17.2792,0.1808,0.483855
0,40,2.98241,17.7297,0.0809253,0.135099
0,40,2.98675,18.1829,0.137629,0.238871
0,40,2.98874,18.623,0.17788,0.0537814
0,40,2.99083,19.0692,0.160482,0.046903
0,40,2.98909,19.5074,0.158568,0.0187364
0,40,2.98487,19.95,0.102628,0.0150193
0,40,2.97982,20.3891,0.0863825,0.147851
0,40,2.97474,20.8285,0.130994,0.0877862
0,40,2.97113,21.265,0.0870736,0.106267
0,40,2.97079,21.6998,0.188062,0.163945
0,40,2.96399,22.1296,0.115949,0.034748
0,40,2.96321,22.5644,0.182877,0.111356
0,40,2.95241,22.9911,0.114941,0.106331
0,40,2.95468,23.4278,0.0828255,0.328035
0,40,2.9498,23.8576,0.0971623,0.622944
0,40,2.95047,24.2969,-0.0081106,0.967758
0,40,2.94306,24.7271,0.0567937,1.32934
0,40,2.94076,25.1608,-0.0744313,1.61709
0,40,2.94374,25.5835,-0.171188,1.81779
0,40,2.9674,26.0059,-0.100768,1.5861
0,40,2.97695,26.4307,-0.0277552,1.64347
0,40,3.00081,26.8528,0.30079,1.9571
0,40,2.98188,27.2717,-0.358865,2.46527
0,40,3.0264,27.667,-0.113298,2.08381
0,40,3.00772,28.1216,-0.225163,1.74773
0,40,2.99121,28.5213,-0.435023,1.22731
0,40,2.98311,28.9317,0.562219,-0.0196253
0,40,2.93912,29.3114,-0.505285,2.0565
0,40,3.12511,29.9236,1.75629,2.21042
0,40,2.74384,30.149,-0.208779,0.821363
0,40,2.78128,30.7118,-0.793054,1.48583
0,40,2.81801,31.1441,0.631999,2.13109
0,40,3.22808,31.3459,0.84148,0.558684
0,40,2.79479,31.959,-0.707704,0.649142
0,40,3.18149,32.0835,-0.723432,-0.673332
0,40,3.5043,15.4062,0.172805,0.787589
0,40,3.48999,15.8852,-0.0076461,0.992972
0,40,3.49297,16.3812,-0.133742,0.575421
0,40,3.49266,16.8616,0.0827269,1.03374
0,40,3.49922,17.3624,0.164437,1.04655
0,40,3.49005,17.841,0.0797173,1.29865
0,40,3.49793,18.3296,0.0761406,1.30509
0,40,3.4893,18.8129,0.0203091,1.58364
0,40,3.49171,19.2963,0.0363689,1.65383
0,40,3.48295,19.7795,-0.0162627,1.7475
0,40,3.47996,20.2563,-0.0265373,1.94324
0,40,3.47551,20.7277,-0.066854,1.85053
0,40,3.472,21.1957,0.0227272,1.82135
0,40,3.47021,21.655,0.0205225,1.62152
0,40,3.46863,22.1147,0.201735,1.38151
0,40,3.46427,22.5589,0.125281,1.07558
0,40,3.46597,23.0021,0.282806,0.801032
0,40,3.46094,23.4245,0.146454,0.611555
0,40,3.46793,23.8506,0.215663,0.422579
0,40,3.45822,24.261,-0.0287801,0.452502
0,40,3.46037,24.6781,0.105354,0.461655
0,40,3.44336,25.0869,-0.193828,0.573598
0,40,3.44729,25.5089,-0.102172,0.935417
0,40,3.45735,25.9178,-0.178967,0.971671
0,40,3.46131,26.3507,-0.255055,1.55347
0,40,3.50009,26.7481,0.0132955,1.43401
0,40,3.47823,27.1685,-0.217043,1.75338
0,40,3.50685,27.583,0.135956,1.46326
0,40,3.46181,28.018,-0.146431,1.57967
0,40,3.4934,28.4448,0.0547572,1.8063
0,40,3.49937,28.8281,-0.272692,1.67343
0,40,3.5054,29.2017,-0.716406,1.23562
0,40,3.41834,29.5716,-0.389566,-0.0423763
0,40,3.54613,30.026,-0.392108,1.21252
0,40,3.16739,30.387,-1.3662,1.40885
0,40,3.60224,30.6508,-0.367656,0.290755
0,40,3.22135,30.7921,-1.66865,-0.249528
0,40,3.52526,31.2605,0.334859,-1.03426
0,40,3.48375,31.7601,0.519123,-0.297518
0,40,3.64653,32.1739,-1.3159,-0.537093
0,40,3.99244,15.4002,-0.0978088,0.541627
0,40,3.98731,15.8663,-0.182931,0.77286
0,40,3.98925,16.374,0.141595,0.663821
0,40,3.9896,16.8504,0.0370934,0.694923
0,40,3.98842,17.3346,0.0381446,0.718307
0,40,3.9838,17.8065,0.0517957,0.738741
0,40,3.98565,18.273,0.0895985,0.52472
0,40,3.98047,18.7371,0.069271,0.566181
0,40,3.98259,19.1903,0.135088,0.416461
0,40,3.97844,19.6398,0.1064,0.132473
0,40,3.9767,20.0814,0.0579297,0.133016
0,40,3.98251,20.5148,0.147581,-0.0420597
0,40,3.97227,20.9446,-0.0366549,-0.156817
0,40,3.98729,21.3736,0.18245,-0.10685
0,40,3.96676,21.7993,-0.0833211,-0.137917
0,40,3.98714,22.2295,0.119275,-0.0729471
0,40,3.96411,22.6571,-0.0721027,0.0603189
0,40,3.98561,23.0897,-0.0230028,0.330293
0,40,3.9676,23.5213,0.0340954,0.60132
0,40,3.97789,23.9613,-0.000774324,0.82686
0,40,3.95802,24.3995,0.0117198,1.06073
0,40,3.95822,24.841,0.097708,1.23577
0,40,3.93259,25.2781,-0.179553,1.22062
0,40,3.9639,25.7007,0.560151,1.12361
0,40,3.93282,26.1326,-0.550657,1.18439
0,40,4.01582,26.5384,0.908428,0.923273
0,40,3.96272,26.9701,-0.283423,0.900198
0,40,4.0036,27.3783,0.3947,0.819083
0,40,3.95635,27.8034,-0.287588,1.05588
0,40,3.97744,28.1901,-0.492441,0.958379
0,40,3.99337,28.6004,-0.0979313,0.726689
0,40,4.01796,29.0198,-0.192149,0.350296
0,40,3.90211,29.4769,-0.0407196,0.895957
0,40,4.06968,29.8155,-0.548058,0.135685
0,40,3.83046,30.2245,0.412215,-0.0483211
0,40,4.13046,30.5493,-0.274086,0.189124
0,40,3.89247,30.9517,-0.508109,-0.696299
0,40,3.97468,31.4226,-0.560868,0.171584
0,40,3.97874,31.7692,0.613812,0.486101
0,40,4.2238,32.1937,-1.44251,0.475269
0,40,4.4966,15.399,0.0125597,0.654763
0,40,4.49481,15.8757,0.081523,0.965893
0,40,4.49661,16.3778,0.0680536,0.790792
0,40,4.49327,16.8521,0.160271,0.777615
0,40,4.4955,17.3437,0.201842,0.895677
0,40,4.49341,17.8139,0.163323,0.943259
0,40,4.49495,18.2912,0.179079,0.833231
0,40,4.49264,18.7612,0.066793,1.05937
0,40,4.49354,19.2299,0.0671457,1.14476
0,40,4.49077,19.6993,-0.0640498,1.16479
0,40,4.49027,20.169,-0.122763,1.5204
0,40,4.49122,20.6349,-0.244634,1.60094
0,40,4.48621,21.1061,-0.330469,1.7444
0,40,4.48862,21.5705,-0.412247,1.88162
0,40,4.48,22.0294,-0.38196,1.65619
0,40,4.48733,22.4828,-0.336176,1.53346
0,40,4.48076,22.9217,-0.21195,1.21078
0,40,4.49595,23.357,0.00907857,1.05131
0,40,4.47824,23.7738,-0.188945,0.857232
0,40,4.50621,24.1885,0.478883,0.777822
0,40,4.45023,24.5844,-0.630441,0.856741
0,40,4.51881,24.9759,1.01187,0.961356
0,40,4.40687,25.3557,-1.17217,1.03625
0,40,4.56052,25.7399,1.47534,1.20129
0,40,4.38548,26.1089,-0.938303,1.00673
0,40,4.58709,26.4917,1.22866,0.884059
0,40,4.42686,26.876,-0.332807,1.06585
0,40,4.52361,27.2788,0.327664,1.25886
0,40,4.45808,27.6766,-0.414048,1.42061
0,40,4.49375,28.0725,0.00297792,1.16651
0,40,4.4716,28.4756,-0.250814,0.905
0,40,4.47994,28.8959,-0.0534986,1.13314
0,40,4.40025,29.3176,-1.1896,0.961293
0,40,4.5269,29.6991,0.464474,0.972401
0,40,4.3858,30.1551,-0.205079,0.953289
0,40,4.56267,30.582,0.0724531,1.31725
0,40,4.31435,31.0385,-0.354568,0.67767
0,40,4.54564,31.3942,-1.01168,-0.411513
0,40,4.43239,31.8241,0.120049,1.23686
0,40,4.84284,32.2494,0.136127,0.761003
0,40,4.99758,15.396,-0.0202826,0.599547
0,40,4.9955,15.8694,-0.0470488,0.883114
0,40,4.99426,16.3737,-0.0235212,0.822103
0,40,4.99432,16.8511,0.0123369,0.802279
0,40,4.9911,17.3396,0.0521767,0.831373
0,40,4.99173,17.8101,0.0762325,0.892542
0,40,4.99041,18.2836,0.122045,0.627515
0,40,4.98878,18.7508,0.0940488,0.81928
0,40,4.98927,19.2121,0.0782039,0.681879
0,40,4.98742,19.6714,-0.0114259,0.512451
0,40,4.98545,20.126,-0.0879524,0.546393
0,40,4.98839,20.5713,-0.133788,0.413043
0,40,4.98224,21.0175,-0.236028,0.263137
0,40,4.99288,21.454,-0.209986,0.286834
0,40,4.9793,21.891,-0.383977,0.198304
0,40,4.99624,22.3238,-0.281203,0.211733
0,40,4.98018,22.7621,-0.356944,0.367891
0,40,4.99481,23.2021,-0.354292,0.626846
0,40,4.98151,23.6535,-0.204085,1.09282
0,40,4.9917,24.1108,-0.115086,1.52439
0,40,4.97968,24.573,-0.121401,1.89988
0,40,4.99547,25.0265,0.159049,1.74891
0,40,4.98097,25.4656,-0.0153765,1.47894
0,40,5.0022,25.9089,0.251485,1.56867
0,40,5.00345,26.3172,0.401509,1.23317
0,40,5.01035,26.77,0.125353,1.58351
0,40,4.9988,27.15,0.103067,1.12327
0,40,5.00112,27.5657,-0.073146,1.14024
0,40,4.9887,27.9513,-0.0291148,0.875486
0,40,4.98163,28.3584,-0.156856,1.06649
0,40,4.96502,28.7474,-0.378709,0.871429
0,40,4.92498,29.1584,-0.825622,1.12454
0,40,5.00183,29.5064,0.104244,0.606119
0,40,4.89938,29.9397,-0.739969,0.787678
0,40,4.92941,30.3165,-0.288271,1.00705
0,40,5.13716,30.6348,0.0803155,0.576698
0,40,4.78511,30.9992,0.561206,1.11151
0,40,5.08245,31.1907,0.872815,-0.29189
0,40,4.85619,31.7693,-1.65719,0.0391128
0,40,5.43919,32.2049,-0.0815609,-0.692894
0,40,5.49866,15.3971,0.0172602,0.674735
0,40,5.4974,15.8725,0.085987,0.939733
0,40,5.49875,16.3748,0.079953,0.836172
0,40,5.49793,16.8497,0.112089,0.868195
0,40,5.49833,17.3389,0.112702,0.87635
0,40,5.49804,17.812,0.0621023,0.943977
0,40,5.49822,18.2844,0.127685,0.771961
0,40,5.49777,18.7555,0.0505045,0.848887
0,40,5.49708,19.2204,-0.0270565,0.867484
0,40,5.49676,19.686,-0.0766892,0.808375
0,40,5.49484,20.1506,-0.132219,1.0085
0,40,5.49709,20.6137,-0.210954,1.21767
0,40,5.49437,21.076,-0.201755,1.23539
0,40,5.49805,21.5387,-0.28239,1.51063
0,40,5.49444,21.9889,-0.274708,1.37861
0,40,5.50017,22.4386,-0.208203,1.29641
0,40,5.49391,22.8658,-0.249911,0.976655
0,40,5.50413,23.2891,-0.076195,0.718253
0,40,5.48764,23.6922,-0.31307,0.51247
0,40,5.50702,24.088,0.207193,0.180013
0,40,5.47093,24.4843,-0.555499,0.310649
0,40,5.51716,24.8678,0.599344,0.212321
0,40,5.4585,25.2764,-0.476221,0.518054
0,40,5.5207,25.666,0.472502,0.627249
0,40,5.48272,26.0811,0.288738,0.651047
0,40,5.51046,26.491,0.119188,1.07114
0,40,5.50848,26.9011,0.408328,0.911551
0,40,5.50404,27.3191,0.0142113,1.09082
0,40,5.50692,27.7251,0.139479,1.00942
0,40,5.48896,28.1282,-0.0696735,0.806672
0,40,5.4897,28.5213,-0.182346,0.617408
0,40,5.46,28.9092,-0.326371,0.416411
0,40,5.48677,29.2701,-0.208544,0.1522
0,40,5.47119,29.6846,-0.164758,0.307892
0,40,5.41798,30.0307,-0.392308,0.0709004
0,40,5.54304,30.4092,-0.359068,0.0592516
0,40,5.51509,30.8898,1.06105,-0.571455
0,40,5.51991,31.2985,-0.579668,0.80323
0,40,5.16988,31.6983,-1.36423,0.701501
0,40,5.53972,31.7914,-0.924251,0.240423
0,40,6,15.3943,7.33456e-12,0.682554
0,40,6,15.8697,1.28058e-11,0.921997
0,40,6,16.3744,-5.80175e-11,0.857222
0,40,6,16.851,-1.15548e-10,0.860991
0,40,6,17.3397,-1.60954e-10,0.802795
0,40,6,17.811,-1.62537e-10,0.925752
0,40,6,18.2844,-6.4922e-11,0.724172
0,40,6,18.7507,1.81798e-10,0.657102
0,40,6,19.2143,-2.1766e-10,0.660373
0,40,6,19.6727,1.745e-11,0.500176
0,40,6,20.1305,1.81215e-10,0.492602
0,40,6,20.5804,-2.11553e-10,0.53058
0,40,6,21.0284,7.16709e-11,0.39014
0,40,6,21.472,-6.13915e-11,0.430056
0,40,6,21.9149,-9.93602e-11,0.5525
0,40,6,22.3541,5.67227e-11,0.585035
0,40,6,22.8013,-5.11392e-11,0.846421
0,40,6,23.2479,-1.20661e-10,1.2175
0,40,6,23.7006,1.21286e-10,1.64763
0,40,6,24.158,-2.6388e-11,2.08722
0,40,6,24.5988,3.96954e-11,1.96553
0,40,6,25.0497,-1.21288e-11,2.1318
0,40,6,25.4574,-1.27984e-12,1.43427
0,40,6,25.8997,-5.04659e-11,1.6681
0,40,6,26.3011,-2.48794e-11,1.3973
0,40,6,26.7313,2.95861e-12,1.40498
0,40,6,27.1483,1.74714e-11,1.65089
0,40,6,27.5628,4.18657e-12,1.53171
0,40,6,27.9718,-3.23854e-11,1.58456
0,40,6,28.3714,-2.9437e-11,1.63613
0,40,6,28.7513,2.93411e-12,1.3223
0,40,6,29.1329,1.96805e-11,1.22266
0,40,6,29.5116,3.29303e-11,1.1025
0,40,6,29.8668,-4.39371e-12,0.827819
0,40,6,30.2272,2.95808e-11,0.780291
0,40,6,30.6418,-3.31133e-11,0.451715
0,40,6,31.0035,-6.79223e-12,0.930133
0,40,6,31.42,4.42867e-12,0.892655
0,40,6,31.7573,2.54379e-12,-0.985255
0,40,6,32.189,4.27232e-11,0.0912505
0,40,6.50134,15.3971,-0.0172602,0.674735
0,40,6.5026,15.8725,-0.085987,0.939733
0,40,6.50125,16.3748,-0.079953,0.836172
0,40,6.50207,16.8497,-0.112089,0.868195
0,40,6.50167,17.3389,-0.112702,0.87635
0,40,6.50196,17.812,-0.0621023,0.943977
0,40,6.50178,18.2844,-0.127685,0.771961
0,40,6.50223,18.7555,-0.0505045,0.848887
0,40,6.50292,19.2204,0.0270565,0.867484
0,40,6.50324,19.686,0.0766892,0.808375
0,40,6.50516,20.1506,0.132219,1.0085
0,40,6.50291,20.6137,0.210954,1.21767
0,40,6.50563,21.076,0.201755,1.23539
0,40,6.50195,21.5387,0.28239,1.51063
0,40,6.50556,21.9889,0.274708,1.37861
0,40,6.49983,22.4386,0.208203,1.29641
0,40,6.50609,22.8658,0.249911,0.976655
0,40,6.49587,23.2891,0.076195,0.718253
0,40,6.51236,23.6922,0.31307,0.51247
0,40,6.49298,24.088,-0.207193,0.180013
0,40,6.52907,24.4843,0.555499,0.310649
0,40,6.48284,24.8678,-0.599344,0.212321
0,40,6.5415,25.2764,0.476221,0.518054
0,40,6.4793,25.666,-0.472502,0.627249
0,40,6.51728,26.0811,-0.288738,0.651047
0,40,6.48954,26.491,-0.119188,1.07114
0,40,6.49152,26.9011,-0.408328,0.911551
0,40,6.49596,27.3191,-0.0142113,1.09082
0,40,6.49308,27.7251,-0.139479,1.00942
0,40,6.51104,28.1282,0.0696735,0.806672
0,40,6.5103,28.5213,0.182346,0.617408
0,40,6.54,28.9092,0.326371,0.416411
0,40,6.51323,29.2701,0.208544,0.1522
0,40,6.52881,29.6846,0.164758,0.307892
0,40,6.58202,30.0307,0.392308,0.0709004
0,40,6.45696,30.4092,0.359068,0.0592516
0,40,6.48491,30.8898,-1.06105,-0.571455
0,40,6.48009,31.2985,0.579668,0.80323
0,40,6.83012,31.6983,1.36423,0.701501
0,40,6.46028,31.7914,0.924251,0.240423
0,40,7.00242,15.396,0.0202826,0.599547
0,40,7.0045,15.8694,0.0470488,0.883114
0,40,7.00574,16.3737,0.0235212,0.822103
0,40,7.00568,16.8511,-0.0123369,0.802279
0,40,7.0089,17.3396,-0.0521767,0.831373
0,40,7.00827,17.8101,-0.0762325,0.892542
0,40,7.00959,18.2836,-0.122045,0.627515
0,40,7.01122,18.7508,-0.0940488,0.81928
0,40,7.01073,19.2121,-0.0782039,0.681879
0,40,7.01258,19.6714,0.0114259,0.512451
0,40,7.01455,20.126,0.0879524,0.546393
0,40,7.01161,20.5713,0.133788,0.413043
0,40,7.01776,21.0175,0.236028,0.263137
0,40,7.00712,21.454,0.209986,0.286834
0,40,7.0207,21.891,0.383977,0.198304
0,40,7.00376,22.3238,0.281203,0.211733
0,40,7.01982,22.7621,0.356944,0.367891
0,40,7.00519,23.2021,0.354292,0.626846
0,40,7.01849,23.6535,0.204085,1.09282
0,40,7.0083,24.1108,0.115086,1.52439
0,40,7.02032,24.573,0.121401,1.89988
0,40,7.00453,25.0265,-0.159049,1.74891
0,40,7.01903,25.4656,0.0153765,1.47894
0,40,6.9978,25.9089,-0.251485,1.56867
0,40,6.99655,26.3172,-0.401509,1.23317
0,40,6.98965,26.77,-0.125353,1.58351
0,40,7.0012,27.15,-0.103067,1.12327
0,40,6.99888,27.5657,0.073146,1.14024
0,40,7.0113,27.9513,0.0291148,0.875486
0,40,7.01837,28.3584,0.156856,1.06649
0,40,7.03498,28.7474,0.378709,0.871429
0,40,7.07502,29.1584,0.825622,1.12454
0,40,6.99817,29.5064,-0.104244,0.606119
0,40,7.10062,29.9397,0.739969,0.787678
0,40,7.07059,30.3165,0.288271,1.00705
0,40,6.86284,30.6348,-0.0803155,0.576698
0,40,7.21489,30.9992,-0.561206,1.11151
0,40,6.91755,31.1907,-0.872815,-0.29189
0,40,7.14381,31.7693,1.65719,0.0391128
0,40,6.56081,32.2049,0.0815609,-0.692894
0,40,7.5034,15.399,-0.0125597,0.654763
0,40,7.50519,15.8757,-0.081523,0.965893
0,40,7.50339,16.3778,-0.0680536,0.790792
0,40,7.50673,16.8521,-0.160271,0.777615
0,40,7.5045,17.3437,-0.201842,0.895677
0,40,7.50659,17.8139,-0.163323,0.943259
0,40,7.50505,18.2912,-0.179079,0.833231
0,40,7.50736,18.7612,-0.066793,1.05937
0,40,7.50646,19.2299,-0.0671457,1.14476
0,40,7.50923,19.6993,0.0640498,1.16479
0,40,7.50973,20.169,0.122763,1.5204
0,40,7.50878,20.6349,0.244634,1.60094
0,40,7.51379,21.1061,0.330469,1.7444
0,40,7.51138,21.5705,0.412247,1.88162
0,40,7.52,22.0294,0.38196,1.65619
0,40,7.51267,22.4828,0.336176,1.53346
0,40,7.51924,22.9217,0.21195,1.21078
0,40,7.50405,23.357,-0.00907857,1.05131
0,40,7.52176,23.7738,0.188945,0.857232
0,40,7.49379,24.1885,-0.478883,0.777822
0,40,7.54977,24.5844,0.630441,0.856741
0,40,7.48119,24.9759,-1.01187,0.961356
0,40,7.59313,25.3557,1.17217,1.03625
0,40,7.43948,25.7399,-1.47534,1.20129
0,40,7.61452,26.1089,0.938303,1.00673
0,40,7.41291,26.4917,-1.22866,0.884059
0,40,7.57314,26.876,0.332807,1.06585
0,40,7.47639,27.2788,-0.327664,1.25886
0,40,7.54192,27.6766,0.414048,1.42061
0,40,7.50625,28.0725,-0.00297792,1.16651
0,40,7.5284,28.4756,0.250814,0.905
0,40,7.52006,28.8959,0.0534986,1.13314
0,40,7.59975,29.3176,1.1896,0.961293
0,40,7.4731,29.6991,-0.464474,0.972401
0,40,7.6142,30.1551,0.205079,0.953289
0,40,7.43733,30.582,-0.0724531,1.31725
0,40,7.68565,31.0385,0.354568,0.67767
0,40,7.45436,31.3942,1.01168,-0.411513
0,40,7.56761,31.8241,-0.120049,1.23686
0,40,7.15716,32.2494,-0.136127,0.761003
0,40,8.00756,15.4002,0.0978088,0.541627
0,40,8.01269,15.8663,0.182931,0.77286
0,40,8.01075,16.374,-0.141595,0.663821
0,40,8.0104,16.8504,-0.0370934,0.694923
0,40,8.01158,17.3346,-0.0381446,0.718307
0,40,8.0162,17.8065,-0.0517957,0.738741
0,40,8.01435,18.273,-0.0895985,0.52472
0,40,8.01953,18.7371,-0.069271,0.566181
0,40,8.01741,19.1903,-0.135088,0.416461
0,40,8.02156,19.6398,-0.1064,0.132473
0,40,8.0233,20.0814,-0.0579297,0.133016
0,40,8.01749,20.5148,-0.147581,-0.0420597
0,40,8.02773,20.9446,0.0366549,-0.156817
0,40,8.01271,21.3736,-0.18245,-0.10685
0,40,8.03324,21.7993,0.0833211,-0.137917
0,40,8.01286,22.2295,-0.119275,-0.0729471
0,40,8.03589,22.6571,0.0721027,0.0603189
0,40,8.01439,23.0897,0.0230028,0.330293
0,40,8.0324,23.5213,-0.0340954,0.60132
0,40,8.02211,23.9613,0.000774324,0.82686
0,40,8.04198,24.3995,-0.0117198,1.06073
0,40,8.04178,24.841,-0.097708,1.23577
0,40,8.06741,25.2781,0.179553,1.22062
0,40,8.0361,25.7007,-0.560151,1.12361
0,40,8.06718,26.1326,0.550657,1.18439
0,40,7.98418,26.5384,-0.908428,0.923273
0,40,8.03728,26.9701,0.283423,0.900198
0,40,7.9964,27.3783,-0.3947,0.819083
0,40,8.04365,27.8034,0.287588,1.05588
0,40,8.02256,28.1901,0.492441,0.958379
0,40,8.00663,28.6004,0.0979313,0.726689
0,40,7.98204,29.0198,0.192149,0.350296
0,40,8.09789,29.4769,0.0407196,0.895957
0,40,7.93032,29.8155,0.548058,0.135685
0,40,8.16954,30.2245,-0.412215,-0.0483211
0,40,7.86954,30.5493,0.274086,0.189124
0,40,8.10753,30.9517,0.508109,-0.696299
0,40,8.02532,31.4226,0.560868,0.171584
0,40,8.02126,31.7692,-0.613812,0.486101
0,40,7.7762,32.1937,1.44251,0.475269
0,40,8.4957,15.4062,-0.172805,0.787589
0,40,8.51001,15.8852,0.0076461,0.992972
0,40,8.50703,16.3812,0.133742,0.575421
0,40,8.50734,16.8616,-0.0827269,1.03374
0,40,8.50078,17.3624,-0.164437,1.04655
0,40,8.50995,17.841,-0.0797173,1.29865
0,40,8.50207,18.3296,-0.0761406,1.30509
0,40,8.5107,18.8129,-0.0203091,1.58364
0,40,8.50829,19.2963,-0.0363689,1.65383
0,40,8.51705,19.7795,0.0162627,1.7475
0,40,8.52004,20.2563,0.0265373,1.94324
0,40,8.52449,20.7277,0.066854,1.85053
0,40,8.528,21.1957,-0.0227272,1.82135
0,40,8.52979,21.655,-0.0205225,1.62152
0,40,8.53137,22.1147,-0.201735,1.38151
0,40,8.53573,22.5589,-0.125281,1.07558
0,40,8.53403,23.0021,-0.282806,0.801032
0,40,8.53906,23.4245,-0.146454,0.611555
0,40,8.53207,23.8506,-0.215663,0.422579
0,40,8.54178,24.261,0.0287801,0.452502
0,40,8.53963,24.6781,-0.105354,0.461655
0,40,8.55664,25.0869,0.193828,0.573598
0,40,8.55271,25.5089,0.102172,0.935417
0,40,8.54265,25.9178,0.178967,0.971671
0,40,8.53869,26.3507,0.255055,1.55347
0,40,8.49991,26.7481,-0.0132955,1.43401
0,40,8.52177,27.1685,0.217043,1.75338
0,40,8.49315,27.583,-0.135956,1.46326
0,40,8.53819,28.018,0.146431,1.57967
0,40,8.5066,28.4448,-0.0547572,1.8063
0,40,8.50063,28.8281,0.272692,1.67343
0,40,8.4946,29.2017,0.716406,1.23562
0,40,8.58166,29.5716,0.389566,-0.0423763
0,40,8.45387,30.026,0.392108,1.21252
0,40,8.83261,30.387,1.3662,1.40885
0,40,8.39776,30.6508,0.367656,0.290755
0,40,8.77865,30.7921,1.66865,-0.249528
0,40,8.47474,31.2605,-0.334859,-1.03426
0,40,8.51625,31.7601,-0.519123,-0.297518
0,40,8.35347,32.1739,1.3159,-0.537093
0,40,9.01989,15.3982,0.0488782,0.262921
0,40,9.03325,15.7731,0.4425,-0.112321
0,40,8.99868,16.3587,-0.483222,0.367193
0,40,9.02644,16.8133,0.181148,0.208726
0,40,9.00839,17.2792,-0.1808,0.483855
0,40,9.01759,17.7297,-0.0809253,0.135099
0,40,9.01325,18.1829,-0.137629,0.238871
0,40,9.01126,18.623,-0.17788,0.0537814
0,40,9.00917,19.0692,-0.160482,0.046903
0,40,9.01091,19.5074,-0.158568,0.0187364
0,40,9.01513,19.95,-0.102628,0.0150193
0,40,9.02018,20.3891,-0.0863825,0.147851
0,40,9.02526,20.8285,-0.130994,0.0877862
0,40,9.02887,21.265,-0.0870736,0.106267
0,40,9.02921,21.6998,-0.188062,0.163945
0,40,9.03601,22.1296,-0.115949,0.034748
0,40,9.03679,22.5644,-0.182877,0.111356
0,40,9.04759,22.9911,-0.114941,0.106331
0,40,9.04532,23.4278,-0.0828255,0.328035
0,40,9.0502,23.8576,-0.0971623,0.622944
0,40,9.04953,24.2969,0.0081106,0.967758
0,40,9.05694,24.7271,-0.0567937,1.32934
0,40,9.05924,25.1608,0.0744313,1.61709
0,40,9.05626,25.5835,0.171188,1.81779
0,40,9.0326,26.0059,0.100768,1.5861
0,40,9.02305,26.4307,0.0277552,1.64347
0,40,8.99919,26.8528,-0.30079,1.9571
0,40,9.01812,27.2717,0.358865,2.46527
0,40,8.9736,27.667,0.113298,2.08381
0,40,8.99228,28.1216,0.225163,1.74773
0,40,9.00879,28.5213,0.435023,1.22731
0,40,9.01689,28.9317,-0.562219,-0.0196253
0,40,9.06088,29.3114,0.505285,2.0565
0,40,8.87489,29.9236,-1.75629,2.21042
0,40,9.25616,30.149,0.208779,0.821363
0,40,9.21872,30.7118,0.793054,1.48583
0,40,9.18199,31.1441,-0.631999,2.13109
0,40,8.77192,31.3459,-0.84148,0.558684
0,40,9.20521,31.959,0.707704,0.649142
0,40,8.81851,32.0835,0.723432,-0.673332
0,40,9.59575,15.6832,-0.837366,2.02937
0,40,9.45668,16.1403,0.307189,2.1695
0,40,9.52214,16.6382,-0.199839,1.90037
0,40,9.53271,17.1451,0.340884,2.29651
0,40,9.52118,17.6317,0.166157,2.20217
0,40,9.53332,18.121,0.160655,2.30438
0,40,9.52844,18.6022,0.111463,2.25838
0,40,9.52732,19.0818,0.0600937,2.32579
0,40,9.52737,19.5562,0.060047,2.24767
0,40,9.52673,20.0306,0.022495,2.24424
0,40,9.52843,20.5004,-0.0349068,2.19901
0,40,9.52886,20.969,-0.0914724,2.1602
0,40,9.53107,21.4331,-0.121275,2.19766
0,40,9.53507,21.891,-0.130079,2.15751
0,40,9.53821,22.3465,-0.171433,2.19111
0,40,9.54296,22.7981,-0.160652,2.2299
0,40,9.54247,23.249,-0.21032,2.32717
0,40,9.54381,23.6928,-0.126892,2.40062
0,40,9.53917,24.1342,-0.136904,2.35437
0,40,9.54701,24.5722,0.0156198,2.33575
0,40,9.54611,25.0092,0.0280217,2.32978
0,40,9.55369,25.4389,0.198581,2.3743
0,40,9.54053,25.8626,0.119845,2.25744
0,40,9.53656,26.2708,0.201486,2.36925
0,40,9.51849,26.6689,-0.130424,2.44135
0,40,9.51446,27.056,-0.465646,2.16165
0,40,9.54253,27.4558,0.593566,2.49263
0,40,9.47682,27.8287,-0.039568,2.43724
0,40,9.50372,28.2025,0.479678,2.49809
0,40,9.55797,28.5899,0.81965,2.4898
0,40,9.50284,28.9608,0.156673,1.63243
0,40,9.6622,29.3624,-1.18227,0.852172
0,40,9.22212,29.6084,-1.25261,1.14538
0,40,9.64048,29.8497,-2.43954,1.00421
0,40,9.57158,30.3286,1.28361,1.07583
0,40,9.64386,30.8067,0.165143,0.681458
0,40,9.59206,31.279,-0.319092,-0.103863
0,40,9.14996,31.6151,-0.1665,0.821826
0,40,9.66646,31.722,0.381946,0.161045
0,40,9.57623,32.2419,0.237217,1.4299
1,40,10,1.5,0,0
1,40,10.5,1.5,0,0
1,40,1.5,1.5,0,0
1,40,2,1.5,0,0
1,40,10,2,0,0
1,40,10.5,2,0,0
1,40,1.5,2,0,0
1,40,2,2,0,0
1,40,10,2.5,0,0
1,40,10.5,2.5,0,0
1,40,1.5,2.5,0,0
1,40,2,2.5,0,0
1,40,10,3,0,0
1,40,10.5,3,0,0
1,40,1.5,3,0,0
1,40,2,3,0,0
1,40,10,3.5,0,0
1,40,10.5,3.5,0,0
1,40,1.5,3.5,0,0
1,40,2,3.5,0,0
1,40,10,4,0,0
1,40,10.5,4,0,0
1,40,1.5,4,0,0
1,40,2,4,0,0
1,40,10,4.5,0,0
1,40,10.5,4.5,0,0
1,40,1.5,4.5,0,0
1,40,2,4.5,0,0
1,40,10,5,0,0
1,40,10.5,5,0,0
1,40,1.5,5,0,0
1,40,2,5,0,0
1,40,10,5.5,0,0
1,40,10.5,5.5,0,0
1,40,1.5,5.5,0,0
1,40,2,5.5,0,0
1,40,10,6,0,0
1,40,10.5,6,0,0
1,40,1.5,6,0,0
1,40,2,6,0,0
1,40,10,6.5,0,0
1,40,10.5,6.5,0,0
1,40,1.5,6.5,0,0
1,40,2,6.5,0,0
1,40,10,7,0,0
1,40,10.5,7,0,0
1,40,1.5,7,0,0
1,40,2,7,0,0
1,40,10,7.5,0,0
1,40,10.5,7.5,0,0
1,40,1.5,7.5,0,0
1,40,2,7.5,0,0
1,40,10,8,0,0
1,40,10.5,8,0,0
1,40,1.5,8,0,0
1,40,2,8,0,0
1,40,10,8.5,0,0
1,40,10.5,8.5,0,0
1,40,1.5,8.5,0,0
1,40,2,8.5,0,0
1,40,10,9,0,0
1,40,10.5,9,0,0
1,40,1.5,9,0,0
1,40,2,9,0,0
1,40,10,9.5,0,0
1,40,10.5,9.5,0,0
1,40,1.5,9.5,0,0
1,40,2,9.5,0,0
1,40,10,10,0,0
1,40,10.5,10,0,0
1,40,1.5,10,0,0
1,40,2,10,0,0
1,40,10,10.5,0,0
1,40,10.5,10.5,0,0
1,40,1.5,10.5,0,0
1,40,2,10.5,0,0
1,40,10,11,0,0
1,40,10.5,11,0,0
1,40,1.5,11,0,0
1,40,2,11,0,0
1,40,10,11.5,0,0
1,40,10.5,11.5,0,0
1,40,1.5,11.5,0,0
1,40,2,11.5,0,0
1,40,10,12,0,0
1,40,10.5,12,0,0
1,40,1.5,12,0,0
1,40,2,12,0,0
1,40,10,12.5,0,0
1,40,10.5,12.5,0,0
1,40,1.5,12.5,0,0
1,40,2,12.5,0,0
1,40,10,13,0,0
1,40,10.5,13,0,0
1,40,1.5,13,0,0
1,40,2,13,0,0
1,40,10,13.5,0,0
1,40,10.5,13.5,0,0
1,40,1.5,13.5,0,0
1,40,2,13.5,0,0
1,40,10,14,0,0
1,40,10.5,14,0,0
1,40,1.5,14,0,0
1,40,2,14,0,0
1,40,10,14.5,0,0
1,40,10.5,14.5,0,0
1,40,1.5,14.5,0,0
1,40,2,14.5,0,0
1,40,10,15,0,0
1,40,10.5,15,0,0
1,40,1.5,15,0,0
1,40,2,15,0,0
1,40,10,15.5,0,0
1,40,10.5,15.5,0,0
1,40,1.5,15.5,0,0
1,40,2,15.5,0,0
1,40,10,16,0,0
1,40,10.5,16,0,0
1,40,1.5,16,0,0
1,40,2,16,0,0
1,40,10,16.5,0,0
1,40,10.5,16.5,0,0
1,40,1.5,16.5,0,0
1,40,2,16.5,0,0
1,40,10,17,0,0
1,40,10.5,17,0,0
1,40,1.5,17,0,0
1,40,2,17,0,0
1,40,10,17.5,0,0
1,40,10.5,17.5,0,0
1,40,1.5,17.5,0,0
1,40,2,17.5,0,0
1,40,10,18,0,0
1,40,10.5,18,0,0
1,40,1.5,18,0,0
1,40,2,18,0,0
1,40,10,18.5,0,0
1,40,10.5,18.5,0,0
1,40,1.5,18.5,0,0
1,40,2,18.5,0,0
1,40,10,19,0,0
1,40,10.5,19,0,0
1,40,1.5,19,0,0
1,40,2,19,0,0
1,40,10,19.5,0,0
1,40,10.5,19.5,0,0
1,40,1.5,19.5,0,0
1,40,2,19.5,0,0
1,40,10,20,0,0
1,40,10.5,20,0,0
1,40,1.5,20,0,0
1,40,2,20,0,0
1,40,10,20.5,0,0
1,40,10.5,20.5,0,0
1,40,1.5,20.5,0,0
1,40,2,20.5,0,0
1,40,10,21,0,0
1,40,10.5,21,0,0
1,40,1.5,21,0,0
1,40,2,21,0,0
1,40,10,21.5,0,0
1,40,10.5,21.5,0,0
1,40,1.5,21.5,0,0
1,40,2,21.5,0,0
1,40,10,22,0,0
1,40,10.5,22,0,0
1,40,1.5,22,0,0
1,40,2,22,0,0
1,40,10,22.5,0,0
1,40,10.5,22.5,0,0
1,40,1.5,22.5,0,0
1,40,2,22.5,0,0
1,40,10,23,0,0
1,40,10.5,23,0,0
1,40,1.5,23,0,0
1,40,2,23,0,0
1,40,10,23.5,0,0
1,40,10.5,23.5,0,0
1,40,1.5,23.5,0,0
1,40,2,23.5,0,0
1,40,10,24,0,0
1,40,10.5,24,0,0
1,40,1.5,24,0,0
1,40,2,24,0,0
1,40,10,24.5,0,0
1,40,10.5,24.5,0,0
1,40,1.5,24.5,0,0
1,40,2,24.5,0,0
1,40,10,25,0,0
1,40,10.5,25,0,0
1,40,1.5,25,0,0
1,40,2,25,0,0
1,40,10,25.5,0,0
1,40,10.5,25.5,0,0
1,40,1.5,25.5,0,0
1,40,2,25.5,0,0
1,40,10,26,0,0
1,40,10.5,26,0,0
1,40,1.5,26,0,0
1,40,2,26,0,0
1,40,10,26.5,0,0
1,40,10.5,26.5,0,0
1,40,1.5,26.5,0,0
1,40,2,26.5,0,0
1,40,10,27,0,0
1,40,10.5,27,0,0
1,40,1.5,27,0,0
1,40,2,27,0,0
1,40,10,27.5,0,0
1,40,10.5,27.5,0,0
1,40,1.5,27.5,0,0
1,40,2,27.5,0,0
1,40,10,28,0,0
1,40,10.5,28,0,0
1,40,1.5,28,0,0
1,40,2,28,0,0
1,40,10,28.5,0,0
1,40,10.5,28.5,0,0
1,40,1.5,28.5,0,0
1,40,2,28.5,0,0
1,40,10,29,0,0
1,40,10.5,29,0,0
1,40,1.5,29,0,0
1,40,2,29,0,0
1,40,10,29.5,0,0
1,40,10.5,29.5,0,0
1,40,1.5,29.5,0,0
1,40,2,29.5,0,0
1,40,10,30,0,0
1,40,10.5,30,0,0
1,40,1.5,30,0,0
1,40,2,30,0,0
1,40,10,30.5,0,0
1,40,10.5,30.5,0,0
1,40,1.5,30.5,0,0
1,40,2,30.5,0,0
1,40,10,31,0,0
1,40,10.5,31,0,0
1,40,1.5,31,0,0
1,40,2,31,0,0
1,40,10,31.5,0,0
1,40,10.5,31.5,0,0
1,40,1.5,31.5,0,0
1,40,2,31.5,0,0
1,40,10,32,0,0
1,40,10.5,32,0,0
1,40,1.5,32,0,0
1,40,2,32,0,0
1,40,10,32.5,0,0
1,40,10.5,32.5,0,0
1,40,1.5,32.5,0,0
1,40,2,32.5,0,0
1,40,10,33,0,0
1,40,10.5,33,0,0
1,40,1.5,33,0,0
1,40,2,33,0,0
1,40,2.5,1.5,0,0
1,40,2.5,2,0,0
1,40,2.5,32.5,0,0
1,40,2.5,33,0,0
1,40,3,1.5,0,0
1,40,3,2,0,0
1,40,3,32.5,0,0
1,40,3,33,0,0
1,40,3.5,1.5,0,0
1,40,3.5,2,0,0
1,40,3.5,32.5,0,0
1,40,3.5,33,0,0
1,40,4,1.5,0,0
1,40,4,2,0,0
1,40,4,32.5,0,0
1,40,4,33,0,0
1,40,4.5,1.5,0,0
1,40,4.5,2,0,0
1,40,4.5,32.5,0,0
1,40,4.5,33,0,0
1,40,5,1.5,0,0
1,40,5,2,0,0
1,40,5,32.5,0,0
1,40,5,33,0,0
1,40,5.5,1.5,0,0
1,40,5.5,2,0,0
1,40,5.5,32.5,0,0
1,40,5.5,33,0,0
1,40,6,1.5,0,0
1,40,6,2,0,0
1,40,6,32.5,0,0
1,40,6,33,0,0
1,40,6.5,1.5,0,0
1,40,6.5,2,0,0
1,40,6.5,32.5,0,0
1,40,6.5,33,0,0
1,40,7,1.5,0,0
1,40,7,2,0,0
1,40,7,32.5,0,0
1,40,7,33,0,0
1,40,7.5,1.5,0,0
1,40,7.5,2,0,0
1,40,7.5,32.5,0,0
1,40,7.5,33,0,0
1,40,8,1.5,0,0
1,40,8,2,0,0
1,40,8,32.5,0,0
1,40,8,33,0,0
1,40,8.5,1.5,0,0
1,40,8.5,2,0,0
1,40,8.5,32.5,0,0
1,40,8.5,33,0,0
1,40,9,1.5,0,0
1,40,9,2,0,0
1,40,9,32.5,0,0
1,40,9,33,0,0
1,40,9.5,1.5,0,0
1,40,9.5,2,0,0
1,40,9.5,32.5,0,0
1,40,9.5,33,0,0
