916 2 0.5 203000 0 2 0 1e-05 0 9.81 45 45
0,40,2.4967,13.983,-0.0117483,5.38744
0,40,2.50384,14.4833,-0.0160978,5.39357
0,40,2.49831,14.9855,-0.0291292,5.35142
0,40,2.50129,15.4851,-0.05648,5.29851
0,40,2.49698,15.983,-0.0606436,5.16377
0,40,2.49862,16.4796,-0.0607605,5.01672
0,40,2.49481,16.9739,-0.0622829,4.90019
0,40,2.49507,17.4666,-0.0981123,4.71553
0,40,2.49071,17.9559,-0.0855976,4.54943
0,40,2.49072,18.4424,-0.099968,4.35981
0,40,2.48709,18.928,-0.098082,4.20196
0,40,2.48612,19.4098,-0.146103,4.0267
0,40,2.48348,19.89,-0.100608,3.87884
0,40,2.48231,20.3683,-0.134498,3.78148
0,40,2.48173,20.8446,-0.113269,3.67961
0,40,2.48114,21.3205,-0.148409,3.5887
0,40,2.4817,21.7943,-0.154343,3.50807
0,40,2.48114,22.2668,-0.17995,3.41083
0,40,2.48178,22.7386,-0.193618,3.32954
0,40,2.48044,23.2092,-0.227194,3.26174
0,40,2.48068,23.6795,-0.230646,3.15529
0,40,2.47841,24.1487,-0.252856,3.02868
0,40,2.47823,24.6161,-0.250101,2.87735
0,40,2.47573,25.0814,-0.21725,2.69701
0,40,2.47473,25.5442,-0.196693,2.56797
0,40,2.47223,26.0048,-0.114863,2.45801
0,40,2.46917,26.4645,-0.110182,2.42602
0,40,2.46614,26.9231,-0.0594013,2.41534
0,40,2.46177,27.3826,-0.0948696,2.40931
0,40,2.46193,27.8399,-0.0556859,2.39248
0,40,2.46058,28.2954,-0.0797816,2.25294
0,40,2.46627,28.7469,0.000154158,2.10141
0,40,2.46659,29.1943,0.0279621,1.8423
0,40,2.47491,29.6371,0.118965,1.54562
0,40,2.47876,30.0754,0.209328,1.20323
0,40,2.48596,30.5044,0.234902,0.860573
0,40,2.49299,30.9301,0.152171,0.58142
0,40,2.50058,31.3388,0.27769,0.236878
0,40,2.48477,31.7522,-0.753362,0.305523
0,40,2.55543,32.1336,0.40553,0.206291
0,40,3.00017,13.9799,-0.00472221,5.35927
0,40,3.00091,14.4812,-0.0248673,5.38378
0,40,3.00076,14.9809,-0.0377971,5.30851
0,40,2.99906,15.4816,-0.0644556,5.25775
0,40,2.99841,15.978,-0.0850318,5.11961
0,40,2.9968,16.4746,-0.07312,4.94698
0,40,2.99553,16.9671,-0.0795812,4.80636
0,40,2.9937,17.4582,-0.0700717,4.58905
0,40,2.99194,17.9462,-0.0826438,4.42911
0,40,2.99115,18.4303,-0.0605441,4.19408
0,40,2.98899,18.9122,-0.0759697,3.98233
0,40,2.98847,19.3913,-0.0634963,3.80775
0,40,2.98659,19.8674,-0.0436552,3.63981
0,40,2.98717,20.3424,-0.0426547,3.44878
0,40,2.98584,20.8141,-0.0756446,3.32066
0,40,2.98659,21.2842,-0.0735448,3.13745
0,40,2.98466,21.7543,-0.102238,3.00525
0,40,2.98559,22.2206,-0.0820577,2.88567
0,40,2.98335,22.6867,-0.0503171,2.66852
0,40,2.98335,23.1508,-0.0679065,2.6005
0,40,2.98173,23.6109,-0.0163792,2.39461
0,40,2.97976,24.0711,-0.0607871,2.18723
0,40,2.97874,24.5256,-0.0423199,2.03262
0,40,2.97587,24.9783,-0.0276566,1.74626
0,40,2.97533,25.4275,-0.0158616,1.57987
0,40,2.97294,25.8727,0.0321835,1.37442
0,40,2.97292,26.3151,0.0205181,1.17179
0,40,2.97041,26.753,0.00540778,1.01141
0,40,2.971,27.1876,-0.0590319,0.766586
0,40,2.96902,27.619,-0.0788673,0.589583
0,40,2.97105,28.0497,-0.106962,0.34682
0,40,2.96872,28.4815,-0.039773,0.199547
0,40,2.96943,28.9171,-0.0241363,0.117606
0,40,2.96676,29.3566,0.127421,0.130267
0,40,2.96822,29.8033,0.13704,0.22698
0,40,2.97438,30.2541,0.283172,0.344478
0,40,2.97862,30.7158,0.148843,0.51752
0,40,3.00727,31.1693,0.291613,0.596331
0,40,2.98907,31.6336,-0.632299,0.731812
0,40,3.10503,32.0846,0.418821,0.383331
0,40,3.50016,13.9805,-0.00219792,5.35393
0,40,3.50059,14.481,-0.0186128,5.35606
0,40,3.49999,14.9806,-0.0453625,5.30457
0,40,3.49997,15.4801,-0.0433135,5.226
0,40,3.49807,15.9776,-0.0826308,5.10764
0,40,3.49806,16.473,-0.0816797,4.94872
0,40,3.49582,16.966,-0.108506,4.80057
0,40,3.49569,17.4566,-0.101588,4.59513
0,40,3.49283,17.945,-0.121408,4.40409
0,40,3.49265,18.429,-0.132487,4.20611
0,40,3.49042,18.9106,-0.120667,3.97584
0,40,3.49053,19.3907,-0.135081,3.82974
0,40,3.48874,19.8667,-0.117904,3.66414
0,40,3.48883,20.3424,-0.125229,3.43279
0,40,3.48773,20.8146,-0.108272,3.35752
0,40,3.48876,21.2846,-0.0712626,3.16783
0,40,3.48795,21.7558,-0.0815027,3.03549
0,40,3.48899,22.2225,-0.0831091,2.99878
0,40,3.48774,22.6891,-0.0582492,2.76745
0,40,3.48772,23.1555,-0.0802766,2.73075
0,40,3.48642,23.6162,-0.0620386,2.60103
0,40,3.4851,24.0782,-0.0528383,2.35482
0,40,3.48317,24.5365,-0.0609717,2.36175
0,40,3.48237,24.9908,-0.000574555,2.11246
0,40,3.48026,25.4477,0.0119428,2.04152
0,40,3.48053,25.8982,0.0313619,1.99288
0,40,3.47954,26.3523,0.0686004,1.845
0,40,3.47973,26.8026,0.0345702,1.88173
0,40,3.4806,27.2538,0.0643033,1.6889
0,40,3.48017,27.703,0.0182637,1.64829
0,40,3.48184,28.1483,0.0369962,1.35611
0,40,3.4791,28.5905,-0.015405,1.18283
0,40,3.47882,29.0245,-0.0039035,0.913674
0,40,3.47301,29.4557,-0.0353546,0.783534
0,40,3.4711,29.8809,-0.046839,0.641411
0,40,3.46958,30.3094,0.00717853,0.64152
0,40,3.46184,30.7394,-0.164317,0.717692
0,40,3.505,31.1704,0.221409,0.646177
0,40,3.43485,31.6166,-0.770535,0.579634
0,40,3.59872,32.0754,0.738801,0.357105
0,40,4.00005,13.9808,-0.00276989,5.34252
0,40,4.00019,14.4811,-0.0169008,5.33407
0,40,3.9999,14.9802,-0.0353018,5.28741
0,40,3.99953,15.4795,-0.0558609,5.21538
0,40,3.9989,15.9762,-0.0616739,5.09023
0,40,3.9976,16.4722,-0.0780261,4.92736
0,40,3.99679,16.9649,-0.0975787,4.78897
0,40,3.99565,17.4552,-0.0877629,4.60186
0,40,3.99446,17.9434,-0.0700232,4.40614
0,40,3.9938,18.4286,-0.0435202,4.22384
0,40,3.99331,18.9102,-0.04094,3.9757
0,40,3.9933,19.3903,-0.0446867,3.81267
0,40,3.99238,19.8662,-0.0792506,3.67147
0,40,3.99225,20.3416,-0.0552401,3.44393
0,40,3.9909,20.8153,-0.0597689,3.39924
0,40,3.99188,21.2848,-0.0226921,3.19962
0,40,3.99017,21.7561,-0.0217197,3.01069
0,40,3.99101,22.2228,-0.00479223,3.02711
0,40,3.98925,22.6884,0.0288832,2.77405
0,40,3.9894,23.1552,0.0452081,2.71221
0,40,3.98762,23.6154,0.0582596,2.62938
0,40,3.98749,24.0765,0.0810084,2.32559
0,40,3.98502,24.5353,0.0587131,2.3313
0,40,3.98474,24.9885,0.0584236,2.11299
0,40,3.98213,25.4438,0.0690147,1.92449
0,40,3.98183,25.8938,0.0456328,1.88595
0,40,3.9806,26.3429,0.0662474,1.64181
0,40,3.98075,26.7913,0.0494829,1.57975
0,40,3.98084,27.2371,0.027693,1.39635
0,40,3.98166,27.6848,0.0191455,1.32535
0,40,3.98193,28.1299,0.00529308,1.18444
0,40,3.98275,28.5784,0.0114086,1.11352
0,40,3.98215,29.0243,0.0142941,1.11229
0,40,3.98343,29.4696,0.0216898,0.985161
0,40,3.9791,29.9122,-0.0178416,0.975559
0,40,3.98553,30.3459,-0.0545987,0.759446
0,40,3.96947,30.7779,-0.229737,0.732955
0,40,4.01824,31.2111,0.189714,0.53716
0,40,3.92191,31.6298,-0.9695,0.4741
0,40,4.0876,32.0671,0.83864,0.133051
0,40,4.50006,13.981,-0.00101312,5.33921
0,40,4.50018,14.4808,-0.00758395,5.32075
0,40,4.49982,14.98,-0.020628,5.26856
0,40,4.49974,15.479,-0.0349735,5.1972
0,40,4.49885,15.9757,-0.0496548,5.08797
0,40,4.49862,16.4709,-0.0453694,4.91816
0,40,4.49731,16.9642,-0.040355,4.78572
0,40,4.49735,17.4543,-0.0408438,4.61813
0,40,4.49629,17.9427,-0.0496361,4.41842
0,40,4.49636,18.4279,-0.0552811,4.23585
0,40,4.49492,18.9096,-0.0471007,3.98054
0,40,4.49509,19.3899,-0.0340433,3.80024
0,40,4.49434,19.866,-0.0179375,3.67092
0,40,4.49515,20.3412,-0.00216151,3.45526
0,40,4.49454,20.815,-0.0112055,3.38125
0,40,4.49486,21.2846,-0.0301928,3.21532
0,40,4.49404,21.7551,-0.0102859,3.0256
0,40,4.4941,22.2228,-0.0019404,3.03991
0,40,4.49338,22.6874,0.00209548,2.81474
0,40,4.49295,23.1542,0.0181776,2.69845
0,40,4.49119,23.6145,-0.00812579,2.65457
0,40,4.49093,24.0746,0.0205195,2.33257
0,40,4.48813,24.5337,0.0161055,2.3225
0,40,4.48825,24.9871,0.0357745,2.15414
0,40,4.48592,25.4431,0.0646202,1.96681
0,40,4.48688,25.8945,0.0800915,1.92064
0,40,4.48511,26.3458,0.0685219,1.71912
0,40,4.48716,26.7949,0.0708318,1.62124
0,40,4.48504,27.2429,0.0600843,1.42549
0,40,4.4873,27.6885,0.0342028,1.3067
0,40,4.48483,28.1313,0.0443708,1.06606
0,40,4.48692,28.5719,0.00338559,0.895438
0,40,4.48251,29.0097,-0.00515368,0.764221
0,40,4.48684,29.4465,-0.0499192,0.650843
0,40,4.47706,29.8825,-0.088751,0.602606
0,40,4.49578,30.3196,0.00097707,0.487668
0,40,4.46606,30.753,-0.29631,0.445107
0,40,4.52759,31.1939,0.288104,0.278541
0,40,4.43728,31.614,-0.956149,0.0941925
0,40,4.56102,32.0525,0.657252,-0.105311
0,40,5.00004,13.9812,-0.0019194,5.33357
0,40,5.00013,14.4808,-0.0119171,5.31055
0,40,4.99994,14.9798,-0.0233329,5.25858
0,40,4.99981,15.4785,-0.0285016,5.18855
0,40,4.99915,15.975,-0.0303783,5.07777
0,40,4.99889,16.4706,-0.0356323,4.93428
0,40,4.99852,16.9637,-0.0103356,4.80013
0,40,4.99811,17.4541,0.00124092,4.60454
0,40,4.99797,17.9426,-0.00541957,4.39904
0,40,4.99788,18.4274,-0.0196983,4.22551
0,40,4.9974,18.9091,-0.0423564,3.98461
0,40,4.99682,19.3894,-0.0394398,3.82619
0,40,4.99627,19.8661,-0.0214646,3.69966
0,40,4.99629,20.3415,-0.000158473,3.46448
0,40,4.99611,20.8148,-0.0029036,3.36411
0,40,4.99597,21.2844,-0.00309322,3.21068
0,40,4.99556,21.7549,0.000202499,3.05417
0,40,4.9954,22.2223,0.0317937,3.03854
0,40,4.99449,22.6871,0.0321234,2.83152
0,40,4.99457,23.1528,0.0628976,2.70565
0,40,4.99306,23.6138,0.0638727,2.64039
0,40,4.99335,24.0734,0.0683478,2.36318
0,40,4.99171,24.5321,0.0740914,2.30583
0,40,4.99171,24.9863,0.060072,2.15972
0,40,4.9902,25.4415,0.0569093,1.97108
0,40,4.99057,25.8933,0.0603834,1.88437
0,40,4.98923,26.3442,0.0508814,1.69054
0,40,4.99077,26.7936,0.0640259,1.6036
0,40,4.98955,27.2413,0.0531681,1.41504
0,40,4.99207,27.6895,0.0524617,1.34504
0,40,4.98986,28.1336,0.0239556,1.17083
0,40,4.9933,28.5793,0.0207285,1.0305
0,40,4.98799,29.0191,-0.0128894,0.940872
0,40,4.99473,29.4599,0.00314262,0.779729
0,40,4.98214,29.8944,-0.0943102,0.71848
0,40,5.0029,30.3317,0.0447024,0.582327
0,40,4.96916,30.7617,-0.324788,0.48551
0,40,5.02418,31.2017,0.248038,0.414326
0,40,4.95969,31.6259,-0.71909,0.113729
0,40,5.03514,32.0628,0.403283,-0.037801
0,40,5.50003,13.9812,7.42133e-05,5.33032
0,40,5.50009,14.4806,-0.00158728,5.2991
0,40,5.49991,14.9798,-0.0103151,5.24901
0,40,5.49985,15.4782,-0.0137472,5.19087
0,40,5.49953,15.9747,-0.0108871,5.07669
0,40,5.49936,16.4703,-0.00800766,4.93643
0,40,5.49898,16.9634,-0.00435884,4.82282
0,40,5.49917,17.4537,0.00526798,4.61682
0,40,5.49886,17.9425,0.00102226,4.39529
0,40,5.49899,18.4272,-0.00318123,4.2086
0,40,5.49854,18.9086,-0.00431121,3.96651
0,40,5.49869,19.389,-0.00754982,3.82619
0,40,5.49849,19.8658,-0.00709082,3.71177
0,40,5.4985,20.3414,-0.000915366,3.47476
0,40,5.49831,20.8148,0.00736225,3.36808
0,40,5.49841,21.2843,0.0113352,3.21081
0,40,5.49817,21.7548,0.00933889,3.06774
0,40,5.49824,22.2221,0.0171989,3.0612
0,40,5.49774,22.6868,0.0202514,2.8328
0,40,5.4976,23.1527,0.0121845,2.72725
0,40,5.49697,23.6131,0.0202782,2.64117
0,40,5.49649,24.0734,0.0139442,2.35915
0,40,5.49587,24.5314,0.0104089,2.32113
0,40,5.4956,24.9859,0.0358921,2.15209
0,40,5.49464,25.4416,0.0197947,1.98883
0,40,5.49545,25.8937,0.0438879,1.90321
0,40,5.49432,26.3453,0.0384447,1.70766
0,40,5.49559,26.795,0.0323148,1.60184
0,40,5.49437,27.2428,0.0256761,1.40585
0,40,5.49597,27.6895,0.0289905,1.28823
0,40,5.49393,28.1326,0.0203621,1.08772
0,40,5.49661,28.5754,0.0178746,0.944779
0,40,5.4928,29.0145,-0.00412879,0.842139
0,40,5.49819,29.4549,-0.000128723,0.75833
0,40,5.48989,29.8898,-0.0682997,0.630132
0,40,5.50274,30.3304,0.0378209,0.550422
0,40,5.48315,30.7592,-0.231832,0.40941
0,40,5.51351,31.1976,0.168074,0.264489
0,40,5.48144,31.6299,-0.361148,0.151239
0,40,5.51697,32.0631,0.196782,-0.0985449
0,40,6,13.9813,4.67012e-12,5.33193
0,40,6,14.4806,7.80659e-12,5.29868
0,40,6,14.9796,-4.14389e-11,5.24493
0,40,6,15.4781,-2.19231e-11,5.18929
0,40,6,15.9745,-5.6281e-11,5.08004
0,40,6,16.47,-1.19724e-11,4.9405
0,40,6,16.9635,8.735e-11,4.82098
0,40,6,17.454,1.0263e-10,4.61064
0,40,6,17.9425,5.126e-11,4.38613
0,40,6,18.4271,2.69478e-11,4.21502
0,40,6,18.9086,-1.88678e-11,3.97607
0,40,6,19.3892,-6.48929e-11,3.82667
0,40,6,19.8659,-2.21146e-11,3.71435
0,40,6,20.3413,-7.97428e-12,3.47837
0,40,6,20.8148,-2.53501e-11,3.37306
0,40,6,21.2842,-1.78946e-11,3.20857
0,40,6,21.7547,-9.15507e-12,3.06426
0,40,6,22.2218,-1.74626e-12,3.06313
0,40,6,22.6864,-4.16204e-13,2.82498
0,40,6,23.1524,-1.59944e-13,2.71949
0,40,6,23.6124,3.01048e-12,2.64818
0,40,6,24.0726,-2.95644e-13,2.34166
0,40,6,24.5311,-4.13891e-12,2.33736
0,40,6,24.9849,-4.15901e-12,2.15095
0,40,6,25.4414,-4.17246e-12,1.9752
0,40,6,25.8929,-5.88663e-12,1.91266
0,40,6,26.3445,-5.06469e-12,1.67634
0,40,6,26.7945,-5.83314e-12,1.60341
0,40,6,27.242,-1.79156e-12,1.41014
0,40,6,27.6903,-1.6896e-12,1.3325
0,40,6,28.1335,6.60376e-14,1.12505
0,40,6,28.5791,-1.36729e-12,0.992908
0,40,6,29.0165,4.83986e-13,0.860404
0,40,6,29.458,-5.10472e-14,0.729033
0,40,6,29.8912,5.31569e-14,0.647279
0,40,6,30.3304,-3.5711e-12,0.5639
0,40,6,30.7613,-3.98039e-13,0.41834
0,40,6,31.2003,-2.99148e-12,0.325083
0,40,6,31.6317,-3.50488e-12,0.153892
0,40,6,32.066,-1.01708e-12,-0.0959124
0,40,6.49997,13.9812,-7.42133e-05,5.33032
0,40,6.49991,14.4806,0.00158728,5.2991
0,40,6.50009,14.9798,0.0103151,5.24901
0,40,6.50015,15.4782,0.0137472,5.19087
0,40,6.50047,15.9747,0.0108871,5.07669
0,40,6.50064,16.4703,0.00800766,4.93643
0,40,6.50102,16.9634,0.00435884,4.82282
0,40,6.50083,17.4537,-0.00526798,4.61682
0,40,6.50114,17.9425,-0.00102226,4.39529
0,40,6.50101,18.4272,0.00318123,4.2086
0,40,6.50146,18.9086,0.00431121,3.96651
0,40,6.50131,19.389,0.00754982,3.82619
0,40,6.50151,19.8658,0.00709082,3.71177
0,40,6.5015,20.3414,0.000915366,3.47476
0,40,6.50169,20.8148,-0.00736225,3.36808
0,40,6.50159,21.2843,-0.0113352,3.21081
0,40,6.50183,21.7548,-0.00933889,3.06774
0,40,6.50176,22.2221,-0.0171989,3.0612
0,40,6.50226,22.6868,-0.0202514,2.8328
0,40,6.5024,23.1527,-0.0121845,2.72725
0,40,6.50303,23.6131,-0.0202782,2.64117
0,40,6.50351,24.0734,-0.0139442,2.35915
0,40,6.50413,24.5314,-0.0104089,2.32113
0,40,6.5044,24.9859,-0.0358921,2.15209
0,40,6.50536,25.4416,-0.0197947,1.98883
0,40,6.50455,25.8937,-0.0438879,1.90321
0,40,6.50568,26.3453,-0.0384447,1.70766
0,40,6.50441,26.795,-0.0323148,1.60184
0,40,6.50563,27.2428,-0.0256761,1.40585
0,40,6.50403,27.6895,-0.0289905,1.28823
0,40,6.50607,28.1326,-0.0203621,1.08772
0,40,6.50339,28.5754,-0.0178746,0.944779
0,40,6.5072,29.0145,0.00412879,0.842139
0,40,6.50181,29.4549,0.000128723,0.75833
0,40,6.51011,29.8898,0.0682997,0.630132
0,40,6.49726,30.3304,-0.0378209,0.550422
0,40,6.51685,30.7592,0.231832,0.40941
0,40,6.48649,31.1976,-0.168074,0.264489
0,40,6.51856,31.6299,0.361148,0.151239
0,40,6.48303,32.0631,-0.196782,-0.0985449
0,40,6.99996,13.9812,0.0019194,5.33357
0,40,6.99987,14.4808,0.0119171,5.31055
0,40,7.00006,14.9798,0.0233329,5.25858
0,40,7.00019,15.4785,0.0285016,5.18855
0,40,7.00085,15.975,0.0303783,5.07777
0,40,7.00111,16.4706,0.0356323,4.93428
0,40,7.00148,16.9637,0.0103356,4.80013
0,40,7.00189,17.4541,-0.00124092,4.60454
0,40,7.00203,17.9426,0.00541957,4.39904
0,40,7.00212,18.4274,0.0196983,4.22551
0,40,7.0026,18.9091,0.0423564,3.98461
0,40,7.00318,19.3894,0.0394398,3.82619
0,40,7.00373,19.8661,0.0214646,3.69966
0,40,7.00371,20.3415,0.000158473,3.46448
0,40,7.00389,20.8148,0.0029036,3.36411
0,40,7.00403,21.2844,0.00309322,3.21068
0,40,7.00444,21.7549,-0.000202499,3.05417
0,40,7.0046,22.2223,-0.0317937,3.03854
0,40,7.00551,22.6871,-0.0321234,2.83152
0,40,7.00543,23.1528,-0.0628976,2.70565
0,40,7.00694,23.6138,-0.0638727,2.64039
0,40,7.00665,24.0734,-0.0683478,2.36318
0,40,7.00829,24.5321,-0.0740914,2.30583
0,40,7.00829,24.9863,-0.060072,2.15972
0,40,7.0098,25.4415,-0.0569093,1.97108
0,40,7.00943,25.8933,-0.0603834,1.88437
0,40,7.01077,26.3442,-0.0508814,1.69054
0,40,7.00923,26.7936,-0.0640259,1.6036
0,40,7.01045,27.2413,-0.0531681,1.41504
0,40,7.00793,27.6895,-0.0524617,1.34504
0,40,7.01014,28.1336,-0.0239556,1.17083
0,40,7.0067,28.5793,-0.0207285,1.0305
0,40,7.01201,29.0191,0.0128894,0.940872
0,40,7.00527,29.4599,-0.00314262,0.779729
0,40,7.01786,29.8944,0.0943102,0.71848
0,40,6.9971,30.3317,-0.0447024,0.582327
0,40,7.03084,30.7617,0.324788,0.48551
0,40,6.97582,31.2017,-0.248038,0.414326
0,40,7.04031,31.6259,0.71909,0.113729
0,40,6.96486,32.0628,-0.403283,-0.037801
0,40,7.49994,13.981,0.00101312,5.33921
0,40,7.49982,14.4808,0.00758395,5.32075
0,40,7.50018,14.98,0.020628,5.26856
0,40,7.50026,15.479,0.0349735,5.1972
0,40,7.50115,15.9757,0.0496548,5.08797
0,40,7.50138,16.4709,0.0453694,4.91816
0,40,7.50269,16.9642,0.040355,4.78572
0,40,7.50265,17.4543,0.0408438,4.61813
0,40,7.50371,17.9427,0.0496361,4.41842
0,40,7.50364,18.4279,0.0552811,4.23585
0,40,7.50508,18.9096,0.0471007,3.98054
0,40,7.50491,19.3899,0.0340433,3.80024
0,40,7.50566,19.866,0.0179375,3.67092
0,40,7.50485,20.3412,0.00216151,3.45526
0,40,7.50546,20.815,0.0112055,3.38125
0,40,7.50514,21.2846,0.0301928,3.21532
0,40,7.50596,21.7551,0.0102859,3.0256
0,40,7.5059,22.2228,0.0019404,3.03991
0,40,7.50662,22.6874,-0.00209548,2.81474
0,40,7.50705,23.1542,-0.0181776,2.69845
0,40,7.50881,23.6145,0.00812579,2.65457
0,40,7.50907,24.0746,-0.0205195,2.33257
0,40,7.51187,24.5337,-0.0161055,2.3225
0,40,7.51175,24.9871,-0.0357745,2.15414
0,40,7.51408,25.4431,-0.0646202,1.96681
0,40,7.51312,25.8945,-0.0800915,1.92064
0,40,7.51489,26.3458,-0.0685219,1.71912
0,40,7.51284,26.7949,-0.0708318,1.62124
0,40,7.51496,27.2429,-0.0600843,1.42549
0,40,7.5127,27.6885,-0.0342028,1.3067
0,40,7.51517,28.1313,-0.0443708,1.06606
0,40,7.51308,28.5719,-0.00338559,0.895438
0,40,7.51749,29.0097,0.00515368,0.764221
0,40,7.51316,29.4465,0.0499192,0.650843
0,40,7.52294,29.8825,0.088751,0.602606
0,40,7.50422,30.3196,-0.00097707,0.487668
0,40,7.53394,30.753,0.29631,0.445107
0,40,7.47241,31.1939,-0.288104,0.278541
0,40,7.56272,31.614,0.956149,0.0941925
0,40,7.43898,32.0525,-0.657252,-0.105311
0,40,7.99995,13.9808,0.00276989,5.34252
0,40,7.99981,14.4811,0.0169008,5.33407
0,40,8.0001,14.9802,0.0353018,5.28741
0,40,8.00047,15.4795,0.0558609,5.21538
0,40,8.0011,15.9762,0.0616739,5.09023
0,40,8.0024,16.4722,0.0780261,4.92736
0,40,8.00321,16.9649,0.0975787,4.78897
0,40,8.00435,17.4552,0.0877629,4.60186
0,40,8.00554,17.9434,0.0700232,4.40614
0,40,8.0062,18.4286,0.0435202,4.22384
0,40,8.00669,18.9102,0.04094,3.9757
0,40,8.0067,19.3903,0.0446867,3.81267
0,40,8.00762,19.8662,0.0792506,3.67147
0,40,8.00775,20.3416,0.0552401,3.44393
0,40,8.0091,20.8153,0.0597689,3.39924
0,40,8.00812,21.2848,0.0226921,3.19962
0,40,8.00983,21.7561,0.0217197,3.01069
0,40,8.00899,22.2228,0.00479223,3.02711
0,40,8.01075,22.6884,-0.0288832,2.77405
0,40,8.0106,23.1552,-0.0452081,2.71221
0,40,8.01238,23.6154,-0.0582596,2.62938
0,40,8.01251,24.0765,-0.0810084,2.32559
0,40,8.01498,24.5353,-0.0587131,2.3313
0,40,8.01526,24.9885,-0.0584236,2.11299
0,40,8.01787,25.4438,-0.0690147,1.92449
0,40,8.01817,25.8938,-0.0456328,1.88595
0,40,8.0194,26.3429,-0.0662474,1.64181
0,40,8.01925,26.7913,-0.0494829,1.57975
0,40,8.01916,27.2371,-0.027693,1.39635
0,40,8.01834,27.6848,-0.0191455,1.32535
0,40,8.01807,28.1299,-0.00529308,1.18444
0,40,8.01725,28.5784,-0.0114086,1.11352
0,40,8.01785,29.0243,-0.0142941,1.11229
0,40,8.01657,29.4696,-0.0216898,0.985161
0,40,8.0209,29.9122,0.0178416,0.975559
0,40,8.01447,30.3459,0.0545987,0.759446
0,40,8.03053,30.7779,0.229737,0.732955
0,40,7.98176,31.2111,-0.189714,0.53716
0,40,8.07809,31.6298,0.9695,0.4741
0,40,7.9124,32.0671,-0.83864,0.133051
0,40,8.49984,13.9805,0.00219792,5.35393
0,40,8.49941,14.481,0.0186128,5.35606
0,40,8.50001,14.9806,0.0453625,5.30457
0,40,8.50003,15.4801,0.0433135,5.226
0,40,8.50193,15.9776,0.0826308,5.10764
0,40,8.50194,16.473,0.0816797,4.94872
0,40,8.50418,16.966,0.108506,4.80057
0,40,8.50431,17.4566,0.101588,4.59513
0,40,8.50717,17.945,0.121408,4.40409
0,40,8.50735,18.429,0.132487,4.20611
0,40,8.50958,18.9106,0.120667,3.97584
0,40,8.50947,19.3907,0.135081,3.82974
0,40,8.51126,19.8667,0.117904,3.66414
0,40,8.51117,20.3424,0.125229,3.43279
0,40,8.51227,20.8146,0.108272,3.35752
0,40,8.51124,21.2846,0.0712626,3.16783
0,40,8.51205,21.7558,0.0815027,3.03549
0,40,8.51101,22.2225,0.0831091,2.99878
0,40,8.51226,22.6891,0.0582492,2.76745
0,40,8.51228,23.1555,0.0802766,2.73075
0,40,8.51358,23.6162,0.0620386,2.60103
0,40,8.5149,24.0782,0.0528383,2.35482
0,40,8.51683,24.5365,0.0609717,2.36175
0,40,8.51763,24.9908,0.000574555,2.11246
0,40,8.51974,25.4477,-0.0119428,2.04152
0,40,8.51947,25.8982,-0.0313619,1.99288
0,40,8.52046,26.3523,-0.0686004,1.845
0,40,8.52027,26.8026,-0.0345702,1.88173
0,40,8.5194,27.2538,-0.0643033,1.6889
0,40,8.51983,27.703,-0.0182637,1.64829
0,40,8.51816,28.1483,-0.0369962,1.35611
0,40,8.5209,28.5905,0.015405,1.18283
0,40,8.52118,29.0245,0.0039035,0.913674
0,40,8.52699,29.4557,0.0353546,0.783534
0,40,8.5289,29.8809,0.046839,0.641411
0,40,8.53042,30.3094,-0.00717853,0.64152
0,40,8.53816,30.7394,0.164317,0.717692
0,40,8.495,31.1704,-0.221409,0.646177
0,40,8.56515,31.6166,0.770535,0.579634
0,40,8.40128,32.0754,-0.738801,0.357105
0,40,8.99983,13.9799,0.00472221,5.35927
0,40,8.99909,14.4812,0.0248673,5.38378
0,40,8.99924,14.9809,0.0377971,5.30851
0,40,9.00094,15.4816,0.0644556,5.25775
0,40,9.00159,15.978,0.0850318,5.11961
0,40,9.0032,16.4746,0.07312,4.94698
0,40,9.00447,16.9671,0.0795812,4.80636
0,40,9.0063,17.4582,0.0700717,4.58905
0,40,9.00806,17.9462,0.0826438,4.42911
0,40,9.00885,18.4303,0.0605441,4.19408
0,40,9.01101,18.9122,0.0759697,3.98233
0,40,9.01153,19.3913,0.0634963,3.80775
0,40,9.01341,19.8674,0.0436552,3.63981
0,40,9.01283,20.3424,0.0426547,3.44878
0,40,9.01416,20.8141,0.0756446,3.32066
0,40,9.01341,21.2842,0.0735448,3.13745
0,40,9.01534,21.7543,0.102238,3.00525
0,40,9.01441,22.2206,0.0820577,2.88567
0,40,9.01665,22.6867,0.0503171,2.66852
0,40,9.01665,23.1508,0.0679065,2.6005
0,40,9.01827,23.6109,0.0163792,2.39461
0,40,9.02024,24.0711,0.0607871,2.18723
0,40,9.02126,24.5256,0.0423199,2.03262
0,40,9.02413,24.9783,0.0276566,1.74626
0,40,9.02467,25.4275,0.0158616,1.57987
0,40,9.02706,25.8727,-0.0321835,1.37442
0,40,9.02708,26.3151,-0.0205181,1.17179
0,40,9.02959,26.753,-0.00540778,1.01141
0,40,9.029,27.1876,0.0590319,0.766586
0,40,9.03098,27.619,0.0788673,0.589583
0,40,9.02895,28.0497,0.106962,0.34682
0,40,9.03128,28.4815,0.039773,0.199547
0,40,9.03057,28.9171,0.0241363,0.117606
0,40,9.03324,29.3566,-0.127421,0.130267
0,40,9.03178,29.8033,-0.13704,0.22698
0,40,9.02562,30.2541,-0.283172,0.344478
0,40,9.02138,30.7158,-0.148843,0.51752
0,40,8.99273,31.1693,-0.291613,0.596331
0,40,9.01093,31.6336,0.632299,0.731812
0,40,8.89497,32.0846,-0.418821,0.383331
0,40,9.5033,13.983,0.0117483,5.38744
0,40,9.49616,14.4833,0.0160978,5.39357
0,40,9.50169,14.9855,0.0291292,5.35142
0,40,9.49871,15.4851,0.05648,5.29851
0,40,9.50302,15.983,0.0606436,5.16377
0,40,9.50138,16.4796,0.0607605,5.01672
0,40,9.50519,16.9739,0.0622829,4.90019
0,40,9.50493,17.4666,0.0981123,4.71553
0,40,9.50929,17.9559,0.0855976,4.54943
0,40,9.50928,18.4424,0.099968,4.35981
0,40,9.51291,18.928,0.098082,4.20196
0,40,9.51388,19.4098,0.146103,4.0267
0,40,9.51652,19.89,0.100608,3.87884
0,40,9.51769,20.3683,0.134498,3.78148
0,40,9.51827,20.8446,0.113269,3.67961
0,40,9.51886,21.3205,0.148409,3.5887
0,40,9.5183,21.7943,0.154343,3.50807
0,40,9.51886,22.2668,0.17995,3.41083
0,40,9.51822,22.7386,0.193618,3.32954
0,40,9.51956,23.2092,0.227194,3.26174
0,40,9.51932,23.6795,0.230646,3.15529
0,40,9.52159,24.1487,0.252856,3.02868
0,40,9.52177,24.6161,0.250101,2.87735
0,40,9.52427,25.0814,0.21725,2.69701
0,40,9.52527,25.5442,0.196693,2.56797
0,40,9.52777,26.0048,0.114863,2.45801
0,40,9.53083,26.4645,0.110182,2.42602
0,40,9.53386,26.9231,0.0594013,2.41534
0,40,9.53823,27.3826,0.0948696,2.40931
0,40,9.53807,27.8399,0.0556859,2.39248
0,40,9.53942,28.2954,0.0797816,2.25294
0,40,9.53373,28.7469,-0.000154158,2.10141
0,40,9.53341,29.1943,-0.0279621,1.8423
0,40,9.52509,29.6371,-0.118965,1.54562
0,40,9.52124,30.0754,-0.209328,1.20323
0,40,9.51404,30.5044,-0.234902,0.860573
0,40,9.50701,30.9301,-0.152171,0.58142
0,40,9.49942,31.3388,-0.27769,0.236878
0,40,9.51523,31.7522,0.753362,0.305523
0,40,9.44457,32.1336,-0.40553,0.206291
1,40,10,1.5,0,0
1,40,10.5,1.5,0,0
1,40,1.5,1.5,0,0
1,40,2,1.5,0,0
1,40,10,2,0,0
1,40,10.5,2,0,0
1,40,1.5,2,0,0
1,40,2,2,0,0
1,40,10,2.5,0,0
1,40,10.5,2.5,0,0
1,40,1.5,2.5,0,0
1,40,2,2.5,0,0
1,40,10,3,0,0
1,40,10.5,3,0,0
1,40,1.5,3,0,0
1,40,2,3,0,0
1,40,10,3.5,0,0
1,40,10.5,3.5,0,0
1,40,1.5,3.5,0,0
1,40,2,3.5,0,0
1,40,10,4,0,0
1,40,10.5,4,0,0
1,40,1.5,4,0,0
1,40,2,4,0,0
1,40,10,4.5,0,0
1,40,10.5,4.5,0,0
1,40,1.5,4.5,0,0
1,40,2,4.5,0,0
1,40,10,5,0,0
1,40,10.5,5,0,0
1,40,1.5,5,0,0
1,40,2,5,0,0
1,40,10,5.5,0,0
1,40,10.5,5.5,0,0
1,40,1.5,5.5,0,0
1,40,2,5.5,0,0
1,40,10,6,0,0
1,40,10.5,6,0,0
1,40,1.5,6,0,0
1,40,2,6,0,0
1,40,10,6.5,0,0
1,40,10.5,6.5,0,0
1,40,1.5,6.5,0,0
1,40,2,6.5,0,0
1,40,10,7,0,0
1,40,10.5,7,0,0
1,40,1.5,7,0,0
1,40,2,7,0,0
1,40,10,7.5,0,0
1,40,10.5,7.5,0,0
1,40,1.5,7.5,0,0
1,40,2,7.5,0,0
1,40,10,8,0,0
1,40,10.5,8,0,0
1,40,1.5,8,0,0
1,40,2,8,0,0
1,40,10,8.5,0,0
1,40,10.5,8.5,0,0
1,40,1.5,8.5,0,0
1,40,2,8.5,0,0
1,40,10,9,0,0
1,40,10.5,9,0,0
1,40,1.5,9,0,0
1,40,2,9,0,0
1,40,10,9.5,0,0
1,40,10.5,9.5,0,0
1,40,1.5,9.5,0,0
1,40,2,9.5,0,0
1,40,10,10,0,0
1,40,10.5,10,0,0
1,40,1.5,10,0,0
1,40,2,10,0,0
1,40,10,10.5,0,0
1,40,10.5,10.5,0,0
1,40,1.5,10.5,0,0
1,40,2,10.5,0,0
1,40,10,11,0,0
1,40,10.5,11,0,0
1,40,1.5,11,0,0
1,40,2,11,0,0
1,40,10,11.5,0,0
1,40,10.5,11.5,0,0
1,40,1.5,11.5,0,0
1,40,2,11.5,0,0
1,40,10,12,0,0
1,40,10.5,12,0,0
1,40,1.5,12,0,0
1,40,2,12,0,0
1,40,10,12.5,0,0
1,40,10.5,12.5,0,0
1,40,1.5,12.5,0,0
1,40,2,12.5,0,0
1,40,10,13,0,0
1,40,10.5,13,0,0
1,40,1.5,13,0,0
1,40,2,13,0,0
1,40,10,13.5,0,0
1,40,10.5,13.5,0,0
1,40,1.5,13.5,0,0
1,40,2,13.5,0,0
1,40,10,14,0,0
1,40,10.5,14,0,0
1,40,1.5,14,0,0
1,40,2,14,0,0
1,40,10,14.5,0,0
1,40,10.5,14.5,0,0
1,40,1.5,14.5,0,0
1,40,2,14.5,0,0
1,40,10,15,0,0
1,40,10.5,15,0,0
1,40,1.5,15,0,0
1,40,2,15,0,0
1,40,10,15.5,0,0
1,40,10.5,15.5,0,0
1,40,1.5,15.5,0,0
1,40,2,15.5,0,0
1,40,10,16,0,0
1,40,10.5,16,0,0
1,40,1.5,16,0,0
1,40,2,16,0,0
1,40,10,16.5,0,0
1,40,10.5,16.5,0,0
1,40,1.5,16.5,0,0
1,40,2,16.5,0,0
1,40,10,17,0,0
1,40,10.5,17,0,0
1,40,1.5,17,0,0
1,40,2,17,0,0
1,40,10,17.5,0,0
1,40,10.5,17.5,0,0
1,40,1.5,17.5,0,0
1,40,2,17.5,0,0
1,40,10,18,0,0
1,40,10.5,18,0,0
1,40,1.5,18,0,0
1,40,2,18,0,0
1,40,10,18.5,0,0
1,40,10.5,18.5,0,0
1,40,1.5,18.5,0,0
1,40,2,18.5,0,0
1,40,10,19,0,0
1,40,10.5,19,0,0
1,40,1.5,19,0,0
1,40,2,19,0,0
1,40,10,19.5,0,0
1,40,10.5,19.5,0,0
1,40,1.5,19.5,0,0
1,40,2,19.5,0,0
1,40,10,20,0,0
1,40,10.5,20,0,0
1,40,1.5,20,0,0
1,40,2,20,0,0
1,40,10,20.5,0,0
1,40,10.5,20.5,0,0
1,40,1.5,20.5,0,0
1,40,2,20.5,0,0
1,40,10,21,0,0
1,40,10.5,21,0,0
1,40,1.5,21,0,0
1,40,2,21,0,0
1,40,10,21.5,0,0
1,40,10.5,21.5,0,0
1,40,1.5,21.5,0,0
1,40,2,21.5,0,0
1,40,10,22,0,0
1,40,10.5,22,0,0
1,40,1.5,22,0,0
1,40,2,22,0,0
1,40,10,22.5,0,0
1,40,10.5,22.5,0,0
1,40,1.5,22.5,0,0
1,40,2,22.5,0,0
1,40,10,23,0,0
1,40,10.5,23,0,0
1,40,1.5,23,0,0
1,40,2,23,0,0
1,40,10,23.5,0,0
1,40,10.5,23.5,0,0
1,40,1.5,23.5,0,0
1,40,2,23.5,0,0
1,40,10,24,0,0
1,40,10.5,24,0,0
1,40,1.5,24,0,0
1,40,2,24,0,0
1,40,10,24.5,0,0
1,40,10.5,24.5,0,0
1,40,1.5,24.5,0,0
1,40,2,24.5,0,0
1,40,10,25,0,0
1,40,10.5,25,0,0
1,40,1.5,25,0,0
1,40,2,25,0,0
1,40,10,25.5,0,0
1,40,10.5,25.5,0,0
1,40,1.5,25.5,0,0
1,40,2,25.5,0,0
1,40,10,26,0,0
1,40,10.5,26,0,0
1,40,1.5,26,0,0
1,40,2,26,0,0
1,40,10,26.5,0,0
1,40,10.5,26.5,0,0
1,40,1.5,26.5,0,0
1,40,2,26.5,0,0
1,40,10,27,0,0
1,40,10.5,27,0,0
1,40,1.5,27,0,0
1,40,2,27,0,0
1,40,10,27.5,0,0
1,40,10.5,27.5,0,0
1,40,1.5,27.5,0,0
1,40,2,27.5,0,0
1,40,10,28,0,0
1,40,10.5,28,0,0
1,40,1.5,28,0,0
1,40,2,28,0,0
1,40,10,28.5,0,0
1,40,10.5,28.5,0,0
1,40,1.5,28.5,0,0
1,40,2,28.5,0,0
1,40,10,29,0,0
1,40,10.5,29,0,0
1,40,1.5,29,0,0
1,40,2,29,0,0
1,40,10,29.5,0,0
1,40,10.5,29.5,0,0
1,40,1.5,29.5,0,0
1,40,2,29.5,0,0
1,40,10,30,0,0
1,40,10.5,30,0,0
1,40,1.5,30,0,0
1,40,2,30,0,0
1,40,10,30.5,0,0
1,40,10.5,30.5,0,0
1,40,1.5,30.5,0,0
1,40,2,30.5,0,0
1,40,10,31,0,0
1,40,10.5,31,0,0
1,40,1.5,31,0,0
1,40,2,31,0,0
1,40,10,31.5,0,0
1,40,10.5,31.5,0,0
1,40,1.5,31.5,0,0
1,40,2,31.5,0,0
1,40,10,32,0,0
1,40,10.5,32,0,0
1,40,1.5,32,0,0
1,40,2,32,0,0
1,40,10,32.5,0,0
1,40,10.5,32.5,0,0
1,40,1.5,32.5,0,0
1,40,2,32.5,0,0
1,40,10,33,0,0
1,40,10.5,33,0,0
1,40,1.5,33,0,0
1,40,2,33,0,0
1,40,2.5,1.5,0,0
1,40,2.5,2,0,0
1,40,2.5,32.5,0,0
1,40,2.5,33,0,0
1,40,3,1.5,0,0
1,40,3,2,0,0
1,40,3,32.5,0,0
1,40,3,33,0,0
1,40,3.5,1.5,0,0
1,40,3.5,2,0,0
1,40,3.5,32.5,0,0
1,40,3.5,33,0,0
1,40,4,1.5,0,0
1,40,4,2,0,0
1,40,4,32.5,0,0
1,40,4,33,0,0
1,40,4.5,1.5,0,0
1,40,4.5,2,0,0
1,40,4.5,32.5,0,0
1,40,4.5,33,0,0
1,40,5,1.5,0,0
1,40,5,2,0,0
1,40,5,32.5,0,0
1,40,5,33,0,0
1,40,5.5,1.5,0,0
1,40,5.5,2,0,0
1,40,5.5,32.5,0,0
1,40,5.5,33,0,0
1,40,6,1.5,0,0
1,40,6,2,0,0
1,40,6,32.5,0,0
1,40,6,33,0,0
1,40,6.5,1.5,0,0
1,40,6.5,2,0,0
1,40,6.5,32.5,0,0
1,40,6.5,33,0,0
1,40,7,1.5,0,0
1,40,7,2,0,0
1,40,7,32.5,0,0
1,40,7,33,0,0
1,40,7.5,1.5,0,0
1,40,7.5,2,0,0
1,40,7.5,32.5,0,0
1,40,7.5,33,0,0
1,40,8,1.5,0,0
1,40,8,2,0,0
1,40,8,32.5,0,0
1,40,8,33,0,0
1,40,8.5,1.5,0,0
1,40,8.5,2,0,0
1,40,8.5,32.5,0,0
1,40,8.5,33,0,0
1,40,9,1.5,0,0
1,40,9,2,0,0
1,40,9,32.5,0,0
1,40,9,33,0,0
1,40,9.5,1.5,0,0
1,40,9.5,2,0,0
1,40,9.5,32.5,0,0
1,40,9.5,33,0,0
