916 2 0.5 203000 0 2 0 1e-05 0 9.81 45 45
0,40,2.34097,15.5467,-0.0601565,-1.44059
0,40,2.48273,16.1519,-0.814973,-2.39995
0,40,2.43312,16.7467,-0.256244,-1.61841
0,40,2.55229,17.23,0.112526,-1.72139
0,40,2.45921,17.7058,-0.941417,-2.24727
0,40,2.52502,18.195,0.941296,-1.69425
0,40,2.54112,18.6377,-0.574674,-2.26341
0,40,2.45899,19.1471,0.258751,-1.076
0,40,2.55135,19.5828,-0.486547,-2.42117
0,40,2.43843,20.0704,0.0222023,-2.14185
0,40,2.46165,20.5574,0.314469,-1.93136
0,40,2.43282,21.0306,-0.0329269,-1.81073
0,40,2.47927,21.5351,1.42265,-1.86977
0,40,2.7664,21.7181,1.37856,-2.44238
0,40,2.4043,22.1751,0.877447,-2.30088
0,40,2.63226,22.5017,-0.306114,-3.35138
0,40,2.40605,22.9115,1.28811,-2.11369
0,40,2.46972,23.4166,0.514133,-0.920948
0,40,2.48441,23.8379,-0.347226,-2.51795
0,40,2.50711,24.2678,0.385167,-1.18325
0,40,2.40314,24.7257,-0.566875,-2.33385
0,40,2.37334,25.3005,-1.99109,-0.817505
0,40,2.71343,25.5589,0.346937,-1.83837
0,40,2.39539,25.9365,-0.76386,-2.7069
0,40,2.38053,26.5322,0.388559,-1.827
0,40,2.39732,27.1794,-1.06743,0.315625
0,40,2.47154,27.6027,0.445871,-1.08132
0,40,2.93838,27.5425,-0.530624,-0.38803
0,40,2.45437,28.1424,-0.458529,0.234804
0,40,2.39411,29.0345,2.4307,-0.744142
0,40,2.95671,28.718,0.887403,-2.15062
0,40,2.74887,29.2012,0.859757,0.654259
0,40,2.85551,29.6544,-0.0676161,-1.27909
0,40,2.38778,29.6149,-0.0928911,0.861522
0,40,2.40775,30.1788,0.688823,-0.702956
0,40,2.35597,30.7542,-1.65579,-0.0899324
0,40,2.3778,31.443,0.187722,1.26897
0,40,2.66504,31.7257,1.68545,-0.936601
0,40,2.37072,32.1509,1.18978,0.162862
0,40,1.694,36.1973,-2.73069,20.1356
0,40,2.91109,14.7242,0.510134,-4.13026
0,40,2.36036,14.7017,3.42864,-3.87339
0,40,2.68766,15.1069,-2.46694,-3.94365
0,40,3.01766,15.3824,-0.608182,-5.05459
0,40,2.87489,15.8942,-0.106284,-4.75296
0,40,2.81433,16.3894,-0.157602,-4.7964
0,40,2.99298,17.0022,-0.111052,-4.03038
0,40,2.99537,17.4547,0.561588,-4.32621
0,40,2.94546,17.9912,-0.306262,-4.2401
0,40,3.11078,18.4343,0.67092,-4.19865
0,40,2.90019,18.9158,0.452204,-4.48252
0,40,3.02011,19.4709,-0.378949,-4.11318
0,40,2.90353,20.0151,0.487443,-3.36529
0,40,2.98574,20.4553,-0.734824,-3.34946
0,40,2.88896,20.9508,-0.0595133,-3.24141
0,40,3.13804,21.2747,0.551626,-3.93637
0,40,3.06598,21.9661,1.77141,-2.20836
0,40,3.13099,22.4299,1.24451,-2.03462
0,40,2.95633,22.8894,-0.288361,-2.97537
0,40,2.88874,23.3384,-0.0732522,-2.69889
0,40,2.99794,23.8504,0.366118,-2.54893
0,40,2.97595,24.3077,-0.0395689,-2.94485
0,40,2.85524,24.8133,-0.545699,-3.00182
0,40,2.95177,25.1731,-1.47799,-1.25491
0,40,3.14596,25.8251,0.544313,-1.62698
0,40,2.79097,26.1626,0.509607,-1.35989
0,40,2.77242,26.6773,-1.55252,-1.68554
0,40,2.89897,27.1051,0.142761,-1.65808
0,40,3.3859,27.273,0.381829,-1.82078
0,40,2.84065,28.0707,-0.998573,-1.32748
0,40,2.49669,28.5841,-0.855927,0.26132
0,40,3.1907,28.2585,-1.25658,-2.03181
0,40,3.21664,29.1314,0.807954,-1.25293
0,40,3.30602,29.9959,-0.747266,-0.826983
0,40,2.80041,30.0952,-0.356049,-0.461619
0,40,2.77294,30.6445,0.753049,1.25534
0,40,2.70582,31.124,-0.183901,-2.33496
0,40,3.17332,31.6718,-0.434036,-0.89262
0,40,2.88118,32.0865,2.03321,0.355278
0,40,3.38273,32.1157,2.05715,-2.07647
0,40,3.33331,14.6644,-1.60591,-3.73791
0,40,3.44252,15.181,0.899343,-3.13534
0,40,3.32983,15.7705,-1.20791,-3.52596
0,40,3.39097,16.3309,0.0801268,-4.09622
0,40,3.32788,16.6874,-0.469476,-3.88701
0,40,3.57855,17.2007,0.114375,-5.02568
0,40,3.40673,17.6808,-0.397855,-4.10342
0,40,3.53447,18.1124,0.027654,-3.85129
0,40,3.55797,18.6187,0.130512,-4.49245
0,40,3.34446,19.0302,-1.0478,-3.8903
0,40,3.60546,19.4149,0.50176,-4.10047
0,40,3.33951,19.8256,-0.0802209,-4.12166
0,40,3.57319,20.1858,-0.164097,-4.44041
0,40,3.3698,20.6437,0.010609,-4.55461
0,40,3.58659,21.0649,0.223543,-3.80861
0,40,3.46892,21.5855,0.686822,-3.73019
0,40,3.54289,22.0421,0.598686,-3.0434
0,40,3.51867,22.632,0.779133,-2.32702
0,40,3.36582,23.1553,-0.881729,-2.36519
0,40,3.40695,23.5804,0.880957,-3.00096
0,40,3.46715,24.0634,-0.649862,-1.89228
0,40,3.3466,24.5396,0.686568,-1.50888
0,40,3.4706,24.9352,-0.866607,-3.56993
0,40,3.37379,25.4875,-0.766408,-2.2575
0,40,3.21697,26.348,-0.232547,-0.959883
0,40,3.63996,26.2807,-0.306577,-0.781881
0,40,3.32466,26.7853,-0.133305,-0.46416
0,40,3.76759,26.8948,1.64309,-2.19593
0,40,3.78712,27.4787,0.145246,-1.46307
0,40,3.36161,27.7785,0.363495,-1.79007
0,40,3.67698,28.071,0.0985231,-2.74734
0,40,3.42556,28.6705,0.309534,-1.61195
0,40,3.36471,29.588,1.05687,-0.285589
0,40,3.77795,29.8498,-0.032752,0.605398
0,40,3.16699,30.4793,-1.21965,-1.74669
0,40,3.69149,30.3279,-0.741752,-0.680916
0,40,3.045,31.2229,-0.0461739,-0.665262
0,40,3.41049,30.7896,0.767981,-0.642216
0,40,3.50333,31.1989,-0.017863,0.145061
0,40,3.63286,31.7796,-0.726873,-1.18263
0,40,4.00341,14.47,0.467427,-3.61999
0,40,3.82288,14.9884,0.0390388,-3.99064
0,40,3.98392,15.4489,-0.135533,-3.8489
0,40,3.75767,15.9116,-0.210397,-3.25258
0,40,4.07343,16.2067,-0.355764,-4.654
0,40,3.91985,16.6732,-0.364648,-4.04838
0,40,3.94498,17.18,-0.127907,-3.70141
0,40,3.95291,17.7458,-0.633256,-3.47982
0,40,4.03554,18.2378,0.437602,-3.71201
0,40,3.99708,18.7276,-0.385494,-3.42929
0,40,4.00033,19.2289,0.0528694,-4.42061
0,40,3.98397,19.734,-0.00962278,-4.0368
0,40,4.07507,20.1722,0.41864,-4.1474
0,40,3.91288,20.6072,-0.387628,-4.08063
0,40,4.09827,21.0044,0.750196,-4.70525
0,40,3.97051,21.4532,0.479727,-4.1115
0,40,4.06909,21.8571,0.329922,-4.54076
0,40,3.9426,22.3051,0.398819,-3.97224
0,40,3.85924,22.8593,-0.482695,-2.61675
0,40,3.86604,23.3584,-0.651495,-1.71079
0,40,3.96427,23.7937,-0.226526,-2.54069
0,40,3.90609,24.2171,0.657779,-2.79174
0,40,3.93888,24.6249,0.167355,-1.33291
0,40,3.76075,25.1836,0.0495776,-1.01341
0,40,3.71291,25.813,0.471118,-1.35167
0,40,4.11509,25.774,-1.29991,-2.94915
0,40,4.04252,26.4027,0.0416232,-2.72228
0,40,4.15714,26.9071,0.847496,-2.02958
0,40,4.23347,27.3518,0.952907,-1.20034
0,40,4.11065,27.8473,1.38342,-1.72275
0,40,4.17319,28.2829,-1.14127,-2.23392
0,40,3.79928,28.5908,-0.447201,-2.16417
0,40,3.66628,29.1946,0.296512,-0.425359
0,40,4.10629,29.4878,-0.286761,-1.07254
0,40,4.21378,29.9741,0.00768556,-0.289275
0,40,4.52024,30.2299,0.430193,-0.429981
0,40,4.0486,30.5123,-0.155507,-0.350457
0,40,3.92878,30.9288,-1.05853,-0.530418
0,40,3.87621,31.4657,1.47793,-0.953256
0,40,3.99589,32.1893,-0.510876,0.543558
0,40,4.39691,14.7857,-1.25038,-2.61383
0,40,4.44019,15.1861,-0.560384,-3.87301
0,40,4.36196,15.7065,-0.38627,-3.09868
0,40,4.58344,16.187,0.472194,-3.50107
0,40,4.373,16.6757,-0.449699,-4.26357
0,40,4.61011,17.1446,-0.150749,-4.51385
0,40,4.36282,17.515,-0.907207,-4.31154
0,40,4.46449,18.0043,-0.342971,-4.74641
0,40,4.52829,18.4966,-0.435585,-4.1104
0,40,4.45065,18.9475,0.88615,-4.14952
0,40,4.49413,19.422,-0.701218,-3.88691
0,40,4.54669,19.8467,0.470119,-2.90412
0,40,4.50922,20.3479,0.0911582,-3.48175
0,40,4.54722,20.7776,0.450773,-3.20847
0,40,4.54341,21.2537,0.651261,-3.24114
0,40,4.54089,21.7067,-0.0248703,-3.08231
0,40,4.55746,22.1957,0.855716,-2.55361
0,40,4.32981,22.5582,-0.971195,-3.7509
0,40,4.28661,23.1068,-0.910864,-2.71635
0,40,4.43585,23.5555,0.475795,-2.88413
0,40,4.4979,23.9808,-0.0546608,-3.31466
0,40,4.40644,24.4165,-0.0802734,-2.83489
0,40,4.34946,24.9037,0.176522,-2.25708
0,40,4.77513,25.1774,0.364094,-2.26625
0,40,4.19682,25.2955,1.01855,-2.07354
0,40,4.57309,25.6579,0.780649,-1.53184
0,40,4.40718,26.1974,0.460483,-2.25103
0,40,4.62501,26.5684,0.31751,-2.00692
0,40,4.70255,26.9754,1.28905,-2.31393
0,40,4.66934,27.4584,1.02717,-2.95512
0,40,4.58977,27.9162,0.264471,-1.3751
0,40,4.33188,28.7376,-0.387947,-0.980186
0,40,4.05433,29.0782,-0.589725,-1.75023
0,40,4.6235,29.3686,-1.60592,-0.900837
0,40,4.68837,29.6949,-0.125119,-1.15835
0,40,4.88686,30.527,0.241894,-0.220065
0,40,4.42056,30.7785,0.165744,-0.777147
0,40,4.30881,31.2912,0.438829,-0.576842
0,40,4.23455,31.7953,-1.51777,-0.520117
0,40,4.66053,32.1807,-1.00082,-1.01682
0,40,4.97823,14.4309,-0.0354077,-4.76215
0,40,4.97516,14.8274,-0.0556516,-4.93569
0,40,4.99224,15.3616,-0.339352,-4.4051
0,40,4.92184,15.7619,-0.846877,-4.69545
0,40,5.02124,16.3271,-0.796912,-4.39647
0,40,4.90864,16.7661,-0.258664,-3.54139
0,40,5.0219,17.3361,0.104997,-3.78593
0,40,4.94599,17.7873,-0.891158,-3.90358
0,40,4.99023,18.2111,-0.235237,-3.58999
0,40,4.99705,18.7246,-0.337542,-3.86879
0,40,4.96975,19.1672,-0.219075,-3.46303
0,40,5.03611,19.633,-0.0299061,-4.10447
0,40,4.99829,20.1297,0.911773,-3.67316
0,40,5.04463,20.5707,-0.392033,-3.77869
0,40,5.03592,21.064,0.470041,-3.4205
0,40,5.01528,21.5394,0.347267,-2.96704
0,40,5.0334,22.0035,0.355249,-3.29087
0,40,4.96757,22.4908,0.0818955,-2.38943
0,40,4.69366,22.9151,-1.5046,-3.54399
0,40,4.90822,23.4041,-0.240192,-3.35252
0,40,5.01075,23.8351,0.610973,-2.84414
0,40,4.97463,24.2724,-0.248737,-2.83719
0,40,4.84878,24.6888,-0.396778,-2.43399
0,40,5.20107,25.0804,0.523945,-2.22985
0,40,5.03055,25.6284,0.0392416,-2.48172
0,40,4.91115,26.0857,0.289143,-1.59022
0,40,5.1249,26.515,0.327084,-1.74467
0,40,5.1313,27.0643,1.09472,-1.47554
0,40,5.0608,27.6629,0.932739,-0.490029
0,40,5.13716,28.1019,-0.835099,-1.16438
0,40,4.67664,28.3893,-0.885348,-0.591913
0,40,4.72414,28.9314,-0.04875,-1.23793
0,40,5.12341,29.0843,-0.763016,-0.630596
0,40,5.19918,29.6407,0.192743,-0.53338
0,40,4.98717,30.0879,-0.398084,-1.24401
0,40,5.12341,30.935,-0.349136,0.514734
0,40,4.74593,31.1128,-0.402198,0.668254
0,40,5.04575,31.4778,0.0674785,-0.20195
0,40,4.65319,31.7018,0.294719,1.04626
0,40,5.50351,32.085,-0.902727,-0.354198
0,40,5.4899,14.7308,-0.322614,-3.04997
0,40,5.48319,15.2519,-0.0457294,-3.43888
0,40,5.46066,15.7361,-0.445028,-3.03094
0,40,5.55114,16.1799,0.444245,-4.08238
0,40,5.46694,16.6564,-0.533499,-4.61712
0,40,5.50908,17.0925,-0.225146,-3.79906
0,40,5.48536,17.5737,-0.321447,-3.78828
0,40,5.49972,18.0531,-0.0892178,-3.71953
0,40,5.46012,18.5169,-0.148159,-4.41265
0,40,5.52956,18.973,-0.291521,-3.98989
0,40,5.49418,19.4166,0.464981,-4.30389
0,40,5.47773,19.9071,-0.825538,-3.58083
0,40,5.53595,20.3692,0.29935,-3.55667
0,40,5.46835,20.8665,0.163951,-3.24324
0,40,5.50494,21.3497,0.518392,-3.3349
0,40,5.51684,21.8041,-0.0871671,-3.3119
0,40,5.45069,22.293,0.0739812,-3.02355
0,40,5.57233,22.6785,0.186018,-3.62898
0,40,5.13948,22.9812,-0.823785,-2.92147
0,40,5.5327,23.2163,-0.505308,-3.36627
0,40,5.47253,23.6314,0.29871,-3.70756
0,40,5.51371,24.0927,-0.463858,-2.80214
0,40,5.40118,24.5214,-0.841958,-2.3992
0,40,5.6098,24.9171,0.401234,-3.36209
0,40,5.54889,25.4743,0.433585,-3.06962
0,40,5.41336,25.9074,-0.125364,-2.70745
0,40,5.52768,26.3362,-0.170101,-3.49106
0,40,5.53403,26.8391,0.90656,-2.76843
0,40,5.45796,27.3547,0.187095,-2.36087
0,40,5.55345,27.8119,0.386411,-1.62177
0,40,5.56911,28.3346,0.0903239,-1.24312
0,40,5.11913,28.5388,-0.450705,-1.73322
0,40,5.51554,28.8538,-0.737475,-1.62245
0,40,5.51152,29.3333,-0.366185,-1.74792
0,40,5.57943,29.8778,0.109943,-0.433958
0,40,5.43944,30.2891,0.983138,0.0702297
0,40,5.48213,30.6856,-0.601178,0.460555
0,40,5.56847,31.2192,0.436024,-0.361579
0,40,5.11184,31.9757,-0.288935,0.177334
0,40,5.50578,31.5798,-0.931798,0.361688
0,40,6,14.4248,-1.12378e-10,-5.18213
0,40,6,14.8422,-3.08908e-11,-4.89137
0,40,6,15.3593,3.30283e-11,-4.50564
0,40,6,15.7991,8.63472e-10,-4.80264
0,40,6,16.3661,2.33568e-09,-3.44092
0,40,6,16.8444,-2.87044e-09,-3.27019
0,40,6,17.3361,-2.19712e-09,-4.56388
0,40,6,17.7955,-9.98544e-10,-3.63649
0,40,6,18.2477,-7.70336e-10,-3.74273
0,40,6,18.687,2.09266e-09,-3.85859
0,40,6,19.1941,-1.26666e-09,-3.66692
0,40,6,19.656,1.4555e-09,-3.57829
0,40,6,20.0828,1.35123e-09,-4.60214
0,40,6,20.5665,-2.5901e-09,-3.87812
0,40,6,20.9718,4.44257e-09,-4.39995
0,40,6,21.4016,-2.63285e-09,-4.14499
0,40,6,21.8866,3.1341e-09,-3.34371
0,40,6,22.2833,-8.66754e-10,-3.52129
0,40,6,22.8089,-1.18228e-09,-2.39649
0,40,6,23.3139,5.15139e-09,-3.25554
0,40,6,23.7492,-7.46571e-09,-1.89436
0,40,6,24.2062,4.14394e-09,-3.54837
0,40,6,24.5996,-9.30723e-10,-3.82821
0,40,6,25.1693,1.21985e-09,-3.00148
0,40,6,25.6384,1.44548e-10,-2.87609
0,40,6,26.0355,-1.93996e-09,-2.79029
0,40,6,26.4572,2.4472e-09,-3.14386
0,40,6,26.9325,-3.37406e-09,-2.976
0,40,6,27.3014,2.87113e-09,-2.98832
0,40,6,27.6987,-3.72308e-10,-1.55388
0,40,6,28.1797,2.94993e-10,-2.15434
0,40,6,28.6356,-2.44246e-09,-0.424166
0,40,6,29.0469,-1.96889e-09,-1.34857
0,40,6,29.4707,-6.4175e-10,-1.50499
0,40,6,29.9249,9.80437e-09,-0.933633
0,40,6,30.3721,-1.14092e-08,-0.115187
0,40,6,30.759,6.59025e-10,-0.57095
0,40,6,31.1467,-3.99638e-10,0.330004
0,40,6,31.7075,3.45825e-09,-0.279117
0,40,6,32.0291,-3.31237e-09,-0.222235
0,40,6.5101,14.7308,0.322614,-3.04997
0,40,6.51681,15.2519,0.0457294,-3.43888
0,40,6.53934,15.7361,0.445028,-3.03094
0,40,6.44886,16.1799,-0.444245,-4.08238
0,40,6.53306,16.6564,0.533499,-4.61712
0,40,6.49092,17.0925,0.225146,-3.79906
0,40,6.51464,17.5737,0.321447,-3.78828
0,40,6.50028,18.0531,0.0892178,-3.71953
0,40,6.53988,18.5169,0.148159,-4.41265
0,40,6.47044,18.973,0.291521,-3.98989
0,40,6.50582,19.4166,-0.464981,-4.30389
0,40,6.52227,19.9071,0.825538,-3.58083
0,40,6.46405,20.3692,-0.29935,-3.55667
0,40,6.53165,20.8665,-0.163951,-3.24324
0,40,6.49506,21.3497,-0.518392,-3.3349
0,40,6.48316,21.8041,0.0871671,-3.3119
0,40,6.54931,22.293,-0.0739812,-3.02355
0,40,6.42767,22.6785,-0.186018,-3.62898
0,40,6.86052,22.9812,0.823785,-2.92147
0,40,6.4673,23.2163,0.505308,-3.36627
0,40,6.52747,23.6314,-0.29871,-3.70756
0,40,6.48629,24.0927,0.463858,-2.80214
0,40,6.59882,24.5214,0.841958,-2.3992
0,40,6.3902,24.9171,-0.401234,-3.36209
0,40,6.45111,25.4743,-0.433585,-3.06962
0,40,6.58664,25.9074,0.125364,-2.70745
0,40,6.47232,26.3362,0.170101,-3.49106
0,40,6.46597,26.8391,-0.90656,-2.76843
0,40,6.54204,27.3547,-0.187095,-2.36087
0,40,6.44655,27.8119,-0.386411,-1.62177
0,40,6.43089,28.3346,-0.0903239,-1.24312
0,40,6.88087,28.5388,0.450705,-1.73322
0,40,6.48446,28.8538,0.737475,-1.62245
0,40,6.48848,29.3333,0.366185,-1.74792
0,40,6.42057,29.8778,-0.109943,-0.433958
0,40,6.56056,30.2891,-0.983138,0.0702298
0,40,6.51787,30.6856,0.601178,0.460555
0,40,6.43153,31.2192,-0.436024,-0.361579
0,40,6.88816,31.9757,0.288935,0.177334
0,40,6.49422,31.5798,0.931798,0.361688
0,40,7.02177,14.4309,0.0354077,-4.76215
0,40,7.02484,14.8274,0.0556516,-4.93569
0,40,7.00776,15.3616,0.339352,-4.4051
0,40,7.07816,15.7619,0.846877,-4.69545
0,40,6.97876,16.3271,0.796912,-4.39647
0,40,7.09136,16.7661,0.258664,-3.54139
0,40,6.9781,17.3361,-0.104997,-3.78593
0,40,7.05401,17.7873,0.891158,-3.90358
0,40,7.00977,18.2111,0.235237,-3.58999
0,40,7.00295,18.7246,0.337542,-3.86879
0,40,7.03025,19.1672,0.219075,-3.46303
0,40,6.96389,19.633,0.0299061,-4.10447
0,40,7.00171,20.1297,-0.911773,-3.67316
0,40,6.95537,20.5707,0.392033,-3.77869
0,40,6.96408,21.064,-0.470041,-3.4205
0,40,6.98472,21.5394,-0.347267,-2.96704
0,40,6.9666,22.0035,-0.355249,-3.29087
0,40,7.03243,22.4908,-0.0818955,-2.38943
0,40,7.30634,22.9151,1.5046,-3.54399
0,40,7.09178,23.4041,0.240192,-3.35252
0,40,6.98925,23.8351,-0.610973,-2.84414
0,40,7.02537,24.2724,0.248737,-2.83719
0,40,7.15122,24.6888,0.396778,-2.43399
0,40,6.79893,25.0804,-0.523945,-2.22985
0,40,6.96945,25.6284,-0.0392416,-2.48172
0,40,7.08885,26.0857,-0.289143,-1.59022
0,40,6.8751,26.515,-0.327084,-1.74467
0,40,6.8687,27.0643,-1.09472,-1.47554
0,40,6.9392,27.6629,-0.932739,-0.490029
0,40,6.86284,28.1019,0.835099,-1.16438
0,40,7.32336,28.3893,0.885348,-0.591913
0,40,7.27586,28.9314,0.04875,-1.23793
0,40,6.87659,29.0843,0.763016,-0.630596
0,40,6.80082,29.6407,-0.192743,-0.53338
0,40,7.01283,30.0879,0.398084,-1.24401
0,40,6.87659,30.935,0.349136,0.514735
0,40,7.25407,31.1128,0.402198,0.668254
0,40,6.95425,31.4778,-0.0674785,-0.20195
0,40,7.34681,31.7018,-0.294719,1.04626
0,40,6.49649,32.085,0.902727,-0.354198
0,40,7.60309,14.7857,1.25038,-2.61383
0,40,7.55981,15.1861,0.560384,-3.87301
0,40,7.63804,15.7065,0.38627,-3.09868
0,40,7.41656,16.187,-0.472194,-3.50107
0,40,7.627,16.6757,0.449699,-4.26357
0,40,7.38989,17.1446,0.150749,-4.51385
0,40,7.63718,17.515,0.907207,-4.31154
0,40,7.53551,18.0043,0.342971,-4.74641
0,40,7.47171,18.4966,0.435585,-4.1104
0,40,7.54935,18.9475,-0.88615,-4.14952
0,40,7.50587,19.422,0.701218,-3.88691
0,40,7.45331,19.8467,-0.470119,-2.90412
0,40,7.49078,20.3479,-0.0911582,-3.48175
0,40,7.45278,20.7776,-0.450773,-3.20847
0,40,7.45659,21.2537,-0.651261,-3.24114
0,40,7.45911,21.7067,0.0248703,-3.08231
0,40,7.44254,22.1957,-0.855716,-2.55361
0,40,7.67019,22.5582,0.971195,-3.7509
0,40,7.71339,23.1068,0.910864,-2.71635
0,40,7.56415,23.5555,-0.475795,-2.88413
0,40,7.5021,23.9808,0.0546608,-3.31466
0,40,7.59356,24.4165,0.0802734,-2.83489
0,40,7.65054,24.9037,-0.176522,-2.25708
0,40,7.22487,25.1774,-0.364094,-2.26625
0,40,7.80318,25.2955,-1.01855,-2.07354
0,40,7.42691,25.6579,-0.780649,-1.53184
0,40,7.59282,26.1974,-0.460483,-2.25103
0,40,7.37499,26.5684,-0.31751,-2.00692
0,40,7.29745,26.9754,-1.28905,-2.31393
0,40,7.33066,27.4584,-1.02717,-2.95512
0,40,7.41023,27.9162,-0.264471,-1.3751
0,40,7.66812,28.7376,0.387947,-0.980186
0,40,7.94567,29.0782,0.589725,-1.75023
0,40,7.3765,29.3686,1.60592,-0.900837
0,40,7.31163,29.6949,0.125119,-1.15835
0,40,7.11314,30.527,-0.241894,-0.220065
0,40,7.57944,30.7785,-0.165744,-0.777147
0,40,7.69119,31.2912,-0.438829,-0.576842
0,40,7.76545,31.7953,1.51777,-0.520117
0,40,7.33947,32.1807,1.00082,-1.01682
0,40,7.99659,14.47,-0.467427,-3.61999
0,40,8.17712,14.9884,-0.0390388,-3.99064
0,40,8.01608,15.4489,0.135533,-3.8489
0,40,8.24233,15.9116,0.210397,-3.25258
0,40,7.92657,16.2067,0.355764,-4.654
0,40,8.08015,16.6732,0.364648,-4.04838
0,40,8.05502,17.18,0.127907,-3.70141
0,40,8.04709,17.7458,0.633256,-3.47982
0,40,7.96446,18.2378,-0.437602,-3.71201
0,40,8.00292,18.7276,0.385494,-3.42929
0,40,7.99967,19.2289,-0.0528694,-4.42061
0,40,8.01603,19.734,0.00962278,-4.0368
0,40,7.92493,20.1722,-0.41864,-4.1474
0,40,8.08712,20.6072,0.387628,-4.08063
0,40,7.90173,21.0044,-0.750196,-4.70525
0,40,8.02949,21.4532,-0.479727,-4.1115
0,40,7.93091,21.8571,-0.329922,-4.54076
0,40,8.0574,22.3051,-0.398819,-3.97224
0,40,8.14076,22.8593,0.482695,-2.61675
0,40,8.13396,23.3584,0.651495,-1.71079
0,40,8.03573,23.7937,0.226526,-2.54069
0,40,8.09391,24.2171,-0.657779,-2.79174
0,40,8.06112,24.6249,-0.167355,-1.33291
0,40,8.23925,25.1836,-0.0495776,-1.01341
0,40,8.28709,25.813,-0.471118,-1.35167
0,40,7.88491,25.774,1.29991,-2.94915
0,40,7.95748,26.4027,-0.0416232,-2.72228
0,40,7.84286,26.9071,-0.847496,-2.02958
0,40,7.76653,27.3518,-0.952907,-1.20034
0,40,7.88935,27.8473,-1.38342,-1.72275
0,40,7.82681,28.2829,1.14127,-2.23392
0,40,8.20072,28.5908,0.447201,-2.16417
0,40,8.33372,29.1946,-0.296512,-0.425359
0,40,7.89371,29.4878,0.286761,-1.07254
0,40,7.78622,29.9741,-0.00768556,-0.289275
0,40,7.47976,30.2299,-0.430193,-0.429981
0,40,7.9514,30.5123,0.155507,-0.350457
0,40,8.07122,30.9288,1.05853,-0.530418
0,40,8.12379,31.4657,-1.47793,-0.953256
0,40,8.00411,32.1893,0.510876,0.543558
0,40,8.66669,14.6644,1.60591,-3.73791
0,40,8.55748,15.181,-0.899343,-3.13534
0,40,8.67017,15.7705,1.20791,-3.52596
0,40,8.60903,16.3309,-0.0801268,-4.09622
0,40,8.67212,16.6874,0.469476,-3.88701
0,40,8.42145,17.2007,-0.114375,-5.02568
0,40,8.59327,17.6808,0.397855,-4.10342
0,40,8.46553,18.1124,-0.027654,-3.85129
0,40,8.44203,18.6187,-0.130512,-4.49245
0,40,8.65554,19.0302,1.0478,-3.8903
0,40,8.39454,19.4149,-0.50176,-4.10047
0,40,8.66049,19.8256,0.0802209,-4.12166
0,40,8.42681,20.1858,0.164097,-4.44041
0,40,8.6302,20.6437,-0.010609,-4.55461
0,40,8.41341,21.0649,-0.223543,-3.80861
0,40,8.53108,21.5855,-0.686822,-3.73019
0,40,8.45711,22.0421,-0.598686,-3.0434
0,40,8.48133,22.632,-0.779133,-2.32702
0,40,8.63418,23.1553,0.881729,-2.36519
0,40,8.59305,23.5804,-0.880957,-3.00096
0,40,8.53285,24.0634,0.649862,-1.89228
0,40,8.6534,24.5396,-0.686568,-1.50888
0,40,8.5294,24.9352,0.866607,-3.56993
0,40,8.62621,25.4875,0.766408,-2.2575
0,40,8.78303,26.348,0.232547,-0.959883
0,40,8.36004,26.2807,0.306577,-0.781881
0,40,8.67534,26.7853,0.133305,-0.46416
0,40,8.23241,26.8948,-1.64309,-2.19593
0,40,8.21288,27.4787,-0.145246,-1.46307
0,40,8.63839,27.7785,-0.363495,-1.79007
0,40,8.32302,28.071,-0.0985231,-2.74734
0,40,8.57444,28.6705,-0.309534,-1.61195
0,40,8.63529,29.588,-1.05687,-0.285589
0,40,8.22205,29.8498,0.032752,0.605398
0,40,8.83301,30.4793,1.21965,-1.74669
0,40,8.30851,30.3279,0.741752,-0.680916
0,40,8.955,31.2229,0.0461739,-0.665262
0,40,8.58951,30.7896,-0.767981,-0.642216
0,40,8.49667,31.1989,0.017863,0.145061
0,40,8.36714,31.7796,0.726873,-1.18263
0,40,9.08891,14.7242,-0.510134,-4.13026
0,40,9.63964,14.7017,-3.42864,-3.87339
0,40,9.31234,15.1069,2.46694,-3.94365
0,40,8.98234,15.3824,0.608182,-5.05459
0,40,9.12511,15.8942,0.106284,-4.75296
0,40,9.18567,16.3894,0.157602,-4.7964
0,40,9.00702,17.0022,0.111052,-4.03038
0,40,9.00463,17.4547,-0.561588,-4.32621
0,40,9.05454,17.9912,0.306262,-4.2401
0,40,8.88922,18.4343,-0.67092,-4.19865
0,40,9.09981,18.9158,-0.452204,-4.48252
0,40,8.97989,19.4709,0.378949,-4.11318
0,40,9.09647,20.0151,-0.487443,-3.36529
0,40,9.01426,20.4553,0.734824,-3.34946
0,40,9.11104,20.9508,0.0595133,-3.24141
0,40,8.86196,21.2747,-0.551626,-3.93637
0,40,8.93402,21.9661,-1.77141,-2.20836
0,40,8.86901,22.4299,-1.24451,-2.03462
0,40,9.04367,22.8894,0.288361,-2.97537
0,40,9.11126,23.3384,0.0732522,-2.69889
0,40,9.00206,23.8504,-0.366118,-2.54893
0,40,9.02405,24.3077,0.0395689,-2.94485
0,40,9.14476,24.8133,0.545699,-3.00182
0,40,9.04823,25.1731,1.47799,-1.25491
0,40,8.85404,25.8251,-0.544313,-1.62698
0,40,9.20903,26.1626,-0.509607,-1.35989
0,40,9.22758,26.6773,1.55252,-1.68554
0,40,9.10103,27.1051,-0.142761,-1.65808
0,40,8.6141,27.273,-0.381829,-1.82078
0,40,9.15935,28.0707,0.998573,-1.32748
0,40,9.50331,28.5841,0.855927,0.26132
0,40,8.8093,28.2585,1.25658,-2.03181
0,40,8.78336,29.1314,-0.807954,-1.25293
0,40,8.69398,29.9959,0.747266,-0.826983
0,40,9.19959,30.0952,0.356049,-0.461619
0,40,9.22706,30.6445,-0.753049,1.25534
0,40,9.29418,31.124,0.183901,-2.33496
0,40,8.82668,31.6718,0.434036,-0.89262
0,40,9.11882,32.0865,-2.03321,0.355278
0,40,8.61727,32.1157,-2.05715,-2.07647
0,40,9.65903,15.5467,0.0601565,-1.44059
0,40,9.51727,16.1519,0.814973,-2.39995
0,40,9.56688,16.7467,0.256244,-1.61841
0,40,9.44771,17.23,-0.112526,-1.72139
0,40,9.54079,17.7058,0.941417,-2.24727
0,40,9.47498,18.195,-0.941296,-1.69425
0,40,9.45888,18.6377,0.574674,-2.26341
0,40,9.54101,19.1471,-0.258751,-1.076
0,40,9.44865,19.5828,0.486547,-2.42117
0,40,9.56157,20.0704,-0.0222023,-2.14185
0,40,9.53835,20.5574,-0.314469,-1.93136
0,40,9.56718,21.0306,0.0329269,-1.81073
0,40,9.52073,21.5351,-1.42265,-1.86977
0,40,9.2336,21.7181,-1.37856,-2.44238
0,40,9.5957,22.1751,-0.877447,-2.30088
0,40,9.36774,22.5017,0.306114,-3.35138
0,40,9.59395,22.9115,-1.28811,-2.11369
0,40,9.53028,23.4166,-0.514133,-0.920948
0,40,9.51559,23.8379,0.347226,-2.51795
0,40,9.49289,24.2678,-0.385167,-1.18325
0,40,9.59686,24.7257,0.566875,-2.33385
0,40,9.62666,25.3005,1.99109,-0.817505
0,40,9.28657,25.5589,-0.346937,-1.83837
0,40,9.60461,25.9365,0.76386,-2.7069
0,40,9.61947,26.5322,-0.388559,-1.827
0,40,9.60268,27.1794,1.06743,0.315625
0,40,9.52846,27.6027,-0.445871,-1.08132
0,40,9.06162,27.5425,0.530624,-0.38803
0,40,9.54563,28.1424,0.458529,0.234804
0,40,9.60589,29.0345,-2.4307,-0.744142
0,40,9.04329,28.718,-0.887403,-2.15062
0,40,9.25113,29.2012,-0.859757,0.654259
0,40,9.14449,29.6544,0.0676161,-1.27909
0,40,9.61222,29.6149,0.0928911,0.861522
0,40,9.59225,30.1788,-0.688823,-0.702956
0,40,9.64403,30.7542,1.65579,-0.0899324
0,40,9.6222,31.443,-0.187722,1.26897
0,40,9.33496,31.7257,-1.68545,-0.936601
0,40,9.62928,32.1509,-1.18978,0.162862
0,40,10.306,36.1973,2.73069,20.1356
1,40,10,1.5,0,0
1,40,10.5,1.5,0,0
1,40,1.5,1.5,0,0
1,40,2,1.5,0,0
1,40,10,2,0,0
1,40,10.5,2,0,0
1,40,1.5,2,0,0
1,40,2,2,0,0
1,40,10,2.5,0,0
1,40,10.5,2.5,0,0
1,40,1.5,2.5,0,0
1,40,2,2.5,0,0
1,40,10,3,0,0
1,40,10.5,3,0,0
1,40,1.5,3,0,0
1,40,2,3,0,0
1,40,10,3.5,0,0
1,40,10.5,3.5,0,0
1,40,1.5,3.5,0,0
1,40,2,3.5,0,0
1,40,10,4,0,0
1,40,10.5,4,0,0
1,40,1.5,4,0,0
1,40,2,4,0,0
1,40,10,4.5,0,0
1,40,10.5,4.5,0,0
1,40,1.5,4.5,0,0
1,40,2,4.5,0,0
1,40,10,5,0,0
1,40,10.5,5,0,0
1,40,1.5,5,0,0
1,40,2,5,0,0
1,40,10,5.5,0,0
1,40,10.5,5.5,0,0
1,40,1.5,5.5,0,0
1,40,2,5.5,0,0
1,40,10,6,0,0
1,40,10.5,6,0,0
1,40,1.5,6,0,0
1,40,2,6,0,0
1,40,10,6.5,0,0
1,40,10.5,6.5,0,0
1,40,1.5,6.5,0,0
1,40,2,6.5,0,0
1,40,10,7,0,0
1,40,10.5,7,0,0
1,40,1.5,7,0,0
1,40,2,7,0,0
1,40,10,7.5,0,0
1,40,10.5,7.5,0,0
1,40,1.5,7.5,0,0
1,40,2,7.5,0,0
1,40,10,8,0,0
1,40,10.5,8,0,0
1,40,1.5,8,0,0
1,40,2,8,0,0
1,40,10,8.5,0,0
1,40,10.5,8.5,0,0
1,40,1.5,8.5,0,0
1,40,2,8.5,0,0
1,40,10,9,0,0
1,40,10.5,9,0,0
1,40,1.5,9,0,0
1,40,2,9,0,0
1,40,10,9.5,0,0
1,40,10.5,9.5,0,0
1,40,1.5,9.5,0,0
1,40,2,9.5,0,0
1,40,10,10,0,0
1,40,10.5,10,0,0
1,40,1.5,10,0,0
1,40,2,10,0,0
1,40,10,10.5,0,0
1,40,10.5,10.5,0,0
1,40,1.5,10.5,0,0
1,40,2,10.5,0,0
1,40,10,11,0,0
1,40,10.5,11,0,0
1,40,1.5,11,0,0
1,40,2,11,0,0
1,40,10,11.5,0,0
1,40,10.5,11.5,0,0
1,40,1.5,11.5,0,0
1,40,2,11.5,0,0
1,40,10,12,0,0
1,40,10.5,12,0,0
1,40,1.5,12,0,0
1,40,2,12,0,0
1,40,10,12.5,0,0
1,40,10.5,12.5,0,0
1,40,1.5,12.5,0,0
1,40,2,12.5,0,0
1,40,10,13,0,0
1,40,10.5,13,0,0
1,40,1.5,13,0,0
1,40,2,13,0,0
1,40,10,13.5,0,0
1,40,10.5,13.5,0,0
1,40,1.5,13.5,0,0
1,40,2,13.5,0,0
1,40,10,14,0,0
1,40,10.5,14,0,0
1,40,1.5,14,0,0
1,40,2,14,0,0
1,40,10,14.5,0,0
1,40,10.5,14.5,0,0
1,40,1.5,14.5,0,0
1,40,2,14.5,0,0
1,40,10,15,0,0
1,40,10.5,15,0,0
1,40,1.5,15,0,0
1,40,2,15,0,0
1,40,10,15.5,0,0
1,40,10.5,15.5,0,0
1,40,1.5,15.5,0,0
1,40,2,15.5,0,0
1,40,10,16,0,0
1,40,10.5,16,0,0
1,40,1.5,16,0,0
1,40,2,16,0,0
1,40,10,16.5,0,0
1,40,10.5,16.5,0,0
1,40,1.5,16.5,0,0
1,40,2,16.5,0,0
1,40,10,17,0,0
1,40,10.5,17,0,0
1,40,1.5,17,0,0
1,40,2,17,0,0
1,40,10,17.5,0,0
1,40,10.5,17.5,0,0
1,40,1.5,17.5,0,0
1,40,2,17.5,0,0
1,40,10,18,0,0
1,40,10.5,18,0,0
1,40,1.5,18,0,0
1,40,2,18,0,0
1,40,10,18.5,0,0
1,40,10.5,18.5,0,0
1,40,1.5,18.5,0,0
1,40,2,18.5,0,0
1,40,10,19,0,0
1,40,10.5,19,0,0
1,40,1.5,19,0,0
1,40,2,19,0,0
1,40,10,19.5,0,0
1,40,10.5,19.5,0,0
1,40,1.5,19.5,0,0
1,40,2,19.5,0,0
1,40,10,20,0,0
1,40,10.5,20,0,0
1,40,1.5,20,0,0
1,40,2,20,0,0
1,40,10,20.5,0,0
1,40,10.5,20.5,0,0
1,40,1.5,20.5,0,0
1,40,2,20.5,0,0
1,40,10,21,0,0
1,40,10.5,21,0,0
1,40,1.5,21,0,0
1,40,2,21,0,0
1,40,10,21.5,0,0
1,40,10.5,21.5,0,0
1,40,1.5,21.5,0,0
1,40,2,21.5,0,0
1,40,10,22,0,0
1,40,10.5,22,0,0
1,40,1.5,22,0,0
1,40,2,22,0,0
1,40,10,22.5,0,0
1,40,10.5,22.5,0,0
1,40,1.5,22.5,0,0
1,40,2,22.5,0,0
1,40,10,23,0,0
1,40,10.5,23,0,0
1,40,1.5,23,0,0
1,40,2,23,0,0
1,40,10,23.5,0,0
1,40,10.5,23.5,0,0
1,40,1.5,23.5,0,0
1,40,2,23.5,0,0
1,40,10,24,0,0
1,40,10.5,24,0,0
1,40,1.5,24,0,0
1,40,2,24,0,0
1,40,10,24.5,0,0
1,40,10.5,24.5,0,0
1,40,1.5,24.5,0,0
1,40,2,24.5,0,0
1,40,10,25,0,0
1,40,10.5,25,0,0
1,40,1.5,25,0,0
1,40,2,25,0,0
1,40,10,25.5,0,0
1,40,10.5,25.5,0,0
1,40,1.5,25.5,0,0
1,40,2,25.5,0,0
1,40,10,26,0,0
1,40,10.5,26,0,0
1,40,1.5,26,0,0
1,40,2,26,0,0
1,40,10,26.5,0,0
1,40,10.5,26.5,0,0
1,40,1.5,26.5,0,0
1,40,2,26.5,0,0
1,40,10,27,0,0
1,40,10.5,27,0,0
1,40,1.5,27,0,0
1,40,2,27,0,0
1,40,10,27.5,0,0
1,40,10.5,27.5,0,0
1,40,1.5,27.5,0,0
1,40,2,27.5,0,0
1,40,10,28,0,0
1,40,10.5,28,0,0
1,40,1.5,28,0,0
1,40,2,28,0,0
1,40,10,28.5,0,0
1,40,10.5,28.5,0,0
1,40,1.5,28.5,0,0
1,40,2,28.5,0,0
1,40,10,29,0,0
1,40,10.5,29,0,0
1,40,1.5,29,0,0
1,40,2,29,0,0
1,40,10,29.5,0,0
1,40,10.5,29.5,0,0
1,40,1.5,29.5,0,0
1,40,2,29.5,0,0
1,40,10,30,0,0
1,40,10.5,30,0,0
1,40,1.5,30,0,0
1,40,2,30,0,0
1,40,10,30.5,0,0
1,40,10.5,30.5,0,0
1,40,1.5,30.5,0,0
1,40,2,30.5,0,0
1,40,10,31,0,0
1,40,10.5,31,0,0
1,40,1.5,31,0,0
1,40,2,31,0,0
1,40,10,31.5,0,0
1,40,10.5,31.5,0,0
1,40,1.5,31.5,0,0
1,40,2,31.5,0,0
1,40,10,32,0,0
1,40,10.5,32,0,0
1,40,1.5,32,0,0
1,40,2,32,0,0
1,40,10,32.5,0,0
1,40,10.5,32.5,0,0
1,40,1.5,32.5,0,0
1,40,2,32.5,0,0
1,40,10,33,0,0
1,40,10.5,33,0,0
1,40,1.5,33,0,0
1,40,2,33,0,0
1,40,2.5,1.5,0,0
1,40,2.5,2,0,0
1,40,2.5,32.5,0,0
1,40,2.5,33,0,0
1,40,3,1.5,0,0
1,40,3,2,0,0
1,40,3,32.5,0,0
1,40,3,33,0,0
1,40,3.5,1.5,0,0
1,40,3.5,2,0,0
1,40,3.5,32.5,0,0
1,40,3.5,33,0,0
1,40,4,1.5,0,0
1,40,4,2,0,0
1,40,4,32.5,0,0
1,40,4,33,0,0
1,40,4.5,1.5,0,0
1,40,4.5,2,0,0
1,40,4.5,32.5,0,0
1,40,4.5,33,0,0
1,40,5,1.5,0,0
1,40,5,2,0,0
1,40,5,32.5,0,0
1,40,5,33,0,0
1,40,5.5,1.5,0,0
1,40,5.5,2,0,0
1,40,5.5,32.5,0,0
1,40,5.5,33,0,0
1,40,6,1.5,0,0
1,40,6,2,0,0
1,40,6,32.5,0,0
1,40,6,33,0,0
1,40,6.5,1.5,0,0
1,40,6.5,2,0,0
1,40,6.5,32.5,0,0
1,40,6.5,33,0,0
1,40,7,1.5,0,0
1,40,7,2,0,0
1,40,7,32.5,0,0
1,40,7,33,0,0
1,40,7.5,1.5,0,0
1,40,7.5,2,0,0
1,40,7.5,32.5,0,0
1,40,7.5,33,0,0
1,40,8,1.5,0,0
1,40,8,2,0,0
1,40,8,32.5,0,0
1,40,8,33,0,0
1,40,8.5,1.5,0,0
1,40,8.5,2,0,0
1,40,8.5,32.5,0,0
1,40,8.5,33,0,0
1,40,9,1.5,0,0
1,40,9,2,0,0
1,40,9,32.5,0,0
1,40,9,33,0,0
1,40,9.5,1.5,0,0
1,40,9.5,2,0,0
1,40,9.5,32.5,0,0
1,40,9.5,33,0,0
