916 2 0.5 203000 0 2 0 1e-05 0 9.81 45 45
0,40,2.49763,13.3403,-0.00600523,4.05896
0,40,2.50322,13.8405,0.00798394,4.05932
0,40,2.49922,14.3428,-0.00232394,4.06306
0,40,2.50232,14.8427,0.00626838,4.06273
0,40,2.49934,15.3445,-0.00212317,4.06582
0,40,2.50106,15.8445,0.00294876,4.06586
0,40,2.49866,16.3448,-0.0102591,4.04941
0,40,2.50096,16.8448,-0.0073644,4.05472
0,40,2.49946,17.3448,-0.0015532,4.05012
0,40,2.50148,17.8454,0.00380944,4.05281
0,40,2.4997,18.3468,-0.00556362,4.05891
0,40,2.50079,18.8469,-0.0186202,4.04724
0,40,2.49874,19.3468,-0.0504517,3.96359
0,40,2.49844,19.8454,-0.0499013,3.90135
0,40,2.4964,20.3418,-0.0750058,3.81107
0,40,2.49681,20.8381,-0.0825818,3.68241
0,40,2.49394,21.3313,-0.123808,3.53604
0,40,2.49412,21.8228,-0.139648,3.3255
0,40,2.49048,22.3121,-0.165567,3.17726
0,40,2.49029,22.7971,-0.188425,2.9742
0,40,2.48724,23.2821,-0.165901,2.82264
0,40,2.48689,23.7623,-0.194828,2.73709
0,40,2.48607,24.2425,-0.139255,2.56456
0,40,2.48562,24.7203,-0.160408,2.52914
0,40,2.48708,25.1951,-0.12272,2.37801
0,40,2.48617,25.6702,-0.118586,2.27091
0,40,2.48802,26.1412,-0.115809,2.1989
0,40,2.48594,26.6129,-0.0997158,2.04552
0,40,2.48642,27.0835,-0.118639,2.00016
0,40,2.48193,27.5536,-0.13862,1.85281
0,40,2.4808,28.0256,-0.154819,1.7283
0,40,2.47361,28.4955,-0.170267,1.60611
0,40,2.47326,28.9676,-0.154837,1.40746
0,40,2.46631,29.4368,-0.0852653,1.3549
0,40,2.47179,29.9051,-0.0597683,1.17256
0,40,2.46885,30.3677,0.0538441,1.14888
0,40,2.48516,30.8232,0.0318257,0.965929
0,40,2.49125,31.2622,0.0779305,0.855416
0,40,2.51446,31.6908,0.195317,0.536722
0,40,2.52901,32.0958,0.243421,0.327366
0,40,3.00018,13.3384,0.000379361,4.0539
0,40,3.00093,13.8389,0.00200615,4.05553
0,40,3.00113,14.3404,0.00260643,4.05677
0,40,3.00108,14.8407,0.00283909,4.05742
0,40,3.00114,15.3422,0.00288708,4.0588
0,40,3.0003,15.8423,0.000638193,4.05937
0,40,3.00055,16.3431,-0.00045471,4.0289
0,40,3.00021,16.8435,-0.00822396,4.05267
0,40,3.00046,17.3434,-0.00855635,4.04865
0,40,3.00041,17.8438,-0.00498823,4.04352
0,40,3.00041,18.3452,-0.00724895,4.0413
0,40,3.00008,18.8452,-0.0227617,4.01775
0,40,2.99967,19.3441,-0.0421681,3.91855
0,40,2.9983,19.8426,-0.0554027,3.86135
0,40,2.99774,20.3386,-0.0659736,3.75213
0,40,2.99639,20.834,-0.0836174,3.58389
0,40,2.99544,21.3257,-0.114306,3.42245
0,40,2.99406,21.815,-0.109646,3.16814
0,40,2.99235,22.3022,-0.143036,2.993
0,40,2.99157,22.7842,-0.115733,2.7782
0,40,2.98966,23.266,-0.113211,2.55308
0,40,2.99,23.7436,-0.102612,2.45901
0,40,2.98899,24.2192,-0.0689635,2.23065
0,40,2.98967,24.6945,-0.0837769,2.10733
0,40,2.98937,25.1659,-0.0646665,2.00891
0,40,2.98988,25.6372,-0.042796,1.78446
0,40,2.98892,26.1077,-0.0429859,1.77225
0,40,2.98935,26.5736,-0.0111236,1.61034
0,40,2.98707,27.042,0.00242829,1.46775
0,40,2.98549,27.5035,-0.0609405,1.38963
0,40,2.98229,27.9643,-0.0314543,1.08282
0,40,2.97709,28.4201,-0.136121,0.980425
0,40,2.97451,28.8705,-0.0907435,0.641853
0,40,2.96854,29.3202,-0.161638,0.543938
0,40,2.96977,29.7639,-0.0983725,0.328658
0,40,2.96827,30.2128,-0.14925,0.302646
0,40,2.97872,30.6595,-0.0505359,0.243483
0,40,2.99568,31.1167,0.0457341,0.220471
0,40,3.01098,31.5782,0.199683,0.212773
0,40,3.06062,32.0575,0.402803,0.195257
0,40,3.50014,13.3388,0.000298804,4.05482
0,40,3.5006,13.839,0.0013393,4.05559
0,40,3.50049,14.3406,0.00117107,4.05772
0,40,3.50085,14.8409,0.00201412,4.05795
0,40,3.50063,15.342,0.00113825,4.05792
0,40,3.50088,15.8422,0.000343387,4.05904
0,40,3.50052,16.3432,0.00552397,4.03687
0,40,3.50078,16.8429,0.0225313,4.04102
0,40,3.50026,17.3435,0.00443989,4.0436
0,40,3.50123,17.8438,0.00427189,4.04685
0,40,3.50045,18.3449,-0.00899629,4.03257
0,40,3.50043,18.845,-0.0227281,4.00506
0,40,3.49957,19.3436,-0.0277131,3.9138
0,40,3.49968,19.842,-0.0262666,3.84574
0,40,3.49869,20.3379,-0.0605183,3.73435
0,40,3.49837,20.8328,-0.0790504,3.55171
0,40,3.49677,21.3249,-0.117765,3.41159
0,40,3.49646,21.8135,-0.109706,3.16136
0,40,3.49437,22.3013,-0.135441,2.97121
0,40,3.49433,22.7833,-0.131141,2.81222
0,40,3.49232,23.265,-0.117507,2.54193
0,40,3.49245,23.7441,-0.12513,2.48883
0,40,3.49153,24.2185,-0.0864456,2.26482
0,40,3.49173,24.6953,-0.0812159,2.09725
0,40,3.49147,25.1663,-0.0677981,2.08368
0,40,3.49214,25.6373,-0.0292707,1.81309
0,40,3.49124,26.109,-0.0349693,1.82856
0,40,3.49203,26.5748,-0.0258661,1.71482
0,40,3.49015,27.0441,-0.0140886,1.539
0,40,3.48946,27.5079,-0.0528956,1.52577
0,40,3.48694,27.9711,-0.0395799,1.30415
0,40,3.48521,28.4309,-0.0565354,1.22818
0,40,3.4824,28.8879,-0.0528503,1.02109
0,40,3.4821,29.3411,-0.079039,0.881261
0,40,3.47947,29.7908,-0.0767977,0.669146
0,40,3.48396,30.2363,-0.109292,0.468506
0,40,3.48003,30.6811,-0.083795,0.334226
0,40,3.50107,31.1265,-0.0137657,0.175992
0,40,3.48213,31.576,-0.0686218,0.146148
0,40,3.53661,32.0427,0.319872,0.202327
0,40,4.00009,13.3392,0.000174584,4.05568
0,40,4.00047,13.8394,0.000981866,4.05668
0,40,4.0006,14.3405,0.00148244,4.05738
0,40,4.00055,14.8408,0.00141116,4.0578
0,40,4.00052,15.342,0.00154072,4.05684
0,40,4.00051,15.842,0.00163253,4.05824
0,40,4.00035,16.3432,0.00503231,4.05383
0,40,4.00055,16.8431,0.0183701,4.05025
0,40,4.00085,17.344,0.012337,4.02822
0,40,4.00112,17.844,-0.00264128,4.03655
0,40,4.00092,18.3443,-0.012268,4.01123
0,40,4.00039,18.8444,-0.0271296,3.9951
0,40,4.00012,19.3432,-0.0214557,3.92095
0,40,3.99966,19.8415,-0.0306933,3.82565
0,40,3.99932,20.3374,-0.0543286,3.7054
0,40,3.99865,20.8318,-0.0763657,3.52287
0,40,3.99776,21.324,-0.0992239,3.39424
0,40,3.99685,21.8123,-0.108372,3.16402
0,40,3.9958,22.3,-0.104367,2.96186
0,40,3.99504,22.7826,-0.0967661,2.83214
0,40,3.99443,23.2638,-0.0740251,2.56142
0,40,3.99403,23.744,-0.0538283,2.496
0,40,3.9939,24.2185,-0.0452414,2.31601
0,40,3.99423,24.6953,-0.00920939,2.09069
0,40,3.99352,25.1674,-0.0303225,2.11228
0,40,3.99452,25.6372,0.00448795,1.83896
0,40,3.99276,26.1095,0.00345031,1.80801
0,40,3.9938,26.5747,0.0128895,1.73537
0,40,3.99157,27.0429,0.0292516,1.50804
0,40,3.99223,27.5062,0.0175892,1.47797
0,40,3.98912,27.968,-0.00469358,1.25372
0,40,3.98988,28.4273,-0.0343768,1.16889
0,40,3.98562,28.8837,-0.0524501,0.959139
0,40,3.98801,29.3397,-0.0840377,0.894078
0,40,3.98386,29.7913,-0.062332,0.742734
0,40,3.99202,30.2467,-0.0512055,0.666706
0,40,3.9867,30.6954,-0.0599131,0.542369
0,40,4.00628,31.1533,0.0767539,0.422377
0,40,3.98816,31.5945,-0.197389,0.230184
0,40,4.02094,32.0514,0.269588,0.0774499
0,40,4.50004,13.3394,0.000219379,4.05606
0,40,4.50018,13.8395,0.000933735,4.05682
0,40,4.50018,14.3407,0.00060917,4.05808
0,40,4.50044,14.8408,0.00124113,4.05801
0,40,4.50031,15.342,0.00128922,4.05821
0,40,4.50037,15.842,0.0030548,4.05887
0,40,4.5003,16.3431,0.00272274,4.0575
0,40,4.50024,16.8432,0.00504203,4.0493
0,40,4.50013,17.3441,0.0106446,4.02574
0,40,4.50024,17.8439,0.030544,4.03383
0,40,4.50036,18.3443,0.0274462,4.00676
0,40,4.50096,18.8444,0.0236826,3.99089
0,40,4.50072,19.343,-0.00644668,3.90831
0,40,4.50069,19.8412,-0.0355777,3.80554
0,40,4.50004,20.3369,-0.0490269,3.69285
0,40,4.49975,20.8311,-0.0463279,3.50911
0,40,4.4991,21.3233,-0.0596895,3.37463
0,40,4.49874,21.8116,-0.0735505,3.15738
0,40,4.49789,22.2994,-0.08265,2.96734
0,40,4.49745,22.7822,-0.075684,2.84205
0,40,4.49671,23.2636,-0.0733569,2.58184
0,40,4.49656,23.7437,-0.0576867,2.50285
0,40,4.49586,24.2187,-0.0570156,2.32872
0,40,4.49623,24.695,-0.0374347,2.10696
0,40,4.49541,25.1672,-0.0276496,2.09972
0,40,4.49595,25.6371,-0.0193425,1.87327
0,40,4.49521,26.1084,0.00351203,1.80911
0,40,4.49551,26.5747,0.00516369,1.74676
0,40,4.49447,27.0419,-0.00234646,1.52864
0,40,4.49464,27.5059,0.00229159,1.46188
0,40,4.49233,27.9673,-0.0305995,1.25792
0,40,4.49311,28.4273,-0.0186308,1.15966
0,40,4.48969,28.8836,-0.0489083,0.95567
0,40,4.49286,29.3397,-0.0155157,0.842917
0,40,4.48783,29.7908,-0.0872646,0.682356
0,40,4.49648,30.2436,-0.00695274,0.538465
0,40,4.4871,30.6936,-0.124859,0.467178
0,40,4.5055,31.1463,0.0637385,0.372044
0,40,4.49219,31.5973,-0.110188,0.223004
0,40,4.51124,32.0516,0.133824,0.121265
0,40,5.00003,13.3395,0.000228749,4.05699
0,40,5.00014,13.8396,0.00104841,4.05716
0,40,5.00012,14.3408,0.00083796,4.05759
0,40,5.00024,14.8409,0.000958056,4.05806
0,40,5.00022,15.3419,0.000878791,4.05843
0,40,5.00023,15.842,0.000729916,4.05886
0,40,5.00014,16.343,0.000834558,4.05898
0,40,5.00009,16.8431,0.00420348,4.05682
0,40,5.0001,17.3442,0.0173974,4.0522
0,40,5.00035,17.8442,0.0389333,4.04918
0,40,5.00073,18.345,0.0384506,3.99953
0,40,5.00128,18.8445,0.025866,3.96388
0,40,5.00107,19.3428,-0.0122982,3.85973
0,40,5.00087,19.8407,-0.0572987,3.77736
0,40,5.00016,20.3364,-0.0685429,3.69722
0,40,4.99964,20.8307,-0.0630686,3.51286
0,40,4.99911,21.3229,-0.0604441,3.36516
0,40,4.99885,21.811,-0.0673143,3.14509
0,40,4.99826,22.2986,-0.0677924,2.96787
0,40,4.99793,22.7815,-0.056728,2.84988
0,40,4.99747,23.263,-0.0443845,2.5908
0,40,4.99742,23.7433,-0.0301865,2.51636
0,40,4.99717,24.2185,-0.0176924,2.33771
0,40,4.99732,24.6951,-0.00851962,2.12503
0,40,4.99717,25.167,-0.000170141,2.11201
0,40,4.99718,25.6373,0.00842547,1.87777
0,40,4.99683,26.1084,0.00677859,1.83269
0,40,4.99694,26.5744,0.0313105,1.7322
0,40,4.99598,27.0418,0.0149138,1.52641
0,40,4.99669,27.5049,0.034399,1.45067
0,40,4.99496,27.9665,0.00960997,1.22885
0,40,4.9962,28.426,0.00263036,1.15077
0,40,4.99369,28.8828,-0.0371131,0.946606
0,40,4.99607,29.3397,-0.0267773,0.870712
0,40,4.99256,29.7923,-0.068635,0.699007
0,40,4.99782,30.2478,-0.00687754,0.624106
0,40,4.99331,30.6974,-0.0864613,0.48779
0,40,5.00309,31.1526,0.0612402,0.379122
0,40,4.99625,31.601,-0.086136,0.265174
0,40,5.00551,32.0545,0.0715313,0.117706
0,40,5.5,13.3396,2.30138e-06,4.05722
0,40,5.5,13.8396,1.16931e-05,4.05728
0,40,5.50003,14.3409,-7.72534e-05,4.05782
0,40,5.5001,14.8409,-0.000298817,4.05827
0,40,5.50009,15.3419,0.000184826,4.0585
0,40,5.5001,15.842,0.000117187,4.0587
0,40,5.50009,16.343,0.000224883,4.05917
0,40,5.50009,16.8431,0.000305362,4.05912
0,40,5.50003,17.3442,0.000303921,4.05976
0,40,5.49994,17.8443,0.0017844,4.05403
0,40,5.49992,18.3453,0.00958976,4.00187
0,40,5.50008,18.8447,0.0267044,3.95636
0,40,5.50029,19.3428,0.0257776,3.82909
0,40,5.5006,19.8405,0.0104971,3.74959
0,40,5.50049,20.3359,-0.00794582,3.69138
0,40,5.50031,20.8302,-0.0168348,3.51386
0,40,5.49999,21.3227,-0.0241607,3.36257
0,40,5.49986,21.8107,-0.0288786,3.14236
0,40,5.49956,22.2985,-0.0311702,2.9759
0,40,5.49941,22.7814,-0.0269967,2.86308
0,40,5.49917,23.263,-0.0241863,2.60229
0,40,5.49906,23.7434,-0.0218979,2.5266
0,40,5.49889,24.2186,-0.0186912,2.3479
0,40,5.49886,24.6951,-0.0133601,2.12593
0,40,5.49868,25.167,-0.0132486,2.12147
0,40,5.49877,25.637,-0.000758498,1.8799
0,40,5.49842,26.1084,-0.00164428,1.83926
0,40,5.4987,26.5741,0.00473282,1.7496
0,40,5.49822,27.0417,0.00825017,1.52257
0,40,5.49833,27.505,-0.00113027,1.45984
0,40,5.49774,27.9663,-0.00912197,1.21802
0,40,5.4979,28.4263,-0.00126658,1.13746
0,40,5.49682,28.8827,-0.0227318,0.92774
0,40,5.49799,29.3397,0.000662481,0.842869
0,40,5.49639,29.792,-0.0343428,0.688839
0,40,5.49922,30.2467,0.00568036,0.584665
0,40,5.49658,30.6982,-0.0512255,0.496991
0,40,5.50115,31.1521,0.011227,0.398007
0,40,5.49854,31.6022,-0.0456669,0.261922
0,40,5.50182,32.0562,0.0112767,0.120852
0,40,6,13.3396,6.76333e-15,4.05722
0,40,6,13.8396,3.43868e-14,4.05728
0,40,6,14.3409,2.70729e-12,4.05716
0,40,6,14.841,2.14942e-11,4.05835
0,40,6,15.3419,4.95027e-11,4.05877
0,40,6,15.842,2.4781e-11,4.05867
0,40,6,16.343,3.54423e-12,4.05954
0,40,6,16.843,1.07201e-12,4.05898
0,40,6,17.3441,2.66443e-14,4.0596
0,40,6,17.8442,-4.05377e-12,4.05735
0,40,6,18.3453,-1.48203e-12,4.01751
0,40,6,18.8448,2.29839e-12,3.97023
0,40,6,19.3431,9.26699e-12,3.82997
0,40,6,19.8407,7.81995e-12,3.74079
0,40,6,20.3359,2.42712e-12,3.67962
0,40,6,20.8301,1.74337e-12,3.50578
0,40,6,21.3225,1.15793e-12,3.35592
0,40,6,21.8105,4.74159e-12,3.13778
0,40,6,22.2981,3.33117e-12,2.97226
0,40,6,22.7811,2.52864e-12,2.86133
0,40,6,23.2627,4.51293e-12,2.59896
0,40,6,23.7431,4.65599e-12,2.52455
0,40,6,24.2184,5.19192e-12,2.35016
0,40,6,24.6949,4.99631e-12,2.12771
0,40,6,25.167,5.95931e-12,2.12557
0,40,6,25.637,4.40308e-12,1.88836
0,40,6,26.1084,4.74835e-12,1.8348
0,40,6,26.5743,5.20549e-12,1.75299
0,40,6,27.0414,6.21967e-12,1.51704
0,40,6,27.5048,4.22093e-12,1.44176
0,40,6,27.9659,2.3446e-12,1.22482
0,40,6,28.4256,7.75198e-13,1.13213
0,40,6,28.8827,1.71481e-13,0.937182
0,40,6,29.3397,8.31048e-13,0.861653
0,40,6,29.7927,-7.23871e-13,0.691303
0,40,6,30.248,-1.97927e-12,0.604122
0,40,6,30.6986,-3.61336e-13,0.489269
0,40,6,31.153,1.75876e-12,0.373273
0,40,6,31.6029,1.10106e-12,0.274437
0,40,6,32.0566,-2.70492e-13,0.128726
0,40,6.5,13.3396,-2.30138e-06,4.05722
0,40,6.5,13.8396,-1.16931e-05,4.05728
0,40,6.49997,14.3409,7.72534e-05,4.05782
0,40,6.4999,14.8409,0.000298817,4.05827
0,40,6.49991,15.3419,-0.000184826,4.0585
0,40,6.4999,15.842,-0.000117187,4.0587
0,40,6.49991,16.343,-0.000224883,4.05917
0,40,6.49991,16.8431,-0.000305362,4.05912
0,40,6.49997,17.3442,-0.000303921,4.05976
0,40,6.50006,17.8443,-0.0017844,4.05403
0,40,6.50008,18.3453,-0.00958976,4.00187
0,40,6.49992,18.8447,-0.0267044,3.95636
0,40,6.49971,19.3428,-0.0257776,3.82909
0,40,6.4994,19.8405,-0.0104971,3.74959
0,40,6.49951,20.3359,0.00794582,3.69138
0,40,6.49969,20.8302,0.0168348,3.51386
0,40,6.50001,21.3227,0.0241607,3.36257
0,40,6.50014,21.8107,0.0288786,3.14236
0,40,6.50044,22.2985,0.0311702,2.9759
0,40,6.50059,22.7814,0.0269967,2.86308
0,40,6.50083,23.263,0.0241863,2.60229
0,40,6.50094,23.7434,0.0218979,2.5266
0,40,6.50111,24.2186,0.0186912,2.3479
0,40,6.50114,24.6951,0.0133601,2.12593
0,40,6.50132,25.167,0.0132486,2.12147
0,40,6.50123,25.637,0.000758498,1.8799
0,40,6.50158,26.1084,0.00164428,1.83926
0,40,6.5013,26.5741,-0.00473282,1.7496
0,40,6.50178,27.0417,-0.00825017,1.52257
0,40,6.50167,27.505,0.00113027,1.45984
0,40,6.50226,27.9663,0.00912197,1.21802
0,40,6.5021,28.4263,0.00126658,1.13746
0,40,6.50318,28.8827,0.0227318,0.92774
0,40,6.50201,29.3397,-0.000662481,0.842869
0,40,6.50361,29.792,0.0343428,0.688839
0,40,6.50078,30.2467,-0.00568036,0.584665
0,40,6.50342,30.6982,0.0512255,0.496991
0,40,6.49885,31.1521,-0.011227,0.398007
0,40,6.50146,31.6022,0.0456669,0.261922
0,40,6.49818,32.0562,-0.0112767,0.120852
0,40,6.99997,13.3395,-0.000228749,4.05699
0,40,6.99986,13.8396,-0.00104841,4.05716
0,40,6.99988,14.3408,-0.00083796,4.05759
0,40,6.99976,14.8409,-0.000958056,4.05806
0,40,6.99978,15.3419,-0.000878791,4.05843
0,40,6.99977,15.842,-0.000729916,4.05886
0,40,6.99986,16.343,-0.000834558,4.05898
0,40,6.99991,16.8431,-0.00420348,4.05682
0,40,6.9999,17.3442,-0.0173974,4.0522
0,40,6.99965,17.8442,-0.0389333,4.04918
0,40,6.99927,18.345,-0.0384506,3.99953
0,40,6.99872,18.8445,-0.025866,3.96388
0,40,6.99893,19.3428,0.0122982,3.85973
0,40,6.99913,19.8407,0.0572987,3.77736
0,40,6.99984,20.3364,0.0685429,3.69722
0,40,7.00036,20.8307,0.0630686,3.51286
0,40,7.00089,21.3229,0.0604441,3.36516
0,40,7.00115,21.811,0.0673143,3.14509
0,40,7.00174,22.2986,0.0677924,2.96787
0,40,7.00207,22.7815,0.056728,2.84988
0,40,7.00253,23.263,0.0443845,2.5908
0,40,7.00258,23.7433,0.0301865,2.51636
0,40,7.00283,24.2185,0.0176924,2.33771
0,40,7.00268,24.6951,0.00851962,2.12503
0,40,7.00283,25.167,0.000170141,2.11201
0,40,7.00282,25.6373,-0.00842547,1.87777
0,40,7.00317,26.1084,-0.00677859,1.83269
0,40,7.00306,26.5744,-0.0313105,1.7322
0,40,7.00402,27.0418,-0.0149138,1.52641
0,40,7.00331,27.5049,-0.034399,1.45067
0,40,7.00504,27.9665,-0.00960997,1.22885
0,40,7.0038,28.426,-0.00263036,1.15077
0,40,7.00631,28.8828,0.0371131,0.946606
0,40,7.00393,29.3397,0.0267773,0.870712
0,40,7.00744,29.7923,0.068635,0.699007
0,40,7.00218,30.2478,0.00687754,0.624106
0,40,7.00669,30.6974,0.0864613,0.48779
0,40,6.99691,31.1526,-0.0612402,0.379122
0,40,7.00375,31.601,0.086136,0.265174
0,40,6.99449,32.0545,-0.0715313,0.117706
0,40,7.49996,13.3394,-0.000219379,4.05606
0,40,7.49982,13.8395,-0.000933735,4.05682
0,40,7.49982,14.3407,-0.00060917,4.05808
0,40,7.49956,14.8408,-0.00124113,4.05801
0,40,7.49969,15.342,-0.00128922,4.05821
0,40,7.49963,15.842,-0.0030548,4.05887
0,40,7.4997,16.3431,-0.00272274,4.0575
0,40,7.49976,16.8432,-0.00504203,4.0493
0,40,7.49987,17.3441,-0.0106446,4.02574
0,40,7.49976,17.8439,-0.030544,4.03383
0,40,7.49964,18.3443,-0.0274462,4.00676
0,40,7.49904,18.8444,-0.0236826,3.99089
0,40,7.49928,19.343,0.00644668,3.90831
0,40,7.49931,19.8412,0.0355777,3.80554
0,40,7.49996,20.3369,0.0490269,3.69285
0,40,7.50025,20.8311,0.0463279,3.50911
0,40,7.5009,21.3233,0.0596895,3.37463
0,40,7.50126,21.8116,0.0735505,3.15738
0,40,7.50211,22.2994,0.08265,2.96734
0,40,7.50255,22.7822,0.075684,2.84205
0,40,7.50329,23.2636,0.0733569,2.58184
0,40,7.50344,23.7437,0.0576867,2.50285
0,40,7.50414,24.2187,0.0570156,2.32872
0,40,7.50377,24.695,0.0374347,2.10696
0,40,7.50459,25.1672,0.0276496,2.09972
0,40,7.50405,25.6371,0.0193425,1.87327
0,40,7.50479,26.1084,-0.00351203,1.80911
0,40,7.50449,26.5747,-0.00516369,1.74676
0,40,7.50553,27.0419,0.00234646,1.52864
0,40,7.50536,27.5059,-0.00229159,1.46188
0,40,7.50767,27.9673,0.0305995,1.25792
0,40,7.50689,28.4273,0.0186308,1.15966
0,40,7.51031,28.8836,0.0489083,0.95567
0,40,7.50714,29.3397,0.0155157,0.842917
0,40,7.51217,29.7908,0.0872646,0.682356
0,40,7.50352,30.2436,0.00695274,0.538465
0,40,7.5129,30.6936,0.124859,0.467178
0,40,7.4945,31.1463,-0.0637385,0.372044
0,40,7.50781,31.5973,0.110188,0.223004
0,40,7.48876,32.0516,-0.133824,0.121265
0,40,7.99991,13.3392,-0.000174584,4.05568
0,40,7.99953,13.8394,-0.000981866,4.05668
0,40,7.9994,14.3405,-0.00148244,4.05738
0,40,7.99945,14.8408,-0.00141116,4.0578
0,40,7.99948,15.342,-0.00154072,4.05684
0,40,7.99949,15.842,-0.00163253,4.05824
0,40,7.99965,16.3432,-0.00503231,4.05383
0,40,7.99945,16.8431,-0.0183701,4.05025
0,40,7.99915,17.344,-0.012337,4.02822
0,40,7.99888,17.844,0.00264128,4.03655
0,40,7.99908,18.3443,0.012268,4.01123
0,40,7.99961,18.8444,0.0271296,3.9951
0,40,7.99988,19.3432,0.0214557,3.92095
0,40,8.00034,19.8415,0.0306933,3.82565
0,40,8.00068,20.3374,0.0543286,3.7054
0,40,8.00135,20.8318,0.0763657,3.52287
0,40,8.00224,21.324,0.0992239,3.39424
0,40,8.00315,21.8123,0.108372,3.16402
0,40,8.0042,22.3,0.104367,2.96186
0,40,8.00496,22.7826,0.0967661,2.83214
0,40,8.00557,23.2638,0.0740251,2.56142
0,40,8.00597,23.744,0.0538283,2.496
0,40,8.0061,24.2185,0.0452414,2.31601
0,40,8.00577,24.6953,0.00920939,2.09069
0,40,8.00648,25.1674,0.0303225,2.11228
0,40,8.00548,25.6372,-0.00448795,1.83896
0,40,8.00724,26.1095,-0.00345031,1.80801
0,40,8.0062,26.5747,-0.0128895,1.73537
0,40,8.00843,27.0429,-0.0292516,1.50804
0,40,8.00777,27.5062,-0.0175892,1.47797
0,40,8.01088,27.968,0.00469358,1.25372
0,40,8.01012,28.4273,0.0343768,1.16889
0,40,8.01438,28.8837,0.0524501,0.959139
0,40,8.01199,29.3397,0.0840377,0.894078
0,40,8.01614,29.7913,0.062332,0.742734
0,40,8.00798,30.2467,0.0512055,0.666706
0,40,8.0133,30.6954,0.0599131,0.542369
0,40,7.99372,31.1533,-0.0767539,0.422377
0,40,8.01184,31.5945,0.197389,0.230184
0,40,7.97906,32.0514,-0.269588,0.0774499
0,40,8.49986,13.3388,-0.000298804,4.05482
0,40,8.4994,13.839,-0.0013393,4.05559
0,40,8.49951,14.3406,-0.00117107,4.05772
0,40,8.49915,14.8409,-0.00201412,4.05795
0,40,8.49937,15.342,-0.00113825,4.05792
0,40,8.49912,15.8422,-0.000343387,4.05904
0,40,8.49948,16.3432,-0.00552397,4.03687
0,40,8.49922,16.8429,-0.0225313,4.04102
0,40,8.49974,17.3435,-0.00443989,4.0436
0,40,8.49877,17.8438,-0.00427189,4.04685
0,40,8.49955,18.3449,0.00899629,4.03257
0,40,8.49957,18.845,0.0227281,4.00506
0,40,8.50043,19.3436,0.0277131,3.9138
0,40,8.50032,19.842,0.0262666,3.84574
0,40,8.50131,20.3379,0.0605183,3.73435
0,40,8.50163,20.8328,0.0790504,3.55171
0,40,8.50323,21.3249,0.117765,3.41159
0,40,8.50354,21.8135,0.109706,3.16136
0,40,8.50563,22.3013,0.135441,2.97121
0,40,8.50567,22.7833,0.131141,2.81222
0,40,8.50768,23.265,0.117507,2.54193
0,40,8.50755,23.7441,0.12513,2.48883
0,40,8.50847,24.2185,0.0864456,2.26482
0,40,8.50827,24.6953,0.0812159,2.09725
0,40,8.50853,25.1663,0.0677981,2.08368
0,40,8.50786,25.6373,0.0292707,1.81309
0,40,8.50876,26.109,0.0349693,1.82856
0,40,8.50797,26.5748,0.0258661,1.71482
0,40,8.50985,27.0441,0.0140886,1.539
0,40,8.51054,27.5079,0.0528956,1.52577
0,40,8.51306,27.9711,0.0395799,1.30415
0,40,8.51479,28.4309,0.0565354,1.22818
0,40,8.5176,28.8879,0.0528503,1.02109
0,40,8.5179,29.3411,0.079039,0.881261
0,40,8.52053,29.7908,0.0767977,0.669146
0,40,8.51604,30.2363,0.109292,0.468506
0,40,8.51997,30.6811,0.083795,0.334226
0,40,8.49893,31.1265,0.0137657,0.175992
0,40,8.51787,31.576,0.0686218,0.146148
0,40,8.46339,32.0427,-0.319872,0.202327
0,40,8.99982,13.3384,-0.000379361,4.0539
0,40,8.99907,13.8389,-0.00200615,4.05553
0,40,8.99887,14.3404,-0.00260643,4.05677
0,40,8.99892,14.8407,-0.00283909,4.05742
0,40,8.99886,15.3422,-0.00288708,4.0588
0,40,8.9997,15.8423,-0.000638193,4.05937
0,40,8.99945,16.3431,0.00045471,4.0289
0,40,8.99979,16.8435,0.00822396,4.05267
0,40,8.99954,17.3434,0.00855635,4.04865
0,40,8.99959,17.8438,0.00498823,4.04352
0,40,8.99959,18.3452,0.00724895,4.0413
0,40,8.99992,18.8452,0.0227617,4.01775
0,40,9.00033,19.3441,0.0421681,3.91855
0,40,9.0017,19.8426,0.0554027,3.86135
0,40,9.00226,20.3386,0.0659736,3.75213
0,40,9.00361,20.834,0.0836174,3.58389
0,40,9.00456,21.3257,0.114306,3.42245
0,40,9.00594,21.815,0.109646,3.16814
0,40,9.00765,22.3022,0.143036,2.993
0,40,9.00843,22.7842,0.115733,2.7782
0,40,9.01034,23.266,0.113211,2.55308
0,40,9.01,23.7436,0.102612,2.45901
0,40,9.01101,24.2192,0.0689635,2.23065
0,40,9.01033,24.6945,0.0837769,2.10733
0,40,9.01063,25.1659,0.0646665,2.00891
0,40,9.01012,25.6372,0.042796,1.78446
0,40,9.01108,26.1077,0.0429859,1.77225
0,40,9.01065,26.5736,0.0111236,1.61034
0,40,9.01293,27.042,-0.00242829,1.46775
0,40,9.01451,27.5035,0.0609405,1.38963
0,40,9.01771,27.9643,0.0314543,1.08282
0,40,9.02291,28.4201,0.136121,0.980425
0,40,9.02549,28.8705,0.0907435,0.641853
0,40,9.03146,29.3202,0.161638,0.543938
0,40,9.03023,29.7639,0.0983725,0.328658
0,40,9.03173,30.2128,0.14925,0.302646
0,40,9.02128,30.6595,0.0505359,0.243483
0,40,9.00432,31.1167,-0.0457341,0.220471
0,40,8.98902,31.5782,-0.199683,0.212773
0,40,8.93938,32.0575,-0.402803,0.195257
0,40,9.50237,13.3403,0.00600523,4.05896
0,40,9.49678,13.8405,-0.00798394,4.05932
0,40,9.50078,14.3428,0.00232394,4.06306
0,40,9.49768,14.8427,-0.00626838,4.06273
0,40,9.50066,15.3445,0.00212317,4.06582
0,40,9.49894,15.8445,-0.00294876,4.06586
0,40,9.50134,16.3448,0.0102591,4.04941
0,40,9.49904,16.8448,0.0073644,4.05472
0,40,9.50054,17.3448,0.0015532,4.05012
0,40,9.49852,17.8454,-0.00380944,4.05281
0,40,9.5003,18.3468,0.00556362,4.05891
0,40,9.49921,18.8469,0.0186202,4.04724
0,40,9.50126,19.3468,0.0504517,3.96359
0,40,9.50156,19.8454,0.0499013,3.90135
0,40,9.5036,20.3418,0.0750058,3.81107
0,40,9.50319,20.8381,0.0825818,3.68241
0,40,9.50606,21.3313,0.123808,3.53604
0,40,9.50588,21.8228,0.139648,3.3255
0,40,9.50952,22.3121,0.165567,3.17726
0,40,9.50971,22.7971,0.188425,2.9742
0,40,9.51276,23.2821,0.165901,2.82264
0,40,9.51311,23.7623,0.194828,2.73709
0,40,9.51393,24.2425,0.139255,2.56456
0,40,9.51438,24.7203,0.160408,2.52914
0,40,9.51292,25.1951,0.12272,2.37801
0,40,9.51383,25.6702,0.118586,2.27091
0,40,9.51198,26.1412,0.115809,2.1989
0,40,9.51406,26.6129,0.0997158,2.04552
0,40,9.51358,27.0835,0.118639,2.00016
0,40,9.51807,27.5536,0.13862,1.85281
0,40,9.5192,28.0256,0.154819,1.7283
0,40,9.52639,28.4955,0.170267,1.60611
0,40,9.52674,28.9676,0.154837,1.40746
0,40,9.53369,29.4368,0.0852653,1.3549
0,40,9.52821,29.9051,0.0597683,1.17256
0,40,9.53115,30.3677,-0.0538441,1.14888
0,40,9.51484,30.8232,-0.0318257,0.965929
0,40,9.50875,31.2622,-0.0779305,0.855416
0,40,9.48554,31.6908,-0.195317,0.536722
0,40,9.47099,32.0958,-0.243421,0.327366
1,40,10,1.5,0,0
1,40,10.5,1.5,0,0
1,40,1.5,1.5,0,0
1,40,2,1.5,0,0
1,40,10,2,0,0
1,40,10.5,2,0,0
1,40,1.5,2,0,0
1,40,2,2,0,0
1,40,10,2.5,0,0
1,40,10.5,2.5,0,0
1,40,1.5,2.5,0,0
1,40,2,2.5,0,0
1,40,10,3,0,0
1,40,10.5,3,0,0
1,40,1.5,3,0,0
1,40,2,3,0,0
1,40,10,3.5,0,0
1,40,10.5,3.5,0,0
1,40,1.5,3.5,0,0
1,40,2,3.5,0,0
1,40,10,4,0,0
1,40,10.5,4,0,0
1,40,1.5,4,0,0
1,40,2,4,0,0
1,40,10,4.5,0,0
1,40,10.5,4.5,0,0
1,40,1.5,4.5,0,0
1,40,2,4.5,0,0
1,40,10,5,0,0
1,40,10.5,5,0,0
1,40,1.5,5,0,0
1,40,2,5,0,0
1,40,10,5.5,0,0
1,40,10.5,5.5,0,0
1,40,1.5,5.5,0,0
1,40,2,5.5,0,0
1,40,10,6,0,0
1,40,10.5,6,0,0
1,40,1.5,6,0,0
1,40,2,6,0,0
1,40,10,6.5,0,0
1,40,10.5,6.5,0,0
1,40,1.5,6.5,0,0
1,40,2,6.5,0,0
1,40,10,7,0,0
1,40,10.5,7,0,0
1,40,1.5,7,0,0
1,40,2,7,0,0
1,40,10,7.5,0,0
1,40,10.5,7.5,0,0
1,40,1.5,7.5,0,0
1,40,2,7.5,0,0
1,40,10,8,0,0
1,40,10.5,8,0,0
1,40,1.5,8,0,0
1,40,2,8,0,0
1,40,10,8.5,0,0
1,40,10.5,8.5,0,0
1,40,1.5,8.5,0,0
1,40,2,8.5,0,0
1,40,10,9,0,0
1,40,10.5,9,0,0
1,40,1.5,9,0,0
1,40,2,9,0,0
1,40,10,9.5,0,0
1,40,10.5,9.5,0,0
1,40,1.5,9.5,0,0
1,40,2,9.5,0,0
1,40,10,10,0,0
1,40,10.5,10,0,0
1,40,1.5,10,0,0
1,40,2,10,0,0
1,40,10,10.5,0,0
1,40,10.5,10.5,0,0
1,40,1.5,10.5,0,0
1,40,2,10.5,0,0
1,40,10,11,0,0
1,40,10.5,11,0,0
1,40,1.5,11,0,0
1,40,2,11,0,0
1,40,10,11.5,0,0
1,40,10.5,11.5,0,0
1,40,1.5,11.5,0,0
1,40,2,11.5,0,0
1,40,10,12,0,0
1,40,10.5,12,0,0
1,40,1.5,12,0,0
1,40,2,12,0,0
1,40,10,12.5,0,0
1,40,10.5,12.5,0,0
1,40,1.5,12.5,0,0
1,40,2,12.5,0,0
1,40,10,13,0,0
1,40,10.5,13,0,0
1,40,1.5,13,0,0
1,40,2,13,0,0
1,40,10,13.5,0,0
1,40,10.5,13.5,0,0
1,40,1.5,13.5,0,0
1,40,2,13.5,0,0
1,40,10,14,0,0
1,40,10.5,14,0,0
1,40,1.5,14,0,0
1,40,2,14,0,0
1,40,10,14.5,0,0
1,40,10.5,14.5,0,0
1,40,1.5,14.5,0,0
1,40,2,14.5,0,0
1,40,10,15,0,0
1,40,10.5,15,0,0
1,40,1.5,15,0,0
1,40,2,15,0,0
1,40,10,15.5,0,0
1,40,10.5,15.5,0,0
1,40,1.5,15.5,0,0
1,40,2,15.5,0,0
1,40,10,16,0,0
1,40,10.5,16,0,0
1,40,1.5,16,0,0
1,40,2,16,0,0
1,40,10,16.5,0,0
1,40,10.5,16.5,0,0
1,40,1.5,16.5,0,0
1,40,2,16.5,0,0
1,40,10,17,0,0
1,40,10.5,17,0,0
1,40,1.5,17,0,0
1,40,2,17,0,0
1,40,10,17.5,0,0
1,40,10.5,17.5,0,0
1,40,1.5,17.5,0,0
1,40,2,17.5,0,0
1,40,10,18,0,0
1,40,10.5,18,0,0
1,40,1.5,18,0,0
1,40,2,18,0,0
1,40,10,18.5,0,0
1,40,10.5,18.5,0,0
1,40,1.5,18.5,0,0
1,40,2,18.5,0,0
1,40,10,19,0,0
1,40,10.5,19,0,0
1,40,1.5,19,0,0
1,40,2,19,0,0
1,40,10,19.5,0,0
1,40,10.5,19.5,0,0
1,40,1.5,19.5,0,0
1,40,2,19.5,0,0
1,40,10,20,0,0
1,40,10.5,20,0,0
1,40,1.5,20,0,0
1,40,2,20,0,0
1,40,10,20.5,0,0
1,40,10.5,20.5,0,0
1,40,1.5,20.5,0,0
1,40,2,20.5,0,0
1,40,10,21,0,0
1,40,10.5,21,0,0
1,40,1.5,21,0,0
1,40,2,21,0,0
1,40,10,21.5,0,0
1,40,10.5,21.5,0,0
1,40,1.5,21.5,0,0
1,40,2,21.5,0,0
1,40,10,22,0,0
1,40,10.5,22,0,0
1,40,1.5,22,0,0
1,40,2,22,0,0
1,40,10,22.5,0,0
1,40,10.5,22.5,0,0
1,40,1.5,22.5,0,0
1,40,2,22.5,0,0
1,40,10,23,0,0
1,40,10.5,23,0,0
1,40,1.5,23,0,0
1,40,2,23,0,0
1,40,10,23.5,0,0
1,40,10.5,23.5,0,0
1,40,1.5,23.5,0,0
1,40,2,23.5,0,0
1,40,10,24,0,0
1,40,10.5,24,0,0
1,40,1.5,24,0,0
1,40,2,24,0,0
1,40,10,24.5,0,0
1,40,10.5,24.5,0,0
1,40,1.5,24.5,0,0
1,40,2,24.5,0,0
1,40,10,25,0,0
1,40,10.5,25,0,0
1,40,1.5,25,0,0
1,40,2,25,0,0
1,40,10,25.5,0,0
1,40,10.5,25.5,0,0
1,40,1.5,25.5,0,0
1,40,2,25.5,0,0
1,40,10,26,0,0
1,40,10.5,26,0,0
1,40,1.5,26,0,0
1,40,2,26,0,0
1,40,10,26.5,0,0
1,40,10.5,26.5,0,0
1,40,1.5,26.5,0,0
1,40,2,26.5,0,0
1,40,10,27,0,0
1,40,10.5,27,0,0
1,40,1.5,27,0,0
1,40,2,27,0,0
1,40,10,27.5,0,0
1,40,10.5,27.5,0,0
1,40,1.5,27.5,0,0
1,40,2,27.5,0,0
1,40,10,28,0,0
1,40,10.5,28,0,0
1,40,1.5,28,0,0
1,40,2,28,0,0
1,40,10,28.5,0,0
1,40,10.5,28.5,0,0
1,40,1.5,28.5,0,0
1,40,2,28.5,0,0
1,40,10,29,0,0
1,40,10.5,29,0,0
1,40,1.5,29,0,0
1,40,2,29,0,0
1,40,10,29.5,0,0
1,40,10.5,29.5,0,0
1,40,1.5,29.5,0,0
1,40,2,29.5,0,0
1,40,10,30,0,0
1,40,10.5,30,0,0
1,40,1.5,30,0,0
1,40,2,30,0,0
1,40,10,30.5,0,0
1,40,10.5,30.5,0,0
1,40,1.5,30.5,0,0
1,40,2,30.5,0,0
1,40,10,31,0,0
1,40,10.5,31,0,0
1,40,1.5,31,0,0
1,40,2,31,0,0
1,40,10,31.5,0,0
1,40,10.5,31.5,0,0
1,40,1.5,31.5,0,0
1,40,2,31.5,0,0
1,40,10,32,0,0
1,40,10.5,32,0,0
1,40,1.5,32,0,0
1,40,2,32,0,0
1,40,10,32.5,0,0
1,40,10.5,32.5,0,0
1,40,1.5,32.5,0,0
1,40,2,32.5,0,0
1,40,10,33,0,0
1,40,10.5,33,0,0
1,40,1.5,33,0,0
1,40,2,33,0,0
1,40,2.5,1.5,0,0
1,40,2.5,2,0,0
1,40,2.5,32.5,0,0
1,40,2.5,33,0,0
1,40,3,1.5,0,0
1,40,3,2,0,0
1,40,3,32.5,0,0
1,40,3,33,0,0
1,40,3.5,1.5,0,0
1,40,3.5,2,0,0
1,40,3.5,32.5,0,0
1,40,3.5,33,0,0
1,40,4,1.5,0,0
1,40,4,2,0,0
1,40,4,32.5,0,0
1,40,4,33,0,0
1,40,4.5,1.5,0,0
1,40,4.5,2,0,0
1,40,4.5,32.5,0,0
1,40,4.5,33,0,0
1,40,5,1.5,0,0
1,40,5,2,0,0
1,40,5,32.5,0,0
1,40,5,33,0,0
1,40,5.5,1.5,0,0
1,40,5.5,2,0,0
1,40,5.5,32.5,0,0
1,40,5.5,33,0,0
1,40,6,1.5,0,0
1,40,6,2,0,0
1,40,6,32.5,0,0
1,40,6,33,0,0
1,40,6.5,1.5,0,0
1,40,6.5,2,0,0
1,40,6.5,32.5,0,0
1,40,6.5,33,0,0
1,40,7,1.5,0,0
1,40,7,2,0,0
1,40,7,32.5,0,0
1,40,7,33,0,0
1,40,7.5,1.5,0,0
1,40,7.5,2,0,0
1,40,7.5,32.5,0,0
1,40,7.5,33,0,0
1,40,8,1.5,0,0
1,40,8,2,0,0
1,40,8,32.5,0,0
1,40,8,33,0,0
1,40,8.5,1.5,0,0
1,40,8.5,2,0,0
1,40,8.5,32.5,0,0
1,40,8.5,33,0,0
1,40,9,1.5,0,0
1,40,9,2,0,0
1,40,9,32.5,0,0
1,40,9,33,0,0
1,40,9.5,1.5,0,0
1,40,9.5,2,0,0
1,40,9.5,32.5,0,0
1,40,9.5,33,0,0
