916 2 0.5 203000 0 2 0 1e-05 0 9.81 45 45
0,40,2.49829,12.9562,-0.00598406,2.98969
0,40,2.50235,13.4563,0.00807221,2.99003
0,40,2.49947,13.9582,-0.00230322,2.99374
0,40,2.50164,14.4581,0.00626838,2.99344
0,40,2.49957,14.9596,-0.00212317,2.99653
0,40,2.50074,15.4596,0.00294876,2.99657
0,40,2.49923,15.961,-0.00394645,2.99817
0,40,2.49979,16.461,0.0013835,2.99467
0,40,2.49873,16.9619,0.00120686,2.98209
0,40,2.49938,17.4619,0.0286186,2.9836
0,40,2.49876,17.9625,0.0264238,2.98802
0,40,2.49964,18.4626,0.0453419,2.9919
0,40,2.49912,18.9633,0.0330231,2.99664
0,40,2.49963,19.4635,0.0315664,2.99637
0,40,2.49917,19.964,0.0239941,3.00012
0,40,2.49945,20.464,0.0285374,2.99916
0,40,2.49917,20.9644,0.0232426,2.99401
0,40,2.49934,21.4643,0.0274627,2.98972
0,40,2.49903,21.9642,0.0174211,2.96639
0,40,2.49907,22.4639,0.0199599,2.94903
0,40,2.49845,22.9623,-0.00174258,2.88522
0,40,2.49842,23.4611,-0.000147537,2.82592
0,40,2.49697,23.9566,-0.0385284,2.70655
0,40,2.49692,24.4527,-0.0348097,2.55474
0,40,2.49408,24.944,-0.0764804,2.41721
0,40,2.4941,25.4345,-0.070162,2.1604
0,40,2.48994,25.922,-0.0758649,2.06353
0,40,2.49001,26.4055,-0.0856945,1.81853
0,40,2.48583,26.8909,-0.0258026,1.71731
0,40,2.48527,27.3698,-0.0882892,1.62467
0,40,2.48284,27.8525,0.00736506,1.43276
0,40,2.48067,28.3308,-0.0926684,1.46699
0,40,2.48077,28.8091,-0.0143359,1.27179
0,40,2.47754,29.2877,-0.0929909,1.32323
0,40,2.48036,29.7622,-0.0230629,1.23744
0,40,2.4779,30.2377,-0.10289,1.19993
0,40,2.48464,30.7069,0.0427624,1.09183
0,40,2.48786,31.1709,-0.0385687,0.874381
0,40,2.49488,31.6257,0.132913,0.615508
0,40,2.51385,32.072,0.0804018,0.188371
0,40,3.00014,12.9548,0.000379476,2.98469
0,40,3.00071,13.4552,0.002006,2.98624
0,40,3.00085,13.9565,0.0026064,2.98739
0,40,3.00077,14.4567,0.00283909,2.98813
0,40,3.00082,14.958,0.00288708,2.98951
0,40,3.00022,15.4581,0.000731432,2.99017
0,40,3.00024,15.9596,0.00138948,2.99263
0,40,2.99948,16.4595,0.000425596,2.99178
0,40,2.99957,16.961,0.00887093,2.99216
0,40,2.99917,17.4609,0.0241814,2.99224
0,40,2.99948,17.9622,0.0336698,2.99312
0,40,2.99948,18.4621,0.0412081,2.99135
0,40,2.9997,18.9629,0.0369746,2.98187
0,40,2.99961,19.4628,0.0297965,2.9854
0,40,2.99966,19.9635,0.0280047,2.99555
0,40,2.99953,20.4635,0.027034,2.99553
0,40,2.99961,20.964,0.0281797,2.98802
0,40,2.99948,21.4639,0.0257059,2.98384
0,40,2.99949,21.9635,0.0253255,2.94939
0,40,2.99915,22.4632,0.0137404,2.93104
0,40,2.999,22.961,0.00899314,2.84608
0,40,2.99818,23.4597,-0.0148722,2.77567
0,40,2.99774,23.9538,-0.0285726,2.63823
0,40,2.99624,24.4493,-0.0485119,2.45164
0,40,2.99521,24.9387,-0.076627,2.32366
0,40,2.99354,25.4274,-0.057011,2.02489
0,40,2.99151,25.9134,-0.0951263,1.93738
0,40,2.99083,26.3941,-0.044946,1.70041
0,40,2.98778,26.8766,-0.0693118,1.53269
0,40,2.98802,27.3525,-0.0676643,1.46477
0,40,2.98458,27.8286,-0.0696381,1.18241
0,40,2.98457,28.3021,-0.10953,1.12391
0,40,2.98134,28.7709,-0.105513,0.924066
0,40,2.98255,29.2408,-0.0947343,0.768432
0,40,2.97993,29.7053,-0.0807477,0.667394
0,40,2.98521,30.1714,-0.0700842,0.458667
0,40,2.9833,30.6325,-0.0183014,0.378063
0,40,2.99756,31.0992,0.0200494,0.193281
0,40,2.99138,31.5614,0.13489,0.191638
0,40,3.02614,32.0394,0.234954,0.163053
0,40,3.5001,12.9551,0.000277498,2.98555
0,40,3.50046,13.4553,0.00125159,2.9863
0,40,3.50036,13.9566,0.00114997,2.9884
0,40,3.50063,14.4568,0.00201412,2.98866
0,40,3.50045,14.9579,0.00169675,2.98919
0,40,3.50062,15.458,0.00277733,2.99026
0,40,3.50027,15.9593,0.00116657,2.99183
0,40,3.50014,16.4594,0.00063041,2.99229
0,40,3.49979,16.9608,-0.00125592,2.99575
0,40,3.49949,17.4608,-0.00301458,2.9959
0,40,3.49919,17.9621,-0.00403404,2.99598
0,40,3.49882,18.462,-0.00263749,2.99075
0,40,3.49867,18.9629,0.00186263,2.98286
0,40,3.49859,19.4628,0.0158,2.98704
0,40,3.49858,19.9635,0.0185414,2.99535
0,40,3.49869,20.4635,0.0234143,2.9965
0,40,3.49867,20.9639,0.021536,2.98617
0,40,3.49865,21.4639,0.0192952,2.98301
0,40,3.49857,21.9634,0.0162035,2.94428
0,40,3.49838,22.4631,0.0106992,2.92383
0,40,3.49817,22.9606,0.00242057,2.83693
0,40,3.49767,23.4591,-0.00928562,2.75375
0,40,3.49707,23.9532,-0.0298983,2.63248
0,40,3.49626,24.4478,-0.0354602,2.42033
0,40,3.49481,24.938,-0.0712076,2.32192
0,40,3.49407,25.4253,-0.056712,2.02022
0,40,3.49152,25.9124,-0.0860642,1.91597
0,40,3.49133,26.3923,-0.0694647,1.74161
0,40,3.4883,26.8748,-0.0609789,1.49106
0,40,3.48848,27.3519,-0.0696568,1.4932
0,40,3.48594,27.8266,-0.0443538,1.18684
0,40,3.48657,28.3025,-0.0458084,1.13266
0,40,3.48447,28.7714,-0.0414763,1.00112
0,40,3.487,29.2438,-0.0204193,0.842639
0,40,3.48478,29.7102,-0.0244106,0.766946
0,40,3.49041,30.1792,-0.00629127,0.569687
0,40,3.48753,30.6421,-0.0183016,0.487323
0,40,3.4979,31.1088,0.0769301,0.237837
0,40,3.49113,31.5676,-0.0573879,0.174613
0,40,3.50958,32.0326,0.202329,-0.0670918
0,40,4.00007,12.9554,0.000196703,2.98641
0,40,4.00036,13.4555,0.00116428,2.98748
0,40,4.00043,13.9566,0.00188257,2.98807
0,40,4.0004,14.4568,0.00150284,2.98841
0,40,4.00036,14.9579,0.00154065,2.98985
0,40,4.00034,15.4579,0.00153866,2.98956
0,40,4.00017,15.959,0.00076017,2.99035
0,40,3.99998,16.4591,-0.000218263,2.99091
0,40,3.99974,16.9604,-0.00145816,2.99335
0,40,3.99944,17.4604,-0.00333064,2.99374
0,40,3.9992,17.9617,-0.00402372,2.99658
0,40,3.99887,18.4617,-0.0018518,2.9956
0,40,3.99876,18.9628,0.00544903,2.99789
0,40,3.99871,19.4627,0.017312,2.99873
0,40,3.99877,19.9637,0.022464,3.00093
0,40,3.99891,20.4636,0.0282231,2.99983
0,40,3.99894,20.9639,0.0279244,2.98265
0,40,3.99899,21.4638,0.024501,2.97971
0,40,3.99894,21.9633,0.0220366,2.94069
0,40,3.9988,22.4629,0.0182711,2.917
0,40,3.9986,22.9603,0.0108112,2.82745
0,40,3.99821,23.4586,-0.0002733,2.73632
0,40,3.99768,23.9525,-0.01653,2.61869
0,40,3.99698,24.4467,-0.0286745,2.40136
0,40,3.99593,24.9369,-0.0470899,2.30414
0,40,3.995,25.4239,-0.0530932,2.0259
0,40,3.99368,25.9109,-0.0539606,1.90186
0,40,3.99273,26.3914,-0.0550178,1.76769
0,40,3.99173,26.8733,-0.0444123,1.50135
0,40,3.99095,27.3516,-0.0412696,1.48955
0,40,3.99009,27.8258,-0.0623063,1.21424
0,40,3.99001,28.302,-0.0411069,1.11183
0,40,3.98847,28.7714,-0.080516,1.00695
0,40,3.99009,29.2436,-0.0361993,0.845917
0,40,3.98818,29.7108,-0.0533253,0.767282
0,40,3.99284,30.1801,0.0250963,0.594439
0,40,3.99034,30.6451,-0.00941509,0.533766
0,40,3.99962,31.1122,0.0921801,0.348403
0,40,3.9965,31.5757,0.0439764,0.247441
0,40,4.00418,32.043,0.116816,0.0651645
0,40,4.50002,12.9555,0.000219391,2.98686
0,40,4.50008,13.4556,0.000933642,2.9879
0,40,4.50011,13.9567,0.000608743,2.9887
0,40,4.5003,14.4568,0.00124098,2.98834
0,40,4.50022,14.9578,0.000786584,2.98953
0,40,4.50026,15.4579,0.000854242,2.98971
0,40,4.5002,15.9589,0.000863375,2.99009
0,40,4.50014,16.459,0.000684867,2.99048
0,40,4.5,16.9602,-5.93953e-05,2.99247
0,40,4.49982,17.4603,-0.00121481,2.99286
0,40,4.49965,17.9615,-0.00233543,2.99617
0,40,4.4994,18.4615,-0.00421085,2.99643
0,40,4.49923,18.9627,-0.00552493,3.00089
0,40,4.49899,19.4627,-0.00774192,3.00098
0,40,4.49886,19.9637,-0.00827578,3.00356
0,40,4.49869,20.4636,-0.00700281,3.00231
0,40,4.49865,20.964,-0.00443322,2.98306
0,40,4.49872,21.4639,0.00119823,2.97912
0,40,4.49869,21.9632,0.000638929,2.93893
0,40,4.49859,22.4628,-0.00192456,2.91281
0,40,4.49843,22.9601,-0.00735867,2.82028
0,40,4.49816,23.4582,-0.0147728,2.72452
0,40,4.49776,23.9521,-0.0259232,2.60715
0,40,4.49725,24.446,-0.0352343,2.38887
0,40,4.49651,24.9361,-0.0472329,2.29284
0,40,4.49578,25.4229,-0.0521815,2.02294
0,40,4.4948,25.9099,-0.0570296,1.90184
0,40,4.4941,26.3905,-0.0511621,1.76531
0,40,4.49307,26.8726,-0.0556372,1.50975
0,40,4.49282,27.3506,-0.0393267,1.4792
0,40,4.49168,27.8255,-0.048038,1.20886
0,40,4.49219,28.3013,-0.0314004,1.12405
0,40,4.49123,28.7715,-0.0269604,1.00477
0,40,4.4926,29.2444,-0.0092706,0.881694
0,40,4.49214,29.7122,-0.0125393,0.788607
0,40,4.49465,30.1825,0.0162001,0.617573
0,40,4.49406,30.647,-0.0132133,0.530019
0,40,4.49775,31.1143,0.0503051,0.3086
0,40,4.4962,31.5769,-0.00285666,0.265504
0,40,4.50077,32.0413,0.0715128,0.0377197
0,40,5.00001,12.9556,0.000206603,2.98772
0,40,5.00002,13.4556,0.000866076,2.98797
0,40,5.00004,13.9568,0.000438554,2.98828
0,40,5.00013,14.4568,0.000870721,2.98868
0,40,5.00012,14.9578,0.00090124,2.98938
0,40,5.00015,15.4579,0.000770912,2.98957
0,40,5.00009,15.9588,0.00043761,2.98986
0,40,5.00004,16.4589,0.000172302,2.9899
0,40,4.99993,16.96,-0.000430053,2.99111
0,40,4.99978,17.4601,-0.00136943,2.99154
0,40,4.99965,17.9612,-0.00223704,2.99419
0,40,4.99947,18.4613,-0.00363226,2.99454
0,40,4.99935,18.9624,-0.00460164,2.99863
0,40,4.99918,19.4624,-0.00612678,2.99883
0,40,4.99908,19.9635,-0.00660797,3.0035
0,40,4.99897,20.4635,-0.00597351,3.00329
0,40,4.99897,20.964,-0.00258369,2.99114
0,40,4.99912,21.4639,0.00766521,2.98495
0,40,4.99913,21.9631,0.00823378,2.93636
0,40,4.99909,22.4626,0.0063614,2.90899
0,40,4.99898,22.9599,0.00226722,2.81456
0,40,4.99881,23.4579,-0.00308816,2.71597
0,40,4.99853,23.9517,-0.0110983,2.59782
0,40,4.99819,24.4454,-0.0182642,2.37879
0,40,4.99769,24.9355,-0.0269664,2.28481
0,40,4.99721,25.4221,-0.0304676,2.01902
0,40,4.99657,25.9092,-0.0335928,1.90275
0,40,4.99615,26.3898,-0.029577,1.77136
0,40,4.99559,26.8721,-0.0269573,1.514
0,40,4.9954,27.3503,-0.0241529,1.49218
0,40,4.99506,27.8252,-0.0221787,1.20819
0,40,4.995,28.3015,-0.027054,1.12929
0,40,4.99484,28.7715,-0.0342637,1.01343
0,40,4.99508,29.2446,-0.0215338,0.87449
0,40,4.99482,29.7128,-0.0331856,0.800001
0,40,4.99613,30.1828,0.00538706,0.62359
0,40,4.996,30.6485,0.00434237,0.558652
0,40,4.99845,31.1157,0.0471929,0.354756
0,40,4.99855,31.5785,0.0443567,0.279934
0,40,4.99962,32.0441,0.0513452,0.0593601
0,40,5.5,12.9556,2.30138e-06,2.98793
0,40,5.5,13.4556,1.16931e-05,2.98799
0,40,5.50002,13.9568,0.000192404,2.9888
0,40,5.50006,14.4569,0.000813235,2.98899
0,40,5.50005,14.9578,0.000581973,2.98922
0,40,5.50007,15.4579,0.000648269,2.9894
0,40,5.50006,15.9588,0.000351895,2.9896
0,40,5.50006,16.4589,0.000305075,2.98983
0,40,5.50002,16.9599,8.3099e-05,2.99087
0,40,5.49997,17.46,-0.000262182,2.99127
0,40,5.49991,17.9612,-0.000666975,2.99384
0,40,5.49982,18.4612,-0.00133833,2.99419
0,40,5.49976,18.9624,-0.00183731,2.99834
0,40,5.49967,19.4624,-0.00264796,2.99855
0,40,5.49962,19.9634,-0.00314658,3.0038
0,40,5.49956,20.4634,-0.00391805,3.00384
0,40,5.49953,20.9641,-0.0038872,2.99621
0,40,5.49951,21.464,-0.00262109,2.98914
0,40,5.49949,21.9631,-0.00249649,2.93559
0,40,5.49945,22.4626,-0.00327498,2.90735
0,40,5.49939,22.9598,-0.00506034,2.81119
0,40,5.49931,23.4577,-0.00760655,2.71097
0,40,5.49917,23.9515,-0.0113495,2.59225
0,40,5.499,24.4451,-0.0146182,2.37281
0,40,5.49876,24.9352,-0.0186696,2.2799
0,40,5.49852,25.4217,-0.0201775,2.01723
0,40,5.4982,25.9088,-0.0213234,1.90176
0,40,5.49797,26.3894,-0.0203293,1.77467
0,40,5.4977,26.8718,-0.0181755,1.51474
0,40,5.49754,27.3501,-0.0167948,1.49028
0,40,5.49736,27.8251,-0.0175349,1.20903
0,40,5.49738,28.3013,-0.0111164,1.1212
0,40,5.49719,28.7717,-0.0142006,1.01781
0,40,5.49757,29.2448,-0.00532144,0.884115
0,40,5.49756,29.7134,-0.00190839,0.810295
0,40,5.49813,30.1837,0.00367793,0.642214
0,40,5.49827,30.6493,-0.00195086,0.563522
0,40,5.4989,31.1165,0.00741146,0.345785
0,40,5.49883,31.579,-0.00361291,0.287273
0,40,5.4996,32.0436,0.00597357,0.0630487
0,40,6,12.9556,6.76333e-15,2.98793
0,40,6,13.4556,3.43868e-14,2.98799
0,40,6,13.9568,4.81558e-14,2.98899
0,40,6,14.4569,6.77808e-15,2.98906
0,40,6,14.9578,-3.73385e-13,2.98915
0,40,6,15.4579,-6.716e-13,2.98937
0,40,6,15.9588,-4.47818e-14,2.98947
0,40,6,16.4589,1.07201e-12,2.98969
0,40,6,16.9599,1.10793e-12,2.9904
0,40,6,17.4599,6.77161e-13,2.99081
0,40,6,17.9611,5.80677e-13,2.99302
0,40,6,18.4611,2.54293e-13,2.99341
0,40,6,18.9623,5.19384e-13,2.9973
0,40,6,19.4623,5.73114e-13,2.99755
0,40,6,19.9634,1.00333e-12,3.0027
0,40,6,20.4634,6.28756e-13,3.00278
0,40,6,20.964,-4.94951e-14,2.99507
0,40,6,21.4639,-2.9842e-12,2.9883
0,40,6,21.9631,-2.57402e-12,2.93523
0,40,6,22.4626,-2.69689e-12,2.90632
0,40,6,22.9598,-2.92118e-12,2.8102
0,40,6,23.4577,-2.99049e-12,2.70923
0,40,6,23.9514,-3.52371e-12,2.59066
0,40,6,24.445,-3.88064e-12,2.37095
0,40,6,24.935,-3.42199e-12,2.27861
0,40,6,25.4215,-3.34576e-12,2.01706
0,40,6,25.9087,-3.04326e-12,1.90198
0,40,6,26.3893,-2.11822e-12,1.77643
0,40,6,26.8717,-1.37149e-12,1.51756
0,40,6,27.35,-2.96202e-12,1.49162
0,40,6,27.8251,-3.46699e-12,1.21297
0,40,6,28.3013,-2.31941e-12,1.12661
0,40,6,28.7717,-1.76537e-12,1.01677
0,40,6,29.2449,-2.16476e-12,0.887408
0,40,6,29.7133,-2.28242e-12,0.810206
0,40,6,30.1836,-2.65956e-12,0.634664
0,40,6,30.6494,-2.00911e-12,0.566347
0,40,6,31.1166,-2.34487e-12,0.35648
0,40,6,31.5792,-4.79648e-12,0.28474
0,40,6,32.0444,-3.56467e-12,0.0606022
0,40,6.5,12.9556,-2.30138e-06,2.98793
0,40,6.5,13.4556,-1.16931e-05,2.98799
0,40,6.49998,13.9568,-0.000192404,2.9888
0,40,6.49994,14.4569,-0.000813235,2.98899
0,40,6.49995,14.9578,-0.000581973,2.98922
0,40,6.49993,15.4579,-0.000648269,2.9894
0,40,6.49994,15.9588,-0.000351895,2.9896
0,40,6.49994,16.4589,-0.000305075,2.98983
0,40,6.49998,16.9599,-8.3099e-05,2.99087
0,40,6.50003,17.46,0.000262182,2.99127
0,40,6.50009,17.9612,0.000666975,2.99384
0,40,6.50018,18.4612,0.00133833,2.99419
0,40,6.50024,18.9624,0.00183731,2.99834
0,40,6.50033,19.4624,0.00264796,2.99855
0,40,6.50038,19.9634,0.00314658,3.0038
0,40,6.50044,20.4634,0.00391805,3.00384
0,40,6.50047,20.9641,0.0038872,2.99621
0,40,6.50049,21.464,0.00262109,2.98914
0,40,6.50051,21.9631,0.00249649,2.93559
0,40,6.50055,22.4626,0.00327498,2.90735
0,40,6.50061,22.9598,0.00506034,2.81119
0,40,6.50069,23.4577,0.00760655,2.71097
0,40,6.50083,23.9515,0.0113495,2.59225
0,40,6.501,24.4451,0.0146182,2.37281
0,40,6.50124,24.9352,0.0186696,2.2799
0,40,6.50148,25.4217,0.0201775,2.01723
0,40,6.5018,25.9088,0.0213234,1.90176
0,40,6.50203,26.3894,0.0203293,1.77467
0,40,6.5023,26.8718,0.0181755,1.51474
0,40,6.50246,27.3501,0.0167948,1.49028
0,40,6.50264,27.8251,0.0175349,1.20903
0,40,6.50262,28.3013,0.0111164,1.1212
0,40,6.50281,28.7717,0.0142006,1.01781
0,40,6.50243,29.2448,0.00532144,0.884115
0,40,6.50244,29.7134,0.00190839,0.810295
0,40,6.50187,30.1837,-0.00367793,0.642214
0,40,6.50173,30.6493,0.00195086,0.563522
0,40,6.5011,31.1165,-0.00741146,0.345785
0,40,6.50117,31.579,0.00361291,0.287273
0,40,6.5004,32.0436,-0.00597357,0.0630487
0,40,6.99999,12.9556,-0.000206603,2.98772
0,40,6.99998,13.4556,-0.000866076,2.98797
0,40,6.99996,13.9568,-0.000438554,2.98828
0,40,6.99987,14.4568,-0.000870721,2.98868
0,40,6.99988,14.9578,-0.00090124,2.98938
0,40,6.99985,15.4579,-0.000770912,2.98957
0,40,6.99991,15.9588,-0.00043761,2.98986
0,40,6.99996,16.4589,-0.000172302,2.9899
0,40,7.00007,16.96,0.000430053,2.99111
0,40,7.00022,17.4601,0.00136943,2.99154
0,40,7.00035,17.9612,0.00223704,2.99419
0,40,7.00053,18.4613,0.00363226,2.99454
0,40,7.00065,18.9624,0.00460164,2.99863
0,40,7.00082,19.4624,0.00612678,2.99883
0,40,7.00092,19.9635,0.00660797,3.0035
0,40,7.00103,20.4635,0.00597351,3.00329
0,40,7.00103,20.964,0.00258369,2.99114
0,40,7.00088,21.4639,-0.00766521,2.98495
0,40,7.00087,21.9631,-0.00823378,2.93636
0,40,7.00091,22.4626,-0.0063614,2.90899
0,40,7.00102,22.9599,-0.00226722,2.81456
0,40,7.00119,23.4579,0.00308816,2.71597
0,40,7.00147,23.9517,0.0110983,2.59782
0,40,7.00181,24.4454,0.0182642,2.37879
0,40,7.00231,24.9355,0.0269664,2.28481
0,40,7.00279,25.4221,0.0304676,2.01902
0,40,7.00343,25.9092,0.0335928,1.90275
0,40,7.00385,26.3898,0.029577,1.77136
0,40,7.00441,26.8721,0.0269573,1.514
0,40,7.0046,27.3503,0.0241529,1.49218
0,40,7.00494,27.8252,0.0221787,1.20819
0,40,7.005,28.3015,0.027054,1.12929
0,40,7.00516,28.7715,0.0342637,1.01343
0,40,7.00492,29.2446,0.0215338,0.87449
0,40,7.00518,29.7128,0.0331856,0.800001
0,40,7.00387,30.1828,-0.00538706,0.62359
0,40,7.004,30.6485,-0.00434237,0.558652
0,40,7.00155,31.1157,-0.0471929,0.354756
0,40,7.00145,31.5785,-0.0443567,0.279934
0,40,7.00038,32.0441,-0.0513452,0.0593601
0,40,7.49998,12.9555,-0.000219391,2.98686
0,40,7.49992,13.4556,-0.000933642,2.9879
0,40,7.49989,13.9567,-0.000608743,2.9887
0,40,7.4997,14.4568,-0.00124098,2.98834
0,40,7.49978,14.9578,-0.000786584,2.98953
0,40,7.49974,15.4579,-0.000854242,2.98971
0,40,7.4998,15.9589,-0.000863375,2.99009
0,40,7.49986,16.459,-0.000684867,2.99048
0,40,7.5,16.9602,5.93953e-05,2.99247
0,40,7.50018,17.4603,0.00121481,2.99286
0,40,7.50035,17.9615,0.00233543,2.99617
0,40,7.5006,18.4615,0.00421085,2.99643
0,40,7.50077,18.9627,0.00552493,3.00089
0,40,7.50101,19.4627,0.00774192,3.00098
0,40,7.50114,19.9637,0.00827578,3.00356
0,40,7.50131,20.4636,0.00700281,3.00231
0,40,7.50135,20.964,0.00443322,2.98306
0,40,7.50128,21.4639,-0.00119823,2.97912
0,40,7.50131,21.9632,-0.000638929,2.93893
0,40,7.50141,22.4628,0.00192456,2.91281
0,40,7.50157,22.9601,0.00735867,2.82028
0,40,7.50184,23.4582,0.0147728,2.72452
0,40,7.50224,23.9521,0.0259232,2.60715
0,40,7.50275,24.446,0.0352343,2.38887
0,40,7.50349,24.9361,0.0472329,2.29284
0,40,7.50422,25.4229,0.0521815,2.02294
0,40,7.5052,25.9099,0.0570296,1.90184
0,40,7.5059,26.3905,0.0511621,1.76531
0,40,7.50693,26.8726,0.0556372,1.50975
0,40,7.50718,27.3506,0.0393267,1.4792
0,40,7.50832,27.8255,0.048038,1.20886
0,40,7.50781,28.3013,0.0314004,1.12405
0,40,7.50877,28.7715,0.0269604,1.00477
0,40,7.5074,29.2444,0.0092706,0.881694
0,40,7.50786,29.7122,0.0125393,0.788607
0,40,7.50535,30.1825,-0.0162001,0.617573
0,40,7.50594,30.647,0.0132133,0.530019
0,40,7.50225,31.1143,-0.0503051,0.3086
0,40,7.5038,31.5769,0.00285666,0.265504
0,40,7.49923,32.0413,-0.0715128,0.0377197
0,40,7.99993,12.9554,-0.000196703,2.98641
0,40,7.99964,13.4555,-0.00116428,2.98748
0,40,7.99957,13.9566,-0.00188257,2.98807
0,40,7.9996,14.4568,-0.00150284,2.98841
0,40,7.99964,14.9579,-0.00154065,2.98985
0,40,7.99966,15.4579,-0.00153866,2.98956
0,40,7.99983,15.959,-0.00076017,2.99035
0,40,8.00002,16.4591,0.000218263,2.99091
0,40,8.00026,16.9604,0.00145816,2.99335
0,40,8.00056,17.4604,0.00333064,2.99374
0,40,8.0008,17.9617,0.00402372,2.99658
0,40,8.00113,18.4617,0.0018518,2.9956
0,40,8.00124,18.9628,-0.00544903,2.99789
0,40,8.00129,19.4627,-0.017312,2.99873
0,40,8.00123,19.9637,-0.022464,3.00093
0,40,8.00109,20.4636,-0.0282231,2.99983
0,40,8.00106,20.9639,-0.0279244,2.98265
0,40,8.00101,21.4638,-0.024501,2.97971
0,40,8.00106,21.9633,-0.0220366,2.94069
0,40,8.0012,22.4629,-0.0182711,2.917
0,40,8.0014,22.9603,-0.0108112,2.82745
0,40,8.00179,23.4586,0.0002733,2.73632
0,40,8.00232,23.9525,0.01653,2.61869
0,40,8.00302,24.4467,0.0286745,2.40136
0,40,8.00407,24.9369,0.0470899,2.30414
0,40,8.005,25.4239,0.0530932,2.0259
0,40,8.00632,25.9109,0.0539606,1.90186
0,40,8.00727,26.3914,0.0550178,1.76769
0,40,8.00827,26.8733,0.0444123,1.50135
0,40,8.00905,27.3516,0.0412696,1.48955
0,40,8.00991,27.8258,0.0623063,1.21424
0,40,8.00999,28.302,0.0411069,1.11183
0,40,8.01153,28.7714,0.080516,1.00695
0,40,8.00991,29.2436,0.0361993,0.845917
0,40,8.01182,29.7108,0.0533253,0.767282
0,40,8.00716,30.1801,-0.0250963,0.594439
0,40,8.00966,30.6451,0.00941509,0.533766
0,40,8.00038,31.1122,-0.0921801,0.348403
0,40,8.0035,31.5757,-0.0439764,0.247441
0,40,7.99582,32.043,-0.116816,0.0651645
0,40,8.4999,12.9551,-0.000277498,2.98555
0,40,8.49954,13.4553,-0.00125159,2.9863
0,40,8.49964,13.9566,-0.00114997,2.9884
0,40,8.49937,14.4568,-0.00201412,2.98866
0,40,8.49955,14.9579,-0.00169675,2.98919
0,40,8.49938,15.458,-0.00277733,2.99026
0,40,8.49973,15.9593,-0.00116657,2.99183
0,40,8.49986,16.4594,-0.00063041,2.99229
0,40,8.50021,16.9608,0.00125592,2.99575
0,40,8.50051,17.4608,0.00301458,2.9959
0,40,8.50081,17.9621,0.00403404,2.99598
0,40,8.50118,18.462,0.00263749,2.99075
0,40,8.50133,18.9629,-0.00186263,2.98286
0,40,8.50141,19.4628,-0.0158,2.98704
0,40,8.50142,19.9635,-0.0185414,2.99535
0,40,8.50131,20.4635,-0.0234143,2.9965
0,40,8.50133,20.9639,-0.021536,2.98617
0,40,8.50135,21.4639,-0.0192952,2.98301
0,40,8.50143,21.9634,-0.0162035,2.94428
0,40,8.50162,22.4631,-0.0106992,2.92383
0,40,8.50183,22.9606,-0.00242057,2.83693
0,40,8.50233,23.4591,0.00928562,2.75375
0,40,8.50293,23.9532,0.0298983,2.63248
0,40,8.50374,24.4478,0.0354602,2.42033
0,40,8.50519,24.938,0.0712076,2.32192
0,40,8.50593,25.4253,0.056712,2.02022
0,40,8.50848,25.9124,0.0860642,1.91597
0,40,8.50867,26.3923,0.0694647,1.74161
0,40,8.5117,26.8748,0.0609789,1.49106
0,40,8.51152,27.3519,0.0696568,1.4932
0,40,8.51406,27.8266,0.0443538,1.18684
0,40,8.51343,28.3025,0.0458084,1.13266
0,40,8.51553,28.7714,0.0414763,1.00112
0,40,8.513,29.2438,0.0204193,0.842639
0,40,8.51522,29.7102,0.0244106,0.766946
0,40,8.50959,30.1792,0.00629127,0.569687
0,40,8.51247,30.6421,0.0183016,0.487323
0,40,8.5021,31.1088,-0.0769301,0.237837
0,40,8.50887,31.5676,0.0573879,0.174613
0,40,8.49042,32.0326,-0.202329,-0.0670918
0,40,8.99986,12.9548,-0.000379476,2.98469
0,40,8.99929,13.4552,-0.002006,2.98624
0,40,8.99915,13.9565,-0.0026064,2.98739
0,40,8.99923,14.4567,-0.00283909,2.98813
0,40,8.99918,14.958,-0.00288708,2.98951
0,40,8.99978,15.4581,-0.000731432,2.99017
0,40,8.99976,15.9596,-0.00138948,2.99263
0,40,9.00052,16.4595,-0.000425596,2.99178
0,40,9.00043,16.961,-0.00887093,2.99216
0,40,9.00083,17.4609,-0.0241814,2.99224
0,40,9.00052,17.9622,-0.0336698,2.99312
0,40,9.00052,18.4621,-0.0412081,2.99135
0,40,9.0003,18.9629,-0.0369746,2.98187
0,40,9.00039,19.4628,-0.0297965,2.9854
0,40,9.00034,19.9635,-0.0280047,2.99555
0,40,9.00047,20.4635,-0.027034,2.99553
0,40,9.00039,20.964,-0.0281797,2.98802
0,40,9.00052,21.4639,-0.0257059,2.98384
0,40,9.00051,21.9635,-0.0253255,2.94939
0,40,9.00085,22.4632,-0.0137404,2.93104
0,40,9.001,22.961,-0.00899314,2.84608
0,40,9.00182,23.4597,0.0148722,2.77567
0,40,9.00226,23.9538,0.0285726,2.63823
0,40,9.00376,24.4493,0.0485119,2.45164
0,40,9.00479,24.9387,0.076627,2.32366
0,40,9.00646,25.4274,0.057011,2.02489
0,40,9.00849,25.9134,0.0951263,1.93738
0,40,9.00917,26.3941,0.044946,1.70041
0,40,9.01222,26.8766,0.0693118,1.53269
0,40,9.01198,27.3525,0.0676643,1.46477
0,40,9.01542,27.8286,0.0696381,1.18241
0,40,9.01543,28.3021,0.10953,1.12391
0,40,9.01866,28.7709,0.105513,0.924066
0,40,9.01745,29.2408,0.0947343,0.768432
0,40,9.02007,29.7053,0.0807477,0.667394
0,40,9.01479,30.1714,0.0700842,0.458667
0,40,9.0167,30.6325,0.0183014,0.378063
0,40,9.00244,31.0992,-0.0200494,0.193281
0,40,9.00862,31.5614,-0.13489,0.191638
0,40,8.97386,32.0394,-0.234954,0.163053
0,40,9.50171,12.9562,0.00598406,2.98969
0,40,9.49765,13.4563,-0.00807221,2.99003
0,40,9.50053,13.9582,0.00230322,2.99374
0,40,9.49836,14.4581,-0.00626838,2.99344
0,40,9.50043,14.9596,0.00212317,2.99653
0,40,9.49926,15.4596,-0.00294876,2.99657
0,40,9.50077,15.961,0.00394645,2.99817
0,40,9.50021,16.461,-0.0013835,2.99467
0,40,9.50127,16.9619,-0.00120686,2.98209
0,40,9.50062,17.4619,-0.0286186,2.9836
0,40,9.50124,17.9625,-0.0264238,2.98802
0,40,9.50036,18.4626,-0.0453419,2.9919
0,40,9.50088,18.9633,-0.0330231,2.99664
0,40,9.50037,19.4635,-0.0315664,2.99637
0,40,9.50083,19.964,-0.0239941,3.00012
0,40,9.50055,20.464,-0.0285374,2.99916
0,40,9.50083,20.9644,-0.0232426,2.99401
0,40,9.50066,21.4643,-0.0274627,2.98972
0,40,9.50097,21.9642,-0.0174211,2.96639
0,40,9.50093,22.4639,-0.0199599,2.94903
0,40,9.50155,22.9623,0.00174258,2.88522
0,40,9.50158,23.4611,0.000147537,2.82592
0,40,9.50303,23.9566,0.0385284,2.70655
0,40,9.50308,24.4527,0.0348097,2.55474
0,40,9.50592,24.944,0.0764804,2.41721
0,40,9.5059,25.4345,0.070162,2.1604
0,40,9.51006,25.922,0.0758649,2.06353
0,40,9.50999,26.4055,0.0856945,1.81853
0,40,9.51417,26.8909,0.0258026,1.71731
0,40,9.51473,27.3698,0.0882892,1.62467
0,40,9.51716,27.8525,-0.00736506,1.43276
0,40,9.51933,28.3308,0.0926684,1.46699
0,40,9.51923,28.8091,0.0143359,1.27179
0,40,9.52246,29.2877,0.0929909,1.32323
0,40,9.51964,29.7622,0.0230629,1.23744
0,40,9.5221,30.2377,0.10289,1.19993
0,40,9.51536,30.7069,-0.0427624,1.09183
0,40,9.51214,31.1709,0.0385687,0.874381
0,40,9.50512,31.6257,-0.132913,0.615508
0,40,9.48615,32.072,-0.0804018,0.188371
1,40,10,1.5,0,0
1,40,10.5,1.5,0,0
1,40,1.5,1.5,0,0
1,40,2,1.5,0,0
1,40,10,2,0,0
1,40,10.5,2,0,0
1,40,1.5,2,0,0
1,40,2,2,0,0
1,40,10,2.5,0,0
1,40,10.5,2.5,0,0
1,40,1.5,2.5,0,0
1,40,2,2.5,0,0
1,40,10,3,0,0
1,40,10.5,3,0,0
1,40,1.5,3,0,0
1,40,2,3,0,0
1,40,10,3.5,0,0
1,40,10.5,3.5,0,0
1,40,1.5,3.5,0,0
1,40,2,3.5,0,0
1,40,10,4,0,0
1,40,10.5,4,0,0
1,40,1.5,4,0,0
1,40,2,4,0,0
1,40,10,4.5,0,0
1,40,10.5,4.5,0,0
1,40,1.5,4.5,0,0
1,40,2,4.5,0,0
1,40,10,5,0,0
1,40,10.5,5,0,0
1,40,1.5,5,0,0
1,40,2,5,0,0
1,40,10,5.5,0,0
1,40,10.5,5.5,0,0
1,40,1.5,5.5,0,0
1,40,2,5.5,0,0
1,40,10,6,0,0
1,40,10.5,6,0,0
1,40,1.5,6,0,0
1,40,2,6,0,0
1,40,10,6.5,0,0
1,40,10.5,6.5,0,0
1,40,1.5,6.5,0,0
1,40,2,6.5,0,0
1,40,10,7,0,0
1,40,10.5,7,0,0
1,40,1.5,7,0,0
1,40,2,7,0,0
1,40,10,7.5,0,0
1,40,10.5,7.5,0,0
1,40,1.5,7.5,0,0
1,40,2,7.5,0,0
1,40,10,8,0,0
1,40,10.5,8,0,0
1,40,1.5,8,0,0
1,40,2,8,0,0
1,40,10,8.5,0,0
1,40,10.5,8.5,0,0
1,40,1.5,8.5,0,0
1,40,2,8.5,0,0
1,40,10,9,0,0
1,40,10.5,9,0,0
1,40,1.5,9,0,0
1,40,2,9,0,0
1,40,10,9.5,0,0
1,40,10.5,9.5,0,0
1,40,1.5,9.5,0,0
1,40,2,9.5,0,0
1,40,10,10,0,0
1,40,10.5,10,0,0
1,40,1.5,10,0,0
1,40,2,10,0,0
1,40,10,10.5,0,0
1,40,10.5,10.5,0,0
1,40,1.5,10.5,0,0
1,40,2,10.5,0,0
1,40,10,11,0,0
1,40,10.5,11,0,0
1,40,1.5,11,0,0
1,40,2,11,0,0
1,40,10,11.5,0,0
1,40,10.5,11.5,0,0
1,40,1.5,11.5,0,0
1,40,2,11.5,0,0
1,40,10,12,0,0
1,40,10.5,12,0,0
1,40,1.5,12,0,0
1,40,2,12,0,0
1,40,10,12.5,0,0
1,40,10.5,12.5,0,0
1,40,1.5,12.5,0,0
1,40,2,12.5,0,0
1,40,10,13,0,0
1,40,10.5,13,0,0
1,40,1.5,13,0,0
1,40,2,13,0,0
1,40,10,13.5,0,0
1,40,10.5,13.5,0,0
1,40,1.5,13.5,0,0
1,40,2,13.5,0,0
1,40,10,14,0,0
1,40,10.5,14,0,0
1,40,1.5,14,0,0
1,40,2,14,0,0
1,40,10,14.5,0,0
1,40,10.5,14.5,0,0
1,40,1.5,14.5,0,0
1,40,2,14.5,0,0
1,40,10,15,0,0
1,40,10.5,15,0,0
1,40,1.5,15,0,0
1,40,2,15,0,0
1,40,10,15.5,0,0
1,40,10.5,15.5,0,0
1,40,1.5,15.5,0,0
1,40,2,15.5,0,0
1,40,10,16,0,0
1,40,10.5,16,0,0
1,40,1.5,16,0,0
1,40,2,16,0,0
1,40,10,16.5,0,0
1,40,10.5,16.5,0,0
1,40,1.5,16.5,0,0
1,40,2,16.5,0,0
1,40,10,17,0,0
1,40,10.5,17,0,0
1,40,1.5,17,0,0
1,40,2,17,0,0
1,40,10,17.5,0,0
1,40,10.5,17.5,0,0
1,40,1.5,17.5,0,0
1,40,2,17.5,0,0
1,40,10,18,0,0
1,40,10.5,18,0,0
1,40,1.5,18,0,0
1,40,2,18,0,0
1,40,10,18.5,0,0
1,40,10.5,18.5,0,0
1,40,1.5,18.5,0,0
1,40,2,18.5,0,0
1,40,10,19,0,0
1,40,10.5,19,0,0
1,40,1.5,19,0,0
1,40,2,19,0,0
1,40,10,19.5,0,0
1,40,10.5,19.5,0,0
1,40,1.5,19.5,0,0
1,40,2,19.5,0,0
1,40,10,20,0,0
1,40,10.5,20,0,0
1,40,1.5,20,0,0
1,40,2,20,0,0
1,40,10,20.5,0,0
1,40,10.5,20.5,0,0
1,40,1.5,20.5,0,0
1,40,2,20.5,0,0
1,40,10,21,0,0
1,40,10.5,21,0,0
1,40,1.5,21,0,0
1,40,2,21,0,0
1,40,10,21.5,0,0
1,40,10.5,21.5,0,0
1,40,1.5,21.5,0,0
1,40,2,21.5,0,0
1,40,10,22,0,0
1,40,10.5,22,0,0
1,40,1.5,22,0,0
1,40,2,22,0,0
1,40,10,22.5,0,0
1,40,10.5,22.5,0,0
1,40,1.5,22.5,0,0
1,40,2,22.5,0,0
1,40,10,23,0,0
1,40,10.5,23,0,0
1,40,1.5,23,0,0
1,40,2,23,0,0
1,40,10,23.5,0,0
1,40,10.5,23.5,0,0
1,40,1.5,23.5,0,0
1,40,2,23.5,0,0
1,40,10,24,0,0
1,40,10.5,24,0,0
1,40,1.5,24,0,0
1,40,2,24,0,0
1,40,10,24.5,0,0
1,40,10.5,24.5,0,0
1,40,1.5,24.5,0,0
1,40,2,24.5,0,0
1,40,10,25,0,0
1,40,10.5,25,0,0
1,40,1.5,25,0,0
1,40,2,25,0,0
1,40,10,25.5,0,0
1,40,10.5,25.5,0,0
1,40,1.5,25.5,0,0
1,40,2,25.5,0,0
1,40,10,26,0,0
1,40,10.5,26,0,0
1,40,1.5,26,0,0
1,40,2,26,0,0
1,40,10,26.5,0,0
1,40,10.5,26.5,0,0
1,40,1.5,26.5,0,0
1,40,2,26.5,0,0
1,40,10,27,0,0
1,40,10.5,27,0,0
1,40,1.5,27,0,0
1,40,2,27,0,0
1,40,10,27.5,0,0
1,40,10.5,27.5,0,0
1,40,1.5,27.5,0,0
1,40,2,27.5,0,0
1,40,10,28,0,0
1,40,10.5,28,0,0
1,40,1.5,28,0,0
1,40,2,28,0,0
1,40,10,28.5,0,0
1,40,10.5,28.5,0,0
1,40,1.5,28.5,0,0
1,40,2,28.5,0,0
1,40,10,29,0,0
1,40,10.5,29,0,0
1,40,1.5,29,0,0
1,40,2,29,0,0
1,40,10,29.5,0,0
1,40,10.5,29.5,0,0
1,40,1.5,29.5,0,0
1,40,2,29.5,0,0
1,40,10,30,0,0
1,40,10.5,30,0,0
1,40,1.5,30,0,0
1,40,2,30,0,0
1,40,10,30.5,0,0
1,40,10.5,30.5,0,0
1,40,1.5,30.5,0,0
1,40,2,30.5,0,0
1,40,10,31,0,0
1,40,10.5,31,0,0
1,40,1.5,31,0,0
1,40,2,31,0,0
1,40,10,31.5,0,0
1,40,10.5,31.5,0,0
1,40,1.5,31.5,0,0
1,40,2,31.5,0,0
1,40,10,32,0,0
1,40,10.5,32,0,0
1,40,1.5,32,0,0
1,40,2,32,0,0
1,40,10,32.5,0,0
1,40,10.5,32.5,0,0
1,40,1.5,32.5,0,0
1,40,2,32.5,0,0
1,40,10,33,0,0
1,40,10.5,33,0,0
1,40,1.5,33,0,0
1,40,2,33,0,0
1,40,2.5,1.5,0,0
1,40,2.5,2,0,0
1,40,2.5,32.5,0,0
1,40,2.5,33,0,0
1,40,3,1.5,0,0
1,40,3,2,0,0
1,40,3,32.5,0,0
1,40,3,33,0,0
1,40,3.5,1.5,0,0
1,40,3.5,2,0,0
1,40,3.5,32.5,0,0
1,40,3.5,33,0,0
1,40,4,1.5,0,0
1,40,4,2,0,0
1,40,4,32.5,0,0
1,40,4,33,0,0
1,40,4.5,1.5,0,0
1,40,4.5,2,0,0
1,40,4.5,32.5,0,0
1,40,4.5,33,0,0
1,40,5,1.5,0,0
1,40,5,2,0,0
1,40,5,32.5,0,0
1,40,5,33,0,0
1,40,5.5,1.5,0,0
1,40,5.5,2,0,0
1,40,5.5,32.5,0,0
1,40,5.5,33,0,0
1,40,6,1.5,0,0
1,40,6,2,0,0
1,40,6,32.5,0,0
1,40,6,33,0,0
1,40,6.5,1.5,0,0
1,40,6.5,2,0,0
1,40,6.5,32.5,0,0
1,40,6.5,33,0,0
1,40,7,1.5,0,0
1,40,7,2,0,0
1,40,7,32.5,0,0
1,40,7,33,0,0
1,40,7.5,1.5,0,0
1,40,7.5,2,0,0
1,40,7.5,32.5,0,0
1,40,7.5,33,0,0
1,40,8,1.5,0,0
1,40,8,2,0,0
1,40,8,32.5,0,0
1,40,8,33,0,0
1,40,8.5,1.5,0,0
1,40,8.5,2,0,0
1,40,8.5,32.5,0,0
1,40,8.5,33,0,0
1,40,9,1.5,0,0
1,40,9,2,0,0
1,40,9,32.5,0,0
1,40,9,33,0,0
1,40,9.5,1.5,0,0
1,40,9.5,2,0,0
1,40,9.5,32.5,0,0
1,40,9.5,33,0,0
