916 2 0.5 203000 0 2 0 1e-05 0 9.81 45 45
0,40,2.36846,15.207,-1.29557,3.6137
0,40,2.53635,15.6855,0.218737,3.58404
0,40,2.46657,16.1801,-0.251222,3.41233
0,40,2.5016,16.6828,-0.06062,3.58936
0,40,2.48484,17.1657,-0.0603279,3.54928
0,40,2.48662,17.6595,-0.0849488,3.67397
0,40,2.48115,18.1362,-0.0182848,3.58057
0,40,2.4787,18.6173,0.0858484,3.7121
0,40,2.47435,19.0885,0.123619,3.76217
0,40,2.47086,19.5599,0.206468,3.90339
0,40,2.46514,20.0272,0.196614,4.01104
0,40,2.46192,20.4905,0.221853,4.04671
0,40,2.45693,20.95,0.152976,3.99263
0,40,2.45539,21.4049,0.0536927,3.94008
0,40,2.45127,21.8564,-0.0803205,3.84082
0,40,2.45174,22.3057,-0.1964,3.75636
0,40,2.45161,22.7512,-0.232159,3.68363
0,40,2.45607,23.1944,-0.21542,3.57381
0,40,2.45814,23.6343,-0.159623,3.45819
0,40,2.45957,24.0747,-0.127092,3.32473
0,40,2.45821,24.5146,-0.111035,3.2485
0,40,2.45728,24.9553,-0.152867,3.13763
0,40,2.46007,25.392,-0.149733,3.01638
0,40,2.46413,25.823,-0.155289,2.84816
0,40,2.47091,26.2455,-0.0395372,2.76095
0,40,2.47071,26.6614,0.0992704,2.54815
0,40,2.47032,27.0764,0.205941,2.19843
0,40,2.4671,27.4929,0.227905,1.79641
0,40,2.4653,27.9091,0.0403338,1.60048
0,40,2.47535,28.317,-0.153392,1.55232
0,40,2.4989,28.7023,0.0434899,1.38284
0,40,2.49512,29.0898,0.109789,1.15743
0,40,2.51675,29.4571,0.944452,0.608528
0,40,2.42501,29.8589,-0.186606,0.0314714
0,40,2.44092,30.2954,-0.115587,0.243091
0,40,2.46097,30.7095,-1.18678,0.952285
0,40,2.31834,31.1984,0.918661,1.16128
0,40,2.67921,31.3986,1.04716,1.24876
0,40,2.34277,31.7914,0.771941,-0.233894
0,40,2.54139,32.2179,-1.54556,-0.0949796
0,40,2.98971,15.0979,-0.128075,2.61677
0,40,2.99722,15.5884,-0.061885,2.64221
0,40,2.98846,16.0884,-0.195174,2.58834
0,40,2.98843,16.565,-0.0859041,2.6081
0,40,2.98952,17.0539,-0.0312345,2.47411
0,40,2.98255,17.5274,-0.0592802,2.53036
0,40,2.98337,17.996,0.00597784,2.30411
0,40,2.97614,18.4589,0.0322938,2.33004
0,40,2.97693,18.914,0.0646907,2.23144
0,40,2.97073,19.3632,0.081645,2.24866
0,40,2.97079,19.8084,0.0197156,2.24716
0,40,2.96828,20.2471,-0.0223352,2.25086
0,40,2.96812,20.6825,-0.103614,2.10595
0,40,2.96816,21.113,-0.14984,1.95308
0,40,2.96789,21.5409,-0.197826,1.8475
0,40,2.96917,21.9659,-0.202213,1.69238
0,40,2.96888,22.39,-0.238057,1.61565
0,40,2.97234,22.8106,-0.173719,1.62492
0,40,2.97314,23.2297,-0.132343,1.58223
0,40,2.97557,23.6481,-0.0927454,1.70084
0,40,2.97069,24.0632,-0.0877739,1.70011
0,40,2.96713,24.4794,-0.200762,1.73818
0,40,2.96157,24.8929,-0.295254,1.72358
0,40,2.96486,25.3102,-0.402836,1.63208
0,40,2.97134,25.7273,-0.289566,1.55498
0,40,2.97794,26.1505,-0.128689,1.38217
0,40,2.97776,26.5747,0.0738119,1.41203
0,40,2.9732,27,0.189884,1.42775
0,40,2.96877,27.4235,0.233109,1.5165
0,40,2.97002,27.8443,0.0689962,1.55908
0,40,2.99018,28.2579,0.0542808,1.38296
0,40,3.01195,28.6871,0.284408,1.10226
0,40,3.00705,29.1224,0.451765,0.977793
0,40,2.99567,29.592,0.480984,1.5053
0,40,2.8864,30.0071,-0.729482,1.51381
0,40,3.00346,30.4282,-0.490064,1.50329
0,40,2.81759,30.8345,-0.787008,0.7702
0,40,3.06018,31.2827,0.350371,0.525247
0,40,2.84395,31.8496,0.892058,1.03572
0,40,3.22998,32.1702,-0.446365,0.695717
0,40,3.4994,15.098,0.00648607,2.6067
0,40,3.4967,15.5953,0.00451205,2.7857
0,40,3.49208,16.0841,0.0101965,2.6906
0,40,3.49622,16.5772,0.096667,2.79287
0,40,3.49024,17.0588,0.0954186,2.70086
0,40,3.49145,17.5422,0.141466,2.80855
0,40,3.4869,18.0142,0.194182,2.74918
0,40,3.48602,18.4881,0.191174,2.83602
0,40,3.48354,18.9521,0.224418,2.92763
0,40,3.48107,19.415,0.17716,3.02689
0,40,3.47974,19.8742,0.106139,3.14981
0,40,3.47841,20.3298,0.0307845,3.32348
0,40,3.47676,20.7836,-0.0425781,3.27076
0,40,3.47565,21.2362,-0.0907091,3.40179
0,40,3.47446,21.684,-0.111758,3.4013
0,40,3.4743,22.132,-0.141351,3.34926
0,40,3.47428,22.5762,-0.14491,3.46232
0,40,3.4754,23.0188,-0.0895964,3.39384
0,40,3.47521,23.4628,-0.0511864,3.44995
0,40,3.47504,23.9034,-0.000432316,3.41589
0,40,3.47065,24.3428,-0.0630292,3.2963
0,40,3.47001,24.7758,-0.104863,3.12897
0,40,3.46934,25.2055,-0.186957,2.79981
0,40,3.47735,25.6309,-0.15919,2.53857
0,40,3.47999,26.0546,-0.115034,2.20445
0,40,3.48663,26.4745,0.0273735,1.99358
0,40,3.4799,26.8882,0.00755838,1.89236
0,40,3.48216,27.2969,0.0335226,1.82947
0,40,3.4791,27.7011,-0.0412316,1.76809
0,40,3.48956,28.109,0.0988268,1.68198
0,40,3.48921,28.5267,0.141185,1.79566
0,40,3.49097,28.9489,0.233625,1.91279
0,40,3.44876,29.3797,-0.193202,2.04574
0,40,3.48373,29.7795,0.453982,1.91447
0,40,3.37529,30.1743,-1.10317,1.22117
0,40,3.53994,30.5816,0.76496,0.876848
0,40,3.29132,30.9286,-0.68341,-0.282193
0,40,3.59873,31.3734,-0.867902,-0.561602
0,40,3.24007,31.725,1.41154,0.654851
0,40,3.76951,32.1276,0.0892366,0.298729
0,40,3.99814,15.0977,-0.0078519,2.64826
0,40,3.99697,15.595,0.0101165,2.79283
0,40,3.99554,16.0858,-0.0286747,2.71406
0,40,3.99414,16.5731,0.00971861,2.7832
0,40,3.99216,17.0584,0.0125047,2.69306
0,40,3.99055,17.5377,-0.0487954,2.75208
0,40,3.98841,18.0107,-0.0293807,2.72726
0,40,3.986,18.4818,-0.064783,2.69973
0,40,3.98421,18.9452,-0.031463,2.83631
0,40,3.98357,19.4046,-0.0246108,2.72264
0,40,3.98208,19.8605,-0.0824276,2.75861
0,40,3.98353,20.3097,-0.12556,2.8379
0,40,3.98053,20.7563,-0.156753,2.68144
0,40,3.98198,21.2003,-0.161883,2.68216
0,40,3.9782,21.6365,-0.143554,2.57469
0,40,3.98042,22.0715,-0.0508339,2.30906
0,40,3.97689,22.5009,-0.0164451,2.23374
0,40,3.98019,22.9253,0.0893876,2.0023
0,40,3.97548,23.3482,0.0878823,1.8276
0,40,3.97784,23.7658,0.130421,1.69298
0,40,3.97087,24.1814,0.0295288,1.50209
0,40,3.97299,24.5953,0.0349182,1.48811
0,40,3.96733,25.0104,-0.0777728,1.38383
0,40,3.97262,25.431,-0.0560922,1.45816
0,40,3.96894,25.8585,-0.13922,1.54751
0,40,3.97489,26.2963,-0.0901431,1.67725
0,40,3.97209,26.7385,-0.127281,1.79701
0,40,3.97784,27.1821,-0.00993623,1.7028
0,40,3.9766,27.6207,-0.0057525,1.57185
0,40,3.98125,28.0593,0.066872,1.34768
0,40,3.98013,28.4889,0.0363085,1.25472
0,40,3.97973,28.9229,0.091573,1.04007
0,40,3.95896,29.3353,-0.226233,1.00186
0,40,3.99993,29.7458,0.531257,0.594245
0,40,3.88878,30.1624,-0.633101,0.769406
0,40,4.06247,30.5281,0.64787,0.138777
0,40,3.78861,30.9773,0.447091,0.332001
0,40,4.1379,31.3229,-0.474213,1.02431
0,40,3.74383,31.7302,0.671109,0.450386
0,40,4.28351,32.1115,0.374263,-0.135362
0,40,4.49886,15.0968,-0.00321273,2.65423
0,40,4.49739,15.5921,0.00688472,2.74788
0,40,4.49597,16.0835,-0.0228481,2.72129
0,40,4.4952,16.5723,0.0149116,2.83602
0,40,4.49284,17.056,-0.00535502,2.64661
0,40,4.49218,17.5359,-0.00668553,2.75062
0,40,4.4896,18.0088,-0.0146104,2.73093
0,40,4.48979,18.4799,-0.00554561,2.72287
0,40,4.4879,18.9458,-0.0252818,2.87216
0,40,4.48931,19.4047,-0.0190694,2.79287
0,40,4.48669,19.8631,0.00363086,2.77484
0,40,4.4894,20.3138,0.00918457,2.96689
0,40,4.48661,20.7613,0.058685,2.84582
0,40,4.48867,21.2092,0.0813008,2.94273
0,40,4.48554,21.6492,0.127361,3.03653
0,40,4.48764,22.0901,0.227353,2.85359
0,40,4.48374,22.5288,0.219076,2.992
0,40,4.4873,22.9631,0.327894,2.95119
0,40,4.48222,23.4001,0.28938,2.90327
0,40,4.48631,23.8326,0.305581,2.89326
0,40,4.48068,24.2629,0.217635,2.66295
0,40,4.48552,24.6886,0.152928,2.50239
0,40,4.47955,25.1076,4.04606e-05,2.11746
0,40,4.48604,25.5216,-0.00298485,1.86379
0,40,4.47755,25.9254,-0.133914,1.46263
0,40,4.48621,26.3266,0.0295787,1.16061
0,40,4.47721,26.72,-0.0881767,0.928913
0,40,4.48513,27.1146,0.0532987,0.716981
0,40,4.48051,27.5097,-0.0448634,0.654203
0,40,4.47913,27.9076,-0.0224449,0.514348
0,40,4.47758,28.3148,-0.0185896,0.592002
0,40,4.47186,28.7219,-0.0523484,0.555264
0,40,4.46467,29.1436,-0.0722962,0.680139
0,40,4.4808,29.5539,0.118732,0.498073
0,40,4.41048,30.0001,-0.383735,0.815306
0,40,4.53756,30.3976,0.182985,0.6766
0,40,4.29277,30.8665,-0.0580186,0.985554
0,40,4.59672,31.2826,-0.121601,1.09074
0,40,4.26893,31.7084,0.565096,0.092855
0,40,4.77924,32.0599,0.52809,0.292668
0,40,4.99907,15.0965,-0.00478655,2.68075
0,40,4.99786,15.5911,0.0126471,2.7666
0,40,4.99756,16.0832,0.045629,2.70825
0,40,4.99747,16.5715,-0.0038721,2.82068
0,40,4.99616,17.0543,-0.0358426,2.62539
0,40,4.99559,17.5355,-0.0581486,2.74036
0,40,4.99423,18.0079,-0.0802207,2.72821
0,40,4.99465,18.48,-0.0725181,2.70905
0,40,4.99334,18.9457,-0.0892016,2.83786
0,40,4.99507,19.4047,-0.0715358,2.81473
0,40,4.99334,19.862,-0.052389,2.76527
0,40,4.99543,20.313,-0.011471,2.96588
0,40,4.99252,20.7586,0.0121545,2.85073
0,40,4.99546,21.2053,0.0874741,2.85607
0,40,4.99061,21.6433,0.060861,2.95708
0,40,4.99317,22.0799,0.132639,2.68476
0,40,4.98702,22.5158,0.155018,2.71417
0,40,4.98986,22.9438,0.207879,2.58395
0,40,4.98384,23.3745,0.18834,2.35552
0,40,4.98672,23.8005,0.190436,2.31692
0,40,4.98095,24.2271,0.126918,2.13524
0,40,4.98505,24.6545,0.132504,2.12263
0,40,4.98161,25.0835,0.0674387,2.12404
0,40,4.98851,25.5176,0.114695,2.27965
0,40,4.98766,25.9518,0.0444948,2.3485
0,40,4.99606,26.3904,0.0846276,2.39791
0,40,4.99419,26.8242,-0.00235427,2.45192
0,40,4.99853,27.2564,0.0302995,2.34427
0,40,4.99324,27.6814,-0.0612811,2.26329
0,40,4.98938,28.1018,-0.0739071,2.02477
0,40,4.98519,28.513,-0.117892,1.90129
0,40,4.97346,28.926,-0.155743,1.63544
0,40,4.97973,29.3214,-0.0401603,1.46506
0,40,4.96463,29.7366,-0.248798,1.37723
0,40,4.93446,30.1076,-0.161168,1.02137
0,40,5.05787,30.5385,0.507616,1.05608
0,40,4.77752,30.8435,-0.453687,0.27509
0,40,5.05144,31.2519,-0.95883,-0.27355
0,40,4.82176,31.7043,1.78803,1.03277
0,40,5.27024,32.158,1.62774,1.35714
0,40,5.49972,15.0956,-0.00604765,2.66573
0,40,5.49967,15.5905,-0.0264415,2.78609
0,40,5.49923,16.083,-0.0530509,2.70337
0,40,5.49784,16.5706,-0.0591167,2.76444
0,40,5.49726,17.0534,-0.0784518,2.60797
0,40,5.49703,17.5341,-0.078522,2.71114
0,40,5.49632,18.0073,-0.094635,2.72069
0,40,5.49704,18.4792,-0.0793247,2.72871
0,40,5.4959,18.9455,-0.0742568,2.82949
0,40,5.49694,19.4051,-0.0855166,2.84677
0,40,5.49593,19.8622,-0.0356368,2.83098
0,40,5.49703,20.3135,0.00902675,3.00686
0,40,5.49584,20.7602,0.0178823,2.94934
0,40,5.49709,21.2063,0.0927951,2.96359
0,40,5.49421,21.6456,0.104859,3.05078
0,40,5.49641,22.0844,0.170662,2.91646
0,40,5.49331,22.5217,0.183083,2.91193
0,40,5.49508,22.9553,0.165791,2.83865
0,40,5.4919,23.3878,0.150676,2.65894
0,40,5.49372,23.8182,0.179499,2.5333
0,40,5.49042,24.2443,0.0918915,2.25486
0,40,5.49339,24.6675,0.084944,2.02318
0,40,5.48914,25.0857,0.00688265,1.76985
0,40,5.49326,25.5016,0.0142227,1.56574
0,40,5.48874,25.9143,-0.045606,1.40676
0,40,5.49388,26.3264,0.0196303,1.22167
0,40,5.49033,26.7401,-0.0077675,1.22264
0,40,5.4947,27.152,0.0119706,1.08337
0,40,5.49394,27.5671,0.0132792,1.03248
0,40,5.49213,27.9777,-0.0435987,0.886627
0,40,5.49562,28.3909,0.0127134,0.796619
0,40,5.47983,28.797,-0.176936,0.711492
0,40,5.49822,29.2117,0.0479906,0.664317
0,40,5.47459,29.614,-0.0969675,0.431845
0,40,5.46717,30.0298,-0.195732,0.441104
0,40,5.53433,30.4122,0.143177,-0.240803
0,40,5.39113,30.8577,0.447981,0.674199
0,40,5.55809,31.1859,-0.315782,-0.128386
0,40,5.32115,31.6269,0.0894475,0.481123
0,40,5.62255,31.8626,0.544712,-1.3825
0,40,6,15.0965,-1.54241e-11,2.66917
0,40,6,15.5903,-7.33549e-11,2.73989
0,40,6,16.0818,-2.77628e-11,2.68538
0,40,6,16.57,7.35664e-11,2.78967
0,40,6,17.0535,8.81102e-11,2.59863
0,40,6,17.5345,4.39765e-11,2.72566
0,40,6,18.0079,5.24574e-11,2.71183
0,40,6,18.4798,1.19886e-10,2.74915
0,40,6,18.9454,2.74793e-11,2.80943
0,40,6,19.4056,5.01622e-11,2.85002
0,40,6,19.8617,8.71687e-11,2.87649
0,40,6,20.3133,-4.30868e-11,2.98504
0,40,6,20.7593,3.18265e-11,2.95241
0,40,6,21.2035,1.63424e-10,2.94133
0,40,6,21.6429,3.06172e-11,3.00145
0,40,6,22.0796,2.12614e-11,2.83192
0,40,6,22.5145,6.11594e-12,2.74796
0,40,6,22.9448,-9.14958e-11,2.60991
0,40,6,23.3758,-5.02993e-11,2.49454
0,40,6,23.8039,-5.97039e-11,2.35858
0,40,6,24.2335,-1.73994e-12,2.17624
0,40,6,24.6612,3.52807e-11,2.16753
0,40,6,25.0903,3.43442e-12,2.09422
0,40,6,25.5213,1.10658e-14,2.17811
0,40,6,25.9492,-3.18195e-11,2.15622
0,40,6,26.3786,-3.74959e-11,2.14636
0,40,6,26.8023,-1.73615e-11,2.1243
0,40,6,27.2245,8.35069e-12,2.06924
0,40,6,27.6433,3.85582e-11,2.04188
0,40,6,28.0581,2.01258e-11,1.8761
0,40,6,28.4717,2.82781e-11,1.80989
0,40,6,28.8753,4.5133e-12,1.39953
0,40,6,29.2738,-7.43944e-12,1.31378
0,40,6,29.6866,-1.49579e-11,0.994881
0,40,6,30.0386,1.51833e-12,0.9345
0,40,6,30.5052,-3.6711e-11,0.957392
0,40,6,30.8398,-6.5115e-12,0.988356
0,40,6,31.3015,-1.59683e-11,0.398322
0,40,6,31.6817,-1.8195e-11,2.06661
0,40,6,32.2525,6.5397e-12,2.39291
0,40,6.50028,15.0956,0.00604765,2.66573
0,40,6.50033,15.5905,0.0264415,2.78609
0,40,6.50077,16.083,0.0530509,2.70337
0,40,6.50216,16.5706,0.0591167,2.76444
0,40,6.50274,17.0534,0.0784518,2.60797
0,40,6.50297,17.5341,0.078522,2.71114
0,40,6.50368,18.0073,0.094635,2.72069
0,40,6.50296,18.4792,0.0793247,2.72871
0,40,6.5041,18.9455,0.0742568,2.82949
0,40,6.50306,19.4051,0.0855166,2.84677
0,40,6.50407,19.8622,0.0356368,2.83098
0,40,6.50297,20.3135,-0.00902675,3.00686
0,40,6.50416,20.7602,-0.0178823,2.94934
0,40,6.50291,21.2063,-0.0927951,2.96359
0,40,6.50579,21.6456,-0.104859,3.05078
0,40,6.50359,22.0844,-0.170662,2.91646
0,40,6.50669,22.5217,-0.183083,2.91193
0,40,6.50492,22.9553,-0.165791,2.83865
0,40,6.5081,23.3878,-0.150676,2.65894
0,40,6.50628,23.8182,-0.179499,2.5333
0,40,6.50958,24.2443,-0.0918915,2.25486
0,40,6.50661,24.6675,-0.084944,2.02318
0,40,6.51086,25.0857,-0.00688265,1.76985
0,40,6.50674,25.5016,-0.0142227,1.56574
0,40,6.51126,25.9143,0.045606,1.40676
0,40,6.50612,26.3264,-0.0196303,1.22167
0,40,6.50967,26.7401,0.0077675,1.22264
0,40,6.5053,27.152,-0.0119706,1.08337
0,40,6.50606,27.5671,-0.0132792,1.03248
0,40,6.50787,27.9777,0.0435987,0.886627
0,40,6.50438,28.3909,-0.0127134,0.796619
0,40,6.52017,28.797,0.176936,0.711492
0,40,6.50178,29.2117,-0.0479906,0.664317
0,40,6.52541,29.614,0.0969675,0.431845
0,40,6.53283,30.0298,0.195732,0.441104
0,40,6.46567,30.4122,-0.143177,-0.240803
0,40,6.60887,30.8577,-0.447981,0.674199
0,40,6.44191,31.1859,0.315782,-0.128386
0,40,6.67885,31.6269,-0.0894475,0.481123
0,40,6.37745,31.8626,-0.544712,-1.3825
0,40,7.00093,15.0965,0.00478655,2.68075
0,40,7.00214,15.5911,-0.0126471,2.7666
0,40,7.00244,16.0832,-0.045629,2.70825
0,40,7.00253,16.5715,0.0038721,2.82068
0,40,7.00384,17.0543,0.0358426,2.62539
0,40,7.00441,17.5355,0.0581486,2.74036
0,40,7.00577,18.0079,0.0802207,2.72821
0,40,7.00535,18.48,0.0725181,2.70905
0,40,7.00666,18.9457,0.0892016,2.83786
0,40,7.00493,19.4047,0.0715358,2.81473
0,40,7.00666,19.862,0.052389,2.76527
0,40,7.00457,20.313,0.011471,2.96588
0,40,7.00748,20.7586,-0.0121545,2.85073
0,40,7.00454,21.2053,-0.0874741,2.85607
0,40,7.00939,21.6433,-0.060861,2.95708
0,40,7.00683,22.0799,-0.132639,2.68476
0,40,7.01298,22.5158,-0.155018,2.71417
0,40,7.01014,22.9438,-0.207879,2.58395
0,40,7.01616,23.3745,-0.18834,2.35552
0,40,7.01328,23.8005,-0.190436,2.31692
0,40,7.01905,24.2271,-0.126918,2.13524
0,40,7.01495,24.6545,-0.132504,2.12263
0,40,7.01839,25.0835,-0.0674387,2.12404
0,40,7.01149,25.5176,-0.114695,2.27965
0,40,7.01234,25.9518,-0.0444948,2.3485
0,40,7.00394,26.3904,-0.0846276,2.39791
0,40,7.00581,26.8242,0.00235427,2.45192
0,40,7.00147,27.2564,-0.0302995,2.34427
0,40,7.00676,27.6814,0.0612811,2.26329
0,40,7.01062,28.1018,0.0739071,2.02477
0,40,7.01481,28.513,0.117892,1.90129
0,40,7.02654,28.926,0.155743,1.63544
0,40,7.02027,29.3214,0.0401603,1.46506
0,40,7.03537,29.7366,0.248798,1.37723
0,40,7.06554,30.1076,0.161168,1.02137
0,40,6.94213,30.5385,-0.507616,1.05608
0,40,7.22248,30.8435,0.453687,0.27509
0,40,6.94856,31.2519,0.95883,-0.27355
0,40,7.17824,31.7043,-1.78803,1.03277
0,40,6.72976,32.158,-1.62774,1.35714
0,40,7.50114,15.0968,0.00321273,2.65423
0,40,7.50261,15.5921,-0.00688472,2.74788
0,40,7.50403,16.0835,0.0228481,2.72129
0,40,7.5048,16.5723,-0.0149116,2.83602
0,40,7.50716,17.056,0.00535502,2.64661
0,40,7.50782,17.5359,0.00668553,2.75062
0,40,7.5104,18.0088,0.0146104,2.73093
0,40,7.51021,18.4799,0.00554561,2.72287
0,40,7.5121,18.9458,0.0252818,2.87216
0,40,7.51069,19.4047,0.0190694,2.79287
0,40,7.51331,19.8631,-0.00363086,2.77484
0,40,7.5106,20.3138,-0.00918457,2.96689
0,40,7.51339,20.7613,-0.058685,2.84582
0,40,7.51133,21.2092,-0.0813008,2.94273
0,40,7.51446,21.6492,-0.127361,3.03653
0,40,7.51236,22.0901,-0.227353,2.85359
0,40,7.51626,22.5288,-0.219076,2.992
0,40,7.5127,22.9631,-0.327894,2.95119
0,40,7.51778,23.4001,-0.28938,2.90327
0,40,7.51369,23.8326,-0.305581,2.89326
0,40,7.51932,24.2629,-0.217635,2.66295
0,40,7.51448,24.6886,-0.152928,2.50239
0,40,7.52045,25.1076,-4.04607e-05,2.11746
0,40,7.51396,25.5216,0.00298485,1.86379
0,40,7.52245,25.9254,0.133914,1.46263
0,40,7.51379,26.3266,-0.0295787,1.16061
0,40,7.52279,26.72,0.0881767,0.928913
0,40,7.51487,27.1146,-0.0532987,0.716981
0,40,7.51949,27.5097,0.0448634,0.654203
0,40,7.52087,27.9076,0.0224449,0.514348
0,40,7.52242,28.3148,0.0185896,0.592002
0,40,7.52814,28.7219,0.0523484,0.555264
0,40,7.53533,29.1436,0.0722962,0.680139
0,40,7.5192,29.5539,-0.118732,0.498073
0,40,7.58952,30.0001,0.383735,0.815306
0,40,7.46244,30.3976,-0.182985,0.6766
0,40,7.70723,30.8665,0.0580186,0.985554
0,40,7.40328,31.2826,0.121601,1.09074
0,40,7.73107,31.7084,-0.565096,0.092855
0,40,7.22076,32.0599,-0.52809,0.292668
0,40,8.00186,15.0977,0.0078519,2.64826
0,40,8.00303,15.595,-0.0101165,2.79283
0,40,8.00446,16.0858,0.0286747,2.71406
0,40,8.00586,16.5731,-0.00971861,2.7832
0,40,8.00784,17.0584,-0.0125047,2.69306
0,40,8.00945,17.5377,0.0487954,2.75208
0,40,8.01159,18.0107,0.0293807,2.72726
0,40,8.014,18.4818,0.064783,2.69973
0,40,8.01579,18.9452,0.031463,2.83631
0,40,8.01643,19.4046,0.0246108,2.72264
0,40,8.01792,19.8605,0.0824276,2.75861
0,40,8.01647,20.3097,0.12556,2.8379
0,40,8.01947,20.7563,0.156753,2.68144
0,40,8.01802,21.2003,0.161883,2.68216
0,40,8.0218,21.6365,0.143554,2.57469
0,40,8.01958,22.0715,0.0508339,2.30906
0,40,8.02311,22.5009,0.0164451,2.23374
0,40,8.01981,22.9253,-0.0893876,2.0023
0,40,8.02452,23.3482,-0.0878823,1.8276
0,40,8.02216,23.7658,-0.130421,1.69298
0,40,8.02913,24.1814,-0.0295288,1.50209
0,40,8.02701,24.5953,-0.0349182,1.48811
0,40,8.03267,25.0104,0.0777728,1.38383
0,40,8.02738,25.431,0.0560922,1.45816
0,40,8.03106,25.8585,0.13922,1.54751
0,40,8.02511,26.2963,0.0901431,1.67725
0,40,8.02791,26.7385,0.127281,1.79701
0,40,8.02216,27.1821,0.00993623,1.7028
0,40,8.0234,27.6207,0.0057525,1.57185
0,40,8.01875,28.0593,-0.066872,1.34768
0,40,8.01987,28.4889,-0.0363085,1.25472
0,40,8.02027,28.9229,-0.091573,1.04007
0,40,8.04104,29.3353,0.226233,1.00186
0,40,8.00007,29.7458,-0.531257,0.594245
0,40,8.11122,30.1624,0.633101,0.769406
0,40,7.93753,30.5281,-0.64787,0.138777
0,40,8.21139,30.9773,-0.447091,0.332001
0,40,7.8621,31.3229,0.474213,1.02431
0,40,8.25617,31.7302,-0.671109,0.450386
0,40,7.71649,32.1115,-0.374263,-0.135362
0,40,8.5006,15.098,-0.00648607,2.6067
0,40,8.5033,15.5953,-0.00451205,2.7857
0,40,8.50792,16.0841,-0.0101965,2.6906
0,40,8.50378,16.5772,-0.096667,2.79287
0,40,8.50976,17.0588,-0.0954186,2.70086
0,40,8.50855,17.5422,-0.141466,2.80855
0,40,8.5131,18.0142,-0.194182,2.74918
0,40,8.51398,18.4881,-0.191174,2.83602
0,40,8.51646,18.9521,-0.224418,2.92763
0,40,8.51893,19.415,-0.17716,3.02689
0,40,8.52026,19.8742,-0.106139,3.14981
0,40,8.52159,20.3298,-0.0307845,3.32348
0,40,8.52324,20.7836,0.0425781,3.27076
0,40,8.52435,21.2362,0.0907091,3.40179
0,40,8.52554,21.684,0.111758,3.4013
0,40,8.5257,22.132,0.141351,3.34926
0,40,8.52572,22.5762,0.14491,3.46232
0,40,8.5246,23.0188,0.0895964,3.39384
0,40,8.52479,23.4628,0.0511864,3.44995
0,40,8.52496,23.9034,0.000432316,3.41589
0,40,8.52935,24.3428,0.0630292,3.2963
0,40,8.52999,24.7758,0.104863,3.12897
0,40,8.53066,25.2055,0.186957,2.79981
0,40,8.52265,25.6309,0.15919,2.53857
0,40,8.52001,26.0546,0.115034,2.20445
0,40,8.51337,26.4745,-0.0273735,1.99358
0,40,8.5201,26.8882,-0.00755838,1.89236
0,40,8.51784,27.2969,-0.0335226,1.82947
0,40,8.5209,27.7011,0.0412316,1.76809
0,40,8.51044,28.109,-0.0988268,1.68198
0,40,8.51079,28.5267,-0.141185,1.79566
0,40,8.50903,28.9489,-0.233625,1.91279
0,40,8.55124,29.3797,0.193202,2.04574
0,40,8.51627,29.7795,-0.453982,1.91447
0,40,8.62471,30.1743,1.10317,1.22117
0,40,8.46006,30.5816,-0.76496,0.876848
0,40,8.70868,30.9286,0.68341,-0.282193
0,40,8.40127,31.3734,0.867902,-0.561602
0,40,8.75993,31.725,-1.41154,0.654851
0,40,8.23049,32.1276,-0.0892366,0.298729
0,40,9.01029,15.0979,0.128075,2.61677
0,40,9.00278,15.5884,0.061885,2.64221
0,40,9.01154,16.0884,0.195174,2.58834
0,40,9.01157,16.565,0.0859041,2.6081
0,40,9.01048,17.0539,0.0312345,2.47411
0,40,9.01745,17.5274,0.0592802,2.53036
0,40,9.01663,17.996,-0.00597784,2.30411
0,40,9.02386,18.4589,-0.0322938,2.33004
0,40,9.02307,18.914,-0.0646907,2.23144
0,40,9.02927,19.3632,-0.081645,2.24866
0,40,9.02921,19.8084,-0.0197156,2.24716
0,40,9.03172,20.2471,0.0223352,2.25086
0,40,9.03188,20.6825,0.103614,2.10595
0,40,9.03184,21.113,0.14984,1.95308
0,40,9.03211,21.5409,0.197826,1.8475
0,40,9.03083,21.9659,0.202213,1.69238
0,40,9.03112,22.39,0.238057,1.61565
0,40,9.02766,22.8106,0.173719,1.62492
0,40,9.02686,23.2297,0.132343,1.58223
0,40,9.02443,23.6481,0.0927454,1.70084
0,40,9.02931,24.0632,0.0877739,1.70011
0,40,9.03287,24.4794,0.200762,1.73818
0,40,9.03843,24.8929,0.295254,1.72358
0,40,9.03514,25.3102,0.402836,1.63208
0,40,9.02866,25.7273,0.289566,1.55498
0,40,9.02206,26.1505,0.128689,1.38217
0,40,9.02224,26.5747,-0.0738119,1.41203
0,40,9.0268,27,-0.189884,1.42775
0,40,9.03123,27.4235,-0.233109,1.5165
0,40,9.02998,27.8443,-0.0689962,1.55908
0,40,9.00982,28.2579,-0.0542808,1.38296
0,40,8.98805,28.6871,-0.284408,1.10226
0,40,8.99295,29.1224,-0.451765,0.977793
0,40,9.00433,29.592,-0.480984,1.5053
0,40,9.1136,30.0071,0.729482,1.51381
0,40,8.99654,30.4282,0.490064,1.50329
0,40,9.18241,30.8345,0.787008,0.7702
0,40,8.93982,31.2827,-0.350371,0.525247
0,40,9.15605,31.8496,-0.892058,1.03572
0,40,8.77002,32.1702,0.446365,0.695717
0,40,9.63154,15.207,1.29557,3.6137
0,40,9.46365,15.6855,-0.218737,3.58404
0,40,9.53343,16.1801,0.251222,3.41233
0,40,9.4984,16.6828,0.06062,3.58936
0,40,9.51516,17.1657,0.0603279,3.54928
0,40,9.51338,17.6595,0.0849488,3.67397
0,40,9.51885,18.1362,0.0182848,3.58057
0,40,9.5213,18.6173,-0.0858484,3.7121
0,40,9.52565,19.0885,-0.123619,3.76217
0,40,9.52914,19.5599,-0.206468,3.90339
0,40,9.53486,20.0272,-0.196614,4.01104
0,40,9.53808,20.4905,-0.221853,4.04671
0,40,9.54307,20.95,-0.152976,3.99263
0,40,9.54461,21.4049,-0.0536927,3.94008
0,40,9.54873,21.8564,0.0803205,3.84082
0,40,9.54826,22.3057,0.1964,3.75636
0,40,9.54839,22.7512,0.232159,3.68363
0,40,9.54393,23.1944,0.21542,3.57381
0,40,9.54186,23.6343,0.159623,3.45819
0,40,9.54043,24.0747,0.127092,3.32473
0,40,9.54179,24.5146,0.111035,3.2485
0,40,9.54272,24.9553,0.152867,3.13763
0,40,9.53993,25.392,0.149733,3.01638
0,40,9.53587,25.823,0.155289,2.84816
0,40,9.52909,26.2455,0.0395372,2.76095
0,40,9.52929,26.6614,-0.0992704,2.54815
0,40,9.52968,27.0764,-0.205941,2.19843
0,40,9.5329,27.4929,-0.227905,1.79641
0,40,9.5347,27.9091,-0.0403338,1.60048
0,40,9.52465,28.317,0.153392,1.55232
0,40,9.5011,28.7023,-0.0434899,1.38284
0,40,9.50488,29.0898,-0.109789,1.15743
0,40,9.48325,29.4571,-0.944452,0.608528
0,40,9.57499,29.8589,0.186606,0.0314714
0,40,9.55908,30.2954,0.115587,0.243091
0,40,9.53903,30.7095,1.18678,0.952285
0,40,9.68166,31.1984,-0.918661,1.16128
0,40,9.32079,31.3986,-1.04716,1.24876
0,40,9.65723,31.7914,-0.771941,-0.233894
0,40,9.45861,32.2179,1.54556,-0.0949796
1,40,10,1.5,0,0
1,40,10.5,1.5,0,0
1,40,1.5,1.5,0,0
1,40,2,1.5,0,0
1,40,10,2,0,0
1,40,10.5,2,0,0
1,40,1.5,2,0,0
1,40,2,2,0,0
1,40,10,2.5,0,0
1,40,10.5,2.5,0,0
1,40,1.5,2.5,0,0
1,40,2,2.5,0,0
1,40,10,3,0,0
1,40,10.5,3,0,0
1,40,1.5,3,0,0
1,40,2,3,0,0
1,40,10,3.5,0,0
1,40,10.5,3.5,0,0
1,40,1.5,3.5,0,0
1,40,2,3.5,0,0
1,40,10,4,0,0
1,40,10.5,4,0,0
1,40,1.5,4,0,0
1,40,2,4,0,0
1,40,10,4.5,0,0
1,40,10.5,4.5,0,0
1,40,1.5,4.5,0,0
1,40,2,4.5,0,0
1,40,10,5,0,0
1,40,10.5,5,0,0
1,40,1.5,5,0,0
1,40,2,5,0,0
1,40,10,5.5,0,0
1,40,10.5,5.5,0,0
1,40,1.5,5.5,0,0
1,40,2,5.5,0,0
1,40,10,6,0,0
1,40,10.5,6,0,0
1,40,1.5,6,0,0
1,40,2,6,0,0
1,40,10,6.5,0,0
1,40,10.5,6.5,0,0
1,40,1.5,6.5,0,0
1,40,2,6.5,0,0
1,40,10,7,0,0
1,40,10.5,7,0,0
1,40,1.5,7,0,0
1,40,2,7,0,0
1,40,10,7.5,0,0
1,40,10.5,7.5,0,0
1,40,1.5,7.5,0,0
1,40,2,7.5,0,0
1,40,10,8,0,0
1,40,10.5,8,0,0
1,40,1.5,8,0,0
1,40,2,8,0,0
1,40,10,8.5,0,0
1,40,10.5,8.5,0,0
1,40,1.5,8.5,0,0
1,40,2,8.5,0,0
1,40,10,9,0,0
1,40,10.5,9,0,0
1,40,1.5,9,0,0
1,40,2,9,0,0
1,40,10,9.5,0,0
1,40,10.5,9.5,0,0
1,40,1.5,9.5,0,0
1,40,2,9.5,0,0
1,40,10,10,0,0
1,40,10.5,10,0,0
1,40,1.5,10,0,0
1,40,2,10,0,0
1,40,10,10.5,0,0
1,40,10.5,10.5,0,0
1,40,1.5,10.5,0,0
1,40,2,10.5,0,0
1,40,10,11,0,0
1,40,10.5,11,0,0
1,40,1.5,11,0,0
1,40,2,11,0,0
1,40,10,11.5,0,0
1,40,10.5,11.5,0,0
1,40,1.5,11.5,0,0
1,40,2,11.5,0,0
1,40,10,12,0,0
1,40,10.5,12,0,0
1,40,1.5,12,0,0
1,40,2,12,0,0
1,40,10,12.5,0,0
1,40,10.5,12.5,0,0
1,40,1.5,12.5,0,0
1,40,2,12.5,0,0
1,40,10,13,0,0
1,40,10.5,13,0,0
1,40,1.5,13,0,0
1,40,2,13,0,0
1,40,10,13.5,0,0
1,40,10.5,13.5,0,0
1,40,1.5,13.5,0,0
1,40,2,13.5,0,0
1,40,10,14,0,0
1,40,10.5,14,0,0
1,40,1.5,14,0,0
1,40,2,14,0,0
1,40,10,14.5,0,0
1,40,10.5,14.5,0,0
1,40,1.5,14.5,0,0
1,40,2,14.5,0,0
1,40,10,15,0,0
1,40,10.5,15,0,0
1,40,1.5,15,0,0
1,40,2,15,0,0
1,40,10,15.5,0,0
1,40,10.5,15.5,0,0
1,40,1.5,15.5,0,0
1,40,2,15.5,0,0
1,40,10,16,0,0
1,40,10.5,16,0,0
1,40,1.5,16,0,0
1,40,2,16,0,0
1,40,10,16.5,0,0
1,40,10.5,16.5,0,0
1,40,1.5,16.5,0,0
1,40,2,16.5,0,0
1,40,10,17,0,0
1,40,10.5,17,0,0
1,40,1.5,17,0,0
1,40,2,17,0,0
1,40,10,17.5,0,0
1,40,10.5,17.5,0,0
1,40,1.5,17.5,0,0
1,40,2,17.5,0,0
1,40,10,18,0,0
1,40,10.5,18,0,0
1,40,1.5,18,0,0
1,40,2,18,0,0
1,40,10,18.5,0,0
1,40,10.5,18.5,0,0
1,40,1.5,18.5,0,0
1,40,2,18.5,0,0
1,40,10,19,0,0
1,40,10.5,19,0,0
1,40,1.5,19,0,0
1,40,2,19,0,0
1,40,10,19.5,0,0
1,40,10.5,19.5,0,0
1,40,1.5,19.5,0,0
1,40,2,19.5,0,0
1,40,10,20,0,0
1,40,10.5,20,0,0
1,40,1.5,20,0,0
1,40,2,20,0,0
1,40,10,20.5,0,0
1,40,10.5,20.5,0,0
1,40,1.5,20.5,0,0
1,40,2,20.5,0,0
1,40,10,21,0,0
1,40,10.5,21,0,0
1,40,1.5,21,0,0
1,40,2,21,0,0
1,40,10,21.5,0,0
1,40,10.5,21.5,0,0
1,40,1.5,21.5,0,0
1,40,2,21.5,0,0
1,40,10,22,0,0
1,40,10.5,22,0,0
1,40,1.5,22,0,0
1,40,2,22,0,0
1,40,10,22.5,0,0
1,40,10.5,22.5,0,0
1,40,1.5,22.5,0,0
1,40,2,22.5,0,0
1,40,10,23,0,0
1,40,10.5,23,0,0
1,40,1.5,23,0,0
1,40,2,23,0,0
1,40,10,23.5,0,0
1,40,10.5,23.5,0,0
1,40,1.5,23.5,0,0
1,40,2,23.5,0,0
1,40,10,24,0,0
1,40,10.5,24,0,0
1,40,1.5,24,0,0
1,40,2,24,0,0
1,40,10,24.5,0,0
1,40,10.5,24.5,0,0
1,40,1.5,24.5,0,0
1,40,2,24.5,0,0
1,40,10,25,0,0
1,40,10.5,25,0,0
1,40,1.5,25,0,0
1,40,2,25,0,0
1,40,10,25.5,0,0
1,40,10.5,25.5,0,0
1,40,1.5,25.5,0,0
1,40,2,25.5,0,0
1,40,10,26,0,0
1,40,10.5,26,0,0
1,40,1.5,26,0,0
1,40,2,26,0,0
1,40,10,26.5,0,0
1,40,10.5,26.5,0,0
1,40,1.5,26.5,0,0
1,40,2,26.5,0,0
1,40,10,27,0,0
1,40,10.5,27,0,0
1,40,1.5,27,0,0
1,40,2,27,0,0
1,40,10,27.5,0,0
1,40,10.5,27.5,0,0
1,40,1.5,27.5,0,0
1,40,2,27.5,0,0
1,40,10,28,0,0
1,40,10.5,28,0,0
1,40,1.5,28,0,0
1,40,2,28,0,0
1,40,10,28.5,0,0
1,40,10.5,28.5,0,0
1,40,1.5,28.5,0,0
1,40,2,28.5,0,0
1,40,10,29,0,0
1,40,10.5,29,0,0
1,40,1.5,29,0,0
1,40,2,29,0,0
1,40,10,29.5,0,0
1,40,10.5,29.5,0,0
1,40,1.5,29.5,0,0
1,40,2,29.5,0,0
1,40,10,30,0,0
1,40,10.5,30,0,0
1,40,1.5,30,0,0
1,40,2,30,0,0
1,40,10,30.5,0,0
1,40,10.5,30.5,0,0
1,40,1.5,30.5,0,0
1,40,2,30.5,0,0
1,40,10,31,0,0
1,40,10.5,31,0,0
1,40,1.5,31,0,0
1,40,2,31,0,0
1,40,10,31.5,0,0
1,40,10.5,31.5,0,0
1,40,1.5,31.5,0,0
1,40,2,31.5,0,0
1,40,10,32,0,0
1,40,10.5,32,0,0
1,40,1.5,32,0,0
1,40,2,32,0,0
1,40,10,32.5,0,0
1,40,10.5,32.5,0,0
1,40,1.5,32.5,0,0
1,40,2,32.5,0,0
1,40,10,33,0,0
1,40,10.5,33,0,0
1,40,1.5,33,0,0
1,40,2,33,0,0
1,40,2.5,1.5,0,0
1,40,2.5,2,0,0
1,40,2.5,32.5,0,0
1,40,2.5,33,0,0
1,40,3,1.5,0,0
1,40,3,2,0,0
1,40,3,32.5,0,0
1,40,3,33,0,0
1,40,3.5,1.5,0,0
1,40,3.5,2,0,0
1,40,3.5,32.5,0,0
1,40,3.5,33,0,0
1,40,4,1.5,0,0
1,40,4,2,0,0
1,40,4,32.5,0,0
1,40,4,33,0,0
1,40,4.5,1.5,0,0
1,40,4.5,2,0,0
1,40,4.5,32.5,0,0
1,40,4.5,33,0,0
1,40,5,1.5,0,0
1,40,5,2,0,0
1,40,5,32.5,0,0
1,40,5,33,0,0
1,40,5.5,1.5,0,0
1,40,5.5,2,0,0
1,40,5.5,32.5,0,0
1,40,5.5,33,0,0
1,40,6,1.5,0,0
1,40,6,2,0,0
1,40,6,32.5,0,0
1,40,6,33,0,0
1,40,6.5,1.5,0,0
1,40,6.5,2,0,0
1,40,6.5,32.5,0,0
1,40,6.5,33,0,0
1,40,7,1.5,0,0
1,40,7,2,0,0
1,40,7,32.5,0,0
1,40,7,33,0,0
1,40,7.5,1.5,0,0
1,40,7.5,2,0,0
1,40,7.5,32.5,0,0
1,40,7.5,33,0,0
1,40,8,1.5,0,0
1,40,8,2,0,0
1,40,8,32.5,0,0
1,40,8,33,0,0
1,40,8.5,1.5,0,0
1,40,8.5,2,0,0
1,40,8.5,32.5,0,0
1,40,8.5,33,0,0
1,40,9,1.5,0,0
1,40,9,2,0,0
1,40,9,32.5,0,0
1,40,9,33,0,0
1,40,9.5,1.5,0,0
1,40,9.5,2,0,0
1,40,9.5,32.5,0,0
1,40,9.5,33,0,0
