916 2 0.5 203000 0 2 0 1e-05 0 9.81 45 45
0,40,2.35128,15.492,0.803879,-1.75136
0,40,2.47236,16.0744,0.334239,-1.95866
0,40,2.41005,16.6976,-0.962931,-1.45566
0,40,2.54324,17.1559,-0.49788,-2.58577
0,40,2.42332,17.6323,-1.00877,-2.07822
0,40,2.55077,18.1334,0.664475,-1.98605
0,40,2.50137,18.554,-1.73634,-2.54169
0,40,2.46867,19.1048,0.390455,-1.77376
0,40,2.53491,19.4988,-0.202768,-2.29184
0,40,2.43983,19.991,0.0723368,-2.26469
0,40,2.48315,20.4873,0.67963,-2.15339
0,40,2.44595,20.9892,0.575469,-0.767977
0,40,2.50855,21.4757,0.237002,-1.67448
0,40,2.81124,21.6315,1.27345,-2.77131
0,40,2.42878,22.0788,0.607693,-3.43518
0,40,2.62611,22.3729,-0.0461338,-3.94039
0,40,2.43373,22.829,0.00840158,-2.54262
0,40,2.48806,23.3561,0.446779,-2.64725
0,40,2.4782,23.7766,-0.0424549,-1.1483
0,40,2.51189,24.2324,0.114526,-1.26307
0,40,2.40011,24.6738,0.668708,-0.583119
0,40,2.3453,25.2574,0.642548,-1.6839
0,40,2.74485,25.5193,1.44117,-0.568076
0,40,2.38351,25.8611,0.153865,-1.57493
0,40,2.403,26.4819,0.838973,-1.39473
0,40,2.38316,27.1519,0.259165,-1.76113
0,40,2.48895,27.5933,0.529597,0.0734838
0,40,2.92687,27.5224,0.0813633,-1.29178
0,40,2.41282,28.1404,-1.74722,-0.199996
0,40,2.47223,29.0104,1.74834,-0.471462
0,40,2.96807,28.64,-0.082726,-2.17311
0,40,2.80404,29.2263,1.86053,0.483
0,40,2.86453,29.6141,0.514927,-1.14036
0,40,2.37221,29.6502,-0.922313,0.499905
0,40,2.41999,30.1752,-0.0222558,0.623644
0,40,2.30731,30.7498,-0.928251,-0.106328
0,40,2.35368,31.4801,-1.25336,0.842117
0,40,2.70332,31.6772,0.389003,-1.53196
0,40,2.40254,32.118,0.880167,-1.90032
0,40,1.60116,36.8875,-2.73069,20.4691
0,40,2.93374,14.5742,0.875256,-4.59034
0,40,2.47063,14.5649,3.06557,-4.24828
0,40,2.60199,14.9684,-2.30399,-4.0245
0,40,3.00294,15.2111,-0.148183,-5.1487
0,40,2.88281,15.7193,0.338056,-5.43608
0,40,2.8216,16.2503,0.300683,-3.55196
0,40,2.97934,16.845,-0.896279,-5.10025
0,40,3.01456,17.312,0.487396,-4.1014
0,40,2.92941,17.8411,-0.645584,-4.60044
0,40,3.11553,18.2804,-0.330264,-4.84357
0,40,2.91125,18.7657,0.0968413,-4.48083
0,40,3.00288,19.3176,-0.398927,-4.71293
0,40,2.92134,19.8912,0.579063,-3.83537
0,40,2.96581,20.3435,-0.475278,-3.26306
0,40,2.89541,20.8536,0.355186,-2.58749
0,40,3.15217,21.1528,0.279582,-3.16972
0,40,3.12226,21.8937,1.45597,-2.25091
0,40,3.16127,22.3487,0.47669,-2.70109
0,40,2.93981,22.7698,-0.758518,-3.78263
0,40,2.89784,23.251,0.509323,-2.45874
0,40,3.0175,23.7564,0.666645,-2.85177
0,40,2.97191,24.2142,-0.00839954,-2.58063
0,40,2.84079,24.7267,0.0576321,-2.01489
0,40,2.91582,25.1284,-0.54274,-1.62167
0,40,3.1699,25.7832,0.966222,-0.817497
0,40,2.80278,26.1054,0.143883,-2.08066
0,40,2.72832,26.6402,-0.770672,-0.461482
0,40,2.89698,27.0376,-0.211181,-1.87294
0,40,3.40098,27.2031,0.404324,-2.24166
0,40,2.80996,28.0111,-0.514165,-1.91976
0,40,2.48713,28.5855,0.477538,0.220524
0,40,3.16357,28.1949,-0.181468,-1.54355
0,40,3.23667,29.0875,0.442858,-1.82314
0,40,3.2759,29.9758,-0.699468,-0.825711
0,40,2.7827,30.0932,-0.804485,0.0658704
0,40,2.80491,30.6617,0.97057,-0.0125182
0,40,2.67898,31.0482,-1.65293,-1.51866
0,40,3.14555,31.617,-1.14033,-1.69084
0,40,2.93915,32.0986,1.27765,0.654747
0,40,3.45455,32.0624,1.64643,-1.02344
0,40,3.27953,14.5367,-1.61184,-3.70383
0,40,3.4774,15.0673,0.82412,-3.46439
0,40,3.29069,15.6479,-1.21637,-3.97073
0,40,3.39771,16.1826,0.145279,-4.66368
0,40,3.31565,16.5556,-0.490155,-3.80929
0,40,3.5721,17.0213,-0.564833,-5.31925
0,40,3.39598,17.5331,-0.242276,-4.585
0,40,3.53094,17.9683,-0.187156,-4.54493
0,40,3.56738,18.4725,0.363292,-4.12631
0,40,3.30921,18.9043,-0.870297,-3.54795
0,40,3.61213,19.2722,-0.154704,-4.26354
0,40,3.3441,19.6847,0.23429,-4.26991
0,40,3.56756,20.0402,-0.183002,-4.1152
0,40,3.37888,20.4937,0.466281,-4.18484
0,40,3.58945,20.9384,0.0781816,-3.75172
0,40,3.48876,21.4527,0.38477,-4.06489
0,40,3.57284,21.9339,1.07899,-3.41402
0,40,3.54402,22.5467,0.680808,-2.60431
0,40,3.35035,23.0552,-0.187313,-3.44116
0,40,3.43622,23.4989,0.606532,-1.76753
0,40,3.45269,23.998,-0.078734,-1.73671
0,40,3.38958,24.4941,1.69537,-1.41234
0,40,3.44306,24.8379,-0.732276,-1.80382
0,40,3.34903,25.4037,-0.505757,-2.93631
0,40,3.20681,26.3131,-0.343982,-1.03421
0,40,3.62439,26.2581,-0.600095,-0.461836
0,40,3.31747,26.7693,-0.166953,-0.553662
0,40,3.81304,26.8219,0.996157,-2.02614
0,40,3.79164,27.417,0.164061,-2.31062
0,40,3.37373,27.7129,0.262742,-2.06629
0,40,3.67591,27.9887,-0.374642,-2.1133
0,40,3.44039,28.615,0.305139,-1.50041
0,40,3.40131,29.5636,1.1614,-1.03017
0,40,3.79737,29.8577,0.948019,-0.143151
0,40,3.13708,30.4239,-0.261433,-1.23525
0,40,3.6629,30.3151,-0.754311,-0.171788
0,40,3.0561,31.192,0.503767,-1.19037
0,40,3.43708,30.7541,0.752078,-1.24527
0,40,3.49903,31.1917,-0.194103,-0.480803
0,40,3.63083,31.7328,0.267323,-1.64358
0,40,4.01947,14.3504,0.502335,-3.52109
0,40,3.82122,14.8442,-0.315367,-4.52175
0,40,3.97761,15.3144,-0.329233,-3.94132
0,40,3.74288,15.7918,-0.571814,-3.92032
0,40,4.06204,16.0567,-0.239653,-4.2715
0,40,3.91036,16.5338,-0.184126,-4.17128
0,40,3.95454,17.0387,0.624062,-4.40783
0,40,3.92749,17.6159,-0.878045,-4.06033
0,40,4.05191,18.1105,0.507082,-3.78149
0,40,3.98117,18.6098,-0.51366,-3.59341
0,40,4.00484,19.0729,0.204336,-4.69392
0,40,3.98956,19.5977,0.299396,-4.05059
0,40,4.08565,20.0228,0.250892,-4.46701
0,40,3.89003,20.4667,-0.840419,-4.05119
0,40,4.12115,20.8469,0.508026,-4.58154
0,40,3.98072,21.313,0.104446,-4.45343
0,40,4.08364,21.7077,0.497504,-4.26981
0,40,3.95773,22.1679,0.464462,-4.03181
0,40,3.85604,22.7691,0.220015,-2.58475
0,40,3.85815,23.2952,0.162922,-2.13659
0,40,3.96897,23.7099,0.400446,-1.99757
0,40,3.93062,24.1384,0.594919,-1.71047
0,40,3.93985,24.6004,-0.125448,-0.363648
0,40,3.77216,25.1579,0.321913,-0.65917
0,40,3.71709,25.7661,-0.474334,-1.40011
0,40,4.07719,25.6808,-0.917485,-2.47996
0,40,4.03759,26.3173,-0.242688,-2.26531
0,40,4.19032,26.8344,0.878435,-2.22269
0,40,4.25785,27.3057,0.38198,-1.60622
0,40,4.15675,27.7701,1.29779,-2.87446
0,40,4.1356,28.2102,-0.955905,-1.94876
0,40,3.78947,28.5111,-0.369736,-2.27187
0,40,3.66578,29.1888,-0.195668,-0.182114
0,40,4.1009,29.4801,-0.114092,0.368397
0,40,4.21143,29.9609,0.0871607,-0.466881
0,40,4.53185,30.2352,0.382378,0.376636
0,40,4.05637,30.4919,0.562859,-0.875144
0,40,3.90751,30.9093,-0.236216,-0.862265
0,40,3.94863,31.4092,2.19909,-2.24878
0,40,3.99328,32.1824,0.217981,-0.899896
0,40,4.35541,14.691,-1.13873,-3.14545
0,40,4.43167,15.0538,0.154501,-3.90507
0,40,4.3616,15.5934,0.27553,-3.53524
0,40,4.60693,16.0607,0.795697,-3.94051
0,40,4.35408,16.5358,-0.58496,-3.96138
0,40,4.59664,16.9792,-0.535603,-5.08341
0,40,4.33927,17.3602,-0.43167,-4.70626
0,40,4.45793,17.8286,0.0168428,-5.45071
0,40,4.51316,18.3472,-0.445517,-4.72498
0,40,4.48526,18.8079,1.04897,-4.07306
0,40,4.47104,19.299,-0.65844,-3.33452
0,40,4.55706,19.7406,0.162793,-3.40333
0,40,4.5114,20.2288,-0.0544242,-3.49891
0,40,4.56291,20.6691,0.367346,-3.16477
0,40,4.56095,21.1505,0.372663,-2.89785
0,40,4.53331,21.6097,-0.207119,-2.7255
0,40,4.58203,22.1028,0.656334,-2.94087
0,40,4.29827,22.4348,-0.842488,-3.48817
0,40,4.26331,23.0154,-0.422044,-2.62861
0,40,4.46066,23.4559,0.920518,-2.98497
0,40,4.49568,23.8749,-0.041557,-2.75712
0,40,4.41117,24.32,0.142336,-2.81484
0,40,4.35056,24.8205,-0.250454,-2.72675
0,40,4.77748,25.1054,-0.267309,-2.08636
0,40,4.23042,25.2315,0.804335,-1.86654
0,40,4.58644,25.6162,-0.0256996,-1.01449
0,40,4.41907,26.0929,0.0172765,-3.60744
0,40,4.62572,26.5005,-0.429141,-2.0766
0,40,4.72478,26.9009,0.0288302,-2.09059
0,40,4.70059,27.3621,0.836812,-2.47677
0,40,4.60293,27.8748,0.593437,-1.24333
0,40,4.30926,28.6983,-0.91339,-1.30794
0,40,4.05101,29.0152,0.154141,-1.93266
0,40,4.56187,29.3342,-1.77194,-1.12659
0,40,4.68768,29.6696,0.220618,-0.32288
0,40,4.89494,30.5208,0.362905,-0.440762
0,40,4.4386,30.743,0.700645,-1.57541
0,40,4.33787,31.2561,1.03984,-1.4519
0,40,4.19882,31.7902,-0.732222,0.175376
0,40,4.61507,32.1293,-1.37186,-1.55133
0,40,4.97708,14.2746,-0.0314815,-4.43479
0,40,4.976,14.6628,0.145441,-4.77766
0,40,4.98362,15.2106,-0.0265579,-4.53139
0,40,4.89366,15.5941,-0.698704,-5.2107
0,40,5.00193,16.1728,-0.0984809,-4.62603
0,40,4.90687,16.6401,0.299144,-3.78794
0,40,5.03442,17.1969,0.59772,-4.28619
0,40,4.91707,17.6387,-0.729098,-4.68783
0,40,4.98483,18.0864,-0.100244,-3.86136
0,40,4.98965,18.594,-0.0682867,-3.99449
0,40,4.96587,19.0464,-0.002246,-3.59545
0,40,5.02939,19.4867,-0.39312,-4.49951
0,40,5.02637,19.9973,0.601536,-4.05894
0,40,5.03448,20.445,-0.144727,-3.49003
0,40,5.0431,20.9474,0.0603891,-3.36697
0,40,5.02325,21.4372,0.139529,-3.14724
0,40,5.03461,21.9003,-0.220692,-2.83733
0,40,4.96885,22.4127,0.0870531,-2.25928
0,40,4.64164,22.7946,-1.45949,-3.47659
0,40,4.89969,23.2971,-0.159788,-2.98687
0,40,5.03058,23.726,0.659378,-3.37834
0,40,4.9578,24.1817,-0.659501,-2.56496
0,40,4.83622,24.6102,-0.271771,-2.23688
0,40,5.21495,25.0071,0.195624,-2.28371
0,40,5.03068,25.5334,-0.0295247,-2.96758
0,40,4.9089,26.0346,-0.265144,-1.45089
0,40,5.12998,26.4569,0.074157,-1.58402
0,40,5.16048,27.0207,0.796159,-1.10347
0,40,5.08327,27.6296,0.477018,-1.41066
0,40,5.09502,28.0591,-1.22855,-1.25457
0,40,4.64089,28.3547,-1.09824,-1.3372
0,40,4.72332,28.8868,0.233378,-1.25229
0,40,5.09112,29.0819,-0.812436,0.513474
0,40,5.18582,29.6203,-0.680114,-0.819714
0,40,4.99311,30.058,0.793511,-0.629735
0,40,5.11906,30.9371,0.112555,-0.294033
0,40,4.71272,31.1283,-1.10635,0.140277
0,40,5.04178,31.4604,0.166167,-0.733324
0,40,4.6543,31.7135,0.0114002,-0.329856
0,40,5.48605,32.0918,0.235316,0.522853
0,40,5.47862,14.6326,-0.329322,-2.72423
0,40,5.48232,15.1316,0.0328662,-3.57369
0,40,5.44309,15.6236,-0.432714,-3.57457
0,40,5.56387,16.0362,0.505479,-4.29731
0,40,5.44325,16.4995,-0.648034,-4.60711
0,40,5.49565,16.9559,-0.462974,-4.35734
0,40,5.47569,17.4395,-0.14185,-3.9991
0,40,5.49499,17.9083,-0.165705,-4.8351
0,40,5.45982,18.3627,0.119142,-4.67617
0,40,5.51617,18.8283,-0.433302,-4.50695
0,40,5.50881,19.2723,0.382888,-4.21664
0,40,5.45769,19.7793,-0.245824,-4.01166
0,40,5.53755,20.2453,-0.108777,-3.61692
0,40,5.47489,20.7462,0.111692,-3.81889
0,40,5.51963,21.2342,0.223309,-3.48487
0,40,5.51471,21.6916,0.00594875,-3.25754
0,40,5.4485,22.1875,-0.0477391,-3.17918
0,40,5.57359,22.569,0.00204186,-2.91055
0,40,5.11521,22.8774,-0.579852,-3.16342
0,40,5.51536,23.0961,-0.408685,-3.58765
0,40,5.47916,23.5154,0.225606,-3.09088
0,40,5.49839,23.9946,-0.582839,-2.94758
0,40,5.37292,24.4386,-0.845776,-2.60132
0,40,5.61728,24.7986,0.133713,-3.72011
0,40,5.54715,25.3631,-0.331804,-3.39408
0,40,5.41348,25.8097,0.0933676,-3.02165
0,40,5.51334,26.2142,-0.69042,-3.53093
0,40,5.55108,26.7373,-0.00288744,-3.19169
0,40,5.46682,27.2807,0.596099,-1.8097
0,40,5.55884,27.7626,-0.124192,-1.13411
0,40,5.5737,28.3002,0.096029,-0.858
0,40,5.10334,28.5038,-0.202649,-0.322374
0,40,5.49663,28.7845,-0.441511,-2.15738
0,40,5.50797,29.2919,0.0994723,-0.78374
0,40,5.56283,29.8597,-0.703374,-0.719994
0,40,5.4507,30.2999,-0.158129,0.0426547
0,40,5.45716,30.6925,-0.565074,-0.192761
0,40,5.56988,31.1876,-0.0645536,-1.16998
0,40,5.1013,31.9792,-0.206974,0.0837628
0,40,5.48485,31.5967,-0.0035106,0.621423
0,40,6,14.2538,-1.13079e-10,-4.86423
0,40,6,14.6816,-2.76033e-11,-4.5576
0,40,6,15.2032,4.53679e-10,-4.54647
0,40,6,15.6272,1.2658e-09,-5.22989
0,40,6,16.2443,1.72184e-09,-3.67075
0,40,6,16.7256,-3.36052e-09,-3.90099
0,40,6,17.1759,-2.25412e-09,-4.70248
0,40,6,17.6548,-1.21486e-09,-4.60062
0,40,6,18.1224,-2.52742e-09,-3.83054
0,40,6,18.5576,2.19296e-09,-3.76862
0,40,6,19.0588,-2.40287e-09,-4.41128
0,40,6,19.5302,1.1847e-09,-3.85423
0,40,6,19.9188,2.17855e-09,-4.81391
0,40,6,20.4234,-4.06522e-09,-4.61027
0,40,6,20.8327,4.63363e-09,-3.82867
0,40,6,21.2775,-2.66838e-09,-3.09942
0,40,6,21.7755,2.41758e-09,-3.06737
0,40,6,22.1748,-1.48611e-09,-2.81531
0,40,6,22.7402,-5.0963e-10,-1.84445
0,40,6,23.2046,8.54321e-09,-2.93637
0,40,6,23.6829,-1.05087e-08,-2.44914
0,40,6,24.0899,6.13294e-09,-3.22807
0,40,6,24.4732,-4.1573e-10,-3.47869
0,40,6,25.0632,1.54785e-09,-3.20913
0,40,6,25.5439,4.0099e-10,-2.81131
0,40,6,25.9354,-1.23631e-09,-3.1164
0,40,6,26.3562,3.92586e-09,-2.83654
0,40,6,26.8198,-4.55335e-09,-3.27341
0,40,6,27.21,3.76336e-09,-2.10034
0,40,6,27.6496,-5.03486e-10,-1.68112
0,40,6,28.1074,4.19388e-10,-1.74371
0,40,6,28.6146,-1.65252e-09,-0.973609
0,40,6,29.0254,-1.79362e-09,-0.00802664
0,40,6,29.4223,6.89841e-10,-0.88015
0,40,6,29.8979,1.04225e-08,-0.871684
0,40,6,30.3711,-1.05626e-08,-0.363797
0,40,6,30.7224,1.82918e-09,-1.33013
0,40,6,31.1809,-1.26612e-09,1.5713
0,40,6,31.6788,3.37142e-09,-1.05227
0,40,6,32.0431,-1.16698e-09,0.890937
0,40,6.52138,14.6326,0.329322,-2.72423
0,40,6.51768,15.1316,-0.0328662,-3.57369
0,40,6.55691,15.6236,0.432714,-3.57457
0,40,6.43613,16.0362,-0.505479,-4.29731
0,40,6.55675,16.4995,0.648034,-4.60711
0,40,6.50435,16.9559,0.462974,-4.35734
0,40,6.52431,17.4395,0.14185,-3.9991
0,40,6.50501,17.9083,0.165705,-4.8351
0,40,6.54018,18.3627,-0.119142,-4.67617
0,40,6.48383,18.8283,0.433302,-4.50695
0,40,6.49119,19.2723,-0.382888,-4.21664
0,40,6.54231,19.7793,0.245824,-4.01166
0,40,6.46245,20.2453,0.108777,-3.61692
0,40,6.52511,20.7462,-0.111692,-3.81889
0,40,6.48037,21.2342,-0.223309,-3.48487
0,40,6.48529,21.6916,-0.00594875,-3.25754
0,40,6.5515,22.1875,0.0477392,-3.17918
0,40,6.42641,22.569,-0.00204188,-2.91055
0,40,6.88479,22.8774,0.579852,-3.16342
0,40,6.48464,23.0961,0.408685,-3.58765
0,40,6.52084,23.5154,-0.225606,-3.09088
0,40,6.50161,23.9946,0.582839,-2.94758
0,40,6.62708,24.4386,0.845776,-2.60132
0,40,6.38272,24.7986,-0.133713,-3.72011
0,40,6.45285,25.3631,0.331804,-3.39408
0,40,6.58652,25.8097,-0.0933676,-3.02165
0,40,6.48666,26.2142,0.69042,-3.53093
0,40,6.44892,26.7373,0.00288744,-3.19169
0,40,6.53318,27.2807,-0.596099,-1.8097
0,40,6.44116,27.7626,0.124192,-1.13411
0,40,6.4263,28.3002,-0.096029,-0.858
0,40,6.89666,28.5038,0.202649,-0.322374
0,40,6.50337,28.7845,0.441511,-2.15738
0,40,6.49203,29.2919,-0.0994723,-0.78374
0,40,6.43717,29.8597,0.703374,-0.719994
0,40,6.5493,30.2999,0.158129,0.0426547
0,40,6.54284,30.6925,0.565074,-0.192761
0,40,6.43012,31.1876,0.0645536,-1.16998
0,40,6.8987,31.9792,0.206974,0.0837628
0,40,6.51515,31.5967,0.0035106,0.621423
0,40,7.02292,14.2746,0.0314815,-4.43479
0,40,7.024,14.6628,-0.145441,-4.77766
0,40,7.01638,15.2106,0.0265579,-4.53139
0,40,7.10634,15.5941,0.698704,-5.2107
0,40,6.99807,16.1728,0.0984809,-4.62603
0,40,7.09313,16.6401,-0.299144,-3.78794
0,40,6.96558,17.1969,-0.59772,-4.28619
0,40,7.08293,17.6387,0.729098,-4.68783
0,40,7.01517,18.0864,0.100244,-3.86136
0,40,7.01035,18.594,0.0682867,-3.99449
0,40,7.03413,19.0464,0.002246,-3.59545
0,40,6.97061,19.4867,0.39312,-4.49951
0,40,6.97363,19.9973,-0.601536,-4.05894
0,40,6.96552,20.445,0.144727,-3.49003
0,40,6.9569,20.9474,-0.0603891,-3.36697
0,40,6.97675,21.4372,-0.139529,-3.14724
0,40,6.96539,21.9003,0.220692,-2.83733
0,40,7.03115,22.4127,-0.0870531,-2.25928
0,40,7.35836,22.7946,1.45949,-3.47659
0,40,7.10031,23.2971,0.159788,-2.98687
0,40,6.96942,23.726,-0.659378,-3.37834
0,40,7.0422,24.1817,0.659501,-2.56496
0,40,7.16378,24.6102,0.271771,-2.23688
0,40,6.78505,25.0071,-0.195624,-2.28371
0,40,6.96932,25.5334,0.0295247,-2.96758
0,40,7.0911,26.0346,0.265144,-1.45089
0,40,6.87002,26.4569,-0.074157,-1.58402
0,40,6.83952,27.0207,-0.796159,-1.10347
0,40,6.91673,27.6296,-0.477018,-1.41066
0,40,6.90498,28.0591,1.22855,-1.25457
0,40,7.35911,28.3547,1.09824,-1.3372
0,40,7.27668,28.8868,-0.233378,-1.25229
0,40,6.90888,29.0819,0.812436,0.513474
0,40,6.81418,29.6203,0.680114,-0.819714
0,40,7.00689,30.058,-0.793511,-0.629735
0,40,6.88094,30.9371,-0.112555,-0.294033
0,40,7.28728,31.1283,1.10635,0.140277
0,40,6.95822,31.4604,-0.166167,-0.733324
0,40,7.3457,31.7135,-0.0114002,-0.329856
0,40,6.51395,32.0918,-0.235316,0.522853
0,40,7.64459,14.691,1.13873,-3.14545
0,40,7.56833,15.0538,-0.154501,-3.90507
0,40,7.6384,15.5934,-0.27553,-3.53524
0,40,7.39307,16.0607,-0.795697,-3.94051
0,40,7.64592,16.5358,0.58496,-3.96138
0,40,7.40336,16.9792,0.535603,-5.08341
0,40,7.66073,17.3602,0.43167,-4.70626
0,40,7.54207,17.8286,-0.0168428,-5.45071
0,40,7.48684,18.3472,0.445517,-4.72498
0,40,7.51474,18.8079,-1.04897,-4.07306
0,40,7.52896,19.299,0.65844,-3.33452
0,40,7.44294,19.7406,-0.162793,-3.40333
0,40,7.4886,20.2288,0.0544242,-3.49891
0,40,7.43709,20.6691,-0.367346,-3.16477
0,40,7.43905,21.1505,-0.372663,-2.89785
0,40,7.46669,21.6097,0.207119,-2.7255
0,40,7.41797,22.1028,-0.656334,-2.94087
0,40,7.70173,22.4348,0.842488,-3.48817
0,40,7.73669,23.0154,0.422044,-2.62861
0,40,7.53934,23.4559,-0.920518,-2.98497
0,40,7.50432,23.8749,0.041557,-2.75712
0,40,7.58883,24.32,-0.142336,-2.81484
0,40,7.64944,24.8205,0.250454,-2.72675
0,40,7.22252,25.1054,0.267309,-2.08636
0,40,7.76958,25.2315,-0.804335,-1.86654
0,40,7.41356,25.6162,0.0256996,-1.01449
0,40,7.58093,26.0929,-0.0172765,-3.60744
0,40,7.37428,26.5005,0.429141,-2.0766
0,40,7.27522,26.9009,-0.0288302,-2.09059
0,40,7.29941,27.3621,-0.836812,-2.47677
0,40,7.39707,27.8748,-0.593437,-1.24333
0,40,7.69074,28.6983,0.91339,-1.30794
0,40,7.94899,29.0152,-0.154141,-1.93266
0,40,7.43813,29.3342,1.77194,-1.12659
0,40,7.31232,29.6696,-0.220618,-0.32288
0,40,7.10506,30.5208,-0.362905,-0.440762
0,40,7.5614,30.743,-0.700645,-1.57541
0,40,7.66213,31.2561,-1.03984,-1.4519
0,40,7.80118,31.7902,0.732222,0.175376
0,40,7.38493,32.1293,1.37186,-1.55133
0,40,7.98053,14.3504,-0.502335,-3.52109
0,40,8.17878,14.8442,0.315367,-4.52175
0,40,8.02239,15.3144,0.329233,-3.94132
0,40,8.25712,15.7918,0.571814,-3.92032
0,40,7.93796,16.0567,0.239653,-4.2715
0,40,8.08964,16.5338,0.184126,-4.17128
0,40,8.04546,17.0387,-0.624062,-4.40783
0,40,8.07251,17.6159,0.878045,-4.06033
0,40,7.94809,18.1105,-0.507082,-3.78149
0,40,8.01883,18.6098,0.51366,-3.59341
0,40,7.99516,19.0729,-0.204336,-4.69392
0,40,8.01044,19.5977,-0.299396,-4.05059
0,40,7.91435,20.0228,-0.250892,-4.46701
0,40,8.10997,20.4667,0.840419,-4.05119
0,40,7.87885,20.8469,-0.508026,-4.58154
0,40,8.01928,21.313,-0.104446,-4.45343
0,40,7.91636,21.7077,-0.497504,-4.26981
0,40,8.04227,22.1679,-0.464462,-4.03181
0,40,8.14396,22.7691,-0.220015,-2.58475
0,40,8.14185,23.2952,-0.162922,-2.13659
0,40,8.03103,23.7099,-0.400446,-1.99757
0,40,8.06938,24.1384,-0.594919,-1.71047
0,40,8.06015,24.6004,0.125448,-0.363648
0,40,8.22784,25.1579,-0.321913,-0.65917
0,40,8.28291,25.7661,0.474334,-1.40011
0,40,7.92281,25.6808,0.917485,-2.47996
0,40,7.96241,26.3173,0.242688,-2.26531
0,40,7.80968,26.8344,-0.878435,-2.22269
0,40,7.74215,27.3057,-0.38198,-1.60622
0,40,7.84325,27.7701,-1.29779,-2.87446
0,40,7.8644,28.2102,0.955905,-1.94876
0,40,8.21053,28.5111,0.369736,-2.27187
0,40,8.33422,29.1888,0.195668,-0.182114
0,40,7.8991,29.4801,0.114092,0.368397
0,40,7.78857,29.9609,-0.0871607,-0.466881
0,40,7.46815,30.2352,-0.382378,0.376636
0,40,7.94363,30.4919,-0.562859,-0.875144
0,40,8.09249,30.9093,0.236216,-0.862265
0,40,8.05137,31.4092,-2.19909,-2.24878
0,40,8.00672,32.1824,-0.217981,-0.899896
0,40,8.72047,14.5367,1.61184,-3.70383
0,40,8.5226,15.0673,-0.82412,-3.46439
0,40,8.70931,15.6479,1.21637,-3.97073
0,40,8.60229,16.1826,-0.145279,-4.66368
0,40,8.68435,16.5556,0.490155,-3.80929
0,40,8.4279,17.0213,0.564833,-5.31925
0,40,8.60402,17.5331,0.242276,-4.585
0,40,8.46906,17.9683,0.187156,-4.54493
0,40,8.43262,18.4725,-0.363292,-4.12631
0,40,8.69079,18.9043,0.870297,-3.54795
0,40,8.38787,19.2722,0.154704,-4.26354
0,40,8.6559,19.6847,-0.23429,-4.26991
0,40,8.43244,20.0402,0.183002,-4.1152
0,40,8.62112,20.4937,-0.466281,-4.18484
0,40,8.41055,20.9384,-0.0781816,-3.75172
0,40,8.51124,21.4527,-0.38477,-4.06489
0,40,8.42716,21.9339,-1.07899,-3.41402
0,40,8.45598,22.5467,-0.680808,-2.60431
0,40,8.64965,23.0552,0.187313,-3.44116
0,40,8.56378,23.4989,-0.606532,-1.76753
0,40,8.54731,23.998,0.078734,-1.73671
0,40,8.61042,24.4941,-1.69537,-1.41234
0,40,8.55694,24.8379,0.732276,-1.80382
0,40,8.65097,25.4037,0.505757,-2.93631
0,40,8.79319,26.3131,0.343982,-1.03421
0,40,8.37561,26.2581,0.600095,-0.461836
0,40,8.68253,26.7693,0.166953,-0.553662
0,40,8.18696,26.8219,-0.996157,-2.02614
0,40,8.20836,27.417,-0.164061,-2.31062
0,40,8.62627,27.7129,-0.262742,-2.06629
0,40,8.32409,27.9887,0.374642,-2.1133
0,40,8.55961,28.615,-0.305139,-1.50041
0,40,8.59869,29.5636,-1.1614,-1.03017
0,40,8.20263,29.8577,-0.948019,-0.143151
0,40,8.86292,30.4239,0.261433,-1.23525
0,40,8.3371,30.3151,0.754311,-0.171788
0,40,8.9439,31.192,-0.503767,-1.19037
0,40,8.56292,30.7541,-0.752078,-1.24527
0,40,8.50097,31.1917,0.194103,-0.480803
0,40,8.36917,31.7328,-0.267323,-1.64358
0,40,9.06626,14.5742,-0.875256,-4.59034
0,40,9.52937,14.5649,-3.06557,-4.24828
0,40,9.39801,14.9684,2.30399,-4.0245
0,40,8.99706,15.2111,0.148183,-5.1487
0,40,9.11719,15.7193,-0.338056,-5.43608
0,40,9.1784,16.2503,-0.300683,-3.55196
0,40,9.02066,16.845,0.896279,-5.10025
0,40,8.98544,17.312,-0.487396,-4.1014
0,40,9.07059,17.8411,0.645584,-4.60044
0,40,8.88447,18.2804,0.330264,-4.84357
0,40,9.08875,18.7657,-0.0968413,-4.48083
0,40,8.99712,19.3176,0.398927,-4.71293
0,40,9.07866,19.8912,-0.579063,-3.83537
0,40,9.03419,20.3435,0.475278,-3.26306
0,40,9.10459,20.8536,-0.355186,-2.58749
0,40,8.84783,21.1528,-0.279582,-3.16972
0,40,8.87774,21.8937,-1.45597,-2.25091
0,40,8.83873,22.3487,-0.47669,-2.70109
0,40,9.06019,22.7698,0.758518,-3.78263
0,40,9.10216,23.251,-0.509323,-2.45874
0,40,8.9825,23.7564,-0.666645,-2.85177
0,40,9.02809,24.2142,0.00839954,-2.58063
0,40,9.15921,24.7267,-0.0576321,-2.01489
0,40,9.08418,25.1284,0.54274,-1.62167
0,40,8.8301,25.7832,-0.966222,-0.817497
0,40,9.19722,26.1054,-0.143883,-2.08066
0,40,9.27168,26.6402,0.770672,-0.461482
0,40,9.10302,27.0376,0.211181,-1.87294
0,40,8.59902,27.2031,-0.404324,-2.24166
0,40,9.19004,28.0111,0.514165,-1.91976
0,40,9.51287,28.5855,-0.477538,0.220524
0,40,8.83643,28.1949,0.181468,-1.54355
0,40,8.76333,29.0875,-0.442858,-1.82314
0,40,8.7241,29.9758,0.699468,-0.825711
0,40,9.2173,30.0932,0.804485,0.0658704
0,40,9.19509,30.6617,-0.97057,-0.0125182
0,40,9.32102,31.0482,1.65293,-1.51866
0,40,8.85445,31.617,1.14033,-1.69084
0,40,9.06085,32.0986,-1.27765,0.654747
0,40,8.54545,32.0624,-1.64643,-1.02344
0,40,9.64872,15.492,-0.803879,-1.75136
0,40,9.52764,16.0744,-0.334239,-1.95866
0,40,9.58995,16.6976,0.962931,-1.45566
0,40,9.45676,17.1559,0.49788,-2.58577
0,40,9.57668,17.6323,1.00877,-2.07822
0,40,9.44923,18.1334,-0.664475,-1.98605
0,40,9.49863,18.554,1.73634,-2.54169
0,40,9.53133,19.1048,-0.390455,-1.77376
0,40,9.46509,19.4988,0.202768,-2.29184
0,40,9.56017,19.991,-0.0723368,-2.26469
0,40,9.51685,20.4873,-0.67963,-2.15339
0,40,9.55405,20.9892,-0.575469,-0.767977
0,40,9.49145,21.4757,-0.237002,-1.67448
0,40,9.18876,21.6315,-1.27345,-2.77131
0,40,9.57122,22.0788,-0.607693,-3.43518
0,40,9.37389,22.3729,0.0461338,-3.94039
0,40,9.56627,22.829,-0.00840158,-2.54262
0,40,9.51194,23.3561,-0.446779,-2.64725
0,40,9.5218,23.7766,0.0424549,-1.1483
0,40,9.48811,24.2324,-0.114526,-1.26307
0,40,9.59989,24.6738,-0.668708,-0.583119
0,40,9.6547,25.2574,-0.642548,-1.6839
0,40,9.25515,25.5193,-1.44117,-0.568076
0,40,9.61649,25.8611,-0.153865,-1.57493
0,40,9.597,26.4819,-0.838973,-1.39473
0,40,9.61684,27.1519,-0.259165,-1.76113
0,40,9.51105,27.5933,-0.529597,0.0734838
0,40,9.07313,27.5224,-0.0813633,-1.29178
0,40,9.58718,28.1404,1.74722,-0.199996
0,40,9.52777,29.0104,-1.74834,-0.471462
0,40,9.03193,28.64,0.082726,-2.17311
0,40,9.19596,29.2263,-1.86053,0.483
0,40,9.13547,29.6141,-0.514927,-1.14036
0,40,9.62779,29.6502,0.922313,0.499905
0,40,9.58001,30.1752,0.0222558,0.623644
0,40,9.69269,30.7498,0.928251,-0.106328
0,40,9.64632,31.4801,1.25336,0.842117
0,40,9.29668,31.6772,-0.389003,-1.53196
0,40,9.59746,32.118,-0.880167,-1.90032
0,40,10.3988,36.8875,2.73069,20.4691
1,40,10,1.5,0,0
1,40,10.5,1.5,0,0
1,40,1.5,1.5,0,0
1,40,2,1.5,0,0
1,40,10,2,0,0
1,40,10.5,2,0,0
1,40,1.5,2,0,0
1,40,2,2,0,0
1,40,10,2.5,0,0
1,40,10.5,2.5,0,0
1,40,1.5,2.5,0,0
1,40,2,2.5,0,0
1,40,10,3,0,0
1,40,10.5,3,0,0
1,40,1.5,3,0,0
1,40,2,3,0,0
1,40,10,3.5,0,0
1,40,10.5,3.5,0,0
1,40,1.5,3.5,0,0
1,40,2,3.5,0,0
1,40,10,4,0,0
1,40,10.5,4,0,0
1,40,1.5,4,0,0
1,40,2,4,0,0
1,40,10,4.5,0,0
1,40,10.5,4.5,0,0
1,40,1.5,4.5,0,0
1,40,2,4.5,0,0
1,40,10,5,0,0
1,40,10.5,5,0,0
1,40,1.5,5,0,0
1,40,2,5,0,0
1,40,10,5.5,0,0
1,40,10.5,5.5,0,0
1,40,1.5,5.5,0,0
1,40,2,5.5,0,0
1,40,10,6,0,0
1,40,10.5,6,0,0
1,40,1.5,6,0,0
1,40,2,6,0,0
1,40,10,6.5,0,0
1,40,10.5,6.5,0,0
1,40,1.5,6.5,0,0
1,40,2,6.5,0,0
1,40,10,7,0,0
1,40,10.5,7,0,0
1,40,1.5,7,0,0
1,40,2,7,0,0
1,40,10,7.5,0,0
1,40,10.5,7.5,0,0
1,40,1.5,7.5,0,0
1,40,2,7.5,0,0
1,40,10,8,0,0
1,40,10.5,8,0,0
1,40,1.5,8,0,0
1,40,2,8,0,0
1,40,10,8.5,0,0
1,40,10.5,8.5,0,0
1,40,1.5,8.5,0,0
1,40,2,8.5,0,0
1,40,10,9,0,0
1,40,10.5,9,0,0
1,40,1.5,9,0,0
1,40,2,9,0,0
1,40,10,9.5,0,0
1,40,10.5,9.5,0,0
1,40,1.5,9.5,0,0
1,40,2,9.5,0,0
1,40,10,10,0,0
1,40,10.5,10,0,0
1,40,1.5,10,0,0
1,40,2,10,0,0
1,40,10,10.5,0,0
1,40,10.5,10.5,0,0
1,40,1.5,10.5,0,0
1,40,2,10.5,0,0
1,40,10,11,0,0
1,40,10.5,11,0,0
1,40,1.5,11,0,0
1,40,2,11,0,0
1,40,10,11.5,0,0
1,40,10.5,11.5,0,0
1,40,1.5,11.5,0,0
1,40,2,11.5,0,0
1,40,10,12,0,0
1,40,10.5,12,0,0
1,40,1.5,12,0,0
1,40,2,12,0,0
1,40,10,12.5,0,0
1,40,10.5,12.5,0,0
1,40,1.5,12.5,0,0
1,40,2,12.5,0,0
1,40,10,13,0,0
1,40,10.5,13,0,0
1,40,1.5,13,0,0
1,40,2,13,0,0
1,40,10,13.5,0,0
1,40,10.5,13.5,0,0
1,40,1.5,13.5,0,0
1,40,2,13.5,0,0
1,40,10,14,0,0
1,40,10.5,14,0,0
1,40,1.5,14,0,0
1,40,2,14,0,0
1,40,10,14.5,0,0
1,40,10.5,14.5,0,0
1,40,1.5,14.5,0,0
1,40,2,14.5,0,0
1,40,10,15,0,0
1,40,10.5,15,0,0
1,40,1.5,15,0,0
1,40,2,15,0,0
1,40,10,15.5,0,0
1,40,10.5,15.5,0,0
1,40,1.5,15.5,0,0
1,40,2,15.5,0,0
1,40,10,16,0,0
1,40,10.5,16,0,0
1,40,1.5,16,0,0
1,40,2,16,0,0
1,40,10,16.5,0,0
1,40,10.5,16.5,0,0
1,40,1.5,16.5,0,0
1,40,2,16.5,0,0
1,40,10,17,0,0
1,40,10.5,17,0,0
1,40,1.5,17,0,0
1,40,2,17,0,0
1,40,10,17.5,0,0
1,40,10.5,17.5,0,0
1,40,1.5,17.5,0,0
1,40,2,17.5,0,0
1,40,10,18,0,0
1,40,10.5,18,0,0
1,40,1.5,18,0,0
1,40,2,18,0,0
1,40,10,18.5,0,0
1,40,10.5,18.5,0,0
1,40,1.5,18.5,0,0
1,40,2,18.5,0,0
1,40,10,19,0,0
1,40,10.5,19,0,0
1,40,1.5,19,0,0
1,40,2,19,0,0
1,40,10,19.5,0,0
1,40,10.5,19.5,0,0
1,40,1.5,19.5,0,0
1,40,2,19.5,0,0
1,40,10,20,0,0
1,40,10.5,20,0,0
1,40,1.5,20,0,0
1,40,2,20,0,0
1,40,10,20.5,0,0
1,40,10.5,20.5,0,0
1,40,1.5,20.5,0,0
1,40,2,20.5,0,0
1,40,10,21,0,0
1,40,10.5,21,0,0
1,40,1.5,21,0,0
1,40,2,21,0,0
1,40,10,21.5,0,0
1,40,10.5,21.5,0,0
1,40,1.5,21.5,0,0
1,40,2,21.5,0,0
1,40,10,22,0,0
1,40,10.5,22,0,0
1,40,1.5,22,0,0
1,40,2,22,0,0
1,40,10,22.5,0,0
1,40,10.5,22.5,0,0
1,40,1.5,22.5,0,0
1,40,2,22.5,0,0
1,40,10,23,0,0
1,40,10.5,23,0,0
1,40,1.5,23,0,0
1,40,2,23,0,0
1,40,10,23.5,0,0
1,40,10.5,23.5,0,0
1,40,1.5,23.5,0,0
1,40,2,23.5,0,0
1,40,10,24,0,0
1,40,10.5,24,0,0
1,40,1.5,24,0,0
1,40,2,24,0,0
1,40,10,24.5,0,0
1,40,10.5,24.5,0,0
1,40,1.5,24.5,0,0
1,40,2,24.5,0,0
1,40,10,25,0,0
1,40,10.5,25,0,0
1,40,1.5,25,0,0
1,40,2,25,0,0
1,40,10,25.5,0,0
1,40,10.5,25.5,0,0
1,40,1.5,25.5,0,0
1,40,2,25.5,0,0
1,40,10,26,0,0
1,40,10.5,26,0,0
1,40,1.5,26,0,0
1,40,2,26,0,0
1,40,10,26.5,0,0
1,40,10.5,26.5,0,0
1,40,1.5,26.5,0,0
1,40,2,26.5,0,0
1,40,10,27,0,0
1,40,10.5,27,0,0
1,40,1.5,27,0,0
1,40,2,27,0,0
1,40,10,27.5,0,0
1,40,10.5,27.5,0,0
1,40,1.5,27.5,0,0
1,40,2,27.5,0,0
1,40,10,28,0,0
1,40,10.5,28,0,0
1,40,1.5,28,0,0
1,40,2,28,0,0
1,40,10,28.5,0,0
1,40,10.5,28.5,0,0
1,40,1.5,28.5,0,0
1,40,2,28.5,0,0
1,40,10,29,0,0
1,40,10.5,29,0,0
1,40,1.5,29,0,0
1,40,2,29,0,0
1,40,10,29.5,0,0
1,40,10.5,29.5,0,0
1,40,1.5,29.5,0,0
1,40,2,29.5,0,0
1,40,10,30,0,0
1,40,10.5,30,0,0
1,40,1.5,30,0,0
1,40,2,30,0,0
1,40,10,30.5,0,0
1,40,10.5,30.5,0,0
1,40,1.5,30.5,0,0
1,40,2,30.5,0,0
1,40,10,31,0,0
1,40,10.5,31,0,0
1,40,1.5,31,0,0
1,40,2,31,0,0
1,40,10,31.5,0,0
1,40,10.5,31.5,0,0
1,40,1.5,31.5,0,0
1,40,2,31.5,0,0
1,40,10,32,0,0
1,40,10.5,32,0,0
1,40,1.5,32,0,0
1,40,2,32,0,0
1,40,10,32.5,0,0
1,40,10.5,32.5,0,0
1,40,1.5,32.5,0,0
1,40,2,32.5,0,0
1,40,10,33,0,0
1,40,10.5,33,0,0
1,40,1.5,33,0,0
1,40,2,33,0,0
1,40,2.5,1.5,0,0
1,40,2.5,2,0,0
1,40,2.5,32.5,0,0
1,40,2.5,33,0,0
1,40,3,1.5,0,0
1,40,3,2,0,0
1,40,3,32.5,0,0
1,40,3,33,0,0
1,40,3.5,1.5,0,0
1,40,3.5,2,0,0
1,40,3.5,32.5,0,0
1,40,3.5,33,0,0
1,40,4,1.5,0,0
1,40,4,2,0,0
1,40,4,32.5,0,0
1,40,4,33,0,0
1,40,4.5,1.5,0,0
1,40,4.5,2,0,0
1,40,4.5,32.5,0,0
1,40,4.5,33,0,0
1,40,5,1.5,0,0
1,40,5,2,0,0
1,40,5,32.5,0,0
1,40,5,33,0,0
1,40,5.5,1.5,0,0
1,40,5.5,2,0,0
1,40,5.5,32.5,0,0
1,40,5.5,33,0,0
1,40,6,1.5,0,0
1,40,6,2,0,0
1,40,6,32.5,0,0
1,40,6,33,0,0
1,40,6.5,1.5,0,0
1,40,6.5,2,0,0
1,40,6.5,32.5,0,0
1,40,6.5,33,0,0
1,40,7,1.5,0,0
1,40,7,2,0,0
1,40,7,32.5,0,0
1,40,7,33,0,0
1,40,7.5,1.5,0,0
1,40,7.5,2,0,0
1,40,7.5,32.5,0,0
1,40,7.5,33,0,0
1,40,8,1.5,0,0
1,40,8,2,0,0
1,40,8,32.5,0,0
1,40,8,33,0,0
1,40,8.5,1.5,0,0
1,40,8.5,2,0,0
1,40,8.5,32.5,0,0
1,40,8.5,33,0,0
1,40,9,1.5,0,0
1,40,9,2,0,0
1,40,9,32.5,0,0
1,40,9,33,0,0
1,40,9.5,1.5,0,0
1,40,9.5,2,0,0
1,40,9.5,32.5,0,0
1,40,9.5,33,0,0
