916 2 0.5 203000 0 2 0 1e-05 0 9.81 45 45
0,40,2.4121,15.8584,-0.596485,1.197
0,40,2.53233,16.3056,0.191854,0.882669
0,40,2.45957,16.8167,-0.393626,1.50911
0,40,2.4315,17.3288,0.00169638,1.3669
0,40,2.45804,17.8316,-0.108145,1.6472
0,40,2.44483,18.3235,0.0583769,1.32233
0,40,2.46301,18.8109,0.267933,1.223
0,40,2.4662,19.2891,0.301498,1.27538
0,40,2.47002,19.7611,0.305955,1.19719
0,40,2.47225,20.2311,0.349594,1.28308
0,40,2.47344,20.6935,0.412645,1.32139
0,40,2.47513,21.1528,0.422996,1.31282
0,40,2.47961,21.6095,0.407134,1.35331
0,40,2.47594,22.0615,0.308731,1.23284
0,40,2.47541,22.5134,0.153975,1.05189
0,40,2.46706,22.9663,0.136166,0.95281
0,40,2.4631,23.4163,-0.183166,0.820064
0,40,2.46033,23.8698,-0.143435,0.983124
0,40,2.46231,24.3071,-0.492075,0.998007
0,40,2.46171,24.7505,-0.418234,1.08326
0,40,2.48706,25.1696,-0.116241,0.703065
0,40,2.45961,25.5963,-0.489678,0.579474
0,40,2.49546,26.01,0.122516,0.193323
0,40,2.44191,26.4154,-0.674767,-0.280331
0,40,2.44487,26.8442,-1.18446,0.260759
0,40,2.53141,27.2149,0.328253,0.636418
0,40,2.32141,27.6192,-1.44627,1.22974
0,40,2.58685,27.9848,1.27542,0.455746
0,40,2.38357,28.3563,-0.800724,1.37915
0,40,2.34276,28.8452,-0.254275,2.95345
0,40,2.66705,29.1421,1.55387,0.60429
0,40,2.30777,29.4642,-0.625415,-0.66859
0,40,2.85888,29.7775,-0.129482,0.541487
0,40,2.4363,29.8875,1.38215,-0.471622
0,40,2.32974,30.3764,-0.517426,0.772054
0,40,2.36215,30.9419,-0.0888067,1.09785
0,40,2.43792,31.3758,0.366182,0.569952
0,40,2.80923,31.7066,-0.19247,0.644769
0,40,2.25866,31.8193,-0.142866,0.42423
0,40,2.34165,32.4017,-0.206029,1.79006
0,40,2.97047,15.3831,-0.14581,-0.306183
0,40,2.89265,15.732,-1.04143,-0.778357
0,40,3.03361,16.2724,0.0661772,-1.66042
0,40,2.95814,16.777,-0.00913177,-1.15008
0,40,2.98836,17.2191,-0.345969,-1.33048
0,40,2.98499,17.6685,-0.0515095,-1.13132
0,40,2.98078,18.107,-0.328857,-1.55625
0,40,2.98576,18.5545,-0.138685,-1.33195
0,40,2.985,18.9947,-0.0575663,-1.51737
0,40,2.98661,19.4421,0.066522,-1.23968
0,40,2.9817,19.8903,0.188028,-1.19458
0,40,2.97956,20.3354,0.341824,-0.965533
0,40,2.97614,20.7848,0.299798,-0.836847
0,40,2.97518,21.2287,0.545377,-0.621004
0,40,2.97026,21.6791,0.264858,-0.333619
0,40,2.97045,22.1277,0.494656,-0.113805
0,40,2.95443,22.5814,0.102148,0.253438
0,40,2.95893,23.03,0.327144,0.369582
0,40,2.94232,23.4831,-0.0221276,0.690643
0,40,2.95825,23.9215,-0.0196204,0.618362
0,40,2.94694,24.3809,-0.466156,0.857256
0,40,2.96376,24.8191,-0.342529,0.603255
0,40,2.96042,25.2971,-0.136866,0.786616
0,40,2.94893,25.7378,-0.339353,0.814712
0,40,2.97912,26.1889,0.0702313,0.912831
0,40,2.93155,26.5986,-0.872291,1.18767
0,40,3.02961,26.9787,0.0120257,0.013847
0,40,2.92437,27.4341,-0.946203,0.873208
0,40,3.02138,27.7652,0.388402,-0.0192569
0,40,2.98421,28.2427,0.159703,1.60575
0,40,2.8417,28.5878,-3.33272,0.871935
0,40,3.09886,28.8824,1.93152,-0.695657
0,40,2.93645,29.3855,0.257631,0.680091
0,40,3.20415,30.0584,-0.0727397,0.635192
0,40,2.76377,30.264,0.35032,1.02999
0,40,2.69923,30.7412,-0.315287,-0.535514
0,40,2.86443,31.2386,0.297841,-1.12394
0,40,3.27203,31.5229,-0.336085,1.84164
0,40,2.74312,32.011,-0.0417061,-0.230857
0,40,3.14928,32.1588,-0.252673,1.13579
0,40,3.52487,15.4472,0.223158,-0.0182398
0,40,3.44764,15.9095,-0.652224,-0.578194
0,40,3.46526,16.4042,-0.250784,0.302556
0,40,3.48029,16.9262,-0.209759,0.0144175
0,40,3.49022,17.4095,-0.0970345,0.386085
0,40,3.47884,17.934,-0.102841,0.335467
0,40,3.48237,18.4199,-0.15487,0.500771
0,40,3.4814,18.9293,0.00382899,0.355665
0,40,3.48204,19.4128,0.0553127,0.357939
0,40,3.47909,19.9022,0.137955,0.229105
0,40,3.48407,20.3716,0.339732,0.10276
0,40,3.47635,20.829,0.187211,-0.0627599
0,40,3.49171,21.2821,0.507962,-0.129495
0,40,3.47181,21.7143,0.190003,-0.442935
0,40,3.49088,22.1549,0.396263,-0.69457
0,40,3.465,22.5701,0.182304,-0.8142
0,40,3.48315,22.9874,0.328176,-1.17235
0,40,3.4513,23.4032,-0.203152,-0.851399
0,40,3.48626,23.8083,0.329243,-1.04995
0,40,3.42057,24.2314,-0.770013,-0.95275
0,40,3.48408,24.6629,0.503458,-0.619785
0,40,3.40327,25.0653,-0.928155,-1.39117
0,40,3.46617,25.5508,0.130313,-0.646332
0,40,3.43958,25.9099,-0.62346,-0.85634
0,40,3.43753,26.4147,-0.874945,-0.769492
0,40,3.52124,26.7768,0.301828,-0.524876
0,40,3.43786,27.2516,-0.394715,-0.322089
0,40,3.53921,27.6001,0.50363,-0.416358
0,40,3.45643,28.0615,0.0399788,-0.439006
0,40,3.4973,28.4344,-0.368614,-0.397253
0,40,3.548,28.835,0.662905,-1.3758
0,40,3.43464,29.2707,-0.722719,-0.169843
0,40,3.41535,29.6556,0.136549,1.19798
0,40,3.6002,30.1132,1.45094,-0.134906
0,40,3.11562,30.5463,1.1001,1.74746
0,40,3.53412,30.5882,-1.29138,-1.08583
0,40,3.16276,30.9923,0.470312,2.33672
0,40,3.60271,31.1273,1.2043,-1.24093
0,40,3.48418,31.7049,-0.344297,-0.848487
0,40,3.59988,32.1361,0.650934,-0.565954
0,40,3.97978,15.397,-0.138347,-0.357528
0,40,3.97187,15.8874,-0.169637,-0.544833
0,40,4.00106,16.3708,-0.0849722,-0.577124
0,40,3.96524,16.8336,-0.413951,-0.857885
0,40,3.99509,17.3197,-0.0603898,-0.901452
0,40,3.96814,17.7844,-0.492171,-1.02928
0,40,3.99164,18.2358,0.0222237,-1.18296
0,40,3.97563,18.6893,-0.237554,-1.44866
0,40,3.99199,19.1289,0.0632775,-1.47687
0,40,3.99029,19.5677,0.131153,-1.4408
0,40,3.97781,20.007,-0.111046,-1.33103
0,40,4.0096,20.4486,0.201182,-0.875899
0,40,3.96868,20.8895,-0.0208354,-0.522037
0,40,4.00927,21.3389,0.00972312,-0.178897
0,40,3.97315,21.79,0.269836,0.146768
0,40,3.99392,22.2475,0.0666246,0.413648
0,40,3.98303,22.701,0.37829,0.346398
0,40,3.99347,23.1597,0.340335,0.445588
0,40,3.98638,23.5735,0.227736,-0.392815
0,40,4.00041,24.0405,0.365975,0.137598
0,40,3.93362,24.4164,-0.571262,-0.38258
0,40,3.99405,24.9225,0.052886,0.0321824
0,40,3.85336,25.3086,-0.61795,0.133672
0,40,4.01876,25.7743,-0.226601,-0.306326
0,40,3.82431,26.1938,0.05448,-0.194466
0,40,4.08638,26.5816,-0.0112555,-0.262124
0,40,3.90624,26.9864,0.148493,-0.533196
0,40,4.03765,27.374,0.165408,-0.667793
0,40,3.94205,27.8266,0.102168,-0.166387
0,40,3.97459,28.2298,0.399086,0.163992
0,40,4.02782,28.6679,0.193867,-0.0175581
0,40,3.96635,29.0801,-0.617441,1.36716
0,40,3.86597,29.5253,-1.14587,0.118219
0,40,4.08573,29.8273,0.0378216,0.0824952
0,40,3.95338,30.2895,1.56323,1.14391
0,40,4.2201,30.6042,0.808326,0.541379
0,40,3.85017,30.9196,-0.152784,-0.447742
0,40,3.98802,31.4569,-0.805306,-0.350147
0,40,3.99026,31.7846,0.194844,-0.43446
0,40,4.11624,32.2691,-0.981871,-0.256248
0,40,4.49639,15.4149,-0.0633121,-0.355719
0,40,4.48701,15.8949,-0.32747,-0.649764
0,40,4.48185,16.3872,-0.0757376,-0.0602832
0,40,4.48976,16.884,-0.143871,-0.275305
0,40,4.49279,17.3639,-0.0879123,-0.234147
0,40,4.49098,17.8563,-0.0313473,0.184162
0,40,4.5012,18.3442,-0.0825806,0.177322
0,40,4.49537,18.8384,-0.171892,0.360336
0,40,4.50015,19.3292,-0.286394,0.575228
0,40,4.48907,19.8145,-0.406898,0.465898
0,40,4.49473,20.2934,-0.226931,0.484075
0,40,4.48651,20.7623,-0.408778,0.401377
0,40,4.49796,21.2171,-0.0739444,0.0778638
0,40,4.48467,21.6672,-0.310703,-0.12441
0,40,4.49003,22.1003,-0.109971,-0.344302
0,40,4.49566,22.5373,0.0690738,-0.360258
0,40,4.47253,22.9665,-0.219076,-0.135095
0,40,4.54277,23.3992,0.550713,0.0284271
0,40,4.4327,23.8365,-0.236902,0.576168
0,40,4.57232,24.2643,0.0406319,0.692967
0,40,4.36141,24.662,0.192555,0.104724
0,40,4.56228,25.0907,0.0615947,0.734466
0,40,4.34644,25.4119,0.0811481,-0.548907
0,40,4.58571,25.8221,0.502099,-0.0176767
0,40,4.34148,26.1498,-0.454847,-0.246318
0,40,4.59591,26.4759,0.666352,-0.975749
0,40,4.44274,26.923,0.586559,-0.286048
0,40,4.52375,27.2988,0.444948,-0.630607
0,40,4.43089,27.7285,0.144465,-0.334917
0,40,4.47958,28.1189,-0.0625743,-0.486962
0,40,4.47454,28.5103,0.290328,0.14077
0,40,4.4762,28.9526,-0.421323,-0.172958
0,40,4.36477,29.3689,-0.484763,-0.0489308
0,40,4.56934,29.7515,-0.00184628,-0.364151
0,40,4.43742,30.1928,0.652595,-0.204227
0,40,4.65507,30.7011,1.47376,0.374531
0,40,4.31076,31.0546,-0.105505,-0.468765
0,40,4.47,31.4144,-0.535806,0.649444
0,40,4.41767,31.9593,-0.469685,0.34155
0,40,4.85526,32.2417,-0.505824,-0.589982
0,40,4.99352,15.3924,-0.0341668,-0.590124
0,40,4.98978,15.8857,-0.0152675,-0.589683
0,40,4.9986,16.3795,-0.0890841,-0.333622
0,40,4.98645,16.8573,-0.244793,-0.683774
0,40,4.99261,17.3448,-0.00115287,-0.500614
0,40,4.98725,17.8245,-0.251931,-0.560274
0,40,4.99294,18.2896,-0.135597,-0.748675
0,40,4.98648,18.7583,-0.209818,-0.921669
0,40,4.99466,19.2094,-0.0581315,-1.11863
0,40,4.99146,19.6532,-0.117066,-1.32967
0,40,4.99361,20.0951,-0.103032,-1.39047
0,40,5.00315,20.5297,-0.118116,-1.13824
0,40,4.98909,20.9694,-0.192634,-0.981041
0,40,5.00566,21.4157,-0.315432,-0.4863
0,40,4.98494,21.8614,-0.182361,-0.295721
0,40,4.99128,22.3234,-0.407696,0.0389114
0,40,4.97921,22.7781,-0.369943,0.0743008
0,40,4.99591,23.2373,0.291626,-0.600686
0,40,4.95756,23.7173,-0.843143,-0.0909054
0,40,5.03746,24.1428,1.46564,-1.1745
0,40,4.89095,24.6413,-1.61206,-0.0497235
0,40,5.05786,25.0412,1.47765,-1.08078
0,40,4.92993,25.5062,-0.223663,-0.562279
0,40,5.05456,25.9359,0.869104,-0.942571
0,40,5.04087,26.3683,0.481053,-0.723762
0,40,4.98699,26.8061,-0.173338,-1.08588
0,40,5.01526,27.1927,0.882652,-0.404604
0,40,4.95368,27.6258,-0.475204,-0.331791
0,40,4.99484,27.981,0.472152,-0.227092
0,40,4.97844,28.4045,0.175247,-0.323262
0,40,4.94802,28.7881,-0.261535,-0.0322634
0,40,4.86118,29.2463,-0.278911,0.146388
0,40,5.06101,29.5383,0.78529,0.206158
0,40,4.90875,29.9941,0.214224,-0.212726
0,40,4.93364,30.41,-0.116711,0.351518
0,40,5.18888,30.7509,0.570026,1.45875
0,40,4.85817,31.1276,-0.339018,1.52297
0,40,5.18107,31.2736,0.390625,0.978994
0,40,4.74897,31.7083,-0.249179,-1.07628
0,40,5.38287,32.1648,-0.671589,0.00118977
0,40,5.499,15.4041,-0.00559338,-0.480288
0,40,5.49639,15.8932,-0.0663058,-0.669742
0,40,5.49393,16.3816,-0.0635736,-0.269474
0,40,5.49766,16.8718,-0.00839467,-0.294107
0,40,5.49729,17.3582,-0.0464519,-0.339305
0,40,5.49733,17.8422,-0.0967649,-0.166838
0,40,5.50129,18.3269,-0.0595065,-0.0291339
0,40,5.49931,18.8105,-0.113819,0.0242693
0,40,5.50234,19.2962,-0.195052,0.299304
0,40,5.4989,19.7752,-0.175059,0.343652
0,40,5.5007,20.2538,-0.200362,0.388015
0,40,5.50064,20.7249,-0.211278,0.473756
0,40,5.49903,21.177,-0.229682,0.240708
0,40,5.50575,21.6252,-0.0851238,0.0158647
0,40,5.49151,22.0484,-0.358975,-0.140373
0,40,5.51584,22.4611,0.0943758,-0.500249
0,40,5.47525,22.8698,-0.598338,-0.344011
0,40,5.54395,23.2612,0.741904,-0.36781
0,40,5.40469,23.6754,-1.3077,0.0181914
0,40,5.59623,24.0608,0.552637,0.0651339
0,40,5.36401,24.4846,-0.457199,-0.0528318
0,40,5.56405,24.8488,-0.327483,-0.636661
0,40,5.44155,25.2833,0.502426,-0.326557
0,40,5.4958,25.6788,-0.525658,-0.625809
0,40,5.52943,26.1178,0.927209,0.207395
0,40,5.49071,26.5645,0.117906,0.0379714
0,40,5.53587,26.9782,0.332999,0.238529
0,40,5.47713,27.3883,-0.282893,-0.0472914
0,40,5.51492,27.779,0.177501,-0.0677596
0,40,5.48458,28.1829,0.0476647,-0.125617
0,40,5.48652,28.5694,0.241314,0.14294
0,40,5.39966,28.96,-0.860643,0.0659334
0,40,5.49398,29.2848,0.259644,-0.233199
0,40,5.51499,29.728,0.817142,0.220777
0,40,5.3756,30.061,-0.278652,0.0847199
0,40,5.51105,30.4173,-0.198856,-0.122438
0,40,5.60091,30.87,-0.0678018,-0.0424324
0,40,5.54507,31.3542,0.94534,0.228653
0,40,5.09916,31.765,-0.0187047,1.05097
0,40,5.55311,31.8076,0.559241,-0.103782
0,40,6,15.3923,-5.19051e-12,-0.60007
0,40,6,15.8838,-4.51459e-11,-0.653657
0,40,6,16.3822,-7.09148e-11,-0.320589
0,40,6,16.8631,-6.4573e-11,-0.545118
0,40,6,17.3483,-5.75282e-11,-0.551343
0,40,6,17.8321,-1.28858e-10,-0.527619
0,40,6,18.2998,-1.45683e-10,-0.575495
0,40,6,18.7698,6.29468e-10,-0.849772
0,40,6,19.2261,-4.46339e-10,-0.966501
0,40,6,19.6755,-1.4223e-10,-1.03424
0,40,6,20.1209,4.4465e-10,-1.31999
0,40,6,20.5624,-3.63773e-10,-1.01432
0,40,6,21.0068,1.20122e-10,-0.849549
0,40,6,21.4581,-1.01895e-13,-0.351356
0,40,6,21.9175,-9.17911e-12,-0.0338836
0,40,6,22.394,1.83417e-10,0.593626
0,40,6,22.8636,2.5453e-10,0.429725
0,40,6,23.3642,-3.68882e-10,0.862857
0,40,6,23.7624,5.0929e-10,-0.754493
0,40,6,24.2856,-1.35139e-10,0.0913648
0,40,6,24.6367,1.54243e-10,0.189256
0,40,6,25.1352,2.74555e-11,-0.394814
0,40,6,25.506,1.77212e-11,0.274167
0,40,6,25.9416,-9.65015e-11,-1.0531
0,40,6,26.3758,-7.77531e-12,-0.149509
0,40,6,26.7868,-9.45156e-11,-0.276306
0,40,6,27.2428,6.83556e-11,-0.224694
0,40,6,27.6514,2.37621e-11,-0.165889
0,40,6,28.0713,6.20013e-12,-0.503798
0,40,6,28.4735,-2.53062e-12,-0.125148
0,40,6,28.8289,-4.04903e-11,-0.303469
0,40,6,29.178,-3.28694e-11,-0.736828
0,40,6,29.5629,1.96978e-11,-0.346204
0,40,6,29.9335,-4.55981e-11,0.237748
0,40,6,30.2653,6.76408e-11,-0.254629
0,40,6,30.6349,-9.07922e-12,-0.227589
0,40,6,31.1195,3.59137e-11,-0.143224
0,40,6,31.4924,-7.11424e-12,1.70861
0,40,6,31.8974,4.78279e-11,1.51209
0,40,6,32.2981,-2.74495e-11,2.08979
0,40,6.501,15.4041,0.00559338,-0.480288
0,40,6.50361,15.8932,0.0663058,-0.669742
0,40,6.50607,16.3816,0.0635736,-0.269474
0,40,6.50234,16.8718,0.00839467,-0.294107
0,40,6.50271,17.3582,0.0464519,-0.339305
0,40,6.50267,17.8422,0.0967649,-0.166838
0,40,6.49871,18.3269,0.0595065,-0.0291339
0,40,6.50069,18.8105,0.113819,0.0242693
0,40,6.49766,19.2962,0.195052,0.299304
0,40,6.5011,19.7752,0.175059,0.343652
0,40,6.4993,20.2538,0.200362,0.388015
0,40,6.49936,20.7249,0.211278,0.473756
0,40,6.50097,21.177,0.229682,0.240708
0,40,6.49425,21.6252,0.0851238,0.0158647
0,40,6.50849,22.0484,0.358975,-0.140373
0,40,6.48416,22.4611,-0.0943758,-0.500249
0,40,6.52475,22.8698,0.598338,-0.344011
0,40,6.45605,23.2612,-0.741904,-0.36781
0,40,6.59531,23.6754,1.3077,0.0181914
0,40,6.40377,24.0608,-0.552637,0.0651339
0,40,6.63599,24.4846,0.457199,-0.0528318
0,40,6.43595,24.8488,0.327483,-0.636661
0,40,6.55845,25.2833,-0.502426,-0.326557
0,40,6.5042,25.6788,0.525658,-0.625809
0,40,6.47057,26.1178,-0.927209,0.207395
0,40,6.50929,26.5645,-0.117906,0.0379714
0,40,6.46413,26.9782,-0.332999,0.238529
0,40,6.52287,27.3883,0.282893,-0.0472914
0,40,6.48508,27.779,-0.177501,-0.0677596
0,40,6.51542,28.1829,-0.0476647,-0.125617
0,40,6.51348,28.5694,-0.241314,0.14294
0,40,6.60034,28.96,0.860643,0.0659334
0,40,6.50602,29.2848,-0.259644,-0.233199
0,40,6.48501,29.728,-0.817142,0.220777
0,40,6.6244,30.061,0.278652,0.0847199
0,40,6.48895,30.4173,0.198856,-0.122438
0,40,6.39909,30.87,0.0678018,-0.0424324
0,40,6.45493,31.3542,-0.94534,0.228653
0,40,6.90084,31.765,0.0187047,1.05097
0,40,6.44689,31.8076,-0.559241,-0.103782
0,40,7.00648,15.3924,0.0341668,-0.590124
0,40,7.01022,15.8857,0.0152675,-0.589683
0,40,7.0014,16.3795,0.0890841,-0.333622
0,40,7.01355,16.8573,0.244793,-0.683774
0,40,7.00739,17.3448,0.00115287,-0.500614
0,40,7.01275,17.8245,0.251931,-0.560274
0,40,7.00706,18.2896,0.135597,-0.748675
0,40,7.01352,18.7583,0.209818,-0.921669
0,40,7.00534,19.2094,0.0581315,-1.11863
0,40,7.00854,19.6532,0.117066,-1.32967
0,40,7.00639,20.0951,0.103032,-1.39047
0,40,6.99685,20.5297,0.118116,-1.13824
0,40,7.01091,20.9694,0.192634,-0.981041
0,40,6.99434,21.4157,0.315432,-0.4863
0,40,7.01506,21.8614,0.182361,-0.295721
0,40,7.00872,22.3234,0.407696,0.0389114
0,40,7.02079,22.7781,0.369943,0.0743008
0,40,7.00409,23.2373,-0.291626,-0.600686
0,40,7.04244,23.7173,0.843143,-0.0909054
0,40,6.96254,24.1428,-1.46564,-1.1745
0,40,7.10905,24.6413,1.61206,-0.0497235
0,40,6.94214,25.0412,-1.47765,-1.08078
0,40,7.07007,25.5062,0.223663,-0.562279
0,40,6.94544,25.9359,-0.869104,-0.942571
0,40,6.95913,26.3683,-0.481053,-0.723762
0,40,7.01301,26.8061,0.173338,-1.08588
0,40,6.98474,27.1927,-0.882652,-0.404604
0,40,7.04632,27.6258,0.475204,-0.331791
0,40,7.00516,27.981,-0.472152,-0.227092
0,40,7.02156,28.4045,-0.175247,-0.323262
0,40,7.05198,28.7881,0.261535,-0.0322634
0,40,7.13882,29.2463,0.278911,0.146388
0,40,6.93899,29.5383,-0.78529,0.206158
0,40,7.09125,29.9941,-0.214224,-0.212726
0,40,7.06636,30.41,0.116711,0.351518
0,40,6.81112,30.7509,-0.570026,1.45875
0,40,7.14183,31.1276,0.339018,1.52297
0,40,6.81893,31.2736,-0.390625,0.978994
0,40,7.25103,31.7083,0.249179,-1.07628
0,40,6.61713,32.1648,0.671589,0.00118977
0,40,7.50361,15.4149,0.0633121,-0.355719
0,40,7.51299,15.8949,0.32747,-0.649764
0,40,7.51815,16.3872,0.0757376,-0.0602832
0,40,7.51024,16.884,0.143871,-0.275305
0,40,7.50721,17.3639,0.0879123,-0.234147
0,40,7.50902,17.8563,0.0313473,0.184162
0,40,7.4988,18.3442,0.0825806,0.177322
0,40,7.50463,18.8384,0.171892,0.360336
0,40,7.49985,19.3292,0.286394,0.575228
0,40,7.51093,19.8145,0.406898,0.465898
0,40,7.50527,20.2934,0.226931,0.484075
0,40,7.51349,20.7623,0.408778,0.401377
0,40,7.50204,21.2171,0.0739444,0.0778638
0,40,7.51533,21.6672,0.310703,-0.12441
0,40,7.50997,22.1003,0.109971,-0.344302
0,40,7.50434,22.5373,-0.0690738,-0.360258
0,40,7.52747,22.9665,0.219076,-0.135095
0,40,7.45723,23.3992,-0.550713,0.0284271
0,40,7.5673,23.8365,0.236902,0.576168
0,40,7.42768,24.2643,-0.0406319,0.692967
0,40,7.63859,24.662,-0.192555,0.104724
0,40,7.43772,25.0907,-0.0615947,0.734466
0,40,7.65356,25.4119,-0.0811481,-0.548907
0,40,7.41429,25.8221,-0.502099,-0.0176767
0,40,7.65852,26.1498,0.454847,-0.246318
0,40,7.40409,26.4759,-0.666352,-0.975749
0,40,7.55726,26.923,-0.586559,-0.286048
0,40,7.47625,27.2988,-0.444948,-0.630607
0,40,7.56911,27.7285,-0.144465,-0.334917
0,40,7.52042,28.1189,0.0625743,-0.486962
0,40,7.52546,28.5103,-0.290328,0.14077
0,40,7.5238,28.9526,0.421323,-0.172958
0,40,7.63523,29.3689,0.484763,-0.0489308
0,40,7.43066,29.7515,0.00184628,-0.364151
0,40,7.56258,30.1928,-0.652595,-0.204227
0,40,7.34493,30.7011,-1.47376,0.374531
0,40,7.68924,31.0546,0.105505,-0.468765
0,40,7.53,31.4144,0.535806,0.649444
0,40,7.58233,31.9593,0.469685,0.34155
0,40,7.14474,32.2417,0.505824,-0.589982
0,40,8.02022,15.397,0.138347,-0.357528
0,40,8.02813,15.8874,0.169637,-0.544833
0,40,7.99894,16.3708,0.0849722,-0.577124
0,40,8.03476,16.8336,0.413951,-0.857885
0,40,8.00491,17.3197,0.0603898,-0.901452
0,40,8.03186,17.7844,0.492171,-1.02928
0,40,8.00836,18.2358,-0.0222237,-1.18296
0,40,8.02437,18.6893,0.237554,-1.44866
0,40,8.00801,19.1289,-0.0632775,-1.47687
0,40,8.00971,19.5677,-0.131153,-1.4408
0,40,8.02219,20.007,0.111046,-1.33103
0,40,7.9904,20.4486,-0.201182,-0.875899
0,40,8.03132,20.8895,0.0208354,-0.522037
0,40,7.99073,21.3389,-0.00972312,-0.178897
0,40,8.02685,21.79,-0.269836,0.146768
0,40,8.00608,22.2475,-0.0666246,0.413648
0,40,8.01697,22.701,-0.37829,0.346398
0,40,8.00653,23.1597,-0.340335,0.445588
0,40,8.01362,23.5735,-0.227736,-0.392815
0,40,7.99959,24.0405,-0.365975,0.137598
0,40,8.06638,24.4164,0.571262,-0.38258
0,40,8.00595,24.9225,-0.052886,0.0321824
0,40,8.14664,25.3086,0.61795,0.133672
0,40,7.98124,25.7743,0.226601,-0.306326
0,40,8.17569,26.1938,-0.05448,-0.194466
0,40,7.91362,26.5816,0.0112555,-0.262124
0,40,8.09376,26.9864,-0.148493,-0.533196
0,40,7.96235,27.374,-0.165408,-0.667793
0,40,8.05795,27.8266,-0.102168,-0.166387
0,40,8.02541,28.2298,-0.399086,0.163992
0,40,7.97218,28.6679,-0.193867,-0.0175581
0,40,8.03365,29.0801,0.617441,1.36716
0,40,8.13403,29.5253,1.14587,0.118219
0,40,7.91427,29.8273,-0.0378216,0.0824952
0,40,8.04662,30.2895,-1.56323,1.14391
0,40,7.7799,30.6042,-0.808326,0.541379
0,40,8.14983,30.9196,0.152784,-0.447742
0,40,8.01198,31.4569,0.805306,-0.350147
0,40,8.00974,31.7846,-0.194844,-0.43446
0,40,7.88376,32.2691,0.981871,-0.256248
0,40,8.47513,15.4472,-0.223158,-0.0182398
0,40,8.55236,15.9095,0.652224,-0.578194
0,40,8.53474,16.4042,0.250784,0.302556
0,40,8.51971,16.9262,0.209759,0.0144175
0,40,8.50978,17.4095,0.0970345,0.386085
0,40,8.52116,17.934,0.102841,0.335467
0,40,8.51763,18.4199,0.15487,0.500771
0,40,8.5186,18.9293,-0.00382899,0.355665
0,40,8.51796,19.4128,-0.0553127,0.357939
0,40,8.52091,19.9022,-0.137955,0.229105
0,40,8.51593,20.3716,-0.339732,0.10276
0,40,8.52365,20.829,-0.187211,-0.0627599
0,40,8.50829,21.2821,-0.507962,-0.129495
0,40,8.52819,21.7143,-0.190003,-0.442935
0,40,8.50912,22.1549,-0.396263,-0.69457
0,40,8.535,22.5701,-0.182304,-0.8142
0,40,8.51685,22.9874,-0.328176,-1.17235
0,40,8.5487,23.4032,0.203152,-0.851399
0,40,8.51374,23.8083,-0.329243,-1.04995
0,40,8.57943,24.2314,0.770013,-0.95275
0,40,8.51592,24.6629,-0.503458,-0.619785
0,40,8.59673,25.0653,0.928155,-1.39117
0,40,8.53383,25.5508,-0.130313,-0.646332
0,40,8.56042,25.9099,0.62346,-0.85634
0,40,8.56247,26.4147,0.874945,-0.769492
0,40,8.47876,26.7768,-0.301828,-0.524876
0,40,8.56214,27.2516,0.394715,-0.322089
0,40,8.46079,27.6001,-0.50363,-0.416358
0,40,8.54357,28.0615,-0.0399788,-0.439006
0,40,8.5027,28.4344,0.368614,-0.397253
0,40,8.452,28.835,-0.662905,-1.3758
0,40,8.56536,29.2707,0.722719,-0.169843
0,40,8.58465,29.6556,-0.136549,1.19798
0,40,8.3998,30.1132,-1.45094,-0.134906
0,40,8.88438,30.5463,-1.1001,1.74746
0,40,8.46588,30.5882,1.29138,-1.08583
0,40,8.83724,30.9923,-0.470312,2.33672
0,40,8.39729,31.1273,-1.2043,-1.24093
0,40,8.51582,31.7049,0.344297,-0.848487
0,40,8.40012,32.1361,-0.650934,-0.565954
0,40,9.02953,15.3831,0.14581,-0.306183
0,40,9.10735,15.732,1.04143,-0.778357
0,40,8.96639,16.2724,-0.0661772,-1.66042
0,40,9.04186,16.777,0.00913177,-1.15008
0,40,9.01164,17.2191,0.345969,-1.33048
0,40,9.01501,17.6685,0.0515095,-1.13132
0,40,9.01922,18.107,0.328857,-1.55625
0,40,9.01424,18.5545,0.138685,-1.33195
0,40,9.015,18.9947,0.0575663,-1.51737
0,40,9.01339,19.4421,-0.066522,-1.23968
0,40,9.0183,19.8903,-0.188028,-1.19458
0,40,9.02044,20.3354,-0.341824,-0.965533
0,40,9.02386,20.7848,-0.299798,-0.836847
0,40,9.02482,21.2287,-0.545377,-0.621004
0,40,9.02974,21.6791,-0.264858,-0.333619
0,40,9.02955,22.1277,-0.494656,-0.113805
0,40,9.04557,22.5814,-0.102148,0.253438
0,40,9.04107,23.03,-0.327144,0.369582
0,40,9.05768,23.4831,0.0221276,0.690643
0,40,9.04175,23.9215,0.0196204,0.618362
0,40,9.05306,24.3809,0.466156,0.857256
0,40,9.03624,24.8191,0.342529,0.603255
0,40,9.03958,25.2971,0.136866,0.786616
0,40,9.05107,25.7378,0.339353,0.814712
0,40,9.02088,26.1889,-0.0702313,0.912831
0,40,9.06845,26.5986,0.872291,1.18767
0,40,8.97039,26.9787,-0.0120257,0.013847
0,40,9.07563,27.4341,0.946203,0.873208
0,40,8.97862,27.7652,-0.388402,-0.0192569
0,40,9.01579,28.2427,-0.159703,1.60575
0,40,9.1583,28.5878,3.33272,0.871935
0,40,8.90114,28.8824,-1.93152,-0.695657
0,40,9.06355,29.3855,-0.257631,0.680091
0,40,8.79585,30.0584,0.0727397,0.635192
0,40,9.23623,30.264,-0.35032,1.02999
0,40,9.30077,30.7412,0.315287,-0.535514
0,40,9.13557,31.2386,-0.297841,-1.12394
0,40,8.72797,31.5229,0.336085,1.84164
0,40,9.25688,32.011,0.0417061,-0.230857
0,40,8.85072,32.1588,0.252673,1.13579
0,40,9.5879,15.8584,0.596485,1.197
0,40,9.46767,16.3056,-0.191854,0.882669
0,40,9.54043,16.8167,0.393626,1.50911
0,40,9.5685,17.3288,-0.00169638,1.3669
0,40,9.54196,17.8316,0.108145,1.6472
0,40,9.55517,18.3235,-0.0583769,1.32233
0,40,9.53699,18.8109,-0.267933,1.223
0,40,9.5338,19.2891,-0.301498,1.27538
0,40,9.52998,19.7611,-0.305955,1.19719
0,40,9.52775,20.2311,-0.349594,1.28308
0,40,9.52656,20.6935,-0.412645,1.32139
0,40,9.52487,21.1528,-0.422996,1.31282
0,40,9.52039,21.6095,-0.407134,1.35331
0,40,9.52406,22.0615,-0.308731,1.23284
0,40,9.52459,22.5134,-0.153975,1.05189
0,40,9.53294,22.9663,-0.136166,0.95281
0,40,9.5369,23.4163,0.183166,0.820064
0,40,9.53967,23.8698,0.143435,0.983124
0,40,9.53769,24.3071,0.492075,0.998007
0,40,9.53829,24.7505,0.418234,1.08326
0,40,9.51294,25.1696,0.116241,0.703065
0,40,9.54039,25.5963,0.489678,0.579474
0,40,9.50454,26.01,-0.122516,0.193323
0,40,9.55809,26.4154,0.674767,-0.280331
0,40,9.55513,26.8442,1.18446,0.260759
0,40,9.46859,27.2149,-0.328253,0.636418
0,40,9.67859,27.6192,1.44627,1.22974
0,40,9.41315,27.9848,-1.27542,0.455746
0,40,9.61643,28.3563,0.800724,1.37915
0,40,9.65724,28.8452,0.254275,2.95345
0,40,9.33295,29.1421,-1.55387,0.60429
0,40,9.69223,29.4642,0.625415,-0.66859
0,40,9.14112,29.7775,0.129482,0.541487
0,40,9.5637,29.8875,-1.38215,-0.471622
0,40,9.67026,30.3764,0.517426,0.772054
0,40,9.63785,30.9419,0.0888067,1.09785
0,40,9.56208,31.3758,-0.366182,0.569952
0,40,9.19077,31.7066,0.19247,0.644769
0,40,9.74134,31.8193,0.142866,0.42423
0,40,9.65835,32.4017,0.206029,1.79006
1,40,10,1.5,0,0
1,40,10.5,1.5,0,0
1,40,1.5,1.5,0,0
1,40,2,1.5,0,0
1,40,10,2,0,0
1,40,10.5,2,0,0
1,40,1.5,2,0,0
1,40,2,2,0,0
1,40,10,2.5,0,0
1,40,10.5,2.5,0,0
1,40,1.5,2.5,0,0
1,40,2,2.5,0,0
1,40,10,3,0,0
1,40,10.5,3,0,0
1,40,1.5,3,0,0
1,40,2,3,0,0
1,40,10,3.5,0,0
1,40,10.5,3.5,0,0
1,40,1.5,3.5,0,0
1,40,2,3.5,0,0
1,40,10,4,0,0
1,40,10.5,4,0,0
1,40,1.5,4,0,0
1,40,2,4,0,0
1,40,10,4.5,0,0
1,40,10.5,4.5,0,0
1,40,1.5,4.5,0,0
1,40,2,4.5,0,0
1,40,10,5,0,0
1,40,10.5,5,0,0
1,40,1.5,5,0,0
1,40,2,5,0,0
1,40,10,5.5,0,0
1,40,10.5,5.5,0,0
1,40,1.5,5.5,0,0
1,40,2,5.5,0,0
1,40,10,6,0,0
1,40,10.5,6,0,0
1,40,1.5,6,0,0
1,40,2,6,0,0
1,40,10,6.5,0,0
1,40,10.5,6.5,0,0
1,40,1.5,6.5,0,0
1,40,2,6.5,0,0
1,40,10,7,0,0
1,40,10.5,7,0,0
1,40,1.5,7,0,0
1,40,2,7,0,0
1,40,10,7.5,0,0
1,40,10.5,7.5,0,0
1,40,1.5,7.5,0,0
1,40,2,7.5,0,0
1,40,10,8,0,0
1,40,10.5,8,0,0
1,40,1.5,8,0,0
1,40,2,8,0,0
1,40,10,8.5,0,0
1,40,10.5,8.5,0,0
1,40,1.5,8.5,0,0
1,40,2,8.5,0,0
1,40,10,9,0,0
1,40,10.5,9,0,0
1,40,1.5,9,0,0
1,40,2,9,0,0
1,40,10,9.5,0,0
1,40,10.5,9.5,0,0
1,40,1.5,9.5,0,0
1,40,2,9.5,0,0
1,40,10,10,0,0
1,40,10.5,10,0,0
1,40,1.5,10,0,0
1,40,2,10,0,0
1,40,10,10.5,0,0
1,40,10.5,10.5,0,0
1,40,1.5,10.5,0,0
1,40,2,10.5,0,0
1,40,10,11,0,0
1,40,10.5,11,0,0
1,40,1.5,11,0,0
1,40,2,11,0,0
1,40,10,11.5,0,0
1,40,10.5,11.5,0,0
1,40,1.5,11.5,0,0
1,40,2,11.5,0,0
1,40,10,12,0,0
1,40,10.5,12,0,0
1,40,1.5,12,0,0
1,40,2,12,0,0
1,40,10,12.5,0,0
1,40,10.5,12.5,0,0
1,40,1.5,12.5,0,0
1,40,2,12.5,0,0
1,40,10,13,0,0
1,40,10.5,13,0,0
1,40,1.5,13,0,0
1,40,2,13,0,0
1,40,10,13.5,0,0
1,40,10.5,13.5,0,0
1,40,1.5,13.5,0,0
1,40,2,13.5,0,0
1,40,10,14,0,0
1,40,10.5,14,0,0
1,40,1.5,14,0,0
1,40,2,14,0,0
1,40,10,14.5,0,0
1,40,10.5,14.5,0,0
1,40,1.5,14.5,0,0
1,40,2,14.5,0,0
1,40,10,15,0,0
1,40,10.5,15,0,0
1,40,1.5,15,0,0
1,40,2,15,0,0
1,40,10,15.5,0,0
1,40,10.5,15.5,0,0
1,40,1.5,15.5,0,0
1,40,2,15.5,0,0
1,40,10,16,0,0
1,40,10.5,16,0,0
1,40,1.5,16,0,0
1,40,2,16,0,0
1,40,10,16.5,0,0
1,40,10.5,16.5,0,0
1,40,1.5,16.5,0,0
1,40,2,16.5,0,0
1,40,10,17,0,0
1,40,10.5,17,0,0
1,40,1.5,17,0,0
1,40,2,17,0,0
1,40,10,17.5,0,0
1,40,10.5,17.5,0,0
1,40,1.5,17.5,0,0
1,40,2,17.5,0,0
1,40,10,18,0,0
1,40,10.5,18,0,0
1,40,1.5,18,0,0
1,40,2,18,0,0
1,40,10,18.5,0,0
1,40,10.5,18.5,0,0
1,40,1.5,18.5,0,0
1,40,2,18.5,0,0
1,40,10,19,0,0
1,40,10.5,19,0,0
1,40,1.5,19,0,0
1,40,2,19,0,0
1,40,10,19.5,0,0
1,40,10.5,19.5,0,0
1,40,1.5,19.5,0,0
1,40,2,19.5,0,0
1,40,10,20,0,0
1,40,10.5,20,0,0
1,40,1.5,20,0,0
1,40,2,20,0,0
1,40,10,20.5,0,0
1,40,10.5,20.5,0,0
1,40,1.5,20.5,0,0
1,40,2,20.5,0,0
1,40,10,21,0,0
1,40,10.5,21,0,0
1,40,1.5,21,0,0
1,40,2,21,0,0
1,40,10,21.5,0,0
1,40,10.5,21.5,0,0
1,40,1.5,21.5,0,0
1,40,2,21.5,0,0
1,40,10,22,0,0
1,40,10.5,22,0,0
1,40,1.5,22,0,0
1,40,2,22,0,0
1,40,10,22.5,0,0
1,40,10.5,22.5,0,0
1,40,1.5,22.5,0,0
1,40,2,22.5,0,0
1,40,10,23,0,0
1,40,10.5,23,0,0
1,40,1.5,23,0,0
1,40,2,23,0,0
1,40,10,23.5,0,0
1,40,10.5,23.5,0,0
1,40,1.5,23.5,0,0
1,40,2,23.5,0,0
1,40,10,24,0,0
1,40,10.5,24,0,0
1,40,1.5,24,0,0
1,40,2,24,0,0
1,40,10,24.5,0,0
1,40,10.5,24.5,0,0
1,40,1.5,24.5,0,0
1,40,2,24.5,0,0
1,40,10,25,0,0
1,40,10.5,25,0,0
1,40,1.5,25,0,0
1,40,2,25,0,0
1,40,10,25.5,0,0
1,40,10.5,25.5,0,0
1,40,1.5,25.5,0,0
1,40,2,25.5,0,0
1,40,10,26,0,0
1,40,10.5,26,0,0
1,40,1.5,26,0,0
1,40,2,26,0,0
1,40,10,26.5,0,0
1,40,10.5,26.5,0,0
1,40,1.5,26.5,0,0
1,40,2,26.5,0,0
1,40,10,27,0,0
1,40,10.5,27,0,0
1,40,1.5,27,0,0
1,40,2,27,0,0
1,40,10,27.5,0,0
1,40,10.5,27.5,0,0
1,40,1.5,27.5,0,0
1,40,2,27.5,0,0
1,40,10,28,0,0
1,40,10.5,28,0,0
1,40,1.5,28,0,0
1,40,2,28,0,0
1,40,10,28.5,0,0
1,40,10.5,28.5,0,0
1,40,1.5,28.5,0,0
1,40,2,28.5,0,0
1,40,10,29,0,0
1,40,10.5,29,0,0
1,40,1.5,29,0,0
1,40,2,29,0,0
1,40,10,29.5,0,0
1,40,10.5,29.5,0,0
1,40,1.5,29.5,0,0
1,40,2,29.5,0,0
1,40,10,30,0,0
1,40,10.5,30,0,0
1,40,1.5,30,0,0
1,40,2,30,0,0
1,40,10,30.5,0,0
1,40,10.5,30.5,0,0
1,40,1.5,30.5,0,0
1,40,2,30.5,0,0
1,40,10,31,0,0
1,40,10.5,31,0,0
1,40,1.5,31,0,0
1,40,2,31,0,0
1,40,10,31.5,0,0
1,40,10.5,31.5,0,0
1,40,1.5,31.5,0,0
1,40,2,31.5,0,0
1,40,10,32,0,0
1,40,10.5,32,0,0
1,40,1.5,32,0,0
1,40,2,32,0,0
1,40,10,32.5,0,0
1,40,10.5,32.5,0,0
1,40,1.5,32.5,0,0
1,40,2,32.5,0,0
1,40,10,33,0,0
1,40,10.5,33,0,0
1,40,1.5,33,0,0
1,40,2,33,0,0
1,40,2.5,1.5,0,0
1,40,2.5,2,0,0
1,40,2.5,32.5,0,0
1,40,2.5,33,0,0
1,40,3,1.5,0,0
1,40,3,2,0,0
1,40,3,32.5,0,0
1,40,3,33,0,0
1,40,3.5,1.5,0,0
1,40,3.5,2,0,0
1,40,3.5,32.5,0,0
1,40,3.5,33,0,0
1,40,4,1.5,0,0
1,40,4,2,0,0
1,40,4,32.5,0,0
1,40,4,33,0,0
1,40,4.5,1.5,0,0
1,40,4.5,2,0,0
1,40,4.5,32.5,0,0
1,40,4.5,33,0,0
1,40,5,1.5,0,0
1,40,5,2,0,0
1,40,5,32.5,0,0
1,40,5,33,0,0
1,40,5.5,1.5,0,0
1,40,5.5,2,0,0
1,40,5.5,32.5,0,0
1,40,5.5,33,0,0
1,40,6,1.5,0,0
1,40,6,2,0,0
1,40,6,32.5,0,0
1,40,6,33,0,0
1,40,6.5,1.5,0,0
1,40,6.5,2,0,0
1,40,6.5,32.5,0,0
1,40,6.5,33,0,0
1,40,7,1.5,0,0
1,40,7,2,0,0
1,40,7,32.5,0,0
1,40,7,33,0,0
1,40,7.5,1.5,0,0
1,40,7.5,2,0,0
1,40,7.5,32.5,0,0
1,40,7.5,33,0,0
1,40,8,1.5,0,0
1,40,8,2,0,0
1,40,8,32.5,0,0
1,40,8,33,0,0
1,40,8.5,1.5,0,0
1,40,8.5,2,0,0
1,40,8.5,32.5,0,0
1,40,8.5,33,0,0
1,40,9,1.5,0,0
1,40,9,2,0,0
1,40,9,32.5,0,0
1,40,9,33,0,0
1,40,9.5,1.5,0,0
1,40,9.5,2,0,0
1,40,9.5,32.5,0,0
1,40,9.5,33,0,0
