916 2 0.5 203000 0 2 0 1e-05 0 9.81 45 45
0,40,2.4886,14.5603,-0.234941,5.32369
0,40,2.49841,15.042,0.118645,4.94068
0,40,2.49017,15.5403,0.00576776,5.22665
0,40,2.49055,16.0241,-0.0235903,5.01373
0,40,2.48674,16.5077,0.00115142,4.91169
0,40,2.48551,16.9874,-0.0368599,4.80728
0,40,2.48378,17.4654,0.00177178,4.67721
0,40,2.48178,17.9416,-0.0482065,4.58795
0,40,2.48208,18.4161,-0.0570501,4.46807
0,40,2.47971,18.8892,-0.107284,4.39964
0,40,2.4814,19.3615,-0.147792,4.33454
0,40,2.47928,19.833,-0.238047,4.25509
0,40,2.48038,20.3027,-0.296057,4.19683
0,40,2.47765,20.7721,-0.371376,4.12708
0,40,2.47834,21.24,-0.39378,4.02608
0,40,2.47578,21.7058,-0.367344,3.88341
0,40,2.47619,22.1699,-0.326697,3.7082
0,40,2.47382,22.6312,-0.217007,3.58949
0,40,2.47323,23.0914,-0.145746,3.45582
0,40,2.47109,23.5511,-0.0299176,3.39584
0,40,2.46877,24.0104,0.000402853,3.34432
0,40,2.46708,24.4702,0.0375013,3.26548
0,40,2.464,24.9285,-0.00614957,3.20645
0,40,2.46389,25.384,-0.0588244,3.04122
0,40,2.46208,25.8359,-0.115999,2.90754
0,40,2.46361,26.2826,-0.132601,2.70908
0,40,2.46212,26.7272,-0.0604342,2.58081
0,40,2.46447,27.168,0.0336405,2.33561
0,40,2.46356,27.61,0.13853,2.10505
0,40,2.46817,28.048,0.132403,1.76457
0,40,2.46806,28.4869,0.15363,1.46374
0,40,2.46855,28.9208,0.00187364,1.22975
0,40,2.47024,29.3534,-0.0360366,1.0448
0,40,2.47484,29.7764,-0.26434,1.03306
0,40,2.49934,30.1896,0.0407694,0.930346
0,40,2.51062,30.58,0.191231,0.697334
0,40,2.48472,30.9927,-0.636863,0.81053
0,40,2.56758,31.3483,0.928234,0.107861
0,40,2.3333,31.7895,-1.43285,0.485444
0,40,2.61635,32.1569,0.554485,0.355177
0,40,2.99891,14.5459,-0.00744281,5.1308
0,40,2.99573,15.0288,0.0307532,4.73113
0,40,2.99391,15.5251,0.047286,4.9991
0,40,2.99215,16.0054,-0.00530244,4.72139
0,40,2.98916,16.4872,-0.0247343,4.66239
0,40,2.98911,16.9628,-0.0485254,4.50616
0,40,2.98644,17.437,-0.0755893,4.37933
0,40,2.98641,17.9081,-0.0852802,4.21017
0,40,2.98388,18.3779,-0.110547,4.05546
0,40,2.98429,18.8448,-0.110947,3.94842
0,40,2.98253,19.3106,-0.0900374,3.75944
0,40,2.98314,19.7752,-0.106155,3.6275
0,40,2.98214,20.2363,-0.0493308,3.44056
0,40,2.98151,20.697,-0.110044,3.26665
0,40,2.98053,21.1536,-0.107959,3.1163
0,40,2.97854,21.6081,-0.115365,2.8983
0,40,2.97706,22.0591,-0.0833638,2.62604
0,40,2.97444,22.5065,-0.0270274,2.45072
0,40,2.97276,22.9494,0.049714,2.21279
0,40,2.97016,23.3911,0.0874659,2.04654
0,40,2.96873,23.8276,0.098528,1.91887
0,40,2.96722,24.2628,0.0786216,1.68172
0,40,2.9676,24.6944,0.0118003,1.53453
0,40,2.9697,25.1227,-0.0130916,1.24169
0,40,2.9725,25.5503,-0.0550466,0.99354
0,40,2.97607,25.9742,-0.0250065,0.72524
0,40,2.97685,26.3998,-0.0170872,0.53605
0,40,2.97582,26.8228,0.0113024,0.509554
0,40,2.97275,27.2493,0.0198546,0.521545
0,40,2.97063,27.6748,0.0158736,0.667718
0,40,2.97056,28.1047,0.0523073,0.758143
0,40,2.96959,28.5338,0.048294,0.887244
0,40,2.96777,28.9657,0.00769025,0.860936
0,40,2.97255,29.398,-0.0660048,0.84814
0,40,2.9795,29.8351,-0.0953362,0.53331
0,40,3.00808,30.2901,0.227394,0.391324
0,40,2.99041,30.762,-0.214266,0.340121
0,40,3.05951,31.2246,0.586716,0.452364
0,40,2.85501,31.7096,-1.69813,0.66619
0,40,3.17269,32.1163,0.93548,0.150336
0,40,3.49936,14.5452,-0.0162761,5.11155
0,40,3.49663,15.0255,-0.0548529,4.77363
0,40,3.49405,15.5233,-0.0289497,4.94376
0,40,3.49292,16.0034,-0.0935432,4.70512
0,40,3.49039,16.4856,-0.0812327,4.64247
0,40,3.48995,16.962,-0.136361,4.46726
0,40,3.48813,17.4363,-0.147227,4.39785
0,40,3.48838,17.908,-0.141767,4.22242
0,40,3.48737,18.3787,-0.139729,4.08635
0,40,3.48815,18.8463,-0.158132,4.00923
0,40,3.48718,19.3124,-0.163416,3.84438
0,40,3.48774,19.779,-0.172986,3.76393
0,40,3.4867,20.2415,-0.141441,3.64172
0,40,3.48685,20.7037,-0.107909,3.41395
0,40,3.48521,21.1639,-0.112881,3.3946
0,40,3.48559,21.6198,-0.0588026,3.2288
0,40,3.48288,22.0775,-0.0543813,3.04774
0,40,3.48302,22.5297,-0.0171895,3.05668
0,40,3.48048,22.9814,0.0421493,2.84893
0,40,3.47974,23.4323,0.00777273,2.81085
0,40,3.47818,23.8793,0.014377,2.77385
0,40,3.47715,24.3274,-0.0220964,2.62008
0,40,3.4774,24.7747,-0.0582748,2.61579
0,40,3.47827,25.2219,-0.0660392,2.46957
0,40,3.48005,25.6712,-0.104464,2.40243
0,40,3.48142,26.1188,-0.0938804,2.27807
0,40,3.48221,26.5664,-0.11511,2.15014
0,40,3.48129,27.007,-0.0678354,2.02549
0,40,3.48142,27.442,-0.0617492,1.75603
0,40,3.48129,27.8691,-0.0102255,1.59482
0,40,3.48295,28.2905,-0.013357,1.34891
0,40,3.48122,28.7085,-0.00264455,1.22334
0,40,3.47815,29.1238,-0.0785057,1.084
0,40,3.47743,29.5423,0.0159232,1.0111
0,40,3.46634,29.9661,-0.19031,1.08098
0,40,3.48525,30.3939,0.214048,1.09171
0,40,3.43218,30.8354,-0.602061,1.15361
0,40,3.55893,31.2717,0.76413,1.25615
0,40,3.30693,31.683,-1.47481,0.402081
0,40,3.70899,32.1124,1.07523,0.118227
0,40,3.99917,14.542,-0.000632812,5.08269
0,40,3.99647,15.0242,0.0123876,4.79204
0,40,3.99618,15.5217,0.0022297,4.92111
0,40,3.99451,16.002,-0.0263005,4.6803
0,40,3.99363,16.4849,-0.0511146,4.63804
0,40,3.99287,16.9606,-0.0541393,4.42816
0,40,3.99133,17.4364,-0.0912248,4.39873
0,40,3.99179,17.9074,-0.0733217,4.24789
0,40,3.98985,18.379,-0.0633632,4.0859
0,40,3.99089,18.8468,-0.0366068,4.01512
0,40,3.9893,19.3128,-0.0246188,3.82332
0,40,3.99027,19.7792,-0.0428799,3.73609
0,40,3.98786,20.2411,-0.034232,3.68248
0,40,3.98823,20.7026,0.0109605,3.42202
0,40,3.98562,21.1631,0.0240816,3.38202
0,40,3.98616,21.6177,0.0288483,3.22369
0,40,3.98284,22.0735,0.0284333,2.96101
0,40,3.98253,22.5262,0.00738101,3.01517
0,40,3.97987,22.9747,0.0285668,2.74585
0,40,3.97944,23.4258,0.0154437,2.58251
0,40,3.97788,23.8697,-0.0231326,2.54511
0,40,3.97859,24.3143,-0.0370926,2.20514
0,40,3.97738,24.7572,-0.121026,2.12413
0,40,3.97924,25.1951,-0.142637,1.85398
0,40,3.97777,25.6346,-0.179823,1.64169
0,40,3.97966,26.0693,-0.178743,1.50671
0,40,3.97858,26.5066,-0.146981,1.35789
0,40,3.9802,26.9426,-0.133373,1.42292
0,40,3.9816,27.3819,-0.0734208,1.34615
0,40,3.98355,27.8238,-0.0578966,1.47564
0,40,3.98602,28.2675,-0.00591191,1.44185
0,40,3.98591,28.7111,-0.034125,1.48207
0,40,3.98443,29.1511,-0.038092,1.31988
0,40,3.98432,29.583,-0.0434537,1.24266
0,40,3.97407,30.0102,-0.185586,0.996262
0,40,3.99185,30.431,0.204808,0.870865
0,40,3.92597,30.8538,-0.823438,0.855689
0,40,4.07754,31.2644,0.898002,0.372751
0,40,3.79273,31.6895,-1.04614,0.712373
0,40,4.2097,32.0804,1.11613,0.138374
0,40,4.49972,14.5412,-0.000248463,5.10642
0,40,4.49847,15.0225,0.00154828,4.79477
0,40,4.4971,15.5208,-0.0120595,4.87676
0,40,4.49636,16.0009,-0.0412063,4.66271
0,40,4.49518,16.4838,-0.0420814,4.61922
0,40,4.49486,16.9597,-0.0442761,4.42919
0,40,4.49405,17.4357,-0.0254701,4.38551
0,40,4.49426,17.9072,-0.0205977,4.26367
0,40,4.49395,18.3782,-0.00760608,4.10189
0,40,4.49426,18.8466,-0.0082029,4.02995
0,40,4.49338,19.3117,0.000632772,3.84511
0,40,4.49336,19.7781,0.0435068,3.73034
0,40,4.49223,20.2403,0.0316804,3.71171
0,40,4.49282,20.7011,0.0512636,3.43966
0,40,4.49029,21.1621,0.0106412,3.36295
0,40,4.49038,21.6163,0.0100208,3.24187
0,40,4.48751,22.0719,0.0184487,2.96267
0,40,4.48785,22.5255,-0.000971206,2.99547
0,40,4.48546,22.9743,-0.0420851,2.78401
0,40,4.48606,23.4255,-0.0488966,2.56957
0,40,4.48358,23.8721,-0.123757,2.56472
0,40,4.48537,24.317,-0.147366,2.28988
0,40,4.48322,24.7633,-0.163949,2.21106
0,40,4.48567,25.2049,-0.188354,2.07694
0,40,4.48504,25.6475,-0.1593,1.88339
0,40,4.48702,26.0859,-0.162296,1.7686
0,40,4.48618,26.5225,-0.163854,1.5516
0,40,4.48721,26.9549,-0.138439,1.4523
0,40,4.4856,27.3832,-0.112423,1.17126
0,40,4.48602,27.8101,-0.0712362,1.05536
0,40,4.48473,28.2317,-0.0430017,0.831947
0,40,4.48545,28.6572,-0.0234432,0.709196
0,40,4.48189,29.0791,-0.0461296,0.575649
0,40,4.48868,29.5051,-0.0066671,0.405627
0,40,4.4705,29.9329,-0.145705,0.392469
0,40,4.50707,30.355,0.164884,0.183547
0,40,4.41884,30.7833,-0.745971,0.305538
0,40,4.58591,31.2046,0.632757,-0.0464484
0,40,4.30732,31.6317,-1.13332,0.510521
0,40,4.66661,32.0451,1.26498,0.118613
0,40,4.99962,14.5399,-0.00427788,5.08995
0,40,4.99842,15.0218,-0.0126699,4.79624
0,40,4.99844,15.5197,-0.00559364,4.86988
0,40,4.99721,16.0002,-0.00358445,4.65823
0,40,4.99701,16.4834,-0.00545282,4.62298
0,40,4.99681,16.9595,0.00306076,4.44413
0,40,4.99667,17.4357,0.013381,4.40492
0,40,4.99673,17.9072,0.016434,4.26271
0,40,4.99579,18.3783,-0.00793815,4.09647
0,40,4.9957,18.8465,-0.00373543,4.0249
0,40,4.99452,19.3118,0.0108544,3.88673
0,40,4.99492,19.7778,0.0517078,3.75759
0,40,4.99333,20.2404,0.0452235,3.69307
0,40,4.99374,20.7004,0.0387174,3.43702
0,40,4.99171,21.1604,0.0285469,3.32523
0,40,4.99163,21.6153,0.0229458,3.25484
0,40,4.98998,22.0703,0.0170065,2.96366
0,40,4.9901,22.5245,0.00196549,2.93261
0,40,4.98837,22.9731,-0.0348786,2.76984
0,40,4.9891,23.4241,-0.0241646,2.51668
0,40,4.98756,23.8709,-0.0666737,2.4683
0,40,4.98924,24.3153,-0.0842843,2.22392
0,40,4.9878,24.7601,-0.128793,2.10081
0,40,4.99005,25.2014,-0.142184,1.97081
0,40,4.98825,25.6423,-0.178595,1.82653
0,40,4.99109,26.0811,-0.152051,1.7339
0,40,4.98925,26.5206,-0.132988,1.6634
0,40,4.99293,26.9585,-0.0907616,1.70052
0,40,4.9919,27.3965,-0.0385038,1.59813
0,40,4.99493,27.8334,-0.0353598,1.56441
0,40,4.99318,28.2672,0.0029685,1.43112
0,40,4.9938,28.6979,-0.0484033,1.30354
0,40,4.98953,29.1251,0.0139676,1.11936
0,40,4.99282,29.5512,-0.037424,1.02457
0,40,4.9746,29.971,-0.102085,0.853064
0,40,5.01551,30.399,0.168466,0.743025
0,40,4.92031,30.804,-0.765618,0.470856
0,40,5.08432,31.2443,0.772027,0.420523
0,40,4.8322,31.6204,-1.50458,0.0147252
0,40,5.11798,32.0596,0.937313,0.0253708
0,40,5.49987,14.5394,0.00202083,5.09745
0,40,5.49934,15.0213,0.00719121,4.79476
0,40,5.49899,15.5193,-0.0075471,4.86561
0,40,5.49884,15.9996,-0.00473675,4.66931
0,40,5.49848,16.4831,0.0179309,4.6201
0,40,5.4982,16.9594,0.0151862,4.45373
0,40,5.49812,17.4357,0.0227925,4.4087
0,40,5.49826,17.9069,0.0288588,4.25127
0,40,5.49814,18.3776,0.0324539,4.08576
0,40,5.49814,18.8457,0.0387277,4.04221
0,40,5.49761,19.3111,0.0414625,3.90514
0,40,5.49762,19.7772,0.0469129,3.77483
0,40,5.49712,20.2394,0.0512425,3.68433
0,40,5.49699,20.7,0.0482427,3.43063
0,40,5.49655,21.1596,0.0460689,3.33483
0,40,5.49633,21.6149,0.0420047,3.22375
0,40,5.49548,22.0702,-0.00716796,2.95793
0,40,5.49568,22.524,0.00600565,2.91652
0,40,5.49437,22.9735,-0.0294148,2.75379
0,40,5.49532,23.4246,-0.046286,2.53226
0,40,5.49405,23.8719,-0.0536205,2.46194
0,40,5.49478,24.3173,-0.0896635,2.22117
0,40,5.49406,24.7629,-0.0977999,2.13813
0,40,5.49502,25.2044,-0.0855764,1.99257
0,40,5.49415,25.6461,-0.096991,1.84143
0,40,5.49573,26.0837,-0.0841841,1.74419
0,40,5.49459,26.5211,-0.0785018,1.59012
0,40,5.49583,26.9551,-0.0688816,1.56556
0,40,5.49455,27.3878,-0.0565162,1.38481
0,40,5.49586,27.8201,-0.0294138,1.32717
0,40,5.49468,28.2491,0.00549521,1.16898
0,40,5.49661,28.6803,-0.00754496,1.05766
0,40,5.49366,29.1054,0.0207554,0.884829
0,40,5.49841,29.5343,-0.0487611,0.698894
0,40,5.48398,29.9512,-0.0803492,0.543008
0,40,5.51475,30.3805,0.17277,0.444629
0,40,5.44481,30.7884,-0.606237,0.259929
0,40,5.55269,31.2162,0.578498,0.0481962
0,40,5.40157,31.6304,-1.28318,-0.026643
0,40,5.56143,32.0342,0.616249,-0.483308
0,40,6,14.5391,4.20763e-12,5.09778
0,40,6,15.021,2.27281e-11,4.78875
0,40,6,15.5191,2.72532e-11,4.85327
0,40,6,15.9998,-4.82653e-11,4.68862
0,40,6,16.4828,-1.45656e-10,4.63417
0,40,6,16.9594,-1.66197e-10,4.44738
0,40,6,17.4358,-3.89843e-11,4.42019
0,40,6,17.9071,1.09933e-10,4.26201
0,40,6,18.378,1.05838e-10,4.09356
0,40,6,18.8458,3.6536e-11,4.041
0,40,6,19.3113,-5.61642e-11,3.89974
0,40,6,19.7774,-1.24347e-10,3.78018
0,40,6,20.2395,-1.00267e-10,3.68599
0,40,6,20.6999,3.40276e-12,3.42552
0,40,6,21.1595,-5.30452e-11,3.33795
0,40,6,21.6141,1.30907e-11,3.19551
0,40,6,22.0699,3.99548e-11,2.93733
0,40,6,22.5231,3.74109e-11,2.92423
0,40,6,22.9727,1.74022e-11,2.70162
0,40,6,23.4241,-8.59489e-12,2.52561
0,40,6,23.87,-2.05629e-11,2.41894
0,40,6,24.3162,-2.81515e-11,2.17179
0,40,6,24.7606,-2.781e-11,2.12122
0,40,6,25.2024,-1.47679e-11,1.96176
0,40,6,25.6439,-7.4009e-12,1.83815
0,40,6,26.0828,-1.40962e-12,1.7689
0,40,6,26.5216,1.07941e-11,1.67971
0,40,6,26.9587,4.28117e-12,1.67642
0,40,6,27.3945,7.86685e-12,1.5623
0,40,6,27.8289,-3.52436e-13,1.47358
0,40,6,28.2592,2.79339e-12,1.30899
0,40,6,28.6888,-2.1522e-12,1.16024
0,40,6,29.1131,1.31671e-13,0.966984
0,40,6,29.5429,-2.32078e-12,0.921932
0,40,6,29.9551,4.45127e-12,0.583565
0,40,6,30.395,-7.61495e-12,0.694693
0,40,6,30.7878,4.95872e-12,0.131047
0,40,6,31.2303,-1.68091e-12,0.36906
0,40,6,31.6334,1.15144e-12,-0.0571769
0,40,6,32.0497,7.98143e-13,-0.117916
0,40,6.50013,14.5394,-0.00202083,5.09745
0,40,6.50066,15.0213,-0.00719121,4.79476
0,40,6.50101,15.5193,0.0075471,4.86561
0,40,6.50116,15.9996,0.00473675,4.66931
0,40,6.50152,16.4831,-0.0179309,4.6201
0,40,6.5018,16.9594,-0.0151862,4.45373
0,40,6.50188,17.4357,-0.0227925,4.4087
0,40,6.50174,17.9069,-0.0288588,4.25127
0,40,6.50186,18.3776,-0.0324539,4.08576
0,40,6.50186,18.8457,-0.0387277,4.04221
0,40,6.50239,19.3111,-0.0414625,3.90514
0,40,6.50238,19.7772,-0.0469129,3.77483
0,40,6.50288,20.2394,-0.0512425,3.68433
0,40,6.50301,20.7,-0.0482427,3.43063
0,40,6.50345,21.1596,-0.0460689,3.33483
0,40,6.50367,21.6149,-0.0420047,3.22375
0,40,6.50452,22.0702,0.00716796,2.95793
0,40,6.50432,22.524,-0.00600565,2.91652
0,40,6.50563,22.9735,0.0294148,2.75379
0,40,6.50468,23.4246,0.046286,2.53226
0,40,6.50595,23.8719,0.0536205,2.46194
0,40,6.50522,24.3173,0.0896635,2.22117
0,40,6.50594,24.7629,0.0977999,2.13813
0,40,6.50498,25.2044,0.0855764,1.99257
0,40,6.50585,25.6461,0.096991,1.84143
0,40,6.50427,26.0837,0.0841841,1.74419
0,40,6.50541,26.5211,0.0785018,1.59012
0,40,6.50417,26.9551,0.0688816,1.56556
0,40,6.50545,27.3878,0.0565162,1.38481
0,40,6.50414,27.8201,0.0294138,1.32717
0,40,6.50532,28.2491,-0.00549521,1.16898
0,40,6.50339,28.6803,0.00754496,1.05766
0,40,6.50634,29.1054,-0.0207554,0.884829
0,40,6.50159,29.5343,0.0487611,0.698894
0,40,6.51602,29.9512,0.0803492,0.543008
0,40,6.48525,30.3805,-0.17277,0.444629
0,40,6.55519,30.7884,0.606237,0.259929
0,40,6.44731,31.2162,-0.578498,0.0481962
0,40,6.59843,31.6304,1.28318,-0.026643
0,40,6.43857,32.0342,-0.616249,-0.483308
0,40,7.00038,14.5399,0.00427788,5.08995
0,40,7.00158,15.0218,0.0126699,4.79624
0,40,7.00156,15.5197,0.00559364,4.86988
0,40,7.00279,16.0002,0.00358445,4.65823
0,40,7.00299,16.4834,0.00545282,4.62298
0,40,7.00319,16.9595,-0.00306076,4.44413
0,40,7.00333,17.4357,-0.013381,4.40492
0,40,7.00327,17.9072,-0.016434,4.26271
0,40,7.00421,18.3783,0.00793815,4.09647
0,40,7.0043,18.8465,0.00373543,4.0249
0,40,7.00548,19.3118,-0.0108544,3.88673
0,40,7.00508,19.7778,-0.0517078,3.75759
0,40,7.00667,20.2404,-0.0452235,3.69307
0,40,7.00626,20.7004,-0.0387174,3.43702
0,40,7.00829,21.1604,-0.0285469,3.32523
0,40,7.00837,21.6153,-0.0229458,3.25484
0,40,7.01002,22.0703,-0.0170065,2.96366
0,40,7.0099,22.5245,-0.00196549,2.93261
0,40,7.01163,22.9731,0.0348786,2.76984
0,40,7.0109,23.4241,0.0241646,2.51668
0,40,7.01244,23.8709,0.0666737,2.4683
0,40,7.01076,24.3153,0.0842843,2.22392
0,40,7.0122,24.7601,0.128793,2.10081
0,40,7.00995,25.2014,0.142184,1.97081
0,40,7.01175,25.6423,0.178595,1.82653
0,40,7.00891,26.0811,0.152051,1.7339
0,40,7.01075,26.5206,0.132988,1.6634
0,40,7.00707,26.9585,0.0907616,1.70052
0,40,7.0081,27.3965,0.0385038,1.59813
0,40,7.00507,27.8334,0.0353598,1.56441
0,40,7.00682,28.2672,-0.0029685,1.43112
0,40,7.0062,28.6979,0.0484033,1.30354
0,40,7.01047,29.1251,-0.0139676,1.11936
0,40,7.00718,29.5512,0.037424,1.02457
0,40,7.0254,29.971,0.102085,0.853064
0,40,6.98449,30.399,-0.168466,0.743025
0,40,7.07969,30.804,0.765618,0.470856
0,40,6.91568,31.2443,-0.772027,0.420523
0,40,7.1678,31.6204,1.50458,0.0147252
0,40,6.88202,32.0596,-0.937313,0.0253708
0,40,7.50028,14.5412,0.000248463,5.10642
0,40,7.50153,15.0225,-0.00154828,4.79477
0,40,7.5029,15.5208,0.0120595,4.87676
0,40,7.50364,16.0009,0.0412063,4.66271
0,40,7.50482,16.4838,0.0420814,4.61922
0,40,7.50514,16.9597,0.0442761,4.42919
0,40,7.50595,17.4357,0.0254701,4.38551
0,40,7.50574,17.9072,0.0205977,4.26367
0,40,7.50605,18.3782,0.00760608,4.10189
0,40,7.50574,18.8466,0.0082029,4.02995
0,40,7.50662,19.3117,-0.000632773,3.84511
0,40,7.50664,19.7781,-0.0435068,3.73034
0,40,7.50777,20.2403,-0.0316804,3.71171
0,40,7.50718,20.7011,-0.0512636,3.43966
0,40,7.50971,21.1621,-0.0106412,3.36295
0,40,7.50962,21.6163,-0.0100208,3.24187
0,40,7.51249,22.0719,-0.0184487,2.96267
0,40,7.51215,22.5255,0.000971206,2.99547
0,40,7.51454,22.9743,0.0420851,2.78401
0,40,7.51394,23.4255,0.0488966,2.56957
0,40,7.51642,23.8721,0.123757,2.56472
0,40,7.51463,24.317,0.147366,2.28988
0,40,7.51678,24.7633,0.163949,2.21106
0,40,7.51433,25.2049,0.188354,2.07694
0,40,7.51496,25.6475,0.1593,1.88339
0,40,7.51298,26.0859,0.162296,1.7686
0,40,7.51382,26.5225,0.163854,1.5516
0,40,7.51279,26.9549,0.138439,1.4523
0,40,7.5144,27.3832,0.112423,1.17126
0,40,7.51398,27.8101,0.0712362,1.05536
0,40,7.51527,28.2317,0.0430017,0.831947
0,40,7.51455,28.6572,0.0234432,0.709196
0,40,7.51811,29.0791,0.0461296,0.575649
0,40,7.51132,29.5051,0.0066671,0.405627
0,40,7.5295,29.9329,0.145705,0.392469
0,40,7.49293,30.355,-0.164884,0.183547
0,40,7.58116,30.7833,0.745971,0.305538
0,40,7.41409,31.2046,-0.632757,-0.0464484
0,40,7.69268,31.6317,1.13332,0.510521
0,40,7.33339,32.0451,-1.26498,0.118613
0,40,8.00083,14.542,0.000632812,5.08269
0,40,8.00353,15.0242,-0.0123876,4.79204
0,40,8.00382,15.5217,-0.0022297,4.92111
0,40,8.00549,16.002,0.0263005,4.6803
0,40,8.00637,16.4849,0.0511146,4.63804
0,40,8.00713,16.9606,0.0541393,4.42816
0,40,8.00867,17.4364,0.0912248,4.39873
0,40,8.00821,17.9074,0.0733217,4.24789
0,40,8.01015,18.379,0.0633632,4.0859
0,40,8.00911,18.8468,0.0366068,4.01512
0,40,8.0107,19.3128,0.0246188,3.82332
0,40,8.00973,19.7792,0.0428799,3.73609
0,40,8.01214,20.2411,0.034232,3.68248
0,40,8.01177,20.7026,-0.0109605,3.42202
0,40,8.01438,21.1631,-0.0240816,3.38202
0,40,8.01384,21.6177,-0.0288483,3.22369
0,40,8.01716,22.0735,-0.0284333,2.96101
0,40,8.01747,22.5262,-0.00738101,3.01517
0,40,8.02013,22.9747,-0.0285668,2.74585
0,40,8.02056,23.4258,-0.0154437,2.58251
0,40,8.02212,23.8697,0.0231326,2.54511
0,40,8.02141,24.3143,0.0370926,2.20514
0,40,8.02262,24.7572,0.121026,2.12413
0,40,8.02076,25.1951,0.142637,1.85398
0,40,8.02223,25.6346,0.179823,1.64169
0,40,8.02034,26.0693,0.178743,1.50671
0,40,8.02142,26.5066,0.146981,1.35789
0,40,8.0198,26.9426,0.133373,1.42292
0,40,8.0184,27.3819,0.0734208,1.34615
0,40,8.01645,27.8238,0.0578966,1.47564
0,40,8.01398,28.2675,0.00591191,1.44185
0,40,8.01409,28.7111,0.034125,1.48207
0,40,8.01557,29.1511,0.038092,1.31988
0,40,8.01568,29.583,0.0434537,1.24266
0,40,8.02593,30.0102,0.185586,0.996262
0,40,8.00815,30.431,-0.204808,0.870865
0,40,8.07403,30.8538,0.823438,0.855689
0,40,7.92246,31.2644,-0.898002,0.372751
0,40,8.20727,31.6895,1.04614,0.712373
0,40,7.7903,32.0804,-1.11613,0.138374
0,40,8.50064,14.5452,0.0162761,5.11155
0,40,8.50337,15.0255,0.0548529,4.77363
0,40,8.50595,15.5233,0.0289497,4.94376
0,40,8.50708,16.0034,0.0935432,4.70512
0,40,8.50961,16.4856,0.0812327,4.64247
0,40,8.51005,16.962,0.136361,4.46726
0,40,8.51187,17.4363,0.147227,4.39785
0,40,8.51162,17.908,0.141767,4.22242
0,40,8.51263,18.3787,0.139729,4.08635
0,40,8.51185,18.8463,0.158132,4.00923
0,40,8.51282,19.3124,0.163416,3.84438
0,40,8.51226,19.779,0.172986,3.76393
0,40,8.5133,20.2415,0.141441,3.64172
0,40,8.51315,20.7037,0.107909,3.41395
0,40,8.51479,21.1639,0.112881,3.3946
0,40,8.51441,21.6198,0.0588026,3.2288
0,40,8.51712,22.0775,0.0543813,3.04774
0,40,8.51698,22.5297,0.0171895,3.05668
0,40,8.51952,22.9814,-0.0421493,2.84893
0,40,8.52026,23.4323,-0.00777273,2.81085
0,40,8.52182,23.8793,-0.014377,2.77385
0,40,8.52285,24.3274,0.0220964,2.62008
0,40,8.5226,24.7747,0.0582748,2.61579
0,40,8.52173,25.2219,0.0660392,2.46957
0,40,8.51995,25.6712,0.104464,2.40243
0,40,8.51858,26.1188,0.0938804,2.27807
0,40,8.51779,26.5664,0.11511,2.15014
0,40,8.51871,27.007,0.0678354,2.02549
0,40,8.51858,27.442,0.0617492,1.75603
0,40,8.51871,27.8691,0.0102255,1.59482
0,40,8.51705,28.2905,0.013357,1.34891
0,40,8.51878,28.7085,0.00264455,1.22334
0,40,8.52185,29.1238,0.0785057,1.084
0,40,8.52257,29.5423,-0.0159232,1.0111
0,40,8.53366,29.9661,0.19031,1.08098
0,40,8.51475,30.3939,-0.214048,1.09171
0,40,8.56782,30.8354,0.602061,1.15361
0,40,8.44107,31.2717,-0.76413,1.25615
0,40,8.69307,31.683,1.47481,0.402081
0,40,8.29101,32.1124,-1.07523,0.118227
0,40,9.00109,14.5459,0.00744281,5.1308
0,40,9.00427,15.0288,-0.0307532,4.73113
0,40,9.00609,15.5251,-0.047286,4.9991
0,40,9.00785,16.0054,0.00530244,4.72139
0,40,9.01084,16.4872,0.0247343,4.66239
0,40,9.01089,16.9628,0.0485254,4.50616
0,40,9.01356,17.437,0.0755893,4.37933
0,40,9.01359,17.9081,0.0852802,4.21017
0,40,9.01612,18.3779,0.110547,4.05546
0,40,9.01571,18.8448,0.110947,3.94842
0,40,9.01747,19.3106,0.0900374,3.75944
0,40,9.01686,19.7752,0.106155,3.6275
0,40,9.01786,20.2363,0.0493308,3.44056
0,40,9.01849,20.697,0.110044,3.26665
0,40,9.01947,21.1536,0.107959,3.1163
0,40,9.02146,21.6081,0.115365,2.8983
0,40,9.02294,22.0591,0.0833638,2.62604
0,40,9.02556,22.5065,0.0270274,2.45072
0,40,9.02724,22.9494,-0.049714,2.21279
0,40,9.02984,23.3911,-0.0874659,2.04654
0,40,9.03127,23.8276,-0.098528,1.91887
0,40,9.03278,24.2628,-0.0786216,1.68172
0,40,9.0324,24.6944,-0.0118003,1.53453
0,40,9.0303,25.1227,0.0130916,1.24169
0,40,9.0275,25.5503,0.0550466,0.99354
0,40,9.02393,25.9742,0.0250065,0.72524
0,40,9.02315,26.3998,0.0170872,0.53605
0,40,9.02418,26.8228,-0.0113024,0.509554
0,40,9.02725,27.2493,-0.0198546,0.521545
0,40,9.02937,27.6748,-0.0158736,0.667718
0,40,9.02944,28.1047,-0.0523073,0.758143
0,40,9.03041,28.5338,-0.048294,0.887244
0,40,9.03223,28.9657,-0.00769025,0.860936
0,40,9.02745,29.398,0.0660048,0.84814
0,40,9.0205,29.8351,0.0953362,0.53331
0,40,8.99192,30.2901,-0.227394,0.391324
0,40,9.00959,30.762,0.214266,0.340121
0,40,8.94049,31.2246,-0.586716,0.452364
0,40,9.14499,31.7096,1.69813,0.66619
0,40,8.82731,32.1163,-0.93548,0.150336
0,40,9.5114,14.5603,0.234941,5.32369
0,40,9.50159,15.042,-0.118645,4.94068
0,40,9.50983,15.5403,-0.00576776,5.22665
0,40,9.50945,16.0241,0.0235903,5.01373
0,40,9.51326,16.5077,-0.00115142,4.91169
0,40,9.51449,16.9874,0.0368599,4.80728
0,40,9.51622,17.4654,-0.00177178,4.67721
0,40,9.51822,17.9416,0.0482065,4.58795
0,40,9.51792,18.4161,0.0570501,4.46807
0,40,9.52029,18.8892,0.107284,4.39964
0,40,9.5186,19.3615,0.147792,4.33454
0,40,9.52072,19.833,0.238047,4.25509
0,40,9.51962,20.3027,0.296057,4.19683
0,40,9.52235,20.7721,0.371376,4.12708
0,40,9.52166,21.24,0.39378,4.02608
0,40,9.52422,21.7058,0.367344,3.88341
0,40,9.52381,22.1699,0.326697,3.7082
0,40,9.52618,22.6312,0.217007,3.58949
0,40,9.52677,23.0914,0.145746,3.45582
0,40,9.52891,23.5511,0.0299176,3.39584
0,40,9.53123,24.0104,-0.000402853,3.34432
0,40,9.53292,24.4702,-0.0375013,3.26548
0,40,9.536,24.9285,0.00614957,3.20645
0,40,9.53611,25.384,0.0588244,3.04122
0,40,9.53792,25.8359,0.115999,2.90754
0,40,9.53639,26.2826,0.132601,2.70908
0,40,9.53788,26.7272,0.0604342,2.58081
0,40,9.53553,27.168,-0.0336405,2.33561
0,40,9.53644,27.61,-0.13853,2.10505
0,40,9.53183,28.048,-0.132403,1.76457
0,40,9.53194,28.4869,-0.15363,1.46374
0,40,9.53145,28.9208,-0.00187364,1.22975
0,40,9.52976,29.3534,0.0360366,1.0448
0,40,9.52516,29.7764,0.26434,1.03306
0,40,9.50066,30.1896,-0.0407694,0.930346
0,40,9.48938,30.58,-0.191231,0.697334
0,40,9.51528,30.9927,0.636863,0.81053
0,40,9.43242,31.3483,-0.928234,0.107861
0,40,9.6667,31.7895,1.43285,0.485444
0,40,9.38365,32.1569,-0.554485,0.355177
1,40,10,1.5,0,0
1,40,10.5,1.5,0,0
1,40,1.5,1.5,0,0
1,40,2,1.5,0,0
1,40,10,2,0,0
1,40,10.5,2,0,0
1,40,1.5,2,0,0
1,40,2,2,0,0
1,40,10,2.5,0,0
1,40,10.5,2.5,0,0
1,40,1.5,2.5,0,0
1,40,2,2.5,0,0
1,40,10,3,0,0
1,40,10.5,3,0,0
1,40,1.5,3,0,0
1,40,2,3,0,0
1,40,10,3.5,0,0
1,40,10.5,3.5,0,0
1,40,1.5,3.5,0,0
1,40,2,3.5,0,0
1,40,10,4,0,0
1,40,10.5,4,0,0
1,40,1.5,4,0,0
1,40,2,4,0,0
1,40,10,4.5,0,0
1,40,10.5,4.5,0,0
1,40,1.5,4.5,0,0
1,40,2,4.5,0,0
1,40,10,5,0,0
1,40,10.5,5,0,0
1,40,1.5,5,0,0
1,40,2,5,0,0
1,40,10,5.5,0,0
1,40,10.5,5.5,0,0
1,40,1.5,5.5,0,0
1,40,2,5.5,0,0
1,40,10,6,0,0
1,40,10.5,6,0,0
1,40,1.5,6,0,0
1,40,2,6,0,0
1,40,10,6.5,0,0
1,40,10.5,6.5,0,0
1,40,1.5,6.5,0,0
1,40,2,6.5,0,0
1,40,10,7,0,0
1,40,10.5,7,0,0
1,40,1.5,7,0,0
1,40,2,7,0,0
1,40,10,7.5,0,0
1,40,10.5,7.5,0,0
1,40,1.5,7.5,0,0
1,40,2,7.5,0,0
1,40,10,8,0,0
1,40,10.5,8,0,0
1,40,1.5,8,0,0
1,40,2,8,0,0
1,40,10,8.5,0,0
1,40,10.5,8.5,0,0
1,40,1.5,8.5,0,0
1,40,2,8.5,0,0
1,40,10,9,0,0
1,40,10.5,9,0,0
1,40,1.5,9,0,0
1,40,2,9,0,0
1,40,10,9.5,0,0
1,40,10.5,9.5,0,0
1,40,1.5,9.5,0,0
1,40,2,9.5,0,0
1,40,10,10,0,0
1,40,10.5,10,0,0
1,40,1.5,10,0,0
1,40,2,10,0,0
1,40,10,10.5,0,0
1,40,10.5,10.5,0,0
1,40,1.5,10.5,0,0
1,40,2,10.5,0,0
1,40,10,11,0,0
1,40,10.5,11,0,0
1,40,1.5,11,0,0
1,40,2,11,0,0
1,40,10,11.5,0,0
1,40,10.5,11.5,0,0
1,40,1.5,11.5,0,0
1,40,2,11.5,0,0
1,40,10,12,0,0
1,40,10.5,12,0,0
1,40,1.5,12,0,0
1,40,2,12,0,0
1,40,10,12.5,0,0
1,40,10.5,12.5,0,0
1,40,1.5,12.5,0,0
1,40,2,12.5,0,0
1,40,10,13,0,0
1,40,10.5,13,0,0
1,40,1.5,13,0,0
1,40,2,13,0,0
1,40,10,13.5,0,0
1,40,10.5,13.5,0,0
1,40,1.5,13.5,0,0
1,40,2,13.5,0,0
1,40,10,14,0,0
1,40,10.5,14,0,0
1,40,1.5,14,0,0
1,40,2,14,0,0
1,40,10,14.5,0,0
1,40,10.5,14.5,0,0
1,40,1.5,14.5,0,0
1,40,2,14.5,0,0
1,40,10,15,0,0
1,40,10.5,15,0,0
1,40,1.5,15,0,0
1,40,2,15,0,0
1,40,10,15.5,0,0
1,40,10.5,15.5,0,0
1,40,1.5,15.5,0,0
1,40,2,15.5,0,0
1,40,10,16,0,0
1,40,10.5,16,0,0
1,40,1.5,16,0,0
1,40,2,16,0,0
1,40,10,16.5,0,0
1,40,10.5,16.5,0,0
1,40,1.5,16.5,0,0
1,40,2,16.5,0,0
1,40,10,17,0,0
1,40,10.5,17,0,0
1,40,1.5,17,0,0
1,40,2,17,0,0
1,40,10,17.5,0,0
1,40,10.5,17.5,0,0
1,40,1.5,17.5,0,0
1,40,2,17.5,0,0
1,40,10,18,0,0
1,40,10.5,18,0,0
1,40,1.5,18,0,0
1,40,2,18,0,0
1,40,10,18.5,0,0
1,40,10.5,18.5,0,0
1,40,1.5,18.5,0,0
1,40,2,18.5,0,0
1,40,10,19,0,0
1,40,10.5,19,0,0
1,40,1.5,19,0,0
1,40,2,19,0,0
1,40,10,19.5,0,0
1,40,10.5,19.5,0,0
1,40,1.5,19.5,0,0
1,40,2,19.5,0,0
1,40,10,20,0,0
1,40,10.5,20,0,0
1,40,1.5,20,0,0
1,40,2,20,0,0
1,40,10,20.5,0,0
1,40,10.5,20.5,0,0
1,40,1.5,20.5,0,0
1,40,2,20.5,0,0
1,40,10,21,0,0
1,40,10.5,21,0,0
1,40,1.5,21,0,0
1,40,2,21,0,0
1,40,10,21.5,0,0
1,40,10.5,21.5,0,0
1,40,1.5,21.5,0,0
1,40,2,21.5,0,0
1,40,10,22,0,0
1,40,10.5,22,0,0
1,40,1.5,22,0,0
1,40,2,22,0,0
1,40,10,22.5,0,0
1,40,10.5,22.5,0,0
1,40,1.5,22.5,0,0
1,40,2,22.5,0,0
1,40,10,23,0,0
1,40,10.5,23,0,0
1,40,1.5,23,0,0
1,40,2,23,0,0
1,40,10,23.5,0,0
1,40,10.5,23.5,0,0
1,40,1.5,23.5,0,0
1,40,2,23.5,0,0
1,40,10,24,0,0
1,40,10.5,24,0,0
1,40,1.5,24,0,0
1,40,2,24,0,0
1,40,10,24.5,0,0
1,40,10.5,24.5,0,0
1,40,1.5,24.5,0,0
1,40,2,24.5,0,0
1,40,10,25,0,0
1,40,10.5,25,0,0
1,40,1.5,25,0,0
1,40,2,25,0,0
1,40,10,25.5,0,0
1,40,10.5,25.5,0,0
1,40,1.5,25.5,0,0
1,40,2,25.5,0,0
1,40,10,26,0,0
1,40,10.5,26,0,0
1,40,1.5,26,0,0
1,40,2,26,0,0
1,40,10,26.5,0,0
1,40,10.5,26.5,0,0
1,40,1.5,26.5,0,0
1,40,2,26.5,0,0
1,40,10,27,0,0
1,40,10.5,27,0,0
1,40,1.5,27,0,0
1,40,2,27,0,0
1,40,10,27.5,0,0
1,40,10.5,27.5,0,0
1,40,1.5,27.5,0,0
1,40,2,27.5,0,0
1,40,10,28,0,0
1,40,10.5,28,0,0
1,40,1.5,28,0,0
1,40,2,28,0,0
1,40,10,28.5,0,0
1,40,10.5,28.5,0,0
1,40,1.5,28.5,0,0
1,40,2,28.5,0,0
1,40,10,29,0,0
1,40,10.5,29,0,0
1,40,1.5,29,0,0
1,40,2,29,0,0
1,40,10,29.5,0,0
1,40,10.5,29.5,0,0
1,40,1.5,29.5,0,0
1,40,2,29.5,0,0
1,40,10,30,0,0
1,40,10.5,30,0,0
1,40,1.5,30,0,0
1,40,2,30,0,0
1,40,10,30.5,0,0
1,40,10.5,30.5,0,0
1,40,1.5,30.5,0,0
1,40,2,30.5,0,0
1,40,10,31,0,0
1,40,10.5,31,0,0
1,40,1.5,31,0,0
1,40,2,31,0,0
1,40,10,31.5,0,0
1,40,10.5,31.5,0,0
1,40,1.5,31.5,0,0
1,40,2,31.5,0,0
1,40,10,32,0,0
1,40,10.5,32,0,0
1,40,1.5,32,0,0
1,40,2,32,0,0
1,40,10,32.5,0,0
1,40,10.5,32.5,0,0
1,40,1.5,32.5,0,0
1,40,2,32.5,0,0
1,40,10,33,0,0
1,40,10.5,33,0,0
1,40,1.5,33,0,0
1,40,2,33,0,0
1,40,2.5,1.5,0,0
1,40,2.5,2,0,0
1,40,2.5,32.5,0,0
1,40,2.5,33,0,0
1,40,3,1.5,0,0
1,40,3,2,0,0
1,40,3,32.5,0,0
1,40,3,33,0,0
1,40,3.5,1.5,0,0
1,40,3.5,2,0,0
1,40,3.5,32.5,0,0
1,40,3.5,33,0,0
1,40,4,1.5,0,0
1,40,4,2,0,0
1,40,4,32.5,0,0
1,40,4,33,0,0
1,40,4.5,1.5,0,0
1,40,4.5,2,0,0
1,40,4.5,32.5,0,0
1,40,4.5,33,0,0
1,40,5,1.5,0,0
1,40,5,2,0,0
1,40,5,32.5,0,0
1,40,5,33,0,0
1,40,5.5,1.5,0,0
1,40,5.5,2,0,0
1,40,5.5,32.5,0,0
1,40,5.5,33,0,0
1,40,6,1.5,0,0
1,40,6,2,0,0
1,40,6,32.5,0,0
1,40,6,33,0,0
1,40,6.5,1.5,0,0
1,40,6.5,2,0,0
1,40,6.5,32.5,0,0
1,40,6.5,33,0,0
1,40,7,1.5,0,0
1,40,7,2,0,0
1,40,7,32.5,0,0
1,40,7,33,0,0
1,40,7.5,1.5,0,0
1,40,7.5,2,0,0
1,40,7.5,32.5,0,0
1,40,7.5,33,0,0
1,40,8,1.5,0,0
1,40,8,2,0,0
1,40,8,32.5,0,0
1,40,8,33,0,0
1,40,8.5,1.5,0,0
1,40,8.5,2,0,0
1,40,8.5,32.5,0,0
1,40,8.5,33,0,0
1,40,9,1.5,0,0
1,40,9,2,0,0
1,40,9,32.5,0,0
1,40,9,33,0,0
1,40,9.5,1.5,0,0
1,40,9.5,2,0,0
1,40,9.5,32.5,0,0
1,40,9.5,33,0,0
