916 2 0.5 203000 0 2 0 1e-05 0 9.81 45 45
0,40,2.49739,13.5105,-0.00600523,4.45136
0,40,2.50354,14.0107,0.00798394,4.45172
0,40,2.49912,14.5132,-0.00232394,4.45546
0,40,2.50257,15.013,0.00626837,4.45513
0,40,2.49924,15.5149,-0.00391799,4.44921
0,40,2.50121,16.015,0.00642988,4.45346
0,40,2.49827,16.5146,-0.0051562,4.44091
0,40,2.50078,17.0148,0.00435565,4.44525
0,40,2.49938,17.5148,-0.00388732,4.44328
0,40,2.50145,18.0151,-0.0209442,4.41063
0,40,2.49884,18.5147,-0.044175,4.28437
0,40,2.4992,19.0125,-0.0410527,4.18541
0,40,2.4965,19.5079,-0.04511,4.06875
0,40,2.49726,20.0023,-0.0183292,3.91449
0,40,2.4941,20.4942,-0.0483126,3.77182
0,40,2.49394,20.9832,-0.0638634,3.5493
0,40,2.49009,21.4702,-0.0549746,3.39024
0,40,2.48937,21.9533,-0.0759325,3.2172
0,40,2.48612,22.4359,-0.0276321,3.03666
0,40,2.48472,22.9158,-0.0576745,2.97276
0,40,2.48307,23.3944,-0.0238916,2.82243
0,40,2.48132,23.8727,-0.0542245,2.76561
0,40,2.48142,24.3477,-0.0687527,2.69363
0,40,2.48015,24.8226,-0.0882387,2.59156
0,40,2.48136,25.2945,-0.127341,2.57344
0,40,2.48049,25.7647,-0.146209,2.47566
0,40,2.48179,26.2337,-0.173114,2.39997
0,40,2.4797,26.7002,-0.197926,2.294
0,40,2.47984,27.1659,-0.201432,2.10243
0,40,2.47491,27.6306,-0.182271,1.97322
0,40,2.47373,28.0944,-0.172683,1.74468
0,40,2.46802,28.5601,-0.0809589,1.63902
0,40,2.46829,29.0241,-0.0779073,1.48418
0,40,2.46583,29.491,0.0550464,1.38466
0,40,2.47123,29.9531,0.0193638,1.25686
0,40,2.473,30.4131,0.125213,1.10698
0,40,2.48672,30.8615,0.035184,0.932328
0,40,2.49301,31.2947,0.00703131,0.73244
0,40,2.51816,31.7115,-0.0338335,0.498948
0,40,2.53715,32.1081,0.146419,0.285034
0,40,3.00019,13.5084,0.000379361,4.4463
0,40,3.00101,14.009,0.00200615,4.44793
0,40,3.00123,14.5105,0.00246809,4.44903
0,40,3.00119,15.0108,0.00222139,4.44977
0,40,3.00125,15.5123,0.00302982,4.44111
0,40,3.00032,16.0125,0.00219847,4.44905
0,40,3.00049,16.5121,0.000375135,4.42788
0,40,2.99996,17.0134,0.00135381,4.44127
0,40,3.00015,17.5131,-0.0055718,4.41909
0,40,3.00005,18.0129,-0.0254779,4.38026
0,40,2.99964,18.5114,-0.0416647,4.22898
0,40,2.99832,19.0089,-0.0522311,4.12875
0,40,2.99754,19.5038,-0.0543577,4.02285
0,40,2.99643,19.9973,-0.0439858,3.81403
0,40,2.99511,20.4874,-0.0795267,3.63497
0,40,2.99363,20.9739,-0.0642122,3.4046
0,40,2.99131,21.4588,-0.0870403,3.21474
0,40,2.99042,21.9392,-0.0721826,3.05944
0,40,2.98809,22.4179,-0.0622936,2.82845
0,40,2.98766,22.8945,-0.0788657,2.72884
0,40,2.98619,23.3674,-0.0787286,2.56685
0,40,2.98573,23.8401,-0.106648,2.37274
0,40,2.98481,24.3101,-0.143679,2.31368
0,40,2.98538,24.7774,-0.12849,2.09699
0,40,2.98466,25.2464,-0.149036,1.98914
0,40,2.98641,25.7105,-0.14679,1.90043
0,40,2.98597,26.176,-0.112262,1.63756
0,40,2.9857,26.6386,-0.181282,1.56162
0,40,2.9849,27.0965,-0.128061,1.24817
0,40,2.9801,27.5539,-0.182001,1.0596
0,40,2.97872,28.002,-0.125828,0.802223
0,40,2.97135,28.4511,-0.122111,0.556684
0,40,2.9709,28.8919,-0.0730025,0.453965
0,40,2.9637,29.336,-0.0716436,0.274888
0,40,2.96701,29.7773,-0.0404906,0.343675
0,40,2.96481,30.2242,-0.0256397,0.276967
0,40,2.97672,30.6731,-0.0513797,0.42109
0,40,2.99742,31.1263,0.0223721,0.265912
0,40,3.01575,31.5886,0.0060593,0.298345
0,40,3.07454,32.0624,0.27869,0.066558
0,40,3.50015,13.5089,0.000298804,4.44722
0,40,3.50065,14.0091,0.0013393,4.44799
0,40,3.50053,14.5108,0.00117062,4.44954
0,40,3.50093,15.011,0.00197354,4.45013
0,40,3.50066,15.512,0.00070675,4.4419
0,40,3.50077,16.0123,-0.00266202,4.44324
0,40,3.50044,16.5124,-0.00930415,4.43022
0,40,3.5011,17.0125,-0.00892523,4.43699
0,40,3.49997,17.5129,-0.0161242,4.40783
0,40,3.50054,18.0128,-0.0332884,4.36016
0,40,3.49941,18.5108,-0.0469171,4.22704
0,40,3.49954,19.0081,-0.0352427,4.11501
0,40,3.49784,19.503,-0.0727005,4.00635
0,40,3.49734,19.9958,-0.0886068,3.78926
0,40,3.49478,20.4861,-0.112896,3.62527
0,40,3.4944,20.9721,-0.0973866,3.41649
0,40,3.49164,21.4571,-0.108976,3.18524
0,40,3.49132,21.9381,-0.123583,3.07871
0,40,3.48895,22.4161,-0.109391,2.82542
0,40,3.48848,22.8944,-0.126417,2.71583
0,40,3.48733,23.3668,-0.116876,2.59963
0,40,3.48719,23.8402,-0.111576,2.34568
0,40,3.48666,24.3115,-0.134863,2.35284
0,40,3.48769,24.7785,-0.115092,2.15089
0,40,3.48718,25.249,-0.12537,2.01622
0,40,3.48869,25.7141,-0.143582,2.01492
0,40,3.48822,26.1797,-0.119777,1.74036
0,40,3.48834,26.6448,-0.142601,1.70384
0,40,3.48736,27.1051,-0.121409,1.53659
0,40,3.48617,27.5663,-0.0943597,1.3744
0,40,3.48419,28.023,-0.0779278,1.29155
0,40,3.48263,28.4774,-0.0678986,1.09462
0,40,3.48014,28.9288,-0.0560757,1.04018
0,40,3.47869,29.3742,-0.0836896,0.804534
0,40,3.47628,29.8193,-0.076465,0.738045
0,40,3.47934,30.2551,-0.124829,0.483696
0,40,3.4769,30.6962,-0.0865896,0.393669
0,40,3.5005,31.1332,-0.010853,0.172313
0,40,3.47774,31.5836,-0.171447,0.209532
0,40,3.55047,32.0481,0.377527,0.0992028
0,40,4.0001,13.5093,0.000174584,4.44808
0,40,4.00051,14.0095,0.000981866,4.44908
0,40,4.00066,14.5107,0.00159488,4.44962
0,40,4.00061,15.0109,0.00177068,4.44983
0,40,4.00058,15.512,0.00135947,4.43874
0,40,4.00057,16.012,0.00190713,4.43985
0,40,4.00043,16.5127,-0.00260549,4.42066
0,40,4.00069,17.0129,-0.0155729,4.43596
0,40,4.0006,17.5127,-0.0238525,4.39281
0,40,4.00011,18.0124,-0.0409163,4.34104
0,40,3.99984,18.5103,-0.0415949,4.23622
0,40,3.99921,19.0073,-0.0463899,4.10163
0,40,3.99856,19.5019,-0.0758011,3.97607
0,40,3.99729,19.9942,-0.0906272,3.7798
0,40,3.99593,20.4847,-0.0967738,3.62354
0,40,3.99473,20.9709,-0.093457,3.4313
0,40,3.99356,21.4557,-0.0834438,3.18051
0,40,3.99267,21.9373,-0.0783033,3.08108
0,40,3.99206,22.415,-0.0750892,2.84533
0,40,3.99164,22.8938,-0.0668369,2.69666
0,40,3.99121,23.3669,-0.0935404,2.62452
0,40,3.99174,23.8397,-0.0765936,2.33205
0,40,3.99074,24.3124,-0.116519,2.33253
0,40,3.99208,24.7789,-0.113479,2.17719
0,40,3.99085,25.2496,-0.107035,1.98069
0,40,3.99226,25.7151,-0.120988,2.01428
0,40,3.99118,26.1794,-0.105492,1.7301
0,40,3.99203,26.6439,-0.114721,1.64612
0,40,3.98979,27.1028,-0.130821,1.49518
0,40,3.9899,27.5622,-0.141266,1.31772
0,40,3.98625,28.0172,-0.122451,1.20449
0,40,3.98603,28.4718,-0.130017,1.05436
0,40,3.98273,28.9231,-0.0693038,1.03049
0,40,3.98474,29.3748,-0.0590707,0.892611
0,40,3.98209,29.8248,-0.0220518,0.90313
0,40,3.99058,30.2746,-0.0220135,0.720047
0,40,3.98383,30.7193,-0.0870023,0.618116
0,40,4.00954,31.1686,0.0767906,0.354758
0,40,3.97816,31.6034,-0.312495,0.191643
0,40,4.03438,32.0529,0.395662,0.0281525
0,40,4.50005,13.5095,0.000219379,4.44846
0,40,4.50022,14.0096,0.000933735,4.44922
0,40,4.5002,14.5109,0.000483418,4.45024
0,40,4.50048,15.011,0.000547154,4.44953
0,40,4.50038,15.5121,0.00132357,4.44306
0,40,4.50059,16.0121,0.00649724,4.4409
0,40,4.50059,16.5127,0.00603369,4.41717
0,40,4.5008,17.0126,0.012211,4.42059
0,40,4.5005,17.5124,-0.0090099,4.37949
0,40,4.50087,18.0121,-0.0203133,4.3332
0,40,4.50009,18.51,-0.0471136,4.22534
0,40,4.49981,19.0068,-0.0656625,4.07941
0,40,4.49869,19.5011,-0.0746531,3.95901
0,40,4.49828,19.9931,-0.0700885,3.77103
0,40,4.49713,20.4836,-0.0896802,3.60867
0,40,4.49653,20.9698,-0.10992,3.42784
0,40,4.49517,21.4547,-0.121383,3.18838
0,40,4.49454,21.9366,-0.112101,3.08321
0,40,4.49355,22.4148,-0.113905,2.85061
0,40,4.49348,22.8934,-0.105355,2.68949
0,40,4.49266,23.3671,-0.110676,2.61091
0,40,4.49317,23.8398,-0.101669,2.34361
0,40,4.49265,24.3121,-0.0897603,2.30318
0,40,4.49337,24.7795,-0.0928716,2.19476
0,40,4.49331,25.2491,-0.077552,1.98781
0,40,4.49399,25.7156,-0.0749798,1.9996
0,40,4.49352,26.1791,-0.0956093,1.75604
0,40,4.49415,26.6435,-0.0807677,1.63527
0,40,4.49222,27.1025,-0.1023,1.51541
0,40,4.49292,27.562,-0.0816774,1.34777
0,40,4.48989,28.0173,-0.0855545,1.24966
0,40,4.49155,28.4719,-0.0587413,1.06429
0,40,4.48691,28.9229,-0.0905735,1.021
0,40,4.4913,29.372,-0.064744,0.802167
0,40,4.48365,29.8205,-0.107479,0.772285
0,40,4.49581,30.2661,-0.0107274,0.58329
0,40,4.48267,30.7135,-0.0895533,0.484752
0,40,4.5098,31.1611,0.149575,0.35784
0,40,4.4872,31.6052,-0.16866,0.144117
0,40,4.51941,32.0537,0.274061,-0.000196409
0,40,5.00004,13.5097,0.000228749,4.44939
0,40,5.00018,14.0097,0.00104841,4.44956
0,40,5.00016,14.5109,0.000821479,4.44941
0,40,5.00027,15.011,0.00085261,4.44923
0,40,5.00025,15.5121,0.00151577,4.44536
0,40,5.00031,16.0121,0.00484999,4.44182
0,40,5.00036,16.513,0.00829245,4.42807
0,40,5.00069,17.0129,0.015702,4.42008
0,40,5.00088,17.5128,-0.0042684,4.35428
0,40,5.00107,18.0119,-0.037231,4.30193
0,40,5.00026,18.5091,-0.0710155,4.1925
0,40,4.99942,19.0058,-0.0922777,4.07501
0,40,4.99852,19.5003,-0.072393,3.98148
0,40,4.99789,19.9925,-0.0488723,3.77731
0,40,4.99746,20.4831,-0.0418854,3.5903
0,40,4.99717,20.969,-0.0526619,3.40812
0,40,4.99661,21.4538,-0.0565382,3.18889
0,40,4.9962,21.9358,-0.0498456,3.09268
0,40,4.99584,22.4142,-0.0421389,2.85358
0,40,4.99591,22.893,-0.0423218,2.69473
0,40,4.9958,23.3668,-0.042658,2.61124
0,40,4.99606,23.8399,-0.0462157,2.35084
0,40,4.99605,24.3122,-0.0517204,2.31214
0,40,4.99633,24.7798,-0.0499717,2.18373
0,40,4.9961,25.2497,-0.0646522,2.00457
0,40,4.9967,25.7155,-0.0463499,1.98237
0,40,4.99586,26.1795,-0.0660014,1.74055
0,40,4.99681,26.6428,-0.0581636,1.63476
0,40,4.99514,27.1016,-0.0713737,1.48651
0,40,4.99592,27.5607,-0.0792784,1.34756
0,40,4.99336,28.0157,-0.0889257,1.24774
0,40,4.99457,28.4709,-0.0688372,1.09346
0,40,4.99106,28.9225,-0.0713442,1.04785
0,40,4.99479,29.3746,-0.0184958,0.900795
0,40,4.99007,29.8235,-0.052542,0.83575
0,40,4.99857,30.274,0.0400141,0.667235
0,40,4.98925,30.7186,-0.120363,0.532066
0,40,5.00627,31.1665,0.114043,0.316907
0,40,4.9916,31.6112,-0.130178,0.21412
0,40,5.00958,32.0571,0.154116,0.0351671
0,40,5.5,13.5097,2.30138e-06,4.44962
0,40,5.5,14.0097,1.16931e-05,4.44968
0,40,5.50002,14.511,4.86608e-05,4.44992
0,40,5.50009,15.0111,0.000375756,4.44961
0,40,5.50012,15.5121,0.00185706,4.44854
0,40,5.50017,16.0121,0.0049976,4.44524
0,40,5.5002,16.5131,0.00699861,4.43145
0,40,5.50026,17.0129,0.00917937,4.41213
0,40,5.50025,17.5128,0.0066088,4.33335
0,40,5.50038,18.0116,0.00549978,4.2786
0,40,5.50033,18.5085,-0.00991423,4.16682
0,40,5.50034,19.0052,-0.0317346,4.0653
0,40,5.49987,19.4997,-0.0509741,3.99475
0,40,5.49944,19.9919,-0.0533313,3.79111
0,40,5.49888,20.4828,-0.0519621,3.59369
0,40,5.4987,20.9687,-0.0496456,3.40705
0,40,5.49831,21.4536,-0.0482956,3.19218
0,40,5.49812,21.9357,-0.0443502,3.10122
0,40,5.49785,22.4144,-0.042238,2.8553
0,40,5.4978,22.8933,-0.0428415,2.69138
0,40,5.49765,23.3671,-0.0427309,2.61247
0,40,5.49774,23.8402,-0.0350645,2.34388
0,40,5.49764,24.3125,-0.0365689,2.31182
0,40,5.49797,24.7798,-0.0257103,2.18391
0,40,5.49777,25.2498,-0.0258154,1.99973
0,40,5.49824,25.7155,-0.0269649,1.99679
0,40,5.498,26.1794,-0.0221628,1.73183
0,40,5.49811,26.6431,-0.0326731,1.63906
0,40,5.49768,27.1012,-0.0392034,1.48794
0,40,5.49779,27.5609,-0.0228855,1.34711
0,40,5.49664,28.0153,-0.0397609,1.2558
0,40,5.49759,28.4709,-0.0167201,1.09321
0,40,5.49564,28.922,-0.0400816,1.0514
0,40,5.49784,29.3735,-0.0100106,0.866739
0,40,5.49445,29.8231,-0.0563562,0.830642
0,40,5.4994,30.2716,0.01414,0.650434
0,40,5.49449,30.7195,-0.0483913,0.527918
0,40,5.50293,31.167,0.0751115,0.3439
0,40,5.4973,31.6128,-0.0322008,0.236194
0,40,5.50376,32.0586,0.0841328,0.0238927
0,40,6,13.5097,6.76333e-15,4.44962
0,40,6,14.0097,3.43868e-14,4.44968
0,40,6,14.511,-4.23522e-12,4.44948
0,40,6,15.0111,-7.72753e-12,4.45012
0,40,6,15.5121,3.13348e-11,4.44972
0,40,6,16.0122,-1.01534e-11,4.44597
0,40,6,16.5131,4.06868e-12,4.43445
0,40,6,17.0129,-1.38221e-11,4.4177
0,40,6,17.513,-8.81406e-11,4.34308
0,40,6,18.0119,-2.39969e-11,4.28088
0,40,6,18.5088,-1.76696e-11,4.15454
0,40,6,19.0052,-1.80457e-11,4.04419
0,40,6,19.4994,-7.66784e-12,3.97798
0,40,6,19.9916,-1.23909e-11,3.78635
0,40,6,20.4825,-7.00641e-12,3.59252
0,40,6,20.9685,-9.21754e-13,3.40736
0,40,6,21.4533,-1.89591e-12,3.19377
0,40,6,21.9354,-2.43466e-12,3.10218
0,40,6,22.414,-3.65483e-12,2.85561
0,40,6,22.8929,-1.4454e-12,2.69079
0,40,6,23.3668,-2.22521e-13,2.618
0,40,6,23.8399,5.63094e-13,2.35002
0,40,6,24.3125,9.96724e-13,2.31476
0,40,6,24.7799,1.12763e-12,2.19395
0,40,6,25.2499,1.01217e-12,1.99396
0,40,6,25.7159,-1.12211e-12,1.99545
0,40,6,26.1792,-6.55614e-14,1.73073
0,40,6,26.6429,-1.50831e-12,1.61766
0,40,6,27.1011,-1.57065e-12,1.49804
0,40,6,27.5601,-3.51692e-12,1.34182
0,40,6,28.0153,-3.43672e-12,1.25557
0,40,6,28.4705,-1.29727e-12,1.10812
0,40,6,28.9222,-2.63131e-12,1.05349
0,40,6,29.3743,-2.79713e-12,0.898401
0,40,6,29.8237,-9.03129e-13,0.83257
0,40,6,30.2736,-1.32606e-13,0.662846
0,40,6,30.7204,2.50386e-12,0.550114
0,40,6,31.1673,8.42029e-13,0.330395
0,40,6,31.6139,3.91286e-13,0.244401
0,40,6,32.0594,1.7169e-12,0.0431592
0,40,6.5,13.5097,-2.30138e-06,4.44962
0,40,6.5,14.0097,-1.16931e-05,4.44968
0,40,6.49998,14.511,-4.86608e-05,4.44992
0,40,6.49991,15.0111,-0.000375756,4.44961
0,40,6.49988,15.5121,-0.00185706,4.44854
0,40,6.49983,16.0121,-0.0049976,4.44524
0,40,6.4998,16.5131,-0.00699861,4.43145
0,40,6.49974,17.0129,-0.00917937,4.41213
0,40,6.49975,17.5128,-0.0066088,4.33335
0,40,6.49962,18.0116,-0.00549978,4.2786
0,40,6.49967,18.5085,0.00991423,4.16682
0,40,6.49966,19.0052,0.0317346,4.0653
0,40,6.50013,19.4997,0.0509741,3.99475
0,40,6.50056,19.9919,0.0533313,3.79111
0,40,6.50112,20.4828,0.0519621,3.59369
0,40,6.5013,20.9687,0.0496456,3.40705
0,40,6.50169,21.4536,0.0482956,3.19218
0,40,6.50188,21.9357,0.0443502,3.10122
0,40,6.50215,22.4144,0.042238,2.8553
0,40,6.5022,22.8933,0.0428415,2.69138
0,40,6.50235,23.3671,0.0427309,2.61247
0,40,6.50226,23.8402,0.0350645,2.34388
0,40,6.50236,24.3125,0.0365689,2.31182
0,40,6.50203,24.7798,0.0257103,2.18391
0,40,6.50223,25.2498,0.0258154,1.99973
0,40,6.50176,25.7155,0.0269649,1.99679
0,40,6.502,26.1794,0.0221628,1.73183
0,40,6.50189,26.6431,0.0326731,1.63906
0,40,6.50232,27.1012,0.0392034,1.48794
0,40,6.50221,27.5609,0.0228855,1.34711
0,40,6.50336,28.0153,0.0397609,1.2558
0,40,6.50241,28.4709,0.0167201,1.09321
0,40,6.50436,28.922,0.0400816,1.0514
0,40,6.50216,29.3735,0.0100106,0.866739
0,40,6.50555,29.8231,0.0563562,0.830642
0,40,6.5006,30.2716,-0.01414,0.650434
0,40,6.50551,30.7195,0.0483913,0.527918
0,40,6.49707,31.167,-0.0751115,0.3439
0,40,6.5027,31.6128,0.0322008,0.236194
0,40,6.49624,32.0586,-0.0841328,0.0238927
0,40,6.99996,13.5097,-0.000228749,4.44939
0,40,6.99982,14.0097,-0.00104841,4.44956
0,40,6.99984,14.5109,-0.000821479,4.44941
0,40,6.99973,15.011,-0.00085261,4.44923
0,40,6.99975,15.5121,-0.00151577,4.44536
0,40,6.99969,16.0121,-0.00484999,4.44182
0,40,6.99964,16.513,-0.00829245,4.42807
0,40,6.99931,17.0129,-0.015702,4.42008
0,40,6.99912,17.5128,0.0042684,4.35428
0,40,6.99893,18.0119,0.037231,4.30193
0,40,6.99974,18.5091,0.0710155,4.1925
0,40,7.00058,19.0058,0.0922777,4.07501
0,40,7.00148,19.5003,0.072393,3.98148
0,40,7.00211,19.9925,0.0488723,3.77731
0,40,7.00254,20.4831,0.0418854,3.5903
0,40,7.00283,20.969,0.0526619,3.40812
0,40,7.00339,21.4538,0.0565382,3.18889
0,40,7.0038,21.9358,0.0498456,3.09268
0,40,7.00416,22.4142,0.0421389,2.85358
0,40,7.00409,22.893,0.0423218,2.69473
0,40,7.0042,23.3668,0.042658,2.61124
0,40,7.00394,23.8399,0.0462157,2.35084
0,40,7.00395,24.3122,0.0517204,2.31214
0,40,7.00367,24.7798,0.0499717,2.18373
0,40,7.0039,25.2497,0.0646522,2.00457
0,40,7.0033,25.7155,0.0463499,1.98237
0,40,7.00414,26.1795,0.0660014,1.74055
0,40,7.00319,26.6428,0.0581636,1.63476
0,40,7.00486,27.1016,0.0713737,1.48651
0,40,7.00408,27.5607,0.0792784,1.34756
0,40,7.00664,28.0157,0.0889257,1.24774
0,40,7.00543,28.4709,0.0688372,1.09346
0,40,7.00894,28.9225,0.0713442,1.04785
0,40,7.00521,29.3746,0.0184958,0.900795
0,40,7.00993,29.8235,0.052542,0.83575
0,40,7.00143,30.274,-0.0400141,0.667235
0,40,7.01075,30.7186,0.120363,0.532066
0,40,6.99373,31.1665,-0.114043,0.316907
0,40,7.0084,31.6112,0.130178,0.21412
0,40,6.99042,32.0571,-0.154116,0.0351671
0,40,7.49995,13.5095,-0.000219379,4.44846
0,40,7.49978,14.0096,-0.000933735,4.44922
0,40,7.4998,14.5109,-0.000483418,4.45024
0,40,7.49952,15.011,-0.000547154,4.44953
0,40,7.49962,15.5121,-0.00132357,4.44306
0,40,7.49941,16.0121,-0.00649724,4.4409
0,40,7.49941,16.5127,-0.00603369,4.41717
0,40,7.4992,17.0126,-0.012211,4.42059
0,40,7.4995,17.5124,0.0090099,4.37949
0,40,7.49913,18.0121,0.0203133,4.3332
0,40,7.49991,18.51,0.0471136,4.22534
0,40,7.50019,19.0068,0.0656625,4.07941
0,40,7.50131,19.5011,0.0746531,3.95901
0,40,7.50172,19.9931,0.0700885,3.77103
0,40,7.50287,20.4836,0.0896802,3.60867
0,40,7.50347,20.9698,0.10992,3.42784
0,40,7.50483,21.4547,0.121383,3.18838
0,40,7.50546,21.9366,0.112101,3.08321
0,40,7.50645,22.4148,0.113905,2.85061
0,40,7.50652,22.8934,0.105355,2.68949
0,40,7.50734,23.3671,0.110676,2.61091
0,40,7.50683,23.8398,0.101669,2.34361
0,40,7.50735,24.3121,0.0897603,2.30318
0,40,7.50663,24.7795,0.0928716,2.19476
0,40,7.50669,25.2491,0.077552,1.98781
0,40,7.50601,25.7156,0.0749798,1.9996
0,40,7.50648,26.1791,0.0956093,1.75604
0,40,7.50585,26.6435,0.0807677,1.63527
0,40,7.50778,27.1025,0.1023,1.51541
0,40,7.50708,27.562,0.0816774,1.34777
0,40,7.51011,28.0173,0.0855545,1.24966
0,40,7.50845,28.4719,0.0587413,1.06429
0,40,7.51309,28.9229,0.0905735,1.021
0,40,7.5087,29.372,0.064744,0.802167
0,40,7.51635,29.8205,0.107479,0.772285
0,40,7.50419,30.2661,0.0107274,0.58329
0,40,7.51733,30.7135,0.0895533,0.484752
0,40,7.4902,31.1611,-0.149575,0.35784
0,40,7.5128,31.6052,0.16866,0.144117
0,40,7.48059,32.0537,-0.274061,-0.000196409
0,40,7.9999,13.5093,-0.000174584,4.44808
0,40,7.99949,14.0095,-0.000981866,4.44908
0,40,7.99934,14.5107,-0.00159488,4.44962
0,40,7.99939,15.0109,-0.00177068,4.44983
0,40,7.99942,15.512,-0.00135947,4.43874
0,40,7.99943,16.012,-0.00190713,4.43985
0,40,7.99957,16.5127,0.00260549,4.42066
0,40,7.99931,17.0129,0.0155729,4.43596
0,40,7.9994,17.5127,0.0238525,4.39281
0,40,7.99989,18.0124,0.0409163,4.34104
0,40,8.00016,18.5103,0.0415949,4.23622
0,40,8.00079,19.0073,0.0463899,4.10163
0,40,8.00144,19.5019,0.0758011,3.97607
0,40,8.00271,19.9942,0.0906272,3.7798
0,40,8.00407,20.4847,0.0967738,3.62354
0,40,8.00527,20.9709,0.093457,3.4313
0,40,8.00644,21.4557,0.0834438,3.18051
0,40,8.00733,21.9373,0.0783033,3.08108
0,40,8.00794,22.415,0.0750892,2.84533
0,40,8.00836,22.8938,0.0668369,2.69666
0,40,8.00879,23.3669,0.0935404,2.62452
0,40,8.00826,23.8397,0.0765936,2.33205
0,40,8.00926,24.3124,0.116519,2.33253
0,40,8.00792,24.7789,0.113479,2.17719
0,40,8.00915,25.2496,0.107035,1.98069
0,40,8.00774,25.7151,0.120988,2.01428
0,40,8.00882,26.1794,0.105492,1.7301
0,40,8.00797,26.6439,0.114721,1.64612
0,40,8.01021,27.1028,0.130821,1.49518
0,40,8.0101,27.5622,0.141266,1.31772
0,40,8.01375,28.0172,0.122451,1.20449
0,40,8.01397,28.4718,0.130017,1.05436
0,40,8.01727,28.9231,0.0693038,1.03049
0,40,8.01526,29.3748,0.0590707,0.892611
0,40,8.01791,29.8248,0.0220518,0.90313
0,40,8.00942,30.2746,0.0220135,0.720047
0,40,8.01617,30.7193,0.0870023,0.618116
0,40,7.99046,31.1686,-0.0767906,0.354758
0,40,8.02184,31.6034,0.312495,0.191643
0,40,7.96562,32.0529,-0.395662,0.0281525
0,40,8.49985,13.5089,-0.000298804,4.44722
0,40,8.49935,14.0091,-0.0013393,4.44799
0,40,8.49947,14.5108,-0.00117062,4.44954
0,40,8.49907,15.011,-0.00197354,4.45013
0,40,8.49934,15.512,-0.00070675,4.4419
0,40,8.49923,16.0123,0.00266202,4.44324
0,40,8.49956,16.5124,0.00930415,4.43022
0,40,8.4989,17.0125,0.00892523,4.43699
0,40,8.50003,17.5129,0.0161242,4.40783
0,40,8.49946,18.0128,0.0332884,4.36016
0,40,8.50059,18.5108,0.0469171,4.22704
0,40,8.50046,19.0081,0.0352427,4.11501
0,40,8.50216,19.503,0.0727005,4.00635
0,40,8.50266,19.9958,0.0886068,3.78926
0,40,8.50522,20.4861,0.112896,3.62527
0,40,8.5056,20.9721,0.0973866,3.41649
0,40,8.50836,21.4571,0.108976,3.18524
0,40,8.50868,21.9381,0.123583,3.07871
0,40,8.51105,22.4161,0.109391,2.82542
0,40,8.51152,22.8944,0.126417,2.71583
0,40,8.51267,23.3668,0.116876,2.59963
0,40,8.51281,23.8402,0.111576,2.34568
0,40,8.51334,24.3115,0.134863,2.35284
0,40,8.51231,24.7785,0.115092,2.15089
0,40,8.51282,25.249,0.12537,2.01622
0,40,8.51131,25.7141,0.143582,2.01492
0,40,8.51178,26.1797,0.119777,1.74036
0,40,8.51166,26.6448,0.142601,1.70384
0,40,8.51264,27.1051,0.121409,1.53659
0,40,8.51383,27.5663,0.0943597,1.3744
0,40,8.51581,28.023,0.0779278,1.29155
0,40,8.51737,28.4774,0.0678986,1.09462
0,40,8.51986,28.9288,0.0560757,1.04018
0,40,8.52131,29.3742,0.0836896,0.804534
0,40,8.52372,29.8193,0.076465,0.738045
0,40,8.52066,30.2551,0.124829,0.483696
0,40,8.5231,30.6962,0.0865896,0.393669
0,40,8.4995,31.1332,0.010853,0.172313
0,40,8.52226,31.5836,0.171447,0.209532
0,40,8.44953,32.0481,-0.377527,0.0992028
0,40,8.99981,13.5084,-0.000379361,4.4463
0,40,8.99899,14.009,-0.00200615,4.44793
0,40,8.99877,14.5105,-0.00246809,4.44903
0,40,8.99881,15.0108,-0.00222139,4.44977
0,40,8.99875,15.5123,-0.00302982,4.44111
0,40,8.99968,16.0125,-0.00219847,4.44905
0,40,8.99951,16.5121,-0.000375135,4.42788
0,40,9.00004,17.0134,-0.00135381,4.44127
0,40,8.99985,17.5131,0.0055718,4.41909
0,40,8.99995,18.0129,0.0254779,4.38026
0,40,9.00036,18.5114,0.0416647,4.22898
0,40,9.00168,19.0089,0.0522311,4.12875
0,40,9.00246,19.5038,0.0543577,4.02285
0,40,9.00357,19.9973,0.0439858,3.81403
0,40,9.00489,20.4874,0.0795267,3.63497
0,40,9.00637,20.9739,0.0642122,3.4046
0,40,9.00869,21.4588,0.0870403,3.21474
0,40,9.00958,21.9392,0.0721826,3.05944
0,40,9.01191,22.4179,0.0622936,2.82845
0,40,9.01234,22.8945,0.0788657,2.72884
0,40,9.01381,23.3674,0.0787286,2.56685
0,40,9.01427,23.8401,0.106648,2.37274
0,40,9.01519,24.3101,0.143679,2.31368
0,40,9.01462,24.7774,0.12849,2.09699
0,40,9.01534,25.2464,0.149036,1.98914
0,40,9.01359,25.7105,0.14679,1.90043
0,40,9.01403,26.176,0.112262,1.63756
0,40,9.0143,26.6386,0.181282,1.56162
0,40,9.0151,27.0965,0.128061,1.24817
0,40,9.0199,27.5539,0.182001,1.0596
0,40,9.02128,28.002,0.125828,0.802223
0,40,9.02865,28.4511,0.122111,0.556684
0,40,9.0291,28.8919,0.0730025,0.453965
0,40,9.0363,29.336,0.0716436,0.274888
0,40,9.03299,29.7773,0.0404906,0.343675
0,40,9.03519,30.2242,0.0256397,0.276967
0,40,9.02328,30.6731,0.0513797,0.42109
0,40,9.00258,31.1263,-0.0223721,0.265912
0,40,8.98425,31.5886,-0.0060593,0.298345
0,40,8.92546,32.0624,-0.27869,0.066558
0,40,9.50261,13.5105,0.00600523,4.45136
0,40,9.49646,14.0107,-0.00798394,4.45172
0,40,9.50088,14.5132,0.00232394,4.45546
0,40,9.49743,15.013,-0.00626837,4.45513
0,40,9.50076,15.5149,0.00391799,4.44921
0,40,9.49879,16.015,-0.00642988,4.45346
0,40,9.50173,16.5146,0.0051562,4.44091
0,40,9.49922,17.0148,-0.00435564,4.44525
0,40,9.50062,17.5148,0.00388732,4.44328
0,40,9.49855,18.0151,0.0209442,4.41063
0,40,9.50116,18.5147,0.044175,4.28437
0,40,9.5008,19.0125,0.0410527,4.18541
0,40,9.5035,19.5079,0.04511,4.06875
0,40,9.50274,20.0023,0.0183292,3.91449
0,40,9.5059,20.4942,0.0483126,3.77182
0,40,9.50606,20.9832,0.0638634,3.5493
0,40,9.50991,21.4702,0.0549746,3.39024
0,40,9.51063,21.9533,0.0759325,3.2172
0,40,9.51388,22.4359,0.0276321,3.03666
0,40,9.51528,22.9158,0.0576745,2.97276
0,40,9.51693,23.3944,0.0238916,2.82243
0,40,9.51868,23.8727,0.0542245,2.76561
0,40,9.51858,24.3477,0.0687527,2.69363
0,40,9.51985,24.8226,0.0882387,2.59156
0,40,9.51864,25.2945,0.127341,2.57344
0,40,9.51951,25.7647,0.146209,2.47566
0,40,9.51821,26.2337,0.173114,2.39997
0,40,9.5203,26.7002,0.197926,2.294
0,40,9.52016,27.1659,0.201432,2.10243
0,40,9.52509,27.6306,0.182271,1.97322
0,40,9.52627,28.0944,0.172683,1.74468
0,40,9.53198,28.5601,0.0809589,1.63902
0,40,9.53171,29.0241,0.0779073,1.48418
0,40,9.53417,29.491,-0.0550464,1.38466
0,40,9.52877,29.9531,-0.0193638,1.25686
0,40,9.527,30.4131,-0.125213,1.10698
0,40,9.51328,30.8615,-0.035184,0.932328
0,40,9.50699,31.2947,-0.00703131,0.73244
0,40,9.48184,31.7115,0.0338335,0.498948
0,40,9.46285,32.1081,-0.146419,0.285034
1,40,10,1.5,0,0
1,40,10.5,1.5,0,0
1,40,1.5,1.5,0,0
1,40,2,1.5,0,0
1,40,10,2,0,0
1,40,10.5,2,0,0
1,40,1.5,2,0,0
1,40,2,2,0,0
1,40,10,2.5,0,0
1,40,10.5,2.5,0,0
1,40,1.5,2.5,0,0
1,40,2,2.5,0,0
1,40,10,3,0,0
1,40,10.5,3,0,0
1,40,1.5,3,0,0
1,40,2,3,0,0
1,40,10,3.5,0,0
1,40,10.5,3.5,0,0
1,40,1.5,3.5,0,0
1,40,2,3.5,0,0
1,40,10,4,0,0
1,40,10.5,4,0,0
1,40,1.5,4,0,0
1,40,2,4,0,0
1,40,10,4.5,0,0
1,40,10.5,4.5,0,0
1,40,1.5,4.5,0,0
1,40,2,4.5,0,0
1,40,10,5,0,0
1,40,10.5,5,0,0
1,40,1.5,5,0,0
1,40,2,5,0,0
1,40,10,5.5,0,0
1,40,10.5,5.5,0,0
1,40,1.5,5.5,0,0
1,40,2,5.5,0,0
1,40,10,6,0,0
1,40,10.5,6,0,0
1,40,1.5,6,0,0
1,40,2,6,0,0
1,40,10,6.5,0,0
1,40,10.5,6.5,0,0
1,40,1.5,6.5,0,0
1,40,2,6.5,0,0
1,40,10,7,0,0
1,40,10.5,7,0,0
1,40,1.5,7,0,0
1,40,2,7,0,0
1,40,10,7.5,0,0
1,40,10.5,7.5,0,0
1,40,1.5,7.5,0,0
1,40,2,7.5,0,0
1,40,10,8,0,0
1,40,10.5,8,0,0
1,40,1.5,8,0,0
1,40,2,8,0,0
1,40,10,8.5,0,0
1,40,10.5,8.5,0,0
1,40,1.5,8.5,0,0
1,40,2,8.5,0,0
1,40,10,9,0,0
1,40,10.5,9,0,0
1,40,1.5,9,0,0
1,40,2,9,0,0
1,40,10,9.5,0,0
1,40,10.5,9.5,0,0
1,40,1.5,9.5,0,0
1,40,2,9.5,0,0
1,40,10,10,0,0
1,40,10.5,10,0,0
1,40,1.5,10,0,0
1,40,2,10,0,0
1,40,10,10.5,0,0
1,40,10.5,10.5,0,0
1,40,1.5,10.5,0,0
1,40,2,10.5,0,0
1,40,10,11,0,0
1,40,10.5,11,0,0
1,40,1.5,11,0,0
1,40,2,11,0,0
1,40,10,11.5,0,0
1,40,10.5,11.5,0,0
1,40,1.5,11.5,0,0
1,40,2,11.5,0,0
1,40,10,12,0,0
1,40,10.5,12,0,0
1,40,1.5,12,0,0
1,40,2,12,0,0
1,40,10,12.5,0,0
1,40,10.5,12.5,0,0
1,40,1.5,12.5,0,0
1,40,2,12.5,0,0
1,40,10,13,0,0
1,40,10.5,13,0,0
1,40,1.5,13,0,0
1,40,2,13,0,0
1,40,10,13.5,0,0
1,40,10.5,13.5,0,0
1,40,1.5,13.5,0,0
1,40,2,13.5,0,0
1,40,10,14,0,0
1,40,10.5,14,0,0
1,40,1.5,14,0,0
1,40,2,14,0,0
1,40,10,14.5,0,0
1,40,10.5,14.5,0,0
1,40,1.5,14.5,0,0
1,40,2,14.5,0,0
1,40,10,15,0,0
1,40,10.5,15,0,0
1,40,1.5,15,0,0
1,40,2,15,0,0
1,40,10,15.5,0,0
1,40,10.5,15.5,0,0
1,40,1.5,15.5,0,0
1,40,2,15.5,0,0
1,40,10,16,0,0
1,40,10.5,16,0,0
1,40,1.5,16,0,0
1,40,2,16,0,0
1,40,10,16.5,0,0
1,40,10.5,16.5,0,0
1,40,1.5,16.5,0,0
1,40,2,16.5,0,0
1,40,10,17,0,0
1,40,10.5,17,0,0
1,40,1.5,17,0,0
1,40,2,17,0,0
1,40,10,17.5,0,0
1,40,10.5,17.5,0,0
1,40,1.5,17.5,0,0
1,40,2,17.5,0,0
1,40,10,18,0,0
1,40,10.5,18,0,0
1,40,1.5,18,0,0
1,40,2,18,0,0
1,40,10,18.5,0,0
1,40,10.5,18.5,0,0
1,40,1.5,18.5,0,0
1,40,2,18.5,0,0
1,40,10,19,0,0
1,40,10.5,19,0,0
1,40,1.5,19,0,0
1,40,2,19,0,0
1,40,10,19.5,0,0
1,40,10.5,19.5,0,0
1,40,1.5,19.5,0,0
1,40,2,19.5,0,0
1,40,10,20,0,0
1,40,10.5,20,0,0
1,40,1.5,20,0,0
1,40,2,20,0,0
1,40,10,20.5,0,0
1,40,10.5,20.5,0,0
1,40,1.5,20.5,0,0
1,40,2,20.5,0,0
1,40,10,21,0,0
1,40,10.5,21,0,0
1,40,1.5,21,0,0
1,40,2,21,0,0
1,40,10,21.5,0,0
1,40,10.5,21.5,0,0
1,40,1.5,21.5,0,0
1,40,2,21.5,0,0
1,40,10,22,0,0
1,40,10.5,22,0,0
1,40,1.5,22,0,0
1,40,2,22,0,0
1,40,10,22.5,0,0
1,40,10.5,22.5,0,0
1,40,1.5,22.5,0,0
1,40,2,22.5,0,0
1,40,10,23,0,0
1,40,10.5,23,0,0
1,40,1.5,23,0,0
1,40,2,23,0,0
1,40,10,23.5,0,0
1,40,10.5,23.5,0,0
1,40,1.5,23.5,0,0
1,40,2,23.5,0,0
1,40,10,24,0,0
1,40,10.5,24,0,0
1,40,1.5,24,0,0
1,40,2,24,0,0
1,40,10,24.5,0,0
1,40,10.5,24.5,0,0
1,40,1.5,24.5,0,0
1,40,2,24.5,0,0
1,40,10,25,0,0
1,40,10.5,25,0,0
1,40,1.5,25,0,0
1,40,2,25,0,0
1,40,10,25.5,0,0
1,40,10.5,25.5,0,0
1,40,1.5,25.5,0,0
1,40,2,25.5,0,0
1,40,10,26,0,0
1,40,10.5,26,0,0
1,40,1.5,26,0,0
1,40,2,26,0,0
1,40,10,26.5,0,0
1,40,10.5,26.5,0,0
1,40,1.5,26.5,0,0
1,40,2,26.5,0,0
1,40,10,27,0,0
1,40,10.5,27,0,0
1,40,1.5,27,0,0
1,40,2,27,0,0
1,40,10,27.5,0,0
1,40,10.5,27.5,0,0
1,40,1.5,27.5,0,0
1,40,2,27.5,0,0
1,40,10,28,0,0
1,40,10.5,28,0,0
1,40,1.5,28,0,0
1,40,2,28,0,0
1,40,10,28.5,0,0
1,40,10.5,28.5,0,0
1,40,1.5,28.5,0,0
1,40,2,28.5,0,0
1,40,10,29,0,0
1,40,10.5,29,0,0
1,40,1.5,29,0,0
1,40,2,29,0,0
1,40,10,29.5,0,0
1,40,10.5,29.5,0,0
1,40,1.5,29.5,0,0
1,40,2,29.5,0,0
1,40,10,30,0,0
1,40,10.5,30,0,0
1,40,1.5,30,0,0
1,40,2,30,0,0
1,40,10,30.5,0,0
1,40,10.5,30.5,0,0
1,40,1.5,30.5,0,0
1,40,2,30.5,0,0
1,40,10,31,0,0
1,40,10.5,31,0,0
1,40,1.5,31,0,0
1,40,2,31,0,0
1,40,10,31.5,0,0
1,40,10.5,31.5,0,0
1,40,1.5,31.5,0,0
1,40,2,31.5,0,0
1,40,10,32,0,0
1,40,10.5,32,0,0
1,40,1.5,32,0,0
1,40,2,32,0,0
1,40,10,32.5,0,0
1,40,10.5,32.5,0,0
1,40,1.5,32.5,0,0
1,40,2,32.5,0,0
1,40,10,33,0,0
1,40,10.5,33,0,0
1,40,1.5,33,0,0
1,40,2,33,0,0
1,40,2.5,1.5,0,0
1,40,2.5,2,0,0
1,40,2.5,32.5,0,0
1,40,2.5,33,0,0
1,40,3,1.5,0,0
1,40,3,2,0,0
1,40,3,32.5,0,0
1,40,3,33,0,0
1,40,3.5,1.5,0,0
1,40,3.5,2,0,0
1,40,3.5,32.5,0,0
1,40,3.5,33,0,0
1,40,4,1.5,0,0
1,40,4,2,0,0
1,40,4,32.5,0,0
1,40,4,33,0,0
1,40,4.5,1.5,0,0
1,40,4.5,2,0,0
1,40,4.5,32.5,0,0
1,40,4.5,33,0,0
1,40,5,1.5,0,0
1,40,5,2,0,0
1,40,5,32.5,0,0
1,40,5,33,0,0
1,40,5.5,1.5,0,0
1,40,5.5,2,0,0
1,40,5.5,32.5,0,0
1,40,5.5,33,0,0
1,40,6,1.5,0,0
1,40,6,2,0,0
1,40,6,32.5,0,0
1,40,6,33,0,0
1,40,6.5,1.5,0,0
1,40,6.5,2,0,0
1,40,6.5,32.5,0,0
1,40,6.5,33,0,0
1,40,7,1.5,0,0
1,40,7,2,0,0
1,40,7,32.5,0,0
1,40,7,33,0,0
1,40,7.5,1.5,0,0
1,40,7.5,2,0,0
1,40,7.5,32.5,0,0
1,40,7.5,33,0,0
1,40,8,1.5,0,0
1,40,8,2,0,0
1,40,8,32.5,0,0
1,40,8,33,0,0
1,40,8.5,1.5,0,0
1,40,8.5,2,0,0
1,40,8.5,32.5,0,0
1,40,8.5,33,0,0
1,40,9,1.5,0,0
1,40,9,2,0,0
1,40,9,32.5,0,0
1,40,9,33,0,0
1,40,9.5,1.5,0,0
1,40,9.5,2,0,0
1,40,9.5,32.5,0,0
1,40,9.5,33,0,0
