916 2 0.5 203000 0 2 0 1e-05 0 9.81 45 45
0,40,2.40068,15.8857,-0.626494,-0.511658
0,40,2.41777,16.3663,-1.06129,-0.458282
0,40,2.45116,16.9397,0.52028,0.0871684
0,40,2.4457,17.4428,0.126801,-0.580023
0,40,2.49972,17.9312,0.942345,-0.315927
0,40,2.47663,18.4274,0.218015,-0.231166
0,40,2.51569,18.8933,0.302919,-0.0122312
0,40,2.48205,19.3755,-0.457271,-0.174413
0,40,2.49168,19.8495,-0.144419,-0.147136
0,40,2.4814,20.3123,-0.522243,-0.638363
0,40,2.48053,20.7965,-0.22124,-0.466973
0,40,2.50941,21.2342,-0.0452868,-0.673204
0,40,2.458,21.6879,-0.641411,-0.704542
0,40,2.57638,22.1062,1.36862,-0.419936
0,40,2.45573,22.5005,-0.65392,-0.90942
0,40,2.58245,22.9333,0.781684,-1.01946
0,40,2.49952,23.3107,0.533699,-1.38524
0,40,2.45844,23.747,-0.958311,-1.73096
0,40,2.4987,24.198,0.0445212,-1.6269
0,40,2.37598,24.6533,0.329654,-1.46697
0,40,2.48596,25.1331,-0.748781,-1.39394
0,40,2.37426,25.5595,1.66411,-1.18953
0,40,2.63031,25.9028,1.39761,-0.738733
0,40,2.34368,26.2626,-0.46268,-1.02971
0,40,2.39789,26.8308,0.333153,-0.330556
0,40,2.45422,27.2862,-0.124223,-0.985551
0,40,2.3939,27.6984,0.323718,-0.802477
0,40,2.80348,27.9118,1.54608,-2.08121
0,40,2.3838,28.2262,0.697065,-0.0186964
0,40,2.31306,29.0077,-0.168932,1.07877
0,40,2.88085,28.8954,-0.339552,-1.60028
0,40,2.58286,29.3922,1.43036,-0.939804
0,40,2.83558,29.8233,-0.0824174,0.261048
0,40,2.34065,29.7596,-1.738,-1.44755
0,40,2.38904,30.2934,0.746129,-1.36041
0,40,2.30522,30.9051,0.826541,-1.38819
0,40,2.45217,31.3828,-1.00898,-0.437334
0,40,2.73519,31.5983,-0.716525,-0.585612
0,40,2.30331,31.9154,2.19054,0.826926
0,40,2.22386,32.7492,-2.38495,5.53541
0,40,2.94028,15.2414,-0.34744,-1.15684
0,40,2.61951,15.3395,-2.2874,-2.92404
0,40,2.98706,15.807,-0.864265,-3.04969
0,40,3.01019,16.2793,0.224045,-3.07368
0,40,2.90174,16.7517,-0.811097,-3.99057
0,40,2.98154,17.2355,-0.953638,-3.21178
0,40,2.98133,17.696,0.242475,-3.67642
0,40,2.95747,18.1698,-0.734641,-2.72914
0,40,3.00267,18.6379,0.249208,-2.95572
0,40,2.97999,19.0999,-0.195675,-2.34335
0,40,2.96307,19.5682,-0.391521,-2.46606
0,40,2.99153,20.0411,-0.202713,-2.35781
0,40,2.93911,20.5081,-0.509867,-2.23339
0,40,3.00015,20.9773,-0.057842,-2.56795
0,40,2.96914,21.4684,-0.274237,-2.10776
0,40,3.03023,21.9123,0.314394,-2.68371
0,40,3.00778,22.4489,-0.297748,-2.09896
0,40,3.04117,22.8899,0.679584,-1.76161
0,40,2.98218,23.4374,-0.321688,-1.25153
0,40,2.94927,23.873,0.415,-1.77626
0,40,2.92995,24.3461,-0.104848,-1.82546
0,40,2.88877,24.7604,0.379143,-1.92338
0,40,2.92835,25.2072,0.015407,-1.41481
0,40,3.02093,25.6576,1.00597,-2.0218
0,40,2.98982,26.1634,-0.116114,-0.705135
0,40,2.75448,26.5775,-0.737713,-3.16077
0,40,2.95801,26.9125,-0.64941,0.0869707
0,40,2.90076,27.3608,0.852822,-1.39851
0,40,3.17507,27.6578,1.03659,-2.52121
0,40,2.9557,28.2676,0.559521,-1.35639
0,40,2.58635,28.6299,-0.183974,0.0347258
0,40,3.22629,28.6125,0.440026,-0.472073
0,40,3.01315,29.3313,0.0374869,-1.33502
0,40,3.30366,30.1616,1.15045,-0.0969972
0,40,2.84147,30.208,-0.312724,-1.97231
0,40,2.73356,30.6325,0.460764,-0.115523
0,40,2.82101,30.9705,0.580649,-0.249109
0,40,3.16048,31.7399,1.26888,0.361465
0,40,2.67552,32.128,0.673115,0.980924
0,40,3.19941,32.1219,0.110675,-0.734929
0,40,3.5291,15.2133,-0.423734,-2.40528
0,40,3.36977,15.6704,-0.0928597,-2.03294
0,40,3.44034,16.3452,-0.647279,-0.96005
0,40,3.40544,16.8156,-0.629374,-1.46878
0,40,3.46337,17.3252,-0.413121,-1.56689
0,40,3.48137,17.8418,0.357546,-1.86736
0,40,3.47578,18.2896,-0.140635,-1.97419
0,40,3.5109,18.7813,0.173159,-2.24405
0,40,3.52514,19.2175,0.179986,-2.17569
0,40,3.45509,19.6553,-0.674952,-2.70073
0,40,3.54857,20.0905,0.18721,-2.89604
0,40,3.42213,20.511,-0.891357,-2.93685
0,40,3.55038,20.9251,0.112521,-3.00363
0,40,3.4185,21.3564,-0.510145,-3.119
0,40,3.56215,21.7893,0.276789,-2.78126
0,40,3.42162,22.2298,0.367321,-2.63468
0,40,3.55031,22.6534,-0.149701,-2.86266
0,40,3.41622,23.1522,0.295577,-2.10906
0,40,3.52015,23.5355,-0.247352,-1.73313
0,40,3.39767,23.9926,0.145608,-1.33548
0,40,3.44145,24.4369,0.233444,-1.58947
0,40,3.39751,24.8373,0.243755,-0.941234
0,40,3.37219,25.2901,0.00702008,-2.05503
0,40,3.46086,25.7855,0.449667,-0.586814
0,40,3.30224,26.3572,0.468699,0.117648
0,40,3.60536,26.5923,0.235059,-1.03235
0,40,3.34977,27.0045,0.0393498,-2.39311
0,40,3.60107,27.3103,0.757912,-2.00069
0,40,3.57525,27.7755,1.34332,-1.30888
0,40,3.45875,28.1764,-0.42982,-1.89426
0,40,3.68759,28.5946,0.237593,-2.13159
0,40,3.41296,29.048,-0.178786,-1.73674
0,40,3.27811,29.6721,-0.289212,-0.397083
0,40,3.75262,29.8195,-0.856583,-0.949728
0,40,3.25168,30.6957,-0.493667,-0.273952
0,40,3.60082,30.348,1.12501,-0.665385
0,40,3.12099,31.3256,-0.483739,2.2151
0,40,3.46622,30.9526,-1.06917,-1.55506
0,40,3.60426,31.4585,0.191877,-3.07364
0,40,3.62229,32.0028,1.40753,-0.327931
0,40,3.96338,15.1148,-0.0286292,-2.88612
0,40,3.9348,15.6273,-0.438008,-2.52881
0,40,4.0051,16.0324,0.411431,-2.33738
0,40,3.87589,16.4852,-1.05369,-2.41964
0,40,4.09047,16.9287,0.587592,-2.83892
0,40,3.87564,17.3706,-0.720104,-2.80465
0,40,4.05818,17.8142,-0.448696,-2.904
0,40,3.93768,18.292,0.103298,-2.55497
0,40,4.00487,18.7734,-0.405969,-1.96743
0,40,3.99361,19.281,0.0771831,-1.68984
0,40,3.98419,19.7826,0.149347,-1.46365
0,40,4.00309,20.2661,-0.0910872,-1.61459
0,40,4.00999,20.7478,0.264257,-1.97382
0,40,3.99943,21.2094,-0.31843,-1.96542
0,40,4.02059,21.6417,0.669288,-2.19194
0,40,3.976,22.102,-0.669645,-2.35935
0,40,4.04021,22.5288,0.610245,-1.68324
0,40,3.91754,22.9777,-0.144779,-2.06335
0,40,4.03092,23.3808,-0.295776,-1.88323
0,40,3.88886,23.8709,-0.479773,-2.41797
0,40,3.95072,24.2528,0.772157,-0.937564
0,40,3.92791,24.7141,-0.618115,-2.73587
0,40,3.87808,25.1239,0.422396,-1.22721
0,40,3.90457,25.5343,-0.537634,-1.83499
0,40,3.76869,26.0281,-1.41856,-1.32628
0,40,4.08075,26.3524,0.86835,-2.40112
0,40,3.94128,26.8451,-0.351962,-1.52008
0,40,4.09411,27.1929,0.704605,-1.65334
0,40,4.0383,27.6703,0.876893,-2.01614
0,40,3.97949,28.0957,0.150607,-1.37372
0,40,4.11497,28.4959,0.748051,-0.984306
0,40,3.89784,28.9978,-0.487791,-1.6483
0,40,3.67852,29.4364,-0.266681,-1.69746
0,40,4.22158,29.7624,0.360797,-1.40432
0,40,4.04045,30.2129,1.15032,-2.12141
0,40,4.47495,30.4838,0.53764,-1.38631
0,40,3.97638,30.6563,1.10383,-0.95237
0,40,3.85406,31.1111,0.102067,-1.38257
0,40,3.95475,31.7208,-0.754032,-0.819095
0,40,4.03757,32.238,-0.790017,0.228635
0,40,4.4895,15.21,-0.219539,-1.95139
0,40,4.47436,15.708,-0.313286,-1.20408
0,40,4.48075,16.2185,-0.739858,-2.06848
0,40,4.46054,16.7077,-0.499204,-1.77464
0,40,4.4658,17.2577,-0.741348,-1.54016
0,40,4.48044,17.7384,0.268365,-1.47074
0,40,4.46834,18.2486,-0.406145,-1.94094
0,40,4.4862,18.6936,0.219384,-2.21774
0,40,4.51123,19.1428,0.399349,-2.86363
0,40,4.44526,19.5888,-0.413609,-2.75896
0,40,4.54799,20.0152,0.50608,-2.91999
0,40,4.44297,20.4606,-0.0828754,-2.89045
0,40,4.5414,20.9158,0.270884,-2.06318
0,40,4.47586,21.3601,0.387137,-2.4157
0,40,4.51893,21.8535,-0.0328539,-2.1251
0,40,4.50768,22.2825,0.465601,-2.64057
0,40,4.48585,22.7551,-0.162048,-2.28745
0,40,4.4933,23.1677,-0.36567,-2.55053
0,40,4.38731,23.7049,0.0172075,-1.88519
0,40,4.53884,24.0606,-1.12155,-2.32318
0,40,4.35702,24.5093,0.808111,-2.29399
0,40,4.5281,24.9385,-1.25059,-1.77128
0,40,4.33161,25.2824,0.0310763,-2.41352
0,40,4.63582,25.6337,0.193675,-2.03974
0,40,4.25391,25.894,-0.648964,-2.33466
0,40,4.62691,26.1447,-0.740604,-3.08336
0,40,4.43828,26.6179,-0.714088,-2.43996
0,40,4.59071,26.964,-0.315884,-2.40431
0,40,4.47254,27.4646,0.71681,-2.53262
0,40,4.53519,27.8968,-0.227961,-1.3188
0,40,4.54469,28.2539,-0.0754295,-2.14934
0,40,4.38951,28.8415,-0.0705017,-0.298583
0,40,4.19665,29.3071,-0.750325,0.0546512
0,40,4.61226,29.4749,0.890975,-1.61488
0,40,4.53059,30.0523,0.914432,-1.22571
0,40,4.8538,30.6863,0.145608,-0.529591
0,40,4.32126,30.9253,0.554346,-1.36403
0,40,4.27121,31.3681,-0.16261,-0.227859
0,40,4.37084,31.851,-1.2464,0.222376
0,40,4.6752,32.1678,0.783176,-0.0105201
0,40,4.98655,15.1238,-0.0515149,-3.0588
0,40,4.98398,15.6078,-0.0951359,-2.79351
0,40,4.98604,16.079,-0.14456,-2.73789
0,40,4.96894,16.5497,-0.185955,-2.8398
0,40,5.02831,17.0013,0.322192,-2.9192
0,40,4.95527,17.4455,-0.501325,-3.2052
0,40,5.03416,17.9142,0.0403144,-2.42664
0,40,4.95929,18.3553,-0.212212,-2.61038
0,40,5.02172,18.8388,-0.0974789,-1.95213
0,40,4.98069,19.3198,0.227252,-1.79394
0,40,5.00476,19.7831,0.141319,-2.16308
0,40,5.00413,20.2768,0.411051,-2.11117
0,40,4.99566,20.7008,0.0715918,-2.71705
0,40,5.0273,21.1799,0.587939,-2.5873
0,40,4.96813,21.5999,0.0495789,-2.60928
0,40,5.02654,22.0527,0.687695,-1.81685
0,40,4.94647,22.5284,0.385702,-2.37999
0,40,5.02352,22.9914,-0.910499,-1.70325
0,40,4.84003,23.4616,0.0392832,-2.1017
0,40,5.01898,23.9202,-1.00321,-1.59378
0,40,4.84187,24.4314,1.09941,-1.97122
0,40,5.07615,24.7667,-0.675756,-2.39941
0,40,4.95649,25.1856,0.0927179,-2.25045
0,40,5.07556,25.6113,0.138975,-2.9217
0,40,5.09087,26.0658,-0.418375,-2.10194
0,40,4.96011,26.5034,-0.50626,-2.22544
0,40,5.08056,26.9199,-0.292984,-2.45445
0,40,4.90413,27.3694,-0.114638,-1.81531
0,40,5.03746,27.7671,0.183991,-1.53176
0,40,5.0356,28.2538,0.417147,-0.253767
0,40,4.80853,28.6457,-0.29022,-1.9712
0,40,4.80088,29.1018,-1.42233,-1.10333
0,40,5.18063,29.38,0.758145,-1.18451
0,40,4.95668,29.7767,0.957367,-1.07567
0,40,4.97182,30.2142,0.594631,-1.6027
0,40,5.1411,30.8654,0.367019,0.00358773
0,40,4.72147,31.1815,-0.871667,-0.218888
0,40,5.1887,31.3698,-0.537501,0.700171
0,40,4.74807,31.5997,-0.601364,-0.547512
0,40,5.38602,32.1879,2.04464,-0.490187
0,40,5.49974,15.1913,-0.0219395,-2.14508
0,40,5.49495,15.6928,-0.081072,-1.51601
0,40,5.49697,16.2005,-0.206267,-1.90194
0,40,5.49102,16.6844,-0.214285,-1.51309
0,40,5.49536,17.2249,-0.19222,-1.43999
0,40,5.48938,17.7082,-0.141918,-1.352
0,40,5.49445,18.2197,-0.103787,-1.32741
0,40,5.4922,18.6763,0.100729,-1.95104
0,40,5.49694,19.146,0.0600717,-2.10048
0,40,5.50401,19.5895,0.309107,-2.53265
0,40,5.48384,20.0417,-0.0688533,-2.31884
0,40,5.5443,20.4873,0.550873,-2.4425
0,40,5.46244,20.9377,-0.0766844,-2.05609
0,40,5.57003,21.401,0.335543,-1.93192
0,40,5.46227,21.8079,-0.294313,-1.57419
0,40,5.50795,22.2876,-0.462132,-1.85176
0,40,5.44078,22.6841,0.472161,-1.10518
0,40,5.56613,23.138,0.085639,-1.76662
0,40,5.30707,23.4709,-0.634167,-1.49977
0,40,5.57865,23.8262,-0.176436,-1.72749
0,40,5.34182,24.2385,1.10971,-2.71719
0,40,5.57021,24.6002,-0.211747,-2.47042
0,40,5.46824,25.0733,-0.503557,-2.38065
0,40,5.55227,25.4903,0.768096,-2.68981
0,40,5.54645,25.9425,-0.773314,-2.00306
0,40,5.46676,26.4164,-0.595025,-1.57369
0,40,5.5303,26.8376,-0.305912,-2.13678
0,40,5.42953,27.2865,-0.33144,-1.06979
0,40,5.49949,27.658,-0.237782,-1.27926
0,40,5.46221,28.1081,-0.467882,-1.06929
0,40,5.49622,28.5267,0.260213,0.0581202
0,40,5.24398,28.8516,-0.73197,-0.222889
0,40,5.59048,29.1054,0.559313,-1.59508
0,40,5.56944,29.5959,-0.2112,-1.31451
0,40,5.43155,29.9736,0.511759,-1.17753
0,40,5.4217,30.3673,-0.814309,0.151215
0,40,5.5893,30.7149,0.0100312,-1.15362
0,40,5.54654,31.2106,-1.18246,-0.790965
0,40,5.06834,31.8761,-1.19845,0.902978
0,40,5.52443,31.7412,0.659144,-0.187744
0,40,6,15.1305,9.47294e-12,-3.08664
0,40,6,15.6115,2.49246e-11,-2.76972
0,40,6,16.097,-2.51753e-11,-2.77143
0,40,6,16.5679,-1.04986e-10,-2.7838
0,40,6,17.019,-4.83086e-10,-3.05281
0,40,6,17.4817,7.64396e-10,-3.07567
0,40,6,17.9322,-1.70751e-09,-2.45804
0,40,6,18.3929,4.1727e-10,-2.32479
0,40,6,18.8676,3.62642e-10,-1.85191
0,40,6,19.3409,-3.67916e-10,-1.98098
0,40,6,19.8189,8.77165e-11,-1.83846
0,40,6,20.2764,-5.27522e-11,-2.84293
0,40,6,20.7844,2.90145e-11,-2.32395
0,40,6,21.1969,-1.50888e-10,-2.49369
0,40,6,21.7471,6.82203e-10,-3.4281
0,40,6,22.1568,-1.6452e-09,-2.24665
0,40,6,22.5907,9.57963e-10,-3.2606
0,40,6,23.0492,-4.96964e-11,-3.00048
0,40,6,23.5175,-1.80537e-09,-3.3796
0,40,6,24.0034,1.8371e-09,-4.37483
0,40,6,24.3937,-9.8946e-11,-2.08557
0,40,6,24.8716,-7.43835e-11,-3.16284
0,40,6,25.2668,4.2873e-10,-2.14547
0,40,6,25.7502,1.36854e-10,-1.99521
0,40,6,26.2124,2.24851e-10,-2.72735
0,40,6,26.5463,-2.58275e-10,-2.08092
0,40,6,27.0087,2.00903e-10,-2.1552
0,40,6,27.3318,-2.15102e-10,-2.25825
0,40,6,27.7562,3.2051e-11,-1.97044
0,40,6,28.1028,9.67417e-11,-1.36212
0,40,6,28.4909,-2.04261e-10,-2.66569
0,40,6,28.856,2.16505e-10,-1.61627
0,40,6,29.3183,-2.96657e-11,-1.34578
0,40,6,29.827,-8.54165e-10,-0.873225
0,40,6,30.1348,1.24138e-09,-1.10147
0,40,6,30.5168,-1.28099e-10,-2.08453
0,40,6,31.0054,1.00362e-10,-0.434684
0,40,6,31.388,-2.16669e-10,-2.53397
0,40,6,31.8091,5.97211e-10,-1.40687
0,40,6,32.1101,-7.83608e-10,-1.48602
0,40,6.50026,15.1913,0.0219395,-2.14508
0,40,6.50505,15.6928,0.081072,-1.51601
0,40,6.50303,16.2005,0.206267,-1.90194
0,40,6.50898,16.6844,0.214285,-1.51309
0,40,6.50464,17.2249,0.19222,-1.43999
0,40,6.51062,17.7082,0.141918,-1.352
0,40,6.50555,18.2197,0.103787,-1.32741
0,40,6.5078,18.6763,-0.100729,-1.95104
0,40,6.50306,19.146,-0.0600717,-2.10048
0,40,6.49599,19.5895,-0.309107,-2.53265
0,40,6.51616,20.0417,0.0688533,-2.31884
0,40,6.4557,20.4873,-0.550873,-2.4425
0,40,6.53756,20.9377,0.0766844,-2.05609
0,40,6.42997,21.401,-0.335543,-1.93192
0,40,6.53773,21.8079,0.294313,-1.57419
0,40,6.49205,22.2876,0.462132,-1.85176
0,40,6.55922,22.6841,-0.472161,-1.10518
0,40,6.43387,23.138,-0.085639,-1.76662
0,40,6.69293,23.4709,0.634167,-1.49977
0,40,6.42135,23.8262,0.176436,-1.72749
0,40,6.65818,24.2385,-1.10971,-2.71719
0,40,6.42979,24.6002,0.211747,-2.47042
0,40,6.53176,25.0733,0.503557,-2.38065
0,40,6.44773,25.4903,-0.768096,-2.68981
0,40,6.45355,25.9425,0.773314,-2.00306
0,40,6.53324,26.4164,0.595025,-1.57369
0,40,6.4697,26.8376,0.305912,-2.13678
0,40,6.57047,27.2865,0.33144,-1.06979
0,40,6.50051,27.658,0.237782,-1.27926
0,40,6.53779,28.1081,0.467882,-1.06929
0,40,6.50378,28.5267,-0.260213,0.0581202
0,40,6.75602,28.8516,0.73197,-0.222889
0,40,6.40952,29.1054,-0.559313,-1.59508
0,40,6.43056,29.5959,0.2112,-1.31451
0,40,6.56845,29.9736,-0.511759,-1.17753
0,40,6.5783,30.3673,0.814309,0.151215
0,40,6.4107,30.7149,-0.0100312,-1.15362
0,40,6.45346,31.2106,1.18246,-0.790965
0,40,6.93166,31.8761,1.19845,0.902978
0,40,6.47557,31.7412,-0.659144,-0.187744
0,40,7.01345,15.1238,0.0515149,-3.0588
0,40,7.01602,15.6078,0.0951359,-2.79351
0,40,7.01396,16.079,0.14456,-2.73789
0,40,7.03106,16.5497,0.185955,-2.8398
0,40,6.97169,17.0013,-0.322192,-2.9192
0,40,7.04473,17.4455,0.501325,-3.2052
0,40,6.96584,17.9142,-0.0403144,-2.42664
0,40,7.04071,18.3553,0.212212,-2.61038
0,40,6.97828,18.8388,0.0974789,-1.95213
0,40,7.01931,19.3198,-0.227252,-1.79394
0,40,6.99524,19.7831,-0.141319,-2.16308
0,40,6.99587,20.2768,-0.411051,-2.11117
0,40,7.00434,20.7008,-0.0715918,-2.71705
0,40,6.9727,21.1799,-0.587939,-2.5873
0,40,7.03187,21.5999,-0.0495789,-2.60928
0,40,6.97346,22.0527,-0.687695,-1.81685
0,40,7.05353,22.5284,-0.385702,-2.37999
0,40,6.97648,22.9914,0.910499,-1.70325
0,40,7.15997,23.4616,-0.0392832,-2.1017
0,40,6.98102,23.9202,1.00321,-1.59378
0,40,7.15813,24.4314,-1.09941,-1.97122
0,40,6.92385,24.7667,0.675756,-2.39941
0,40,7.04351,25.1856,-0.0927179,-2.25045
0,40,6.92444,25.6113,-0.138975,-2.9217
0,40,6.90913,26.0658,0.418375,-2.10194
0,40,7.03989,26.5034,0.50626,-2.22544
0,40,6.91944,26.9199,0.292984,-2.45445
0,40,7.09587,27.3694,0.114638,-1.81531
0,40,6.96254,27.7671,-0.183991,-1.53176
0,40,6.9644,28.2538,-0.417147,-0.253767
0,40,7.19147,28.6457,0.29022,-1.9712
0,40,7.19912,29.1018,1.42233,-1.10333
0,40,6.81937,29.38,-0.758145,-1.18451
0,40,7.04332,29.7767,-0.957367,-1.07567
0,40,7.02818,30.2142,-0.594631,-1.6027
0,40,6.8589,30.8654,-0.367019,0.00358773
0,40,7.27853,31.1815,0.871667,-0.218888
0,40,6.8113,31.3698,0.537501,0.700171
0,40,7.25193,31.5997,0.601364,-0.547512
0,40,6.61398,32.1879,-2.04464,-0.490187
0,40,7.5105,15.21,0.219539,-1.95139
0,40,7.52564,15.708,0.313286,-1.20408
0,40,7.51925,16.2185,0.739858,-2.06848
0,40,7.53946,16.7077,0.499204,-1.77464
0,40,7.5342,17.2577,0.741348,-1.54016
0,40,7.51956,17.7384,-0.268365,-1.47074
0,40,7.53166,18.2486,0.406145,-1.94094
0,40,7.5138,18.6936,-0.219384,-2.21774
0,40,7.48877,19.1428,-0.399349,-2.86363
0,40,7.55474,19.5888,0.413609,-2.75896
0,40,7.45201,20.0152,-0.50608,-2.91999
0,40,7.55703,20.4606,0.0828754,-2.89045
0,40,7.4586,20.9158,-0.270884,-2.06318
0,40,7.52414,21.3601,-0.387137,-2.4157
0,40,7.48107,21.8535,0.0328539,-2.1251
0,40,7.49232,22.2825,-0.465601,-2.64057
0,40,7.51415,22.7551,0.162048,-2.28745
0,40,7.5067,23.1677,0.36567,-2.55053
0,40,7.61269,23.7049,-0.0172075,-1.88519
0,40,7.46116,24.0606,1.12155,-2.32318
0,40,7.64298,24.5093,-0.808111,-2.29399
0,40,7.4719,24.9385,1.25059,-1.77128
0,40,7.66839,25.2824,-0.0310763,-2.41352
0,40,7.36418,25.6337,-0.193675,-2.03974
0,40,7.74609,25.894,0.648964,-2.33466
0,40,7.37309,26.1447,0.740604,-3.08336
0,40,7.56172,26.6179,0.714088,-2.43996
0,40,7.40929,26.964,0.315884,-2.40431
0,40,7.52746,27.4646,-0.71681,-2.53262
0,40,7.46481,27.8968,0.227961,-1.3188
0,40,7.45531,28.2539,0.0754295,-2.14934
0,40,7.61049,28.8415,0.0705017,-0.298583
0,40,7.80335,29.3071,0.750325,0.0546512
0,40,7.38774,29.4749,-0.890975,-1.61488
0,40,7.46941,30.0523,-0.914432,-1.22571
0,40,7.1462,30.6863,-0.145608,-0.529591
0,40,7.67874,30.9253,-0.554346,-1.36403
0,40,7.72879,31.3681,0.16261,-0.227859
0,40,7.62916,31.851,1.2464,0.222376
0,40,7.3248,32.1678,-0.783176,-0.0105201
0,40,8.03662,15.1148,0.0286292,-2.88612
0,40,8.0652,15.6273,0.438008,-2.52881
0,40,7.9949,16.0324,-0.411431,-2.33738
0,40,8.12411,16.4852,1.05369,-2.41964
0,40,7.90953,16.9287,-0.587592,-2.83892
0,40,8.12436,17.3706,0.720104,-2.80465
0,40,7.94182,17.8142,0.448696,-2.904
0,40,8.06232,18.292,-0.103298,-2.55497
0,40,7.99513,18.7734,0.405969,-1.96743
0,40,8.00639,19.281,-0.0771831,-1.68984
0,40,8.01581,19.7826,-0.149347,-1.46365
0,40,7.99691,20.2661,0.0910872,-1.61459
0,40,7.99001,20.7478,-0.264257,-1.97382
0,40,8.00057,21.2094,0.31843,-1.96542
0,40,7.97941,21.6417,-0.669288,-2.19194
0,40,8.024,22.102,0.669645,-2.35935
0,40,7.95979,22.5288,-0.610245,-1.68324
0,40,8.08246,22.9777,0.144779,-2.06335
0,40,7.96908,23.3808,0.295776,-1.88323
0,40,8.11114,23.8709,0.479773,-2.41797
0,40,8.04928,24.2528,-0.772157,-0.937564
0,40,8.07209,24.7141,0.618115,-2.73587
0,40,8.12192,25.1239,-0.422396,-1.22721
0,40,8.09543,25.5343,0.537634,-1.83499
0,40,8.23131,26.0281,1.41856,-1.32628
0,40,7.91925,26.3524,-0.86835,-2.40112
0,40,8.05872,26.8451,0.351962,-1.52008
0,40,7.90589,27.1929,-0.704605,-1.65334
0,40,7.9617,27.6703,-0.876893,-2.01614
0,40,8.02051,28.0957,-0.150607,-1.37372
0,40,7.88503,28.4959,-0.748051,-0.984306
0,40,8.10216,28.9978,0.487791,-1.6483
0,40,8.32148,29.4364,0.266681,-1.69746
0,40,7.77842,29.7624,-0.360797,-1.40432
0,40,7.95955,30.2129,-1.15032,-2.12141
0,40,7.52505,30.4838,-0.53764,-1.38631
0,40,8.02362,30.6563,-1.10383,-0.95237
0,40,8.14594,31.1111,-0.102067,-1.38257
0,40,8.04525,31.7208,0.754032,-0.819095
0,40,7.96243,32.238,0.790017,0.228635
0,40,8.4709,15.2133,0.423734,-2.40528
0,40,8.63023,15.6704,0.0928597,-2.03294
0,40,8.55966,16.3452,0.647279,-0.96005
0,40,8.59456,16.8156,0.629374,-1.46878
0,40,8.53663,17.3252,0.413121,-1.56689
0,40,8.51863,17.8418,-0.357546,-1.86736
0,40,8.52422,18.2896,0.140635,-1.97419
0,40,8.4891,18.7813,-0.173159,-2.24405
0,40,8.47486,19.2175,-0.179986,-2.17569
0,40,8.54491,19.6553,0.674952,-2.70073
0,40,8.45143,20.0905,-0.18721,-2.89604
0,40,8.57787,20.511,0.891357,-2.93685
0,40,8.44962,20.9251,-0.112521,-3.00363
0,40,8.5815,21.3564,0.510145,-3.119
0,40,8.43785,21.7893,-0.276789,-2.78126
0,40,8.57838,22.2298,-0.367321,-2.63468
0,40,8.44969,22.6534,0.149701,-2.86266
0,40,8.58378,23.1522,-0.295577,-2.10906
0,40,8.47985,23.5355,0.247352,-1.73313
0,40,8.60233,23.9926,-0.145608,-1.33548
0,40,8.55855,24.4369,-0.233444,-1.58947
0,40,8.60249,24.8373,-0.243755,-0.941234
0,40,8.62781,25.2901,-0.00702008,-2.05503
0,40,8.53914,25.7855,-0.449667,-0.586814
0,40,8.69776,26.3572,-0.468699,0.117648
0,40,8.39464,26.5923,-0.235059,-1.03235
0,40,8.65023,27.0045,-0.0393498,-2.39311
0,40,8.39893,27.3103,-0.757912,-2.00069
0,40,8.42475,27.7755,-1.34332,-1.30888
0,40,8.54125,28.1764,0.42982,-1.89426
0,40,8.31241,28.5946,-0.237593,-2.13159
0,40,8.58704,29.048,0.178786,-1.73674
0,40,8.72189,29.6721,0.289212,-0.397083
0,40,8.24738,29.8195,0.856583,-0.949728
0,40,8.74832,30.6957,0.493667,-0.273952
0,40,8.39918,30.348,-1.12501,-0.665385
0,40,8.87901,31.3256,0.483739,2.2151
0,40,8.53378,30.9526,1.06917,-1.55506
0,40,8.39574,31.4585,-0.191877,-3.07364
0,40,8.37771,32.0028,-1.40753,-0.327931
0,40,9.05972,15.2414,0.34744,-1.15684
0,40,9.38049,15.3395,2.2874,-2.92404
0,40,9.01294,15.807,0.864265,-3.04969
0,40,8.98981,16.2793,-0.224045,-3.07368
0,40,9.09826,16.7517,0.811097,-3.99057
0,40,9.01846,17.2355,0.953638,-3.21178
0,40,9.01867,17.696,-0.242475,-3.67642
0,40,9.04253,18.1698,0.734641,-2.72914
0,40,8.99733,18.6379,-0.249208,-2.95572
0,40,9.02001,19.0999,0.195675,-2.34335
0,40,9.03693,19.5682,0.391521,-2.46606
0,40,9.00847,20.0411,0.202713,-2.35781
0,40,9.06089,20.5081,0.509867,-2.23339
0,40,8.99985,20.9773,0.057842,-2.56795
0,40,9.03086,21.4684,0.274237,-2.10776
0,40,8.96977,21.9123,-0.314394,-2.68371
0,40,8.99222,22.4489,0.297748,-2.09896
0,40,8.95883,22.8899,-0.679584,-1.76161
0,40,9.01782,23.4374,0.321688,-1.25153
0,40,9.05073,23.873,-0.415,-1.77626
0,40,9.07005,24.3461,0.104848,-1.82546
0,40,9.11123,24.7604,-0.379143,-1.92338
0,40,9.07165,25.2072,-0.015407,-1.41481
0,40,8.97907,25.6576,-1.00597,-2.0218
0,40,9.01018,26.1634,0.116114,-0.705135
0,40,9.24552,26.5775,0.737713,-3.16077
0,40,9.04199,26.9125,0.64941,0.0869707
0,40,9.09924,27.3608,-0.852822,-1.39851
0,40,8.82493,27.6578,-1.03659,-2.52121
0,40,9.0443,28.2676,-0.559521,-1.35639
0,40,9.41365,28.6299,0.183974,0.0347258
0,40,8.77371,28.6125,-0.440026,-0.472073
0,40,8.98685,29.3313,-0.0374869,-1.33502
0,40,8.69634,30.1616,-1.15045,-0.0969972
0,40,9.15853,30.208,0.312724,-1.97231
0,40,9.26644,30.6325,-0.460764,-0.115523
0,40,9.17899,30.9705,-0.580649,-0.249109
0,40,8.83952,31.7399,-1.26888,0.361465
0,40,9.32448,32.128,-0.673115,0.980924
0,40,8.80059,32.1219,-0.110675,-0.734929
0,40,9.59932,15.8857,0.626494,-0.511658
0,40,9.58223,16.3663,1.06129,-0.458282
0,40,9.54884,16.9397,-0.52028,0.0871684
0,40,9.5543,17.4428,-0.126801,-0.580023
0,40,9.50028,17.9312,-0.942345,-0.315927
0,40,9.52337,18.4274,-0.218015,-0.231166
0,40,9.48431,18.8933,-0.302919,-0.0122312
0,40,9.51795,19.3755,0.457271,-0.174413
0,40,9.50832,19.8495,0.144419,-0.147136
0,40,9.5186,20.3123,0.522243,-0.638363
0,40,9.51947,20.7965,0.22124,-0.466973
0,40,9.49059,21.2342,0.0452868,-0.673204
0,40,9.542,21.6879,0.641411,-0.704542
0,40,9.42362,22.1062,-1.36862,-0.419936
0,40,9.54427,22.5005,0.65392,-0.90942
0,40,9.41755,22.9333,-0.781684,-1.01946
0,40,9.50048,23.3107,-0.533699,-1.38524
0,40,9.54156,23.747,0.958311,-1.73096
0,40,9.5013,24.198,-0.0445212,-1.6269
0,40,9.62402,24.6533,-0.329654,-1.46697
0,40,9.51404,25.1331,0.748781,-1.39394
0,40,9.62574,25.5595,-1.66411,-1.18953
0,40,9.36969,25.9028,-1.39761,-0.738733
0,40,9.65632,26.2626,0.46268,-1.02971
0,40,9.60211,26.8308,-0.333153,-0.330556
0,40,9.54578,27.2862,0.124223,-0.985551
0,40,9.6061,27.6984,-0.323718,-0.802477
0,40,9.19652,27.9118,-1.54608,-2.08121
0,40,9.6162,28.2262,-0.697065,-0.0186964
0,40,9.68694,29.0077,0.168932,1.07877
0,40,9.11915,28.8954,0.339552,-1.60028
0,40,9.41714,29.3922,-1.43036,-0.939804
0,40,9.16442,29.8233,0.0824174,0.261048
0,40,9.65935,29.7596,1.738,-1.44755
0,40,9.61096,30.2934,-0.746129,-1.36041
0,40,9.69478,30.9051,-0.826541,-1.38819
0,40,9.54783,31.3828,1.00898,-0.437334
0,40,9.26481,31.5983,0.716525,-0.585612
0,40,9.69669,31.9154,-2.19054,0.826926
0,40,9.77614,32.7492,2.38495,5.53541
1,40,10,1.5,0,0
1,40,10.5,1.5,0,0
1,40,1.5,1.5,0,0
1,40,2,1.5,0,0
1,40,10,2,0,0
1,40,10.5,2,0,0
1,40,1.5,2,0,0
1,40,2,2,0,0
1,40,10,2.5,0,0
1,40,10.5,2.5,0,0
1,40,1.5,2.5,0,0
1,40,2,2.5,0,0
1,40,10,3,0,0
1,40,10.5,3,0,0
1,40,1.5,3,0,0
1,40,2,3,0,0
1,40,10,3.5,0,0
1,40,10.5,3.5,0,0
1,40,1.5,3.5,0,0
1,40,2,3.5,0,0
1,40,10,4,0,0
1,40,10.5,4,0,0
1,40,1.5,4,0,0
1,40,2,4,0,0
1,40,10,4.5,0,0
1,40,10.5,4.5,0,0
1,40,1.5,4.5,0,0
1,40,2,4.5,0,0
1,40,10,5,0,0
1,40,10.5,5,0,0
1,40,1.5,5,0,0
1,40,2,5,0,0
1,40,10,5.5,0,0
1,40,10.5,5.5,0,0
1,40,1.5,5.5,0,0
1,40,2,5.5,0,0
1,40,10,6,0,0
1,40,10.5,6,0,0
1,40,1.5,6,0,0
1,40,2,6,0,0
1,40,10,6.5,0,0
1,40,10.5,6.5,0,0
1,40,1.5,6.5,0,0
1,40,2,6.5,0,0
1,40,10,7,0,0
1,40,10.5,7,0,0
1,40,1.5,7,0,0
1,40,2,7,0,0
1,40,10,7.5,0,0
1,40,10.5,7.5,0,0
1,40,1.5,7.5,0,0
1,40,2,7.5,0,0
1,40,10,8,0,0
1,40,10.5,8,0,0
1,40,1.5,8,0,0
1,40,2,8,0,0
1,40,10,8.5,0,0
1,40,10.5,8.5,0,0
1,40,1.5,8.5,0,0
1,40,2,8.5,0,0
1,40,10,9,0,0
1,40,10.5,9,0,0
1,40,1.5,9,0,0
1,40,2,9,0,0
1,40,10,9.5,0,0
1,40,10.5,9.5,0,0
1,40,1.5,9.5,0,0
1,40,2,9.5,0,0
1,40,10,10,0,0
1,40,10.5,10,0,0
1,40,1.5,10,0,0
1,40,2,10,0,0
1,40,10,10.5,0,0
1,40,10.5,10.5,0,0
1,40,1.5,10.5,0,0
1,40,2,10.5,0,0
1,40,10,11,0,0
1,40,10.5,11,0,0
1,40,1.5,11,0,0
1,40,2,11,0,0
1,40,10,11.5,0,0
1,40,10.5,11.5,0,0
1,40,1.5,11.5,0,0
1,40,2,11.5,0,0
1,40,10,12,0,0
1,40,10.5,12,0,0
1,40,1.5,12,0,0
1,40,2,12,0,0
1,40,10,12.5,0,0
1,40,10.5,12.5,0,0
1,40,1.5,12.5,0,0
1,40,2,12.5,0,0
1,40,10,13,0,0
1,40,10.5,13,0,0
1,40,1.5,13,0,0
1,40,2,13,0,0
1,40,10,13.5,0,0
1,40,10.5,13.5,0,0
1,40,1.5,13.5,0,0
1,40,2,13.5,0,0
1,40,10,14,0,0
1,40,10.5,14,0,0
1,40,1.5,14,0,0
1,40,2,14,0,0
1,40,10,14.5,0,0
1,40,10.5,14.5,0,0
1,40,1.5,14.5,0,0
1,40,2,14.5,0,0
1,40,10,15,0,0
1,40,10.5,15,0,0
1,40,1.5,15,0,0
1,40,2,15,0,0
1,40,10,15.5,0,0
1,40,10.5,15.5,0,0
1,40,1.5,15.5,0,0
1,40,2,15.5,0,0
1,40,10,16,0,0
1,40,10.5,16,0,0
1,40,1.5,16,0,0
1,40,2,16,0,0
1,40,10,16.5,0,0
1,40,10.5,16.5,0,0
1,40,1.5,16.5,0,0
1,40,2,16.5,0,0
1,40,10,17,0,0
1,40,10.5,17,0,0
1,40,1.5,17,0,0
1,40,2,17,0,0
1,40,10,17.5,0,0
1,40,10.5,17.5,0,0
1,40,1.5,17.5,0,0
1,40,2,17.5,0,0
1,40,10,18,0,0
1,40,10.5,18,0,0
1,40,1.5,18,0,0
1,40,2,18,0,0
1,40,10,18.5,0,0
1,40,10.5,18.5,0,0
1,40,1.5,18.5,0,0
1,40,2,18.5,0,0
1,40,10,19,0,0
1,40,10.5,19,0,0
1,40,1.5,19,0,0
1,40,2,19,0,0
1,40,10,19.5,0,0
1,40,10.5,19.5,0,0
1,40,1.5,19.5,0,0
1,40,2,19.5,0,0
1,40,10,20,0,0
1,40,10.5,20,0,0
1,40,1.5,20,0,0
1,40,2,20,0,0
1,40,10,20.5,0,0
1,40,10.5,20.5,0,0
1,40,1.5,20.5,0,0
1,40,2,20.5,0,0
1,40,10,21,0,0
1,40,10.5,21,0,0
1,40,1.5,21,0,0
1,40,2,21,0,0
1,40,10,21.5,0,0
1,40,10.5,21.5,0,0
1,40,1.5,21.5,0,0
1,40,2,21.5,0,0
1,40,10,22,0,0
1,40,10.5,22,0,0
1,40,1.5,22,0,0
1,40,2,22,0,0
1,40,10,22.5,0,0
1,40,10.5,22.5,0,0
1,40,1.5,22.5,0,0
1,40,2,22.5,0,0
1,40,10,23,0,0
1,40,10.5,23,0,0
1,40,1.5,23,0,0
1,40,2,23,0,0
1,40,10,23.5,0,0
1,40,10.5,23.5,0,0
1,40,1.5,23.5,0,0
1,40,2,23.5,0,0
1,40,10,24,0,0
1,40,10.5,24,0,0
1,40,1.5,24,0,0
1,40,2,24,0,0
1,40,10,24.5,0,0
1,40,10.5,24.5,0,0
1,40,1.5,24.5,0,0
1,40,2,24.5,0,0
1,40,10,25,0,0
1,40,10.5,25,0,0
1,40,1.5,25,0,0
1,40,2,25,0,0
1,40,10,25.5,0,0
1,40,10.5,25.5,0,0
1,40,1.5,25.5,0,0
1,40,2,25.5,0,0
1,40,10,26,0,0
1,40,10.5,26,0,0
1,40,1.5,26,0,0
1,40,2,26,0,0
1,40,10,26.5,0,0
1,40,10.5,26.5,0,0
1,40,1.5,26.5,0,0
1,40,2,26.5,0,0
1,40,10,27,0,0
1,40,10.5,27,0,0
1,40,1.5,27,0,0
1,40,2,27,0,0
1,40,10,27.5,0,0
1,40,10.5,27.5,0,0
1,40,1.5,27.5,0,0
1,40,2,27.5,0,0
1,40,10,28,0,0
1,40,10.5,28,0,0
1,40,1.5,28,0,0
1,40,2,28,0,0
1,40,10,28.5,0,0
1,40,10.5,28.5,0,0
1,40,1.5,28.5,0,0
1,40,2,28.5,0,0
1,40,10,29,0,0
1,40,10.5,29,0,0
1,40,1.5,29,0,0
1,40,2,29,0,0
1,40,10,29.5,0,0
1,40,10.5,29.5,0,0
1,40,1.5,29.5,0,0
1,40,2,29.5,0,0
1,40,10,30,0,0
1,40,10.5,30,0,0
1,40,1.5,30,0,0
1,40,2,30,0,0
1,40,10,30.5,0,0
1,40,10.5,30.5,0,0
1,40,1.5,30.5,0,0
1,40,2,30.5,0,0
1,40,10,31,0,0
1,40,10.5,31,0,0
1,40,1.5,31,0,0
1,40,2,31,0,0
1,40,10,31.5,0,0
1,40,10.5,31.5,0,0
1,40,1.5,31.5,0,0
1,40,2,31.5,0,0
1,40,10,32,0,0
1,40,10.5,32,0,0
1,40,1.5,32,0,0
1,40,2,32,0,0
1,40,10,32.5,0,0
1,40,10.5,32.5,0,0
1,40,1.5,32.5,0,0
1,40,2,32.5,0,0
1,40,10,33,0,0
1,40,10.5,33,0,0
1,40,1.5,33,0,0
1,40,2,33,0,0
1,40,2.5,1.5,0,0
1,40,2.5,2,0,0
1,40,2.5,32.5,0,0
1,40,2.5,33,0,0
1,40,3,1.5,0,0
1,40,3,2,0,0
1,40,3,32.5,0,0
1,40,3,33,0,0
1,40,3.5,1.5,0,0
1,40,3.5,2,0,0
1,40,3.5,32.5,0,0
1,40,3.5,33,0,0
1,40,4,1.5,0,0
1,40,4,2,0,0
1,40,4,32.5,0,0
1,40,4,33,0,0
1,40,4.5,1.5,0,0
1,40,4.5,2,0,0
1,40,4.5,32.5,0,0
1,40,4.5,33,0,0
1,40,5,1.5,0,0
1,40,5,2,0,0
1,40,5,32.5,0,0
1,40,5,33,0,0
1,40,5.5,1.5,0,0
1,40,5.5,2,0,0
1,40,5.5,32.5,0,0
1,40,5.5,33,0,0
1,40,6,1.5,0,0
1,40,6,2,0,0
1,40,6,32.5,0,0
1,40,6,33,0,0
1,40,6.5,1.5,0,0
1,40,6.5,2,0,0
1,40,6.5,32.5,0,0
1,40,6.5,33,0,0
1,40,7,1.5,0,0
1,40,7,2,0,0
1,40,7,32.5,0,0
1,40,7,33,0,0
1,40,7.5,1.5,0,0
1,40,7.5,2,0,0
1,40,7.5,32.5,0,0
1,40,7.5,33,0,0
1,40,8,1.5,0,0
1,40,8,2,0,0
1,40,8,32.5,0,0
1,40,8,33,0,0
1,40,8.5,1.5,0,0
1,40,8.5,2,0,0
1,40,8.5,32.5,0,0
1,40,8.5,33,0,0
1,40,9,1.5,0,0
1,40,9,2,0,0
1,40,9,32.5,0,0
1,40,9,33,0,0
1,40,9.5,1.5,0,0
1,40,9.5,2,0,0
1,40,9.5,32.5,0,0
1,40,9.5,33,0,0
