916 2 0.5 203000 0 2 0 1e-05 0 9.81 45 45
0,40,2.39704,15.6669,0.965924,2.05087
0,40,2.54559,16.1228,-0.259248,2.21211
0,40,2.47593,16.6224,0.281105,2.06169
0,40,2.46982,17.1262,-0.292833,2.42104
0,40,2.47992,17.6137,-0.107702,2.29581
0,40,2.46781,18.1025,-0.121618,2.3413
0,40,2.47221,18.5841,-0.0525987,2.26173
0,40,2.47279,19.0632,0.0317444,2.33375
0,40,2.47269,19.5382,0.045909,2.26061
0,40,2.47297,20.0124,0.0972872,2.30147
0,40,2.47082,20.4826,0.1494,2.26283
0,40,2.46991,20.9513,0.211313,2.26227
0,40,2.46754,21.415,0.221512,2.31784
0,40,2.46361,21.8733,0.192817,2.27313
0,40,2.46029,22.3285,0.198732,2.32144
0,40,2.45569,22.7798,0.172493,2.34981
0,40,2.4559,23.23,0.195188,2.42453
0,40,2.45533,23.6734,0.0895375,2.43558
0,40,2.45998,24.1151,0.0772401,2.40594
0,40,2.45346,24.5531,-0.0942865,2.45759
0,40,2.45454,24.9898,-0.125647,2.51685
0,40,2.44822,25.4194,-0.269033,2.50392
0,40,2.46071,25.8441,-0.182188,2.38168
0,40,2.46502,26.2515,-0.191144,2.45544
0,40,2.48033,26.6496,0.164776,2.39187
0,40,2.48191,27.0388,0.440381,2.1298
0,40,2.46188,27.436,-0.50974,2.45288
0,40,2.52256,27.8092,0.117988,2.43831
0,40,2.49932,28.1822,-0.281189,2.56954
0,40,2.44835,28.5697,-0.752982,2.56218
0,40,2.49886,28.9467,-0.246633,1.90113
0,40,2.32901,29.3543,0.972799,1.19137
0,40,2.76857,29.5994,1.08202,1.10717
0,40,2.33997,29.8419,2.39842,0.924298
0,40,2.43771,30.3214,-1.04054,0.7197
0,40,2.35674,30.8013,0.0168492,0.671086
0,40,2.40588,31.2799,0.190784,-0.121636
0,40,2.84879,31.6084,0.142553,0.85857
0,40,2.33636,31.7214,-0.330695,-0.00726172
0,40,2.42502,32.2317,-0.0833802,1.11303
0,40,2.98047,15.3956,-0.0415818,0.395064
0,40,2.97012,15.774,-0.398845,-0.109498
0,40,2.99731,16.3549,0.515585,0.593579
0,40,2.97484,16.8108,-0.138799,0.401497
0,40,2.99016,17.2746,0.180257,0.655284
0,40,2.98172,17.7282,0.0911611,0.259477
0,40,2.98563,18.1806,0.139832,0.329993
0,40,2.98719,18.6221,0.207213,0.153069
0,40,2.98933,19.0685,0.2096,0.123664
0,40,2.98762,19.507,0.205422,0.0873395
0,40,2.98385,19.9495,0.148637,0.10533
0,40,2.97907,20.3876,0.0965883,0.211645
0,40,2.97381,20.8274,0.0940161,0.187153
0,40,2.97063,21.2638,0.029625,0.20694
0,40,2.96957,21.6983,0.108021,0.211062
0,40,2.96335,22.1292,0.0363655,0.0683125
0,40,2.962,22.5634,0.111381,0.151805
0,40,2.95186,22.9902,0.0193055,0.112117
0,40,2.95434,23.4251,0.000427213,0.348036
0,40,2.94946,23.8526,-0.0135774,0.623634
0,40,2.95084,24.289,-0.0840485,1.02277
0,40,2.94309,24.7161,-0.0628307,1.41976
0,40,2.94191,25.1474,-0.205282,1.71639
0,40,2.94549,25.5689,-0.256199,1.81026
0,40,2.96831,25.9934,-0.1195,1.55204
0,40,2.97708,26.4175,-0.002928,1.6576
0,40,2.99847,26.8372,0.285171,1.95043
0,40,2.98448,27.2522,-0.289272,2.41866
0,40,3.02688,27.6506,-0.00439687,2.01864
0,40,3.00904,28.1072,-0.0989083,1.86279
0,40,2.99398,28.5111,-0.259487,1.31884
0,40,2.97939,28.93,0.355905,0.448014
0,40,2.94431,29.2947,-0.790554,2.09999
0,40,3.1115,29.9053,1.63915,2.36159
0,40,2.74721,30.1428,-0.633458,0.738068
0,40,2.7883,30.6995,-0.974574,1.59027
0,40,2.81314,31.1269,0.585732,2.18125
0,40,3.22083,31.3419,0.969315,0.436004
0,40,2.80157,31.9542,-0.995614,0.562005
0,40,3.18631,32.0895,-0.474284,-0.831458
0,40,3.50293,15.3996,0.169794,0.873297
0,40,3.48973,15.8769,0.0713278,1.05903
0,40,3.49376,16.3759,-0.060453,0.743438
0,40,3.49201,16.853,0.0780305,1.11146
0,40,3.49788,17.3533,0.169354,1.22173
0,40,3.48938,17.8304,0.0849587,1.34569
0,40,3.49719,18.3188,0.107157,1.38002
0,40,3.48904,18.8001,0.0451767,1.63237
0,40,3.49127,19.283,0.0703248,1.67401
0,40,3.48294,19.7653,0.0157442,1.81733
0,40,3.48,20.2406,0.0140621,1.97416
0,40,3.47594,20.7127,-0.0420872,1.90574
0,40,3.472,21.1807,-0.0213338,1.91422
0,40,3.47032,21.6417,-0.0502279,1.72013
0,40,3.46746,22.1031,0.0859418,1.51662
0,40,3.46371,22.5497,0.0111214,1.22844
0,40,3.46422,22.9951,0.150432,0.970711
0,40,3.46027,23.419,0.0161322,0.780299
0,40,3.46668,23.8465,0.0937796,0.622555
0,40,3.45872,24.2566,-0.100514,0.64174
0,40,3.45982,24.6738,0.0278366,0.620252
0,40,3.44506,25.0816,-0.2328,0.756654
0,40,3.44828,25.5009,-0.141844,1.05129
0,40,3.4588,25.9095,-0.178375,1.10116
0,40,3.46336,26.338,-0.252653,1.62118
0,40,3.49997,26.7363,0.0178378,1.51612
0,40,3.4798,27.1545,-0.173828,1.7598
0,40,3.50567,27.5709,0.159967,1.56174
0,40,3.4628,28.0047,-0.103301,1.73789
0,40,3.49306,28.4292,0.0332165,2.07883
0,40,3.50153,28.814,-0.254791,1.84566
0,40,3.51075,29.1916,-0.609306,1.2823
0,40,3.42131,29.5718,-0.342063,0.0224137
0,40,3.5498,30.0163,-0.510161,1.23585
0,40,3.17896,30.376,-1.51272,1.32296
0,40,3.60528,30.6485,-0.38802,0.271596
0,40,3.23518,30.7953,-1.76736,-0.534501
0,40,3.52306,31.2678,0.210161,-0.794113
0,40,3.4798,31.7624,0.476996,-0.281579
0,40,3.6586,32.1775,-1.70021,-0.355118
0,40,3.99317,15.3952,-0.083463,0.711254
0,40,3.98864,15.8599,-0.148482,0.836105
0,40,3.98818,16.3683,0.123755,0.76803
0,40,3.98925,16.8443,0.0477174,0.83464
0,40,3.98816,17.3282,0.0269504,0.885961
0,40,3.98351,17.8001,0.0190911,0.862676
0,40,3.98514,18.2683,0.0369739,0.639634
0,40,3.98015,18.732,0.00950994,0.706078
0,40,3.98181,19.1866,0.0600214,0.514021
0,40,3.97793,19.6382,0.0193396,0.278971
0,40,3.97653,20.0797,-0.0173389,0.279207
0,40,3.98166,20.5149,0.0614468,0.016949
0,40,3.97288,20.9457,-0.115958,-0.11239
0,40,3.98619,21.3743,0.0927462,-0.080172
0,40,3.96769,21.8005,-0.149896,-0.159905
0,40,3.98641,22.2302,0.0616768,-0.0812043
0,40,3.9649,22.6567,-0.125148,0.0293808
0,40,3.9858,23.0873,-0.0246932,0.287278
0,40,3.96745,23.5166,0.00368597,0.566786
0,40,3.97799,23.9546,-0.0228833,0.86247
0,40,3.95804,24.3906,-0.0163503,1.1688
0,40,3.95775,24.8306,0.0222099,1.36416
0,40,3.9341,25.2673,-0.202407,1.45653
0,40,3.96004,25.691,0.40362,1.31747
0,40,3.93684,26.1226,-0.459978,1.32023
0,40,4.00884,26.5309,0.834073,0.956198
0,40,3.96467,26.9627,-0.207464,0.951582
0,40,4.00043,27.3716,0.39493,0.849925
0,40,3.95858,27.7947,-0.267155,1.12601
0,40,3.98117,28.1825,-0.435286,0.934489
0,40,3.99401,28.5947,-0.0560376,0.713709
0,40,4.01906,29.0169,-0.080616,0.380491
0,40,3.90279,29.4697,-0.127147,0.898345
0,40,4.07373,29.8142,-0.453208,0.193249
0,40,3.82759,30.2252,0.306568,-0.10439
0,40,4.13302,30.548,-0.352793,0.133938
0,40,3.89622,30.9575,-0.421345,-0.739835
0,40,3.98084,31.4214,-0.968602,0.144029
0,40,3.973,31.7658,0.820934,0.365822
0,40,4.23483,32.1899,-1.31761,0.471095
0,40,4.49653,15.3932,0.00583406,0.794823
0,40,4.49421,15.8677,0.0669529,1.03808
0,40,4.49603,16.3711,0.0731389,0.895323
0,40,4.4921,16.8454,0.13038,0.890715
0,40,4.49394,17.3359,0.1847,1.0511
0,40,4.49212,17.8061,0.15374,1.01272
0,40,4.49355,18.2842,0.167485,0.91604
0,40,4.49209,18.7524,0.0716016,1.12106
0,40,4.49304,19.2209,0.0578712,1.12419
0,40,4.49136,19.6899,-0.0807671,1.19481
0,40,4.49131,20.1567,-0.131845,1.53723
0,40,4.49326,20.6224,-0.256884,1.52688
0,40,4.48892,21.092,-0.338781,1.77055
0,40,4.49194,21.5554,-0.408042,1.89554
0,40,4.48317,22.0158,-0.39776,1.73264
0,40,4.49004,22.47,-0.33276,1.68256
0,40,4.48241,22.9114,-0.194225,1.37892
0,40,4.49576,23.3479,0.0412627,1.23582
0,40,4.47933,23.7664,-0.0830104,1.00657
0,40,4.50235,24.1816,0.484124,0.948948
0,40,4.45454,24.5771,-0.45284,0.960269
0,40,4.51097,24.968,0.941035,1.00633
0,40,4.41567,25.3473,-1.02623,1.06736
0,40,4.54846,25.7303,1.51909,1.20233
0,40,4.39322,26.1006,-0.993387,1.06617
0,40,4.57689,26.4843,1.30849,0.974204
0,40,4.42987,26.8672,-0.41747,1.13686
0,40,4.52088,27.2684,0.349607,1.33998
0,40,4.46127,27.6649,-0.383035,1.48767
0,40,4.49349,28.0628,0.0615022,1.25117
0,40,4.47342,28.4678,-0.201489,1.03955
0,40,4.48032,28.8867,-0.0377475,1.17358
0,40,4.40952,29.3096,-1.11717,1.0275
0,40,4.52332,29.6915,0.429506,0.925211
0,40,4.38789,30.1476,-0.31092,0.904292
0,40,4.562,30.5716,0.0903026,1.26486
0,40,4.31714,31.0335,-0.338325,0.582489
0,40,4.55297,31.3979,-0.818667,-0.51267
0,40,4.43175,31.8136,0.0437162,1.38106
0,40,4.84212,32.2422,0.0466309,1.03051
0,40,4.99773,15.3906,-0.0153491,0.756538
0,40,4.99581,15.862,-0.0311807,0.96174
0,40,4.99447,16.3668,-0.0262742,0.896658
0,40,4.99432,16.8443,-0.0129922,0.897013
0,40,4.99095,17.3323,-0.0143533,0.998412
0,40,4.99136,17.8026,0.0140656,0.97792
0,40,4.98974,18.2783,0.0436173,0.72281
0,40,4.98839,18.7438,0.000233505,0.92379
0,40,4.98895,19.2065,4.66282e-05,0.714757
0,40,4.98783,19.667,-0.0919719,0.61282
0,40,4.98653,20.1211,-0.180404,0.673252
0,40,4.98982,20.5678,-0.21899,0.460332
0,40,4.98435,21.0149,-0.285225,0.398712
0,40,4.99466,21.4512,-0.229487,0.406397
0,40,4.98223,21.889,-0.341211,0.294992
0,40,4.99809,22.3216,-0.173959,0.343911
0,40,4.98251,22.7587,-0.220617,0.467088
0,40,4.99689,23.1967,-0.160691,0.71341
0,40,4.98241,23.6446,-0.0190222,1.1358
0,40,4.99197,24.0983,0.0501368,1.58435
0,40,4.9799,24.5574,0.0631043,1.99512
0,40,4.99381,25.0117,0.252741,1.94577
0,40,4.9808,25.4527,0.0523324,1.74366
0,40,5.00023,25.8957,0.238905,1.73103
0,40,5.00025,26.3069,0.393515,1.36274
0,40,5.00926,26.7569,0.141868,1.70424
0,40,4.99792,27.1406,0.112786,1.2406
0,40,5.00151,27.5562,-0.0288292,1.24032
0,40,4.98886,27.9437,-0.0122652,1.02712
0,40,4.98279,28.3494,-0.132209,1.17179
0,40,4.96789,28.7401,-0.337122,0.947664
0,40,4.93126,29.1491,-0.739565,1.19807
0,40,5.00108,29.5016,0.0878909,0.579234
0,40,4.90552,29.9334,-0.789017,0.789063
0,40,4.9315,30.3082,-0.234494,1.0649
0,40,5.13697,30.6312,-0.0318253,0.316501
0,40,4.78091,30.9901,0.482867,1.17963
0,40,5.07591,31.1932,0.768295,-0.333944
0,40,4.86865,31.7692,-1.45019,-0.0223163
0,40,5.43878,32.2104,0.196033,-0.69085
0,40,5.49855,15.3911,0.00932674,0.819478
0,40,5.49683,15.8647,0.0559931,1.01454
0,40,5.49814,16.3678,0.0699642,0.915098
0,40,5.49702,16.8425,0.111998,0.932031
0,40,5.49741,17.3313,0.113889,1.01859
0,40,5.49748,17.804,0.0762886,1.03901
0,40,5.4971,18.278,0.147174,0.825827
0,40,5.49729,18.7484,0.0681589,0.938778
0,40,5.49722,19.2135,-0.00630029,0.875161
0,40,5.49735,19.6795,-0.0684675,0.826217
0,40,5.496,20.1424,-0.151704,1.05161
0,40,5.4988,20.604,-0.207602,1.19457
0,40,5.49604,21.0659,-0.207767,1.29783
0,40,5.50029,21.5262,-0.269071,1.60067
0,40,5.4965,21.9773,-0.230279,1.50929
0,40,5.50167,22.4273,-0.160306,1.51097
0,40,5.49551,22.857,-0.146176,1.202
0,40,5.50428,23.2823,0.0394211,0.959593
0,40,5.48948,23.6874,-0.147817,0.681112
0,40,5.50512,24.0859,0.270324,0.34093
0,40,5.47451,24.4815,-0.343383,0.398245
0,40,5.51231,24.866,0.610583,0.225607
0,40,5.4619,25.2722,-0.372786,0.532797
0,40,5.51671,25.6611,0.518894,0.605557
0,40,5.48057,26.0758,0.246685,0.684343
0,40,5.50935,26.4826,0.153036,1.03037
0,40,5.5053,26.8938,0.380715,0.925679
0,40,5.50384,27.3102,0.0325387,1.13833
0,40,5.50575,27.7167,0.151408,1.08909
0,40,5.48949,28.1214,-0.0627268,0.901108
0,40,5.49102,28.5161,-0.14679,0.69869
0,40,5.46243,28.9058,-0.283699,0.445466
0,40,5.48849,29.269,-0.219999,0.104208
0,40,5.47256,29.6827,-0.17257,0.183222
0,40,5.42116,30.0304,-0.403576,-0.000408803
0,40,5.54576,30.4091,-0.319331,-0.0360048
0,40,5.50626,30.8943,1.14032,-0.526646
0,40,5.52434,31.2919,-0.527259,0.860401
0,40,5.18078,31.6928,-1.35796,0.658778
0,40,5.54759,31.7895,-1.03223,0.246864
0,40,6,15.3883,5.47198e-12,0.812152
0,40,6,15.862,6.84145e-13,0.999355
0,40,6,16.3672,-5.95267e-11,0.953556
0,40,6,16.8438,-8.45855e-11,0.941304
0,40,6,17.3327,-1.35319e-10,0.965791
0,40,6,17.8032,-1.53651e-10,1.0296
0,40,6,18.2783,-1.02814e-10,0.798581
0,40,6,18.745,1.1595e-10,0.758423
0,40,6,19.2088,-2.64632e-10,0.69786
0,40,6,19.6686,-3.92589e-11,0.536876
0,40,6,20.1261,1.86489e-10,0.599174
0,40,6,20.5759,-1.68492e-10,0.597741
0,40,6,21.0249,6.16345e-11,0.504358
0,40,6,21.4679,-4.64914e-11,0.60684
0,40,6,21.9099,-1.30873e-10,0.696222
0,40,6,22.3487,1.54774e-11,0.759358
0,40,6,22.7939,1.98688e-12,1.02437
0,40,6,23.2378,-1.32699e-10,1.31523
0,40,6,23.6873,1.14797e-10,1.68576
0,40,6,24.1412,-3.14665e-11,2.09976
0,40,6,24.5826,4.73109e-12,2.07098
0,40,6,25.0324,-3.0357e-11,2.18414
0,40,6,25.4452,9.68715e-13,1.6038
0,40,6,25.886,-4.27957e-11,1.77307
0,40,6,26.2896,-1.15976e-11,1.48465
0,40,6,26.7196,3.5188e-11,1.52416
0,40,6,27.1347,4.93254e-12,1.76355
0,40,6,27.55,-1.4202e-11,1.67851
0,40,6,27.9587,-3.13963e-11,1.69947
0,40,6,28.3577,-2.06255e-11,1.78929
0,40,6,28.7405,1.18852e-11,1.36189
0,40,6,29.1226,1.74122e-11,1.35089
0,40,6,29.5028,2.76589e-11,1.0909
0,40,6,29.8605,3.36686e-12,0.747278
0,40,6,30.2206,4.30026e-11,0.862726
0,40,6,30.6377,-2.69514e-11,0.549964
0,40,6,30.9964,-4.76871e-12,0.862297
0,40,6,31.4127,5.66736e-12,0.939321
0,40,6,31.7661,4.76904e-12,-1.18103
0,40,6,32.1885,4.35681e-11,0.0303878
0,40,6.50145,15.3911,-0.00932674,0.819478
0,40,6.50317,15.8647,-0.0559931,1.01454
0,40,6.50186,16.3678,-0.0699642,0.915098
0,40,6.50298,16.8425,-0.111998,0.932031
0,40,6.50259,17.3313,-0.113889,1.01859
0,40,6.50252,17.804,-0.0762886,1.03901
0,40,6.5029,18.278,-0.147174,0.825827
0,40,6.50271,18.7484,-0.0681589,0.938778
0,40,6.50278,19.2135,0.00630029,0.875161
0,40,6.50265,19.6795,0.0684675,0.826217
0,40,6.504,20.1424,0.151704,1.05161
0,40,6.5012,20.604,0.207602,1.19457
0,40,6.50396,21.0659,0.207767,1.29783
0,40,6.49971,21.5262,0.269071,1.60067
0,40,6.5035,21.9773,0.230279,1.50929
0,40,6.49833,22.4273,0.160306,1.51097
0,40,6.50449,22.857,0.146176,1.202
0,40,6.49572,23.2823,-0.0394211,0.959593
0,40,6.51052,23.6874,0.147817,0.681112
0,40,6.49488,24.0859,-0.270324,0.34093
0,40,6.52549,24.4815,0.343383,0.398245
0,40,6.48769,24.866,-0.610583,0.225607
0,40,6.5381,25.2722,0.372786,0.532797
0,40,6.48329,25.6611,-0.518894,0.605557
0,40,6.51943,26.0758,-0.246685,0.684343
0,40,6.49065,26.4826,-0.153036,1.03037
0,40,6.4947,26.8938,-0.380715,0.925679
0,40,6.49616,27.3102,-0.0325387,1.13833
0,40,6.49425,27.7167,-0.151408,1.08909
0,40,6.51051,28.1214,0.0627268,0.901108
0,40,6.50898,28.5161,0.14679,0.69869
0,40,6.53757,28.9058,0.283699,0.445466
0,40,6.51151,29.269,0.219999,0.104208
0,40,6.52744,29.6827,0.17257,0.183222
0,40,6.57884,30.0304,0.403576,-0.000408803
0,40,6.45424,30.4091,0.319331,-0.0360048
0,40,6.49374,30.8943,-1.14032,-0.526646
0,40,6.47566,31.2919,0.527259,0.860401
0,40,6.81922,31.6928,1.35796,0.658778
0,40,6.45241,31.7895,1.03223,0.246864
0,40,7.00227,15.3906,0.0153491,0.756538
0,40,7.00419,15.862,0.0311807,0.96174
0,40,7.00553,16.3668,0.0262742,0.896658
0,40,7.00568,16.8443,0.0129922,0.897013
0,40,7.00905,17.3323,0.0143533,0.998412
0,40,7.00864,17.8026,-0.0140656,0.97792
0,40,7.01026,18.2783,-0.0436173,0.72281
0,40,7.01161,18.7438,-0.000233505,0.92379
0,40,7.01105,19.2065,-4.66284e-05,0.714757
0,40,7.01217,19.667,0.0919719,0.61282
0,40,7.01347,20.1211,0.180404,0.673252
0,40,7.01018,20.5678,0.21899,0.460332
0,40,7.01565,21.0149,0.285225,0.398712
0,40,7.00534,21.4512,0.229487,0.406397
0,40,7.01777,21.889,0.341211,0.294992
0,40,7.00191,22.3216,0.173959,0.343911
0,40,7.01749,22.7587,0.220617,0.467088
0,40,7.00311,23.1967,0.160691,0.71341
0,40,7.01759,23.6446,0.0190222,1.1358
0,40,7.00803,24.0983,-0.0501368,1.58435
0,40,7.0201,24.5574,-0.0631043,1.99512
0,40,7.00619,25.0117,-0.252741,1.94577
0,40,7.0192,25.4527,-0.0523324,1.74366
0,40,6.99977,25.8957,-0.238905,1.73103
0,40,6.99975,26.3069,-0.393515,1.36274
0,40,6.99074,26.7569,-0.141868,1.70424
0,40,7.00208,27.1406,-0.112786,1.2406
0,40,6.99849,27.5562,0.0288292,1.24032
0,40,7.01114,27.9437,0.0122652,1.02712
0,40,7.01721,28.3494,0.132209,1.17179
0,40,7.03211,28.7401,0.337122,0.947664
0,40,7.06874,29.1491,0.739565,1.19807
0,40,6.99892,29.5016,-0.0878909,0.579234
0,40,7.09448,29.9334,0.789017,0.789063
0,40,7.0685,30.3082,0.234494,1.0649
0,40,6.86303,30.6312,0.0318253,0.316501
0,40,7.21909,30.9901,-0.482867,1.17963
0,40,6.92409,31.1932,-0.768295,-0.333944
0,40,7.13135,31.7692,1.45019,-0.0223163
0,40,6.56122,32.2104,-0.196033,-0.69085
0,40,7.50347,15.3932,-0.00583406,0.794823
0,40,7.50579,15.8677,-0.0669529,1.03808
0,40,7.50397,16.3711,-0.0731389,0.895323
0,40,7.5079,16.8454,-0.13038,0.890715
0,40,7.50606,17.3359,-0.1847,1.0511
0,40,7.50788,17.8061,-0.15374,1.01272
0,40,7.50645,18.2842,-0.167485,0.91604
0,40,7.50791,18.7524,-0.0716016,1.12106
0,40,7.50696,19.2209,-0.0578712,1.12419
0,40,7.50864,19.6899,0.0807671,1.19481
0,40,7.50869,20.1567,0.131845,1.53723
0,40,7.50674,20.6224,0.256884,1.52688
0,40,7.51108,21.092,0.338781,1.77055
0,40,7.50806,21.5554,0.408042,1.89554
0,40,7.51683,22.0158,0.39776,1.73264
0,40,7.50996,22.47,0.33276,1.68256
0,40,7.51759,22.9114,0.194225,1.37892
0,40,7.50424,23.3479,-0.0412627,1.23582
0,40,7.52067,23.7664,0.0830104,1.00657
0,40,7.49765,24.1816,-0.484124,0.948948
0,40,7.54546,24.5771,0.45284,0.960269
0,40,7.48903,24.968,-0.941035,1.00633
0,40,7.58433,25.3473,1.02623,1.06736
0,40,7.45154,25.7303,-1.51909,1.20233
0,40,7.60678,26.1006,0.993387,1.06617
0,40,7.42311,26.4843,-1.30849,0.974204
0,40,7.57013,26.8672,0.41747,1.13686
0,40,7.47912,27.2684,-0.349607,1.33998
0,40,7.53873,27.6649,0.383035,1.48767
0,40,7.50651,28.0628,-0.0615022,1.25117
0,40,7.52658,28.4678,0.201489,1.03955
0,40,7.51968,28.8867,0.0377475,1.17358
0,40,7.59048,29.3096,1.11717,1.0275
0,40,7.47668,29.6915,-0.429506,0.925211
0,40,7.61211,30.1476,0.31092,0.904292
0,40,7.438,30.5716,-0.0903026,1.26486
0,40,7.68286,31.0335,0.338325,0.582489
0,40,7.44703,31.3979,0.818667,-0.51267
0,40,7.56825,31.8136,-0.0437162,1.38106
0,40,7.15788,32.2422,-0.0466309,1.03051
0,40,8.00683,15.3952,0.083463,0.711254
0,40,8.01136,15.8599,0.148482,0.836105
0,40,8.01182,16.3683,-0.123755,0.76803
0,40,8.01075,16.8443,-0.0477174,0.83464
0,40,8.01184,17.3282,-0.0269504,0.885961
0,40,8.01649,17.8001,-0.0190911,0.862676
0,40,8.01486,18.2683,-0.0369739,0.639634
0,40,8.01985,18.732,-0.00950994,0.706078
0,40,8.01819,19.1866,-0.0600214,0.514021
0,40,8.02207,19.6382,-0.0193396,0.278971
0,40,8.02347,20.0797,0.0173389,0.279207
0,40,8.01834,20.5149,-0.0614468,0.016949
0,40,8.02712,20.9457,0.115958,-0.11239
0,40,8.01381,21.3743,-0.0927462,-0.080172
0,40,8.03231,21.8005,0.149896,-0.159905
0,40,8.01359,22.2302,-0.0616768,-0.0812043
0,40,8.0351,22.6567,0.125148,0.0293808
0,40,8.0142,23.0873,0.0246932,0.287278
0,40,8.03255,23.5166,-0.00368597,0.566786
0,40,8.02201,23.9546,0.0228833,0.86247
0,40,8.04196,24.3906,0.0163503,1.1688
0,40,8.04225,24.8306,-0.0222099,1.36416
0,40,8.0659,25.2673,0.202407,1.45653
0,40,8.03996,25.691,-0.40362,1.31747
0,40,8.06316,26.1226,0.459978,1.32023
0,40,7.99116,26.5309,-0.834073,0.956198
0,40,8.03533,26.9627,0.207464,0.951582
0,40,7.99957,27.3716,-0.39493,0.849925
0,40,8.04142,27.7947,0.267155,1.12601
0,40,8.01883,28.1825,0.435286,0.934489
0,40,8.00599,28.5947,0.0560376,0.713709
0,40,7.98094,29.0169,0.080616,0.380491
0,40,8.09721,29.4697,0.127147,0.898345
0,40,7.92627,29.8142,0.453208,0.193249
0,40,8.17241,30.2252,-0.306568,-0.10439
0,40,7.86698,30.548,0.352793,0.133938
0,40,8.10378,30.9575,0.421345,-0.739835
0,40,8.01916,31.4214,0.968602,0.144029
0,40,8.027,31.7658,-0.820934,0.365822
0,40,7.76517,32.1899,1.31761,0.471095
0,40,8.49707,15.3996,-0.169794,0.873297
0,40,8.51027,15.8769,-0.0713278,1.05903
0,40,8.50624,16.3759,0.060453,0.743438
0,40,8.50799,16.853,-0.0780305,1.11146
0,40,8.50212,17.3533,-0.169354,1.22173
0,40,8.51062,17.8304,-0.0849587,1.34569
0,40,8.50281,18.3188,-0.107157,1.38002
0,40,8.51096,18.8001,-0.0451767,1.63237
0,40,8.50873,19.283,-0.0703248,1.67401
0,40,8.51706,19.7653,-0.0157442,1.81733
0,40,8.52,20.2406,-0.0140621,1.97416
0,40,8.52406,20.7127,0.0420872,1.90574
0,40,8.528,21.1807,0.0213338,1.91422
0,40,8.52968,21.6417,0.0502279,1.72013
0,40,8.53254,22.1031,-0.0859418,1.51662
0,40,8.53629,22.5497,-0.0111214,1.22844
0,40,8.53578,22.9951,-0.150432,0.970711
0,40,8.53973,23.419,-0.0161322,0.780299
0,40,8.53332,23.8465,-0.0937796,0.622555
0,40,8.54128,24.2566,0.100514,0.64174
0,40,8.54018,24.6738,-0.0278366,0.620252
0,40,8.55494,25.0816,0.2328,0.756654
0,40,8.55172,25.5009,0.141844,1.05129
0,40,8.5412,25.9095,0.178375,1.10116
0,40,8.53664,26.338,0.252653,1.62118
0,40,8.50003,26.7363,-0.0178378,1.51612
0,40,8.5202,27.1545,0.173828,1.7598
0,40,8.49433,27.5709,-0.159967,1.56174
0,40,8.5372,28.0047,0.103301,1.73789
0,40,8.50694,28.4292,-0.0332165,2.07883
0,40,8.49847,28.814,0.254791,1.84566
0,40,8.48925,29.1916,0.609306,1.2823
0,40,8.57869,29.5718,0.342063,0.0224137
0,40,8.4502,30.0163,0.510161,1.23585
0,40,8.82104,30.376,1.51272,1.32296
0,40,8.39472,30.6485,0.38802,0.271596
0,40,8.76482,30.7953,1.76736,-0.534501
0,40,8.47694,31.2678,-0.210161,-0.794113
0,40,8.5202,31.7624,-0.476996,-0.281579
0,40,8.3414,32.1775,1.70021,-0.355118
0,40,9.01953,15.3956,0.0415818,0.395064
0,40,9.02988,15.774,0.398845,-0.109498
0,40,9.00269,16.3549,-0.515585,0.593579
0,40,9.02516,16.8108,0.138799,0.401497
0,40,9.00984,17.2746,-0.180257,0.655284
0,40,9.01828,17.7282,-0.0911611,0.259477
0,40,9.01437,18.1806,-0.139832,0.329993
0,40,9.01281,18.6221,-0.207213,0.153069
0,40,9.01067,19.0685,-0.2096,0.123664
0,40,9.01238,19.507,-0.205422,0.0873395
0,40,9.01615,19.9495,-0.148637,0.10533
0,40,9.02093,20.3876,-0.0965883,0.211645
0,40,9.02619,20.8274,-0.0940161,0.187153
0,40,9.02937,21.2638,-0.029625,0.20694
0,40,9.03043,21.6983,-0.108021,0.211062
0,40,9.03665,22.1292,-0.0363655,0.0683125
0,40,9.038,22.5634,-0.111381,0.151805
0,40,9.04814,22.9902,-0.0193055,0.112117
0,40,9.04566,23.4251,-0.000427214,0.348036
0,40,9.05054,23.8526,0.0135774,0.623634
0,40,9.04916,24.289,0.0840485,1.02277
0,40,9.05691,24.7161,0.0628307,1.41976
0,40,9.05809,25.1474,0.205282,1.71639
0,40,9.05451,25.5689,0.256199,1.81026
0,40,9.03169,25.9934,0.1195,1.55204
0,40,9.02292,26.4175,0.002928,1.6576
0,40,9.00153,26.8372,-0.285171,1.95043
0,40,9.01552,27.2522,0.289272,2.41866
0,40,8.97312,27.6506,0.00439687,2.01864
0,40,8.99096,28.1072,0.0989083,1.86279
0,40,9.00602,28.5111,0.259487,1.31884
0,40,9.02061,28.93,-0.355905,0.448014
0,40,9.05569,29.2947,0.790554,2.09999
0,40,8.8885,29.9053,-1.63915,2.36159
0,40,9.25279,30.1428,0.633458,0.738068
0,40,9.2117,30.6995,0.974574,1.59027
0,40,9.18686,31.1269,-0.585732,2.18125
0,40,8.77917,31.3419,-0.969315,0.436004
0,40,9.19843,31.9542,0.995614,0.562005
0,40,8.81369,32.0895,0.474284,-0.831458
0,40,9.60296,15.6669,-0.965924,2.05087
0,40,9.45441,16.1228,0.259248,2.21211
0,40,9.52407,16.6224,-0.281105,2.06169
0,40,9.53018,17.1262,0.292833,2.42104
0,40,9.52008,17.6137,0.107702,2.29581
0,40,9.53219,18.1025,0.121618,2.3413
0,40,9.52779,18.5841,0.0525987,2.26173
0,40,9.52721,19.0632,-0.0317444,2.33375
0,40,9.52731,19.5382,-0.045909,2.26061
0,40,9.52703,20.0124,-0.0972872,2.30147
0,40,9.52918,20.4826,-0.1494,2.26283
0,40,9.53009,20.9513,-0.211313,2.26227
0,40,9.53246,21.415,-0.221512,2.31784
0,40,9.53639,21.8733,-0.192817,2.27313
0,40,9.53971,22.3285,-0.198732,2.32144
0,40,9.54431,22.7798,-0.172493,2.34981
0,40,9.5441,23.23,-0.195188,2.42453
0,40,9.54467,23.6734,-0.0895375,2.43558
0,40,9.54002,24.1151,-0.0772401,2.40594
0,40,9.54654,24.5531,0.0942865,2.45759
0,40,9.54546,24.9898,0.125647,2.51685
0,40,9.55178,25.4194,0.269033,2.50392
0,40,9.53929,25.8441,0.182188,2.38168
0,40,9.53498,26.2515,0.191144,2.45544
0,40,9.51967,26.6496,-0.164776,2.39187
0,40,9.51809,27.0388,-0.440381,2.1298
0,40,9.53812,27.436,0.50974,2.45288
0,40,9.47744,27.8092,-0.117988,2.43831
0,40,9.50068,28.1822,0.281189,2.56954
0,40,9.55165,28.5697,0.752982,2.56218
0,40,9.50114,28.9467,0.246633,1.90113
0,40,9.67099,29.3543,-0.972799,1.19137
0,40,9.23143,29.5994,-1.08202,1.10717
0,40,9.66003,29.8419,-2.39842,0.924298
0,40,9.56229,30.3214,1.04054,0.7197
0,40,9.64326,30.8013,-0.0168492,0.671086
0,40,9.59412,31.2799,-0.190784,-0.121636
0,40,9.15121,31.6084,-0.142553,0.85857
0,40,9.66364,31.7214,0.330695,-0.00726172
0,40,9.57498,32.2317,0.0833802,1.11303
1,40,10,1.5,0,0
1,40,10.5,1.5,0,0
1,40,1.5,1.5,0,0
1,40,2,1.5,0,0
1,40,10,2,0,0
1,40,10.5,2,0,0
1,40,1.5,2,0,0
1,40,2,2,0,0
1,40,10,2.5,0,0
1,40,10.5,2.5,0,0
1,40,1.5,2.5,0,0
1,40,2,2.5,0,0
1,40,10,3,0,0
1,40,10.5,3,0,0
1,40,1.5,3,0,0
1,40,2,3,0,0
1,40,10,3.5,0,0
1,40,10.5,3.5,0,0
1,40,1.5,3.5,0,0
1,40,2,3.5,0,0
1,40,10,4,0,0
1,40,10.5,4,0,0
1,40,1.5,4,0,0
1,40,2,4,0,0
1,40,10,4.5,0,0
1,40,10.5,4.5,0,0
1,40,1.5,4.5,0,0
1,40,2,4.5,0,0
1,40,10,5,0,0
1,40,10.5,5,0,0
1,40,1.5,5,0,0
1,40,2,5,0,0
1,40,10,5.5,0,0
1,40,10.5,5.5,0,0
1,40,1.5,5.5,0,0
1,40,2,5.5,0,0
1,40,10,6,0,0
1,40,10.5,6,0,0
1,40,1.5,6,0,0
1,40,2,6,0,0
1,40,10,6.5,0,0
1,40,10.5,6.5,0,0
1,40,1.5,6.5,0,0
1,40,2,6.5,0,0
1,40,10,7,0,0
1,40,10.5,7,0,0
1,40,1.5,7,0,0
1,40,2,7,0,0
1,40,10,7.5,0,0
1,40,10.5,7.5,0,0
1,40,1.5,7.5,0,0
1,40,2,7.5,0,0
1,40,10,8,0,0
1,40,10.5,8,0,0
1,40,1.5,8,0,0
1,40,2,8,0,0
1,40,10,8.5,0,0
1,40,10.5,8.5,0,0
1,40,1.5,8.5,0,0
1,40,2,8.5,0,0
1,40,10,9,0,0
1,40,10.5,9,0,0
1,40,1.5,9,0,0
1,40,2,9,0,0
1,40,10,9.5,0,0
1,40,10.5,9.5,0,0
1,40,1.5,9.5,0,0
1,40,2,9.5,0,0
1,40,10,10,0,0
1,40,10.5,10,0,0
1,40,1.5,10,0,0
1,40,2,10,0,0
1,40,10,10.5,0,0
1,40,10.5,10.5,0,0
1,40,1.5,10.5,0,0
1,40,2,10.5,0,0
1,40,10,11,0,0
1,40,10.5,11,0,0
1,40,1.5,11,0,0
1,40,2,11,0,0
1,40,10,11.5,0,0
1,40,10.5,11.5,0,0
1,40,1.5,11.5,0,0
1,40,2,11.5,0,0
1,40,10,12,0,0
1,40,10.5,12,0,0
1,40,1.5,12,0,0
1,40,2,12,0,0
1,40,10,12.5,0,0
1,40,10.5,12.5,0,0
1,40,1.5,12.5,0,0
1,40,2,12.5,0,0
1,40,10,13,0,0
1,40,10.5,13,0,0
1,40,1.5,13,0,0
1,40,2,13,0,0
1,40,10,13.5,0,0
1,40,10.5,13.5,0,0
1,40,1.5,13.5,0,0
1,40,2,13.5,0,0
1,40,10,14,0,0
1,40,10.5,14,0,0
1,40,1.5,14,0,0
1,40,2,14,0,0
1,40,10,14.5,0,0
1,40,10.5,14.5,0,0
1,40,1.5,14.5,0,0
1,40,2,14.5,0,0
1,40,10,15,0,0
1,40,10.5,15,0,0
1,40,1.5,15,0,0
1,40,2,15,0,0
1,40,10,15.5,0,0
1,40,10.5,15.5,0,0
1,40,1.5,15.5,0,0
1,40,2,15.5,0,0
1,40,10,16,0,0
1,40,10.5,16,0,0
1,40,1.5,16,0,0
1,40,2,16,0,0
1,40,10,16.5,0,0
1,40,10.5,16.5,0,0
1,40,1.5,16.5,0,0
1,40,2,16.5,0,0
1,40,10,17,0,0
1,40,10.5,17,0,0
1,40,1.5,17,0,0
1,40,2,17,0,0
1,40,10,17.5,0,0
1,40,10.5,17.5,0,0
1,40,1.5,17.5,0,0
1,40,2,17.5,0,0
1,40,10,18,0,0
1,40,10.5,18,0,0
1,40,1.5,18,0,0
1,40,2,18,0,0
1,40,10,18.5,0,0
1,40,10.5,18.5,0,0
1,40,1.5,18.5,0,0
1,40,2,18.5,0,0
1,40,10,19,0,0
1,40,10.5,19,0,0
1,40,1.5,19,0,0
1,40,2,19,0,0
1,40,10,19.5,0,0
1,40,10.5,19.5,0,0
1,40,1.5,19.5,0,0
1,40,2,19.5,0,0
1,40,10,20,0,0
1,40,10.5,20,0,0
1,40,1.5,20,0,0
1,40,2,20,0,0
1,40,10,20.5,0,0
1,40,10.5,20.5,0,0
1,40,1.5,20.5,0,0
1,40,2,20.5,0,0
1,40,10,21,0,0
1,40,10.5,21,0,0
1,40,1.5,21,0,0
1,40,2,21,0,0
1,40,10,21.5,0,0
1,40,10.5,21.5,0,0
1,40,1.5,21.5,0,0
1,40,2,21.5,0,0
1,40,10,22,0,0
1,40,10.5,22,0,0
1,40,1.5,22,0,0
1,40,2,22,0,0
1,40,10,22.5,0,0
1,40,10.5,22.5,0,0
1,40,1.5,22.5,0,0
1,40,2,22.5,0,0
1,40,10,23,0,0
1,40,10.5,23,0,0
1,40,1.5,23,0,0
1,40,2,23,0,0
1,40,10,23.5,0,0
1,40,10.5,23.5,0,0
1,40,1.5,23.5,0,0
1,40,2,23.5,0,0
1,40,10,24,0,0
1,40,10.5,24,0,0
1,40,1.5,24,0,0
1,40,2,24,0,0
1,40,10,24.5,0,0
1,40,10.5,24.5,0,0
1,40,1.5,24.5,0,0
1,40,2,24.5,0,0
1,40,10,25,0,0
1,40,10.5,25,0,0
1,40,1.5,25,0,0
1,40,2,25,0,0
1,40,10,25.5,0,0
1,40,10.5,25.5,0,0
1,40,1.5,25.5,0,0
1,40,2,25.5,0,0
1,40,10,26,0,0
1,40,10.5,26,0,0
1,40,1.5,26,0,0
1,40,2,26,0,0
1,40,10,26.5,0,0
1,40,10.5,26.5,0,0
1,40,1.5,26.5,0,0
1,40,2,26.5,0,0
1,40,10,27,0,0
1,40,10.5,27,0,0
1,40,1.5,27,0,0
1,40,2,27,0,0
1,40,10,27.5,0,0
1,40,10.5,27.5,0,0
1,40,1.5,27.5,0,0
1,40,2,27.5,0,0
1,40,10,28,0,0
1,40,10.5,28,0,0
1,40,1.5,28,0,0
1,40,2,28,0,0
1,40,10,28.5,0,0
1,40,10.5,28.5,0,0
1,40,1.5,28.5,0,0
1,40,2,28.5,0,0
1,40,10,29,0,0
1,40,10.5,29,0,0
1,40,1.5,29,0,0
1,40,2,29,0,0
1,40,10,29.5,0,0
1,40,10.5,29.5,0,0
1,40,1.5,29.5,0,0
1,40,2,29.5,0,0
1,40,10,30,0,0
1,40,10.5,30,0,0
1,40,1.5,30,0,0
1,40,2,30,0,0
1,40,10,30.5,0,0
1,40,10.5,30.5,0,0
1,40,1.5,30.5,0,0
1,40,2,30.5,0,0
1,40,10,31,0,0
1,40,10.5,31,0,0
1,40,1.5,31,0,0
1,40,2,31,0,0
1,40,10,31.5,0,0
1,40,10.5,31.5,0,0
1,40,1.5,31.5,0,0
1,40,2,31.5,0,0
1,40,10,32,0,0
1,40,10.5,32,0,0
1,40,1.5,32,0,0
1,40,2,32,0,0
1,40,10,32.5,0,0
1,40,10.5,32.5,0,0
1,40,1.5,32.5,0,0
1,40,2,32.5,0,0
1,40,10,33,0,0
1,40,10.5,33,0,0
1,40,1.5,33,0,0
1,40,2,33,0,0
1,40,2.5,1.5,0,0
1,40,2.5,2,0,0
1,40,2.5,32.5,0,0
1,40,2.5,33,0,0
1,40,3,1.5,0,0
1,40,3,2,0,0
1,40,3,32.5,0,0
1,40,3,33,0,0
1,40,3.5,1.5,0,0
1,40,3.5,2,0,0
1,40,3.5,32.5,0,0
1,40,3.5,33,0,0
1,40,4,1.5,0,0
1,40,4,2,0,0
1,40,4,32.5,0,0
1,40,4,33,0,0
1,40,4.5,1.5,0,0
1,40,4.5,2,0,0
1,40,4.5,32.5,0,0
1,40,4.5,33,0,0
1,40,5,1.5,0,0
1,40,5,2,0,0
1,40,5,32.5,0,0
1,40,5,33,0,0
1,40,5.5,1.5,0,0
1,40,5.5,2,0,0
1,40,5.5,32.5,0,0
1,40,5.5,33,0,0
1,40,6,1.5,0,0
1,40,6,2,0,0
1,40,6,32.5,0,0
1,40,6,33,0,0
1,40,6.5,1.5,0,0
1,40,6.5,2,0,0
1,40,6.5,32.5,0,0
1,40,6.5,33,0,0
1,40,7,1.5,0,0
1,40,7,2,0,0
1,40,7,32.5,0,0
1,40,7,33,0,0
1,40,7.5,1.5,0,0
1,40,7.5,2,0,0
1,40,7.5,32.5,0,0
1,40,7.5,33,0,0
1,40,8,1.5,0,0
1,40,8,2,0,0
1,40,8,32.5,0,0
1,40,8,33,0,0
1,40,8.5,1.5,0,0
1,40,8.5,2,0,0
1,40,8.5,32.5,0,0
1,40,8.5,33,0,0
1,40,9,1.5,0,0
1,40,9,2,0,0
1,40,9,32.5,0,0
1,40,9,33,0,0
1,40,9.5,1.5,0,0
1,40,9.5,2,0,0
1,40,9.5,32.5,0,0
1,40,9.5,33,0,0
