916 2 0.5 203000 0 2 0 1e-05 0 9.81 45 45
0,40,2.39986,15.673,0.916883,2.04203
0,40,2.54479,16.1294,-0.278,2.19703
0,40,2.47673,16.6285,0.252255,1.99901
0,40,2.46892,17.1334,-0.310813,2.37564
0,40,2.47956,17.6205,-0.130617,2.26107
0,40,2.46742,18.1095,-0.136344,2.32617
0,40,2.47202,18.5909,-0.0741353,2.25883
0,40,2.47284,19.0702,-0.00187349,2.33034
0,40,2.47276,19.5449,0.00636956,2.25487
0,40,2.4732,20.0193,0.0527975,2.28034
0,40,2.47121,20.4894,0.108032,2.2392
0,40,2.47049,20.958,0.169586,2.22356
0,40,2.46816,21.4219,0.18746,2.27365
0,40,2.46416,21.8801,0.172796,2.22929
0,40,2.46088,22.3354,0.191755,2.27263
0,40,2.45621,22.7868,0.170768,2.30545
0,40,2.4565,23.2372,0.202585,2.39001
0,40,2.45561,23.6807,0.103143,2.42455
0,40,2.46024,24.1223,0.0971204,2.3868
0,40,2.45321,24.5604,-0.0694187,2.41199
0,40,2.45421,24.9973,-0.0949202,2.44968
0,40,2.44744,25.4269,-0.248208,2.45786
0,40,2.46019,25.8511,-0.163585,2.33211
0,40,2.46444,26.2588,-0.198305,2.42259
0,40,2.48081,26.6568,0.151398,2.41034
0,40,2.48325,27.0452,0.450113,2.14082
0,40,2.4603,27.4434,-0.540174,2.47056
0,40,2.52286,27.8165,0.0877968,2.44294
0,40,2.49837,28.1899,-0.35496,2.55399
0,40,2.44604,28.5773,-0.782565,2.54204
0,40,2.49814,28.9523,-0.227562,1.79989
0,40,2.3321,29.3577,1.08075,1.05001
0,40,2.7719,29.6028,1.14022,1.11994
0,40,2.34725,29.8448,2.4486,0.971658
0,40,2.43446,30.3238,-1.1307,0.856245
0,40,2.35669,30.8033,-0.0509054,0.672361
0,40,2.40653,31.2796,0.24372,-0.127021
0,40,2.84924,31.611,0.15434,0.841899
0,40,2.33535,31.7215,-0.343643,0.0518734
0,40,2.42469,32.2352,-0.1357,1.24245
0,40,2.98034,15.3967,-0.0445695,0.342672
0,40,2.96889,15.7736,-0.415653,-0.110912
0,40,2.99884,16.3565,0.504825,0.508957
0,40,2.9744,16.8119,-0.155326,0.32515
0,40,2.9907,17.2765,0.181079,0.59425
0,40,2.98199,17.7289,0.0879275,0.213991
0,40,2.98605,18.1816,0.140481,0.296071
0,40,2.9878,18.6225,0.198113,0.116299
0,40,2.98994,19.0688,0.194212,0.095155
0,40,2.98821,19.5073,0.190572,0.060421
0,40,2.98427,19.9498,0.133786,0.0722199
0,40,2.97936,20.3882,0.0959891,0.19115
0,40,2.97412,20.8279,0.111948,0.150489
0,40,2.97076,21.2643,0.0558831,0.170785
0,40,2.96995,21.6989,0.143649,0.193966
0,40,2.96352,22.1294,0.0715967,0.0531772
0,40,2.96238,22.5638,0.143802,0.13388
0,40,2.95197,22.9905,0.0586565,0.10453
0,40,2.95439,23.4261,0.0332516,0.336415
0,40,2.94948,23.8545,0.0275148,0.62007
0,40,2.95063,24.292,-0.0570191,0.999962
0,40,2.94297,24.7203,-0.0200271,1.3864
0,40,2.94136,25.1525,-0.16138,1.68327
0,40,2.94475,25.5744,-0.230941,1.81724
0,40,2.96795,25.998,-0.117067,1.56095
0,40,2.97706,26.4225,-0.0132793,1.65072
0,40,2.99933,26.843,0.289352,1.95362
0,40,2.98357,27.2595,-0.31669,2.44162
0,40,3.0268,27.6567,-0.0463117,2.04842
0,40,3.00866,28.1127,-0.148751,1.82573
0,40,2.9931,28.515,-0.323716,1.28632
0,40,2.98059,28.9311,0.441884,0.269838
0,40,2.94209,29.301,-0.684612,2.09973
0,40,3.11649,29.9123,1.68702,2.30737
0,40,2.74554,30.1451,-0.475365,0.765277
0,40,2.78549,30.7042,-0.898406,1.55021
0,40,2.81492,31.1334,0.602379,2.15834
0,40,3.22367,31.3433,0.922137,0.482794
0,40,2.79876,31.9559,-0.882327,0.598213
0,40,3.18474,32.0871,-0.572531,-0.77544
0,40,3.50344,15.4022,0.171533,0.839696
0,40,3.4899,15.8801,0.0432515,1.03577
0,40,3.49353,16.3781,-0.0889988,0.677557
0,40,3.49225,16.8563,0.0796751,1.0809
0,40,3.49839,17.3569,0.168521,1.1595
0,40,3.48963,17.8344,0.0842691,1.32844
0,40,3.4975,18.3229,0.0957763,1.35106
0,40,3.48916,18.8049,0.0358734,1.61615
0,40,3.49147,19.288,0.0593221,1.66641
0,40,3.48298,19.7707,0.00516052,1.79093
0,40,3.48002,20.2465,0.000646926,1.96697
0,40,3.4758,20.7184,-0.050629,1.88696
0,40,3.47196,21.1864,-0.00485171,1.88248
0,40,3.47021,21.6468,-0.022896,1.68581
0,40,3.46779,22.1076,0.131137,1.46556
0,40,3.46381,22.5533,0.0559857,1.16912
0,40,3.46475,22.9979,0.202587,0.90245
0,40,3.4604,23.4212,0.0679403,0.71299
0,40,3.46703,23.8482,0.141554,0.54282
0,40,3.45846,24.2585,-0.0716139,0.568375
0,40,3.45995,24.6756,0.0584375,0.558186
0,40,3.44439,25.0838,-0.216639,0.686712
0,40,3.44787,25.504,-0.127979,1.0086
0,40,3.45826,25.9128,-0.18116,1.05341
0,40,3.46259,26.3429,-0.256296,1.59765
0,40,3.50002,26.7408,0.0143747,1.48799
0,40,3.47925,27.1597,-0.190392,1.76135
0,40,3.50614,27.5755,0.150296,1.53019
0,40,3.46247,28.0099,-0.118462,1.68151
0,40,3.49317,28.4353,0.0392827,1.9877
0,40,3.50074,28.8194,-0.269284,1.78755
0,40,3.50885,29.1954,-0.657083,1.26548
0,40,3.42024,29.5718,-0.365785,-0.0103146
0,40,3.54831,30.02,-0.476151,1.22434
0,40,3.17449,30.3801,-1.46744,1.35369
0,40,3.60412,30.6494,-0.382884,0.280867
0,40,3.22991,30.7938,-1.74565,-0.439698
0,40,3.52377,31.2653,0.260555,-0.880461
0,40,3.48124,31.7616,0.488007,-0.290243
0,40,3.65371,32.1763,-1.55835,-0.430919
0,40,3.99291,15.3973,-0.0891185,0.646399
0,40,3.98817,15.8623,-0.162418,0.812703
0,40,3.98857,16.3705,0.131551,0.727109
0,40,3.98939,16.8467,0.0460387,0.781433
0,40,3.98825,17.3307,0.0312015,0.826212
0,40,3.98359,17.8026,0.0317348,0.817803
0,40,3.98528,18.2702,0.0564021,0.594387
0,40,3.98021,18.734,0.0315986,0.657005
0,40,3.98203,19.1881,0.0886739,0.479718
0,40,3.97804,19.6389,0.0526737,0.222111
0,40,3.97653,20.0805,0.0118458,0.227987
0,40,3.9819,20.5149,0.094516,-0.00449438
0,40,3.97258,20.9453,-0.0860196,-0.130448
0,40,3.98652,21.3741,0.126575,-0.08778
0,40,3.96727,21.8,-0.124299,-0.152037
0,40,3.98663,22.2299,0.0841189,-0.0812787
0,40,3.96455,22.6568,-0.105862,0.0361857
0,40,3.98572,23.0882,-0.0243435,0.298594
0,40,3.96748,23.5183,0.0143993,0.575846
0,40,3.97793,23.9571,-0.0155171,0.845173
0,40,3.958,24.3941,-0.00600469,1.12914
0,40,3.95786,24.8346,0.0497519,1.31708
0,40,3.93351,25.2716,-0.190456,1.37131
0,40,3.96134,25.6948,0.464058,1.24336
0,40,3.93541,26.1265,-0.48988,1.26946
0,40,4.01139,26.5337,0.863944,0.942133
0,40,3.96401,26.9655,-0.234125,0.933104
0,40,4.00162,27.3742,0.395489,0.841294
0,40,3.95777,27.798,-0.276007,1.10499
0,40,3.97983,28.1853,-0.459331,0.946969
0,40,3.99381,28.5968,-0.0747613,0.719219
0,40,4.01875,29.018,-0.123063,0.370156
0,40,3.90246,29.4724,-0.0967329,0.897329
0,40,4.0723,29.8147,-0.497203,0.170026
0,40,3.82857,30.2249,0.345678,-0.0878649
0,40,4.13199,30.5484,-0.332844,0.151912
0,40,3.8949,30.9553,-0.459981,-0.723207
0,40,3.97815,31.4218,-0.825196,0.151199
0,40,3.97534,31.767,0.744506,0.421093
0,40,4.23081,32.1913,-1.36351,0.466998
0,40,4.49655,15.3955,0.0082049,0.7402
0,40,4.49442,15.8708,0.0723879,1.013
0,40,4.49625,16.3737,0.0728706,0.857188
0,40,4.49251,16.848,0.143834,0.845599
0,40,4.49451,17.339,0.193224,0.99532
0,40,4.49259,17.8091,0.159876,0.987606
0,40,4.49406,18.2869,0.173332,0.881037
0,40,4.4923,18.7558,0.0700497,1.10047
0,40,4.49322,19.2242,0.0610008,1.132
0,40,4.49112,19.6934,-0.076548,1.18077
0,40,4.49091,20.1613,-0.131853,1.53431
0,40,4.49249,20.627,-0.257064,1.55373
0,40,4.4879,21.0973,-0.342404,1.76249
0,40,4.4907,21.5611,-0.417239,1.89524
0,40,4.48197,22.021,-0.399841,1.70469
0,40,4.48903,22.4749,-0.340567,1.62681
0,40,4.48181,22.9154,-0.204175,1.31357
0,40,4.49586,23.3515,0.0271285,1.16374
0,40,4.47902,23.7693,-0.121533,0.946036
0,40,4.5038,24.1843,0.4832,0.880819
0,40,4.45309,24.58,-0.514603,0.919302
0,40,4.51384,24.971,0.972127,0.987024
0,40,4.4125,25.3505,-1.0815,1.05513
0,40,4.55302,25.7339,1.51575,1.20221
0,40,4.39026,26.1038,-0.975435,1.04616
0,40,4.58079,26.4872,1.28881,0.942195
0,40,4.42866,26.8706,-0.386715,1.11221
0,40,4.52193,27.2724,0.344426,1.31426
0,40,4.4601,27.6693,-0.394698,1.46712
0,40,4.49364,28.0666,0.0397806,1.22194
0,40,4.47279,28.4709,-0.221112,0.991147
0,40,4.4802,28.8902,-0.0461436,1.15881
0,40,4.40611,29.3126,-1.15105,1.00108
0,40,4.52463,29.6943,0.443428,0.940885
0,40,4.38701,30.1504,-0.276478,0.923195
0,40,4.56227,30.5754,0.086287,1.28621
0,40,4.31611,31.0353,-0.346872,0.618278
0,40,4.5504,31.3965,-0.891189,-0.478446
0,40,4.43192,31.8177,0.0694721,1.33618
0,40,4.84231,32.2451,0.0783865,0.929556
0,40,4.99768,15.3928,-0.0171926,0.695567
0,40,4.99571,15.8649,-0.0375136,0.93373
0,40,4.99439,16.3695,-0.0267072,0.869983
0,40,4.9943,16.8469,-0.00439294,0.859881
0,40,4.99094,17.3352,0.0101499,0.938862
0,40,4.99144,17.8055,0.0374971,0.947786
0,40,4.98992,18.2804,0.0744918,0.682742
0,40,4.98845,18.7465,0.0369008,0.88728
0,40,4.989,19.2086,0.0300146,0.70266
0,40,4.9876,19.6687,-0.0617406,0.571318
0,40,4.98604,20.123,-0.147894,0.627665
0,40,4.98921,20.5692,-0.190311,0.441846
0,40,4.98351,21.016,-0.270171,0.345689
0,40,4.99398,21.4523,-0.226978,0.364274
0,40,4.98117,21.8898,-0.36261,0.25811
0,40,4.9975,22.3226,-0.21833,0.29297
0,40,4.98177,22.7601,-0.276235,0.428501
0,40,4.9963,23.1988,-0.236896,0.678954
0,40,4.98225,23.648,-0.0895533,1.1194
0,40,4.99202,24.1031,-0.0123812,1.56262
0,40,4.97999,24.5633,-0.00332044,1.96473
0,40,4.99452,25.0175,0.219982,1.87602
0,40,4.98093,25.4578,0.0299693,1.64764
0,40,5.00096,25.9008,0.245245,1.67011
0,40,5.00144,26.3109,0.399892,1.31111
0,40,5.00968,26.7619,0.138655,1.65762
0,40,4.99826,27.1442,0.111471,1.19653
0,40,5.00141,27.5599,-0.0435404,1.20252
0,40,4.98881,27.9467,-0.0177186,0.971297
0,40,4.98237,28.3529,-0.141549,1.1334
0,40,4.96686,28.7429,-0.354881,0.916937
0,40,4.92899,29.1526,-0.774477,1.1705
0,40,5.00135,29.5034,0.0915656,0.589235
0,40,4.90318,29.9358,-0.775589,0.784566
0,40,4.93077,30.3114,-0.254669,1.04734
0,40,5.13693,30.6323,0.0101111,0.41568
0,40,4.78241,30.9936,0.515766,1.1511
0,40,5.07827,31.1922,0.803352,-0.327671
0,40,4.86418,31.7692,-1.53413,0.00982528
0,40,5.4392,32.2083,0.0830742,-0.694104
0,40,5.49858,15.3935,0.0125658,0.763347
0,40,5.49701,15.8677,0.0685069,0.987734
0,40,5.49836,16.3705,0.0754204,0.886787
0,40,5.49736,16.8453,0.114453,0.906863
0,40,5.49776,17.3343,0.11519,0.967703
0,40,5.4977,17.8071,0.0723957,1.00656
0,40,5.49754,18.2805,0.143184,0.802628
0,40,5.49749,18.7511,0.0634394,0.905036
0,40,5.49718,19.2161,-0.0148838,0.870813
0,40,5.49713,19.6819,-0.0733531,0.813296
0,40,5.49555,20.1455,-0.14866,1.03384
0,40,5.49816,20.6076,-0.213946,1.20213
0,40,5.49541,21.0698,-0.210515,1.27173
0,40,5.49947,21.531,-0.280696,1.5699
0,40,5.49577,21.9818,-0.252494,1.46268
0,40,5.50115,22.4318,-0.182513,1.433
0,40,5.49501,22.8605,-0.187646,1.11837
0,40,5.50433,23.2851,-0.00553836,0.870633
0,40,5.48895,23.6894,-0.209678,0.618998
0,40,5.50589,24.0869,0.245413,0.27978
0,40,5.47337,24.4827,-0.419476,0.366453
0,40,5.51414,24.8667,0.6077,0.220041
0,40,5.46072,25.2738,-0.41091,0.52763
0,40,5.51825,25.6629,0.506312,0.614803
0,40,5.48133,26.0778,0.26487,0.671679
0,40,5.5098,26.4857,0.143159,1.04487
0,40,5.50647,26.8965,0.3939,0.91901
0,40,5.50393,27.3136,0.0275003,1.12174
0,40,5.5062,27.7199,0.148633,1.06095
0,40,5.48929,28.124,-0.0652133,0.865932
0,40,5.49056,28.5181,-0.160485,0.66683
0,40,5.46156,28.9071,-0.299278,0.430546
0,40,5.48783,29.2694,-0.217713,0.122201
0,40,5.47204,29.6833,-0.172814,0.225857
0,40,5.41996,30.0304,-0.398854,0.0284846
0,40,5.54478,30.409,-0.335732,0.00977133
0,40,5.50965,30.8927,1.11447,-0.556114
0,40,5.52273,31.2944,-0.545717,0.840298
0,40,5.1767,31.6948,-1.36077,0.682478
0,40,5.54454,31.7902,-0.999891,0.244161
0,40,6,15.3907,6.23547e-12,0.762494
0,40,6,15.865,5.09404e-12,0.972207
0,40,6,16.37,-6.08693e-11,0.919604
0,40,6,16.8466,-9.88e-11,0.909943
0,40,6,17.3355,-1.49261e-10,0.906192
0,40,6,17.8062,-1.61103e-10,0.994549
0,40,6,18.2807,-8.99764e-11,0.768428
0,40,6,18.7473,1.3993e-10,0.718217
0,40,6,19.2109,-2.48778e-10,0.6819
0,40,6,19.6702,-1.68376e-11,0.516608
0,40,6,20.1278,1.86383e-10,0.556554
0,40,6,20.5776,-1.85988e-10,0.57255
0,40,6,21.0263,6.51487e-11,0.457631
0,40,6,21.4696,-5.29051e-11,0.54117
0,40,6,21.9119,-1.21547e-10,0.644622
0,40,6,22.3509,3.0561e-11,0.694505
0,40,6,22.7968,-1.87117e-11,0.958295
0,40,6,23.2417,-1.30781e-10,1.27844
0,40,6,23.6923,1.18104e-10,1.67411
0,40,6,24.1475,-2.93152e-11,2.09763
0,40,6,24.5887,1.71385e-11,2.03892
0,40,6,25.039,-2.3946e-11,2.16773
0,40,6,25.4499,-5.64796e-13,1.54356
0,40,6,25.8912,-4.77854e-11,1.73449
0,40,6,26.294,-1.70512e-11,1.44934
0,40,6,26.7241,2.32783e-11,1.4776
0,40,6,27.1399,9.05888e-12,1.72106
0,40,6,27.5549,-7.89058e-12,1.62393
0,40,6,27.9637,-3.30292e-11,1.65525
0,40,6,28.363,-2.48507e-11,1.73232
0,40,6,28.7446,8.53156e-12,1.34442
0,40,6,29.1266,1.86861e-11,1.30108
0,40,6,29.5061,3.02562e-11,1.09442
0,40,6,29.8628,8.29678e-13,0.775846
0,40,6,30.2231,3.78791e-11,0.839265
0,40,6,30.6393,-2.92756e-11,0.518243
0,40,6,30.999,-5.71545e-12,0.879519
0,40,6,31.4155,5.0005e-12,0.920028
0,40,6,31.7626,3.90582e-12,-1.12579
0,40,6,32.1887,4.35944e-11,0.0563896
0,40,6.50142,15.3935,-0.0125658,0.763347
0,40,6.50299,15.8677,-0.0685069,0.987734
0,40,6.50164,16.3705,-0.0754204,0.886787
0,40,6.50264,16.8453,-0.114453,0.906863
0,40,6.50224,17.3343,-0.11519,0.967703
0,40,6.5023,17.8071,-0.0723957,1.00656
0,40,6.50246,18.2805,-0.143184,0.802628
0,40,6.50251,18.7511,-0.0634394,0.905036
0,40,6.50282,19.2161,0.0148838,0.870813
0,40,6.50287,19.6819,0.0733531,0.813296
0,40,6.50445,20.1455,0.14866,1.03384
0,40,6.50184,20.6076,0.213946,1.20213
0,40,6.50459,21.0698,0.210515,1.27173
0,40,6.50053,21.531,0.280696,1.5699
0,40,6.50423,21.9818,0.252494,1.46268
0,40,6.49885,22.4318,0.182513,1.433
0,40,6.50499,22.8605,0.187646,1.11837
0,40,6.49567,23.2851,0.00553836,0.870633
0,40,6.51105,23.6894,0.209678,0.618998
0,40,6.49411,24.0869,-0.245413,0.27978
0,40,6.52663,24.4827,0.419476,0.366453
0,40,6.48586,24.8667,-0.6077,0.220041
0,40,6.53928,25.2738,0.41091,0.52763
0,40,6.48175,25.6629,-0.506312,0.614803
0,40,6.51867,26.0778,-0.26487,0.671679
0,40,6.4902,26.4857,-0.143159,1.04487
0,40,6.49353,26.8965,-0.3939,0.91901
0,40,6.49607,27.3136,-0.0275003,1.12174
0,40,6.4938,27.7199,-0.148633,1.06095
0,40,6.51071,28.124,0.0652133,0.865932
0,40,6.50944,28.5181,0.160485,0.66683
0,40,6.53844,28.9071,0.299278,0.430546
0,40,6.51217,29.2694,0.217713,0.122201
0,40,6.52796,29.6833,0.172814,0.225857
0,40,6.58004,30.0304,0.398854,0.0284846
0,40,6.45522,30.409,0.335732,0.00977133
0,40,6.49035,30.8927,-1.11447,-0.556114
0,40,6.47727,31.2944,0.545717,0.840298
0,40,6.8233,31.6948,1.36077,0.682478
0,40,6.45546,31.7902,0.999891,0.244161
0,40,7.00232,15.3928,0.0171926,0.695567
0,40,7.00429,15.8649,0.0375136,0.93373
0,40,7.00561,16.3695,0.0267072,0.869983
0,40,7.0057,16.8469,0.00439294,0.859881
0,40,7.00906,17.3352,-0.0101499,0.938862
0,40,7.00856,17.8055,-0.0374971,0.947786
0,40,7.01008,18.2804,-0.0744918,0.682742
0,40,7.01155,18.7465,-0.0369008,0.88728
0,40,7.011,19.2086,-0.0300146,0.70266
0,40,7.0124,19.6687,0.0617406,0.571318
0,40,7.01396,20.123,0.147894,0.627665
0,40,7.01079,20.5692,0.190311,0.441846
0,40,7.01649,21.016,0.270171,0.345689
0,40,7.00602,21.4523,0.226978,0.364274
0,40,7.01883,21.8898,0.36261,0.25811
0,40,7.0025,22.3226,0.21833,0.29297
0,40,7.01823,22.7601,0.276235,0.428501
0,40,7.0037,23.1988,0.236896,0.678954
0,40,7.01775,23.648,0.0895533,1.1194
0,40,7.00798,24.1031,0.0123812,1.56262
0,40,7.02001,24.5633,0.00332044,1.96473
0,40,7.00548,25.0175,-0.219982,1.87602
0,40,7.01907,25.4578,-0.0299693,1.64764
0,40,6.99904,25.9008,-0.245245,1.67011
0,40,6.99856,26.3109,-0.399892,1.31111
0,40,6.99032,26.7619,-0.138655,1.65762
0,40,7.00174,27.1442,-0.111471,1.19653
0,40,6.99859,27.5599,0.0435404,1.20252
0,40,7.01119,27.9467,0.0177186,0.971297
0,40,7.01763,28.3529,0.141549,1.1334
0,40,7.03314,28.7429,0.354881,0.916937
0,40,7.07101,29.1526,0.774477,1.1705
0,40,6.99865,29.5034,-0.0915656,0.589235
0,40,7.09682,29.9358,0.775589,0.784566
0,40,7.06923,30.3114,0.254669,1.04734
0,40,6.86307,30.6323,-0.0101111,0.41568
0,40,7.21759,30.9936,-0.515766,1.1511
0,40,6.92173,31.1922,-0.803352,-0.327671
0,40,7.13582,31.7692,1.53413,0.00982528
0,40,6.5608,32.2083,-0.0830742,-0.694104
0,40,7.50345,15.3955,-0.0082049,0.7402
0,40,7.50558,15.8708,-0.0723879,1.013
0,40,7.50375,16.3737,-0.0728706,0.857188
0,40,7.50749,16.848,-0.143834,0.845599
0,40,7.50549,17.339,-0.193224,0.99532
0,40,7.50741,17.8091,-0.159876,0.987606
0,40,7.50594,18.2869,-0.173332,0.881037
0,40,7.5077,18.7558,-0.0700497,1.10047
0,40,7.50678,19.2242,-0.0610008,1.132
0,40,7.50888,19.6934,0.076548,1.18077
0,40,7.50909,20.1613,0.131853,1.53431
0,40,7.50751,20.627,0.257064,1.55373
0,40,7.5121,21.0973,0.342404,1.76249
0,40,7.5093,21.5611,0.417239,1.89524
0,40,7.51803,22.021,0.399841,1.70469
0,40,7.51097,22.4749,0.340567,1.62681
0,40,7.51819,22.9154,0.204175,1.31357
0,40,7.50414,23.3515,-0.0271285,1.16374
0,40,7.52098,23.7693,0.121533,0.946036
0,40,7.4962,24.1843,-0.4832,0.880819
0,40,7.54691,24.58,0.514603,0.919302
0,40,7.48616,24.971,-0.972127,0.987024
0,40,7.5875,25.3505,1.0815,1.05513
0,40,7.44698,25.7339,-1.51575,1.20221
0,40,7.60974,26.1038,0.975435,1.04616
0,40,7.41921,26.4872,-1.28881,0.942195
0,40,7.57134,26.8706,0.386715,1.11221
0,40,7.47807,27.2724,-0.344426,1.31426
0,40,7.5399,27.6693,0.394698,1.46712
0,40,7.50636,28.0666,-0.0397806,1.22194
0,40,7.52721,28.4709,0.221112,0.991147
0,40,7.5198,28.8902,0.0461436,1.15881
0,40,7.59389,29.3126,1.15105,1.00108
0,40,7.47537,29.6943,-0.443428,0.940885
0,40,7.61299,30.1504,0.276478,0.923195
0,40,7.43773,30.5754,-0.086287,1.28621
0,40,7.68389,31.0353,0.346872,0.618278
0,40,7.4496,31.3965,0.891189,-0.478446
0,40,7.56808,31.8177,-0.0694721,1.33618
0,40,7.15769,32.2451,-0.0783865,0.929556
0,40,8.00709,15.3973,0.0891185,0.646399
0,40,8.01183,15.8623,0.162418,0.812703
0,40,8.01143,16.3705,-0.131551,0.727109
0,40,8.01061,16.8467,-0.0460387,0.781433
0,40,8.01175,17.3307,-0.0312015,0.826212
0,40,8.01641,17.8026,-0.0317348,0.817803
0,40,8.01472,18.2702,-0.0564021,0.594387
0,40,8.01979,18.734,-0.0315986,0.657005
0,40,8.01797,19.1881,-0.0886739,0.479718
0,40,8.02196,19.6389,-0.0526737,0.222111
0,40,8.02347,20.0805,-0.0118458,0.227987
0,40,8.0181,20.5149,-0.094516,-0.00449438
0,40,8.02742,20.9453,0.0860196,-0.130448
0,40,8.01348,21.3741,-0.126575,-0.08778
0,40,8.03273,21.8,0.124299,-0.152037
0,40,8.01337,22.2299,-0.0841189,-0.0812787
0,40,8.03545,22.6568,0.105862,0.0361857
0,40,8.01428,23.0882,0.0243435,0.298594
0,40,8.03252,23.5183,-0.0143993,0.575846
0,40,8.02207,23.9571,0.0155171,0.845173
0,40,8.042,24.3941,0.00600469,1.12914
0,40,8.04214,24.8346,-0.0497519,1.31708
0,40,8.06649,25.2716,0.190456,1.37131
0,40,8.03866,25.6948,-0.464058,1.24336
0,40,8.06459,26.1265,0.48988,1.26946
0,40,7.98861,26.5337,-0.863944,0.942133
0,40,8.03599,26.9655,0.234125,0.933104
0,40,7.99838,27.3742,-0.395489,0.841294
0,40,8.04223,27.798,0.276007,1.10499
0,40,8.02017,28.1853,0.459331,0.946969
0,40,8.00619,28.5968,0.0747613,0.719219
0,40,7.98125,29.018,0.123063,0.370156
0,40,8.09754,29.4724,0.0967329,0.897329
0,40,7.9277,29.8147,0.497203,0.170026
0,40,8.17143,30.2249,-0.345678,-0.0878649
0,40,7.86801,30.5484,0.332844,0.151912
0,40,8.1051,30.9553,0.459981,-0.723207
0,40,8.02185,31.4218,0.825196,0.151199
0,40,8.02466,31.767,-0.744506,0.421093
0,40,7.76919,32.1913,1.36351,0.466998
0,40,8.49656,15.4022,-0.171533,0.839696
0,40,8.5101,15.8801,-0.0432515,1.03577
0,40,8.50647,16.3781,0.0889988,0.677557
0,40,8.50775,16.8563,-0.0796751,1.0809
0,40,8.50161,17.3569,-0.168521,1.1595
0,40,8.51037,17.8344,-0.0842691,1.32844
0,40,8.5025,18.3229,-0.0957763,1.35106
0,40,8.51084,18.8049,-0.0358734,1.61615
0,40,8.50853,19.288,-0.0593221,1.66641
0,40,8.51702,19.7707,-0.00516052,1.79093
0,40,8.51998,20.2465,-0.000646926,1.96697
0,40,8.5242,20.7184,0.050629,1.88696
0,40,8.52804,21.1864,0.00485171,1.88248
0,40,8.52979,21.6468,0.022896,1.68581
0,40,8.53221,22.1076,-0.131137,1.46556
0,40,8.53619,22.5533,-0.0559857,1.16912
0,40,8.53525,22.9979,-0.202587,0.90245
0,40,8.5396,23.4212,-0.0679403,0.71299
0,40,8.53297,23.8482,-0.141554,0.54282
0,40,8.54154,24.2585,0.0716139,0.568375
0,40,8.54005,24.6756,-0.0584375,0.558186
0,40,8.55561,25.0838,0.216639,0.686712
0,40,8.55213,25.504,0.127979,1.0086
0,40,8.54174,25.9128,0.18116,1.05341
0,40,8.53741,26.3429,0.256296,1.59765
0,40,8.49998,26.7408,-0.0143747,1.48799
0,40,8.52075,27.1597,0.190392,1.76135
0,40,8.49386,27.5755,-0.150296,1.53019
0,40,8.53753,28.0099,0.118462,1.68151
0,40,8.50683,28.4353,-0.0392827,1.9877
0,40,8.49926,28.8194,0.269284,1.78755
0,40,8.49115,29.1954,0.657083,1.26548
0,40,8.57976,29.5718,0.365785,-0.0103146
0,40,8.45169,30.02,0.476151,1.22434
0,40,8.82551,30.3801,1.46744,1.35369
0,40,8.39588,30.6494,0.382884,0.280867
0,40,8.77009,30.7938,1.74565,-0.439698
0,40,8.47623,31.2653,-0.260555,-0.880461
0,40,8.51876,31.7616,-0.488007,-0.290243
0,40,8.34629,32.1763,1.55835,-0.430919
0,40,9.01966,15.3967,0.0445695,0.342672
0,40,9.03111,15.7736,0.415653,-0.110912
0,40,9.00116,16.3565,-0.504825,0.508957
0,40,9.0256,16.8119,0.155326,0.32515
0,40,9.0093,17.2765,-0.181079,0.59425
0,40,9.01801,17.7289,-0.0879275,0.213991
0,40,9.01395,18.1816,-0.140481,0.296071
0,40,9.0122,18.6225,-0.198113,0.116299
0,40,9.01006,19.0688,-0.194212,0.095155
0,40,9.01179,19.5073,-0.190572,0.060421
0,40,9.01573,19.9498,-0.133786,0.0722199
0,40,9.02064,20.3882,-0.0959891,0.19115
0,40,9.02588,20.8279,-0.111948,0.150489
0,40,9.02924,21.2643,-0.0558831,0.170785
0,40,9.03005,21.6989,-0.143649,0.193966
0,40,9.03648,22.1294,-0.0715967,0.0531772
0,40,9.03762,22.5638,-0.143802,0.13388
0,40,9.04803,22.9905,-0.0586565,0.10453
0,40,9.04561,23.4261,-0.0332516,0.336415
0,40,9.05052,23.8545,-0.0275148,0.62007
0,40,9.04937,24.292,0.0570191,0.999962
0,40,9.05703,24.7203,0.0200271,1.3864
0,40,9.05864,25.1525,0.16138,1.68327
0,40,9.05525,25.5744,0.230941,1.81724
0,40,9.03205,25.998,0.117067,1.56095
0,40,9.02294,26.4225,0.0132793,1.65072
0,40,9.00067,26.843,-0.289352,1.95362
0,40,9.01643,27.2595,0.31669,2.44162
0,40,8.9732,27.6567,0.0463117,2.04842
0,40,8.99134,28.1127,0.148751,1.82573
0,40,9.0069,28.515,0.323716,1.28632
0,40,9.01941,28.9311,-0.441884,0.269838
0,40,9.05791,29.301,0.684612,2.09973
0,40,8.88351,29.9123,-1.68702,2.30737
0,40,9.25446,30.1451,0.475365,0.765277
0,40,9.21451,30.7042,0.898406,1.55021
0,40,9.18508,31.1334,-0.602379,2.15834
0,40,8.77633,31.3433,-0.922137,0.482794
0,40,9.20124,31.9559,0.882327,0.598213
0,40,8.81526,32.0871,0.572531,-0.77544
0,40,9.60014,15.673,-0.916883,2.04203
0,40,9.45521,16.1294,0.278,2.19703
0,40,9.52327,16.6285,-0.252255,1.99901
0,40,9.53108,17.1334,0.310813,2.37564
0,40,9.52044,17.6205,0.130617,2.26107
0,40,9.53258,18.1095,0.136344,2.32617
0,40,9.52798,18.5909,0.0741353,2.25883
0,40,9.52716,19.0702,0.00187349,2.33034
0,40,9.52724,19.5449,-0.00636956,2.25487
0,40,9.5268,20.0193,-0.0527975,2.28034
0,40,9.52879,20.4894,-0.108032,2.2392
0,40,9.52951,20.958,-0.169586,2.22356
0,40,9.53184,21.4219,-0.18746,2.27365
0,40,9.53584,21.8801,-0.172796,2.22929
0,40,9.53912,22.3354,-0.191755,2.27263
0,40,9.54379,22.7868,-0.170768,2.30545
0,40,9.5435,23.2372,-0.202585,2.39001
0,40,9.54439,23.6807,-0.103143,2.42455
0,40,9.53976,24.1223,-0.0971204,2.3868
0,40,9.54679,24.5604,0.0694187,2.41199
0,40,9.54579,24.9973,0.0949202,2.44968
0,40,9.55256,25.4269,0.248208,2.45786
0,40,9.53981,25.8511,0.163585,2.33211
0,40,9.53556,26.2588,0.198305,2.42259
0,40,9.51919,26.6568,-0.151398,2.41034
0,40,9.51675,27.0452,-0.450113,2.14082
0,40,9.5397,27.4434,0.540174,2.47056
0,40,9.47714,27.8165,-0.0877968,2.44294
0,40,9.50163,28.1899,0.35496,2.55399
0,40,9.55396,28.5773,0.782565,2.54204
0,40,9.50186,28.9523,0.227562,1.79989
0,40,9.6679,29.3577,-1.08075,1.05001
0,40,9.2281,29.6028,-1.14022,1.11994
0,40,9.65275,29.8448,-2.4486,0.971658
0,40,9.56554,30.3238,1.1307,0.856245
0,40,9.64331,30.8033,0.0509054,0.672361
0,40,9.59347,31.2796,-0.24372,-0.127021
0,40,9.15076,31.611,-0.15434,0.841899
0,40,9.66465,31.7215,0.343643,0.0518734
0,40,9.57531,32.2352,0.1357,1.24245
1,40,10,1.5,0,0
1,40,10.5,1.5,0,0
1,40,1.5,1.5,0,0
1,40,2,1.5,0,0
1,40,10,2,0,0
1,40,10.5,2,0,0
1,40,1.5,2,0,0
1,40,2,2,0,0
1,40,10,2.5,0,0
1,40,10.5,2.5,0,0
1,40,1.5,2.5,0,0
1,40,2,2.5,0,0
1,40,10,3,0,0
1,40,10.5,3,0,0
1,40,1.5,3,0,0
1,40,2,3,0,0
1,40,10,3.5,0,0
1,40,10.5,3.5,0,0
1,40,1.5,3.5,0,0
1,40,2,3.5,0,0
1,40,10,4,0,0
1,40,10.5,4,0,0
1,40,1.5,4,0,0
1,40,2,4,0,0
1,40,10,4.5,0,0
1,40,10.5,4.5,0,0
1,40,1.5,4.5,0,0
1,40,2,4.5,0,0
1,40,10,5,0,0
1,40,10.5,5,0,0
1,40,1.5,5,0,0
1,40,2,5,0,0
1,40,10,5.5,0,0
1,40,10.5,5.5,0,0
1,40,1.5,5.5,0,0
1,40,2,5.5,0,0
1,40,10,6,0,0
1,40,10.5,6,0,0
1,40,1.5,6,0,0
1,40,2,6,0,0
1,40,10,6.5,0,0
1,40,10.5,6.5,0,0
1,40,1.5,6.5,0,0
1,40,2,6.5,0,0
1,40,10,7,0,0
1,40,10.5,7,0,0
1,40,1.5,7,0,0
1,40,2,7,0,0
1,40,10,7.5,0,0
1,40,10.5,7.5,0,0
1,40,1.5,7.5,0,0
1,40,2,7.5,0,0
1,40,10,8,0,0
1,40,10.5,8,0,0
1,40,1.5,8,0,0
1,40,2,8,0,0
1,40,10,8.5,0,0
1,40,10.5,8.5,0,0
1,40,1.5,8.5,0,0
1,40,2,8.5,0,0
1,40,10,9,0,0
1,40,10.5,9,0,0
1,40,1.5,9,0,0
1,40,2,9,0,0
1,40,10,9.5,0,0
1,40,10.5,9.5,0,0
1,40,1.5,9.5,0,0
1,40,2,9.5,0,0
1,40,10,10,0,0
1,40,10.5,10,0,0
1,40,1.5,10,0,0
1,40,2,10,0,0
1,40,10,10.5,0,0
1,40,10.5,10.5,0,0
1,40,1.5,10.5,0,0
1,40,2,10.5,0,0
1,40,10,11,0,0
1,40,10.5,11,0,0
1,40,1.5,11,0,0
1,40,2,11,0,0
1,40,10,11.5,0,0
1,40,10.5,11.5,0,0
1,40,1.5,11.5,0,0
1,40,2,11.5,0,0
1,40,10,12,0,0
1,40,10.5,12,0,0
1,40,1.5,12,0,0
1,40,2,12,0,0
1,40,10,12.5,0,0
1,40,10.5,12.5,0,0
1,40,1.5,12.5,0,0
1,40,2,12.5,0,0
1,40,10,13,0,0
1,40,10.5,13,0,0
1,40,1.5,13,0,0
1,40,2,13,0,0
1,40,10,13.5,0,0
1,40,10.5,13.5,0,0
1,40,1.5,13.5,0,0
1,40,2,13.5,0,0
1,40,10,14,0,0
1,40,10.5,14,0,0
1,40,1.5,14,0,0
1,40,2,14,0,0
1,40,10,14.5,0,0
1,40,10.5,14.5,0,0
1,40,1.5,14.5,0,0
1,40,2,14.5,0,0
1,40,10,15,0,0
1,40,10.5,15,0,0
1,40,1.5,15,0,0
1,40,2,15,0,0
1,40,10,15.5,0,0
1,40,10.5,15.5,0,0
1,40,1.5,15.5,0,0
1,40,2,15.5,0,0
1,40,10,16,0,0
1,40,10.5,16,0,0
1,40,1.5,16,0,0
1,40,2,16,0,0
1,40,10,16.5,0,0
1,40,10.5,16.5,0,0
1,40,1.5,16.5,0,0
1,40,2,16.5,0,0
1,40,10,17,0,0
1,40,10.5,17,0,0
1,40,1.5,17,0,0
1,40,2,17,0,0
1,40,10,17.5,0,0
1,40,10.5,17.5,0,0
1,40,1.5,17.5,0,0
1,40,2,17.5,0,0
1,40,10,18,0,0
1,40,10.5,18,0,0
1,40,1.5,18,0,0
1,40,2,18,0,0
1,40,10,18.5,0,0
1,40,10.5,18.5,0,0
1,40,1.5,18.5,0,0
1,40,2,18.5,0,0
1,40,10,19,0,0
1,40,10.5,19,0,0
1,40,1.5,19,0,0
1,40,2,19,0,0
1,40,10,19.5,0,0
1,40,10.5,19.5,0,0
1,40,1.5,19.5,0,0
1,40,2,19.5,0,0
1,40,10,20,0,0
1,40,10.5,20,0,0
1,40,1.5,20,0,0
1,40,2,20,0,0
1,40,10,20.5,0,0
1,40,10.5,20.5,0,0
1,40,1.5,20.5,0,0
1,40,2,20.5,0,0
1,40,10,21,0,0
1,40,10.5,21,0,0
1,40,1.5,21,0,0
1,40,2,21,0,0
1,40,10,21.5,0,0
1,40,10.5,21.5,0,0
1,40,1.5,21.5,0,0
1,40,2,21.5,0,0
1,40,10,22,0,0
1,40,10.5,22,0,0
1,40,1.5,22,0,0
1,40,2,22,0,0
1,40,10,22.5,0,0
1,40,10.5,22.5,0,0
1,40,1.5,22.5,0,0
1,40,2,22.5,0,0
1,40,10,23,0,0
1,40,10.5,23,0,0
1,40,1.5,23,0,0
1,40,2,23,0,0
1,40,10,23.5,0,0
1,40,10.5,23.5,0,0
1,40,1.5,23.5,0,0
1,40,2,23.5,0,0
1,40,10,24,0,0
1,40,10.5,24,0,0
1,40,1.5,24,0,0
1,40,2,24,0,0
1,40,10,24.5,0,0
1,40,10.5,24.5,0,0
1,40,1.5,24.5,0,0
1,40,2,24.5,0,0
1,40,10,25,0,0
1,40,10.5,25,0,0
1,40,1.5,25,0,0
1,40,2,25,0,0
1,40,10,25.5,0,0
1,40,10.5,25.5,0,0
1,40,1.5,25.5,0,0
1,40,2,25.5,0,0
1,40,10,26,0,0
1,40,10.5,26,0,0
1,40,1.5,26,0,0
1,40,2,26,0,0
1,40,10,26.5,0,0
1,40,10.5,26.5,0,0
1,40,1.5,26.5,0,0
1,40,2,26.5,0,0
1,40,10,27,0,0
1,40,10.5,27,0,0
1,40,1.5,27,0,0
1,40,2,27,0,0
1,40,10,27.5,0,0
1,40,10.5,27.5,0,0
1,40,1.5,27.5,0,0
1,40,2,27.5,0,0
1,40,10,28,0,0
1,40,10.5,28,0,0
1,40,1.5,28,0,0
1,40,2,28,0,0
1,40,10,28.5,0,0
1,40,10.5,28.5,0,0
1,40,1.5,28.5,0,0
1,40,2,28.5,0,0
1,40,10,29,0,0
1,40,10.5,29,0,0
1,40,1.5,29,0,0
1,40,2,29,0,0
1,40,10,29.5,0,0
1,40,10.5,29.5,0,0
1,40,1.5,29.5,0,0
1,40,2,29.5,0,0
1,40,10,30,0,0
1,40,10.5,30,0,0
1,40,1.5,30,0,0
1,40,2,30,0,0
1,40,10,30.5,0,0
1,40,10.5,30.5,0,0
1,40,1.5,30.5,0,0
1,40,2,30.5,0,0
1,40,10,31,0,0
1,40,10.5,31,0,0
1,40,1.5,31,0,0
1,40,2,31,0,0
1,40,10,31.5,0,0
1,40,10.5,31.5,0,0
1,40,1.5,31.5,0,0
1,40,2,31.5,0,0
1,40,10,32,0,0
1,40,10.5,32,0,0
1,40,1.5,32,0,0
1,40,2,32,0,0
1,40,10,32.5,0,0
1,40,10.5,32.5,0,0
1,40,1.5,32.5,0,0
1,40,2,32.5,0,0
1,40,10,33,0,0
1,40,10.5,33,0,0
1,40,1.5,33,0,0
1,40,2,33,0,0
1,40,2.5,1.5,0,0
1,40,2.5,2,0,0
1,40,2.5,32.5,0,0
1,40,2.5,33,0,0
1,40,3,1.5,0,0
1,40,3,2,0,0
1,40,3,32.5,0,0
1,40,3,33,0,0
1,40,3.5,1.5,0,0
1,40,3.5,2,0,0
1,40,3.5,32.5,0,0
1,40,3.5,33,0,0
1,40,4,1.5,0,0
1,40,4,2,0,0
1,40,4,32.5,0,0
1,40,4,33,0,0
1,40,4.5,1.5,0,0
1,40,4.5,2,0,0
1,40,4.5,32.5,0,0
1,40,4.5,33,0,0
1,40,5,1.5,0,0
1,40,5,2,0,0
1,40,5,32.5,0,0
1,40,5,33,0,0
1,40,5.5,1.5,0,0
1,40,5.5,2,0,0
1,40,5.5,32.5,0,0
1,40,5.5,33,0,0
1,40,6,1.5,0,0
1,40,6,2,0,0
1,40,6,32.5,0,0
1,40,6,33,0,0
1,40,6.5,1.5,0,0
1,40,6.5,2,0,0
1,40,6.5,32.5,0,0
1,40,6.5,33,0,0
1,40,7,1.5,0,0
1,40,7,2,0,0
1,40,7,32.5,0,0
1,40,7,33,0,0
1,40,7.5,1.5,0,0
1,40,7.5,2,0,0
1,40,7.5,32.5,0,0
1,40,7.5,33,0,0
1,40,8,1.5,0,0
1,40,8,2,0,0
1,40,8,32.5,0,0
1,40,8,33,0,0
1,40,8.5,1.5,0,0
1,40,8.5,2,0,0
1,40,8.5,32.5,0,0
1,40,8.5,33,0,0
1,40,9,1.5,0,0
1,40,9,2,0,0
1,40,9,32.5,0,0
1,40,9,33,0,0
1,40,9.5,1.5,0,0
1,40,9.5,2,0,0
1,40,9.5,32.5,0,0
1,40,9.5,33,0,0
