916 2 0.5 203000 0 2 0 1e-05 0 9.81 45 45
0,40,2.49956,12.5401,-0.00592077,0.880604
0,40,2.50058,13.0401,0.0083348,0.880875
0,40,2.49995,13.5413,-0.00222747,0.884546
0,40,2.50029,14.0412,0.0063235,0.884292
0,40,2.50001,14.542,-0.000545147,0.89361
0,40,2.50008,15.042,0.00359733,0.893806
0,40,2.49999,15.5424,-0.000510969,0.906936
0,40,2.5,16.0424,0.000105074,0.907193
0,40,2.49998,16.5424,-0.00114925,0.911646
0,40,2.49998,17.0424,-0.00111283,0.911727
0,40,2.49998,17.5424,-0.00132625,0.912494
0,40,2.49998,18.0424,-0.00132699,0.912506
0,40,2.49998,18.5424,-0.00135002,0.912589
0,40,2.49998,19.0424,-0.00135031,0.91259
0,40,2.49998,19.5424,-0.00135202,0.912596
0,40,2.49998,20.0424,-0.00135205,0.912596
0,40,2.49998,20.5424,-0.00135214,0.912596
0,40,2.49998,21.0424,-0.00135214,0.912596
0,40,2.49998,21.5424,-0.00135215,0.912596
0,40,2.49998,22.0424,-0.00135215,0.912596
0,40,2.49998,22.5424,-0.00135215,0.912596
0,40,2.49998,23.0424,-0.00135215,0.912596
0,40,2.49998,23.5424,-0.00135215,0.912596
0,40,2.49998,24.0424,-0.00135215,0.912596
0,40,2.49998,24.5424,-0.00135219,0.912596
0,40,2.49998,25.0424,-0.0013522,0.912596
0,40,2.49998,25.5424,-0.00135309,0.912593
0,40,2.49998,26.0424,-0.00135333,0.912592
0,40,2.49998,26.5424,-0.00136998,0.912533
0,40,2.49998,27.0424,-0.00137292,0.912521
0,40,2.49997,27.5424,-0.00160206,0.911701
0,40,2.49997,28.0424,-0.0016134,0.911554
0,40,2.49995,28.5423,-0.0038238,0.903575
0,40,2.49995,29.0423,-0.00353345,0.902266
0,40,2.49976,29.5416,-0.0175084,0.852373
0,40,2.49982,30.0415,-0.0118466,0.844034
0,40,2.49873,30.5377,-0.0658949,0.668857
0,40,2.49949,31.0372,-0.0209709,0.633511
0,40,2.49544,31.5255,-0.154455,0.357859
0,40,2.50057,32.024,0.0180265,0.271152
0,40,3.00004,12.5398,0.00069087,0.876116
0,40,3.0002,13.0398,0.00354524,0.877346
0,40,3.00022,13.5409,0.00396949,0.877728
0,40,3.00013,14.0409,0.00322454,0.878852
0,40,3.00011,14.5419,0.00355275,0.88914
0,40,3.00003,15.0419,0.00124914,0.887953
0,40,3.00002,15.5423,0.00109625,0.90522
0,40,2.99999,16.0423,-0.000486184,0.904587
0,40,2.99998,16.5424,-0.000782001,0.911124
0,40,2.99998,17.0424,-0.00114352,0.911003
0,40,2.99998,17.5424,-0.00122523,0.9122
0,40,2.99998,18.0424,-0.00127037,0.912187
0,40,2.99998,18.5424,-0.00128154,0.91232
0,40,2.99998,19.0424,-0.0012852,0.912319
0,40,2.99998,19.5424,-0.00128616,0.912329
0,40,2.99998,20.0424,-0.00128637,0.912329
0,40,2.99998,20.5424,-0.00128643,0.91233
0,40,2.99998,21.0424,-0.00128644,0.91233
0,40,2.99998,21.5424,-0.00128644,0.91233
0,40,2.99998,22.0424,-0.00128644,0.91233
0,40,2.99998,22.5424,-0.00128644,0.91233
0,40,2.99998,23.0424,-0.00128644,0.91233
0,40,2.99998,23.5424,-0.00128644,0.91233
0,40,2.99998,24.0424,-0.00128645,0.91233
0,40,2.99998,24.5424,-0.00128647,0.91233
0,40,2.99998,25.0424,-0.00128656,0.91233
0,40,2.99998,25.5424,-0.00128709,0.912324
0,40,2.99998,26.0424,-0.0012891,0.912325
0,40,2.99998,26.5424,-0.00129823,0.912227
0,40,2.99998,27.0424,-0.00133342,0.912232
0,40,2.99998,27.5424,-0.00144275,0.910912
0,40,2.99997,28.0424,-0.00188554,0.910964
0,40,2.99996,28.5423,-0.00272934,0.89865
0,40,2.99992,29.0423,-0.00640318,0.898718
0,40,2.99986,29.5412,-0.010001,0.826657
0,40,2.99959,30.0412,-0.0271502,0.821897
0,40,2.9994,30.5361,-0.0334288,0.595893
0,40,2.99853,31.0355,-0.0615453,0.551504
0,40,2.99829,31.5216,-0.0644946,0.256781
0,40,2.99865,32.0183,-0.0187849,0.109171
0,40,3.50002,12.5399,0.000392949,0.87793
0,40,3.50009,13.0399,0.00172797,0.878193
0,40,3.50007,13.5409,0.00152946,0.878031
0,40,3.50009,14.0409,0.00313489,0.879025
0,40,3.50005,14.5419,0.00175846,0.887767
0,40,3.50003,15.0418,0.00156086,0.887618
0,40,3.50002,15.5423,0.000907653,0.904386
0,40,3.5,16.0423,0.000214497,0.903876
0,40,3.5,16.5424,-2.07596e-05,0.910959
0,40,3.5,17.0424,-0.000228201,0.910796
0,40,3.5,17.5424,-0.000282019,0.912182
0,40,3.5,18.0424,-0.000311506,0.912158
0,40,3.5,18.5424,-0.000318836,0.912319
0,40,3.5,19.0424,-0.000321425,0.912317
0,40,3.5,19.5424,-0.000322074,0.912329
0,40,3.5,20.0424,-0.000322231,0.912329
0,40,3.5,20.5424,-0.000322271,0.91233
0,40,3.5,21.0424,-0.000322279,0.91233
0,40,3.5,21.5424,-0.00032228,0.91233
0,40,3.5,22.0424,-0.000322281,0.91233
0,40,3.5,22.5424,-0.000322281,0.91233
0,40,3.5,23.0424,-0.000322281,0.91233
0,40,3.5,23.5424,-0.000322281,0.91233
0,40,3.5,24.0424,-0.000322284,0.91233
0,40,3.5,24.5424,-0.000322301,0.91233
0,40,3.5,25.0424,-0.000322366,0.91233
0,40,3.5,25.5424,-0.000322735,0.912323
0,40,3.5,26.0424,-0.000324197,0.912324
0,40,3.5,26.5424,-0.000330195,0.912203
0,40,3.5,27.0424,-0.000354349,0.912218
0,40,3.49999,27.5424,-0.000423254,0.910638
0,40,3.49999,28.0424,-0.000700624,0.910763
0,40,3.49999,28.5423,-0.00122593,0.896676
0,40,3.49996,29.0423,-0.00320245,0.896769
0,40,3.49993,29.5411,-0.00572829,0.819589
0,40,3.49981,30.041,-0.0124962,0.811383
0,40,3.49968,30.5358,-0.0201704,0.591999
0,40,3.49951,31.035,-0.0219133,0.535346
0,40,3.49932,31.522,-0.0311581,0.283137
0,40,3.49993,32.0199,-0.00623711,0.182011
0,40,4,12.5399,8.66147e-05,0.878513
0,40,4.00002,13.0399,0.000466259,0.878591
0,40,4.00003,13.5409,0.000850519,0.878918
0,40,4.00004,14.0409,0.00161393,0.879331
0,40,4.00003,14.5418,0.00138324,0.887019
0,40,4.00002,15.0418,0.00101206,0.887172
0,40,4.00001,15.5423,0.000452873,0.903672
0,40,4,16.0423,7.87803e-05,0.903525
0,40,4,16.5424,-0.00012368,0.910777
0,40,4,17.0424,-0.000240897,0.910691
0,40,4,17.5424,-0.00028009,0.912159
0,40,4,18.0424,-0.000298322,0.912142
0,40,4,18.5424,-0.000303241,0.912317
0,40,4,19.0424,-0.000304967,0.912315
0,40,4,19.5424,-0.000305393,0.912329
0,40,4,20.0424,-0.000305504,0.912329
0,40,4,20.5424,-0.00030553,0.91233
0,40,4,21.0424,-0.000305536,0.91233
0,40,4,21.5424,-0.000305537,0.91233
0,40,4,22.0424,-0.000305537,0.91233
0,40,4,22.5424,-0.000305537,0.91233
0,40,4,23.0424,-0.000305537,0.91233
0,40,4,23.5424,-0.000305538,0.91233
0,40,4,24.0424,-0.000305539,0.91233
0,40,4,24.5424,-0.00030555,0.91233
0,40,4,25.0424,-0.000305598,0.91233
0,40,4,25.5424,-0.000305834,0.912322
0,40,4,26.0424,-0.000306834,0.912323
0,40,4,26.5424,-0.000310627,0.91219
0,40,4,27.0424,-0.000326049,0.9122
0,40,4,27.5424,-0.000370112,0.910495
0,40,3.99999,28.0424,-0.000531789,0.910529
0,40,3.99999,28.5422,-0.000888468,0.895741
0,40,3.99998,29.0422,-0.00191698,0.894953
0,40,3.99996,29.5411,-0.00380545,0.816311
0,40,3.9999,30.0409,-0.00711045,0.804388
0,40,3.99982,30.5357,-0.0122958,0.586568
0,40,3.99972,31.0348,-0.0168262,0.527825
0,40,3.99963,31.522,-0.0194487,0.280512
0,40,3.99961,32.0196,-0.0183459,0.166233
0,40,4.5,12.5399,4.01435e-05,0.87872
0,40,4.50001,13.0399,0.000193885,0.878779
0,40,4.50001,13.5409,0.000311276,0.879375
0,40,4.50002,14.0409,0.000770529,0.879619
0,40,4.50001,14.5418,0.000699282,0.88677
0,40,4.50001,15.0418,0.000559758,0.886887
0,40,4.5,15.5423,0.000335103,0.903338
0,40,4.5,16.0423,0.000156138,0.90333
0,40,4.5,16.5424,4.39974e-05,0.910662
0,40,4.5,17.0424,-1.31151e-05,0.91064
0,40,4.5,17.5424,-3.62702e-05,0.91214
0,40,4.5,18.0424,-4.59277e-05,0.912134
0,40,4.5,18.5424,-4.88402e-05,0.912315
0,40,4.5,19.0424,-4.98353e-05,0.912315
0,40,4.5,19.5424,-5.00879e-05,0.912329
0,40,4.5,20.0424,-5.01568e-05,0.912329
0,40,4.5,20.5424,-5.01728e-05,0.91233
0,40,4.5,21.0424,-5.01762e-05,0.91233
0,40,4.5,21.5424,-5.0177e-05,0.91233
0,40,4.5,22.0424,-5.01771e-05,0.91233
0,40,4.5,22.5424,-5.01771e-05,0.91233
0,40,4.5,23.0424,-5.01772e-05,0.91233
0,40,4.5,23.5424,-5.01774e-05,0.91233
0,40,4.5,24.0424,-5.01786e-05,0.91233
0,40,4.5,24.5424,-5.01852e-05,0.91233
0,40,4.5,25.0424,-5.02152e-05,0.91233
0,40,4.5,25.5424,-5.03525e-05,0.912322
0,40,4.5,26.0424,-5.09467e-05,0.912322
0,40,4.5,26.5424,-5.31011e-05,0.912183
0,40,4.5,27.0424,-6.15225e-05,0.912184
0,40,4.5,27.5424,-8.61544e-05,0.910427
0,40,4.5,28.0424,-0.000165739,0.910367
0,40,4.5,28.5422,-0.000358719,0.895304
0,40,4.49999,29.0422,-0.000814104,0.893965
0,40,4.49998,29.541,-0.00171211,0.814619
0,40,4.49996,30.0409,-0.003121,0.801742
0,40,4.49994,30.5356,-0.00476264,0.58372
0,40,4.49991,31.0348,-0.00629137,0.526516
0,40,4.49991,31.522,-0.00603436,0.282997
0,40,4.49996,32.0197,-0.00299316,0.17498
0,40,5,12.5399,4.86764e-06,0.87877
0,40,5,13.0399,2.65661e-05,0.878823
0,40,5,13.5409,0.000109061,0.879685
0,40,5.00001,14.0409,0.000374264,0.879808
0,40,5.00001,14.5418,0.00032747,0.886623
0,40,5,15.0418,0.00026833,0.886757
0,40,5,15.5423,0.000151152,0.903165
0,40,5,16.0423,5.60818e-05,0.903223
0,40,5,16.5424,1.41536e-07,0.910602
0,40,5,17.0424,-2.78623e-05,0.910613
0,40,5,17.5424,-4.00024e-05,0.91213
0,40,5,18.0424,-4.47424e-05,0.91213
0,40,5,18.5424,-4.63068e-05,0.912314
0,40,5,19.0424,-4.68195e-05,0.912314
0,40,5,19.5424,-4.69562e-05,0.912329
0,40,5,20.0424,-4.69939e-05,0.912329
0,40,5,20.5424,-4.70026e-05,0.91233
0,40,5,21.0424,-4.70046e-05,0.91233
0,40,5,21.5424,-4.7005e-05,0.91233
0,40,5,22.0424,-4.70051e-05,0.91233
0,40,5,22.5424,-4.70051e-05,0.91233
0,40,5,23.0424,-4.70051e-05,0.91233
0,40,5,23.5424,-4.70053e-05,0.91233
0,40,5,24.0424,-4.70059e-05,0.91233
0,40,5,24.5424,-4.70095e-05,0.91233
0,40,5,25.0424,-4.70262e-05,0.91233
0,40,5,25.5424,-4.70986e-05,0.912321
0,40,5,26.0424,-4.74091e-05,0.912321
0,40,5,26.5424,-4.85252e-05,0.91218
0,40,5,27.0424,-5.26236e-05,0.912175
0,40,5,27.5424,-6.5058e-05,0.910396
0,40,5,28.0424,-0.00010147,0.910281
0,40,5,28.5422,-0.000193717,0.895095
0,40,5,29.0422,-0.000399632,0.893513
0,40,4.99999,29.541,-0.000795675,0.813791
0,40,4.99998,30.0409,-0.00147237,0.800488
0,40,4.99997,30.5356,-0.00234188,0.582405
0,40,4.99996,31.0348,-0.00323687,0.524838
0,40,4.99994,31.522,-0.00422574,0.282702
0,40,4.99995,32.0197,-0.00383452,0.172714
0,40,5.5,12.5399,2.30138e-06,0.878782
0,40,5.5,13.0399,1.16931e-05,0.878837
0,40,5.5,13.5409,3.28762e-05,0.879806
0,40,5.5,14.0409,0.000107869,0.879888
0,40,5.5,14.5418,0.000112065,0.88659
0,40,5.5,15.0418,0.000107331,0.886715
0,40,5.5,15.5423,6.75684e-05,0.903089
0,40,5.5,16.0423,3.41954e-05,0.903176
0,40,5.5,16.5424,1.3537e-05,0.910576
0,40,5.5,17.0424,2.68722e-06,0.910601
0,40,5.5,17.5424,-2.09696e-06,0.912125
0,40,5.5,18.0424,-3.96642e-06,0.912128
0,40,5.5,18.5424,-4.61609e-06,0.912314
0,40,5.5,19.0424,-4.82467e-06,0.912314
0,40,5.5,19.5424,-4.88296e-06,0.912329
0,40,5.5,20.0424,-4.89895e-06,0.912329
0,40,5.5,20.5424,-4.90271e-06,0.91233
0,40,5.5,21.0424,-4.90359e-06,0.91233
0,40,5.5,21.5424,-4.90378e-06,0.91233
0,40,5.5,22.0424,-4.90381e-06,0.91233
0,40,5.5,22.5424,-4.90382e-06,0.91233
0,40,5.5,23.0424,-4.90383e-06,0.91233
0,40,5.5,23.5424,-4.90389e-06,0.91233
0,40,5.5,24.0424,-4.90419e-06,0.91233
0,40,5.5,24.5424,-4.90571e-06,0.91233
0,40,5.5,25.0424,-4.91292e-06,0.91233
0,40,5.5,25.5424,-4.94331e-06,0.912321
0,40,5.5,26.0424,-5.07029e-06,0.912321
0,40,5.5,26.5424,-5.52798e-06,0.912179
0,40,5.5,27.0424,-7.11756e-06,0.91217
0,40,5.5,27.5424,-1.19901e-05,0.910382
0,40,5.5,28.0424,-2.55177e-05,0.910244
0,40,5.5,28.5422,-5.88691e-05,0.895007
0,40,5.5,29.0422,-0.000131871,0.893332
0,40,5.5,29.541,-0.000263248,0.813482
0,40,5.5,30.0409,-0.000463527,0.800016
0,40,5.49999,30.5356,-0.000709302,0.58199
0,40,5.49999,31.0348,-0.000861114,0.524601
0,40,5.49999,31.522,-0.000745785,0.282807
0,40,5.5,32.0197,-0.000457947,0.173778
0,40,6,12.5399,6.76333e-15,0.878784
0,40,6,13.0399,3.43868e-14,0.878839
0,40,6,13.5409,4.81558e-14,0.879836
0,40,6,14.0409,6.77827e-15,0.879912
0,40,6,14.5418,-3.64886e-13,0.886586
0,40,6,15.0418,-8.26911e-13,0.886702
0,40,6,15.5423,-1.27193e-12,0.903068
0,40,6,16.0423,-1.34812e-12,0.903164
0,40,6,16.5424,-1.11854e-12,0.910568
0,40,6,17.0424,-1.04229e-12,0.910597
0,40,6,17.5424,-1.40432e-12,0.912123
0,40,6,18.0424,-1.98491e-12,0.912128
0,40,6,18.5424,-2.13251e-12,0.912314
0,40,6,19.0424,-2.1741e-12,0.912314
0,40,6,19.5424,-2.37571e-12,0.912329
0,40,6,20.0424,-2.72035e-12,0.912329
0,40,6,20.5424,-2.88112e-12,0.91233
0,40,6,21.0424,-2.93917e-12,0.91233
0,40,6,21.5424,-2.96415e-12,0.91233
0,40,6,22.0424,-2.97741e-12,0.91233
0,40,6,22.5424,-2.93001e-12,0.91233
0,40,6,23.0424,-2.89034e-12,0.91233
0,40,6,23.5424,-2.89482e-12,0.91233
0,40,6,24.0424,-2.9098e-12,0.91233
0,40,6,24.5424,-2.87225e-12,0.91233
0,40,6,25.0424,-2.83264e-12,0.91233
0,40,6,25.5424,-2.79314e-12,0.912321
0,40,6,26.0424,-2.86017e-12,0.912321
0,40,6,26.5424,-2.87264e-12,0.912178
0,40,6,27.0424,-2.84289e-12,0.912169
0,40,6,27.5424,-2.46894e-12,0.910378
0,40,6,28.0424,-1.75239e-12,0.910234
0,40,6,28.5422,-1.19228e-12,0.894983
0,40,6,29.0422,-8.60355e-13,0.893283
0,40,6,29.541,-1.09893e-12,0.813402
0,40,6,30.0409,-9.75339e-13,0.799891
0,40,6,30.5356,-7.06772e-13,0.58184
0,40,6,31.0348,-7.88527e-13,0.524441
0,40,6,31.522,-1.08513e-12,0.282831
0,40,6,32.0197,-7.21182e-13,0.173498
0,40,6.5,12.5399,-2.30138e-06,0.878782
0,40,6.5,13.0399,-1.16931e-05,0.878837
0,40,6.5,13.5409,-3.28762e-05,0.879806
0,40,6.5,14.0409,-0.000107869,0.879888
0,40,6.5,14.5418,-0.000112065,0.88659
0,40,6.5,15.0418,-0.000107331,0.886715
0,40,6.5,15.5423,-6.75684e-05,0.903089
0,40,6.5,16.0423,-3.41954e-05,0.903176
0,40,6.5,16.5424,-1.3537e-05,0.910576
0,40,6.5,17.0424,-2.68722e-06,0.910601
0,40,6.5,17.5424,2.09696e-06,0.912125
0,40,6.5,18.0424,3.96642e-06,0.912128
0,40,6.5,18.5424,4.61609e-06,0.912314
0,40,6.5,19.0424,4.82467e-06,0.912314
0,40,6.5,19.5424,4.88296e-06,0.912329
0,40,6.5,20.0424,4.89895e-06,0.912329
0,40,6.5,20.5424,4.90271e-06,0.91233
0,40,6.5,21.0424,4.90359e-06,0.91233
0,40,6.5,21.5424,4.90378e-06,0.91233
0,40,6.5,22.0424,4.90381e-06,0.91233
0,40,6.5,22.5424,4.90382e-06,0.91233
0,40,6.5,23.0424,4.90383e-06,0.91233
0,40,6.5,23.5424,4.90389e-06,0.91233
0,40,6.5,24.0424,4.90419e-06,0.91233
0,40,6.5,24.5424,4.90571e-06,0.91233
0,40,6.5,25.0424,4.91291e-06,0.91233
0,40,6.5,25.5424,4.94331e-06,0.912321
0,40,6.5,26.0424,5.07029e-06,0.912321
0,40,6.5,26.5424,5.52798e-06,0.912179
0,40,6.5,27.0424,7.11756e-06,0.91217
0,40,6.5,27.5424,1.19901e-05,0.910382
0,40,6.5,28.0424,2.55177e-05,0.910244
0,40,6.5,28.5422,5.88691e-05,0.895007
0,40,6.5,29.0422,0.000131871,0.893332
0,40,6.5,29.541,0.000263248,0.813482
0,40,6.5,30.0409,0.000463527,0.800016
0,40,6.50001,30.5356,0.000709302,0.58199
0,40,6.50001,31.0348,0.000861114,0.524601
0,40,6.50001,31.522,0.000745785,0.282807
0,40,6.5,32.0197,0.000457947,0.173778
0,40,7,12.5399,-4.86764e-06,0.87877
0,40,7,13.0399,-2.65661e-05,0.878823
0,40,7,13.5409,-0.000109061,0.879685
0,40,6.99999,14.0409,-0.000374264,0.879808
0,40,6.99999,14.5418,-0.00032747,0.886623
0,40,7,15.0418,-0.00026833,0.886757
0,40,7,15.5423,-0.000151152,0.903165
0,40,7,16.0423,-5.60818e-05,0.903223
0,40,7,16.5424,-1.41535e-07,0.910602
0,40,7,17.0424,2.78623e-05,0.910613
0,40,7,17.5424,4.00024e-05,0.91213
0,40,7,18.0424,4.47424e-05,0.91213
0,40,7,18.5424,4.63068e-05,0.912314
0,40,7,19.0424,4.68195e-05,0.912314
0,40,7,19.5424,4.69562e-05,0.912329
0,40,7,20.0424,4.69939e-05,0.912329
0,40,7,20.5424,4.70026e-05,0.91233
0,40,7,21.0424,4.70046e-05,0.91233
0,40,7,21.5424,4.7005e-05,0.91233
0,40,7,22.0424,4.70051e-05,0.91233
0,40,7,22.5424,4.70051e-05,0.91233
0,40,7,23.0424,4.70051e-05,0.91233
0,40,7,23.5424,4.70053e-05,0.91233
0,40,7,24.0424,4.70059e-05,0.91233
0,40,7,24.5424,4.70095e-05,0.91233
0,40,7,25.0424,4.70262e-05,0.91233
0,40,7,25.5424,4.70986e-05,0.912321
0,40,7,26.0424,4.74091e-05,0.912321
0,40,7,26.5424,4.85252e-05,0.91218
0,40,7,27.0424,5.26236e-05,0.912175
0,40,7,27.5424,6.5058e-05,0.910396
0,40,7,28.0424,0.00010147,0.910281
0,40,7,28.5422,0.000193717,0.895095
0,40,7,29.0422,0.000399632,0.893513
0,40,7.00001,29.541,0.000795675,0.813791
0,40,7.00002,30.0409,0.00147237,0.800488
0,40,7.00003,30.5356,0.00234188,0.582405
0,40,7.00004,31.0348,0.00323687,0.524838
0,40,7.00006,31.522,0.00422574,0.282702
0,40,7.00005,32.0197,0.00383452,0.172714
0,40,7.5,12.5399,-4.01435e-05,0.87872
0,40,7.49999,13.0399,-0.000193885,0.878779
0,40,7.49999,13.5409,-0.000311276,0.879375
0,40,7.49998,14.0409,-0.000770529,0.879619
0,40,7.49999,14.5418,-0.000699282,0.88677
0,40,7.49999,15.0418,-0.000559758,0.886887
0,40,7.5,15.5423,-0.000335103,0.903338
0,40,7.5,16.0423,-0.000156138,0.90333
0,40,7.5,16.5424,-4.39974e-05,0.910662
0,40,7.5,17.0424,1.31151e-05,0.91064
0,40,7.5,17.5424,3.62702e-05,0.91214
0,40,7.5,18.0424,4.59277e-05,0.912134
0,40,7.5,18.5424,4.88402e-05,0.912315
0,40,7.5,19.0424,4.98353e-05,0.912315
0,40,7.5,19.5424,5.00879e-05,0.912329
0,40,7.5,20.0424,5.01568e-05,0.912329
0,40,7.5,20.5424,5.01728e-05,0.91233
0,40,7.5,21.0424,5.01762e-05,0.91233
0,40,7.5,21.5424,5.0177e-05,0.91233
0,40,7.5,22.0424,5.01771e-05,0.91233
0,40,7.5,22.5424,5.01771e-05,0.91233
0,40,7.5,23.0424,5.01772e-05,0.91233
0,40,7.5,23.5424,5.01774e-05,0.91233
0,40,7.5,24.0424,5.01786e-05,0.91233
0,40,7.5,24.5424,5.01852e-05,0.91233
0,40,7.5,25.0424,5.02152e-05,0.91233
0,40,7.5,25.5424,5.03525e-05,0.912322
0,40,7.5,26.0424,5.09467e-05,0.912322
0,40,7.5,26.5424,5.31011e-05,0.912183
0,40,7.5,27.0424,6.15225e-05,0.912184
0,40,7.5,27.5424,8.61544e-05,0.910427
0,40,7.5,28.0424,0.000165739,0.910367
0,40,7.5,28.5422,0.000358719,0.895304
0,40,7.50001,29.0422,0.000814104,0.893965
0,40,7.50002,29.541,0.00171211,0.814619
0,40,7.50004,30.0409,0.003121,0.801742
0,40,7.50006,30.5356,0.00476264,0.58372
0,40,7.50009,31.0348,0.00629137,0.526516
0,40,7.50009,31.522,0.00603436,0.282997
0,40,7.50004,32.0197,0.00299316,0.17498
0,40,8,12.5399,-8.66147e-05,0.878513
0,40,7.99998,13.0399,-0.000466259,0.878591
0,40,7.99997,13.5409,-0.000850519,0.878918
0,40,7.99996,14.0409,-0.00161393,0.879331
0,40,7.99997,14.5418,-0.00138324,0.887019
0,40,7.99998,15.0418,-0.00101206,0.887172
0,40,7.99999,15.5423,-0.000452873,0.903672
0,40,8,16.0423,-7.87803e-05,0.903525
0,40,8,16.5424,0.00012368,0.910777
0,40,8,17.0424,0.000240897,0.910691
0,40,8,17.5424,0.00028009,0.912159
0,40,8,18.0424,0.000298322,0.912142
0,40,8,18.5424,0.000303241,0.912317
0,40,8,19.0424,0.000304967,0.912315
0,40,8,19.5424,0.000305393,0.912329
0,40,8,20.0424,0.000305504,0.912329
0,40,8,20.5424,0.00030553,0.91233
0,40,8,21.0424,0.000305536,0.91233
0,40,8,21.5424,0.000305537,0.91233
0,40,8,22.0424,0.000305537,0.91233
0,40,8,22.5424,0.000305537,0.91233
0,40,8,23.0424,0.000305537,0.91233
0,40,8,23.5424,0.000305538,0.91233
0,40,8,24.0424,0.000305539,0.91233
0,40,8,24.5424,0.00030555,0.91233
0,40,8,25.0424,0.000305598,0.91233
0,40,8,25.5424,0.000305834,0.912322
0,40,8,26.0424,0.000306834,0.912323
0,40,8,26.5424,0.000310627,0.91219
0,40,8,27.0424,0.000326049,0.9122
0,40,8,27.5424,0.000370112,0.910495
0,40,8.00001,28.0424,0.000531789,0.910529
0,40,8.00001,28.5422,0.000888468,0.895741
0,40,8.00002,29.0422,0.00191698,0.894953
0,40,8.00004,29.5411,0.00380545,0.816311
0,40,8.0001,30.0409,0.00711045,0.804388
0,40,8.00018,30.5357,0.0122958,0.586568
0,40,8.00028,31.0348,0.0168262,0.527825
0,40,8.00037,31.522,0.0194487,0.280512
0,40,8.00039,32.0196,0.0183459,0.166233
0,40,8.49998,12.5399,-0.000392949,0.87793
0,40,8.49991,13.0399,-0.00172797,0.878193
0,40,8.49993,13.5409,-0.00152946,0.878031
0,40,8.49991,14.0409,-0.00313489,0.879025
0,40,8.49995,14.5419,-0.00175846,0.887767
0,40,8.49997,15.0418,-0.00156086,0.887618
0,40,8.49998,15.5423,-0.000907653,0.904386
0,40,8.5,16.0423,-0.000214497,0.903876
0,40,8.5,16.5424,2.07596e-05,0.910959
0,40,8.5,17.0424,0.000228201,0.910796
0,40,8.5,17.5424,0.000282019,0.912182
0,40,8.5,18.0424,0.000311506,0.912158
0,40,8.5,18.5424,0.000318836,0.912319
0,40,8.5,19.0424,0.000321425,0.912317
0,40,8.5,19.5424,0.000322074,0.912329
0,40,8.5,20.0424,0.000322231,0.912329
0,40,8.5,20.5424,0.000322271,0.91233
0,40,8.5,21.0424,0.000322279,0.91233
0,40,8.5,21.5424,0.00032228,0.91233
0,40,8.5,22.0424,0.000322281,0.91233
0,40,8.5,22.5424,0.000322281,0.91233
0,40,8.5,23.0424,0.000322281,0.91233
0,40,8.5,23.5424,0.000322281,0.91233
0,40,8.5,24.0424,0.000322284,0.91233
0,40,8.5,24.5424,0.000322301,0.91233
0,40,8.5,25.0424,0.000322366,0.91233
0,40,8.5,25.5424,0.000322735,0.912323
0,40,8.5,26.0424,0.000324197,0.912324
0,40,8.5,26.5424,0.000330195,0.912203
0,40,8.5,27.0424,0.000354349,0.912218
0,40,8.50001,27.5424,0.000423254,0.910638
0,40,8.50001,28.0424,0.000700624,0.910763
0,40,8.50001,28.5423,0.00122593,0.896676
0,40,8.50004,29.0423,0.00320245,0.896769
0,40,8.50007,29.5411,0.00572829,0.819589
0,40,8.50019,30.041,0.0124962,0.811383
0,40,8.50032,30.5358,0.0201704,0.591999
0,40,8.50049,31.035,0.0219133,0.535346
0,40,8.50068,31.522,0.0311581,0.283137
0,40,8.50007,32.0199,0.00623711,0.182011
0,40,8.99996,12.5398,-0.00069087,0.876116
0,40,8.9998,13.0398,-0.00354524,0.877346
0,40,8.99978,13.5409,-0.00396949,0.877728
0,40,8.99987,14.0409,-0.00322454,0.878852
0,40,8.99989,14.5419,-0.00355275,0.88914
0,40,8.99997,15.0419,-0.00124914,0.887953
0,40,8.99998,15.5423,-0.00109625,0.90522
0,40,9.00001,16.0423,0.000486184,0.904587
0,40,9.00002,16.5424,0.000782001,0.911124
0,40,9.00002,17.0424,0.00114352,0.911003
0,40,9.00002,17.5424,0.00122523,0.9122
0,40,9.00002,18.0424,0.00127037,0.912187
0,40,9.00002,18.5424,0.00128154,0.91232
0,40,9.00002,19.0424,0.0012852,0.912319
0,40,9.00002,19.5424,0.00128616,0.912329
0,40,9.00002,20.0424,0.00128637,0.912329
0,40,9.00002,20.5424,0.00128643,0.91233
0,40,9.00002,21.0424,0.00128644,0.91233
0,40,9.00002,21.5424,0.00128644,0.91233
0,40,9.00002,22.0424,0.00128644,0.91233
0,40,9.00002,22.5424,0.00128644,0.91233
0,40,9.00002,23.0424,0.00128644,0.91233
0,40,9.00002,23.5424,0.00128644,0.91233
0,40,9.00002,24.0424,0.00128645,0.91233
0,40,9.00002,24.5424,0.00128647,0.91233
0,40,9.00002,25.0424,0.00128656,0.91233
0,40,9.00002,25.5424,0.00128709,0.912324
0,40,9.00002,26.0424,0.0012891,0.912325
0,40,9.00002,26.5424,0.00129823,0.912227
0,40,9.00002,27.0424,0.00133342,0.912232
0,40,9.00002,27.5424,0.00144275,0.910912
0,40,9.00003,28.0424,0.00188554,0.910964
0,40,9.00004,28.5423,0.00272934,0.89865
0,40,9.00008,29.0423,0.00640318,0.898718
0,40,9.00014,29.5412,0.010001,0.826657
0,40,9.00041,30.0412,0.0271502,0.821897
0,40,9.0006,30.5361,0.0334288,0.595893
0,40,9.00147,31.0355,0.0615453,0.551504
0,40,9.00171,31.5216,0.0644946,0.256781
0,40,9.00135,32.0183,0.0187849,0.109171
0,40,9.50044,12.5401,0.00592077,0.880604
0,40,9.49942,13.0401,-0.0083348,0.880875
0,40,9.50005,13.5413,0.00222747,0.884546
0,40,9.49971,14.0412,-0.0063235,0.884292
0,40,9.49999,14.542,0.000545147,0.89361
0,40,9.49992,15.042,-0.00359733,0.893806
0,40,9.50001,15.5424,0.000510969,0.906936
0,40,9.5,16.0424,-0.000105074,0.907193
0,40,9.50002,16.5424,0.00114925,0.911646
0,40,9.50002,17.0424,0.00111283,0.911727
0,40,9.50002,17.5424,0.00132625,0.912494
0,40,9.50002,18.0424,0.00132699,0.912506
0,40,9.50002,18.5424,0.00135002,0.912589
0,40,9.50002,19.0424,0.00135031,0.91259
0,40,9.50002,19.5424,0.00135202,0.912596
0,40,9.50002,20.0424,0.00135205,0.912596
0,40,9.50002,20.5424,0.00135214,0.912596
0,40,9.50002,21.0424,0.00135214,0.912596
0,40,9.50002,21.5424,0.00135215,0.912596
0,40,9.50002,22.0424,0.00135215,0.912596
0,40,9.50002,22.5424,0.00135215,0.912596
0,40,9.50002,23.0424,0.00135215,0.912596
0,40,9.50002,23.5424,0.00135215,0.912596
0,40,9.50002,24.0424,0.00135215,0.912596
0,40,9.50002,24.5424,0.00135219,0.912596
0,40,9.50002,25.0424,0.0013522,0.912596
0,40,9.50002,25.5424,0.00135309,0.912593
0,40,9.50002,26.0424,0.00135333,0.912592
0,40,9.50002,26.5424,0.00136998,0.912533
0,40,9.50002,27.0424,0.00137292,0.912521
0,40,9.50003,27.5424,0.00160206,0.911701
0,40,9.50003,28.0424,0.0016134,0.911554
0,40,9.50005,28.5423,0.0038238,0.903575
0,40,9.50005,29.0423,0.00353345,0.902266
0,40,9.50024,29.5416,0.0175084,0.852373
0,40,9.50018,30.0415,0.0118466,0.844034
0,40,9.50127,30.5377,0.0658949,0.668857
0,40,9.50051,31.0372,0.0209709,0.633511
0,40,9.50456,31.5255,0.154455,0.357859
0,40,9.49943,32.024,-0.0180265,0.271152
1,40,10,1.5,0,0
1,40,10.5,1.5,0,0
1,40,1.5,1.5,0,0
1,40,2,1.5,0,0
1,40,10,2,0,0
1,40,10.5,2,0,0
1,40,1.5,2,0,0
1,40,2,2,0,0
1,40,10,2.5,0,0
1,40,10.5,2.5,0,0
1,40,1.5,2.5,0,0
1,40,2,2.5,0,0
1,40,10,3,0,0
1,40,10.5,3,0,0
1,40,1.5,3,0,0
1,40,2,3,0,0
1,40,10,3.5,0,0
1,40,10.5,3.5,0,0
1,40,1.5,3.5,0,0
1,40,2,3.5,0,0
1,40,10,4,0,0
1,40,10.5,4,0,0
1,40,1.5,4,0,0
1,40,2,4,0,0
1,40,10,4.5,0,0
1,40,10.5,4.5,0,0
1,40,1.5,4.5,0,0
1,40,2,4.5,0,0
1,40,10,5,0,0
1,40,10.5,5,0,0
1,40,1.5,5,0,0
1,40,2,5,0,0
1,40,10,5.5,0,0
1,40,10.5,5.5,0,0
1,40,1.5,5.5,0,0
1,40,2,5.5,0,0
1,40,10,6,0,0
1,40,10.5,6,0,0
1,40,1.5,6,0,0
1,40,2,6,0,0
1,40,10,6.5,0,0
1,40,10.5,6.5,0,0
1,40,1.5,6.5,0,0
1,40,2,6.5,0,0
1,40,10,7,0,0
1,40,10.5,7,0,0
1,40,1.5,7,0,0
1,40,2,7,0,0
1,40,10,7.5,0,0
1,40,10.5,7.5,0,0
1,40,1.5,7.5,0,0
1,40,2,7.5,0,0
1,40,10,8,0,0
1,40,10.5,8,0,0
1,40,1.5,8,0,0
1,40,2,8,0,0
1,40,10,8.5,0,0
1,40,10.5,8.5,0,0
1,40,1.5,8.5,0,0
1,40,2,8.5,0,0
1,40,10,9,0,0
1,40,10.5,9,0,0
1,40,1.5,9,0,0
1,40,2,9,0,0
1,40,10,9.5,0,0
1,40,10.5,9.5,0,0
1,40,1.5,9.5,0,0
1,40,2,9.5,0,0
1,40,10,10,0,0
1,40,10.5,10,0,0
1,40,1.5,10,0,0
1,40,2,10,0,0
1,40,10,10.5,0,0
1,40,10.5,10.5,0,0
1,40,1.5,10.5,0,0
1,40,2,10.5,0,0
1,40,10,11,0,0
1,40,10.5,11,0,0
1,40,1.5,11,0,0
1,40,2,11,0,0
1,40,10,11.5,0,0
1,40,10.5,11.5,0,0
1,40,1.5,11.5,0,0
1,40,2,11.5,0,0
1,40,10,12,0,0
1,40,10.5,12,0,0
1,40,1.5,12,0,0
1,40,2,12,0,0
1,40,10,12.5,0,0
1,40,10.5,12.5,0,0
1,40,1.5,12.5,0,0
1,40,2,12.5,0,0
1,40,10,13,0,0
1,40,10.5,13,0,0
1,40,1.5,13,0,0
1,40,2,13,0,0
1,40,10,13.5,0,0
1,40,10.5,13.5,0,0
1,40,1.5,13.5,0,0
1,40,2,13.5,0,0
1,40,10,14,0,0
1,40,10.5,14,0,0
1,40,1.5,14,0,0
1,40,2,14,0,0
1,40,10,14.5,0,0
1,40,10.5,14.5,0,0
1,40,1.5,14.5,0,0
1,40,2,14.5,0,0
1,40,10,15,0,0
1,40,10.5,15,0,0
1,40,1.5,15,0,0
1,40,2,15,0,0
1,40,10,15.5,0,0
1,40,10.5,15.5,0,0
1,40,1.5,15.5,0,0
1,40,2,15.5,0,0
1,40,10,16,0,0
1,40,10.5,16,0,0
1,40,1.5,16,0,0
1,40,2,16,0,0
1,40,10,16.5,0,0
1,40,10.5,16.5,0,0
1,40,1.5,16.5,0,0
1,40,2,16.5,0,0
1,40,10,17,0,0
1,40,10.5,17,0,0
1,40,1.5,17,0,0
1,40,2,17,0,0
1,40,10,17.5,0,0
1,40,10.5,17.5,0,0
1,40,1.5,17.5,0,0
1,40,2,17.5,0,0
1,40,10,18,0,0
1,40,10.5,18,0,0
1,40,1.5,18,0,0
1,40,2,18,0,0
1,40,10,18.5,0,0
1,40,10.5,18.5,0,0
1,40,1.5,18.5,0,0
1,40,2,18.5,0,0
1,40,10,19,0,0
1,40,10.5,19,0,0
1,40,1.5,19,0,0
1,40,2,19,0,0
1,40,10,19.5,0,0
1,40,10.5,19.5,0,0
1,40,1.5,19.5,0,0
1,40,2,19.5,0,0
1,40,10,20,0,0
1,40,10.5,20,0,0
1,40,1.5,20,0,0
1,40,2,20,0,0
1,40,10,20.5,0,0
1,40,10.5,20.5,0,0
1,40,1.5,20.5,0,0
1,40,2,20.5,0,0
1,40,10,21,0,0
1,40,10.5,21,0,0
1,40,1.5,21,0,0
1,40,2,21,0,0
1,40,10,21.5,0,0
1,40,10.5,21.5,0,0
1,40,1.5,21.5,0,0
1,40,2,21.5,0,0
1,40,10,22,0,0
1,40,10.5,22,0,0
1,40,1.5,22,0,0
1,40,2,22,0,0
1,40,10,22.5,0,0
1,40,10.5,22.5,0,0
1,40,1.5,22.5,0,0
1,40,2,22.5,0,0
1,40,10,23,0,0
1,40,10.5,23,0,0
1,40,1.5,23,0,0
1,40,2,23,0,0
1,40,10,23.5,0,0
1,40,10.5,23.5,0,0
1,40,1.5,23.5,0,0
1,40,2,23.5,0,0
1,40,10,24,0,0
1,40,10.5,24,0,0
1,40,1.5,24,0,0
1,40,2,24,0,0
1,40,10,24.5,0,0
1,40,10.5,24.5,0,0
1,40,1.5,24.5,0,0
1,40,2,24.5,0,0
1,40,10,25,0,0
1,40,10.5,25,0,0
1,40,1.5,25,0,0
1,40,2,25,0,0
1,40,10,25.5,0,0
1,40,10.5,25.5,0,0
1,40,1.5,25.5,0,0
1,40,2,25.5,0,0
1,40,10,26,0,0
1,40,10.5,26,0,0
1,40,1.5,26,0,0
1,40,2,26,0,0
1,40,10,26.5,0,0
1,40,10.5,26.5,0,0
1,40,1.5,26.5,0,0
1,40,2,26.5,0,0
1,40,10,27,0,0
1,40,10.5,27,0,0
1,40,1.5,27,0,0
1,40,2,27,0,0
1,40,10,27.5,0,0
1,40,10.5,27.5,0,0
1,40,1.5,27.5,0,0
1,40,2,27.5,0,0
1,40,10,28,0,0
1,40,10.5,28,0,0
1,40,1.5,28,0,0
1,40,2,28,0,0
1,40,10,28.5,0,0
1,40,10.5,28.5,0,0
1,40,1.5,28.5,0,0
1,40,2,28.5,0,0
1,40,10,29,0,0
1,40,10.5,29,0,0
1,40,1.5,29,0,0
1,40,2,29,0,0
1,40,10,29.5,0,0
1,40,10.5,29.5,0,0
1,40,1.5,29.5,0,0
1,40,2,29.5,0,0
1,40,10,30,0,0
1,40,10.5,30,0,0
1,40,1.5,30,0,0
1,40,2,30,0,0
1,40,10,30.5,0,0
1,40,10.5,30.5,0,0
1,40,1.5,30.5,0,0
1,40,2,30.5,0,0
1,40,10,31,0,0
1,40,10.5,31,0,0
1,40,1.5,31,0,0
1,40,2,31,0,0
1,40,10,31.5,0,0
1,40,10.5,31.5,0,0
1,40,1.5,31.5,0,0
1,40,2,31.5,0,0
1,40,10,32,0,0
1,40,10.5,32,0,0
1,40,1.5,32,0,0
1,40,2,32,0,0
1,40,10,32.5,0,0
1,40,10.5,32.5,0,0
1,40,1.5,32.5,0,0
1,40,2,32.5,0,0
1,40,10,33,0,0
1,40,10.5,33,0,0
1,40,1.5,33,0,0
1,40,2,33,0,0
1,40,2.5,1.5,0,0
1,40,2.5,2,0,0
1,40,2.5,32.5,0,0
1,40,2.5,33,0,0
1,40,3,1.5,0,0
1,40,3,2,0,0
1,40,3,32.5,0,0
1,40,3,33,0,0
1,40,3.5,1.5,0,0
1,40,3.5,2,0,0
1,40,3.5,32.5,0,0
1,40,3.5,33,0,0
1,40,4,1.5,0,0
1,40,4,2,0,0
1,40,4,32.5,0,0
1,40,4,33,0,0
1,40,4.5,1.5,0,0
1,40,4.5,2,0,0
1,40,4.5,32.5,0,0
1,40,4.5,33,0,0
1,40,5,1.5,0,0
1,40,5,2,0,0
1,40,5,32.5,0,0
1,40,5,33,0,0
1,40,5.5,1.5,0,0
1,40,5.5,2,0,0
1,40,5.5,32.5,0,0
1,40,5.5,33,0,0
1,40,6,1.5,0,0
1,40,6,2,0,0
1,40,6,32.5,0,0
1,40,6,33,0,0
1,40,6.5,1.5,0,0
1,40,6.5,2,0,0
1,40,6.5,32.5,0,0
1,40,6.5,33,0,0
1,40,7,1.5,0,0
1,40,7,2,0,0
1,40,7,32.5,0,0
1,40,7,33,0,0
1,40,7.5,1.5,0,0
1,40,7.5,2,0,0
1,40,7.5,32.5,0,0
1,40,7.5,33,0,0
1,40,8,1.5,0,0
1,40,8,2,0,0
1,40,8,32.5,0,0
1,40,8,33,0,0
1,40,8.5,1.5,0,0
1,40,8.5,2,0,0
1,40,8.5,32.5,0,0
1,40,8.5,33,0,0
1,40,9,1.5,0,0
1,40,9,2,0,0
1,40,9,32.5,0,0
1,40,9,33,0,0
1,40,9.5,1.5,0,0
1,40,9.5,2,0,0
1,40,9.5,32.5,0,0
1,40,9.5,33,0,0
