916 2 0.5 203000 0 2 0 1e-05 0 9.81 45 45
0,40,2.49636,14.1038,-0.0210054,5.5934
0,40,2.50306,14.6041,-0.0638807,5.57663
0,40,2.49717,15.1042,-0.0780442,5.42125
0,40,2.49996,15.6017,-0.0667813,5.28394
0,40,2.49565,16.0967,-0.0645997,5.17029
0,40,2.4972,16.5898,-0.0757778,4.99829
0,40,2.49353,17.0812,-0.0619368,4.84831
0,40,2.49334,17.5693,-0.0683729,4.62599
0,40,2.48972,18.0552,-0.015019,4.47515
0,40,2.48923,18.538,-0.0438417,4.3312
0,40,2.48624,19.0198,0.0135485,4.15341
0,40,2.48467,19.4982,0.00835537,4.01849
0,40,2.48319,19.9756,0.0652736,3.91002
0,40,2.48129,20.4517,0.0391077,3.80935
0,40,2.48082,20.9263,0.0369166,3.74378
0,40,2.47928,21.3999,-0.0100056,3.63801
0,40,2.47934,21.8719,-0.0451382,3.55541
0,40,2.47759,22.3429,-0.126705,3.50132
0,40,2.47748,22.8128,-0.180044,3.41772
0,40,2.47482,23.2819,-0.261133,3.33566
0,40,2.47454,23.7497,-0.305065,3.21409
0,40,2.47183,24.2156,-0.320543,3.05599
0,40,2.47165,24.6797,-0.321589,2.91414
0,40,2.47036,25.1412,-0.246929,2.76678
0,40,2.47,25.6014,-0.210835,2.64424
0,40,2.46949,26.06,-0.121948,2.56792
0,40,2.46678,26.5186,-0.102116,2.49094
0,40,2.46506,26.9769,-0.0400634,2.45905
0,40,2.46044,27.4351,-0.0293074,2.34693
0,40,2.46167,27.8915,0.0303945,2.27302
0,40,2.45991,28.3433,0.0202281,2.09715
0,40,2.46669,28.7915,0.0380242,1.94919
0,40,2.4676,29.2339,0.0624874,1.7535
0,40,2.47751,29.6707,0.111626,1.50261
0,40,2.484,30.1017,0.258119,1.19065
0,40,2.49164,30.523,0.273248,0.818643
0,40,2.49641,30.9429,0.14575,0.5725
0,40,2.50825,31.3431,0.424212,0.149455
0,40,2.46431,31.7586,-1.12739,0.282434
0,40,2.56568,32.1378,0.524176,0.182779
0,40,2.99998,14.0998,-0.0137644,5.52771
0,40,2.99984,14.6015,-0.0751593,5.53389
0,40,2.99925,15.0987,-0.099463,5.38422
0,40,2.99756,15.597,-0.0723118,5.22204
0,40,2.99658,16.0903,-0.0821321,5.08544
0,40,2.99531,16.5828,-0.0644426,4.8792
0,40,2.99395,17.0721,-0.0691545,4.72659
0,40,2.99276,17.558,-0.0256389,4.4824
0,40,2.99083,18.0421,-0.0270789,4.28665
0,40,2.99031,18.5218,-0.0232813,4.1255
0,40,2.9881,18.9994,-0.0145685,3.9481
0,40,2.98795,19.4746,0.00344992,3.76316
0,40,2.98616,19.9476,-0.0145398,3.64393
0,40,2.98638,20.418,-0.0411144,3.44341
0,40,2.98385,20.8875,-0.102196,3.34928
0,40,2.98462,21.354,-0.103303,3.21127
0,40,2.98236,21.8201,-0.0995333,2.98145
0,40,2.98321,22.2842,-0.131822,2.88983
0,40,2.98186,22.7452,-0.0943725,2.65982
0,40,2.98091,23.2064,-0.15717,2.45419
0,40,2.97997,23.6624,-0.152553,2.27253
0,40,2.97748,24.1167,-0.151186,1.972
0,40,2.97675,24.5675,-0.136554,1.77473
0,40,2.97496,25.0147,-0.0623099,1.569
0,40,2.97513,25.4596,-0.0100647,1.34768
0,40,2.97404,25.9014,0.0532418,1.22248
0,40,2.97398,26.3394,0.0607473,1.03233
0,40,2.97111,26.7743,0.0504273,0.904085
0,40,2.97016,27.2042,-0.0171419,0.734304
0,40,2.96754,27.6317,-0.0461899,0.560331
0,40,2.96859,28.0582,-0.102673,0.425806
0,40,2.96768,28.4862,-0.0447059,0.251483
0,40,2.96879,28.9203,-0.0289985,0.193446
0,40,2.96983,29.3593,0.1428,0.135526
0,40,2.972,29.8086,0.19573,0.247878
0,40,2.98152,30.2617,0.357392,0.347264
0,40,2.98242,30.7275,0.192391,0.536029
0,40,3.01482,31.1825,0.396658,0.597774
0,40,2.9723,31.6506,-0.900613,0.803723
0,40,3.11458,32.0928,0.457628,0.35626
0,40,3.50009,14.1001,-0.00407138,5.51135
0,40,3.49997,14.6003,-0.0344134,5.46814
0,40,3.4985,15.0985,-0.0832468,5.39303
0,40,3.49879,15.5954,-0.0607434,5.23393
0,40,3.49625,16.0897,-0.0786859,5.07679
0,40,3.49638,16.5813,-0.0645819,4.88984
0,40,3.49362,17.0709,-0.0801044,4.72442
0,40,3.49368,17.5569,-0.0718807,4.5142
0,40,3.49084,18.0403,-0.0522742,4.27275
0,40,3.49041,18.5208,-0.0612437,4.13134
0,40,3.48833,18.9979,-0.0572428,3.96462
0,40,3.48807,19.4742,-0.0695038,3.76046
0,40,3.48657,19.9472,-0.0632962,3.65135
0,40,3.48678,20.4176,-0.0492991,3.43129
0,40,3.48568,20.8884,-0.0676229,3.34716
0,40,3.4869,21.3555,-0.0928495,3.27521
0,40,3.48575,21.8223,-0.108205,3.03407
0,40,3.48635,22.2887,-0.142219,3.00104
0,40,3.48562,22.7507,-0.129221,2.83509
0,40,3.4852,23.2139,-0.137366,2.5918
0,40,3.48395,23.6734,-0.15008,2.57985
0,40,3.4835,24.1292,-0.0871781,2.31115
0,40,3.48164,24.587,-0.0678395,2.22096
0,40,3.48222,25.038,-0.0139947,2.17648
0,40,3.48103,25.4921,0.0523205,2.00933
0,40,3.48147,25.9432,0.0512014,2.08757
0,40,3.48159,26.3943,0.105979,1.98021
0,40,3.48105,26.8456,0.0763881,2.00629
0,40,3.48244,27.2926,0.0899841,1.83175
0,40,3.48087,27.7394,0.0389001,1.64594
0,40,3.48261,28.1786,0.0286987,1.40254
0,40,3.47881,28.6155,-0.0074031,1.10658
0,40,3.47858,29.0446,-0.0143856,0.91198
0,40,3.47267,29.4725,0.00826877,0.749443
0,40,3.47031,29.896,-0.0213749,0.728556
0,40,3.47076,30.3239,0.100939,0.681654
0,40,3.45836,30.7568,-0.158653,0.844127
0,40,3.51127,31.186,0.348659,0.770805
0,40,3.41524,31.6303,-1.02479,0.659681
0,40,3.61692,32.0829,0.91699,0.341682
0,40,3.99996,14.1001,-0.00619277,5.49072
0,40,3.99967,14.5997,-0.0319161,5.43695
0,40,3.99899,15.0976,-0.0460046,5.37136
0,40,3.99807,15.5946,-0.0717152,5.23005
0,40,3.99738,16.0882,-0.0710426,5.08473
0,40,3.99608,16.5802,-0.0547061,4.89237
0,40,3.99501,17.0696,-0.0555723,4.71883
0,40,3.99416,17.5559,-0.0397027,4.53954
0,40,3.99352,18.0391,-0.0179258,4.30117
0,40,3.9933,18.5203,-0.00904304,4.11477
0,40,3.99233,18.9972,-0.0524503,3.95134
0,40,3.99207,19.4734,-0.0602464,3.75161
0,40,3.99038,19.9472,-0.088827,3.68124
0,40,3.99112,20.4175,-0.0432824,3.47175
0,40,3.98972,20.8892,-0.0487223,3.31434
0,40,3.99106,21.3559,-0.0564791,3.26779
0,40,3.98956,21.822,-0.0428487,3.01053
0,40,3.99059,22.2891,-0.0407285,2.97415
0,40,3.98939,22.7503,-0.0307452,2.85002
0,40,3.99009,23.2129,-0.00151142,2.55107
0,40,3.98827,23.6728,-0.0160024,2.56143
0,40,3.98865,24.1274,0.00334004,2.32854
0,40,3.98612,24.5846,0.0270546,2.15013
0,40,3.98591,25.0356,0.0353748,2.15167
0,40,3.98409,25.4855,0.0896762,1.87977
0,40,3.98359,25.935,0.0996389,1.8458
0,40,3.98253,26.3796,0.0923951,1.69357
0,40,3.98238,26.826,0.0839176,1.56837
0,40,3.98155,27.2684,0.0329945,1.4493
0,40,3.98204,27.7136,0.0162206,1.29002
0,40,3.98201,28.1569,0.00883137,1.27453
0,40,3.98315,28.6028,0.0291039,1.12254
0,40,3.98265,29.0495,0.0331258,1.17514
0,40,3.98408,29.4912,0.0344273,0.990823
0,40,3.97885,29.934,-0.0095059,0.993807
0,40,3.9847,30.3628,-0.0191074,0.784985
0,40,3.96401,30.7945,-0.267676,0.759951
0,40,4.02404,31.2232,0.350174,0.558841
0,40,3.89833,31.6406,-1.17294,0.495515
0,40,4.1087,32.0696,1.08382,0.10247
0,40,4.5,14.1001,-0.00423382,5.47746
0,40,4.49986,14.5991,-0.0232854,5.41819
0,40,4.49921,15.097,-0.0355126,5.35935
0,40,4.49884,15.5937,-0.0432871,5.21095
0,40,4.4977,16.0878,-0.0509767,5.09383
0,40,4.49766,16.5791,-0.0411908,4.90815
0,40,4.49649,17.0688,-0.0364032,4.71913
0,40,4.49642,17.5553,-0.0465167,4.54881
0,40,4.495,18.0387,-0.0655791,4.29919
0,40,4.49486,18.5197,-0.0764671,4.10147
0,40,4.49372,18.9965,-0.0611053,3.93568
0,40,4.49417,19.4726,-0.0541198,3.73072
0,40,4.49343,19.9467,-0.0685396,3.65761
0,40,4.49404,20.4173,-0.0992207,3.47974
0,40,4.49317,20.8884,-0.106748,3.29791
0,40,4.49324,21.3561,-0.105257,3.27757
0,40,4.49293,21.8217,-0.0866729,3.04764
0,40,4.49324,22.289,-0.0729507,2.95652
0,40,4.49234,22.7502,-0.0913327,2.89116
0,40,4.49266,23.2119,-0.0444432,2.57246
0,40,4.49061,23.6722,-0.0389213,2.56647
0,40,4.49114,24.1263,0.000488776,2.38832
0,40,4.48897,24.5835,0.0558096,2.20322
0,40,4.48978,25.0353,0.0957875,2.2107
0,40,4.4881,25.4865,0.117116,1.98536
0,40,4.48955,25.9367,0.14319,1.91069
0,40,4.48738,26.3842,0.124097,1.76922
0,40,4.48923,26.8307,0.103879,1.63027
0,40,4.48699,27.2744,0.103831,1.43781
0,40,4.48838,27.7162,0.0529969,1.21136
0,40,4.48581,28.1545,0.0343502,1.04924
0,40,4.48673,28.5906,-0.025677,0.82027
0,40,4.48211,29.0261,-0.0284597,0.73116
0,40,4.48578,29.4604,-0.0362759,0.616028
0,40,4.47527,29.8958,-0.0663715,0.598368
0,40,4.49645,30.3298,0.063869,0.445076
0,40,4.45917,30.7623,-0.331539,0.384698
0,40,4.53513,31.1992,0.402953,0.200974
0,40,4.41371,31.6154,-1.18225,0.0371141
0,40,4.57726,32.0496,0.825252,-0.145378
0,40,4.99997,14.1,-0.00428486,5.46279
0,40,4.99974,14.5988,-0.0225934,5.40126
0,40,4.99929,15.0967,-0.0322559,5.3507
0,40,4.99908,15.593,-0.0359849,5.21456
0,40,4.99855,16.087,-0.0231968,5.09251
0,40,4.99813,16.5789,-0.0331528,4.90876
0,40,4.9981,17.0685,-0.033781,4.71757
0,40,4.9978,17.5546,-0.0356301,4.52556
0,40,4.99731,18.0379,-0.0535932,4.27529
0,40,4.99688,18.5191,-0.0620125,4.11113
0,40,4.9962,18.9964,-0.0573764,3.96613
0,40,4.99607,19.4727,-0.0271387,3.75307
0,40,4.99589,19.947,-0.0198388,3.64046
0,40,4.9961,20.4174,-0.0240668,3.45484
0,40,4.99575,20.8881,-0.0328545,3.30768
0,40,4.99583,21.3559,-0.0114475,3.28243
0,40,4.99544,21.822,-0.0153106,3.06649
0,40,4.99602,22.2884,0.0142232,2.95621
0,40,4.99513,22.7502,0.015442,2.89199
0,40,4.99587,23.2113,0.0388443,2.61947
0,40,4.9946,23.6712,0.057693,2.56257
0,40,4.99486,24.1259,0.0553066,2.42484
0,40,4.99347,24.582,0.0705867,2.23908
0,40,4.99348,25.0345,0.088215,2.20052
0,40,4.99191,25.485,0.0881774,1.98589
0,40,4.9926,25.9348,0.112471,1.88007
0,40,4.99101,26.3816,0.100552,1.71356
0,40,4.99265,26.829,0.097736,1.60747
0,40,4.99092,27.2728,0.0641287,1.45278
0,40,4.99326,27.7182,0.0524058,1.27343
0,40,4.99037,28.1597,0.0251158,1.20622
0,40,4.99375,28.6015,0.0212614,1.01328
0,40,4.98795,29.0402,0.00821021,0.976669
0,40,4.99481,29.4772,-6.51943e-05,0.799709
0,40,4.98014,29.9106,-0.087397,0.751672
0,40,5.00387,30.3449,0.0501607,0.616279
0,40,4.9615,30.7723,-0.368002,0.458752
0,40,5.03108,31.2108,0.389936,0.405327
0,40,4.94165,31.6273,-0.92961,0.011786
0,40,5.04605,32.0613,0.597392,-0.0890829
0,40,5.50001,14.0999,-0.00175979,5.45381
0,40,5.49997,14.5983,-0.00889928,5.38993
0,40,5.49965,15.0964,-0.0112958,5.34454
0,40,5.49955,15.5929,-0.0132003,5.21968
0,40,5.49934,16.0868,-0.00823047,5.10029
0,40,5.49932,16.5786,0.000730378,4.90159
0,40,5.49895,17.0685,-0.00363372,4.71783
0,40,5.49915,17.5543,-0.0131903,4.52465
0,40,5.49864,18.0376,-0.0245183,4.26265
0,40,5.49862,18.5186,-0.0304097,4.10321
0,40,5.49822,18.9959,-0.024244,3.97224
0,40,5.49831,19.4724,-0.0259625,3.76194
0,40,5.49808,19.9469,-0.029206,3.643
0,40,5.49824,20.4174,-0.0248862,3.4531
0,40,5.49815,20.8882,-0.0250882,3.31259
0,40,5.4983,21.3559,-0.0251095,3.29046
0,40,5.49799,21.8222,-0.0264853,3.06966
0,40,5.49815,22.2888,-0.0264269,2.98136
0,40,5.49785,22.75,-0.0123504,2.90107
0,40,5.49764,23.2116,-0.00949077,2.63607
0,40,5.4973,23.6708,0.00532121,2.58798
0,40,5.49704,24.1258,0.0335817,2.42029
0,40,5.49631,24.582,0.0280027,2.27432
0,40,5.49688,25.0344,0.0712318,2.22972
0,40,5.49571,25.4855,0.0690586,2.00967
0,40,5.49679,25.9357,0.0684946,1.90536
0,40,5.49561,26.383,0.0680959,1.72621
0,40,5.49665,26.83,0.0572856,1.57468
0,40,5.49518,27.2735,0.0423053,1.39704
0,40,5.49673,27.7166,0.0334238,1.18639
0,40,5.49448,28.1564,0.0234847,1.08461
0,40,5.49685,28.5957,0.00123203,0.919382
0,40,5.49256,29.0332,-0.0162064,0.86187
0,40,5.49804,29.4717,-0.00902953,0.771099
0,40,5.48839,29.904,-0.0639116,0.651687
0,40,5.50403,30.3423,0.0812304,0.528044
0,40,5.47762,30.7681,-0.270021,0.386443
0,40,5.51777,31.203,0.226792,0.224572
0,40,5.47184,31.6324,-0.512263,0.069867
0,40,5.52185,32.0595,0.2583,-0.211766
0,40,6,14.1,-2.44242e-12,5.45127
0,40,6,14.5983,-3.34895e-11,5.38923
0,40,6,15.0962,-1.11478e-10,5.345
0,40,6,15.5927,-7.62627e-11,5.21826
0,40,6,16.0867,-4.72087e-11,5.10615
0,40,6,16.5785,-6.93621e-11,4.91037
0,40,6,17.0685,-4.91699e-11,4.70669
0,40,6,17.5544,-2.176e-11,4.50844
0,40,6,18.0374,-8.92931e-11,4.25434
0,40,6,18.5187,-1.11248e-10,4.11177
0,40,6,18.9961,-1.42843e-10,3.98056
0,40,6,19.4726,-4.32632e-11,3.75479
0,40,6,19.947,4.39799e-11,3.64349
0,40,6,20.4174,-7.73865e-12,3.45526
0,40,6,20.8882,-3.13807e-11,3.3092
0,40,6,21.3557,-2.61264e-11,3.28853
0,40,6,21.8219,-2.03366e-11,3.06329
0,40,6,22.2886,-6.95776e-12,2.98025
0,40,6,22.7495,-6.06195e-13,2.90875
0,40,6,23.2111,5.80733e-12,2.63005
0,40,6,23.6706,9.05457e-12,2.61374
0,40,6,24.1248,6.34134e-12,2.42154
0,40,6,24.5819,5.33268e-12,2.27801
0,40,6,25.0335,2.40523e-12,2.24801
0,40,6,25.4848,-1.88347e-12,1.97447
0,40,6,25.935,-4.82305e-12,1.90107
0,40,6,26.3816,-6.01763e-12,1.70625
0,40,6,26.8295,-8.73164e-12,1.58016
0,40,6,27.273,-3.67831e-12,1.41859
0,40,6,27.7186,-5.3145e-12,1.23995
0,40,6,28.1582,-3.4698e-12,1.133
0,40,6,28.6001,-6.00345e-12,0.945681
0,40,6,29.0357,-4.4441e-12,0.893328
0,40,6,29.4742,-5.62574e-12,0.752202
0,40,6,29.906,-3.77139e-12,0.691091
0,40,6,30.3432,-7.06891e-12,0.602324
0,40,6,30.7701,-4.43261e-13,0.370953
0,40,6,31.2068,-4.80178e-12,0.263697
0,40,6,31.6343,-4.93184e-12,0.0780391
0,40,6,32.0626,9.05739e-13,-0.193211
0,40,6.49999,14.0999,0.00175979,5.45381
0,40,6.50003,14.5983,0.00889928,5.38993
0,40,6.50035,15.0964,0.0112958,5.34454
0,40,6.50045,15.5929,0.0132003,5.21968
0,40,6.50066,16.0868,0.00823047,5.10029
0,40,6.50068,16.5786,-0.000730378,4.90159
0,40,6.50105,17.0685,0.00363372,4.71783
0,40,6.50085,17.5543,0.0131903,4.52465
0,40,6.50136,18.0376,0.0245183,4.26265
0,40,6.50138,18.5186,0.0304097,4.10321
0,40,6.50178,18.9959,0.024244,3.97224
0,40,6.50169,19.4724,0.0259625,3.76194
0,40,6.50192,19.9469,0.029206,3.643
0,40,6.50176,20.4174,0.0248862,3.4531
0,40,6.50185,20.8882,0.0250882,3.31259
0,40,6.5017,21.3559,0.0251095,3.29046
0,40,6.50201,21.8222,0.0264853,3.06966
0,40,6.50185,22.2888,0.0264269,2.98136
0,40,6.50215,22.75,0.0123504,2.90107
0,40,6.50236,23.2116,0.00949077,2.63607
0,40,6.5027,23.6708,-0.00532121,2.58798
0,40,6.50296,24.1258,-0.0335817,2.42029
0,40,6.50369,24.582,-0.0280027,2.27432
0,40,6.50312,25.0344,-0.0712318,2.22972
0,40,6.50429,25.4855,-0.0690586,2.00967
0,40,6.50321,25.9357,-0.0684946,1.90536
0,40,6.50439,26.383,-0.0680959,1.72621
0,40,6.50335,26.83,-0.0572856,1.57468
0,40,6.50482,27.2735,-0.0423053,1.39704
0,40,6.50327,27.7166,-0.0334238,1.18639
0,40,6.50552,28.1564,-0.0234847,1.08461
0,40,6.50315,28.5957,-0.00123203,0.919382
0,40,6.50744,29.0332,0.0162064,0.86187
0,40,6.50196,29.4717,0.00902953,0.771099
0,40,6.51161,29.904,0.0639116,0.651687
0,40,6.49597,30.3423,-0.0812304,0.528044
0,40,6.52238,30.7681,0.270021,0.386443
0,40,6.48223,31.203,-0.226792,0.224572
0,40,6.52816,31.6324,0.512263,0.069867
0,40,6.47815,32.0595,-0.2583,-0.211766
0,40,7.00003,14.1,0.00428486,5.46279
0,40,7.00026,14.5988,0.0225934,5.40126
0,40,7.00071,15.0967,0.0322559,5.3507
0,40,7.00092,15.593,0.0359849,5.21456
0,40,7.00145,16.087,0.0231968,5.09251
0,40,7.00187,16.5789,0.0331528,4.90876
0,40,7.0019,17.0685,0.033781,4.71757
0,40,7.0022,17.5546,0.0356301,4.52556
0,40,7.00269,18.0379,0.0535932,4.27529
0,40,7.00312,18.5191,0.0620125,4.11113
0,40,7.0038,18.9964,0.0573764,3.96613
0,40,7.00393,19.4727,0.0271387,3.75307
0,40,7.00411,19.947,0.0198388,3.64046
0,40,7.0039,20.4174,0.0240668,3.45484
0,40,7.00425,20.8881,0.0328545,3.30768
0,40,7.00417,21.3559,0.0114475,3.28243
0,40,7.00456,21.822,0.0153106,3.06649
0,40,7.00398,22.2884,-0.0142232,2.95621
0,40,7.00487,22.7502,-0.015442,2.89199
0,40,7.00413,23.2113,-0.0388443,2.61947
0,40,7.0054,23.6712,-0.057693,2.56257
0,40,7.00514,24.1259,-0.0553066,2.42484
0,40,7.00653,24.582,-0.0705867,2.23908
0,40,7.00652,25.0345,-0.088215,2.20052
0,40,7.00809,25.485,-0.0881774,1.98589
0,40,7.0074,25.9348,-0.112471,1.88007
0,40,7.00899,26.3816,-0.100552,1.71356
0,40,7.00735,26.829,-0.097736,1.60747
0,40,7.00908,27.2728,-0.0641287,1.45278
0,40,7.00674,27.7182,-0.0524058,1.27343
0,40,7.00963,28.1597,-0.0251158,1.20622
0,40,7.00625,28.6015,-0.0212614,1.01328
0,40,7.01205,29.0402,-0.00821021,0.976669
0,40,7.00519,29.4772,6.51943e-05,0.799709
0,40,7.01986,29.9106,0.087397,0.751672
0,40,6.99613,30.3449,-0.0501607,0.616279
0,40,7.0385,30.7723,0.368002,0.458752
0,40,6.96892,31.2108,-0.389936,0.405327
0,40,7.05835,31.6273,0.92961,0.011786
0,40,6.95395,32.0613,-0.597392,-0.0890829
0,40,7.5,14.1001,0.00423382,5.47746
0,40,7.50014,14.5991,0.0232854,5.41819
0,40,7.50079,15.097,0.0355126,5.35935
0,40,7.50116,15.5937,0.0432871,5.21095
0,40,7.5023,16.0878,0.0509767,5.09383
0,40,7.50234,16.5791,0.0411908,4.90815
0,40,7.50351,17.0688,0.0364032,4.71913
0,40,7.50358,17.5553,0.0465167,4.54881
0,40,7.505,18.0387,0.0655791,4.29919
0,40,7.50514,18.5197,0.0764671,4.10147
0,40,7.50628,18.9965,0.0611053,3.93568
0,40,7.50583,19.4726,0.0541198,3.73072
0,40,7.50657,19.9467,0.0685396,3.65761
0,40,7.50596,20.4173,0.0992207,3.47974
0,40,7.50683,20.8884,0.106748,3.29791
0,40,7.50676,21.3561,0.105257,3.27757
0,40,7.50707,21.8217,0.0866729,3.04764
0,40,7.50676,22.289,0.0729507,2.95652
0,40,7.50766,22.7502,0.0913327,2.89116
0,40,7.50734,23.2119,0.0444432,2.57246
0,40,7.50939,23.6722,0.0389213,2.56647
0,40,7.50886,24.1263,-0.000488776,2.38832
0,40,7.51103,24.5835,-0.0558096,2.20322
0,40,7.51022,25.0353,-0.0957875,2.2107
0,40,7.5119,25.4865,-0.117116,1.98536
0,40,7.51045,25.9367,-0.14319,1.91069
0,40,7.51262,26.3842,-0.124097,1.76922
0,40,7.51077,26.8307,-0.103879,1.63027
0,40,7.51301,27.2744,-0.103831,1.43781
0,40,7.51162,27.7162,-0.0529969,1.21136
0,40,7.51419,28.1545,-0.0343502,1.04924
0,40,7.51327,28.5906,0.025677,0.82027
0,40,7.51789,29.0261,0.0284597,0.73116
0,40,7.51422,29.4604,0.0362759,0.616028
0,40,7.52473,29.8958,0.0663715,0.598368
0,40,7.50355,30.3298,-0.063869,0.445076
0,40,7.54083,30.7623,0.331539,0.384698
0,40,7.46487,31.1992,-0.402953,0.200974
0,40,7.58629,31.6154,1.18225,0.0371141
0,40,7.42274,32.0496,-0.825252,-0.145378
0,40,8.00004,14.1001,0.00619277,5.49072
0,40,8.00033,14.5997,0.0319161,5.43695
0,40,8.00101,15.0976,0.0460046,5.37136
0,40,8.00193,15.5946,0.0717152,5.23005
0,40,8.00262,16.0882,0.0710426,5.08473
0,40,8.00392,16.5802,0.0547061,4.89237
0,40,8.00499,17.0696,0.0555723,4.71883
0,40,8.00584,17.5559,0.0397027,4.53954
0,40,8.00648,18.0391,0.0179258,4.30117
0,40,8.0067,18.5203,0.00904304,4.11477
0,40,8.00767,18.9972,0.0524503,3.95134
0,40,8.00793,19.4734,0.0602464,3.75161
0,40,8.00962,19.9472,0.088827,3.68124
0,40,8.00888,20.4175,0.0432824,3.47175
0,40,8.01028,20.8892,0.0487223,3.31434
0,40,8.00894,21.3559,0.0564791,3.26779
0,40,8.01044,21.822,0.0428487,3.01053
0,40,8.00941,22.2891,0.0407285,2.97415
0,40,8.01061,22.7503,0.0307452,2.85002
0,40,8.00991,23.2129,0.00151142,2.55107
0,40,8.01173,23.6728,0.0160024,2.56143
0,40,8.01135,24.1274,-0.00334004,2.32854
0,40,8.01388,24.5846,-0.0270546,2.15013
0,40,8.01409,25.0356,-0.0353748,2.15167
0,40,8.01591,25.4855,-0.0896762,1.87977
0,40,8.01641,25.935,-0.0996389,1.8458
0,40,8.01747,26.3796,-0.0923951,1.69357
0,40,8.01762,26.826,-0.0839176,1.56837
0,40,8.01845,27.2684,-0.0329945,1.4493
0,40,8.01796,27.7136,-0.0162206,1.29002
0,40,8.01799,28.1569,-0.00883137,1.27453
0,40,8.01685,28.6028,-0.0291039,1.12254
0,40,8.01735,29.0495,-0.0331258,1.17514
0,40,8.01592,29.4912,-0.0344273,0.990823
0,40,8.02115,29.934,0.0095059,0.993807
0,40,8.0153,30.3628,0.0191074,0.784985
0,40,8.03599,30.7945,0.267676,0.759951
0,40,7.97596,31.2232,-0.350174,0.558841
0,40,8.10167,31.6406,1.17294,0.495515
0,40,7.8913,32.0696,-1.08382,0.10247
0,40,8.49991,14.1001,0.00407138,5.51135
0,40,8.50003,14.6003,0.0344134,5.46814
0,40,8.5015,15.0985,0.0832468,5.39303
0,40,8.50121,15.5954,0.0607434,5.23393
0,40,8.50375,16.0897,0.0786859,5.07679
0,40,8.50362,16.5813,0.0645819,4.88984
0,40,8.50638,17.0709,0.0801044,4.72442
0,40,8.50632,17.5569,0.0718807,4.5142
0,40,8.50916,18.0403,0.0522742,4.27275
0,40,8.50959,18.5208,0.0612437,4.13134
0,40,8.51167,18.9979,0.0572428,3.96462
0,40,8.51193,19.4742,0.0695038,3.76046
0,40,8.51343,19.9472,0.0632962,3.65135
0,40,8.51322,20.4176,0.0492991,3.43129
0,40,8.51432,20.8884,0.0676229,3.34716
0,40,8.5131,21.3555,0.0928495,3.27521
0,40,8.51425,21.8223,0.108205,3.03407
0,40,8.51365,22.2887,0.142219,3.00104
0,40,8.51438,22.7507,0.129221,2.83509
0,40,8.5148,23.2139,0.137366,2.5918
0,40,8.51605,23.6734,0.15008,2.57985
0,40,8.5165,24.1292,0.0871781,2.31115
0,40,8.51836,24.587,0.0678395,2.22096
0,40,8.51778,25.038,0.0139947,2.17648
0,40,8.51897,25.4921,-0.0523205,2.00933
0,40,8.51853,25.9432,-0.0512014,2.08757
0,40,8.51841,26.3943,-0.105979,1.98021
0,40,8.51895,26.8456,-0.0763881,2.00629
0,40,8.51756,27.2926,-0.0899841,1.83175
0,40,8.51913,27.7394,-0.0389001,1.64594
0,40,8.51739,28.1786,-0.0286987,1.40254
0,40,8.52119,28.6155,0.0074031,1.10658
0,40,8.52142,29.0446,0.0143856,0.91198
0,40,8.52733,29.4725,-0.00826877,0.749443
0,40,8.52969,29.896,0.0213749,0.728556
0,40,8.52924,30.3239,-0.100939,0.681654
0,40,8.54164,30.7568,0.158653,0.844127
0,40,8.48873,31.186,-0.348659,0.770805
0,40,8.58476,31.6303,1.02479,0.659681
0,40,8.38308,32.0829,-0.91699,0.341682
0,40,9.00002,14.0998,0.0137644,5.52771
0,40,9.00016,14.6015,0.0751593,5.53389
0,40,9.00075,15.0987,0.099463,5.38422
0,40,9.00244,15.597,0.0723118,5.22204
0,40,9.00342,16.0903,0.0821321,5.08544
0,40,9.00469,16.5828,0.0644426,4.8792
0,40,9.00605,17.0721,0.0691545,4.72659
0,40,9.00724,17.558,0.0256389,4.4824
0,40,9.00917,18.0421,0.0270789,4.28665
0,40,9.00969,18.5218,0.0232813,4.1255
0,40,9.0119,18.9994,0.0145685,3.9481
0,40,9.01205,19.4746,-0.00344992,3.76316
0,40,9.01384,19.9476,0.0145398,3.64393
0,40,9.01362,20.418,0.0411144,3.44341
0,40,9.01615,20.8875,0.102196,3.34928
0,40,9.01538,21.354,0.103303,3.21127
0,40,9.01764,21.8201,0.0995333,2.98145
0,40,9.01679,22.2842,0.131822,2.88983
0,40,9.01814,22.7452,0.0943725,2.65982
0,40,9.01909,23.2064,0.15717,2.45419
0,40,9.02003,23.6624,0.152553,2.27253
0,40,9.02252,24.1167,0.151186,1.972
0,40,9.02325,24.5675,0.136554,1.77473
0,40,9.02504,25.0147,0.0623099,1.569
0,40,9.02487,25.4596,0.0100647,1.34768
0,40,9.02596,25.9014,-0.0532418,1.22248
0,40,9.02602,26.3394,-0.0607473,1.03233
0,40,9.02889,26.7743,-0.0504273,0.904085
0,40,9.02984,27.2042,0.0171419,0.734304
0,40,9.03246,27.6317,0.0461899,0.560331
0,40,9.03141,28.0582,0.102673,0.425806
0,40,9.03232,28.4862,0.0447059,0.251483
0,40,9.03121,28.9203,0.0289985,0.193446
0,40,9.03017,29.3593,-0.1428,0.135526
0,40,9.028,29.8086,-0.19573,0.247878
0,40,9.01848,30.2617,-0.357392,0.347264
0,40,9.01758,30.7275,-0.192391,0.536029
0,40,8.98518,31.1825,-0.396658,0.597774
0,40,9.0277,31.6506,0.900613,0.803723
0,40,8.88542,32.0928,-0.457628,0.35626
0,40,9.50364,14.1038,0.0210054,5.5934
0,40,9.49694,14.6041,0.0638807,5.57663
0,40,9.50283,15.1042,0.0780442,5.42125
0,40,9.50004,15.6017,0.0667813,5.28394
0,40,9.50435,16.0967,0.0645997,5.17029
0,40,9.5028,16.5898,0.0757778,4.99829
0,40,9.50647,17.0812,0.0619368,4.84831
0,40,9.50666,17.5693,0.0683729,4.62599
0,40,9.51028,18.0552,0.015019,4.47515
0,40,9.51077,18.538,0.0438417,4.3312
0,40,9.51376,19.0198,-0.0135485,4.15341
0,40,9.51533,19.4982,-0.00835537,4.01849
0,40,9.51681,19.9756,-0.0652736,3.91002
0,40,9.51871,20.4517,-0.0391077,3.80935
0,40,9.51918,20.9263,-0.0369166,3.74378
0,40,9.52072,21.3999,0.0100056,3.63801
0,40,9.52066,21.8719,0.0451382,3.55541
0,40,9.52241,22.3429,0.126705,3.50132
0,40,9.52252,22.8128,0.180044,3.41772
0,40,9.52518,23.2819,0.261133,3.33566
0,40,9.52546,23.7497,0.305065,3.21409
0,40,9.52817,24.2156,0.320543,3.05599
0,40,9.52835,24.6797,0.321589,2.91414
0,40,9.52964,25.1412,0.246929,2.76678
0,40,9.53,25.6014,0.210835,2.64424
0,40,9.53051,26.06,0.121948,2.56792
0,40,9.53322,26.5186,0.102116,2.49094
0,40,9.53494,26.9769,0.0400634,2.45905
0,40,9.53956,27.4351,0.0293074,2.34693
0,40,9.53833,27.8915,-0.0303945,2.27302
0,40,9.54009,28.3433,-0.0202281,2.09715
0,40,9.53331,28.7915,-0.0380242,1.94919
0,40,9.5324,29.2339,-0.0624874,1.7535
0,40,9.52249,29.6707,-0.111626,1.50261
0,40,9.516,30.1017,-0.258119,1.19065
0,40,9.50836,30.523,-0.273248,0.818643
0,40,9.50359,30.9429,-0.14575,0.5725
0,40,9.49175,31.3431,-0.424212,0.149455
0,40,9.53569,31.7586,1.12739,0.282434
0,40,9.43432,32.1378,-0.524176,0.182779
1,40,10,1.5,0,0
1,40,10.5,1.5,0,0
1,40,1.5,1.5,0,0
1,40,2,1.5,0,0
1,40,10,2,0,0
1,40,10.5,2,0,0
1,40,1.5,2,0,0
1,40,2,2,0,0
1,40,10,2.5,0,0
1,40,10.5,2.5,0,0
1,40,1.5,2.5,0,0
1,40,2,2.5,0,0
1,40,10,3,0,0
1,40,10.5,3,0,0
1,40,1.5,3,0,0
1,40,2,3,0,0
1,40,10,3.5,0,0
1,40,10.5,3.5,0,0
1,40,1.5,3.5,0,0
1,40,2,3.5,0,0
1,40,10,4,0,0
1,40,10.5,4,0,0
1,40,1.5,4,0,0
1,40,2,4,0,0
1,40,10,4.5,0,0
1,40,10.5,4.5,0,0
1,40,1.5,4.5,0,0
1,40,2,4.5,0,0
1,40,10,5,0,0
1,40,10.5,5,0,0
1,40,1.5,5,0,0
1,40,2,5,0,0
1,40,10,5.5,0,0
1,40,10.5,5.5,0,0
1,40,1.5,5.5,0,0
1,40,2,5.5,0,0
1,40,10,6,0,0
1,40,10.5,6,0,0
1,40,1.5,6,0,0
1,40,2,6,0,0
1,40,10,6.5,0,0
1,40,10.5,6.5,0,0
1,40,1.5,6.5,0,0
1,40,2,6.5,0,0
1,40,10,7,0,0
1,40,10.5,7,0,0
1,40,1.5,7,0,0
1,40,2,7,0,0
1,40,10,7.5,0,0
1,40,10.5,7.5,0,0
1,40,1.5,7.5,0,0
1,40,2,7.5,0,0
1,40,10,8,0,0
1,40,10.5,8,0,0
1,40,1.5,8,0,0
1,40,2,8,0,0
1,40,10,8.5,0,0
1,40,10.5,8.5,0,0
1,40,1.5,8.5,0,0
1,40,2,8.5,0,0
1,40,10,9,0,0
1,40,10.5,9,0,0
1,40,1.5,9,0,0
1,40,2,9,0,0
1,40,10,9.5,0,0
1,40,10.5,9.5,0,0
1,40,1.5,9.5,0,0
1,40,2,9.5,0,0
1,40,10,10,0,0
1,40,10.5,10,0,0
1,40,1.5,10,0,0
1,40,2,10,0,0
1,40,10,10.5,0,0
1,40,10.5,10.5,0,0
1,40,1.5,10.5,0,0
1,40,2,10.5,0,0
1,40,10,11,0,0
1,40,10.5,11,0,0
1,40,1.5,11,0,0
1,40,2,11,0,0
1,40,10,11.5,0,0
1,40,10.5,11.5,0,0
1,40,1.5,11.5,0,0
1,40,2,11.5,0,0
1,40,10,12,0,0
1,40,10.5,12,0,0
1,40,1.5,12,0,0
1,40,2,12,0,0
1,40,10,12.5,0,0
1,40,10.5,12.5,0,0
1,40,1.5,12.5,0,0
1,40,2,12.5,0,0
1,40,10,13,0,0
1,40,10.5,13,0,0
1,40,1.5,13,0,0
1,40,2,13,0,0
1,40,10,13.5,0,0
1,40,10.5,13.5,0,0
1,40,1.5,13.5,0,0
1,40,2,13.5,0,0
1,40,10,14,0,0
1,40,10.5,14,0,0
1,40,1.5,14,0,0
1,40,2,14,0,0
1,40,10,14.5,0,0
1,40,10.5,14.5,0,0
1,40,1.5,14.5,0,0
1,40,2,14.5,0,0
1,40,10,15,0,0
1,40,10.5,15,0,0
1,40,1.5,15,0,0
1,40,2,15,0,0
1,40,10,15.5,0,0
1,40,10.5,15.5,0,0
1,40,1.5,15.5,0,0
1,40,2,15.5,0,0
1,40,10,16,0,0
1,40,10.5,16,0,0
1,40,1.5,16,0,0
1,40,2,16,0,0
1,40,10,16.5,0,0
1,40,10.5,16.5,0,0
1,40,1.5,16.5,0,0
1,40,2,16.5,0,0
1,40,10,17,0,0
1,40,10.5,17,0,0
1,40,1.5,17,0,0
1,40,2,17,0,0
1,40,10,17.5,0,0
1,40,10.5,17.5,0,0
1,40,1.5,17.5,0,0
1,40,2,17.5,0,0
1,40,10,18,0,0
1,40,10.5,18,0,0
1,40,1.5,18,0,0
1,40,2,18,0,0
1,40,10,18.5,0,0
1,40,10.5,18.5,0,0
1,40,1.5,18.5,0,0
1,40,2,18.5,0,0
1,40,10,19,0,0
1,40,10.5,19,0,0
1,40,1.5,19,0,0
1,40,2,19,0,0
1,40,10,19.5,0,0
1,40,10.5,19.5,0,0
1,40,1.5,19.5,0,0
1,40,2,19.5,0,0
1,40,10,20,0,0
1,40,10.5,20,0,0
1,40,1.5,20,0,0
1,40,2,20,0,0
1,40,10,20.5,0,0
1,40,10.5,20.5,0,0
1,40,1.5,20.5,0,0
1,40,2,20.5,0,0
1,40,10,21,0,0
1,40,10.5,21,0,0
1,40,1.5,21,0,0
1,40,2,21,0,0
1,40,10,21.5,0,0
1,40,10.5,21.5,0,0
1,40,1.5,21.5,0,0
1,40,2,21.5,0,0
1,40,10,22,0,0
1,40,10.5,22,0,0
1,40,1.5,22,0,0
1,40,2,22,0,0
1,40,10,22.5,0,0
1,40,10.5,22.5,0,0
1,40,1.5,22.5,0,0
1,40,2,22.5,0,0
1,40,10,23,0,0
1,40,10.5,23,0,0
1,40,1.5,23,0,0
1,40,2,23,0,0
1,40,10,23.5,0,0
1,40,10.5,23.5,0,0
1,40,1.5,23.5,0,0
1,40,2,23.5,0,0
1,40,10,24,0,0
1,40,10.5,24,0,0
1,40,1.5,24,0,0
1,40,2,24,0,0
1,40,10,24.5,0,0
1,40,10.5,24.5,0,0
1,40,1.5,24.5,0,0
1,40,2,24.5,0,0
1,40,10,25,0,0
1,40,10.5,25,0,0
1,40,1.5,25,0,0
1,40,2,25,0,0
1,40,10,25.5,0,0
1,40,10.5,25.5,0,0
1,40,1.5,25.5,0,0
1,40,2,25.5,0,0
1,40,10,26,0,0
1,40,10.5,26,0,0
1,40,1.5,26,0,0
1,40,2,26,0,0
1,40,10,26.5,0,0
1,40,10.5,26.5,0,0
1,40,1.5,26.5,0,0
1,40,2,26.5,0,0
1,40,10,27,0,0
1,40,10.5,27,0,0
1,40,1.5,27,0,0
1,40,2,27,0,0
1,40,10,27.5,0,0
1,40,10.5,27.5,0,0
1,40,1.5,27.5,0,0
1,40,2,27.5,0,0
1,40,10,28,0,0
1,40,10.5,28,0,0
1,40,1.5,28,0,0
1,40,2,28,0,0
1,40,10,28.5,0,0
1,40,10.5,28.5,0,0
1,40,1.5,28.5,0,0
1,40,2,28.5,0,0
1,40,10,29,0,0
1,40,10.5,29,0,0
1,40,1.5,29,0,0
1,40,2,29,0,0
1,40,10,29.5,0,0
1,40,10.5,29.5,0,0
1,40,1.5,29.5,0,0
1,40,2,29.5,0,0
1,40,10,30,0,0
1,40,10.5,30,0,0
1,40,1.5,30,0,0
1,40,2,30,0,0
1,40,10,30.5,0,0
1,40,10.5,30.5,0,0
1,40,1.5,30.5,0,0
1,40,2,30.5,0,0
1,40,10,31,0,0
1,40,10.5,31,0,0
1,40,1.5,31,0,0
1,40,2,31,0,0
1,40,10,31.5,0,0
1,40,10.5,31.5,0,0
1,40,1.5,31.5,0,0
1,40,2,31.5,0,0
1,40,10,32,0,0
1,40,10.5,32,0,0
1,40,1.5,32,0,0
1,40,2,32,0,0
1,40,10,32.5,0,0
1,40,10.5,32.5,0,0
1,40,1.5,32.5,0,0
1,40,2,32.5,0,0
1,40,10,33,0,0
1,40,10.5,33,0,0
1,40,1.5,33,0,0
1,40,2,33,0,0
1,40,2.5,1.5,0,0
1,40,2.5,2,0,0
1,40,2.5,32.5,0,0
1,40,2.5,33,0,0
1,40,3,1.5,0,0
1,40,3,2,0,0
1,40,3,32.5,0,0
1,40,3,33,0,0
1,40,3.5,1.5,0,0
1,40,3.5,2,0,0
1,40,3.5,32.5,0,0
1,40,3.5,33,0,0
1,40,4,1.5,0,0
1,40,4,2,0,0
1,40,4,32.5,0,0
1,40,4,33,0,0
1,40,4.5,1.5,0,0
1,40,4.5,2,0,0
1,40,4.5,32.5,0,0
1,40,4.5,33,0,0
1,40,5,1.5,0,0
1,40,5,2,0,0
1,40,5,32.5,0,0
1,40,5,33,0,0
1,40,5.5,1.5,0,0
1,40,5.5,2,0,0
1,40,5.5,32.5,0,0
1,40,5.5,33,0,0
1,40,6,1.5,0,0
1,40,6,2,0,0
1,40,6,32.5,0,0
1,40,6,33,0,0
1,40,6.5,1.5,0,0
1,40,6.5,2,0,0
1,40,6.5,32.5,0,0
1,40,6.5,33,0,0
1,40,7,1.5,0,0
1,40,7,2,0,0
1,40,7,32.5,0,0
1,40,7,33,0,0
1,40,7.5,1.5,0,0
1,40,7.5,2,0,0
1,40,7.5,32.5,0,0
1,40,7.5,33,0,0
1,40,8,1.5,0,0
1,40,8,2,0,0
1,40,8,32.5,0,0
1,40,8,33,0,0
1,40,8.5,1.5,0,0
1,40,8.5,2,0,0
1,40,8.5,32.5,0,0
1,40,8.5,33,0,0
1,40,9,1.5,0,0
1,40,9,2,0,0
1,40,9,32.5,0,0
1,40,9,33,0,0
1,40,9.5,1.5,0,0
1,40,9.5,2,0,0
1,40,9.5,32.5,0,0
1,40,9.5,33,0,0
