916 2 0.5 203000 0 2 0 1e-05 0 9.81 45 45
0,40,2.42799,15.9073,-0.290258,-0.451728
0,40,2.4798,16.3853,-1.09807,-0.32824
0,40,2.4364,16.9188,0.208246,0.652479
0,40,2.45803,17.4472,-0.401911,0.473007
0,40,2.45647,17.9321,0.393838,0.345659
0,40,2.46574,18.4298,-0.0482822,0.194749
0,40,2.48297,18.8982,0.716318,-0.183796
0,40,2.48341,19.3772,0.331629,0.0116159
0,40,2.48777,19.8545,0.365268,-0.096023
0,40,2.48734,20.3245,0.278098,0.0894155
0,40,2.48188,20.8027,0.139058,0.268476
0,40,2.50263,21.2481,0.322369,0.120974
0,40,2.4776,21.7069,-0.281029,0.164819
0,40,2.51968,22.1268,0.642905,-0.380126
0,40,2.46489,22.5472,-0.150124,-0.794771
0,40,2.5198,22.9705,1.12236,-0.788792
0,40,2.45959,23.3697,0.580323,-1.21431
0,40,2.47054,23.821,0.103392,-1.14553
0,40,2.46372,24.2536,0.76256,-0.714651
0,40,2.38273,24.7205,-0.714978,-0.858214
0,40,2.51893,25.1743,-0.441178,-0.392296
0,40,2.35316,25.6025,-0.748809,-0.240139
0,40,2.58249,25.9548,0.149649,-1.52154
0,40,2.40449,26.3324,-1.68937,-1.66281
0,40,2.37233,26.8422,0.371393,-0.653808
0,40,2.48538,27.2831,-0.934481,0.821101
0,40,2.39751,27.7315,-0.113222,0.408808
0,40,2.75834,27.9975,0.148881,-0.63417
0,40,2.32714,28.282,1.17889,-1.59102
0,40,2.34232,28.9849,-0.975095,-0.490276
0,40,2.87392,29.0126,0.603222,-2.43149
0,40,2.48346,29.4008,2.37039,-0.328225
0,40,2.82049,29.8177,0.484573,0.356816
0,40,2.41479,29.8461,-1.17181,-1.38185
0,40,2.30195,30.3405,1.73142,-0.502273
0,40,2.27861,30.9586,0.112158,-0.520207
0,40,2.48218,31.3782,-0.251277,0.260139
0,40,2.74539,31.6426,-0.173154,-1.11996
0,40,2.23726,31.8703,0.313876,0.712902
0,40,2.31152,32.5985,-1.24987,1.5904
0,40,2.95665,15.2994,-0.26659,-1.08393
0,40,2.72757,15.4843,-1.94291,-2.76762
0,40,3.02502,15.9566,-0.563523,-3.03745
0,40,2.98741,16.4331,0.600187,-3.25479
0,40,2.93969,16.9268,-0.591683,-2.98091
0,40,3.00873,17.3671,-0.110789,-2.34193
0,40,2.97267,17.8425,0.0526135,-2.24803
0,40,2.98709,18.2935,-0.42165,-2.20693
0,40,2.99032,18.7717,0.134836,-2.21464
0,40,2.98642,19.2173,-0.0939236,-2.31624
0,40,2.96922,19.6914,0.055707,-2.2948
0,40,2.9878,20.1466,0.348123,-1.9416
0,40,2.95252,20.6135,0.0334289,-1.89404
0,40,2.9953,21.0881,0.361694,-1.74797
0,40,2.96722,21.5595,0.344055,-1.59452
0,40,3.01096,22.0337,0.472396,-2.06893
0,40,2.99074,22.5283,0.779107,-1.21819
0,40,3.00543,22.9758,0.679772,-1.73668
0,40,2.98008,23.4866,0.59556,-0.714428
0,40,2.94416,23.9201,-0.0840056,-0.477726
0,40,2.95083,24.4201,-0.379765,-0.822652
0,40,2.87965,24.8235,-0.510136,-0.289946
0,40,2.93812,25.292,-0.922843,-1.69435
0,40,2.98095,25.719,0.362864,-0.378132
0,40,2.99282,26.2063,0.0217407,-1.04374
0,40,2.7909,26.6635,-0.907326,-0.614565
0,40,3.019,26.9284,-1.59896,-1.04844
0,40,2.87441,27.4209,0.263221,-0.63336
0,40,3.12688,27.7548,0.722887,-1.00535
0,40,2.9481,28.3306,-0.788228,-1.37231
0,40,2.58598,28.6301,-0.809611,-0.587673
0,40,3.21097,28.659,0.296792,-1.47808
0,40,3.00825,29.3529,0.595387,-0.505549
0,40,3.23221,30.1426,1.23953,1.15674
0,40,2.82451,30.292,1.1627,-1.03117
0,40,2.70196,30.6286,0.656437,0.0662773
0,40,2.79334,31.0324,0.16817,-1.34818
0,40,3.11911,31.691,-0.0135957,1.61576
0,40,2.69777,32.0679,-0.744708,1.28031
0,40,3.1567,32.2041,0.968698,-2.02551
0,40,3.54355,15.3339,-0.106674,-2.21513
0,40,3.3794,15.7633,-0.334223,-1.66459
0,40,3.47028,16.3852,-0.320221,-0.736349
0,40,3.44199,16.8683,-0.642883,-0.627869
0,40,3.48063,17.3761,-0.183362,-0.734218
0,40,3.47616,17.9043,-0.0276663,-0.639837
0,40,3.47961,18.3656,0.0187993,-1.14814
0,40,3.49852,18.8719,0.231464,-1.35474
0,40,3.51041,19.3162,0.383515,-1.68468
0,40,3.47327,19.7769,-0.0929683,-2.03915
0,40,3.52978,20.2252,0.519762,-2.32497
0,40,3.45349,20.6489,-0.263278,-2.39398
0,40,3.53101,21.0719,0.592948,-2.79188
0,40,3.4434,21.4992,-0.374999,-2.65793
0,40,3.53569,21.9184,0.742498,-2.48386
0,40,3.42125,22.3489,-0.254208,-2.29424
0,40,3.54736,22.7827,0.381671,-2.36051
0,40,3.39641,23.2334,0.331746,-1.31835
0,40,3.53269,23.6325,-0.335133,-2.10577
0,40,3.37159,24.06,0.720455,-1.2402
0,40,3.45328,24.5087,-0.696951,-1.28494
0,40,3.39488,24.8971,0.290149,-1.38257
0,40,3.41425,25.3851,-1.073,-1.43717
0,40,3.45343,25.8213,-0.223941,-1.09088
0,40,3.32856,26.3619,-1.46336,-0.194155
0,40,3.57608,26.6318,0.90998,-1.07687
0,40,3.37001,27.1113,-0.62586,-1.68218
0,40,3.57328,27.3813,0.462028,-1.12579
0,40,3.52413,27.8474,0.710043,-1.71693
0,40,3.46321,28.2662,-0.191569,-1.40496
0,40,3.659,28.6961,0.599325,-1.88067
0,40,3.39997,29.1191,0.154942,-0.856973
0,40,3.30441,29.7016,-0.562688,-1.05293
0,40,3.77339,29.8931,0.315074,-1.94662
0,40,3.22884,30.6852,1.16262,0.464337
0,40,3.55174,30.3838,1.01791,-0.719101
0,40,3.15723,31.2067,-1.07667,1.90371
0,40,3.51698,31.0277,-1.22729,-1.27221
0,40,3.55811,31.6004,1.56236,-1.91986
0,40,3.5696,32.0079,0.00584937,-0.607622
0,40,3.96545,15.2532,-0.0595091,-2.42335
0,40,3.95129,15.7417,-0.225155,-1.99711
0,40,3.9918,16.1541,0.10661,-2.56626
0,40,3.92295,16.6063,-0.639926,-2.25362
0,40,4.05457,17.055,0.807436,-2.36973
0,40,3.92005,17.4912,-0.781528,-2.33552
0,40,4.06046,17.9501,0.400025,-2.53688
0,40,3.94968,18.4033,-0.417935,-2.04122
0,40,4.02123,18.8715,-0.130413,-1.97337
0,40,3.99543,19.3606,-0.0811671,-1.41385
0,40,3.97921,19.8447,0.116231,-1.10082
0,40,4.00537,20.3307,0.00843021,-0.913794
0,40,3.99346,20.8205,0.44568,-0.908961
0,40,4.00589,21.2876,0.0554819,-1.19062
0,40,4.00526,21.7444,0.206373,-1.69221
0,40,4.00115,22.2027,-0.194385,-1.70974
0,40,4.00757,22.6083,0.45763,-1.81768
0,40,3.94935,23.078,-0.899565,-1.82028
0,40,4.03356,23.4628,0.635283,-1.44821
0,40,3.93416,23.9609,-0.998303,-1.29397
0,40,3.9301,24.3131,0.136211,-1.49211
0,40,3.9681,24.8232,-0.857169,-1.48781
0,40,3.84054,25.18,0.41219,-1.43662
0,40,3.92394,25.6335,-0.595467,-1.78815
0,40,3.81348,26.1012,-0.209793,-1.30545
0,40,4.05702,26.4607,0.073439,-1.94373
0,40,3.95356,26.9157,0.0922401,-1.19886
0,40,4.06035,27.2694,0.611846,-1.30832
0,40,4.00048,27.7542,0.789601,-1.46927
0,40,3.98,28.1574,0.159313,-1.02318
0,40,4.08982,28.5339,0.898696,-0.552683
0,40,3.91632,29.0761,0.141711,-1.05853
0,40,3.70718,29.484,-0.914123,-0.602139
0,40,4.18479,29.8131,1.08669,-0.671946
0,40,4.00941,30.308,-0.0125461,-1.33044
0,40,4.41763,30.5455,1.67882,-0.975032
0,40,3.91067,30.7067,1.48979,-1.55717
0,40,3.86004,31.2055,-0.11968,-2.15078
0,40,3.97656,31.7359,-0.329011,-0.502878
0,40,4.05973,32.2136,0.171083,0.533655
0,40,4.49612,15.3067,-0.0483176,-1.76574
0,40,4.48209,15.7693,-0.0199857,-1.27511
0,40,4.50038,16.3066,-0.089982,-1.41093
0,40,4.47849,16.7816,-0.224956,-1.09941
0,40,4.49363,17.3054,-0.27854,-0.573174
0,40,4.48249,17.7944,-0.157003,-0.851267
0,40,4.488,18.3104,-0.310281,-0.709944
0,40,4.4865,18.779,-0.135981,-1.29618
0,40,4.50267,19.2583,-0.0122151,-1.68381
0,40,4.46351,19.7135,-0.416693,-2.0951
0,40,4.5267,20.1493,0.247356,-2.2618
0,40,4.4547,20.5965,-0.390704,-2.38395
0,40,4.52495,21.0301,0.21284,-2.39505
0,40,4.46989,21.4811,-0.0467843,-2.23786
0,40,4.50273,21.9434,0.461553,-1.72598
0,40,4.50097,22.3924,-0.160324,-2.13786
0,40,4.49567,22.8785,0.132149,-2.22869
0,40,4.51863,23.2743,-0.697412,-1.5615
0,40,4.40038,23.7984,-0.590316,-2.18523
0,40,4.58191,24.1558,-0.413463,-1.52286
0,40,4.32321,24.6232,0.480692,-1.69601
0,40,4.57354,25.0073,-0.534955,-1.28862
0,40,4.34602,25.3799,0.091229,-1.12099
0,40,4.61293,25.7272,0.487229,-1.79059
0,40,4.29095,25.9933,-0.643351,-1.66072
0,40,4.62009,26.2875,0.690418,-2.2523
0,40,4.45525,26.7145,0.156395,-1.70605
0,40,4.57776,27.095,0.832262,-2.709
0,40,4.42544,27.5545,1.03508,-1.28794
0,40,4.53014,27.9636,0.642946,-1.32048
0,40,4.53083,28.3693,0.544705,-2.11653
0,40,4.4012,28.8774,-0.439133,-1.00088
0,40,4.24488,29.2974,-1.21016,-0.268657
0,40,4.57946,29.5543,0.591908,-1.52736
0,40,4.50907,30.1011,0.245877,-0.847887
0,40,4.82448,30.6982,0.829753,-0.0334988
0,40,4.32685,30.9802,-0.596679,-0.68336
0,40,4.29084,31.3876,-0.809059,-0.495431
0,40,4.42646,31.8387,-0.591319,-0.323135
0,40,4.70495,32.1932,-1.24437,-0.765852
0,40,4.9889,15.2618,-0.0289874,-2.2489
0,40,4.98743,15.7312,0.0164803,-2.1283
0,40,4.99179,16.2053,0.000802373,-2.34192
0,40,4.97852,16.6783,-0.0730318,-2.08121
0,40,5.01834,17.1321,0.262753,-2.28706
0,40,4.97525,17.5856,-0.137728,-2.52886
0,40,5.02869,18.0357,0.246742,-2.55902
0,40,4.97478,18.4824,-0.275613,-2.50302
0,40,5.0236,18.9411,0.109414,-2.25568
0,40,4.98566,19.404,-0.342832,-1.73326
0,40,5.00466,19.872,-0.142213,-1.50371
0,40,4.99617,20.3586,-0.209609,-1.22393
0,40,4.99722,20.8119,-0.26694,-1.68324
0,40,5.00403,21.2954,0.122674,-1.78074
0,40,4.96778,21.716,-0.385804,-2.15073
0,40,5.00681,22.1726,-0.0257962,-2.62557
0,40,4.93874,22.6324,0.201487,-1.67351
0,40,5.05064,23.0787,-0.135112,-2.04703
0,40,4.84797,23.5658,-0.412907,-2.07031
0,40,5.07525,23.9962,-0.859118,-1.58172
0,40,4.79682,24.5112,0.611851,-1.33833
0,40,5.11061,24.864,-0.358251,-1.56788
0,40,4.93549,25.2944,0.549061,-1.88265
0,40,5.06415,25.7259,0.366751,-1.83676
0,40,5.09745,26.1665,0.434077,-1.66073
0,40,4.96534,26.6118,0.175611,-2.06333
0,40,5.07429,27.0242,0.607021,-1.67316
0,40,4.90451,27.4601,0.192308,-1.84367
0,40,5.02061,27.8529,0.443918,-1.48335
0,40,5.01054,28.2778,0.894216,-0.972214
0,40,4.83322,28.7294,-0.820981,-1.20386
0,40,4.84268,29.1544,-0.29998,-1.1136
0,40,5.14156,29.4517,0.330382,-1.57371
0,40,4.92501,29.8301,0.193991,-1.26706
0,40,4.94496,30.2819,0.311451,-1.26848
0,40,5.16731,30.8692,-1.12067,0.247387
0,40,4.75432,31.1868,-0.596874,-0.195353
0,40,5.21989,31.3482,0.226232,0.421247
0,40,4.78124,31.6331,-0.646334,-0.440465
0,40,5.34263,32.2258,-0.444834,-0.828338
0,40,5.50011,15.2936,0.0167517,-1.72637
0,40,5.49716,15.7659,0.0194965,-1.40657
0,40,5.5007,16.2866,-0.0231304,-1.49613
0,40,5.49446,16.759,-0.0436832,-1.26953
0,40,5.50012,17.27,-0.0714534,-0.545134
0,40,5.4936,17.7604,-0.0785741,-0.93279
0,40,5.50031,18.265,-0.0518928,-0.658875
0,40,5.49579,18.7517,-0.1606,-1.14724
0,40,5.49852,19.2317,-0.141822,-1.50453
0,40,5.49783,19.6972,-0.103524,-1.75232
0,40,5.4929,20.1452,-0.385802,-1.82939
0,40,5.5196,20.5975,0.266778,-1.88798
0,40,5.47105,21.0377,-0.400059,-1.92726
0,40,5.55053,21.4893,0.263159,-1.4363
0,40,5.4741,21.8968,-0.00751213,-1.9576
0,40,5.51705,22.3657,-0.102104,-1.10133
0,40,5.43315,22.7393,-0.377769,-1.13801
0,40,5.57674,23.2171,-0.246912,-1.24384
0,40,5.33304,23.5511,-0.233092,-1.4697
0,40,5.58715,23.9158,-0.211633,-1.92756
0,40,5.31321,24.3512,0.161596,-1.86036
0,40,5.55766,24.687,0.414307,-1.21274
0,40,5.47941,25.1688,0.125489,-1.52545
0,40,5.50395,25.583,1.00483,-1.01662
0,40,5.56906,26.0368,-0.258686,-1.60078
0,40,5.46769,26.4871,0.328081,-1.32494
0,40,5.53336,26.9025,0.138824,-0.530401
0,40,5.43331,27.3481,0.0568351,-1.48617
0,40,5.49927,27.7201,0.346487,-0.881334
0,40,5.47746,28.1614,-0.239861,-0.904697
0,40,5.487,28.5522,0.00752116,-1.00565
0,40,5.28722,28.8617,-0.912319,-0.610119
0,40,5.55285,29.1699,0.686804,-1.50125
0,40,5.5635,29.6407,0.202764,-0.68969
0,40,5.3899,30.025,0.585049,-0.783957
0,40,5.45592,30.363,-0.759528,-0.0207899
0,40,5.5693,30.7782,0.521488,-1.11296
0,40,5.59192,31.2726,-1.03002,-0.815158
0,40,5.12896,31.8587,-0.645171,0.246013
0,40,5.53742,31.7694,-1.06409,-1.32608
0,40,6,15.2679,-4.74059e-12,-2.14818
0,40,6,15.734,-1.11889e-11,-2.13477
0,40,6,16.216,4.08587e-11,-2.19311
0,40,6,16.6957,-3.52309e-11,-2.04876
0,40,6,17.1545,7.67667e-11,-2.27374
0,40,6,17.6108,3.33664e-10,-2.25319
0,40,6,18.0648,-1.76157e-09,-2.7092
0,40,6,18.5154,1.6426e-09,-2.56034
0,40,6,18.9664,-8.60874e-10,-2.36114
0,40,6,19.432,6.12159e-10,-1.91984
0,40,6,19.8996,-3.40739e-10,-1.60446
0,40,6,20.3824,5.49779e-10,-1.43468
0,40,6,20.8651,1.13347e-12,-1.15898
0,40,6,21.3295,-6.52714e-11,-2.37575
0,40,6,21.8591,2.44417e-10,-0.994453
0,40,6,22.2788,-4.70737e-10,-2.81433
0,40,6,22.7575,1.32612e-09,-2.65372
0,40,6,23.1784,-7.16055e-10,-2.28378
0,40,6,23.6672,-1.01968e-09,-2.42486
0,40,6,24.1607,1.40612e-09,-1.8744
0,40,6,24.4899,-2.60877e-11,-2.40465
0,40,6,24.9899,-3.75441e-10,-1.331
0,40,6,25.3684,1.7932e-10,-1.93789
0,40,6,25.8068,2.10511e-11,-0.444821
0,40,6,26.2891,4.68139e-11,-0.453641
0,40,6,26.6715,-1.63127e-10,-2.48274
0,40,6,27.1066,7.33143e-11,-1.85063
0,40,6,27.4506,-1.3919e-10,-2.18757
0,40,6,27.8619,2.33557e-11,-2.2575
0,40,6,28.2025,2.60314e-11,-2.91661
0,40,6,28.6383,-2.43505e-12,-2.95634
0,40,6,28.9372,1.91019e-10,-2.18325
0,40,6,29.3964,-9.80933e-12,-1.62432
0,40,6,29.8482,-3.75085e-10,-0.62175
0,40,6,30.2095,4.76859e-10,-1.26485
0,40,6,30.5799,-1.19189e-10,-0.252723
0,40,6,31.0377,-1.06945e-10,-0.809125
0,40,6,31.5402,-1.40017e-10,-2.3677
0,40,6,31.8847,2.60631e-10,-1.66778
0,40,6,32.2558,-2.16054e-10,-3.74798
0,40,6.49989,15.2936,-0.0167517,-1.72637
0,40,6.50284,15.7659,-0.0194965,-1.40657
0,40,6.4993,16.2866,0.0231304,-1.49613
0,40,6.50554,16.759,0.0436832,-1.26953
0,40,6.49988,17.27,0.0714534,-0.545134
0,40,6.5064,17.7604,0.0785741,-0.93279
0,40,6.49969,18.265,0.0518928,-0.658875
0,40,6.50421,18.7517,0.1606,-1.14724
0,40,6.50148,19.2317,0.141822,-1.50453
0,40,6.50217,19.6972,0.103524,-1.75232
0,40,6.5071,20.1452,0.385802,-1.82939
0,40,6.4804,20.5975,-0.266778,-1.88798
0,40,6.52895,21.0377,0.400059,-1.92726
0,40,6.44947,21.4893,-0.263159,-1.4363
0,40,6.5259,21.8968,0.00751213,-1.9576
0,40,6.48295,22.3657,0.102104,-1.10133
0,40,6.56685,22.7393,0.377769,-1.13801
0,40,6.42326,23.2171,0.246912,-1.24384
0,40,6.66696,23.5511,0.233092,-1.4697
0,40,6.41285,23.9158,0.211633,-1.92756
0,40,6.68679,24.3512,-0.161596,-1.86036
0,40,6.44234,24.687,-0.414307,-1.21274
0,40,6.52059,25.1688,-0.125489,-1.52545
0,40,6.49605,25.583,-1.00483,-1.01662
0,40,6.43094,26.0368,0.258686,-1.60078
0,40,6.53231,26.4871,-0.328081,-1.32494
0,40,6.46664,26.9025,-0.138824,-0.530401
0,40,6.56669,27.3481,-0.0568351,-1.48617
0,40,6.50073,27.7201,-0.346487,-0.881334
0,40,6.52254,28.1614,0.239861,-0.904697
0,40,6.513,28.5522,-0.00752116,-1.00565
0,40,6.71278,28.8617,0.912319,-0.610119
0,40,6.44715,29.1699,-0.686804,-1.50125
0,40,6.4365,29.6407,-0.202764,-0.68969
0,40,6.6101,30.025,-0.585049,-0.783957
0,40,6.54408,30.363,0.759528,-0.0207899
0,40,6.4307,30.7782,-0.521488,-1.11296
0,40,6.40808,31.2726,1.03002,-0.815158
0,40,6.87104,31.8587,0.645171,0.246013
0,40,6.46258,31.7694,1.06409,-1.32608
0,40,7.0111,15.2618,0.0289874,-2.2489
0,40,7.01257,15.7312,-0.0164803,-2.1283
0,40,7.00821,16.2053,-0.000802373,-2.34192
0,40,7.02148,16.6783,0.0730318,-2.08121
0,40,6.98166,17.1321,-0.262753,-2.28706
0,40,7.02475,17.5856,0.137728,-2.52886
0,40,6.97131,18.0357,-0.246742,-2.55902
0,40,7.02522,18.4824,0.275613,-2.50302
0,40,6.9764,18.9411,-0.109414,-2.25568
0,40,7.01434,19.404,0.342832,-1.73326
0,40,6.99534,19.872,0.142213,-1.50371
0,40,7.00383,20.3586,0.209609,-1.22393
0,40,7.00278,20.8119,0.26694,-1.68324
0,40,6.99597,21.2954,-0.122674,-1.78074
0,40,7.03222,21.716,0.385804,-2.15073
0,40,6.99319,22.1726,0.0257962,-2.62557
0,40,7.06126,22.6324,-0.201487,-1.67351
0,40,6.94936,23.0787,0.135112,-2.04703
0,40,7.15203,23.5658,0.412907,-2.07031
0,40,6.92475,23.9962,0.859118,-1.58172
0,40,7.20318,24.5112,-0.611851,-1.33833
0,40,6.88939,24.864,0.358251,-1.56788
0,40,7.06451,25.2944,-0.549061,-1.88265
0,40,6.93585,25.7259,-0.366751,-1.83676
0,40,6.90255,26.1665,-0.434077,-1.66073
0,40,7.03466,26.6118,-0.175611,-2.06333
0,40,6.92571,27.0242,-0.607021,-1.67316
0,40,7.09549,27.4601,-0.192308,-1.84367
0,40,6.97939,27.8529,-0.443918,-1.48335
0,40,6.98946,28.2778,-0.894216,-0.972214
0,40,7.16678,28.7294,0.820981,-1.20386
0,40,7.15732,29.1544,0.29998,-1.1136
0,40,6.85844,29.4517,-0.330382,-1.57371
0,40,7.07499,29.8301,-0.193991,-1.26706
0,40,7.05504,30.2819,-0.311451,-1.26848
0,40,6.83269,30.8692,1.12067,0.247387
0,40,7.24568,31.1868,0.596874,-0.195353
0,40,6.78011,31.3482,-0.226232,0.421247
0,40,7.21876,31.6331,0.646334,-0.440465
0,40,6.65737,32.2258,0.444834,-0.828338
0,40,7.50388,15.3067,0.0483176,-1.76574
0,40,7.51791,15.7693,0.0199857,-1.27511
0,40,7.49962,16.3066,0.089982,-1.41093
0,40,7.52151,16.7816,0.224956,-1.09941
0,40,7.50637,17.3054,0.27854,-0.573174
0,40,7.51751,17.7944,0.157003,-0.851267
0,40,7.512,18.3104,0.310281,-0.709944
0,40,7.5135,18.779,0.135981,-1.29618
0,40,7.49733,19.2583,0.0122151,-1.68381
0,40,7.53649,19.7135,0.416693,-2.0951
0,40,7.4733,20.1493,-0.247356,-2.2618
0,40,7.5453,20.5965,0.390704,-2.38395
0,40,7.47505,21.0301,-0.21284,-2.39505
0,40,7.53011,21.4811,0.0467843,-2.23786
0,40,7.49727,21.9434,-0.461553,-1.72598
0,40,7.49903,22.3924,0.160324,-2.13786
0,40,7.50433,22.8785,-0.132149,-2.22869
0,40,7.48137,23.2743,0.697412,-1.5615
0,40,7.59962,23.7984,0.590316,-2.18523
0,40,7.41809,24.1558,0.413463,-1.52286
0,40,7.67679,24.6232,-0.480692,-1.69601
0,40,7.42646,25.0073,0.534955,-1.28862
0,40,7.65398,25.3799,-0.091229,-1.12099
0,40,7.38707,25.7272,-0.487229,-1.79059
0,40,7.70905,25.9933,0.643351,-1.66072
0,40,7.37991,26.2875,-0.690418,-2.2523
0,40,7.54475,26.7145,-0.156395,-1.70605
0,40,7.42224,27.095,-0.832262,-2.709
0,40,7.57456,27.5545,-1.03508,-1.28794
0,40,7.46986,27.9636,-0.642946,-1.32048
0,40,7.46917,28.3693,-0.544705,-2.11653
0,40,7.5988,28.8774,0.439133,-1.00088
0,40,7.75512,29.2974,1.21016,-0.268657
0,40,7.42054,29.5543,-0.591908,-1.52736
0,40,7.49093,30.1011,-0.245877,-0.847887
0,40,7.17552,30.6982,-0.829753,-0.0334988
0,40,7.67315,30.9802,0.596679,-0.68336
0,40,7.70916,31.3876,0.809059,-0.495431
0,40,7.57354,31.8387,0.591319,-0.323135
0,40,7.29505,32.1932,1.24437,-0.765852
0,40,8.03455,15.2532,0.0595091,-2.42335
0,40,8.04871,15.7417,0.225155,-1.99711
0,40,8.0082,16.1541,-0.10661,-2.56626
0,40,8.07705,16.6063,0.639926,-2.25362
0,40,7.94543,17.055,-0.807436,-2.36973
0,40,8.07995,17.4912,0.781528,-2.33552
0,40,7.93954,17.9501,-0.400025,-2.53688
0,40,8.05032,18.4033,0.417935,-2.04122
0,40,7.97877,18.8715,0.130413,-1.97337
0,40,8.00457,19.3606,0.0811671,-1.41385
0,40,8.02079,19.8447,-0.116231,-1.10082
0,40,7.99463,20.3307,-0.00843021,-0.913794
0,40,8.00654,20.8205,-0.44568,-0.908961
0,40,7.99411,21.2876,-0.0554819,-1.19062
0,40,7.99474,21.7444,-0.206373,-1.69221
0,40,7.99885,22.2027,0.194385,-1.70974
0,40,7.99243,22.6083,-0.45763,-1.81768
0,40,8.05065,23.078,0.899565,-1.82028
0,40,7.96644,23.4628,-0.635283,-1.44821
0,40,8.06584,23.9609,0.998303,-1.29397
0,40,8.0699,24.3131,-0.136211,-1.49211
0,40,8.0319,24.8232,0.857169,-1.48781
0,40,8.15946,25.18,-0.41219,-1.43662
0,40,8.07606,25.6335,0.595467,-1.78815
0,40,8.18652,26.1012,0.209793,-1.30545
0,40,7.94298,26.4607,-0.073439,-1.94373
0,40,8.04644,26.9157,-0.0922401,-1.19886
0,40,7.93965,27.2694,-0.611846,-1.30832
0,40,7.99952,27.7542,-0.789601,-1.46927
0,40,8.02,28.1574,-0.159313,-1.02318
0,40,7.91018,28.5339,-0.898696,-0.552683
0,40,8.08368,29.0761,-0.141711,-1.05853
0,40,8.29282,29.484,0.914123,-0.602139
0,40,7.81521,29.8131,-1.08669,-0.671946
0,40,7.99059,30.308,0.0125461,-1.33044
0,40,7.58237,30.5455,-1.67882,-0.975032
0,40,8.08933,30.7067,-1.48979,-1.55717
0,40,8.13996,31.2055,0.11968,-2.15078
0,40,8.02344,31.7359,0.329011,-0.502878
0,40,7.94027,32.2136,-0.171083,0.533655
0,40,8.45645,15.3339,0.106674,-2.21513
0,40,8.6206,15.7633,0.334223,-1.66459
0,40,8.52972,16.3852,0.320221,-0.736349
0,40,8.55801,16.8683,0.642883,-0.627869
0,40,8.51937,17.3761,0.183362,-0.734218
0,40,8.52384,17.9043,0.0276663,-0.639837
0,40,8.52039,18.3656,-0.0187993,-1.14814
0,40,8.50148,18.8719,-0.231464,-1.35474
0,40,8.48959,19.3162,-0.383515,-1.68468
0,40,8.52673,19.7769,0.0929683,-2.03915
0,40,8.47022,20.2252,-0.519762,-2.32497
0,40,8.54651,20.6489,0.263278,-2.39398
0,40,8.46899,21.0719,-0.592948,-2.79188
0,40,8.5566,21.4992,0.374999,-2.65793
0,40,8.46431,21.9184,-0.742498,-2.48386
0,40,8.57875,22.3489,0.254208,-2.29424
0,40,8.45264,22.7827,-0.381671,-2.36051
0,40,8.60359,23.2334,-0.331746,-1.31835
0,40,8.46731,23.6325,0.335133,-2.10577
0,40,8.62841,24.06,-0.720455,-1.2402
0,40,8.54672,24.5087,0.696951,-1.28494
0,40,8.60512,24.8971,-0.290149,-1.38257
0,40,8.58575,25.3851,1.073,-1.43717
0,40,8.54657,25.8213,0.223941,-1.09088
0,40,8.67144,26.3619,1.46336,-0.194155
0,40,8.42392,26.6318,-0.90998,-1.07687
0,40,8.62999,27.1113,0.62586,-1.68218
0,40,8.42672,27.3813,-0.462028,-1.12579
0,40,8.47587,27.8474,-0.710043,-1.71693
0,40,8.53679,28.2662,0.191569,-1.40496
0,40,8.341,28.6961,-0.599325,-1.88067
0,40,8.60003,29.1191,-0.154942,-0.856973
0,40,8.69559,29.7016,0.562688,-1.05293
0,40,8.22661,29.8931,-0.315074,-1.94662
0,40,8.77116,30.6852,-1.16262,0.464337
0,40,8.44826,30.3838,-1.01791,-0.719101
0,40,8.84277,31.2067,1.07667,1.90371
0,40,8.48302,31.0277,1.22729,-1.27221
0,40,8.44189,31.6004,-1.56236,-1.91986
0,40,8.4304,32.0079,-0.00584937,-0.607622
0,40,9.04335,15.2994,0.26659,-1.08393
0,40,9.27243,15.4843,1.94291,-2.76762
0,40,8.97498,15.9566,0.563523,-3.03745
0,40,9.01259,16.4331,-0.600187,-3.25479
0,40,9.06031,16.9268,0.591683,-2.98091
0,40,8.99127,17.3671,0.110789,-2.34193
0,40,9.02733,17.8425,-0.0526135,-2.24803
0,40,9.01291,18.2935,0.42165,-2.20693
0,40,9.00968,18.7717,-0.134836,-2.21464
0,40,9.01358,19.2173,0.0939236,-2.31624
0,40,9.03078,19.6914,-0.055707,-2.2948
0,40,9.0122,20.1466,-0.348123,-1.9416
0,40,9.04748,20.6135,-0.0334289,-1.89404
0,40,9.0047,21.0881,-0.361694,-1.74797
0,40,9.03278,21.5595,-0.344055,-1.59452
0,40,8.98904,22.0337,-0.472396,-2.06893
0,40,9.00926,22.5283,-0.779107,-1.21819
0,40,8.99457,22.9758,-0.679772,-1.73668
0,40,9.01992,23.4866,-0.59556,-0.714428
0,40,9.05584,23.9201,0.0840056,-0.477726
0,40,9.04917,24.4201,0.379765,-0.822652
0,40,9.12035,24.8235,0.510136,-0.289946
0,40,9.06188,25.292,0.922843,-1.69435
0,40,9.01905,25.719,-0.362864,-0.378132
0,40,9.00718,26.2063,-0.0217407,-1.04374
0,40,9.2091,26.6635,0.907326,-0.614565
0,40,8.981,26.9284,1.59896,-1.04844
0,40,9.12559,27.4209,-0.263221,-0.63336
0,40,8.87312,27.7548,-0.722887,-1.00535
0,40,9.0519,28.3306,0.788228,-1.37231
0,40,9.41402,28.6301,0.809611,-0.587673
0,40,8.78903,28.659,-0.296792,-1.47808
0,40,8.99175,29.3529,-0.595387,-0.505549
0,40,8.76779,30.1426,-1.23953,1.15674
0,40,9.17549,30.292,-1.1627,-1.03117
0,40,9.29804,30.6286,-0.656437,0.0662773
0,40,9.20666,31.0324,-0.16817,-1.34818
0,40,8.88089,31.691,0.0135957,1.61576
0,40,9.30223,32.0679,0.744708,1.28031
0,40,8.8433,32.2041,-0.968698,-2.02551
0,40,9.57201,15.9073,0.290258,-0.451728
0,40,9.5202,16.3853,1.09807,-0.32824
0,40,9.5636,16.9188,-0.208246,0.652479
0,40,9.54197,17.4472,0.401911,0.473007
0,40,9.54353,17.9321,-0.393838,0.345659
0,40,9.53426,18.4298,0.0482822,0.194749
0,40,9.51703,18.8982,-0.716318,-0.183796
0,40,9.51659,19.3772,-0.331629,0.0116159
0,40,9.51223,19.8545,-0.365268,-0.096023
0,40,9.51266,20.3245,-0.278098,0.0894155
0,40,9.51812,20.8027,-0.139058,0.268476
0,40,9.49737,21.2481,-0.322369,0.120974
0,40,9.5224,21.7069,0.281029,0.164819
0,40,9.48032,22.1268,-0.642905,-0.380126
0,40,9.53511,22.5472,0.150124,-0.794771
0,40,9.4802,22.9705,-1.12236,-0.788792
0,40,9.54041,23.3697,-0.580323,-1.21431
0,40,9.52946,23.821,-0.103392,-1.14553
0,40,9.53628,24.2536,-0.76256,-0.714651
0,40,9.61727,24.7205,0.714978,-0.858214
0,40,9.48107,25.1743,0.441178,-0.392296
0,40,9.64684,25.6025,0.748809,-0.240139
0,40,9.41751,25.9548,-0.149649,-1.52154
0,40,9.59551,26.3324,1.68937,-1.66281
0,40,9.62767,26.8422,-0.371393,-0.653808
0,40,9.51462,27.2831,0.934481,0.821101
0,40,9.60249,27.7315,0.113222,0.408808
0,40,9.24166,27.9975,-0.148881,-0.63417
0,40,9.67286,28.282,-1.17889,-1.59102
0,40,9.65768,28.9849,0.975095,-0.490276
0,40,9.12608,29.0126,-0.603222,-2.43149
0,40,9.51654,29.4008,-2.37039,-0.328225
0,40,9.17951,29.8177,-0.484573,0.356816
0,40,9.58521,29.8461,1.17181,-1.38185
0,40,9.69805,30.3405,-1.73142,-0.502273
0,40,9.72139,30.9586,-0.112158,-0.520207
0,40,9.51782,31.3782,0.251277,0.260139
0,40,9.25461,31.6426,0.173154,-1.11996
0,40,9.76274,31.8703,-0.313876,0.712902
0,40,9.68848,32.5985,1.24987,1.5904
1,40,10,1.5,0,0
1,40,10.5,1.5,0,0
1,40,1.5,1.5,0,0
1,40,2,1.5,0,0
1,40,10,2,0,0
1,40,10.5,2,0,0
1,40,1.5,2,0,0
1,40,2,2,0,0
1,40,10,2.5,0,0
1,40,10.5,2.5,0,0
1,40,1.5,2.5,0,0
1,40,2,2.5,0,0
1,40,10,3,0,0
1,40,10.5,3,0,0
1,40,1.5,3,0,0
1,40,2,3,0,0
1,40,10,3.5,0,0
1,40,10.5,3.5,0,0
1,40,1.5,3.5,0,0
1,40,2,3.5,0,0
1,40,10,4,0,0
1,40,10.5,4,0,0
1,40,1.5,4,0,0
1,40,2,4,0,0
1,40,10,4.5,0,0
1,40,10.5,4.5,0,0
1,40,1.5,4.5,0,0
1,40,2,4.5,0,0
1,40,10,5,0,0
1,40,10.5,5,0,0
1,40,1.5,5,0,0
1,40,2,5,0,0
1,40,10,5.5,0,0
1,40,10.5,5.5,0,0
1,40,1.5,5.5,0,0
1,40,2,5.5,0,0
1,40,10,6,0,0
1,40,10.5,6,0,0
1,40,1.5,6,0,0
1,40,2,6,0,0
1,40,10,6.5,0,0
1,40,10.5,6.5,0,0
1,40,1.5,6.5,0,0
1,40,2,6.5,0,0
1,40,10,7,0,0
1,40,10.5,7,0,0
1,40,1.5,7,0,0
1,40,2,7,0,0
1,40,10,7.5,0,0
1,40,10.5,7.5,0,0
1,40,1.5,7.5,0,0
1,40,2,7.5,0,0
1,40,10,8,0,0
1,40,10.5,8,0,0
1,40,1.5,8,0,0
1,40,2,8,0,0
1,40,10,8.5,0,0
1,40,10.5,8.5,0,0
1,40,1.5,8.5,0,0
1,40,2,8.5,0,0
1,40,10,9,0,0
1,40,10.5,9,0,0
1,40,1.5,9,0,0
1,40,2,9,0,0
1,40,10,9.5,0,0
1,40,10.5,9.5,0,0
1,40,1.5,9.5,0,0
1,40,2,9.5,0,0
1,40,10,10,0,0
1,40,10.5,10,0,0
1,40,1.5,10,0,0
1,40,2,10,0,0
1,40,10,10.5,0,0
1,40,10.5,10.5,0,0
1,40,1.5,10.5,0,0
1,40,2,10.5,0,0
1,40,10,11,0,0
1,40,10.5,11,0,0
1,40,1.5,11,0,0
1,40,2,11,0,0
1,40,10,11.5,0,0
1,40,10.5,11.5,0,0
1,40,1.5,11.5,0,0
1,40,2,11.5,0,0
1,40,10,12,0,0
1,40,10.5,12,0,0
1,40,1.5,12,0,0
1,40,2,12,0,0
1,40,10,12.5,0,0
1,40,10.5,12.5,0,0
1,40,1.5,12.5,0,0
1,40,2,12.5,0,0
1,40,10,13,0,0
1,40,10.5,13,0,0
1,40,1.5,13,0,0
1,40,2,13,0,0
1,40,10,13.5,0,0
1,40,10.5,13.5,0,0
1,40,1.5,13.5,0,0
1,40,2,13.5,0,0
1,40,10,14,0,0
1,40,10.5,14,0,0
1,40,1.5,14,0,0
1,40,2,14,0,0
1,40,10,14.5,0,0
1,40,10.5,14.5,0,0
1,40,1.5,14.5,0,0
1,40,2,14.5,0,0
1,40,10,15,0,0
1,40,10.5,15,0,0
1,40,1.5,15,0,0
1,40,2,15,0,0
1,40,10,15.5,0,0
1,40,10.5,15.5,0,0
1,40,1.5,15.5,0,0
1,40,2,15.5,0,0
1,40,10,16,0,0
1,40,10.5,16,0,0
1,40,1.5,16,0,0
1,40,2,16,0,0
1,40,10,16.5,0,0
1,40,10.5,16.5,0,0
1,40,1.5,16.5,0,0
1,40,2,16.5,0,0
1,40,10,17,0,0
1,40,10.5,17,0,0
1,40,1.5,17,0,0
1,40,2,17,0,0
1,40,10,17.5,0,0
1,40,10.5,17.5,0,0
1,40,1.5,17.5,0,0
1,40,2,17.5,0,0
1,40,10,18,0,0
1,40,10.5,18,0,0
1,40,1.5,18,0,0
1,40,2,18,0,0
1,40,10,18.5,0,0
1,40,10.5,18.5,0,0
1,40,1.5,18.5,0,0
1,40,2,18.5,0,0
1,40,10,19,0,0
1,40,10.5,19,0,0
1,40,1.5,19,0,0
1,40,2,19,0,0
1,40,10,19.5,0,0
1,40,10.5,19.5,0,0
1,40,1.5,19.5,0,0
1,40,2,19.5,0,0
1,40,10,20,0,0
1,40,10.5,20,0,0
1,40,1.5,20,0,0
1,40,2,20,0,0
1,40,10,20.5,0,0
1,40,10.5,20.5,0,0
1,40,1.5,20.5,0,0
1,40,2,20.5,0,0
1,40,10,21,0,0
1,40,10.5,21,0,0
1,40,1.5,21,0,0
1,40,2,21,0,0
1,40,10,21.5,0,0
1,40,10.5,21.5,0,0
1,40,1.5,21.5,0,0
1,40,2,21.5,0,0
1,40,10,22,0,0
1,40,10.5,22,0,0
1,40,1.5,22,0,0
1,40,2,22,0,0
1,40,10,22.5,0,0
1,40,10.5,22.5,0,0
1,40,1.5,22.5,0,0
1,40,2,22.5,0,0
1,40,10,23,0,0
1,40,10.5,23,0,0
1,40,1.5,23,0,0
1,40,2,23,0,0
1,40,10,23.5,0,0
1,40,10.5,23.5,0,0
1,40,1.5,23.5,0,0
1,40,2,23.5,0,0
1,40,10,24,0,0
1,40,10.5,24,0,0
1,40,1.5,24,0,0
1,40,2,24,0,0
1,40,10,24.5,0,0
1,40,10.5,24.5,0,0
1,40,1.5,24.5,0,0
1,40,2,24.5,0,0
1,40,10,25,0,0
1,40,10.5,25,0,0
1,40,1.5,25,0,0
1,40,2,25,0,0
1,40,10,25.5,0,0
1,40,10.5,25.5,0,0
1,40,1.5,25.5,0,0
1,40,2,25.5,0,0
1,40,10,26,0,0
1,40,10.5,26,0,0
1,40,1.5,26,0,0
1,40,2,26,0,0
1,40,10,26.5,0,0
1,40,10.5,26.5,0,0
1,40,1.5,26.5,0,0
1,40,2,26.5,0,0
1,40,10,27,0,0
1,40,10.5,27,0,0
1,40,1.5,27,0,0
1,40,2,27,0,0
1,40,10,27.5,0,0
1,40,10.5,27.5,0,0
1,40,1.5,27.5,0,0
1,40,2,27.5,0,0
1,40,10,28,0,0
1,40,10.5,28,0,0
1,40,1.5,28,0,0
1,40,2,28,0,0
1,40,10,28.5,0,0
1,40,10.5,28.5,0,0
1,40,1.5,28.5,0,0
1,40,2,28.5,0,0
1,40,10,29,0,0
1,40,10.5,29,0,0
1,40,1.5,29,0,0
1,40,2,29,0,0
1,40,10,29.5,0,0
1,40,10.5,29.5,0,0
1,40,1.5,29.5,0,0
1,40,2,29.5,0,0
1,40,10,30,0,0
1,40,10.5,30,0,0
1,40,1.5,30,0,0
1,40,2,30,0,0
1,40,10,30.5,0,0
1,40,10.5,30.5,0,0
1,40,1.5,30.5,0,0
1,40,2,30.5,0,0
1,40,10,31,0,0
1,40,10.5,31,0,0
1,40,1.5,31,0,0
1,40,2,31,0,0
1,40,10,31.5,0,0
1,40,10.5,31.5,0,0
1,40,1.5,31.5,0,0
1,40,2,31.5,0,0
1,40,10,32,0,0
1,40,10.5,32,0,0
1,40,1.5,32,0,0
1,40,2,32,0,0
1,40,10,32.5,0,0
1,40,10.5,32.5,0,0
1,40,1.5,32.5,0,0
1,40,2,32.5,0,0
1,40,10,33,0,0
1,40,10.5,33,0,0
1,40,1.5,33,0,0
1,40,2,33,0,0
1,40,2.5,1.5,0,0
1,40,2.5,2,0,0
1,40,2.5,32.5,0,0
1,40,2.5,33,0,0
1,40,3,1.5,0,0
1,40,3,2,0,0
1,40,3,32.5,0,0
1,40,3,33,0,0
1,40,3.5,1.5,0,0
1,40,3.5,2,0,0
1,40,3.5,32.5,0,0
1,40,3.5,33,0,0
1,40,4,1.5,0,0
1,40,4,2,0,0
1,40,4,32.5,0,0
1,40,4,33,0,0
1,40,4.5,1.5,0,0
1,40,4.5,2,0,0
1,40,4.5,32.5,0,0
1,40,4.5,33,0,0
1,40,5,1.5,0,0
1,40,5,2,0,0
1,40,5,32.5,0,0
1,40,5,33,0,0
1,40,5.5,1.5,0,0
1,40,5.5,2,0,0
1,40,5.5,32.5,0,0
1,40,5.5,33,0,0
1,40,6,1.5,0,0
1,40,6,2,0,0
1,40,6,32.5,0,0
1,40,6,33,0,0
1,40,6.5,1.5,0,0
1,40,6.5,2,0,0
1,40,6.5,32.5,0,0
1,40,6.5,33,0,0
1,40,7,1.5,0,0
1,40,7,2,0,0
1,40,7,32.5,0,0
1,40,7,33,0,0
1,40,7.5,1.5,0,0
1,40,7.5,2,0,0
1,40,7.5,32.5,0,0
1,40,7.5,33,0,0
1,40,8,1.5,0,0
1,40,8,2,0,0
1,40,8,32.5,0,0
1,40,8,33,0,0
1,40,8.5,1.5,0,0
1,40,8.5,2,0,0
1,40,8.5,32.5,0,0
1,40,8.5,33,0,0
1,40,9,1.5,0,0
1,40,9,2,0,0
1,40,9,32.5,0,0
1,40,9,33,0,0
1,40,9.5,1.5,0,0
1,40,9.5,2,0,0
1,40,9.5,32.5,0,0
1,40,9.5,33,0,0
