916 2 0.5 203000 0 2 0 1e-05 0 9.81 45 45
0,40,2.41173,15.9128,0.617777,0.36639
0,40,2.52912,16.3726,-0.371431,0.941249
0,40,2.42915,16.8841,-0.214938,0.437085
0,40,2.45397,17.3983,0.498078,0.765774
0,40,2.46114,17.898,-0.00429353,0.492059
0,40,2.47296,18.3974,0.324552,0.771802
0,40,2.47176,18.8819,-0.131377,0.809955
0,40,2.47301,19.3563,-0.102629,0.687424
0,40,2.47201,19.8294,-0.115082,0.89583
0,40,2.47232,20.2967,-0.11767,0.764757
0,40,2.47708,20.764,-0.118982,0.797672
0,40,2.48282,21.2238,0.0853162,0.652698
0,40,2.48669,21.6745,-0.0200542,0.595446
0,40,2.49818,22.1236,0.356736,0.517555
0,40,2.48722,22.5606,-0.026126,0.308018
0,40,2.49633,23.0077,0.330327,0.0605372
0,40,2.46699,23.436,-0.118533,-0.387177
0,40,2.4773,23.8843,0.107758,-0.624127
0,40,2.45637,24.3083,-0.0225396,-0.900944
0,40,2.4431,24.7628,-0.460335,-0.72326
0,40,2.50616,25.1834,0.707879,-0.0345977
0,40,2.41689,25.5931,-0.667684,-0.0139376
0,40,2.54743,26.0157,1.36098,0.0074045
0,40,2.4412,26.39,0.666084,-0.217254
0,40,2.37883,26.8803,-0.431516,0.388491
0,40,2.53426,27.2517,-0.420037,0.21923
0,40,2.33943,27.7215,1.59908,0.368677
0,40,2.66579,28.0039,1.9691,0.300739
0,40,2.32939,28.3264,-0.678173,-0.973357
0,40,2.38143,28.965,0.286344,1.25519
0,40,2.82304,29.1056,1.77753,-0.616126
0,40,2.34238,29.4683,1.71357,0.269434
0,40,2.82174,29.7972,-0.548441,-0.0488776
0,40,2.46841,29.892,-0.636362,-0.273176
0,40,2.27193,30.3661,-0.483463,-0.534246
0,40,2.31685,30.9696,-0.94991,-0.295583
0,40,2.48311,31.369,0.354665,-0.256144
0,40,2.7873,31.7078,-0.668621,-0.445329
0,40,2.2569,31.8544,-0.374035,0.456655
0,40,2.34753,32.5149,0.0740529,1.283
0,40,2.96285,15.3586,-0.0384585,-0.609658
0,40,2.82444,15.6442,-1.0092,-1.92525
0,40,3.03474,16.1352,0.0456328,-2.21317
0,40,2.95765,16.641,0.0978699,-2.77455
0,40,2.96204,17.0952,-0.328161,-2.25727
0,40,2.99313,17.5345,0.337105,-2.53559
0,40,2.97108,17.9789,0.126025,-2.06574
0,40,2.99186,18.4365,0.29317,-2.14157
0,40,2.98795,18.8867,0.114251,-1.5093
0,40,2.99286,19.3444,0.0188673,-1.61603
0,40,2.98102,19.7991,-0.323176,-1.2284
0,40,2.986,20.2541,-0.275834,-1.27182
0,40,2.96923,20.7136,-0.581418,-1.19441
0,40,2.98817,21.1733,-0.266085,-0.998389
0,40,2.96395,21.6447,-0.447558,-0.863154
0,40,2.99146,22.1182,0.00215677,-0.442746
0,40,2.96382,22.5915,0.0117039,-0.396684
0,40,2.98719,23.0517,0.150865,-0.203678
0,40,2.95316,23.5125,0.0385872,-0.0877084
0,40,2.96309,23.9479,-0.334738,-0.113522
0,40,2.94583,24.4172,0.265433,0.39491
0,40,2.93783,24.8253,-0.610427,-0.370771
0,40,2.9825,25.3271,0.283791,0.410141
0,40,2.96069,25.7302,0.528934,-0.411967
0,40,2.99049,26.2256,0.136776,0.472295
0,40,2.86558,26.6771,-1.0642,0.547969
0,40,3.04974,26.9806,0.524658,-0.0964438
0,40,2.85809,27.4618,-0.299013,-0.634874
0,40,3.0686,27.7972,1.04675,-0.0776748
0,40,2.98097,28.3411,-0.519533,1.08633
0,40,2.6761,28.6199,-0.81723,-0.126244
0,40,3.1707,28.7749,0.147157,-2.23223
0,40,2.99037,29.4118,0.471211,0.182166
0,40,3.20264,30.0999,0.192859,-0.0405058
0,40,2.76616,30.3111,0.0659135,0.58735
0,40,2.69919,30.6698,-0.214408,-1.34131
0,40,2.8381,31.119,-1.07044,-2.09773
0,40,3.20812,31.6095,-1.7534,1.01973
0,40,2.72077,32.0021,-0.457479,0.549794
0,40,3.14546,32.2411,-0.0660326,1.00886
0,40,3.53842,15.4287,0.185705,-0.685632
0,40,3.40556,15.8507,-0.443747,-1.03256
0,40,3.46422,16.417,0.248663,-0.107656
0,40,3.46751,16.903,-0.247822,-0.602908
0,40,3.48789,17.4184,-0.0869086,-0.241824
0,40,3.47834,17.9275,-0.0521478,-0.283074
0,40,3.47604,18.4252,-0.0767315,-0.587466
0,40,3.48522,18.9247,0.131722,-0.349467
0,40,3.48675,19.3969,0.224817,-0.850128
0,40,3.47885,19.8723,-0.123664,-0.963572
0,40,3.50585,20.3343,0.205662,-1.0396
0,40,3.4708,20.7717,-0.38967,-1.47245
0,40,3.51214,21.224,-0.028973,-1.68425
0,40,3.46864,21.6449,-0.446555,-1.631
0,40,3.50626,22.0681,-0.0104961,-1.85971
0,40,3.45511,22.4973,-0.676323,-1.64541
0,40,3.50661,22.9075,0.407839,-1.26038
0,40,3.41494,23.3297,-0.807423,-1.50128
0,40,3.53411,23.7468,0.744533,-1.06759
0,40,3.36704,24.133,-0.582165,-1.34036
0,40,3.5165,24.5892,-0.514282,-1.35223
0,40,3.36521,24.9672,0.0234769,-0.956567
0,40,3.45281,25.4468,-0.375731,-1.22342
0,40,3.43917,25.889,0.701081,-0.17098
0,40,3.39758,26.3545,-0.273876,-0.175214
0,40,3.53814,26.7293,0.218345,-1.33238
0,40,3.40163,27.1939,-0.558625,-1.12231
0,40,3.55946,27.523,0.0586163,-2.40981
0,40,3.45799,27.9713,1.0307,-1.93759
0,40,3.45857,28.3444,0.118561,-1.93338
0,40,3.63069,28.7805,1.55246,-0.385532
0,40,3.40748,29.2135,0.170941,-1.21101
0,40,3.37044,29.7191,-1.48476,0.753007
0,40,3.71885,30.0405,0.851431,-2.21847
0,40,3.17883,30.6235,0.278844,0.969934
0,40,3.49495,30.4781,0.191811,-1.86369
0,40,3.18983,31.1132,0.229,0.98321
0,40,3.60814,31.0689,-1.20601,-0.78001
0,40,3.47622,31.6694,0.155836,-0.285085
0,40,3.59622,32.0718,-0.580837,-0.790934
0,40,3.97119,15.3594,-0.0987395,-0.86763
0,40,3.96148,15.8331,-0.0771988,-0.878562
0,40,3.99036,16.2981,-0.0249124,-1.6042
0,40,3.93975,16.7417,-0.138644,-1.94499
0,40,4.00588,17.2168,0.549487,-2.15319
0,40,3.94657,17.6599,-0.162474,-2.44346
0,40,4.01552,18.1109,0.633103,-2.43976
0,40,3.96673,18.551,-0.141896,-2.34533
0,40,4.00857,19.0009,0.344209,-1.9152
0,40,3.99873,19.4546,0.00249361,-1.69857
0,40,3.97431,19.9172,-0.0346765,-1.17267
0,40,4.01281,20.3836,-0.194722,-0.876628
0,40,3.97525,20.8558,0.080995,-0.471333
0,40,4.00351,21.3276,-0.109026,-0.232693
0,40,3.98917,21.8034,0.161956,-0.132951
0,40,4.00018,22.274,0.0660587,-0.116028
0,40,3.9932,22.7034,0.0156452,-0.588278
0,40,3.99179,23.1699,-0.520737,-0.6016
0,40,3.98467,23.5448,-0.0369305,-0.591866
0,40,3.97691,24.0129,-0.801287,-0.672818
0,40,3.8986,24.3923,0.210616,-0.848878
0,40,3.97497,24.8839,0.240185,-0.528462
0,40,3.85299,25.2714,0.050751,-0.984806
0,40,3.99062,25.7136,-0.774973,-0.990089
0,40,3.83693,26.1535,-0.564565,-0.56915
0,40,4.07331,26.5499,-0.390816,-0.724246
0,40,3.93752,26.9541,0.312781,-0.35736
0,40,4.03442,27.337,-0.0296483,-0.689785
0,40,3.95476,27.8102,0.259632,-0.128808
0,40,3.98374,28.223,-0.319908,-0.737154
0,40,4.03928,28.6209,0.249206,-1.59433
0,40,3.92246,29.1152,-0.695386,-0.411858
0,40,3.78418,29.5167,-1.54517,-0.470058
0,40,4.11024,29.8355,0.892524,-0.193342
0,40,4.01098,30.3466,0.00117593,0.206089
0,40,4.2948,30.5962,1.62421,-0.658456
0,40,3.84326,30.8217,-0.127363,-1.8158
0,40,3.9175,31.3674,-1.18313,-2.39443
0,40,3.99644,31.7448,0.342655,0.374377
0,40,4.06553,32.2218,-0.300107,-0.804719
0,40,4.49567,15.385,0.0338502,-0.591809
0,40,4.4799,15.8389,0.0650976,-0.797284
0,40,4.49291,16.3651,0.246554,-0.560873
0,40,4.48555,16.8462,-0.0073999,-0.938518
0,40,4.49893,17.3453,0.0846961,-0.441675
0,40,4.49026,17.8378,-0.062149,-0.64213
0,40,4.49402,18.341,-0.0105097,-0.344496
0,40,4.48503,18.8358,0.0434896,-0.342782
0,40,4.49052,19.3296,0.272076,-0.606912
0,40,4.47609,19.8096,0.105101,-0.7968
0,40,4.50595,20.2654,0.525788,-1.2253
0,40,4.47481,20.7269,-0.029604,-1.49213
0,40,4.51302,21.1599,0.352161,-1.55885
0,40,4.47815,21.6059,-0.0382571,-1.61869
0,40,4.48811,22.0467,0.0744762,-1.17232
0,40,4.49699,22.4949,0.146344,-0.816627
0,40,4.46109,22.9646,0.372036,-0.386027
0,40,4.54341,23.3768,0.0345083,-1.22854
0,40,4.42382,23.8726,-0.0684153,0.211073
0,40,4.57282,24.2319,0.392214,-1.11633
0,40,4.33019,24.6584,-0.744123,0.26203
0,40,4.59913,25.0958,0.204052,-0.87449
0,40,4.31836,25.3888,-0.242301,0.106449
0,40,4.61658,25.8107,-0.245657,-0.50216
0,40,4.30246,26.0868,-0.22173,-1.33686
0,40,4.62288,26.3944,-0.522463,-1.33544
0,40,4.45908,26.8389,-0.308191,-1.94221
0,40,4.55581,27.2243,0.063339,-1.41482
0,40,4.41105,27.6646,-0.512198,-1.66368
0,40,4.49058,28.0553,0.346211,-1.21175
0,40,4.49325,28.4786,0.46075,-1.29859
0,40,4.42453,28.9343,-0.722917,-0.637033
0,40,4.31853,29.3482,-0.923261,-0.707881
0,40,4.55356,29.6682,-0.0758021,-1.90119
0,40,4.48538,30.1505,0.56719,-0.898231
0,40,4.76362,30.7083,1.44322,-0.295657
0,40,4.34457,31.0126,0.226501,-0.591601
0,40,4.36604,31.4181,-1.80171,-0.133978
0,40,4.43342,31.9192,0.0146151,-1.00235
0,40,4.75984,32.2125,-1.18741,-0.0525607
0,40,4.99076,15.3538,-0.0483881,-0.673006
0,40,4.98674,15.8314,-0.0821654,-0.943584
0,40,4.99108,16.3223,-0.0935794,-1.27603
0,40,4.97668,16.7885,-0.0416283,-1.48001
0,40,4.99756,17.276,0.129949,-1.74138
0,40,4.97485,17.732,-0.0889712,-1.88237
0,40,5.00383,18.1924,0.420195,-2.09989
0,40,4.98277,18.6435,0.00784525,-2.20617
0,40,5.00524,19.0863,0.321789,-2.00202
0,40,4.99092,19.5342,0.158254,-2.07482
0,40,4.99592,19.9799,0.319875,-1.76902
0,40,5.00166,20.441,0.184275,-1.34785
0,40,4.99316,20.8949,0.471576,-1.14322
0,40,4.99501,21.3723,0.306444,-0.850235
0,40,4.98294,21.826,0.286033,-0.989728
0,40,4.98806,22.2854,0.648988,-1.02061
0,40,4.94162,22.743,-0.391979,-1.35327
0,40,5.04067,23.1775,0.805026,-0.562917
0,40,4.86245,23.676,-0.441126,-1.23679
0,40,5.09648,24.0953,-0.00419945,-1.03693
0,40,4.80636,24.601,-0.674693,-1.09464
0,40,5.08473,24.9579,0.181042,-1.22896
0,40,4.91509,25.4006,-0.0508528,-1.93957
0,40,5.07078,25.8533,-0.359627,-1.7239
0,40,5.06764,26.2562,0.240444,-1.74656
0,40,4.97128,26.7281,-0.450051,-1.28687
0,40,5.0524,27.1178,-0.0912443,-1.32984
0,40,4.9148,27.5633,-0.57687,-1.24227
0,40,5.0063,27.9462,-0.129767,-1.07109
0,40,4.97263,28.3493,-0.121048,-0.950573
0,40,4.8982,28.7778,-0.871395,-0.566442
0,40,4.8403,29.2279,0.0886667,-0.74702
0,40,5.09873,29.5232,0.962857,-0.667734
0,40,4.90233,29.9373,0.240628,-1.69752
0,40,4.92885,30.3816,0.37342,-1.20698
0,40,5.19724,30.828,0.168731,0.63983
0,40,4.79976,31.172,-0.419675,0.590839
0,40,5.19824,31.3326,-0.0531416,0.88943
0,40,4.78128,31.666,1.24724,-0.425264
0,40,5.37736,32.203,-0.106176,1.17194
0,40,5.49865,15.3681,0.000443349,-0.654079
0,40,5.49423,15.839,-0.000383952,-0.780474
0,40,5.49919,16.3489,0.140284,-0.582949
0,40,5.49645,16.8318,0.02579,-1.06152
0,40,5.4982,17.323,0.121657,-0.806079
0,40,5.49891,17.8107,0.0746056,-0.563519
0,40,5.49939,18.3043,0.0706174,-0.630121
0,40,5.49638,18.7956,0.105056,-0.285789
0,40,5.49877,19.2904,0.144841,-0.291204
0,40,5.49468,19.7739,0.175294,-0.551793
0,40,5.49963,20.2431,0.215106,-0.813906
0,40,5.50279,20.7029,0.358822,-1.13828
0,40,5.49236,21.1413,0.0175814,-1.18504
0,40,5.5246,21.574,0.666718,-1.28015
0,40,5.47246,22.0016,-0.0214066,-1.08909
0,40,5.53205,22.4121,0.162548,-0.660285
0,40,5.44532,22.8342,0.114179,-1.10676
0,40,5.55838,23.2559,0.0203036,0.0365267
0,40,5.34897,23.6256,-0.498991,-1.43657
0,40,5.5994,24.0295,0.0484653,-1.40976
0,40,5.3186,24.4404,-0.557832,-0.886372
0,40,5.54939,24.7699,0.0832848,-1.24767
0,40,5.47324,25.2607,0.169618,-0.985746
0,40,5.46831,25.6387,-0.123981,-0.756151
0,40,5.5721,26.1175,0.197141,-0.680896
0,40,5.48363,26.5462,-0.545079,-0.57501
0,40,5.53528,26.9435,-0.238801,-0.941812
0,40,5.45272,27.386,-0.510941,0.322756
0,40,5.50219,27.7574,-0.504416,-0.458866
0,40,5.48167,28.1785,-0.0215916,0.225093
0,40,5.48585,28.57,-0.139313,0.193738
0,40,5.324,28.9286,-0.8039,-1.05498
0,40,5.50955,29.256,0.474208,-0.504142
0,40,5.54682,29.7054,0.63389,-0.876576
0,40,5.36268,30.0719,0.727392,-0.267324
0,40,5.48148,30.3858,0.0864829,-0.7059
0,40,5.5749,30.852,-0.302887,-1.02891
0,40,5.6017,31.3212,1.22385,-0.92607
0,40,5.13025,31.8076,0.447324,0.480617
0,40,5.54853,31.8044,-0.249953,0.0813705
0,40,6,15.3527,6.89749e-12,-0.67532
0,40,6,15.8339,3.15328e-11,-0.836801
0,40,6,16.328,-6.05627e-12,-1.15241
0,40,6,16.7964,-1.00546e-10,-1.42204
0,40,6,17.29,3.74074e-11,-1.50188
0,40,6,17.7485,-2.25947e-11,-1.70365
0,40,6,18.2112,-8.31181e-10,-1.89932
0,40,6,18.6693,1.16147e-09,-1.9596
0,40,6,19.1149,-9.55807e-10,-1.84971
0,40,6,19.5638,-1.6839e-10,-2.02012
0,40,6,20.0151,1.7744e-10,-1.66424
0,40,6,20.4747,1.32745e-10,-1.38182
0,40,6,20.9373,-8.56295e-11,-1.11065
0,40,6,21.4229,3.09712e-10,-0.736471
0,40,6,21.8991,2.07807e-10,-0.520701
0,40,6,22.4032,-2.77627e-10,-0.574346
0,40,6,22.8302,5.61002e-10,-0.791482
0,40,6,23.3424,-1.47065e-09,-1.97208
0,40,6,23.7424,1.45334e-10,0.0111575
0,40,6,24.2279,1.54367e-10,-1.01903
0,40,6,24.652,1.7582e-11,-1.00694
0,40,6,25.0729,-2.26636e-10,-1.53947
0,40,6,25.4718,1.27031e-10,-1.34643
0,40,6,25.8527,-4.48397e-11,-1.11698
0,40,6,26.3287,4.32466e-11,-1.08916
0,40,6,26.7578,1.25723e-11,-0.489161
0,40,6,27.2013,7.39674e-11,-0.82089
0,40,6,27.5698,-8.26059e-12,-1.69859
0,40,6,27.995,-1.08998e-11,-1.5086
0,40,6,28.3843,-1.11798e-10,-2.10971
0,40,6,28.7712,-8.14997e-11,-1.39963
0,40,6,29.0921,4.45028e-11,-1.70693
0,40,6,29.4892,3.00581e-11,-0.896645
0,40,6,29.9266,-1.46893e-10,-0.838702
0,40,6,30.2511,3.09271e-10,-0.412629
0,40,6,30.6186,-3.31042e-11,-1.09399
0,40,6,31.066,2.5044e-11,0.00876336
0,40,6,31.5719,3.65036e-12,-0.176218
0,40,6,31.9235,1.03696e-10,-0.229806
0,40,6,32.412,-1.3977e-11,0.129405
0,40,6.50135,15.3681,-0.000443349,-0.654079
0,40,6.50577,15.839,0.000383952,-0.780474
0,40,6.50081,16.3489,-0.140284,-0.582949
0,40,6.50355,16.8318,-0.02579,-1.06152
0,40,6.5018,17.323,-0.121657,-0.806079
0,40,6.50109,17.8107,-0.0746056,-0.563519
0,40,6.50061,18.3043,-0.0706174,-0.630121
0,40,6.50362,18.7956,-0.105056,-0.285789
0,40,6.50123,19.2904,-0.144841,-0.291204
0,40,6.50532,19.7739,-0.175294,-0.551793
0,40,6.50037,20.2431,-0.215106,-0.813906
0,40,6.49721,20.7029,-0.358822,-1.13828
0,40,6.50764,21.1413,-0.0175814,-1.18504
0,40,6.4754,21.574,-0.666718,-1.28015
0,40,6.52754,22.0016,0.0214066,-1.08909
0,40,6.46795,22.4121,-0.162548,-0.660285
0,40,6.55468,22.8342,-0.114179,-1.10676
0,40,6.44162,23.2559,-0.0203036,0.0365267
0,40,6.65103,23.6256,0.498991,-1.43657
0,40,6.4006,24.0295,-0.0484653,-1.40976
0,40,6.6814,24.4404,0.557832,-0.886372
0,40,6.45061,24.7699,-0.0832848,-1.24767
0,40,6.52676,25.2607,-0.169618,-0.985746
0,40,6.53169,25.6387,0.123981,-0.756151
0,40,6.4279,26.1175,-0.197141,-0.680896
0,40,6.51637,26.5462,0.545079,-0.57501
0,40,6.46472,26.9435,0.238801,-0.941812
0,40,6.54728,27.386,0.510941,0.322756
0,40,6.49781,27.7574,0.504416,-0.458866
0,40,6.51833,28.1785,0.0215916,0.225093
0,40,6.51415,28.57,0.139313,0.193738
0,40,6.676,28.9286,0.8039,-1.05498
0,40,6.49045,29.256,-0.474208,-0.504142
0,40,6.45318,29.7054,-0.63389,-0.876576
0,40,6.63732,30.0719,-0.727392,-0.267324
0,40,6.51852,30.3858,-0.0864829,-0.7059
0,40,6.4251,30.852,0.302887,-1.02891
0,40,6.3983,31.3212,-1.22385,-0.92607
0,40,6.86975,31.8076,-0.447324,0.480617
0,40,6.45147,31.8044,0.249953,0.0813705
0,40,7.00924,15.3538,0.0483881,-0.673006
0,40,7.01326,15.8314,0.0821654,-0.943584
0,40,7.00892,16.3223,0.0935794,-1.27603
0,40,7.02332,16.7885,0.0416283,-1.48001
0,40,7.00244,17.276,-0.129949,-1.74138
0,40,7.02515,17.732,0.0889712,-1.88237
0,40,6.99617,18.1924,-0.420195,-2.09989
0,40,7.01723,18.6435,-0.00784525,-2.20617
0,40,6.99476,19.0863,-0.321789,-2.00202
0,40,7.00908,19.5342,-0.158254,-2.07482
0,40,7.00408,19.9799,-0.319875,-1.76902
0,40,6.99834,20.441,-0.184275,-1.34785
0,40,7.00684,20.8949,-0.471576,-1.14322
0,40,7.00499,21.3723,-0.306444,-0.850235
0,40,7.01706,21.826,-0.286033,-0.989728
0,40,7.01194,22.2854,-0.648988,-1.02061
0,40,7.05838,22.743,0.391979,-1.35327
0,40,6.95933,23.1775,-0.805026,-0.562917
0,40,7.13755,23.676,0.441126,-1.23679
0,40,6.90352,24.0953,0.00419945,-1.03693
0,40,7.19364,24.601,0.674693,-1.09464
0,40,6.91527,24.9579,-0.181042,-1.22896
0,40,7.08491,25.4006,0.0508528,-1.93957
0,40,6.92922,25.8533,0.359627,-1.7239
0,40,6.93236,26.2562,-0.240444,-1.74656
0,40,7.02872,26.7281,0.450051,-1.28687
0,40,6.9476,27.1178,0.0912443,-1.32984
0,40,7.0852,27.5633,0.57687,-1.24227
0,40,6.9937,27.9462,0.129767,-1.07109
0,40,7.02737,28.3493,0.121048,-0.950573
0,40,7.1018,28.7778,0.871395,-0.566442
0,40,7.1597,29.2279,-0.0886667,-0.74702
0,40,6.90127,29.5232,-0.962857,-0.667734
0,40,7.09767,29.9373,-0.240628,-1.69752
0,40,7.07115,30.3816,-0.37342,-1.20698
0,40,6.80276,30.828,-0.168731,0.63983
0,40,7.20024,31.172,0.419675,0.590839
0,40,6.80176,31.3326,0.0531416,0.88943
0,40,7.21872,31.666,-1.24724,-0.425264
0,40,6.62264,32.203,0.106176,1.17194
0,40,7.50433,15.385,-0.0338502,-0.591809
0,40,7.5201,15.8389,-0.0650976,-0.797284
0,40,7.50709,16.3651,-0.246554,-0.560873
0,40,7.51445,16.8462,0.0073999,-0.938518
0,40,7.50107,17.3453,-0.0846961,-0.441675
0,40,7.50974,17.8378,0.062149,-0.64213
0,40,7.50598,18.341,0.0105097,-0.344496
0,40,7.51497,18.8358,-0.0434896,-0.342782
0,40,7.50948,19.3296,-0.272076,-0.606912
0,40,7.52391,19.8096,-0.105101,-0.7968
0,40,7.49405,20.2654,-0.525788,-1.2253
0,40,7.52519,20.7269,0.029604,-1.49213
0,40,7.48698,21.1599,-0.352161,-1.55885
0,40,7.52185,21.6059,0.0382571,-1.61869
0,40,7.51189,22.0467,-0.0744762,-1.17232
0,40,7.50301,22.4949,-0.146344,-0.816627
0,40,7.53891,22.9646,-0.372036,-0.386027
0,40,7.45659,23.3768,-0.0345083,-1.22854
0,40,7.57618,23.8726,0.0684153,0.211073
0,40,7.42718,24.2319,-0.392214,-1.11633
0,40,7.66981,24.6584,0.744123,0.26203
0,40,7.40087,25.0958,-0.204052,-0.87449
0,40,7.68164,25.3888,0.242301,0.106449
0,40,7.38342,25.8107,0.245657,-0.50216
0,40,7.69754,26.0868,0.22173,-1.33686
0,40,7.37712,26.3944,0.522463,-1.33544
0,40,7.54092,26.8389,0.308191,-1.94221
0,40,7.44419,27.2243,-0.063339,-1.41482
0,40,7.58895,27.6646,0.512198,-1.66368
0,40,7.50942,28.0553,-0.346211,-1.21175
0,40,7.50675,28.4786,-0.46075,-1.29859
0,40,7.57547,28.9343,0.722917,-0.637033
0,40,7.68147,29.3482,0.923261,-0.707881
0,40,7.44644,29.6682,0.0758021,-1.90119
0,40,7.51462,30.1505,-0.56719,-0.898231
0,40,7.23638,30.7083,-1.44322,-0.295657
0,40,7.65543,31.0126,-0.226501,-0.591601
0,40,7.63396,31.4181,1.80171,-0.133978
0,40,7.56658,31.9192,-0.0146151,-1.00235
0,40,7.24016,32.2125,1.18741,-0.0525607
0,40,8.02881,15.3594,0.0987395,-0.86763
0,40,8.03852,15.8331,0.0771988,-0.878562
0,40,8.00964,16.2981,0.0249124,-1.6042
0,40,8.06025,16.7417,0.138644,-1.94499
0,40,7.99412,17.2168,-0.549487,-2.15319
0,40,8.05343,17.6599,0.162474,-2.44346
0,40,7.98448,18.1109,-0.633103,-2.43976
0,40,8.03327,18.551,0.141896,-2.34533
0,40,7.99143,19.0009,-0.344209,-1.9152
0,40,8.00127,19.4546,-0.00249361,-1.69857
0,40,8.02569,19.9172,0.0346765,-1.17267
0,40,7.98719,20.3836,0.194722,-0.876628
0,40,8.02475,20.8558,-0.080995,-0.471333
0,40,7.99649,21.3276,0.109026,-0.232693
0,40,8.01083,21.8034,-0.161956,-0.132951
0,40,7.99982,22.274,-0.0660587,-0.116028
0,40,8.0068,22.7034,-0.0156452,-0.588278
0,40,8.00821,23.1699,0.520737,-0.6016
0,40,8.01533,23.5448,0.0369305,-0.591866
0,40,8.02309,24.0129,0.801287,-0.672818
0,40,8.1014,24.3923,-0.210616,-0.848878
0,40,8.02503,24.8839,-0.240185,-0.528462
0,40,8.14701,25.2714,-0.050751,-0.984806
0,40,8.00938,25.7136,0.774973,-0.990089
0,40,8.16307,26.1535,0.564565,-0.56915
0,40,7.92669,26.5499,0.390816,-0.724246
0,40,8.06248,26.9541,-0.312781,-0.35736
0,40,7.96558,27.337,0.0296483,-0.689785
0,40,8.04524,27.8102,-0.259632,-0.128808
0,40,8.01626,28.223,0.319908,-0.737154
0,40,7.96072,28.6209,-0.249206,-1.59433
0,40,8.07754,29.1152,0.695386,-0.411858
0,40,8.21582,29.5167,1.54517,-0.470058
0,40,7.88976,29.8355,-0.892524,-0.193342
0,40,7.98902,30.3466,-0.00117593,0.206089
0,40,7.7052,30.5962,-1.62421,-0.658456
0,40,8.15674,30.8217,0.127363,-1.8158
0,40,8.0825,31.3674,1.18313,-2.39443
0,40,8.00356,31.7448,-0.342655,0.374377
0,40,7.93447,32.2218,0.300107,-0.804719
0,40,8.46158,15.4287,-0.185705,-0.685632
0,40,8.59444,15.8507,0.443747,-1.03256
0,40,8.53578,16.417,-0.248663,-0.107656
0,40,8.53249,16.903,0.247822,-0.602908
0,40,8.51211,17.4184,0.0869086,-0.241824
0,40,8.52166,17.9275,0.0521478,-0.283074
0,40,8.52396,18.4252,0.0767315,-0.587466
0,40,8.51478,18.9247,-0.131722,-0.349467
0,40,8.51325,19.3969,-0.224817,-0.850128
0,40,8.52115,19.8723,0.123664,-0.963572
0,40,8.49415,20.3343,-0.205662,-1.0396
0,40,8.5292,20.7717,0.38967,-1.47245
0,40,8.48786,21.224,0.028973,-1.68425
0,40,8.53136,21.6449,0.446555,-1.631
0,40,8.49374,22.0681,0.0104961,-1.85971
0,40,8.54489,22.4973,0.676323,-1.64541
0,40,8.49339,22.9075,-0.407839,-1.26038
0,40,8.58506,23.3297,0.807423,-1.50128
0,40,8.46589,23.7468,-0.744533,-1.06759
0,40,8.63296,24.133,0.582165,-1.34036
0,40,8.4835,24.5892,0.514282,-1.35223
0,40,8.63479,24.9672,-0.0234769,-0.956567
0,40,8.54719,25.4468,0.375731,-1.22342
0,40,8.56083,25.889,-0.701081,-0.17098
0,40,8.60242,26.3545,0.273876,-0.175214
0,40,8.46186,26.7293,-0.218345,-1.33238
0,40,8.59837,27.1939,0.558625,-1.12231
0,40,8.44054,27.523,-0.0586163,-2.40981
0,40,8.54201,27.9713,-1.0307,-1.93759
0,40,8.54143,28.3444,-0.118561,-1.93338
0,40,8.36931,28.7805,-1.55246,-0.385532
0,40,8.59252,29.2135,-0.170941,-1.21101
0,40,8.62956,29.7191,1.48476,0.753007
0,40,8.28115,30.0405,-0.851431,-2.21847
0,40,8.82117,30.6235,-0.278844,0.969934
0,40,8.50505,30.4781,-0.191811,-1.86369
0,40,8.81017,31.1132,-0.229,0.98321
0,40,8.39186,31.0689,1.20601,-0.78001
0,40,8.52378,31.6694,-0.155836,-0.285085
0,40,8.40378,32.0718,0.580837,-0.790934
0,40,9.03715,15.3586,0.0384585,-0.609658
0,40,9.17556,15.6442,1.0092,-1.92525
0,40,8.96526,16.1352,-0.0456328,-2.21317
0,40,9.04235,16.641,-0.0978699,-2.77455
0,40,9.03796,17.0952,0.328161,-2.25727
0,40,9.00687,17.5345,-0.337105,-2.53559
0,40,9.02892,17.9789,-0.126025,-2.06574
0,40,9.00814,18.4365,-0.29317,-2.14157
0,40,9.01205,18.8867,-0.114251,-1.5093
0,40,9.00714,19.3444,-0.0188673,-1.61603
0,40,9.01898,19.7991,0.323176,-1.2284
0,40,9.014,20.2541,0.275834,-1.27182
0,40,9.03077,20.7136,0.581418,-1.19441
0,40,9.01183,21.1733,0.266085,-0.998389
0,40,9.03605,21.6447,0.447558,-0.863154
0,40,9.00854,22.1182,-0.00215677,-0.442746
0,40,9.03618,22.5915,-0.0117039,-0.396684
0,40,9.01281,23.0517,-0.150865,-0.203678
0,40,9.04684,23.5125,-0.0385872,-0.0877084
0,40,9.03691,23.9479,0.334738,-0.113522
0,40,9.05417,24.4172,-0.265433,0.39491
0,40,9.06217,24.8253,0.610427,-0.370771
0,40,9.0175,25.3271,-0.283791,0.410141
0,40,9.03931,25.7302,-0.528934,-0.411967
0,40,9.00951,26.2256,-0.136776,0.472295
0,40,9.13442,26.6771,1.0642,0.547969
0,40,8.95026,26.9806,-0.524658,-0.0964438
0,40,9.14191,27.4618,0.299013,-0.634874
0,40,8.9314,27.7972,-1.04675,-0.0776748
0,40,9.01903,28.3411,0.519533,1.08633
0,40,9.3239,28.6199,0.81723,-0.126244
0,40,8.8293,28.7749,-0.147157,-2.23223
0,40,9.00963,29.4118,-0.471211,0.182166
0,40,8.79736,30.0999,-0.192859,-0.0405058
0,40,9.23384,30.3111,-0.0659135,0.58735
0,40,9.30081,30.6698,0.214408,-1.34131
0,40,9.1619,31.119,1.07044,-2.09773
0,40,8.79188,31.6095,1.7534,1.01973
0,40,9.27923,32.0021,0.457479,0.549794
0,40,8.85454,32.2411,0.0660326,1.00886
0,40,9.58827,15.9128,-0.617777,0.36639
0,40,9.47088,16.3726,0.371431,0.941249
0,40,9.57085,16.8841,0.214938,0.437085
0,40,9.54603,17.3983,-0.498078,0.765774
0,40,9.53886,17.898,0.00429353,0.492059
0,40,9.52704,18.3974,-0.324552,0.771802
0,40,9.52824,18.8819,0.131377,0.809955
0,40,9.52699,19.3563,0.102629,0.687424
0,40,9.52799,19.8294,0.115082,0.89583
0,40,9.52768,20.2967,0.11767,0.764757
0,40,9.52292,20.764,0.118982,0.797672
0,40,9.51718,21.2238,-0.0853162,0.652698
0,40,9.51331,21.6745,0.0200542,0.595446
0,40,9.50182,22.1236,-0.356736,0.517555
0,40,9.51278,22.5606,0.026126,0.308018
0,40,9.50367,23.0077,-0.330327,0.0605372
0,40,9.53301,23.436,0.118533,-0.387177
0,40,9.5227,23.8843,-0.107758,-0.624127
0,40,9.54363,24.3083,0.0225396,-0.900944
0,40,9.5569,24.7628,0.460335,-0.72326
0,40,9.49384,25.1834,-0.707879,-0.0345977
0,40,9.58311,25.5931,0.667684,-0.0139376
0,40,9.45257,26.0157,-1.36098,0.0074045
0,40,9.5588,26.39,-0.666084,-0.217254
0,40,9.62117,26.8803,0.431516,0.388491
0,40,9.46574,27.2517,0.420037,0.21923
0,40,9.66057,27.7215,-1.59908,0.368677
0,40,9.33421,28.0039,-1.9691,0.300739
0,40,9.67061,28.3264,0.678173,-0.973357
0,40,9.61857,28.965,-0.286344,1.25519
0,40,9.17696,29.1056,-1.77753,-0.616126
0,40,9.65762,29.4683,-1.71357,0.269434
0,40,9.17826,29.7972,0.548441,-0.0488776
0,40,9.53159,29.892,0.636362,-0.273176
0,40,9.72807,30.3661,0.483463,-0.534246
0,40,9.68315,30.9696,0.94991,-0.295583
0,40,9.51689,31.369,-0.354665,-0.256144
0,40,9.2127,31.7078,0.668621,-0.445329
0,40,9.7431,31.8544,0.374035,0.456655
0,40,9.65247,32.5149,-0.0740529,1.283
1,40,10,1.5,0,0
1,40,10.5,1.5,0,0
1,40,1.5,1.5,0,0
1,40,2,1.5,0,0
1,40,10,2,0,0
1,40,10.5,2,0,0
1,40,1.5,2,0,0
1,40,2,2,0,0
1,40,10,2.5,0,0
1,40,10.5,2.5,0,0
1,40,1.5,2.5,0,0
1,40,2,2.5,0,0
1,40,10,3,0,0
1,40,10.5,3,0,0
1,40,1.5,3,0,0
1,40,2,3,0,0
1,40,10,3.5,0,0
1,40,10.5,3.5,0,0
1,40,1.5,3.5,0,0
1,40,2,3.5,0,0
1,40,10,4,0,0
1,40,10.5,4,0,0
1,40,1.5,4,0,0
1,40,2,4,0,0
1,40,10,4.5,0,0
1,40,10.5,4.5,0,0
1,40,1.5,4.5,0,0
1,40,2,4.5,0,0
1,40,10,5,0,0
1,40,10.5,5,0,0
1,40,1.5,5,0,0
1,40,2,5,0,0
1,40,10,5.5,0,0
1,40,10.5,5.5,0,0
1,40,1.5,5.5,0,0
1,40,2,5.5,0,0
1,40,10,6,0,0
1,40,10.5,6,0,0
1,40,1.5,6,0,0
1,40,2,6,0,0
1,40,10,6.5,0,0
1,40,10.5,6.5,0,0
1,40,1.5,6.5,0,0
1,40,2,6.5,0,0
1,40,10,7,0,0
1,40,10.5,7,0,0
1,40,1.5,7,0,0
1,40,2,7,0,0
1,40,10,7.5,0,0
1,40,10.5,7.5,0,0
1,40,1.5,7.5,0,0
1,40,2,7.5,0,0
1,40,10,8,0,0
1,40,10.5,8,0,0
1,40,1.5,8,0,0
1,40,2,8,0,0
1,40,10,8.5,0,0
1,40,10.5,8.5,0,0
1,40,1.5,8.5,0,0
1,40,2,8.5,0,0
1,40,10,9,0,0
1,40,10.5,9,0,0
1,40,1.5,9,0,0
1,40,2,9,0,0
1,40,10,9.5,0,0
1,40,10.5,9.5,0,0
1,40,1.5,9.5,0,0
1,40,2,9.5,0,0
1,40,10,10,0,0
1,40,10.5,10,0,0
1,40,1.5,10,0,0
1,40,2,10,0,0
1,40,10,10.5,0,0
1,40,10.5,10.5,0,0
1,40,1.5,10.5,0,0
1,40,2,10.5,0,0
1,40,10,11,0,0
1,40,10.5,11,0,0
1,40,1.5,11,0,0
1,40,2,11,0,0
1,40,10,11.5,0,0
1,40,10.5,11.5,0,0
1,40,1.5,11.5,0,0
1,40,2,11.5,0,0
1,40,10,12,0,0
1,40,10.5,12,0,0
1,40,1.5,12,0,0
1,40,2,12,0,0
1,40,10,12.5,0,0
1,40,10.5,12.5,0,0
1,40,1.5,12.5,0,0
1,40,2,12.5,0,0
1,40,10,13,0,0
1,40,10.5,13,0,0
1,40,1.5,13,0,0
1,40,2,13,0,0
1,40,10,13.5,0,0
1,40,10.5,13.5,0,0
1,40,1.5,13.5,0,0
1,40,2,13.5,0,0
1,40,10,14,0,0
1,40,10.5,14,0,0
1,40,1.5,14,0,0
1,40,2,14,0,0
1,40,10,14.5,0,0
1,40,10.5,14.5,0,0
1,40,1.5,14.5,0,0
1,40,2,14.5,0,0
1,40,10,15,0,0
1,40,10.5,15,0,0
1,40,1.5,15,0,0
1,40,2,15,0,0
1,40,10,15.5,0,0
1,40,10.5,15.5,0,0
1,40,1.5,15.5,0,0
1,40,2,15.5,0,0
1,40,10,16,0,0
1,40,10.5,16,0,0
1,40,1.5,16,0,0
1,40,2,16,0,0
1,40,10,16.5,0,0
1,40,10.5,16.5,0,0
1,40,1.5,16.5,0,0
1,40,2,16.5,0,0
1,40,10,17,0,0
1,40,10.5,17,0,0
1,40,1.5,17,0,0
1,40,2,17,0,0
1,40,10,17.5,0,0
1,40,10.5,17.5,0,0
1,40,1.5,17.5,0,0
1,40,2,17.5,0,0
1,40,10,18,0,0
1,40,10.5,18,0,0
1,40,1.5,18,0,0
1,40,2,18,0,0
1,40,10,18.5,0,0
1,40,10.5,18.5,0,0
1,40,1.5,18.5,0,0
1,40,2,18.5,0,0
1,40,10,19,0,0
1,40,10.5,19,0,0
1,40,1.5,19,0,0
1,40,2,19,0,0
1,40,10,19.5,0,0
1,40,10.5,19.5,0,0
1,40,1.5,19.5,0,0
1,40,2,19.5,0,0
1,40,10,20,0,0
1,40,10.5,20,0,0
1,40,1.5,20,0,0
1,40,2,20,0,0
1,40,10,20.5,0,0
1,40,10.5,20.5,0,0
1,40,1.5,20.5,0,0
1,40,2,20.5,0,0
1,40,10,21,0,0
1,40,10.5,21,0,0
1,40,1.5,21,0,0
1,40,2,21,0,0
1,40,10,21.5,0,0
1,40,10.5,21.5,0,0
1,40,1.5,21.5,0,0
1,40,2,21.5,0,0
1,40,10,22,0,0
1,40,10.5,22,0,0
1,40,1.5,22,0,0
1,40,2,22,0,0
1,40,10,22.5,0,0
1,40,10.5,22.5,0,0
1,40,1.5,22.5,0,0
1,40,2,22.5,0,0
1,40,10,23,0,0
1,40,10.5,23,0,0
1,40,1.5,23,0,0
1,40,2,23,0,0
1,40,10,23.5,0,0
1,40,10.5,23.5,0,0
1,40,1.5,23.5,0,0
1,40,2,23.5,0,0
1,40,10,24,0,0
1,40,10.5,24,0,0
1,40,1.5,24,0,0
1,40,2,24,0,0
1,40,10,24.5,0,0
1,40,10.5,24.5,0,0
1,40,1.5,24.5,0,0
1,40,2,24.5,0,0
1,40,10,25,0,0
1,40,10.5,25,0,0
1,40,1.5,25,0,0
1,40,2,25,0,0
1,40,10,25.5,0,0
1,40,10.5,25.5,0,0
1,40,1.5,25.5,0,0
1,40,2,25.5,0,0
1,40,10,26,0,0
1,40,10.5,26,0,0
1,40,1.5,26,0,0
1,40,2,26,0,0
1,40,10,26.5,0,0
1,40,10.5,26.5,0,0
1,40,1.5,26.5,0,0
1,40,2,26.5,0,0
1,40,10,27,0,0
1,40,10.5,27,0,0
1,40,1.5,27,0,0
1,40,2,27,0,0
1,40,10,27.5,0,0
1,40,10.5,27.5,0,0
1,40,1.5,27.5,0,0
1,40,2,27.5,0,0
1,40,10,28,0,0
1,40,10.5,28,0,0
1,40,1.5,28,0,0
1,40,2,28,0,0
1,40,10,28.5,0,0
1,40,10.5,28.5,0,0
1,40,1.5,28.5,0,0
1,40,2,28.5,0,0
1,40,10,29,0,0
1,40,10.5,29,0,0
1,40,1.5,29,0,0
1,40,2,29,0,0
1,40,10,29.5,0,0
1,40,10.5,29.5,0,0
1,40,1.5,29.5,0,0
1,40,2,29.5,0,0
1,40,10,30,0,0
1,40,10.5,30,0,0
1,40,1.5,30,0,0
1,40,2,30,0,0
1,40,10,30.5,0,0
1,40,10.5,30.5,0,0
1,40,1.5,30.5,0,0
1,40,2,30.5,0,0
1,40,10,31,0,0
1,40,10.5,31,0,0
1,40,1.5,31,0,0
1,40,2,31,0,0
1,40,10,31.5,0,0
1,40,10.5,31.5,0,0
1,40,1.5,31.5,0,0
1,40,2,31.5,0,0
1,40,10,32,0,0
1,40,10.5,32,0,0
1,40,1.5,32,0,0
1,40,2,32,0,0
1,40,10,32.5,0,0
1,40,10.5,32.5,0,0
1,40,1.5,32.5,0,0
1,40,2,32.5,0,0
1,40,10,33,0,0
1,40,10.5,33,0,0
1,40,1.5,33,0,0
1,40,2,33,0,0
1,40,2.5,1.5,0,0
1,40,2.5,2,0,0
1,40,2.5,32.5,0,0
1,40,2.5,33,0,0
1,40,3,1.5,0,0
1,40,3,2,0,0
1,40,3,32.5,0,0
1,40,3,33,0,0
1,40,3.5,1.5,0,0
1,40,3.5,2,0,0
1,40,3.5,32.5,0,0
1,40,3.5,33,0,0
1,40,4,1.5,0,0
1,40,4,2,0,0
1,40,4,32.5,0,0
1,40,4,33,0,0
1,40,4.5,1.5,0,0
1,40,4.5,2,0,0
1,40,4.5,32.5,0,0
1,40,4.5,33,0,0
1,40,5,1.5,0,0
1,40,5,2,0,0
1,40,5,32.5,0,0
1,40,5,33,0,0
1,40,5.5,1.5,0,0
1,40,5.5,2,0,0
1,40,5.5,32.5,0,0
1,40,5.5,33,0,0
1,40,6,1.5,0,0
1,40,6,2,0,0
1,40,6,32.5,0,0
1,40,6,33,0,0
1,40,6.5,1.5,0,0
1,40,6.5,2,0,0
1,40,6.5,32.5,0,0
1,40,6.5,33,0,0
1,40,7,1.5,0,0
1,40,7,2,0,0
1,40,7,32.5,0,0
1,40,7,33,0,0
1,40,7.5,1.5,0,0
1,40,7.5,2,0,0
1,40,7.5,32.5,0,0
1,40,7.5,33,0,0
1,40,8,1.5,0,0
1,40,8,2,0,0
1,40,8,32.5,0,0
1,40,8,33,0,0
1,40,8.5,1.5,0,0
1,40,8.5,2,0,0
1,40,8.5,32.5,0,0
1,40,8.5,33,0,0
1,40,9,1.5,0,0
1,40,9,2,0,0
1,40,9,32.5,0,0
1,40,9,33,0,0
1,40,9.5,1.5,0,0
1,40,9.5,2,0,0
1,40,9.5,32.5,0,0
1,40,9.5,33,0,0
