916 2 0.5 203000 0 2 0 1e-05 0 9.81 45 45
0,40,2.40845,15.0879,-1.11694,3.64234
0,40,2.52602,15.5638,0.386462,3.79109
0,40,2.47217,16.0642,-0.091893,3.62281
0,40,2.49996,16.5576,0.155748,3.99606
0,40,2.48442,17.0438,0.0601098,3.83804
0,40,2.48585,17.5299,0.0987906,4.13993
0,40,2.48036,18.011,0.0249771,4.03916
0,40,2.47514,18.4871,0.0546164,4.17014
0,40,2.47154,18.959,-0.0318333,4.11729
0,40,2.46705,19.4269,-0.0519585,4.16695
0,40,2.46462,19.891,-0.201806,4.20814
0,40,2.46306,20.3529,-0.281672,4.2466
0,40,2.4619,20.8124,-0.389902,4.29573
0,40,2.46318,21.2695,-0.401657,4.22487
0,40,2.46241,21.725,-0.421407,4.10323
0,40,2.46398,22.1777,-0.359098,3.9699
0,40,2.46252,22.6289,-0.268744,3.74131
0,40,2.46378,23.0771,-0.127732,3.58119
0,40,2.462,23.5221,0.00514386,3.38921
0,40,2.46067,23.9659,0.0906999,3.27734
0,40,2.4579,24.4086,0.130847,3.16583
0,40,2.45811,24.8525,0.103338,3.0987
0,40,2.46099,25.2922,0.111559,3.04783
0,40,2.46539,25.7271,0.0977882,2.9467
0,40,2.4694,26.1539,0.125718,2.73472
0,40,2.46732,26.5804,0.0935052,2.37037
0,40,2.46509,27.0064,0.0971304,2.10592
0,40,2.46166,27.4329,0.075855,1.9096
0,40,2.46498,27.852,-0.034319,1.87068
0,40,2.47819,28.2625,-0.0174366,1.71712
0,40,2.49422,28.6551,0.238302,1.44135
0,40,2.4882,29.0523,0.281907,1.10353
0,40,2.49265,29.4382,0.55155,0.552483
0,40,2.43065,29.8544,-0.219933,0.249328
0,40,2.45222,30.2813,-0.571969,0.608896
0,40,2.49322,30.6744,-0.782066,1.06348
0,40,2.31443,31.1517,-0.742434,1.65064
0,40,2.65136,31.3687,0.675946,0.554372
0,40,2.32122,31.8015,0.53748,-0.359475
0,40,2.58915,32.2225,-1.23342,-0.037328
0,40,2.99314,15.0085,-0.0809173,2.83855
0,40,2.99682,15.4938,0.0778267,3.09948
0,40,2.99209,15.9975,-0.0160283,2.94576
0,40,2.99019,16.4704,-0.0053664,3.12306
0,40,2.98992,16.9622,0.0135037,3.05852
0,40,2.98431,17.4319,-0.0451161,3.19701
0,40,2.98453,17.9077,-0.0564467,3.0536
0,40,2.97798,18.3692,-0.11998,3.07386
0,40,2.978,18.829,-0.105207,2.91677
0,40,2.97239,19.2807,-0.140252,2.78067
0,40,2.97346,19.7271,-0.115255,2.67235
0,40,2.97189,20.1685,-0.108146,2.49423
0,40,2.97342,20.6073,-0.0996351,2.44978
0,40,2.97311,21.0426,-0.032366,2.31829
0,40,2.97258,21.476,0.00038274,2.14919
0,40,2.97196,21.9053,0.0903326,2.05893
0,40,2.97078,22.3314,0.137904,1.96326
0,40,2.9711,22.7535,0.217424,1.86384
0,40,2.97074,23.1739,0.23604,1.80283
0,40,2.97194,23.5908,0.255784,1.71047
0,40,2.96863,24.0078,0.173368,1.5879
0,40,2.96905,24.425,0.0845845,1.47931
0,40,2.96694,24.8421,0.00152511,1.3216
0,40,2.97229,25.2628,-0.0141374,1.25336
0,40,2.97525,25.6822,0.0540511,1.21036
0,40,2.97857,26.1063,0.0921705,1.30712
0,40,2.97434,26.5276,0.14694,1.40729
0,40,2.96789,26.9518,0.132582,1.481
0,40,2.96385,27.3726,0.0534542,1.55872
0,40,2.96915,27.7944,-0.0376005,1.45844
0,40,2.98705,28.2164,0.104559,1.14307
0,40,2.99977,28.6541,0.400658,0.940301
0,40,2.99181,29.0907,0.442782,0.966545
0,40,2.98074,29.5447,0.391409,1.36626
0,40,2.91396,29.9572,-0.884974,1.45091
0,40,3.01336,30.3815,-0.13807,1.29718
0,40,2.85677,30.8098,-1.53524,0.70654
0,40,3.0609,31.2655,-0.299224,0.494358
0,40,2.81464,31.8184,0.833652,0.926395
0,40,3.23911,32.1474,-0.113484,0.654438
0,40,3.49914,15.0081,0.00597457,2.87126
0,40,3.49603,15.4966,0.0157615,3.2018
0,40,3.49127,15.9915,0.00255835,2.94519
0,40,3.493,16.4778,0.0472804,3.2207
0,40,3.48835,16.9616,-0.0270789,3.15655
0,40,3.48822,17.4404,-0.00132761,3.31693
0,40,3.48441,17.9159,-0.0825777,3.23757
0,40,3.48367,18.3846,-0.0781002,3.40826
0,40,3.48125,18.8498,-0.10571,3.29606
0,40,3.48032,19.3104,-0.137367,3.37354
0,40,3.47969,19.7665,-0.0946035,3.38538
0,40,3.47995,20.2198,-0.0935565,3.36528
0,40,3.48034,20.6725,-0.0926458,3.47927
0,40,3.48008,21.1208,-0.0928553,3.5404
0,40,3.47871,21.5703,-0.089064,3.50251
0,40,3.47827,22.0167,-0.0648317,3.61809
0,40,3.47691,22.4602,-0.015568,3.51198
0,40,3.47657,22.9054,0.0038095,3.47076
0,40,3.47467,23.3474,0.0347818,3.45655
0,40,3.4727,23.791,0.0569892,3.32274
0,40,3.46957,24.2333,0.0434983,3.27715
0,40,3.46943,24.6732,0.0647009,3.05188
0,40,3.47073,25.1117,0.0615835,2.87421
0,40,3.47721,25.5463,0.137074,2.57993
0,40,3.47963,25.9797,0.12142,2.35785
0,40,3.48376,26.4055,0.139673,2.17019
0,40,3.4795,26.8249,0.028216,1.95211
0,40,3.48085,27.2366,0.0587259,1.82507
0,40,3.47916,27.6445,0.0302564,1.68025
0,40,3.48536,28.0542,0.137433,1.64228
0,40,3.48498,28.4696,0.103871,1.65903
0,40,3.48437,28.8879,0.152888,1.7873
0,40,3.45535,29.3124,-0.220042,1.97875
0,40,3.47476,29.7168,0.112309,1.86251
0,40,3.40651,30.1299,-0.796097,1.45517
0,40,3.52104,30.5471,0.442539,1.19904
0,40,3.31832,30.931,-0.890542,0.14783
0,40,3.61889,31.3804,-0.290423,0.12511
0,40,3.20758,31.7048,0.544225,0.51059
0,40,3.76677,32.1167,0.150073,0.334088
0,40,3.99832,15.0064,-0.00625524,2.9053
0,40,3.99605,15.4951,0.025895,3.24118
0,40,3.99476,15.9917,0.0420335,2.9897
0,40,3.99325,16.4755,0.0121116,3.13957
0,40,3.99158,16.9611,0.0027235,3.17732
0,40,3.99146,17.4381,-0.00933313,3.24959
0,40,3.98915,17.9137,-0.00658008,3.19458
0,40,3.98872,18.3824,-0.0588711,3.31975
0,40,3.98615,18.8452,-0.0520166,3.21522
0,40,3.98485,19.3067,-0.0454115,3.27054
0,40,3.98298,19.76,0.0211216,3.31145
0,40,3.98314,20.2115,0.109507,3.13667
0,40,3.9806,20.6603,0.118052,3.1815
0,40,3.98149,21.1029,0.163525,3.14073
0,40,3.97757,21.5452,0.133943,2.93911
0,40,3.97834,21.9838,0.121283,2.96486
0,40,3.97415,22.4175,0.106451,2.71603
0,40,3.97547,22.8513,0.107914,2.47308
0,40,3.97183,23.2785,0.0564892,2.30935
0,40,3.97396,23.7042,0.0520159,1.98027
0,40,3.97034,24.1271,-0.0285112,1.78154
0,40,3.97311,24.5462,-0.0489528,1.50363
0,40,3.9705,24.9666,-0.111318,1.3456
0,40,3.97476,25.3865,-0.0715293,1.27431
0,40,3.97275,25.8131,-0.0814886,1.2652
0,40,3.97645,26.2444,0.00893957,1.47143
0,40,3.97434,26.6829,0.00362063,1.56577
0,40,3.9768,27.1249,0.0699261,1.73296
0,40,3.9766,27.5664,-0.0045126,1.67791
0,40,3.97954,28.0091,0.0253418,1.64828
0,40,3.97939,28.4458,-0.00505408,1.34904
0,40,3.97757,28.8851,0.039385,1.27444
0,40,3.96464,29.3021,-0.138904,1.01015
0,40,3.98555,29.7229,0.340145,0.826847
0,40,3.91,30.1339,-0.66249,0.947077
0,40,4.04169,30.5187,0.588258,0.43955
0,40,3.78897,30.9625,-0.480674,0.614417
0,40,4.14647,31.2945,-0.0584109,0.634722
0,40,3.73305,31.7221,0.044884,0.0466393
0,40,4.27748,32.1181,0.0582506,-0.134718
0,40,4.499,15.0051,-0.00386728,2.91796
0,40,4.49745,15.4932,0.000101926,3.23033
0,40,4.49731,15.9898,-0.0358681,2.96603
0,40,4.49556,16.474,-0.0266895,3.12162
0,40,4.49437,16.9602,-0.0638123,3.16094
0,40,4.49422,17.4366,-0.0693007,3.24903
0,40,4.49223,17.9124,-0.0883462,3.17446
0,40,4.49243,18.3806,-0.0889407,3.31166
0,40,4.49008,18.8438,-0.0538867,3.27067
0,40,4.49051,19.3049,-0.024777,3.29964
0,40,4.48741,19.7602,-0.0214476,3.42643
0,40,4.48861,20.211,0.0369313,3.25088
0,40,4.48457,20.662,0.0386026,3.24824
0,40,4.48633,21.105,0.0354624,3.2867
0,40,4.4818,21.5484,0.0433481,3.05292
0,40,4.48316,21.9908,-0.00269461,3.15554
0,40,4.48002,22.4275,-0.0318004,3.04678
0,40,4.48169,22.8677,-0.0436053,2.85188
0,40,4.47895,23.3037,-0.125428,2.89845
0,40,4.48233,23.7395,-0.0940785,2.70874
0,40,4.47928,24.1755,-0.162184,2.63917
0,40,4.48438,24.6069,-0.101048,2.45062
0,40,4.48144,25.0365,-0.122858,2.22392
0,40,4.48751,25.4584,-0.0715626,1.96461
0,40,4.48218,25.8756,-0.132649,1.60628
0,40,4.48735,26.2844,-0.0585871,1.39493
0,40,4.48033,26.6875,-0.0813009,1.03161
0,40,4.48414,27.0885,0.0234548,0.861905
0,40,4.48069,27.4879,0.037415,0.652839
0,40,4.47903,27.8908,0.0281579,0.521577
0,40,4.47767,28.2982,0.017002,0.425314
0,40,4.47321,28.7083,-0.0317774,0.325405
0,40,4.46656,29.1268,-0.0627526,0.347034
0,40,4.47792,29.542,0.0438565,0.275668
0,40,4.42417,29.9758,-0.441926,0.616947
0,40,4.53053,30.3821,0.246435,0.301251
0,40,4.30379,30.8366,-0.604966,0.851473
0,40,4.60322,31.2507,-0.24291,0.853362
0,40,4.26028,31.704,0.0622338,0.28748
0,40,4.76188,32.0589,0.469478,-0.156626
0,40,4.99934,15.0044,-0.0102841,2.92453
0,40,4.99818,15.4924,-0.0292677,3.20671
0,40,4.99683,15.9893,-0.0123693,2.97997
0,40,4.99684,16.4732,0.0250117,3.13975
0,40,4.99634,16.9598,0.0235217,3.12294
0,40,4.99658,17.4365,0.0123491,3.25408
0,40,4.99551,17.9117,0.0143912,3.16282
0,40,4.99534,18.3803,0.0285435,3.34014
0,40,4.99342,18.8428,0.0629599,3.32905
0,40,4.99327,19.3039,0.128283,3.31499
0,40,4.99081,19.7591,0.139288,3.43586
0,40,4.99166,20.2094,0.16611,3.26557
0,40,4.9881,20.6595,0.152314,3.20423
0,40,4.9891,21.1027,0.176891,3.26026
0,40,4.9856,21.5448,0.13798,2.97718
0,40,4.98779,21.987,0.112868,2.97192
0,40,4.98391,22.4219,-0.00638352,2.8702
0,40,4.98677,22.8588,-0.0386409,2.56965
0,40,4.98269,23.293,-0.121503,2.57157
0,40,4.98685,23.7231,-0.15672,2.33536
0,40,4.98337,24.1556,-0.212231,2.22956
0,40,4.98782,24.5843,-0.218145,2.16755
0,40,4.98553,25.0153,-0.220311,2.07656
0,40,4.9904,25.4454,-0.162131,2.11416
0,40,4.98925,25.879,-0.101627,2.1152
0,40,4.99465,26.313,0.0166329,2.27819
0,40,4.99361,26.7463,0.0409591,2.23049
0,40,4.99678,27.1796,0.072838,2.26977
0,40,4.99411,27.6077,0.0112982,2.14718
0,40,4.9908,28.0342,-0.018058,2.03189
0,40,4.98744,28.4517,-0.0311699,1.78762
0,40,4.97738,28.8725,-0.0921849,1.61145
0,40,4.98056,29.2752,-0.00264991,1.33491
0,40,4.97111,29.6935,-0.164391,1.24178
0,40,4.9427,30.0779,-0.321227,0.808884
0,40,5.04311,30.504,0.40899,1.01646
0,40,4.79847,30.8382,-0.840925,0.0860397
0,40,5.08548,31.2623,-0.973319,-0.279917
0,40,4.7753,31.6698,0.940396,1.01342
0,40,5.22689,32.1142,1.06371,1.19453
0,40,5.49966,15.0038,0.00716731,2.91556
0,40,5.49919,15.4911,0.0421807,3.22028
0,40,5.49959,15.9888,0.0283799,2.99992
0,40,5.49921,16.4735,0.000834459,3.13916
0,40,5.4993,16.9595,-0.00326121,3.12451
0,40,5.49905,17.4359,0.00132187,3.23993
0,40,5.49847,17.9108,0.003554,3.17937
0,40,5.49842,18.3788,0.0221971,3.34325
0,40,5.49735,18.8419,0.0176552,3.37393
0,40,5.498,19.3025,0.0516912,3.36182
0,40,5.49599,19.7582,0.0461597,3.43205
0,40,5.49642,20.2087,0.0389784,3.2881
0,40,5.49438,20.6584,0.0580445,3.23147
0,40,5.49484,21.1026,0.0302698,3.24381
0,40,5.4929,21.5457,-0.0227231,2.99005
0,40,5.49348,21.9879,-0.0178575,2.96876
0,40,5.49111,22.4253,-0.0749151,2.87524
0,40,5.49338,22.8644,-0.0627198,2.69472
0,40,5.49128,23.3006,-0.107913,2.64883
0,40,5.49351,23.7352,-0.143131,2.49726
0,40,5.49187,24.1679,-0.152003,2.39746
0,40,5.4944,24.5977,-0.1223,2.23577
0,40,5.49216,25.0235,-0.15768,2.0329
0,40,5.49541,25.445,-0.105666,1.84511
0,40,5.49203,25.8641,-0.121688,1.64668
0,40,5.49524,26.2803,-0.073672,1.54399
0,40,5.49183,26.6961,-0.0650091,1.39356
0,40,5.49467,27.1126,-0.00355094,1.27546
0,40,5.4931,27.5301,0.0322793,1.16889
0,40,5.49273,27.9463,0.0042015,1.00043
0,40,5.49462,28.3638,0.0467295,0.841466
0,40,5.48492,28.7755,-0.126132,0.627481
0,40,5.49553,29.1916,0.091711,0.561567
0,40,5.47875,29.6006,-0.154839,0.377895
0,40,5.47093,30.016,-0.0553809,0.405664
0,40,5.52988,30.4182,0.111723,-0.0624438
0,40,5.38366,30.8388,0.0104925,0.48481
0,40,5.56906,31.1965,-0.324348,-0.377661
0,40,5.31747,31.6182,0.0978113,0.0363223
0,40,5.60628,31.9193,0.374477,-1.809
0,40,6,15.0038,4.09484e-13,2.95966
0,40,6,15.4917,4.26099e-12,3.22064
0,40,6,15.989,3.01757e-11,2.9539
0,40,6,16.473,2.67951e-11,3.12746
0,40,6,16.9598,-5.23156e-11,3.12527
0,40,6,17.4358,-1.18686e-10,3.25269
0,40,6,17.9112,-1.65692e-10,3.18873
0,40,6,18.379,-9.97667e-11,3.3514
0,40,6,18.8423,-2.02313e-10,3.37291
0,40,6,19.3027,-1.33831e-10,3.37823
0,40,6,19.7572,2.41377e-11,3.40675
0,40,6,20.2086,9.08974e-11,3.29286
0,40,6,20.6572,-2.03973e-11,3.22721
0,40,6,21.1017,-4.98723e-12,3.16549
0,40,6,21.5439,-3.15865e-11,2.96461
0,40,6,21.985,-9.60894e-11,2.89921
0,40,6,22.4223,9.20982e-12,2.79758
0,40,6,22.8595,1.3297e-11,2.58612
0,40,6,23.294,6.52363e-11,2.48884
0,40,6,23.7266,5.12209e-11,2.34127
0,40,6,24.1597,3.38298e-11,2.32733
0,40,6,24.5896,-3.69743e-12,2.21594
0,40,6,25.0212,-2.68842e-11,2.16046
0,40,6,25.4497,-3.57343e-11,2.16844
0,40,6,25.8795,8.87414e-12,2.09251
0,40,6,26.3072,3.97699e-11,2.15345
0,40,6,26.7328,4.86154e-11,2.04127
0,40,6,27.1568,1.81243e-11,1.99704
0,40,6,27.5783,1.5535e-11,1.86382
0,40,6,27.9979,-1.48606e-11,1.74391
0,40,6,28.4155,-3.79019e-12,1.58486
0,40,6,28.8309,-1.26548e-11,1.29959
0,40,6,29.2349,-1.23944e-11,1.06171
0,40,6,29.6562,-9.73207e-12,0.868109
0,40,6,30.0155,6.81718e-12,0.491196
0,40,6,30.4801,-2.5781e-11,0.625344
0,40,6,30.8138,-5.20276e-13,0.59017
0,40,6,31.2836,-6.0345e-12,0.601193
0,40,6,31.6351,-9.71011e-12,0.782211
0,40,6,32.1586,3.89065e-12,2.78228
0,40,6.50034,15.0038,-0.00716731,2.91556
0,40,6.50081,15.4911,-0.0421807,3.22028
0,40,6.50041,15.9888,-0.0283799,2.99992
0,40,6.50079,16.4735,-0.000834459,3.13916
0,40,6.5007,16.9595,0.00326121,3.12451
0,40,6.50095,17.4359,-0.00132187,3.23993
0,40,6.50153,17.9108,-0.003554,3.17937
0,40,6.50158,18.3788,-0.0221971,3.34325
0,40,6.50265,18.8419,-0.0176552,3.37393
0,40,6.502,19.3025,-0.0516912,3.36182
0,40,6.50401,19.7582,-0.0461597,3.43205
0,40,6.50358,20.2087,-0.0389784,3.2881
0,40,6.50562,20.6584,-0.0580445,3.23147
0,40,6.50516,21.1026,-0.0302698,3.24381
0,40,6.5071,21.5457,0.0227231,2.99005
0,40,6.50652,21.9879,0.0178575,2.96876
0,40,6.50889,22.4253,0.0749151,2.87524
0,40,6.50662,22.8644,0.0627198,2.69472
0,40,6.50872,23.3006,0.107913,2.64883
0,40,6.50649,23.7352,0.143131,2.49726
0,40,6.50813,24.1679,0.152003,2.39746
0,40,6.5056,24.5977,0.1223,2.23577
0,40,6.50784,25.0235,0.15768,2.0329
0,40,6.50459,25.445,0.105666,1.84511
0,40,6.50797,25.8641,0.121688,1.64668
0,40,6.50476,26.2803,0.073672,1.54399
0,40,6.50817,26.6961,0.0650091,1.39356
0,40,6.50533,27.1126,0.00355094,1.27546
0,40,6.5069,27.5301,-0.0322793,1.16889
0,40,6.50727,27.9463,-0.0042015,1.00043
0,40,6.50538,28.3638,-0.0467295,0.841466
0,40,6.51508,28.7755,0.126132,0.627481
0,40,6.50447,29.1916,-0.091711,0.561567
0,40,6.52125,29.6006,0.154839,0.377895
0,40,6.52907,30.016,0.0553809,0.405664
0,40,6.47012,30.4182,-0.111723,-0.0624438
0,40,6.61634,30.8388,-0.0104925,0.48481
0,40,6.43094,31.1965,0.324348,-0.377661
0,40,6.68253,31.6182,-0.0978113,0.0363223
0,40,6.39372,31.9193,-0.374477,-1.809
0,40,7.00066,15.0044,0.0102841,2.92453
0,40,7.00182,15.4924,0.0292677,3.20671
0,40,7.00317,15.9893,0.0123693,2.97997
0,40,7.00316,16.4732,-0.0250117,3.13975
0,40,7.00366,16.9598,-0.0235217,3.12294
0,40,7.00342,17.4365,-0.0123491,3.25408
0,40,7.00449,17.9117,-0.0143912,3.16282
0,40,7.00466,18.3803,-0.0285435,3.34014
0,40,7.00658,18.8428,-0.0629599,3.32905
0,40,7.00673,19.3039,-0.128283,3.31499
0,40,7.00919,19.7591,-0.139288,3.43586
0,40,7.00834,20.2094,-0.16611,3.26557
0,40,7.0119,20.6595,-0.152314,3.20423
0,40,7.0109,21.1027,-0.176891,3.26026
0,40,7.0144,21.5448,-0.13798,2.97718
0,40,7.01221,21.987,-0.112868,2.97192
0,40,7.01609,22.4219,0.00638352,2.8702
0,40,7.01323,22.8588,0.0386409,2.56965
0,40,7.01731,23.293,0.121503,2.57157
0,40,7.01315,23.7231,0.15672,2.33536
0,40,7.01663,24.1556,0.212231,2.22956
0,40,7.01218,24.5843,0.218145,2.16755
0,40,7.01447,25.0153,0.220311,2.07656
0,40,7.0096,25.4454,0.162131,2.11416
0,40,7.01075,25.879,0.101627,2.1152
0,40,7.00535,26.313,-0.0166329,2.27819
0,40,7.00639,26.7463,-0.0409591,2.23049
0,40,7.00322,27.1796,-0.072838,2.26977
0,40,7.00589,27.6077,-0.0112982,2.14718
0,40,7.0092,28.0342,0.018058,2.03189
0,40,7.01256,28.4517,0.0311699,1.78762
0,40,7.02262,28.8725,0.0921849,1.61145
0,40,7.01944,29.2752,0.00264991,1.33491
0,40,7.02889,29.6935,0.164391,1.24178
0,40,7.0573,30.0779,0.321227,0.808884
0,40,6.95689,30.504,-0.40899,1.01646
0,40,7.20153,30.8382,0.840925,0.0860397
0,40,6.91452,31.2623,0.973319,-0.279917
0,40,7.2247,31.6698,-0.940396,1.01342
0,40,6.77311,32.1142,-1.06371,1.19453
0,40,7.501,15.0051,0.00386728,2.91796
0,40,7.50255,15.4932,-0.000101926,3.23033
0,40,7.50269,15.9898,0.0358681,2.96603
0,40,7.50444,16.474,0.0266895,3.12162
0,40,7.50563,16.9602,0.0638123,3.16094
0,40,7.50578,17.4366,0.0693007,3.24903
0,40,7.50777,17.9124,0.0883462,3.17446
0,40,7.50757,18.3806,0.0889407,3.31166
0,40,7.50992,18.8438,0.0538867,3.27067
0,40,7.50949,19.3049,0.024777,3.29964
0,40,7.51259,19.7602,0.0214476,3.42643
0,40,7.51139,20.211,-0.0369313,3.25088
0,40,7.51543,20.662,-0.0386026,3.24824
0,40,7.51367,21.105,-0.0354624,3.2867
0,40,7.5182,21.5484,-0.0433481,3.05292
0,40,7.51684,21.9908,0.00269461,3.15554
0,40,7.51998,22.4275,0.0318004,3.04678
0,40,7.51831,22.8677,0.0436053,2.85188
0,40,7.52105,23.3037,0.125428,2.89845
0,40,7.51767,23.7395,0.0940785,2.70874
0,40,7.52072,24.1755,0.162184,2.63917
0,40,7.51562,24.6069,0.101048,2.45062
0,40,7.51856,25.0365,0.122858,2.22392
0,40,7.51249,25.4584,0.0715626,1.96461
0,40,7.51782,25.8756,0.132649,1.60628
0,40,7.51265,26.2844,0.0585871,1.39493
0,40,7.51967,26.6875,0.0813009,1.03161
0,40,7.51586,27.0885,-0.0234548,0.861905
0,40,7.51931,27.4879,-0.037415,0.652839
0,40,7.52097,27.8908,-0.0281579,0.521577
0,40,7.52233,28.2982,-0.017002,0.425314
0,40,7.52679,28.7083,0.0317774,0.325405
0,40,7.53344,29.1268,0.0627526,0.347034
0,40,7.52208,29.542,-0.0438565,0.275668
0,40,7.57583,29.9758,0.441926,0.616947
0,40,7.46947,30.3821,-0.246435,0.301251
0,40,7.69621,30.8366,0.604966,0.851473
0,40,7.39678,31.2507,0.24291,0.853362
0,40,7.73972,31.704,-0.0622338,0.28748
0,40,7.23812,32.0589,-0.469478,-0.156626
0,40,8.00168,15.0064,0.00625524,2.9053
0,40,8.00395,15.4951,-0.025895,3.24118
0,40,8.00524,15.9917,-0.0420335,2.9897
0,40,8.00675,16.4755,-0.0121116,3.13957
0,40,8.00842,16.9611,-0.0027235,3.17732
0,40,8.00854,17.4381,0.00933313,3.24959
0,40,8.01085,17.9137,0.00658008,3.19458
0,40,8.01128,18.3824,0.0588711,3.31975
0,40,8.01385,18.8452,0.0520166,3.21522
0,40,8.01515,19.3067,0.0454115,3.27054
0,40,8.01702,19.76,-0.0211216,3.31145
0,40,8.01686,20.2115,-0.109507,3.13667
0,40,8.0194,20.6603,-0.118052,3.1815
0,40,8.01851,21.1029,-0.163525,3.14073
0,40,8.02243,21.5452,-0.133943,2.93911
0,40,8.02166,21.9838,-0.121283,2.96486
0,40,8.02585,22.4175,-0.106451,2.71603
0,40,8.02453,22.8513,-0.107914,2.47308
0,40,8.02817,23.2785,-0.0564892,2.30935
0,40,8.02604,23.7042,-0.0520159,1.98027
0,40,8.02966,24.1271,0.0285112,1.78154
0,40,8.02689,24.5462,0.0489528,1.50363
0,40,8.0295,24.9666,0.111318,1.3456
0,40,8.02524,25.3865,0.0715293,1.27431
0,40,8.02725,25.8131,0.0814886,1.2652
0,40,8.02355,26.2444,-0.00893957,1.47143
0,40,8.02566,26.6829,-0.00362063,1.56577
0,40,8.0232,27.1249,-0.0699261,1.73296
0,40,8.0234,27.5664,0.0045126,1.67791
0,40,8.02046,28.0091,-0.0253418,1.64828
0,40,8.02061,28.4458,0.00505408,1.34904
0,40,8.02243,28.8851,-0.039385,1.27444
0,40,8.03536,29.3021,0.138904,1.01015
0,40,8.01445,29.7229,-0.340145,0.826847
0,40,8.09,30.1339,0.66249,0.947077
0,40,7.95831,30.5187,-0.588258,0.43955
0,40,8.21103,30.9625,0.480674,0.614417
0,40,7.85353,31.2945,0.0584109,0.634722
0,40,8.26695,31.7221,-0.044884,0.0466393
0,40,7.72252,32.1181,-0.0582506,-0.134718
0,40,8.50086,15.0081,-0.00597457,2.87126
0,40,8.50397,15.4966,-0.0157615,3.2018
0,40,8.50873,15.9915,-0.00255835,2.94519
0,40,8.507,16.4778,-0.0472804,3.2207
0,40,8.51165,16.9616,0.0270789,3.15655
0,40,8.51178,17.4404,0.00132761,3.31693
0,40,8.51559,17.9159,0.0825777,3.23757
0,40,8.51633,18.3846,0.0781002,3.40826
0,40,8.51875,18.8498,0.10571,3.29606
0,40,8.51968,19.3104,0.137367,3.37354
0,40,8.52031,19.7665,0.0946035,3.38538
0,40,8.52005,20.2198,0.0935565,3.36528
0,40,8.51966,20.6725,0.0926458,3.47927
0,40,8.51992,21.1208,0.0928553,3.5404
0,40,8.52129,21.5703,0.089064,3.50251
0,40,8.52173,22.0167,0.0648317,3.61809
0,40,8.52309,22.4602,0.015568,3.51198
0,40,8.52343,22.9054,-0.0038095,3.47076
0,40,8.52533,23.3474,-0.0347818,3.45655
0,40,8.5273,23.791,-0.0569892,3.32274
0,40,8.53043,24.2333,-0.0434983,3.27715
0,40,8.53057,24.6732,-0.0647009,3.05188
0,40,8.52927,25.1117,-0.0615835,2.87421
0,40,8.52279,25.5463,-0.137074,2.57993
0,40,8.52037,25.9797,-0.12142,2.35785
0,40,8.51624,26.4055,-0.139673,2.17019
0,40,8.5205,26.8249,-0.028216,1.95211
0,40,8.51915,27.2366,-0.0587259,1.82507
0,40,8.52084,27.6445,-0.0302564,1.68025
0,40,8.51464,28.0542,-0.137433,1.64228
0,40,8.51502,28.4696,-0.103871,1.65903
0,40,8.51563,28.8879,-0.152888,1.7873
0,40,8.54465,29.3124,0.220042,1.97875
0,40,8.52524,29.7168,-0.112309,1.86251
0,40,8.59349,30.1299,0.796097,1.45517
0,40,8.47896,30.5471,-0.442539,1.19904
0,40,8.68168,30.931,0.890542,0.14783
0,40,8.38111,31.3804,0.290423,0.12511
0,40,8.79242,31.7048,-0.544225,0.51059
0,40,8.23323,32.1167,-0.150073,0.334088
0,40,9.00686,15.0085,0.0809173,2.83855
0,40,9.00318,15.4938,-0.0778267,3.09948
0,40,9.00791,15.9975,0.0160283,2.94576
0,40,9.00981,16.4704,0.0053664,3.12306
0,40,9.01008,16.9622,-0.0135037,3.05852
0,40,9.01569,17.4319,0.0451161,3.19701
0,40,9.01547,17.9077,0.0564467,3.0536
0,40,9.02202,18.3692,0.11998,3.07386
0,40,9.022,18.829,0.105207,2.91677
0,40,9.02761,19.2807,0.140252,2.78067
0,40,9.02654,19.7271,0.115255,2.67235
0,40,9.02811,20.1685,0.108146,2.49423
0,40,9.02658,20.6073,0.0996351,2.44978
0,40,9.02689,21.0426,0.032366,2.31829
0,40,9.02742,21.476,-0.00038274,2.14919
0,40,9.02804,21.9053,-0.0903326,2.05893
0,40,9.02922,22.3314,-0.137904,1.96326
0,40,9.0289,22.7535,-0.217424,1.86384
0,40,9.02926,23.1739,-0.23604,1.80283
0,40,9.02806,23.5908,-0.255784,1.71047
0,40,9.03137,24.0078,-0.173368,1.5879
0,40,9.03095,24.425,-0.0845845,1.47931
0,40,9.03306,24.8421,-0.00152511,1.3216
0,40,9.02771,25.2628,0.0141374,1.25336
0,40,9.02475,25.6822,-0.0540511,1.21036
0,40,9.02143,26.1063,-0.0921705,1.30712
0,40,9.02566,26.5276,-0.14694,1.40729
0,40,9.03211,26.9518,-0.132582,1.481
0,40,9.03615,27.3726,-0.0534542,1.55872
0,40,9.03085,27.7944,0.0376005,1.45844
0,40,9.01295,28.2164,-0.104559,1.14307
0,40,9.00023,28.6541,-0.400658,0.940301
0,40,9.00819,29.0907,-0.442782,0.966545
0,40,9.01926,29.5447,-0.391409,1.36626
0,40,9.08604,29.9572,0.884974,1.45091
0,40,8.98664,30.3815,0.13807,1.29718
0,40,9.14323,30.8098,1.53524,0.70654
0,40,8.9391,31.2655,0.299224,0.494358
0,40,9.18536,31.8184,-0.833652,0.926395
0,40,8.76089,32.1474,0.113484,0.654438
0,40,9.59155,15.0879,1.11694,3.64234
0,40,9.47398,15.5638,-0.386462,3.79109
0,40,9.52783,16.0642,0.091893,3.62281
0,40,9.50004,16.5576,-0.155748,3.99606
0,40,9.51558,17.0438,-0.0601098,3.83804
0,40,9.51415,17.5299,-0.0987906,4.13993
0,40,9.51964,18.011,-0.0249771,4.03916
0,40,9.52486,18.4871,-0.0546164,4.17014
0,40,9.52846,18.959,0.0318333,4.11729
0,40,9.53295,19.4269,0.0519585,4.16695
0,40,9.53538,19.891,0.201806,4.20814
0,40,9.53694,20.3529,0.281672,4.2466
0,40,9.5381,20.8124,0.389902,4.29573
0,40,9.53682,21.2695,0.401657,4.22487
0,40,9.53759,21.725,0.421407,4.10323
0,40,9.53602,22.1777,0.359098,3.9699
0,40,9.53748,22.6289,0.268744,3.74131
0,40,9.53622,23.0771,0.127732,3.58119
0,40,9.538,23.5221,-0.00514386,3.38921
0,40,9.53933,23.9659,-0.0906999,3.27734
0,40,9.5421,24.4086,-0.130847,3.16583
0,40,9.54189,24.8525,-0.103338,3.0987
0,40,9.53901,25.2922,-0.111559,3.04783
0,40,9.53461,25.7271,-0.0977882,2.9467
0,40,9.5306,26.1539,-0.125718,2.73472
0,40,9.53268,26.5804,-0.0935052,2.37037
0,40,9.53491,27.0064,-0.0971304,2.10592
0,40,9.53834,27.4329,-0.075855,1.9096
0,40,9.53502,27.852,0.034319,1.87068
0,40,9.52181,28.2625,0.0174366,1.71712
0,40,9.50578,28.6551,-0.238302,1.44135
0,40,9.5118,29.0523,-0.281907,1.10353
0,40,9.50735,29.4382,-0.55155,0.552483
0,40,9.56935,29.8544,0.219933,0.249328
0,40,9.54778,30.2813,0.571969,0.608896
0,40,9.50678,30.6744,0.782066,1.06348
0,40,9.68557,31.1517,0.742434,1.65064
0,40,9.34864,31.3687,-0.675946,0.554372
0,40,9.67878,31.8015,-0.53748,-0.359475
0,40,9.41085,32.2225,1.23342,-0.037328
1,40,10,1.5,0,0
1,40,10.5,1.5,0,0
1,40,1.5,1.5,0,0
1,40,2,1.5,0,0
1,40,10,2,0,0
1,40,10.5,2,0,0
1,40,1.5,2,0,0
1,40,2,2,0,0
1,40,10,2.5,0,0
1,40,10.5,2.5,0,0
1,40,1.5,2.5,0,0
1,40,2,2.5,0,0
1,40,10,3,0,0
1,40,10.5,3,0,0
1,40,1.5,3,0,0
1,40,2,3,0,0
1,40,10,3.5,0,0
1,40,10.5,3.5,0,0
1,40,1.5,3.5,0,0
1,40,2,3.5,0,0
1,40,10,4,0,0
1,40,10.5,4,0,0
1,40,1.5,4,0,0
1,40,2,4,0,0
1,40,10,4.5,0,0
1,40,10.5,4.5,0,0
1,40,1.5,4.5,0,0
1,40,2,4.5,0,0
1,40,10,5,0,0
1,40,10.5,5,0,0
1,40,1.5,5,0,0
1,40,2,5,0,0
1,40,10,5.5,0,0
1,40,10.5,5.5,0,0
1,40,1.5,5.5,0,0
1,40,2,5.5,0,0
1,40,10,6,0,0
1,40,10.5,6,0,0
1,40,1.5,6,0,0
1,40,2,6,0,0
1,40,10,6.5,0,0
1,40,10.5,6.5,0,0
1,40,1.5,6.5,0,0
1,40,2,6.5,0,0
1,40,10,7,0,0
1,40,10.5,7,0,0
1,40,1.5,7,0,0
1,40,2,7,0,0
1,40,10,7.5,0,0
1,40,10.5,7.5,0,0
1,40,1.5,7.5,0,0
1,40,2,7.5,0,0
1,40,10,8,0,0
1,40,10.5,8,0,0
1,40,1.5,8,0,0
1,40,2,8,0,0
1,40,10,8.5,0,0
1,40,10.5,8.5,0,0
1,40,1.5,8.5,0,0
1,40,2,8.5,0,0
1,40,10,9,0,0
1,40,10.5,9,0,0
1,40,1.5,9,0,0
1,40,2,9,0,0
1,40,10,9.5,0,0
1,40,10.5,9.5,0,0
1,40,1.5,9.5,0,0
1,40,2,9.5,0,0
1,40,10,10,0,0
1,40,10.5,10,0,0
1,40,1.5,10,0,0
1,40,2,10,0,0
1,40,10,10.5,0,0
1,40,10.5,10.5,0,0
1,40,1.5,10.5,0,0
1,40,2,10.5,0,0
1,40,10,11,0,0
1,40,10.5,11,0,0
1,40,1.5,11,0,0
1,40,2,11,0,0
1,40,10,11.5,0,0
1,40,10.5,11.5,0,0
1,40,1.5,11.5,0,0
1,40,2,11.5,0,0
1,40,10,12,0,0
1,40,10.5,12,0,0
1,40,1.5,12,0,0
1,40,2,12,0,0
1,40,10,12.5,0,0
1,40,10.5,12.5,0,0
1,40,1.5,12.5,0,0
1,40,2,12.5,0,0
1,40,10,13,0,0
1,40,10.5,13,0,0
1,40,1.5,13,0,0
1,40,2,13,0,0
1,40,10,13.5,0,0
1,40,10.5,13.5,0,0
1,40,1.5,13.5,0,0
1,40,2,13.5,0,0
1,40,10,14,0,0
1,40,10.5,14,0,0
1,40,1.5,14,0,0
1,40,2,14,0,0
1,40,10,14.5,0,0
1,40,10.5,14.5,0,0
1,40,1.5,14.5,0,0
1,40,2,14.5,0,0
1,40,10,15,0,0
1,40,10.5,15,0,0
1,40,1.5,15,0,0
1,40,2,15,0,0
1,40,10,15.5,0,0
1,40,10.5,15.5,0,0
1,40,1.5,15.5,0,0
1,40,2,15.5,0,0
1,40,10,16,0,0
1,40,10.5,16,0,0
1,40,1.5,16,0,0
1,40,2,16,0,0
1,40,10,16.5,0,0
1,40,10.5,16.5,0,0
1,40,1.5,16.5,0,0
1,40,2,16.5,0,0
1,40,10,17,0,0
1,40,10.5,17,0,0
1,40,1.5,17,0,0
1,40,2,17,0,0
1,40,10,17.5,0,0
1,40,10.5,17.5,0,0
1,40,1.5,17.5,0,0
1,40,2,17.5,0,0
1,40,10,18,0,0
1,40,10.5,18,0,0
1,40,1.5,18,0,0
1,40,2,18,0,0
1,40,10,18.5,0,0
1,40,10.5,18.5,0,0
1,40,1.5,18.5,0,0
1,40,2,18.5,0,0
1,40,10,19,0,0
1,40,10.5,19,0,0
1,40,1.5,19,0,0
1,40,2,19,0,0
1,40,10,19.5,0,0
1,40,10.5,19.5,0,0
1,40,1.5,19.5,0,0
1,40,2,19.5,0,0
1,40,10,20,0,0
1,40,10.5,20,0,0
1,40,1.5,20,0,0
1,40,2,20,0,0
1,40,10,20.5,0,0
1,40,10.5,20.5,0,0
1,40,1.5,20.5,0,0
1,40,2,20.5,0,0
1,40,10,21,0,0
1,40,10.5,21,0,0
1,40,1.5,21,0,0
1,40,2,21,0,0
1,40,10,21.5,0,0
1,40,10.5,21.5,0,0
1,40,1.5,21.5,0,0
1,40,2,21.5,0,0
1,40,10,22,0,0
1,40,10.5,22,0,0
1,40,1.5,22,0,0
1,40,2,22,0,0
1,40,10,22.5,0,0
1,40,10.5,22.5,0,0
1,40,1.5,22.5,0,0
1,40,2,22.5,0,0
1,40,10,23,0,0
1,40,10.5,23,0,0
1,40,1.5,23,0,0
1,40,2,23,0,0
1,40,10,23.5,0,0
1,40,10.5,23.5,0,0
1,40,1.5,23.5,0,0
1,40,2,23.5,0,0
1,40,10,24,0,0
1,40,10.5,24,0,0
1,40,1.5,24,0,0
1,40,2,24,0,0
1,40,10,24.5,0,0
1,40,10.5,24.5,0,0
1,40,1.5,24.5,0,0
1,40,2,24.5,0,0
1,40,10,25,0,0
1,40,10.5,25,0,0
1,40,1.5,25,0,0
1,40,2,25,0,0
1,40,10,25.5,0,0
1,40,10.5,25.5,0,0
1,40,1.5,25.5,0,0
1,40,2,25.5,0,0
1,40,10,26,0,0
1,40,10.5,26,0,0
1,40,1.5,26,0,0
1,40,2,26,0,0
1,40,10,26.5,0,0
1,40,10.5,26.5,0,0
1,40,1.5,26.5,0,0
1,40,2,26.5,0,0
1,40,10,27,0,0
1,40,10.5,27,0,0
1,40,1.5,27,0,0
1,40,2,27,0,0
1,40,10,27.5,0,0
1,40,10.5,27.5,0,0
1,40,1.5,27.5,0,0
1,40,2,27.5,0,0
1,40,10,28,0,0
1,40,10.5,28,0,0
1,40,1.5,28,0,0
1,40,2,28,0,0
1,40,10,28.5,0,0
1,40,10.5,28.5,0,0
1,40,1.5,28.5,0,0
1,40,2,28.5,0,0
1,40,10,29,0,0
1,40,10.5,29,0,0
1,40,1.5,29,0,0
1,40,2,29,0,0
1,40,10,29.5,0,0
1,40,10.5,29.5,0,0
1,40,1.5,29.5,0,0
1,40,2,29.5,0,0
1,40,10,30,0,0
1,40,10.5,30,0,0
1,40,1.5,30,0,0
1,40,2,30,0,0
1,40,10,30.5,0,0
1,40,10.5,30.5,0,0
1,40,1.5,30.5,0,0
1,40,2,30.5,0,0
1,40,10,31,0,0
1,40,10.5,31,0,0
1,40,1.5,31,0,0
1,40,2,31,0,0
1,40,10,31.5,0,0
1,40,10.5,31.5,0,0
1,40,1.5,31.5,0,0
1,40,2,31.5,0,0
1,40,10,32,0,0
1,40,10.5,32,0,0
1,40,1.5,32,0,0
1,40,2,32,0,0
1,40,10,32.5,0,0
1,40,10.5,32.5,0,0
1,40,1.5,32.5,0,0
1,40,2,32.5,0,0
1,40,10,33,0,0
1,40,10.5,33,0,0
1,40,1.5,33,0,0
1,40,2,33,0,0
1,40,2.5,1.5,0,0
1,40,2.5,2,0,0
1,40,2.5,32.5,0,0
1,40,2.5,33,0,0
1,40,3,1.5,0,0
1,40,3,2,0,0
1,40,3,32.5,0,0
1,40,3,33,0,0
1,40,3.5,1.5,0,0
1,40,3.5,2,0,0
1,40,3.5,32.5,0,0
1,40,3.5,33,0,0
1,40,4,1.5,0,0
1,40,4,2,0,0
1,40,4,32.5,0,0
1,40,4,33,0,0
1,40,4.5,1.5,0,0
1,40,4.5,2,0,0
1,40,4.5,32.5,0,0
1,40,4.5,33,0,0
1,40,5,1.5,0,0
1,40,5,2,0,0
1,40,5,32.5,0,0
1,40,5,33,0,0
1,40,5.5,1.5,0,0
1,40,5.5,2,0,0
1,40,5.5,32.5,0,0
1,40,5.5,33,0,0
1,40,6,1.5,0,0
1,40,6,2,0,0
1,40,6,32.5,0,0
1,40,6,33,0,0
1,40,6.5,1.5,0,0
1,40,6.5,2,0,0
1,40,6.5,32.5,0,0
1,40,6.5,33,0,0
1,40,7,1.5,0,0
1,40,7,2,0,0
1,40,7,32.5,0,0
1,40,7,33,0,0
1,40,7.5,1.5,0,0
1,40,7.5,2,0,0
1,40,7.5,32.5,0,0
1,40,7.5,33,0,0
1,40,8,1.5,0,0
1,40,8,2,0,0
1,40,8,32.5,0,0
1,40,8,33,0,0
1,40,8.5,1.5,0,0
1,40,8.5,2,0,0
1,40,8.5,32.5,0,0
1,40,8.5,33,0,0
1,40,9,1.5,0,0
1,40,9,2,0,0
1,40,9,32.5,0,0
1,40,9,33,0,0
1,40,9.5,1.5,0,0
1,40,9.5,2,0,0
1,40,9.5,32.5,0,0
1,40,9.5,33,0,0
