1396 2 0.5 2.5e+06 0.05 2 0 0.001 0 9.81 35 35
0,250,2.32475,18.7064,-0.784211,2.68463
0,250,2.54252,19.1559,0.0892178,2.23157
0,250,2.467,19.6697,-0.0119587,2.47139
0,250,2.50792,20.163,-0.183668,2.19253
0,250,2.5005,20.6602,0.0548188,2.35375
0,250,2.49752,21.15,-0.23076,2.11106
0,250,2.5051,21.6413,-0.00358052,2.2135
0,250,2.49784,22.123,-0.129506,2.04851
0,250,2.5024,22.6106,-0.0569403,2.14109
0,250,2.49547,23.088,-0.0943234,2.04818
0,250,2.49621,23.5718,-0.129662,2.11484
0,250,2.4893,24.0486,-0.0823005,1.99397
0,250,2.49019,24.5291,-0.124878,2.01917
0,250,2.48566,25.0059,0.00129489,1.83249
0,250,2.49008,25.4838,0.0207918,1.82031
0,250,2.49055,25.9597,0.163736,1.64129
0,250,2.49907,26.4356,0.161612,1.5838
0,250,2.50313,26.9083,0.248657,1.43016
0,250,2.51241,27.3795,0.197751,1.31052
0,250,2.51463,27.8439,0.250513,1.12863
0,250,2.52755,28.3055,0.27742,1.02517
0,250,2.52102,28.7581,0.0962994,0.881023
0,250,2.55506,29.2069,0.447321,0.805642
0,250,2.50561,29.6472,-0.647019,0.809758
0,250,2.59993,30.0786,0.558728,0.487789
0,250,2.4332,30.5038,-1.54128,0.471816
0,250,2.66491,30.8997,0.817342,-0.248983
0,250,2.40234,31.2816,0.261126,-0.589947
0,250,2.63128,31.6879,-0.247678,-0.324702
0,250,2.49956,32.0725,-0.70208,-0.371041
0,250,2.99433,18.5795,-0.0594243,2.12024
0,250,3.00145,19.0772,-0.0618659,1.78307
0,250,2.99026,19.5761,-0.0836427,1.98335
0,250,3.0079,20.0561,-0.0690247,1.69086
0,250,3.00591,20.5526,0.0227998,1.75509
0,250,3.01262,21.0357,-0.0501986,1.53189
0,250,3.01514,21.518,0.0471772,1.558
0,250,3.01969,21.9995,0.0441336,1.33271
0,250,3.02066,22.4719,0.0775065,1.32119
0,250,3.0256,22.9448,0.11444,1.07377
0,250,3.02442,23.4066,0.0787423,1.04188
0,250,3.02975,23.8682,0.116674,0.75931
0,250,3.02685,24.318,0.0549072,0.650007
0,250,3.03253,24.7682,0.0868729,0.413759
0,250,3.02746,25.2095,0.0624226,0.2877
0,250,3.0327,25.6535,0.0885286,0.143579
0,250,3.02597,26.0944,0.0920627,0.142711
0,250,3.031,26.541,0.127871,0.0468556
0,250,3.02797,26.9888,0.178738,0.146228
0,250,3.03387,27.4448,0.204028,0.108106
0,250,3.03685,27.901,0.264887,0.165424
0,250,3.04388,28.3674,0.289953,0.21251
0,250,3.05094,28.8303,0.268373,0.170294
0,250,3.05967,29.3086,0.307255,0.294132
0,250,3.06938,29.7702,0.174369,-0.078469
0,250,3.06282,30.2559,-0.0532183,0.0627767
0,250,3.10444,30.7005,0.45516,-0.397193
0,250,3.05782,31.2005,-0.122361,0.126619
0,250,3.09454,31.6607,-0.0359081,0.495735
0,250,3.16729,32.1187,-0.472772,0.163861
0,250,3.50112,18.5836,-0.0106922,2.02041
0,250,3.50385,19.0764,-0.051579,1.90442
0,250,3.50437,19.5725,-0.0118105,1.93455
0,250,3.5175,20.0581,0.00269485,1.70457
0,250,3.51754,20.5553,0.0248141,1.78602
0,250,3.52495,21.0361,-0.00811168,1.54834
0,250,3.53034,21.5273,0.0979299,1.67997
0,250,3.53353,22.0062,0.0447546,1.46814
0,250,3.54152,22.4907,0.171459,1.58513
0,250,3.54345,22.9692,0.119195,1.43097
0,250,3.55122,23.4485,0.209339,1.54439
0,250,3.55454,23.9265,0.19618,1.41723
0,250,3.56164,24.4011,0.229285,1.43646
0,250,3.56678,24.8754,0.248075,1.32992
0,250,3.57144,25.3444,0.240651,1.17994
0,250,3.57646,25.8087,0.25377,1.02225
0,250,3.57627,26.2668,0.242464,0.79564
0,250,3.58157,26.7169,0.277041,0.569409
0,250,3.57665,27.1638,0.243057,0.42764
0,250,3.58425,27.6041,0.347599,0.233385
0,250,3.57574,28.0458,0.242473,0.201606
0,250,3.58603,28.4848,0.40612,0.136512
0,250,3.57604,28.9289,0.219507,0.196279
0,250,3.58786,29.3706,0.426059,0.231845
0,250,3.58614,29.8248,0.249794,0.406668
0,250,3.58696,30.2643,0.304639,0.277288
0,250,3.61691,30.7378,0.587324,0.603546
0,250,3.5853,31.1655,-0.251204,0.357203
0,250,3.57528,31.6347,0.0116195,0.273359
0,250,3.76911,32.0849,0.524179,0.181244
0,250,4.00208,18.5887,0.0133022,2.05139
0,250,4.01121,19.0875,0.0324352,1.85943
0,250,4.01062,19.5819,-0.0295906,1.96012
0,250,4.02474,20.0707,0.0718367,1.7755
0,250,4.02571,20.5651,0.0337518,1.75112
0,250,4.0383,21.0462,0.13245,1.65494
0,250,4.04207,21.5357,0.138622,1.62054
0,250,4.05061,22.0122,0.171501,1.51192
0,250,4.05578,22.4937,0.195814,1.43899
0,250,4.06223,22.966,0.225847,1.3096
0,250,4.06757,23.439,0.219573,1.26527
0,250,4.07338,23.9086,0.240566,1.14158
0,250,4.07715,24.3748,0.213757,1.07085
0,250,4.08349,24.8422,0.267581,1.0768
0,250,4.08606,25.3076,0.266613,0.968977
0,250,4.09486,25.7745,0.371772,1.05724
0,250,4.09829,26.2427,0.382899,1.00449
0,250,4.10901,26.7099,0.481387,1.00175
0,250,4.11267,27.1777,0.452445,0.989476
0,250,4.1217,27.6419,0.495733,0.872389
0,250,4.12283,28.1026,0.425502,0.809715
0,250,4.12766,28.5577,0.453985,0.63513
0,250,4.12823,29.0089,0.390735,0.563654
0,250,4.1288,29.4524,0.434434,0.381616
0,250,4.13427,29.8998,0.429711,0.382815
0,250,4.12462,30.3324,0.306387,0.217304
0,250,4.14616,30.7827,0.490076,0.397125
0,250,4.15374,31.2056,0.445972,0.170531
0,250,4.06563,31.6498,0.00707239,0.346832
0,250,4.3506,32.0577,1.30043,0.167846
0,250,4.50354,18.5975,0.00674519,2.04068
0,250,4.51461,19.0883,0.0261773,1.91098
0,250,4.52105,19.5893,0.0928062,1.95723
0,250,4.53321,20.0749,0.0361327,1.7854
0,250,4.53819,20.5714,0.119653,1.81324
0,250,4.55017,21.0531,0.114453,1.70252
0,250,4.55653,21.5429,0.200857,1.68642
0,250,4.56714,22.021,0.194085,1.57451
0,250,4.57494,22.5041,0.296058,1.6026
0,250,4.58444,22.9803,0.285925,1.43884
0,250,4.59249,23.4559,0.360998,1.46853
0,250,4.60148,23.9292,0.362302,1.27634
0,250,4.60928,24.3961,0.400737,1.21888
0,250,4.6179,24.8625,0.408588,1.05866
0,250,4.62311,25.3215,0.3978,0.867766
0,250,4.63092,25.778,0.434593,0.711496
0,250,4.63225,26.2311,0.384624,0.554722
0,250,4.63996,26.6802,0.488155,0.402737
0,250,4.63961,27.1321,0.45078,0.355361
0,250,4.64839,27.5799,0.582578,0.233972
0,250,4.64964,28.0322,0.567185,0.193039
0,250,4.65846,28.481,0.66139,0.0911118
0,250,4.66314,28.9316,0.658653,0.00435377
0,250,4.66622,29.3778,0.649462,-0.0621159
0,250,4.67471,29.8253,0.691965,-0.144895
0,250,4.67395,30.2644,0.61757,-0.184407
0,250,4.67574,30.7104,0.618724,-0.271216
0,250,4.71824,31.1569,0.97696,-0.169597
0,250,4.60762,31.5857,-0.200096,-0.236488
0,250,4.86945,32.0342,1.50284,-0.352504
0,250,5.00448,18.6074,0.0245617,2.06429
0,250,5.01876,19.1008,0.0605952,1.93535
0,250,5.02611,19.5998,0.061567,1.95045
0,250,5.03917,20.0877,0.135398,1.82419
0,250,5.04858,20.5821,0.138478,1.8305
0,250,5.06095,21.0638,0.221651,1.73477
0,250,5.07045,21.5526,0.214632,1.69005
0,250,5.08162,22.0286,0.313223,1.60849
0,250,5.09114,22.512,0.315679,1.54786
0,250,5.10172,22.9833,0.395415,1.40451
0,250,5.11145,23.4598,0.414155,1.39034
0,250,5.12165,23.9293,0.45731,1.26107
0,250,5.13079,24.3996,0.503032,1.24551
0,250,5.14152,24.8671,0.552613,1.21371
0,250,5.15047,25.3344,0.618892,1.14987
0,250,5.16222,25.7992,0.674586,1.11015
0,250,5.17049,26.2625,0.710074,1.0181
0,250,5.18111,26.7218,0.737162,0.879554
0,250,5.18633,27.1773,0.717182,0.765568
0,250,5.19401,27.6287,0.758081,0.580816
0,250,5.19668,28.0771,0.739154,0.486234
0,250,5.20193,28.5226,0.82449,0.339489
0,250,5.20723,28.9695,0.824219,0.293612
0,250,5.20952,29.4111,0.895713,0.154
0,250,5.21744,29.8584,0.854991,0.130405
0,250,5.22724,30.2919,0.963577,-0.0453826
0,250,5.19722,30.7382,0.627326,0.03837
0,250,5.28882,31.1722,1.3605,-0.0501284
0,250,5.14301,31.5935,0.263175,-0.155388
0,250,5.39373,32.036,1.79182,-0.109396
0,250,5.50604,18.6196,0.0280274,2.09343
0,250,5.523,19.1106,0.0737703,1.97029
0,250,5.53312,19.6119,0.10444,2.0097
0,250,5.54901,20.0975,0.133235,1.85514
0,250,5.55915,20.5941,0.181065,1.89797
0,250,5.57411,21.0755,0.224676,1.78884
0,250,5.58429,21.5649,0.318475,1.78406
0,250,5.59956,22.0426,0.358274,1.67588
0,250,5.61004,22.525,0.422389,1.66141
0,250,5.62446,23.0001,0.469813,1.52144
0,250,5.63512,23.4749,0.514873,1.4726
0,250,5.6486,23.9461,0.578041,1.32951
0,250,5.65912,24.4129,0.606305,1.22642
0,250,5.67159,24.8778,0.652227,1.12496
0,250,5.68033,25.3387,0.656336,0.973552
0,250,5.69176,25.7972,0.71992,0.895275
0,250,5.6989,26.2551,0.740157,0.82177
0,250,5.7104,26.7102,0.843392,0.722822
0,250,5.71798,27.1669,0.881453,0.70416
0,250,5.72905,27.6196,0.978286,0.566244
0,250,5.73658,28.0722,0.9785,0.47408
0,250,5.74446,28.5188,1.03714,0.3207
0,250,5.75064,28.9662,1.05285,0.21635
0,250,5.75579,29.4066,1.07512,0.130562
0,250,5.75909,29.8505,1.16364,0.0676383
0,250,5.78232,30.2903,1.28052,-0.0122391
0,250,5.7371,30.7255,0.857516,-0.110025
0,250,5.84764,31.1716,1.85823,-0.168588
0,250,5.70329,31.588,0.319056,-0.238797
0,250,5.90853,32.024,2.03272,-0.351412
0,250,6.00696,18.634,0.0413606,2.135
0,250,6.02682,19.1257,0.112215,1.99843
0,250,6.0383,19.6268,0.128379,2.01773
0,250,6.05507,20.1132,0.219313,1.91663
0,250,6.0695,20.6083,0.256548,1.91729
0,250,6.08425,21.0893,0.317197,1.86464
0,250,6.09947,21.5786,0.35962,1.83005
0,250,6.11336,22.0547,0.425378,1.7065
0,250,6.1278,22.5378,0.485802,1.69101
0,250,6.14264,23.0103,0.553501,1.51898
0,250,6.15592,23.4863,0.625626,1.52962
0,250,6.17183,23.9566,0.689494,1.3938
0,250,6.18373,24.426,0.760976,1.34865
0,250,6.20014,24.8925,0.834123,1.29691
0,250,6.21136,25.3572,0.899565,1.17244
0,250,6.22718,25.8183,0.954407,1.10947
0,250,6.23711,26.2771,0.986077,0.955891
0,250,6.25062,26.7313,1.02424,0.832284
0,250,6.25876,27.1839,1.05219,0.729947
0,250,6.26954,27.6328,1.11266,0.594908
0,250,6.27818,28.082,1.18583,0.540867
0,250,6.28737,28.528,1.24237,0.393782
0,250,6.29534,28.9747,1.30111,0.330344
0,250,6.30824,29.4152,1.36572,0.1413
0,250,6.2997,29.8563,1.2902,0.0801465
0,250,6.34376,30.2947,1.64456,-0.024654
0,250,6.2738,30.7266,1.04094,-0.0762209
0,250,6.39521,31.1707,2.10182,-0.0639015
0,250,6.28343,31.5923,0.86285,-0.285112
0,250,6.42323,32.0269,2.03883,-0.314364
0,250,6.50867,18.6502,0.0418328,2.19583
0,250,6.53166,19.1416,0.0966167,2.0483
0,250,6.54443,19.6421,0.146075,2.10986
0,250,6.56507,20.1286,0.215291,1.97701
0,250,6.57955,20.6241,0.264138,1.98543
0,250,6.59799,21.1058,0.356829,1.91604
0,250,6.61322,21.5948,0.421636,1.8946
0,250,6.63162,22.0721,0.512232,1.80622
0,250,6.64696,22.5547,0.566961,1.76718
0,250,6.66488,23.0286,0.654088,1.65306
0,250,6.67984,23.5038,0.724833,1.58333
0,250,6.69763,23.9737,0.788687,1.44903
0,250,6.7117,24.4409,0.851253,1.35716
0,250,6.7289,24.9056,0.913479,1.27275
0,250,6.74145,25.367,0.970754,1.13833
0,250,6.75805,25.8265,1.05522,1.08761
0,250,6.7698,26.2849,1.12795,1.00749
0,250,6.78602,26.7398,1.2139,0.898597
0,250,6.79705,27.195,1.268,0.85294
0,250,6.81204,27.6445,1.33349,0.676983
0,250,6.82024,28.0939,1.37561,0.582999
0,250,6.83554,28.5373,1.43754,0.422005
0,250,6.83708,28.9815,1.50126,0.354081
0,250,6.86172,29.4232,1.6048,0.257833
0,250,6.84456,29.8608,1.54849,0.143339
0,250,6.89975,30.3028,1.97494,0.0639764
0,250,6.82793,30.7284,1.22852,-0.119113
0,250,6.93715,31.1697,2.35738,-0.146006
0,250,6.86428,31.5965,1.38512,-0.226504
0,250,6.9451,32.0261,2.05873,-0.302831
0,250,7.00946,18.6693,0.0491541,2.22444
0,250,7.0346,19.16,0.137447,2.09868
0,250,7.04964,19.6617,0.198953,2.14989
0,250,7.0717,20.1478,0.262623,2.03265
0,250,7.08931,20.6426,0.351139,2.07417
0,250,7.1093,21.124,0.423448,2.01374
0,250,7.12813,21.6127,0.503639,1.98009
0,250,7.14679,22.0898,0.572873,1.86134
0,250,7.1655,22.5718,0.667405,1.83951
0,250,7.18498,23.0456,0.751031,1.70477
0,250,7.20252,23.5207,0.814202,1.66659
0,250,7.22272,23.9909,0.921081,1.5439
0,250,7.23883,24.459,0.990245,1.47517
0,250,7.2593,24.924,1.0969,1.41155
0,250,7.2741,25.3868,1.16188,1.26918
0,250,7.2939,25.8455,1.24101,1.20363
0,250,7.30665,26.3029,1.29132,1.04925
0,250,7.32532,26.7551,1.36217,0.932872
0,250,7.33616,27.2073,1.44508,0.864859
0,250,7.35487,27.6557,1.51131,0.736255
0,250,7.36319,28.1034,1.60142,0.67345
0,250,7.38398,28.549,1.67241,0.520237
0,250,7.38402,28.9906,1.68691,0.41418
0,250,7.41572,29.4322,1.908,0.269536
0,250,7.39308,29.8661,1.68799,0.154194
0,250,7.45454,30.3062,2.24236,0.0991802
0,250,7.39005,30.7343,1.54209,-0.0460637
0,250,7.47645,31.1719,2.44717,-0.0409061
0,250,7.44661,31.6006,1.9807,-0.189632
0,250,7.46789,32.0288,2.03875,-0.276545
0,250,7.51108,18.6891,0.0666027,2.31153
0,250,7.53979,19.1808,0.169787,2.19599
0,250,7.55609,19.6813,0.216645,2.23121
0,250,7.58103,20.1676,0.331057,2.12036
0,250,7.60028,20.6629,0.393534,2.14672
0,250,7.62253,21.1447,0.483113,2.06428
0,250,7.64302,21.6333,0.555448,2.0555
0,250,7.66476,22.1108,0.670567,1.97024
0,250,7.68541,22.5934,0.739744,1.93588
0,250,7.70726,23.0667,0.830856,1.79555
0,250,7.72669,23.5418,0.919171,1.75078
0,250,7.74901,24.0114,1.01467,1.63078
0,250,7.76711,24.4784,1.09335,1.53728
0,250,7.78937,24.9428,1.20138,1.47876
0,250,7.80612,25.4036,1.28666,1.30848
0,250,7.82791,25.8622,1.38336,1.27546
0,250,7.84348,26.3191,1.481,1.15348
0,250,7.86498,26.7725,1.5757,1.05984
0,250,7.87797,27.2245,1.6317,0.973045
0,250,7.89976,27.6729,1.72817,0.807989
0,250,7.9075,28.1182,1.75977,0.720252
0,250,7.93395,28.5622,1.91957,0.568153
0,250,7.93216,29.0018,1.88985,0.484245
0,250,7.9684,29.4434,2.11679,0.38513
0,250,7.95002,29.8767,1.92478,0.23308
0,250,8.00349,30.3154,2.49307,0.159283
0,250,7.95814,30.7418,1.88605,-0.0130321
0,250,8.0199,31.1749,2.56869,-0.06932
0,250,8.02757,31.6045,2.4658,-0.119428
0,250,7.9969,32.0314,1.90712,-0.203823
0,250,8.01206,18.7127,0.0645278,2.37379
0,250,8.0428,19.2039,0.161502,2.24092
0,250,8.06027,19.705,0.213788,2.31512
0,250,8.08849,20.1916,0.324412,2.21519
0,250,8.10931,20.6862,0.411669,2.25044
0,250,8.13483,21.1679,0.542357,2.18658
0,250,8.15792,21.6563,0.657119,2.17191
0,250,8.18181,22.1338,0.756379,2.05386
0,250,8.20495,22.6155,0.842959,2.00098
0,250,8.22864,23.0893,0.946423,1.90064
0,250,8.25101,23.564,1.03394,1.85065
0,250,8.27525,24.0337,1.15015,1.72387
0,250,8.29649,24.5003,1.23755,1.65413
0,250,8.32076,24.9645,1.35385,1.60683
0,250,8.3401,25.4252,1.43851,1.4187
0,250,8.36433,25.8833,1.56531,1.39603
0,250,8.38128,26.3388,1.6355,1.22622
0,250,8.40557,26.7907,1.74619,1.11022
0,250,8.41996,27.241,1.82256,1.02514
0,250,8.44548,27.6882,1.94778,0.887829
0,250,8.45584,28.1328,1.98458,0.805451
0,250,8.48308,28.5768,2.12701,0.668436
0,250,8.48566,29.015,2.07549,0.531243
0,250,8.52004,29.4549,2.39933,0.418219
0,250,8.51028,29.8864,2.19371,0.290586
0,250,8.55568,30.322,2.62186,0.215307
0,250,8.52917,30.751,2.20287,0.0918603
0,250,8.56634,31.1824,2.69144,0.0509397
0,250,8.60456,31.6087,3.07448,-0.0742883
0,250,8.53005,32.0345,2.1008,-0.236779
0,250,8.51361,18.7364,0.0830791,2.46687
0,250,8.54823,19.228,0.229923,2.34982
0,250,8.56769,19.7291,0.330643,2.40725
0,250,8.5987,20.2157,0.452949,2.30044
0,250,8.62141,20.7106,0.523467,2.35106
0,250,8.64865,21.1931,0.623428,2.28836
0,250,8.67365,21.6814,0.698642,2.27226
0,250,8.69946,22.159,0.814592,2.15963
0,250,8.72514,22.641,0.934861,2.12479
0,250,8.75126,23.1145,1.05862,1.98961
0,250,8.77602,23.5892,1.14026,1.95599
0,250,8.80263,24.059,1.27264,1.85461
0,250,8.82565,24.5251,1.36256,1.74921
0,250,8.85255,24.989,1.49531,1.71832
0,250,8.87425,25.449,1.60858,1.5303
0,250,8.90096,25.9062,1.73478,1.50276
0,250,8.92138,26.3612,1.82691,1.30996
0,250,8.94775,26.8125,1.95512,1.2453
0,250,8.96526,27.2621,2.00618,1.13399
0,250,8.99166,27.7094,2.14904,0.994913
0,250,9.00492,28.1521,2.1654,0.87638
0,250,9.03398,28.5944,2.36902,0.713426
0,250,9.04212,29.0311,2.3577,0.630408
0,250,9.07291,29.4689,2.55963,0.518231
0,250,9.07454,29.9008,2.45655,0.36413
0,250,9.10787,30.3349,2.86173,0.266406
0,250,9.0999,30.7613,2.63688,0.158481
0,250,9.12123,31.1882,2.81999,0.0811408
0,250,9.18412,31.6118,3.33053,0.0104478
0,250,9.06306,32.0376,1.9541,-0.109185
0,250,9.0145,18.7649,0.080526,2.56309
0,250,9.05067,19.2566,0.192277,2.46871
0,250,9.07123,19.7578,0.270021,2.54966
0,250,9.10463,20.245,0.428104,2.41124
0,250,9.13006,20.7392,0.5543,2.468
0,250,9.16123,21.2214,0.710185,2.37783
0,250,9.18875,21.7091,0.813531,2.37437
0,250,9.21772,22.1872,0.949657,2.29234
0,250,9.24575,22.669,1.03892,2.24353
0,250,9.27417,23.1428,1.15236,2.10806
0,250,9.30149,23.617,1.26728,2.06762
0,250,9.3301,24.0858,1.40397,1.96022
0,250,9.35635,24.5514,1.52033,1.86766
0,250,9.38548,25.0148,1.68068,1.86624
0,250,9.41003,25.4741,1.77041,1.63263
0,250,9.43924,25.9312,1.90417,1.63759
0,250,9.46162,26.3858,1.99345,1.44366
0,250,9.49026,26.8362,2.13306,1.32851
0,250,9.51125,27.285,2.21566,1.21117
0,250,9.53983,27.7291,2.36202,1.04049
0,250,9.55868,28.1715,2.41207,0.952556
0,250,9.58574,28.6121,2.56976,0.852655
0,250,9.60048,29.0484,2.55268,0.701902
0,250,9.62768,29.4851,2.79325,0.556596
0,250,9.63957,29.9147,2.791,0.457045
0,250,9.66616,30.3453,3.01989,0.377507
0,250,9.67011,30.7713,2.88253,0.23305
0,250,9.6818,31.1987,3.04677,0.0809739
0,250,9.76395,31.6181,4.02917,0.000209987
0,250,9.60694,32.0397,2.26371,-0.194414
0,250,9.516,18.7919,0.0999246,2.6503
0,250,9.55684,19.2841,0.286331,2.55268
0,250,9.57953,19.7853,0.358049,2.64561
0,250,9.61652,20.2732,0.491201,2.54966
0,250,9.64214,20.7683,0.563766,2.62982
0,250,9.67486,21.2513,0.718717,2.53465
0,250,9.70432,21.7394,0.871264,2.52639
0,250,9.73579,22.2173,1.01301,2.38707
0,250,9.76637,22.6986,1.12499,2.33211
0,250,9.79735,23.1723,1.28445,2.23439
0,250,9.8272,23.6463,1.40083,2.21252
0,250,9.85868,24.1162,1.55897,2.12595
0,250,9.88739,24.5821,1.68168,2.03421
0,250,9.91898,25.0452,1.81023,1.99773
0,250,9.94625,25.505,1.93265,1.76341
0,250,9.97782,25.96,2.09675,1.75079
0,250,10.0043,26.4138,2.19617,1.51339
0,250,10.0355,26.8624,2.34363,1.45279
0,250,10.0599,27.3102,2.38942,1.32651
0,250,10.0894,27.7553,2.54921,1.21383
0,250,10.1114,28.1962,2.62033,1.0918
0,250,10.1401,28.6351,2.78431,0.861344
0,250,10.1616,29.0692,2.87745,0.781187
0,250,10.1872,29.5024,3.03864,0.668824
0,250,10.2071,29.9312,3.06964,0.53506
0,250,10.2277,30.3607,3.19524,0.374593
0,250,10.2423,30.7851,3.22331,0.308037
0,250,10.2498,31.2078,3.2997,0.284669
0,250,10.3455,31.6224,4.18786,0.172923
0,250,10.1456,32.0437,2.39932,-0.0144833
0,250,10.017,18.8261,0.111133,2.81987
0,250,10.0587,19.3189,0.289052,2.72776
0,250,10.0827,19.8201,0.423013,2.78457
0,250,10.1226,20.3078,0.63959,2.6357
0,250,10.1521,20.8012,0.746035,2.71493
0,250,10.1889,21.285,0.872707,2.66533
0,250,10.2202,21.7723,0.944986,2.66542
0,250,10.2542,22.2512,1.08127,2.54013
0,250,10.2871,22.7328,1.22121,2.5258
0,250,10.3208,23.2067,1.38539,2.39524
0,250,10.3537,23.6807,1.51764,2.34554
0,250,10.3877,24.1489,1.69121,2.26603
0,250,10.4191,24.6139,1.82293,2.12776
0,250,10.4541,25.0759,2.00655,2.13172
0,250,10.4842,25.5345,2.12982,1.90593
0,250,10.5192,25.9901,2.26693,1.90555
0,250,10.5476,26.4444,2.36291,1.69513
0,250,10.581,26.8925,2.50784,1.54714
0,250,10.6093,27.3402,2.63018,1.42841
0,250,10.6411,27.7806,2.78254,1.25168
0,250,10.6692,28.2206,2.85354,1.1297
0,250,10.6984,28.6574,3.0107,1.0471
0,250,10.724,29.0908,3.07237,0.967039
0,250,10.7478,29.5237,3.19816,0.755659
0,250,10.7742,29.9503,3.32259,0.560969
0,250,10.7958,30.3768,3.54722,0.485111
0,250,10.8151,30.796,3.58616,0.388227
0,250,10.8247,31.2169,3.52131,0.148753
0,250,10.933,31.6301,4.51267,0.0304259
0,250,10.6965,32.0466,2.32567,0.00376614
0,250,10.518,18.8557,0.102739,2.91211
0,250,10.5645,19.349,0.28262,2.84487
0,250,10.5899,19.851,0.365386,2.98394
0,250,10.6318,20.3408,0.535932,2.8426
0,250,10.6614,20.8357,0.690681,2.89232
0,250,10.7006,21.3193,0.892034,2.75766
0,250,10.7347,21.8067,1.02932,2.76827
0,250,10.7728,22.286,1.20604,2.66071
0,250,10.8082,22.7666,1.33529,2.64061
0,250,10.8451,23.2408,1.5125,2.54407
0,250,10.8804,23.7145,1.67155,2.52322
0,250,10.9174,24.1836,1.8325,2.45195
0,250,10.9518,24.6504,1.98712,2.35879
0,250,10.9895,25.1124,2.1535,2.3188
0,250,11.0225,25.5727,2.27503,2.0444
0,250,11.0601,26.0255,2.44164,2.0012
0,250,11.0925,26.4785,2.55398,1.7614
0,250,11.13,26.9246,2.75378,1.70378
0,250,11.1611,27.3701,2.82225,1.55909
0,250,11.1965,27.8123,2.96116,1.42077
0,250,11.2262,28.2516,3.09292,1.35951
0,250,11.2579,28.6863,3.26955,1.07922
0,250,11.2886,29.116,3.38724,0.922609
0,250,11.3178,29.5446,3.53875,0.76531
0,250,11.3487,29.9685,3.67852,0.750628
0,250,11.3672,30.3921,3.60845,0.590624
0,250,11.3897,30.8136,3.57827,0.369824
0,250,11.4045,31.2319,3.77944,0.245285
0,250,11.5219,31.6379,5.11152,0.140801
0,250,11.2475,32.0502,2.69914,-0.0889881
0,250,11.0194,18.8961,0.136568,3.10273
0,250,11.0671,19.3903,0.390436,3.01965
0,250,11.0949,19.8906,0.496029,3.05611
0,250,11.1411,20.3802,0.669216,2.9551
0,250,11.1731,20.8737,0.754272,3.08606
0,250,11.2155,21.3596,0.955666,2.97637
0,250,11.2511,21.8468,1.10741,2.97309
0,250,11.2911,22.3269,1.26795,2.84873
0,250,11.3288,22.8079,1.41136,2.85518
0,250,11.3686,23.2827,1.61396,2.76457
0,250,11.4068,23.7564,1.78136,2.68341
0,250,11.4475,24.2242,1.95899,2.59844
0,250,11.4848,24.6898,2.12287,2.49226
0,250,11.5264,25.15,2.31976,2.43544
0,250,11.5626,25.6084,2.4687,2.19516
0,250,11.605,26.0617,2.64717,2.17203
0,250,11.6398,26.5155,2.77687,2.00369
0,250,11.6802,26.961,2.92457,1.82286
0,250,11.7148,27.4082,3.05666,1.67098
0,250,11.7533,27.8454,3.27247,1.50751
0,250,11.7879,28.2821,3.35446,1.40784
0,250,11.8242,28.7146,3.47837,1.23668
0,250,11.858,29.1447,3.5821,1.23232
0,250,11.8856,29.5727,3.74362,1.05745
0,250,11.9188,29.9938,3.86443,0.636115
0,250,11.9463,30.4142,4.11084,0.376781
0,250,11.9741,30.8265,4.28193,0.383348
0,250,11.9962,31.2376,4.28785,0.37609
0,250,12.1155,31.6393,4.90344,0.0192363
0,250,11.7964,32.0541,2.63846,0.105866
0,250,11.5194,18.9283,0.119979,3.26283
0,250,11.571,19.4233,0.32736,3.19634
0,250,11.5997,19.9265,0.495763,3.2808
0,250,11.6482,20.4171,0.809895,3.11173
0,250,11.6824,20.9109,0.947779,3.18816
0,250,11.7275,21.3972,1.1043,3.1001
0,250,11.7655,21.8846,1.23884,3.08386
0,250,11.8099,22.3653,1.40529,2.93904
0,250,11.85,22.8455,1.54501,2.9966
0,250,11.8935,23.3206,1.76948,2.94027
0,250,11.9345,23.7946,1.93728,2.85311
0,250,11.9787,24.2635,2.13048,2.80874
0,250,12.019,24.7303,2.29702,2.73709
0,250,12.064,25.1921,2.47217,2.65379
0,250,12.1033,25.653,2.63669,2.40323
0,250,12.1483,26.1047,2.81206,2.31767
0,250,12.1868,26.5577,2.9538,2.10366
0,250,12.2327,27.0016,3.201,1.98407
0,250,12.2705,27.4451,3.32232,1.88302
0,250,12.3151,27.8835,3.50002,1.67102
0,250,12.3515,28.3194,3.59453,1.56279
0,250,12.3925,28.7506,3.84013,1.28248
0,250,12.4284,29.1736,3.96677,1.15025
0,250,12.4668,29.5956,4.05761,0.87208
0,250,12.5037,30.0154,4.1747,0.880877
0,250,12.5315,30.432,4.2347,0.89184
0,250,12.5532,30.8463,4.1762,0.540197
0,250,12.5912,31.2544,4.49212,0.0272799
0,250,12.7239,31.6556,6.16729,-0.0257194
0,250,12.3649,32.0513,2.82077,-0.461208
0,250,12.0215,18.9742,0.136401,3.43923
0,250,12.0752,19.4704,0.418698,3.40125
0,250,12.1059,19.9712,0.543757,3.52208
0,250,12.1565,20.4638,0.74024,3.37362
0,250,12.1924,20.9569,0.911975,3.38683
0,250,12.2417,21.4441,1.12565,3.28147
0,250,12.281,21.9321,1.28745,3.31496
0,250,12.3284,22.4143,1.52974,3.16121
0,250,12.3713,22.8947,1.69599,3.25745
0,250,12.4171,23.3715,1.8566,3.17921
0,250,12.4614,23.8464,2.0788,3.07697
0,250,12.5087,24.3141,2.25064,2.97873
0,250,12.5526,24.7807,2.42048,2.89766
0,250,12.6021,25.2403,2.67817,2.81159
0,250,12.6451,25.6984,2.83028,2.54703
0,250,12.6968,26.1503,3.07225,2.4939
0,250,12.7387,26.602,3.23472,2.37531
0,250,12.7897,27.0459,3.44166,2.13865
0,250,12.8307,27.4902,3.59004,2.02555
0,250,12.8793,27.9251,3.77956,1.74182
0,250,12.9196,28.3602,3.87332,1.76148
0,250,12.9659,28.7877,4.04039,1.57278
0,250,13.0047,29.213,4.08229,1.39107
0,250,13.0468,29.6346,4.36921,1.22953
0,250,13.0839,30.0482,4.60432,0.841736
0,250,13.1226,30.4569,4.75197,0.422371
0,250,13.1535,30.864,4.70598,0.285474
0,250,13.2073,31.2689,5.16509,0.689594
0,250,13.3394,31.6501,5.82388,0.413439
0,250,12.9294,32.0551,3.73211,0.321333
0,250,12.5208,19.0096,0.145718,3.6595
0,250,12.5776,19.5066,0.416071,3.59862
0,250,12.6103,20.009,0.546968,3.60413
0,250,12.6663,20.5016,0.769055,3.49474
0,250,12.7025,20.9966,0.915798,3.60246
0,250,12.7548,21.4852,1.2246,3.46962
0,250,12.7971,21.9727,1.4002,3.47602
0,250,12.8474,22.4568,1.65422,3.3487
0,250,12.892,22.9348,1.8526,3.31319
0,250,12.9433,23.4124,2.03198,3.332
0,250,12.9886,23.887,2.24987,3.27063
0,250,13.0417,24.3565,2.45302,3.10791
0,250,13.0888,24.8235,2.65647,3.20897
0,250,13.1413,25.2858,2.82647,3.00648
0,250,13.1897,25.7478,3.10479,2.85388
0,250,13.2423,26.1989,3.2465,2.67946
0,250,13.2897,26.654,3.40276,2.60578
0,250,13.3449,27.0977,3.75803,2.43539
0,250,13.3899,27.5382,3.79364,2.18322
0,250,13.4474,27.9763,4.09288,1.95301
0,250,13.4905,28.4029,4.207,1.71729
0,250,13.5465,28.829,4.35634,1.35879
0,250,13.5874,29.2459,4.47472,1.39035
0,250,13.6387,29.6611,4.61878,1.30037
0,250,13.675,30.074,4.5088,0.9961
0,250,13.7263,30.4861,4.80647,0.815812
0,250,13.7475,30.8895,4.99682,0.92207
0,250,13.8261,31.2787,5.58508,0.212175
0,250,13.9567,31.6849,6.59969,0.227587
0,250,13.5145,32.0579,3.38647,-0.294215
0,250,13.0229,19.0606,0.127794,3.85771
0,250,13.0826,19.5602,0.391156,3.84411
0,250,13.1162,20.0632,0.592213,3.90407
0,250,13.1743,20.5569,0.968336,3.75438
0,250,13.2147,21.0496,1.10488,3.82105
0,250,13.2685,21.5399,1.24363,3.7354
0,250,13.3123,22.0283,1.50231,3.76467
0,250,13.3658,22.5121,1.70479,3.64696
0,250,13.4127,22.9954,1.95664,3.66777
0,250,13.4669,23.4727,2.19517,3.58396
0,250,13.5164,23.9504,2.35831,3.56232
0,250,13.5715,24.4216,2.65871,3.3968
0,250,13.6228,24.8865,2.76694,3.33261
0,250,13.681,25.3517,3.10342,3.36367
0,250,13.731,25.8069,3.27965,2.97527
0,250,13.7948,26.2627,3.5466,2.78846
0,250,13.8458,26.709,3.81095,2.9617
0,250,13.9072,27.1526,3.91504,2.32618
0,250,13.9611,27.5919,4.14362,2.35284
0,250,14.0195,28.0229,4.27054,2.16901
0,250,14.0671,28.4573,4.3049,2.00471
0,250,14.1274,28.8809,4.5909,1.93215
0,250,14.1682,29.3012,4.59338,1.60115
0,250,14.2326,29.7126,4.86953,1.19736
0,250,14.2744,30.1197,5.12831,0.994896
0,250,14.3332,30.5158,5.35918,0.977443
0,250,14.3488,30.9172,4.54309,0.608565
0,250,14.4583,31.3207,4.97922,0.718189
0,250,14.6077,31.6879,6.18519,0.597757
0,250,14.1158,32.0592,4.36852,0.616469
0,250,13.5218,19.0997,0.147653,4.06172
0,250,13.5833,19.5988,0.465307,4.03602
0,250,13.6194,20.0999,0.567314,4.09797
0,250,13.6789,20.5974,0.818954,4.01433
0,250,13.7203,21.0915,1.12489,3.88793
0,250,13.7819,21.582,1.33943,3.89326
0,250,13.8259,22.072,1.61113,3.98772
0,250,13.8863,22.5566,1.90238,3.75005
0,250,13.9344,23.0368,2.13995,3.85838
0,250,13.9922,23.5163,2.32982,3.65025
0,250,14.0449,23.992,2.61505,3.79663
0,250,14.1031,24.464,2.80097,3.47061
0,250,14.1616,24.9324,3.13478,3.66011
0,250,14.2198,25.3935,3.26828,3.46821
0,250,14.281,25.8604,3.505,3.30793
0,250,14.342,26.3131,3.90093,3.23808
0,250,14.401,26.7645,3.81846,2.96021
0,250,14.4682,27.2194,4.25981,3.06025
0,250,14.5215,27.6517,4.39448,2.45932
0,250,14.5939,28.0922,4.52599,2.18522
0,250,14.6443,28.5123,4.73486,1.9448
0,250,14.718,28.9289,4.8497,1.40736
0,250,14.765,29.3381,4.83078,1.53085
0,250,14.8373,29.7488,5.14691,1.66312
0,250,14.8699,30.1504,4.91227,1.13993
0,250,14.9507,30.5519,5.29571,0.300884
0,250,14.961,30.9434,5.28176,0.588316
0,250,15.0906,31.3186,6.51542,0.357768
0,250,15.2265,31.714,6.68825,0.275264
0,250,14.7098,32.0834,3.95866,-0.145448
0,250,14.0228,19.154,0.12228,4.30381
0,250,14.0862,19.6602,0.318015,4.29764
0,250,14.125,20.1626,0.620069,4.32335
0,250,14.1918,20.6591,0.86158,4.36452
0,250,14.2316,21.1563,1.06435,4.27983
0,250,14.2956,21.6467,1.41164,4.24477
0,250,14.3417,22.1358,1.61082,4.35422
0,250,14.4018,22.6247,2.01073,4.21935
0,250,14.4547,23.1051,2.24261,4.09292
0,250,14.5156,23.5897,2.48185,4.08731
0,250,14.5715,24.0665,2.68331,4.0708
0,250,14.6353,24.5461,3.04545,3.97585
0,250,14.6934,25.0096,3.29063,3.87349
0,250,14.7622,25.4829,3.49852,3.74179
0,250,14.8234,25.9389,3.90275,3.75164
0,250,14.8936,26.3992,3.93229,3.08897
0,250,14.9619,26.8466,4.38089,3.30488
0,250,15.0312,27.2844,4.39399,2.86907
0,250,15.0997,27.7259,4.65944,2.46646
0,250,15.1742,28.1458,4.94388,2.44085
0,250,15.2337,28.5775,4.8528,2.25731
0,250,15.3123,28.9961,5.22802,2.04744
0,250,15.3601,29.4104,5.22759,1.82208
0,250,15.4439,29.8115,5.52849,1.38547
0,250,15.4849,30.2126,5.45497,0.933635
0,250,15.586,30.6011,6.35604,1.38693
0,250,15.5728,30.9839,5.19415,0.777673
0,250,15.7556,31.3672,5.72844,0.0977629
0,250,15.8961,31.7316,7.48426,-0.220818
0,250,15.3478,32.0735,4.94781,0.482508
0,250,14.5229,19.1953,0.125672,4.40085
0,250,14.5921,19.7011,0.550934,4.61794
0,250,14.626,20.2004,0.707565,4.52354
0,250,14.698,20.7006,1.07495,4.44994
0,250,14.7416,21.1953,1.29247,4.42541
0,250,14.8075,21.6904,1.60165,4.45728
0,250,14.8572,22.1792,1.81712,4.50139
0,250,14.9211,22.6675,2.05413,4.4546
0,250,14.9751,23.1521,2.3941,4.22594
0,250,15.041,23.6307,2.65026,4.17303
0,250,15.0995,24.1127,2.9222,4.26568
0,250,15.166,24.5855,3.26567,4.22026
0,250,15.2305,25.0573,3.45893,3.92804
0,250,15.3018,25.5252,3.88723,4.16348
0,250,15.3689,25.9867,3.91814,3.61997
0,250,15.4479,26.452,4.37915,3.78681
0,250,15.5152,26.8994,4.53416,3.38387
0,250,15.6014,27.3563,4.80403,3.4743
0,250,15.6679,27.7929,5.03504,2.9701
0,250,15.7561,28.2339,5.16683,2.40313
0,250,15.8216,28.6503,5.47574,2.34571
0,250,15.9102,29.0664,5.66202,1.69647
0,250,15.971,29.4664,5.78476,1.75272
0,250,16.0742,29.8645,6.28376,1.35729
0,250,16.1108,30.2559,6.08056,1.27946
0,250,16.2379,30.6276,6.98779,0.545483
0,250,16.2161,31.0129,6.19531,0.597208
0,250,16.4148,31.3797,7.664,0.744071
0,250,16.5809,31.7645,8.32779,0.742933
0,250,15.9868,32.0867,5.9459,-0.741178
0,250,15.0231,19.257,0.171024,4.77593
0,250,15.0856,19.7658,0.370413,4.90481
0,250,15.1346,20.274,0.631775,4.84032
0,250,15.2034,20.7746,1.00663,5.02131
0,250,15.2503,21.2714,1.44932,4.77764
0,250,15.3228,21.7617,1.65966,4.78195
0,250,15.3685,22.2552,1.95823,4.82801
0,250,15.4414,22.743,2.20078,4.83017
0,250,15.4918,23.2321,2.5089,4.69269
0,250,15.5652,23.716,2.85618,4.61527
0,250,15.6237,24.1998,3.16163,4.71941
0,250,15.6974,24.6791,3.33236,4.52991
0,250,15.7648,25.156,3.8508,4.54372
0,250,15.8403,25.6254,3.90196,4.26954
0,250,15.9171,26.0985,4.40415,4.15849
0,250,15.9955,26.5548,4.56061,3.9045
0,250,16.079,27.0156,4.93911,3.63369
0,250,16.1633,27.4521,5.16972,3.3196
0,250,16.2508,27.8978,5.43528,2.95644
0,250,16.3423,28.3146,5.938,2.83263
0,250,16.427,28.7396,5.90548,2.35658
0,250,16.5325,29.1487,6.45358,2.40598
0,250,16.5994,29.5504,6.48615,2.02758
0,250,16.7132,29.9432,6.94088,1.82773
0,250,16.7603,30.3343,6.82888,1.23037
0,250,16.9121,30.7208,8.16459,1.13744
0,250,16.9021,31.0714,7.1226,0.601808
0,250,17.1036,31.4266,6.91099,-0.171443
0,250,17.3287,31.7456,8.29118,-0.297704
0,250,16.7176,32.0932,7.65748,0.773471
0,250,15.5223,19.2956,0.118787,4.86595
0,250,15.6023,19.8108,0.688884,5.2273
0,250,15.6371,20.3135,0.972519,5.02395
0,250,15.7248,20.8079,1.21898,5.16016
0,250,15.7561,21.3191,1.39164,5.09057
0,250,15.8397,21.8007,1.82019,4.92063
0,250,15.8797,22.3024,1.99319,5.07286
0,250,15.9605,22.785,2.39878,4.93116
0,250,16.0092,23.2774,2.56218,4.87796
0,250,16.0889,23.7601,3.01201,4.86023
0,250,16.1463,24.244,3.1922,4.72037
0,250,16.2286,24.7256,3.64032,4.91139
0,250,16.293,25.199,3.9075,4.58453
0,250,16.3812,25.6765,4.27351,4.50048
0,250,16.4546,26.142,4.62942,4.44711
0,250,16.5488,26.6098,4.95329,4.0675
0,250,16.6345,27.0677,5.35518,4.18038
0,250,16.737,27.522,5.70592,3.66802
0,250,16.8316,27.9641,6.07408,3.55701
0,250,16.9419,28.4033,6.27363,2.81321
0,250,17.04,28.8264,6.79037,3.04328
0,250,17.1528,29.2405,6.99104,2.44617
0,250,17.2462,29.6502,7.18736,2.40294
0,250,17.3731,30.036,7.7428,2.06434
0,250,17.422,30.4165,7.27246,1.64166
0,250,17.6462,30.752,9.0581,0.813005
0,250,17.6107,31.1398,8.66158,1.23377
0,250,17.9014,31.417,10.1728,-0.0977994
0,250,18.017,31.824,8.30988,0.49596
0,250,17.4968,32.065,9.08079,-0.3817
0,250,16.027,19.3734,0.275322,5.50358
0,250,16.098,19.869,0.875149,5.63569
0,250,16.1322,20.4026,0.975401,5.30013
0,250,16.2306,20.8988,1.34181,5.47294
0,250,16.2698,21.3913,1.47797,5.42984
0,250,16.3482,21.8876,1.9146,5.36509
0,250,16.398,22.3813,2.11808,5.44469
0,250,16.4723,22.8727,2.44881,5.35765
0,250,16.5307,23.366,2.78251,5.35681
0,250,16.607,23.854,3.10426,5.29683
0,250,16.6736,24.344,3.53311,5.27673
0,250,16.7526,24.8273,3.81314,5.33652
0,250,16.8301,25.3124,4.19328,5.03637
0,250,16.9146,25.7909,4.56404,5.04343
0,250,17.0037,26.2698,4.85801,4.75201
0,250,17.098,26.7409,5.33342,4.67337
0,250,17.1969,27.2053,5.62719,4.33594
0,250,17.3018,27.6646,6.08605,4.17035
0,250,17.416,28.1129,6.5631,3.86275
0,250,17.5346,28.5536,7.18484,3.68477
0,250,17.6616,28.98,7.56779,3.14588
0,250,17.7976,29.3877,7.93768,2.71573
0,250,17.9177,29.7783,8.19239,2.31978
0,250,18.0756,30.1504,8.66719,1.94788
0,250,18.16,30.5248,8.43535,1.58271
0,250,18.3538,30.8755,8.88349,1.45118
0,250,18.4445,31.251,8.81615,2.22122
0,250,18.7303,31.5076,11.353,0.898504
0,250,18.8491,31.9816,10.0873,1.65553
0,250,18.3369,32.0215,9.45855,-0.0249524
0,250,16.5245,19.4212,0.101516,5.84889
0,250,16.6217,19.9111,0.453856,5.83394
0,250,16.6741,20.4481,0.70902,5.56317
0,250,16.7316,20.9416,1.15105,5.71258
0,250,16.789,21.4358,1.43998,5.71476
0,250,16.8546,21.9289,1.89064,5.60181
0,250,16.9152,22.4262,2.17549,5.61372
0,250,16.9852,22.9158,2.5828,5.57971
0,250,17.0499,23.412,2.8885,5.55015
0,250,17.1241,23.9,3.29586,5.54607
0,250,17.1951,24.3905,3.61476,5.48786
0,250,17.2758,24.8775,3.96892,5.4869
0,250,17.3565,25.3626,4.322,5.32352
0,250,17.4462,25.8452,4.74152,5.17597
0,250,17.5397,26.3259,5.21852,5.12978
0,250,17.6405,26.799,5.70759,4.86571
0,250,17.7519,27.2702,6.27693,4.73405
0,250,17.8718,27.7309,6.80642,4.31343
0,250,18.0015,28.1859,7.2673,4.14881
0,250,18.1449,28.6272,7.77637,3.87662
0,250,18.2868,29.0647,8.16559,3.52406
0,250,18.465,29.4815,8.96288,3.48316
0,250,18.5957,29.8886,8.9339,2.81572
0,250,18.8268,30.2558,9.728,2.54455
0,250,18.8716,30.6568,9.09557,2.75543
0,250,19.1354,30.9693,9.34848,2.43023
0,250,19.2269,31.4029,10.566,2.45319
0,250,19.6724,31.5539,13.363,0.564841
0,250,19.8575,31.9933,10.2862,1.29006
0,250,19.2865,32.0151,10.7847,0.69689
0,250,17.0275,19.5162,0.117011,6.21004
0,250,17.1251,20.0162,0.487423,6.21513
0,250,17.1791,20.5202,0.811212,6.11737
0,250,17.2442,21.0208,1.3042,6.20706
0,250,17.2979,21.5148,1.51994,6.10804
0,250,17.3672,22.0153,1.99303,6.14704
0,250,17.4263,22.5099,2.29234,6.05289
0,250,17.498,23.0083,2.73899,6.1006
0,250,17.5647,23.5033,3.05671,5.99578
0,250,17.6397,23.9997,3.47284,6.05111
0,250,17.7161,24.4932,3.79694,5.92445
0,250,17.7981,24.9885,4.20876,5.98192
0,250,17.8852,25.4785,4.56883,5.80883
0,250,17.9782,25.9725,5.08861,5.82017
0,250,18.0781,26.4578,5.50528,5.67197
0,250,18.1872,26.948,6.07734,5.57614
0,250,18.3056,27.4266,6.61728,5.39846
0,250,18.4385,27.9077,7.38201,5.12289
0,250,18.5858,28.375,8.13624,4.8922
0,250,18.7531,28.8382,8.95121,4.5144
0,250,18.9401,29.2919,9.7705,4.29419
0,250,19.1445,29.7266,10.3071,3.72371
0,250,19.3637,30.1361,10.5003,2.3858
0,250,19.5929,30.5004,10.8153,0.853308
0,250,19.7654,30.7187,11.9008,1.13915
0,250,19.9275,31.1271,10.2861,2.19749
0,250,20.3377,31.289,12.3387,0.837166
0,250,20.6837,31.5109,13.6492,0.246434
0,250,21.0988,31.9633,13.2185,1.58849
0,250,20.1894,31.7061,10.1624,-1.83002
1,250,1.5,1.5,0,0
1,250,1.5,2,0,0
1,250,32.5,1.5,0,0
1,250,33,1.5,0,0
1,250,2.5,32.5,0,0
1,250,2.5,33,0,0
1,250,1.5,2.5,0,0
1,250,2,2.5,0,0
1,250,2,1.5,0,0
1,250,2,2,0,0
1,250,32.5,2,0,0
1,250,33,2,0,0
1,250,3,32.5,0,0
1,250,3,33,0,0
1,250,1.5,3,0,0
1,250,2,3,0,0
1,250,2.5,1.5,0,0
1,250,2.5,2,0,0
1,250,32.5,2.5,0,0
1,250,33,2.5,0,0
1,250,3.5,32.5,0,0
1,250,3.5,33,0,0
1,250,1.5,3.5,0,0
1,250,2,3.5,0,0
1,250,3,1.5,0,0
1,250,3,2,0,0
1,250,32.5,3,0,0
1,250,33,3,0,0
1,250,4,32.5,0,0
1,250,4,33,0,0
1,250,1.5,4,0,0
1,250,2,4,0,0
1,250,3.5,1.5,0,0
1,250,3.5,2,0,0
1,250,32.5,3.5,0,0
1,250,33,3.5,0,0
1,250,4.5,32.5,0,0
1,250,4.5,33,0,0
1,250,1.5,4.5,0,0
1,250,2,4.5,0,0
1,250,4,1.5,0,0
1,250,4,2,0,0
1,250,32.5,4,0,0
1,250,33,4,0,0
1,250,5,32.5,0,0
1,250,5,33,0,0
1,250,1.5,5,0,0
1,250,2,5,0,0
1,250,4.5,1.5,0,0
1,250,4.5,2,0,0
1,250,32.5,4.5,0,0
1,250,33,4.5,0,0
1,250,5.5,32.5,0,0
1,250,5.5,33,0,0
1,250,1.5,5.5,0,0
1,250,2,5.5,0,0
1,250,5,1.5,0,0
1,250,5,2,0,0
1,250,32.5,5,0,0
1,250,33,5,0,0
1,250,6,32.5,0,0
1,250,6,33,0,0
1,250,1.5,6,0,0
1,250,2,6,0,0
1,250,5.5,1.5,0,0
1,250,5.5,2,0,0
1,250,32.5,5.5,0,0
1,250,33,5.5,0,0
1,250,6.5,32.5,0,0
1,250,6.5,33,0,0
1,250,1.5,6.5,0,0
1,250,2,6.5,0,0
1,250,6,1.5,0,0
1,250,6,2,0,0
1,250,32.5,6,0,0
1,250,33,6,0,0
1,250,7,32.5,0,0
1,250,7,33,0,0
1,250,1.5,7,0,0
1,250,2,7,0,0
1,250,6.5,1.5,0,0
1,250,6.5,2,0,0
1,250,32.5,6.5,0,0
1,250,33,6.5,0,0
1,250,7.5,32.5,0,0
1,250,7.5,33,0,0
1,250,1.5,7.5,0,0
1,250,2,7.5,0,0
1,250,7,1.5,0,0
1,250,7,2,0,0
1,250,32.5,7,0,0
1,250,33,7,0,0
1,250,8,32.5,0,0
1,250,8,33,0,0
1,250,1.5,8,0,0
1,250,2,8,0,0
1,250,7.5,1.5,0,0
1,250,7.5,2,0,0
1,250,32.5,7.5,0,0
1,250,33,7.5,0,0
1,250,8.5,32.5,0,0
1,250,8.5,33,0,0
1,250,1.5,8.5,0,0
1,250,2,8.5,0,0
1,250,8,1.5,0,0
1,250,8,2,0,0
1,250,32.5,8,0,0
1,250,33,8,0,0
1,250,9,32.5,0,0
1,250,9,33,0,0
1,250,1.5,9,0,0
1,250,2,9,0,0
1,250,8.5,1.5,0,0
1,250,8.5,2,0,0
1,250,32.5,8.5,0,0
1,250,33,8.5,0,0
1,250,9.5,32.5,0,0
1,250,9.5,33,0,0
1,250,1.5,9.5,0,0
1,250,2,9.5,0,0
1,250,9,1.5,0,0
1,250,9,2,0,0
1,250,32.5,9,0,0
1,250,33,9,0,0
1,250,10,32.5,0,0
1,250,10,33,0,0
1,250,1.5,10,0,0
1,250,2,10,0,0
1,250,9.5,1.5,0,0
1,250,9.5,2,0,0
1,250,32.5,9.5,0,0
1,250,33,9.5,0,0
1,250,10.5,32.5,0,0
1,250,10.5,33,0,0
1,250,1.5,10.5,0,0
1,250,2,10.5,0,0
1,250,10,1.5,0,0
1,250,10,2,0,0
1,250,32.5,10,0,0
1,250,33,10,0,0
1,250,11,32.5,0,0
1,250,11,33,0,0
1,250,1.5,11,0,0
1,250,2,11,0,0
1,250,10.5,1.5,0,0
1,250,10.5,2,0,0
1,250,32.5,10.5,0,0
1,250,33,10.5,0,0
1,250,11.5,32.5,0,0
1,250,11.5,33,0,0
1,250,1.5,11.5,0,0
1,250,2,11.5,0,0
1,250,11,1.5,0,0
1,250,11,2,0,0
1,250,32.5,11,0,0
1,250,33,11,0,0
1,250,12,32.5,0,0
1,250,12,33,0,0
1,250,1.5,12,0,0
1,250,2,12,0,0
1,250,11.5,1.5,0,0
1,250,11.5,2,0,0
1,250,32.5,11.5,0,0
1,250,33,11.5,0,0
1,250,12.5,32.5,0,0
1,250,12.5,33,0,0
1,250,1.5,12.5,0,0
1,250,2,12.5,0,0
1,250,12,1.5,0,0
1,250,12,2,0,0
1,250,32.5,12,0,0
1,250,33,12,0,0
1,250,13,32.5,0,0
1,250,13,33,0,0
1,250,1.5,13,0,0
1,250,2,13,0,0
1,250,12.5,1.5,0,0
1,250,12.5,2,0,0
1,250,32.5,12.5,0,0
1,250,33,12.5,0,0
1,250,13.5,32.5,0,0
1,250,13.5,33,0,0
1,250,1.5,13.5,0,0
1,250,2,13.5,0,0
1,250,13,1.5,0,0
1,250,13,2,0,0
1,250,32.5,13,0,0
1,250,33,13,0,0
1,250,14,32.5,0,0
1,250,14,33,0,0
1,250,1.5,14,0,0
1,250,2,14,0,0
1,250,13.5,1.5,0,0
1,250,13.5,2,0,0
1,250,32.5,13.5,0,0
1,250,33,13.5,0,0
1,250,14.5,32.5,0,0
1,250,14.5,33,0,0
1,250,1.5,14.5,0,0
1,250,2,14.5,0,0
1,250,14,1.5,0,0
1,250,14,2,0,0
1,250,32.5,14,0,0
1,250,33,14,0,0
1,250,15,32.5,0,0
1,250,15,33,0,0
1,250,1.5,15,0,0
1,250,2,15,0,0
1,250,14.5,1.5,0,0
1,250,14.5,2,0,0
1,250,32.5,14.5,0,0
1,250,33,14.5,0,0
1,250,15.5,32.5,0,0
1,250,15.5,33,0,0
1,250,1.5,15.5,0,0
1,250,2,15.5,0,0
1,250,15,1.5,0,0
1,250,15,2,0,0
1,250,32.5,15,0,0
1,250,33,15,0,0
1,250,16,32.5,0,0
1,250,16,33,0,0
1,250,1.5,16,0,0
1,250,2,16,0,0
1,250,15.5,1.5,0,0
1,250,15.5,2,0,0
1,250,32.5,15.5,0,0
1,250,33,15.5,0,0
1,250,16.5,32.5,0,0
1,250,16.5,33,0,0
1,250,1.5,16.5,0,0
1,250,2,16.5,0,0
1,250,16,1.5,0,0
1,250,16,2,0,0
1,250,32.5,16,0,0
1,250,33,16,0,0
1,250,17,32.5,0,0
1,250,17,33,0,0
1,250,1.5,17,0,0
1,250,2,17,0,0
1,250,16.5,1.5,0,0
1,250,16.5,2,0,0
1,250,32.5,16.5,0,0
1,250,33,16.5,0,0
1,250,17.5,32.5,0,0
1,250,17.5,33,0,0
1,250,1.5,17.5,0,0
1,250,2,17.5,0,0
1,250,17,1.5,0,0
1,250,17,2,0,0
1,250,32.5,17,0,0
1,250,33,17,0,0
1,250,18,32.5,0,0
1,250,18,33,0,0
1,250,1.5,18,0,0
1,250,2,18,0,0
1,250,17.5,1.5,0,0
1,250,17.5,2,0,0
1,250,32.5,17.5,0,0
1,250,33,17.5,0,0
1,250,18.5,32.5,0,0
1,250,18.5,33,0,0
1,250,1.5,18.5,0,0
1,250,2,18.5,0,0
1,250,18,1.5,0,0
1,250,18,2,0,0
1,250,32.5,18,0,0
1,250,33,18,0,0
1,250,19,32.5,0,0
1,250,19,33,0,0
1,250,1.5,19,0,0
1,250,2,19,0,0
1,250,18.5,1.5,0,0
1,250,18.5,2,0,0
1,250,32.5,18.5,0,0
1,250,33,18.5,0,0
1,250,19.5,32.5,0,0
1,250,19.5,33,0,0
1,250,1.5,19.5,0,0
1,250,2,19.5,0,0
1,250,19,1.5,0,0
1,250,19,2,0,0
1,250,32.5,19,0,0
1,250,33,19,0,0
1,250,20,32.5,0,0
1,250,20,33,0,0
1,250,1.5,20,0,0
1,250,2,20,0,0
1,250,19.5,1.5,0,0
1,250,19.5,2,0,0
1,250,32.5,19.5,0,0
1,250,33,19.5,0,0
1,250,20.5,32.5,0,0
1,250,20.5,33,0,0
1,250,1.5,20.5,0,0
1,250,2,20.5,0,0
1,250,20,1.5,0,0
1,250,20,2,0,0
1,250,32.5,20,0,0
1,250,33,20,0,0
1,250,21,32.5,0,0
1,250,21,33,0,0
1,250,1.5,21,0,0
1,250,2,21,0,0
1,250,20.5,1.5,0,0
1,250,20.5,2,0,0
1,250,32.5,20.5,0,0
1,250,33,20.5,0,0
1,250,21.5,32.5,0,0
1,250,21.5,33,0,0
1,250,1.5,21.5,0,0
1,250,2,21.5,0,0
1,250,21,1.5,0,0
1,250,21,2,0,0
1,250,32.5,21,0,0
1,250,33,21,0,0
1,250,22,32.5,0,0
1,250,22,33,0,0
1,250,1.5,22,0,0
1,250,2,22,0,0
1,250,21.5,1.5,0,0
1,250,21.5,2,0,0
1,250,32.5,21.5,0,0
1,250,33,21.5,0,0
1,250,22.5,32.5,0,0
1,250,22.5,33,0,0
1,250,1.5,22.5,0,0
1,250,2,22.5,0,0
1,250,22,1.5,0,0
1,250,22,2,0,0
1,250,32.5,22,0,0
1,250,33,22,0,0
1,250,23,32.5,0,0
1,250,23,33,0,0
1,250,1.5,23,0,0
1,250,2,23,0,0
1,250,22.5,1.5,0,0
1,250,22.5,2,0,0
1,250,32.5,22.5,0,0
1,250,33,22.5,0,0
1,250,23.5,32.5,0,0
1,250,23.5,33,0,0
1,250,1.5,23.5,0,0
1,250,2,23.5,0,0
1,250,23,1.5,0,0
1,250,23,2,0,0
1,250,32.5,23,0,0
1,250,33,23,0,0
1,250,24,32.5,0,0
1,250,24,33,0,0
1,250,1.5,24,0,0
1,250,2,24,0,0
1,250,23.5,1.5,0,0
1,250,23.5,2,0,0
1,250,32.5,23.5,0,0
1,250,33,23.5,0,0
1,250,24.5,32.5,0,0
1,250,24.5,33,0,0
1,250,1.5,24.5,0,0
1,250,2,24.5,0,0
1,250,24,1.5,0,0
1,250,24,2,0,0
1,250,32.5,24,0,0
1,250,33,24,0,0
1,250,25,32.5,0,0
1,250,25,33,0,0
1,250,1.5,25,0,0
1,250,2,25,0,0
1,250,24.5,1.5,0,0
1,250,24.5,2,0,0
1,250,32.5,24.5,0,0
1,250,33,24.5,0,0
1,250,25.5,32.5,0,0
1,250,25.5,33,0,0
1,250,1.5,25.5,0,0
1,250,2,25.5,0,0
1,250,25,1.5,0,0
1,250,25,2,0,0
1,250,32.5,25,0,0
1,250,33,25,0,0
1,250,26,32.5,0,0
1,250,26,33,0,0
1,250,1.5,26,0,0
1,250,2,26,0,0
1,250,25.5,1.5,0,0
1,250,25.5,2,0,0
1,250,32.5,25.5,0,0
1,250,33,25.5,0,0
1,250,26.5,32.5,0,0
1,250,26.5,33,0,0
1,250,1.5,26.5,0,0
1,250,2,26.5,0,0
1,250,26,1.5,0,0
1,250,26,2,0,0
1,250,32.5,26,0,0
1,250,33,26,0,0
1,250,27,32.5,0,0
1,250,27,33,0,0
1,250,1.5,27,0,0
1,250,2,27,0,0
1,250,26.5,1.5,0,0
1,250,26.5,2,0,0
1,250,32.5,26.5,0,0
1,250,33,26.5,0,0
1,250,27.5,32.5,0,0
1,250,27.5,33,0,0
1,250,1.5,27.5,0,0
1,250,2,27.5,0,0
1,250,27,1.5,0,0
1,250,27,2,0,0
1,250,32.5,27,0,0
1,250,33,27,0,0
1,250,28,32.5,0,0
1,250,28,33,0,0
1,250,1.5,28,0,0
1,250,2,28,0,0
1,250,27.5,1.5,0,0
1,250,27.5,2,0,0
1,250,32.5,27.5,0,0
1,250,33,27.5,0,0
1,250,28.5,32.5,0,0
1,250,28.5,33,0,0
1,250,1.5,28.5,0,0
1,250,2,28.5,0,0
1,250,28,1.5,0,0
1,250,28,2,0,0
1,250,32.5,28,0,0
1,250,33,28,0,0
1,250,29,32.5,0,0
1,250,29,33,0,0
1,250,1.5,29,0,0
1,250,2,29,0,0
1,250,28.5,1.5,0,0
1,250,28.5,2,0,0
1,250,32.5,28.5,0,0
1,250,33,28.5,0,0
1,250,29.5,32.5,0,0
1,250,29.5,33,0,0
1,250,1.5,29.5,0,0
1,250,2,29.5,0,0
1,250,29,1.5,0,0
1,250,29,2,0,0
1,250,32.5,29,0,0
1,250,33,29,0,0
1,250,30,32.5,0,0
1,250,30,33,0,0
1,250,1.5,30,0,0
1,250,2,30,0,0
1,250,29.5,1.5,0,0
1,250,29.5,2,0,0
1,250,32.5,29.5,0,0
1,250,33,29.5,0,0
1,250,30.5,32.5,0,0
1,250,30.5,33,0,0
1,250,1.5,30.5,0,0
1,250,2,30.5,0,0
1,250,30,1.5,0,0
1,250,30,2,0,0
1,250,32.5,30,0,0
1,250,33,30,0,0
1,250,31,32.5,0,0
1,250,31,33,0,0
1,250,1.5,31,0,0
1,250,2,31,0,0
1,250,30.5,1.5,0,0
1,250,30.5,2,0,0
1,250,32.5,30.5,0,0
1,250,33,30.5,0,0
1,250,31.5,32.5,0,0
1,250,31.5,33,0,0
1,250,1.5,31.5,0,0
1,250,2,31.5,0,0
1,250,31,1.5,0,0
1,250,31,2,0,0
1,250,32.5,31,0,0
1,250,33,31,0,0
1,250,32,32.5,0,0
1,250,32,33,0,0
1,250,1.5,32,0,0
1,250,2,32,0,0
1,250,31.5,1.5,0,0
1,250,31.5,2,0,0
1,250,32.5,31.5,0,0
1,250,33,31.5,0,0
1,250,32.5,32.5,0,0
1,250,32.5,33,0,0
1,250,1.5,32.5,0,0
1,250,2,32.5,0,0
1,250,32,1.5,0,0
1,250,32,2,0,0
1,250,32.5,32,0,0
1,250,33,32,0,0
1,250,33,32.5,0,0
1,250,33,33,0,0
1,250,1.5,33,0,0
1,250,2,33,0,0
