1396 2 0.5 2.5e+06 0.05 2 0 0.001 0 9.81 35 35
0,250,3.30135,24.4896,1.46785,2.30008
0,250,2.68639,25.0967,2.22208,1.70136
0,250,2.48352,25.5906,-1.44881,3.34414
0,250,2.83036,26.047,1.07152,1.80599
0,250,2.60028,26.3638,0.91603,2.43696
0,250,2.6977,26.6967,-0.664827,3.05214
0,250,3.22808,26.956,1.30595,1.81066
0,250,2.50355,27.2433,0.923757,2.09439
0,250,2.7982,27.948,-0.995662,3.46693
0,250,2.48136,28.6421,1.42399,3.00622
0,250,2.71548,28.8644,0.195569,0.456464
0,250,3.08786,28.2962,-0.560772,2.46578
0,250,2.9697,29.2859,2.16596,1.37682
0,250,2.42207,29.3506,0.452733,0.539648
0,250,3.54056,29.2432,-1.9315,0.859841
0,250,2.40619,29.9288,-1.56623,-0.53932
0,250,3.75929,29.8042,0.942332,2.00191
0,250,2.97475,29.6285,-0.0530456,2.04311
0,250,2.48175,30.5234,0.931817,2.88928
0,250,2.62876,30.9783,0.224912,5.3494
0,250,3.04743,31.1816,0.531505,2.67656
0,250,2.37087,31.4496,-2.02991,0.666652
0,250,3.48592,31.2446,-0.0397727,-0.0305734
0,250,4.09112,31.2088,-0.00564211,-0.135046
0,250,4.01057,30.8351,0.0943286,0.492669
0,250,2.8946,31.7158,0.822102,0.457556
0,250,4.63687,31.1703,0.634526,0.42196
0,250,4.22793,31.6432,1.21122,0.257249
0,250,2.59724,31.9406,0.925236,-1.18205
0,250,3.31027,32.0646,2.95579,-1.14685
0,250,2.97055,24.324,0.849705,4.67391
0,250,2.53194,23.6027,-0.285005,3.55402
0,250,2.8851,23.7752,3.02326,1.54969
0,250,2.35997,24.4533,-2.39896,1.89427
0,250,3.69441,24.7976,1.28202,3.20179
0,250,2.94504,24.9575,1.58028,1.60391
0,250,3.02676,25.5776,-0.987497,3.324
0,250,3.2879,26.1415,-0.771858,2.55866
0,250,3.53407,26.4706,0.699287,2.42887
0,250,3.67681,27.0132,0.429631,2.68773
0,250,2.77803,27.3955,0.709676,2.34734
0,250,3.35042,27.3428,-0.0423922,2.60972
0,250,2.34729,28.0758,1.22401,0.930289
0,250,3.24332,27.8875,1.71058,1.32937
0,250,3.74743,28.2387,0.205939,0.410657
0,250,3.25624,28.7335,0.84283,2.26007
0,250,4.75143,27.9774,-0.170877,1.30819
0,250,3.65944,28.6587,-0.684526,2.18912
0,250,3.80062,29.2132,-0.0585403,1.03411
0,250,4.12321,30.0187,0.570447,0.640759
0,250,2.82689,30.1239,-1.21421,0.373493
0,250,3.37288,30.0213,-1.06798,1.46773
0,250,3.02279,30.5547,3.20697,1.81068
0,250,3.40399,30.7342,0.907208,1.66077
0,250,3.72551,30.3813,0.671723,0.287273
0,250,5.21249,30.8653,1.38355,-0.134315
0,250,5.7202,30.6801,1.34281,-0.177046
0,250,4.98026,31.476,2.02238,0.288258
0,250,3.56254,31.7125,0.337977,0.705131
0,250,3.91055,32.0314,1.40332,1.91467
0,250,4.45514,23.9448,0.330304,1.14131
0,250,3.12884,23.4165,-0.34776,0.0661696
0,250,4.05515,23.9893,0.234042,-0.455417
0,250,3.60906,24.0498,1.30314,0.116615
0,250,4.1384,24.5231,1.09199,1.40537
0,250,3.39329,25.2538,-0.0313645,2.65943
0,250,3.58213,25.6894,-0.467942,2.20629
0,250,3.93105,26.1062,0.536092,2.27839
0,250,4.02339,26.5988,1.23963,2.02282
0,250,4.42059,26.5312,1.34443,2.35433
0,250,4.34495,27.164,1.44914,1.87224
0,250,4.1371,27.6614,0.589522,2.04587
0,250,3.80796,27.7526,2.30825,2.29038
0,250,4.63522,27.5515,1.46244,1.23422
0,250,4.25617,28.1995,1.58993,0.379673
0,250,5.14086,28.2036,0.86762,0.644789
0,250,4.90148,28.4715,0.56188,0.0132682
0,250,4.30034,28.6136,0.910146,2.47211
0,250,4.30012,29.3587,1.42709,1.6201
0,250,4.57413,29.7421,1.0222,0.588825
0,250,4.87624,30.0763,1.37459,0.143017
0,250,5.17988,30.3961,0.95309,-0.180339
0,250,4.35139,30.447,0.658336,1.47527
0,250,6.47703,30.1958,2.92576,1.44039
0,250,4.62895,30.7115,0.648782,-0.308234
0,250,6.17691,30.5538,1.88509,1.94058
0,250,6.39296,31.4939,2.07282,1.58989
0,250,5.46046,31.2435,1.30841,0.342055
0,250,4.52535,31.9722,1.68588,1.07857
0,250,4.99336,32.039,1.49477,-0.716653
0,250,3.54452,23.6361,-1.34765,0.89782
0,250,4.54042,24.4923,-0.184904,3.12431
0,250,4.79751,24.8714,1.29226,2.90203
0,250,4.02734,25.1235,-0.178705,2.1109
0,250,4.6798,25.2772,0.197999,2.39784
0,250,4.10053,25.4324,0.540299,2.03437
0,250,4.77004,25.7005,0.45216,2.60364
0,250,4.36533,25.9087,0.368115,2.37179
0,250,4.88373,26.1982,0.490518,1.50556
0,250,4.88879,26.7223,-0.0810501,2.71175
0,250,4.91116,27.1059,1.05418,0.598043
0,250,5.28725,27.4633,2.27317,1.5683
0,250,5.80763,27.154,1.13863,1.32072
0,250,5.47851,27.7406,1.26964,0.546735
0,250,5.98592,27.734,1.56422,0.493027
0,250,5.46889,28.8025,2.06771,0.441815
0,250,5.03492,28.9943,-1.37058,0.459529
0,250,4.4684,28.9425,0.721239,0.403436
0,250,4.89477,29.4163,0.31497,2.01548
0,250,5.33887,29.869,2.07471,1.08615
0,250,5.72525,30.2146,1.66707,1.26162
0,250,6.76889,29.693,2.71323,-0.280646
0,250,6.93729,30.1718,2.65188,1.74933
0,250,6.78239,30.7078,1.97938,-0.0110507
0,250,6.44062,31.0315,2.83192,-0.574563
0,250,6.96909,31.1512,1.91042,0.499016
0,250,5.95191,31.699,-0.374053,-0.102155
0,250,5.92214,31.1801,2.51943,0.337782
0,250,5.33768,31.7359,0.885956,0.22296
0,250,5.77741,32.0908,1.01869,-0.014895
0,250,4.85685,23.9018,1.54717,2.30927
0,250,5.51449,23.7499,1.72372,2.55727
0,250,5.16992,24.251,1.39861,1.37005
0,250,5.41628,24.5202,2.376,2.50608
0,250,5.20328,25.0831,2.36337,2.26446
0,250,5.29392,25.7157,2.01224,2.09427
0,250,6.12629,25.5864,2.41628,1.59165
0,250,5.61438,25.993,2.58592,1.96925
0,250,6.08112,26.1165,1.86886,1.43582
0,250,5.36909,26.3743,1.13623,2.88775
0,250,5.90707,26.6642,1.64547,1.5586
0,250,5.47747,26.8905,0.371721,0.740563
0,250,6.38564,27.4845,1.97065,1.38158
0,250,6.16445,28.153,1.76247,1.58709
0,250,5.68805,28.226,0.392896,1.05771
0,250,5.92262,28.6696,1.29851,1.2457
0,250,5.84396,29.2157,1.34108,1.53414
0,250,6.36618,28.9516,1.64618,0.427047
0,250,5.45275,29.4377,2.13934,1.42381
0,250,6.20084,29.5383,2.18903,1.66704
0,250,6.09045,29.9039,1.52567,1.53148
0,250,6.72623,29.24,1.97062,-0.471243
0,250,7.64127,29.8857,2.25397,-0.801368
0,250,7.3662,30.2981,1.96794,-0.0522689
0,250,7.28782,30.8332,2.87372,0.568282
0,250,7.66116,31.2783,2.64227,1.25059
0,250,7.47186,31.5782,4.15396,0.173463
0,250,7.02946,31.9675,1.18027,0.907636
0,250,6.86262,31.6901,1.48408,-0.812452
0,250,6.40029,32.0938,2.23478,-2.08017
0,250,5.73247,23.8791,1.20871,2.34579
0,250,5.90133,24.5104,2.01555,2.59924
0,250,6.41542,24.3426,1.20127,1.60551
0,250,5.75871,24.9814,0.590402,2.28315
0,250,5.66043,25.3983,0.0758632,2.57362
0,250,6.44236,25.1665,0.817926,2.6113
0,250,6.54704,25.7291,2.54508,1.81237
0,250,7.03125,26.1004,1.57911,2.24888
0,250,6.4698,26.2582,2.2317,1.39902
0,250,6.67955,26.8138,2.3983,0.843439
0,250,7.06502,27.1521,2.15154,1.23101
0,250,6.30555,26.9471,1.70092,0.98814
0,250,6.77138,27.5733,1.65805,1.19031
0,250,7.293,27.8802,2.12529,1.68414
0,250,6.79862,28.0381,1.00385,0.31008
0,250,7.62719,28.3173,2.62881,1.37097
0,250,6.53518,28.4021,0.710986,0.832274
0,250,7.69001,28.8868,1.37557,0.12193
0,250,6.90209,28.7245,1.05253,1.05402
0,250,7.86509,29.2927,1.13367,1.37407
0,250,7.26203,29.5927,0.563288,0.957503
0,250,8.10349,29.6983,2.46172,0.636907
0,250,7.97745,30.239,2.74672,0.953607
0,250,8.55006,30.5762,2.32841,0.196575
0,250,7.76036,30.6975,2.24321,1.30137
0,250,8.06021,31.5554,2.27916,0.230068
0,250,7.65721,32.1188,2.151,2.34839
0,250,8.59712,31.7136,2.19219,0.290264
0,250,8.17842,32.04,2.81581,1.00172
0,250,8.92819,32.0211,3.52012,1.07439
0,250,6.20209,23.8947,1.13034,2.52289
0,250,6.90981,23.7893,0.743052,2.60967
0,250,6.64611,23.6341,1.71319,0.908215
0,250,6.78296,24.4307,1.74315,1.59799
0,250,6.55102,24.8594,1.38463,1.96165
0,250,7.14865,25.1156,0.901738,2.17434
0,250,6.93549,25.465,1.92534,1.26472
0,250,7.45696,25.9875,2.37855,1.66092
0,250,7.65197,26.5633,2.25062,2.17009
0,250,7.1008,26.5111,1.85426,1.49914
0,250,7.48655,27.0163,1.84852,1.99971
0,250,7.45363,27.5032,1.94619,0.234526
0,250,8.47278,27.5735,2.0978,0.801694
0,250,7.93311,27.6816,2.49815,1.30779
0,250,7.24704,28.4696,1.64038,1.32241
0,250,8.4413,28.3628,3.17301,0.463228
0,250,8.12843,28.7216,3.17242,-0.238828
0,250,8.42194,29.0434,2.03355,0.385794
0,250,7.25959,29.1613,1.34852,0.258784
0,250,8.94956,29.2571,3.20755,0.920668
0,250,8.59612,29.5574,1.23657,0.221801
0,250,8.48898,30.0816,3.67199,1.36919
0,250,9.08992,30.502,3.3915,0.193583
0,250,9.56253,30.8027,3.66273,-0.686044
0,250,8.17745,30.8751,1.82937,-0.204476
0,250,8.88484,30.9351,3.36717,0.304642
0,250,8.41832,31.2508,2.35229,0.28326
0,250,9.69759,31.6807,1.03903,0.134992
0,250,9.113,31.6144,3.04283,-0.467936
0,250,9.56137,32.0848,2.21219,1.59391
0,250,7.51842,23.9622,1.97953,2.87604
0,250,7.32943,24.3175,1.80774,2.48157
0,250,7.99317,24.699,2.39107,1.739
0,250,7.47841,24.6719,2.48589,2.03714
0,250,7.75839,25.2065,1.22197,2.41447
0,250,7.47551,25.5696,2.05508,2.57576
0,250,7.96524,26.1079,0.812712,2.2949
0,250,8.36318,26.2512,2.55841,2.12598
0,250,8.05468,26.7316,2.53122,1.18344
0,250,8.87858,27.1775,3.10216,2.381
0,250,8.10155,27.2044,1.26108,2.02713
0,250,9.05911,27.6174,4.34929,1.56087
0,250,8.68408,27.999,2.56924,2.08188
0,250,9.03467,28.4415,3.11887,0.525438
0,250,8.03715,28.1002,1.72254,0.431123
0,250,9.54323,28.7561,3.59032,2.66965
0,250,8.92589,28.8659,1.80813,2.81194
0,250,9.61207,29.2099,3.65687,1.07299
0,250,9.72706,29.6498,2.8652,0.430764
0,250,10.2108,29.7517,4.24641,0.752669
0,250,9.28262,29.6976,2.20565,1.13748
0,250,8.93671,29.9849,2.14121,-0.391537
0,250,9.51421,30.2479,2.574,0.797927
0,250,9.96927,30.8494,2.31033,1.1528
0,250,9.90938,31.279,3.35842,1.45679
0,250,10.3806,31.6618,3.52555,1.13769
0,250,9.20185,31.2122,2.33046,0.764332
0,250,10.8949,31.5188,3.77038,-0.369928
0,250,10.1716,32.0082,2.11275,-1.38132
0,250,10.7908,32.127,4.11137,1.78694
0,250,8.13589,24.2108,2.12763,3.13597
0,250,8.51318,23.9958,2.26165,2.25479
0,250,8.44156,24.5764,2.03932,1.75194
0,250,8.14478,25.2632,1.28565,2.90623
0,250,8.30271,25.7519,1.86411,2.847
0,250,8.96325,25.8192,2.1814,1.8838
0,250,8.87552,26.4078,2.71424,2.37306
0,250,9.15668,26.7334,3.21209,1.82644
0,250,8.55333,26.8905,1.82141,2.09574
0,250,9.56421,26.9688,4.46137,1.46168
0,250,9.46935,27.5424,2.24255,1.80762
0,250,9.31763,28.1116,2.91524,-0.223496
0,250,9.74887,28.3268,3.12299,1.49736
0,250,10.3672,28.4797,2.50838,1.81003
0,250,10.0316,28.855,3.04599,0.633154
0,250,10.6734,28.8998,3.4257,0.904964
0,250,10.2375,29.2843,3.35684,0.892769
0,250,11.092,29.1193,4.35729,1.12681
0,250,10.7157,29.4297,4.3726,1.3996
0,250,10.5819,30.0796,3.65094,1.74693
0,250,11.0275,30.4966,4.22225,0.074202
0,250,11.5987,30.341,4.30861,0.202159
0,250,9.9383,30.2362,2.58435,0.367915
0,250,10.3752,30.5096,4.11161,2.1868
0,250,10.4735,31.2045,3.76148,0.654898
0,250,11.4864,30.7656,4.43784,-0.590469
0,250,11.1945,31.1635,3.18505,-1.1491
0,250,11.6002,31.3739,4.13116,-0.637502
0,250,11.2458,31.8478,2.37848,0.649527
0,250,11.5892,32.1203,5.41084,-1.152
0,250,9.16216,24.1538,2.33058,2.41849
0,250,9.05795,24.4917,2.21894,2.44868
0,250,8.85545,24.9912,1.60366,2.63195
0,250,8.5946,25.4116,2.79954,2.71877
0,250,9.1707,25.3935,2.18502,2.99498
0,250,9.83231,25.737,3.86682,1.75235
0,250,9.27452,26.0157,2.8449,1.25897
0,250,9.6605,26.3089,3.01836,2.19466
0,250,9.93808,26.917,1.80155,0.931786
0,250,10.2724,27.2827,2.37658,1.74174
0,250,9.875,27.6115,3.75092,1.5392
0,250,10.7393,27.9704,3.64527,1.85514
0,250,10.1167,28.0508,3.84178,1.59474
0,250,11.3413,28.1147,2.66162,0.886473
0,250,10.9236,28.5078,3.21811,1.88237
0,250,11.3939,28.5889,4.04958,1.50175
0,250,11.4211,29.4829,5.44575,1.00271
0,250,12.0335,29.6118,4.81144,1.74846
0,250,10.9666,29.8881,4.29463,0.818069
0,250,12.028,29.9569,4.42733,0.7593
0,250,11.4127,29.9616,3.39189,0.487823
0,250,12.1768,30.4566,4.91978,1.57991
0,250,12.6506,30.5307,4.60536,9.06541e-06
0,250,12.6673,30.9788,2.22998,0.72595
0,250,10.7757,30.8119,3.56059,-0.419983
0,250,11.9794,30.8142,4.10513,-0.341886
0,250,12.1151,31.2415,3.44354,-0.87226
0,250,12.6984,32.1155,4.29483,1.56469
0,250,11.9118,31.6839,2.73829,0.607653
0,250,12.2754,31.9242,4.0111,-1.293
0,250,9.69428,24.3029,2.86586,2.71863
0,250,9.72788,24.7783,2.60398,2.72975
0,250,9.51936,25.1422,2.20562,3.56764
0,250,9.98864,25.1608,3.48789,2.53206
0,250,10.1595,25.7031,3.44928,2.00824
0,250,10.5608,26.3172,3.88307,2.97059
0,250,9.9795,26.3073,2.40232,1.99026
0,250,10.4468,26.8082,3.24759,1.09499
0,250,10.8225,27.101,3.90044,2.24226
0,250,11.2096,27.2622,3.64021,0.807728
0,250,10.5117,27.6984,4.0751,2.4023
0,250,11.2379,27.7272,2.66643,1.17613
0,250,12.0949,27.8647,4.67916,1.07737
0,250,12.2128,28.7899,4.92869,0.283373
0,250,11.8278,28.3596,3.80243,0.845579
0,250,12.6493,29.2687,3.56303,0.70222
0,250,11.6155,29.0563,4.15872,2.04062
0,250,12.112,29.1652,4.60652,2.56925
0,250,12.7046,29.7449,4.25035,-0.381858
0,250,13.1601,30.6379,4.31991,0.0537174
0,250,13.2759,29.8752,4.63932,1.63495
0,250,14.1936,31.0687,4.26094,0.616211
0,250,12.6594,30.058,4.9944,1.23047
0,250,13.5085,30.9419,3.28575,1.23104
0,250,12.9335,31.3006,4.5801,1.5581
0,250,13.1805,31.6956,2.69332,0.171526
0,250,12.5459,31.532,5.04796,-0.236467
0,250,13.3275,31.9994,3.20473,-0.410207
0,250,14.7609,32.02,4.29238,-1.85497
0,250,14.1584,31.829,3.93717,-0.419701
0,250,9.99315,24.117,2.91809,2.18864
0,250,10.4529,24.5392,3.08465,1.78345
0,250,10.496,24.9904,3.91107,2.62688
0,250,10.7656,25.2576,2.76155,1.62501
0,250,10.6195,25.8258,2.66591,2.03037
0,250,11.2925,26.0315,3.76452,2.2845
0,250,10.9243,26.4119,3.96649,1.69341
0,250,11.2679,26.8365,4.12853,2.30052
0,250,11.8708,27.1413,4.01072,2.00303
0,250,11.7677,27.6053,3.59666,1.83271
0,250,12.6932,27.8888,4.3628,1.82574
0,250,12.9344,28.1391,4.60868,2.66698
0,250,12.2796,28.2969,3.31325,1.94153
0,250,13.1989,28.7995,4.20835,2.42199
0,250,12.7435,28.6324,4.35113,0.270248
0,250,13.0523,29.2094,4.68861,0.919384
0,250,13.4572,29.5641,5.38835,0.126039
0,250,13.8686,30.0432,4.20262,1.6373
0,250,13.3946,30.3194,3.38805,0.382375
0,250,13.8762,30.5914,4.35257,-0.050337
0,250,14.4939,30.6846,3.27973,-0.203567
0,250,14.7456,31.2536,4.14532,-3.02481
0,250,14.0682,31.4147,3.18399,2.28828
0,250,14.8432,31.7104,5.85326,0.134181
0,250,13.573,31.3707,4.70729,1.41228
0,250,15.8953,30.7818,7.5848,0.403789
0,250,13.8456,32.0076,2.31305,3.1862
0,250,15.461,31.1333,7.09849,-1.13382
0,250,15.3652,31.5656,5.94578,-0.289135
0,250,15.34,32.0113,5.48861,-0.674818
0,250,10.8723,24.3857,2.94398,2.95507
0,250,11.0851,24.5369,3.03585,2.59437
0,250,11.3367,24.9774,2.45655,1.90666
0,250,11.1147,25.5061,2.27711,3.20622
0,250,11.7154,25.6528,3.95871,2.3072
0,250,11.7069,26.1822,3.51284,2.18241
0,250,11.7218,26.665,3.25154,2.59346
0,250,12.2381,26.7929,2.77834,1.97429
0,250,12.3536,27.3373,3.48971,1.76241
0,250,12.7122,27.2367,3.853,1.33069
0,250,13.1784,27.6291,4.88248,2.28894
0,250,13.4775,28.1711,4.00727,0.834858
0,250,14.1375,28.9076,4.90896,1.7139
0,250,14.6118,29.1881,5.62373,2.29369
0,250,13.595,28.582,4.41247,0.761047
0,250,13.7459,29.0965,3.94426,2.80687
0,250,13.9923,29.5221,5.07825,0.48723
0,250,14.6583,29.9735,4.74802,1.78166
0,250,14.2529,30.2683,5.59456,1.27734
0,250,14.951,30.4061,5.60951,-1.35708
0,250,14.9637,30.9497,5.92849,1.4744
0,250,16.5044,30.1203,7.24741,1.40004
0,250,16.2621,30.3873,8.18761,-0.628452
0,250,17.2573,30.9379,4.83473,0.758111
0,250,16.9476,30.769,6.16888,-0.408883
0,250,16.3385,30.9554,6.45454,-1.6041
0,250,16.0632,31.2879,3.56192,0.0574036
0,250,16.3783,31.6134,6.95654,0.476009
0,250,16.6991,32.1669,6.59738,0.642134
0,250,15.8172,31.7602,7.38062,-0.832096
0,250,11.7526,24.7555,3.18837,2.50413
0,250,12.1374,24.5854,4.91567,1.59809
0,250,11.8101,25.2417,3.17719,2.29834
0,250,12.2764,25.6949,3.82393,3.72203
0,250,12.2028,26.2965,3.08457,2.90399
0,250,12.6181,26.2689,2.46581,2.78613
0,250,12.8353,26.7331,4.85074,2.18381
0,250,13.2578,27.2371,4.07236,2.64342
0,250,13.7442,27.2979,4.90402,2.76077
0,250,13.775,27.8284,4.65606,1.19128
0,250,14.0609,28.2542,3.99834,1.98149
0,250,14.5117,28.6377,4.49161,2.18933
0,250,14.9555,28.7817,5.0974,1.47485
0,250,15.4691,28.7526,5.34507,1.18092
0,250,15.0945,29.2999,5.41408,2.03764
0,250,15.3042,30.1431,3.6082,2.29906
0,250,14.418,29.6465,3.01421,1.78232
0,250,15.8493,30.176,6.0944,-0.253557
0,250,15.464,30.6884,5.5828,0.377422
0,250,17.5779,29.9205,5.92204,1.58935
0,250,16.9234,30.0722,5.9266,2.63404
0,250,18.493,31.0952,3.98515,1.40814
0,250,17.3164,30.2817,5.97972,0.534746
0,250,17.7641,30.93,5.76442,-0.884919
0,250,16.7738,31.1815,7.87024,-0.94547
0,250,17.5416,31.397,7.00755,-0.140596
0,250,16.7829,31.6995,8.18791,1.82031
0,250,17.9766,31.5537,4.59136,0.52447
0,250,18.7321,31.9879,5.12642,2.58331
0,250,16.0571,32.0885,2.56013,-1.19001
0,250,12.4321,24.85,3.43591,2.97181
0,250,12.5704,25.2013,3.3171,2.52632
0,250,12.802,25.6188,3.37797,2.83097
0,250,12.9814,25.9663,4.0877,2.40458
0,250,13.5293,26.1854,4.03516,2.29463
0,250,13.1973,26.5344,3.23853,1.92548
0,250,13.6732,26.6675,5.34999,2.14277
0,250,14.0752,27.1298,4.36651,1.75988
0,250,14.3403,27.6334,4.12828,1.31923
0,250,14.481,28.1378,5.39701,2.71628
0,250,14.9177,28.0001,5.15183,0.58489
0,250,15.2195,28.3221,4.15855,0.895953
0,250,16.1908,28.7775,5.70873,2.08023
0,250,15.521,29.2702,4.25331,1.2362
0,250,15.2745,29.7532,5.33509,1.11285
0,250,16.0949,29.2877,4.63859,1.78279
0,250,15.8357,29.7201,6.53536,0.556886
0,250,16.8914,29.5504,5.85515,1.10237
0,250,16.3593,29.5764,5.0129,1.05636
0,250,18.4205,30.29,6.61084,-0.117038
0,250,17.7847,30.3653,5.28637,1.65279
0,250,18.7646,30.8009,7.64119,0.044558
0,250,18.9827,31.2775,6.27472,1.7073
0,250,19.5394,31.1943,6.46618,0.523988
0,250,19.3927,31.6347,5.77162,0.00800545
0,250,20.0802,31.1047,8.47531,0.862207
0,250,18.458,31.5779,5.98783,2.16922
0,250,18.1071,31.9332,3.64908,-0.552938
0,250,19.9693,32.0512,5.82074,-1.33666
0,250,17.2245,31.7005,5.34734,-0.474632
0,250,13.2245,25.1064,3.95414,3.5422
0,250,13.4602,24.8516,3.67401,1.24621
0,250,13.5076,25.3757,2.73062,2.16881
0,250,13.8035,25.8204,4.47559,2.26844
0,250,14.0379,26.3489,4.47874,2.73085
0,250,14.2615,26.7149,4.57879,1.55542
0,250,14.8502,27.0263,5.60214,1.88698
0,250,14.6923,27.3738,5.19631,2.90041
0,250,15.1539,27.6218,4.45352,1.38128
0,250,15.7483,27.9914,5.94183,1.06388
0,250,15.8225,28.4756,4.53565,2.58447
0,250,16.3819,28.3312,5.20089,1.02866
0,250,16.7918,28.6546,6.49588,1.95438
0,250,16.7041,29.1263,4.93559,1.16205
0,250,18.264,29.4816,6.73096,0.82735
0,250,18.2155,29.8694,6.8961,2.2891
0,250,17.3595,29.5448,6.39369,1.73029
0,250,19.2591,29.7864,5.08972,0.859998
0,250,18.667,29.7007,6.37953,0.967154
0,250,18.7987,30.2449,4.47423,-0.430568
0,250,18.0633,30.7189,6.54648,0.87352
0,250,19.2485,30.7086,6.14422,0.238791
0,250,19.7874,30.7922,6.2921,1.66752
0,250,20.8376,31.2669,9.71578,-3.60411
0,250,20.5067,30.8849,8.22663,-1.02234
0,250,19.9548,31.7479,8.20912,-0.887163
0,250,19.2003,32.0355,4.68505,1.02734
0,250,21.459,31.6314,5.46496,-1.92768
0,250,20.9147,31.7415,6.53014,-3.388
0,250,17.5538,32.003,3.78704,1.68516
0,250,13.9462,25.1833,4.11619,3.04779
0,250,14.3318,25.4341,3.88962,2.83858
0,250,14.3352,25.821,3.22595,2.32179
0,250,14.889,26.0451,4.76407,2.63908
0,250,14.84,26.4942,4.51647,1.70071
0,250,15.7869,26.8523,5.41921,2.67036
0,250,15.3294,27.1017,4.78312,2.4628
0,250,15.6331,27.5908,4.70666,1.8494
0,250,16.1588,27.7522,3.33594,0.749689
0,250,16.679,28.0466,6.16498,2.19998
0,250,17.2084,28.5255,5.68182,2.97167
0,250,17.2598,29.0415,6.4144,2.95497
0,250,17.7665,29.1938,5.67773,1.24826
0,250,19.1661,29.3797,6.37061,0.157392
0,250,19.6994,29.3236,7.71328,0.624419
0,250,19.8592,28.9219,6.12343,0.584887
0,250,19.8448,29.7115,7.65415,1.42675
0,250,20.3336,29.6709,7.19455,0.718919
0,250,19.8137,30.2764,7.6426,1.04941
0,250,20.881,29.9503,7.44228,0.402432
0,250,19.3595,30.2204,6.64813,0.0172348
0,250,20.2982,30.1132,7.59523,-0.0748836
0,250,20.4175,30.5105,8.36492,-0.945017
0,250,21.2348,31.1252,7.15024,1.59772
0,250,22.7848,31.5527,7.19481,-1.06139
0,250,23.5031,31.8203,6.11653,0.8257
0,250,20.6392,32.0901,4.48615,0.702831
0,250,21.8114,31.1061,8.81111,-2.26857
0,250,21.8861,32.0132,5.75743,-4.92733
0,250,20.3866,31.5159,5.11044,1.39715
0,250,15.0558,25.4936,5.05969,2.51903
0,250,15.2646,25.5612,5.2788,2.68613
0,250,15.2111,26.355,3.28988,3.88304
0,250,15.6702,26.5584,4.35078,2.69609
0,250,16.4074,26.7779,4.89257,2.50143
0,250,16.1911,27.2437,5.22137,3.05255
0,250,16.7708,27.1157,5.10113,1.93362
0,250,16.7327,27.5699,6.49842,1.3068
0,250,17.1583,27.8077,5.14744,0.909759
0,250,17.5144,28.177,5.59197,1.77063
0,250,17.7926,28.7798,5.05749,0.242697
0,250,18.423,28.9464,6.59814,1.71009
0,250,18.4824,28.6195,6.05673,0.444651
0,250,18.8984,29.0798,6.29717,1.53156
0,250,20.378,29.1619,7.1674,-0.887728
0,250,20.7718,29.3784,7.37714,2.22364
0,250,21.2055,30.3059,7.66783,0.11582
0,250,22.5475,30.2585,7.14977,-1.14616
0,250,21.7803,30.2817,8.4406,-1.20599
0,250,22.832,30.3897,7.2484,-1.14941
0,250,22.1258,30.6464,7.57483,1.13056
0,250,21.5816,30.8062,6.38365,-1.56609
0,250,21.008,30.5948,6.94474,2.21682
0,250,22.3793,31.1688,8.56279,-1.86719
0,250,23.14,31.2508,9.59114,0.186045
0,250,22.3202,31.8848,10.57,2.15827
0,250,21.9853,31.5483,7.31786,-2.44692
0,250,23.8286,32.1198,5.38391,-5.79776
0,250,24.5,31.6129,8.86483,0.807593
0,250,21.3118,31.9873,7.3645,2.41232
0,250,15.9687,25.7433,6.15723,3.13615
0,250,16.2178,25.6327,5.42539,2.81402
0,250,16.1929,26.3652,4.75515,2.81664
0,250,17.0142,26.1936,5.78841,0.980319
0,250,17.0375,26.7997,5.3804,1.48669
0,250,17.4325,27.0533,5.80896,1.52916
0,250,17.4362,27.4386,5.41249,1.5809
0,250,18.1022,27.4106,6.85402,1.81329
0,250,17.9258,27.8057,5.1429,2.04205
0,250,17.9374,28.3435,5.46755,1.66305
0,250,18.9943,28.4391,6.66636,0.869564
0,250,19.25,28.6875,5.90472,1.75359
0,250,20.4299,28.729,7.94645,-1.62529
0,250,21.2291,29.083,8.03749,0.717385
0,250,21.2293,29.7022,7.27568,0.194262
0,250,22.1196,30.0578,7.49312,0.752031
0,250,22.7646,29.7382,7.58282,-1.0984
0,250,23.3592,29.9517,7.98222,-1.14518
0,250,24.329,30.4322,7.63676,-0.110369
0,250,25.2152,29.6919,8.26709,-0.788678
0,250,22.6461,30.937,5.1822,0.169344
0,250,24.6824,30.1845,10.2528,-1.15266
0,250,23.4446,30.5184,6.71823,-3.0561
0,250,23.2464,30.8915,9.20561,-0.221508
0,250,23.6651,31.4489,7.32496,-1.01573
0,250,26.4691,31.0752,6.50362,0.463482
0,250,24.02,31.4661,8.59501,1.62223
0,250,25.6955,30.9486,7.81422,-1.17838
0,250,26.0558,31.0939,6.23494,2.17432
0,250,22.852,31.9165,6.07694,-0.884944
0,250,16.5113,26.0483,5.1476,3.59093
0,250,17.0103,25.8379,5.34041,2.05938
0,250,17.4301,26.5093,5.78263,2.07148
0,250,18.0063,26.8136,6.09061,0.841031
0,250,18.4271,26.9872,7.98834,1.25583
0,250,18.5709,27.6883,5.31551,1.77682
0,250,19.1216,27.8894,5.9299,1.63765
0,250,18.4281,28.0377,5.7798,0.8763
0,250,19.8909,27.832,7.04007,2.11748
0,250,19.4692,28.1874,7.58413,1.58908
0,250,19.852,28.5108,6.38116,0.339989
0,250,20.8716,28.7389,7.6658,1.18133
0,250,21.6249,29.5969,8.6812,1.19794
0,250,22.2575,29.6227,8.02389,-1.61059
0,250,22.7456,29.2312,8.70539,0.892831
0,250,23.1414,29.5171,8.01516,0.587059
0,250,23.7772,30.1488,8.23873,-1.88471
0,250,25.1638,30.2322,8.57116,-0.118515
0,250,25.0129,30.7149,8.21841,0.035308
0,250,26.5984,30.4434,5.24259,-2.174
0,250,23.9021,30.6969,9.60543,0.914189
0,250,24.6885,30.7913,8.73545,0.207399
0,250,25.0749,31.3884,8.63267,0.846037
0,250,25.5074,30.5877,8.26831,0.10668
0,250,24.2058,30.9865,10.1531,-1.10212
0,250,25.3046,31.3926,7.10494,-0.513897
0,250,24.3975,32.0395,7.37016,0.0449065
0,250,25.7006,31.7779,4.31969,0.406299
0,250,27.1531,32.1421,7.32461,-1.33824
0,250,24.827,31.9471,6.12052,-3.19614
0,250,17.7723,26.12,6.00937,2.53073
0,250,18.1529,26.1717,5.809,2.47459
0,250,18.7705,26.6555,7.17254,2.82626
0,250,19.1956,27.1399,6.61922,1.2567
0,250,19.2417,27.4715,5.7054,0.843617
0,250,19.9761,27.4136,8.55738,1.42385
0,250,20.6217,28.0278,7.94802,1.92671
0,250,20.2749,28.1976,7.5572,1.40517
0,250,21.0957,28.3482,7.73266,1.10097
0,250,21.99,28.6582,9.69483,0.0507136
0,250,21.5828,29.1802,6.71314,1.85348
0,250,22.1623,29.1017,6.8399,1.86273
0,250,23.2619,28.9518,7.69004,-1.00219
0,250,23.9201,29.5914,8.66915,0.755266
0,250,24.3645,29.7399,8.6119,-0.607048
0,250,25.6886,29.7266,7.07181,-0.504585
0,250,26.1115,30.4454,6.34237,0.175051
0,250,26.3952,30.0596,5.76109,-1.44112
0,250,26.7252,31.509,3.30701,0.842017
0,250,27.2035,30.0854,6.56569,-4.0452
0,250,26.2227,31.5836,8.26136,-0.527467
0,250,26.8892,30.8003,4.42582,2.42066
0,250,26.6258,32.0281,5.79866,-0.88474
0,250,27.1639,31.5544,12.3099,0.645529
0,250,26.0706,32.0147,5.37604,-3.54793
0,250,28.2977,30.7234,4.48263,-4.27993
0,250,27.3638,31.0558,2.51529,-0.0309382
0,250,27.5987,31.6665,6.76544,-1.23429
0,250,28.3875,31.6388,-3.14089,0.15207
0,250,25.3488,32.0804,6.21484,3.45866
0,250,18.5095,26.2987,7.01924,2.10752
0,250,19.6793,26.637,7.85834,1.99088
0,250,20.0275,27.1695,7.84561,1.21353
0,250,20.7227,27.6355,7.58666,0.693161
0,250,21.3814,27.5301,8.59521,0.297586
0,250,21.3176,27.8113,8.63706,-0.356948
0,250,21.5331,28.4235,6.44823,1.28467
0,250,22.2811,28.1786,8.23721,0.128621
0,250,22.5102,28.7832,7.39207,1.48016
0,250,23.1107,28.6503,8.3143,-0.227244
0,250,23.6493,29.318,7.46549,-1.11391
0,250,24.399,29.2459,8.12159,1.77974
0,250,24.7648,29.516,8.69732,0.375733
0,250,26.363,29.2831,8.48841,-2.00544
0,250,25.8128,30.1384,6.91089,-1.12953
0,250,27.5091,29.6772,8.52608,1.08111
0,250,26.8531,29.8441,9.22709,-1.73169
0,250,27.819,30.2855,8.02165,-0.357408
0,250,27.7432,30.717,5.08242,-1.43434
0,250,28.3463,29.4823,3.29549,-3.62938
0,250,27.2687,30.6253,10.4741,-3.29655
0,250,28.536,30.4245,3.04488,-2.74418
0,250,28.3827,29.8558,3.3777,-2.41274
0,250,28.9604,29.735,4.05539,-3.98667
0,250,28.4747,31.0606,4.33935,2.47198
0,250,27.959,31.4446,2.67933,0.666002
0,250,28.3828,32.0343,-2.18364,0.744446
0,250,28.9205,31.6494,-0.806932,-3.77657
0,250,28.946,30.3054,-1.52197,-4.842
0,250,27.7651,32.0578,8.94404,1.5216
0,250,19.2922,26.7057,6.78339,2.02652
0,250,20.2136,26.5852,7.73311,1.69993
0,250,20.835,27.1528,7.43929,1.13888
0,250,21.5889,27.0697,8.94013,-0.717321
0,250,21.8313,28.187,6.67499,1.37939
0,250,23.2796,28.0811,8.70632,0.452099
0,250,23.7336,28.5203,9.07712,1.75198
0,250,23.9857,28.9146,9.20825,1.69694
0,250,24.5779,28.7499,10.52,-1.07714
0,250,25.0431,28.994,7.22032,-0.700307
0,250,25.4516,29.223,7.58023,-1.73568
0,250,26.9263,28.842,8.99493,-3.32603
0,250,26.1455,29.5289,7.75537,-3.58175
0,250,27.7067,28.6793,6.18699,-3.45735
0,250,27.5852,29.3088,5.89777,0.615184
0,250,28.7466,28.7569,2.84574,-5.81453
0,250,27.951,29.9431,4.68409,-2.13038
0,250,29.492,29.0317,7.95104,-7.94048
0,250,28.9379,29.4418,1.87965,-3.92349
0,250,29.4651,29.6418,0.940025,-2.19848
0,250,30.0071,30.2759,5.85903,-3.80679
0,250,30.4292,28.821,4.16923,-1.19823
0,250,30.3251,29.8247,5.61571,-2.45602
0,250,30.4697,30.3748,1.36251,-3.71306
0,250,28.8322,31.065,-0.70928,-3.8331
0,250,30.3139,28.099,-1.4002,-5.36834
0,250,29.0503,31.9538,2.66123,-8.96867
0,250,29.9958,30.8252,3.39263,2.22034
0,250,29.8689,31.4139,-2.19567,-1.87188
0,250,29.321,30.3323,1.80591,-7.20883
0,250,20.7113,26.771,8.23929,1.62921
0,250,22.1064,27.1873,8.16855,0.763975
0,250,22.1762,27.5259,8.35803,-0.173758
0,250,22.6994,28.3,8.42612,0.204588
0,250,24.6902,27.9767,10.3544,-0.430424
0,250,24.3355,28.2209,8.18549,-0.643551
0,250,24.9673,28.5399,8.42556,-0.4134
0,250,25.5946,28.8282,9.45754,-0.895273
0,250,26.0773,28.8638,9.00137,-0.647681
0,250,27.0974,27.9811,8.64152,-3.43089
0,250,26.8315,29.4891,9.40714,-2.62991
0,250,27.9246,28.3504,6.23556,-3.47511
0,250,28.0503,29.113,6.50947,-2.94516
0,250,28.9247,28.3066,5.65337,-3.49348
0,250,29.2297,28.889,4.40339,-4.78442
0,250,29.5796,28.5023,5.78005,-2.83334
0,250,29.8807,29.3838,5.675,-6.54116
0,250,29.6932,29.9752,3.48054,-2.24533
0,250,30.1373,29.1201,4.90804,-2.26857
0,250,29.9983,27.7887,2.96001,-6.5565
0,250,30.7524,28.1784,-1.22947,-2.9902
0,250,30.8129,28.6318,5.82693,-4.41105
0,250,31.2734,30.3503,4.59311,-6.33421
0,250,30.5513,29.5959,6.25053,-8.36872
0,250,31.0162,29.3775,2.64762,-3.55036
0,250,30.9522,31.9942,2.5049,-0.328079
0,250,29.248,30.8325,2.14025,-2.07976
0,250,29.5669,32.1275,4.55082,6.45957
0,250,31.2652,30.702,3.23328,1.99529
0,250,29.3325,31.3752,5.54262,-8.75997
0,250,21.2417,26.9734,8.43618,1.573
0,250,22.5524,27.5712,9.39634,1.51211
0,250,23.5442,27.5666,11.2816,-0.371627
0,250,23.8249,28.1576,8.75036,1.90473
0,250,25.129,28.073,8.63494,-0.73812
0,250,25.7758,28.3188,9.26727,-0.655288
0,250,26.7512,28.3594,8.968,-1.93752
0,250,27.3654,28.3798,6.03219,-3.62132
0,250,27.1233,29.0208,7.15352,-2.03681
0,250,28.4014,28.1005,7.17172,-4.00426
0,250,28.3043,28.7978,9.27629,-3.96015
0,250,28.9098,27.6349,3.02005,-7.95804
0,250,29.3651,28.1678,6.17148,-4.77829
0,250,29.9875,28.5111,4.01876,-4.26858
0,250,29.9313,27.1789,6.4132,-7.34182
0,250,30.8843,26.9322,6.74707,-9.60088
0,250,30.4976,26.9995,5.13761,-13.7067
0,250,30.5552,27.5628,4.28747,-7.34535
0,250,30.1905,25.1604,1.88234,-13.1179
0,250,31.0553,29.9886,6.85926,-6.73596
0,250,30.4922,31.0878,1.8724,2.04396
0,250,30.9886,26.3102,-1.91379,-7.42177
0,250,31.1266,28.8313,0.75709,-2.40319
0,250,32.1948,27.9095,10.9252,-5.77012
0,250,31.2661,32.1689,4.62653,-1.58422
0,250,31.5993,26.1084,0.745426,-6.97751
0,250,31.3015,27.2251,-5.4611,-4.68996
0,250,31.4383,29.5708,9.09375,-3.92465
0,250,29.9696,31.8,3.13713,1.96241
0,250,29.5721,30.766,3.64135,-5.99316
0,250,22.967,27.7686,7.67228,0.998606
0,250,24.2607,27.4823,9.08004,-2.52398
0,250,25.3439,27.4421,9.50113,-2.42645
0,250,25.6452,27.8519,9.25835,-2.61936
0,250,27.3083,27.2701,7.1328,-6.94184
0,250,27.5136,27.6578,5.71847,-4.47521
0,250,27.9612,27.7929,8.5013,-4.33441
0,250,29.093,26.7905,5.77522,-7.52736
0,250,28.9637,27.2642,7.90257,-5.7096
0,250,29.4096,27.4229,0.910935,-5.53764
0,250,29.6352,27.8757,3.50227,-2.57282
0,250,29.8337,26.0785,2.36983,-8.13741
0,250,30.036,25.8813,1.01955,-5.69232
0,250,30.6546,25.6385,7.95506,-8.40714
0,250,31.1851,25.6226,0.888227,-8.90278
0,250,30.9402,23.6014,-1.3526,-14.86
0,250,30.5167,24.3221,0.17549,-12.2623
0,250,31.4799,24.0329,0.223424,-13.3851
0,250,30.7112,30.5411,-1.2333,-2.89351
0,250,31.9105,26.9609,-11.1929,-9.46646
0,250,32.2831,22.8717,-0.429808,-16.8535
0,250,31.697,24.2164,-2.57559,-7.65362
0,250,31.6782,29.2464,3.6,-4.40739
0,250,31.8056,30.7466,-13.2842,3.24986
0,250,32.1603,21.5962,-7.00435,-14.1552
0,250,31.4819,31.53,-15.5725,2.55606
0,250,31.3799,27.831,4.23787,-14.0394
0,250,31.4307,28.1467,0.544397,-0.609585
0,250,30.523,31.657,0.883247,7.40798
0,250,30.7353,31.2096,-9.53916,-0.403897
0,250,23.8047,27.4668,8.85443,-1.36919
0,250,24.8682,27.4549,9.49433,-2.28928
0,250,26.5192,27.9878,7.7113,-3.19425
0,250,26.1469,28.4219,8.03474,-1.42528
0,250,28.4759,27.7293,9.60518,-5.82083
0,250,28.4413,26.9536,6.60206,-10.279
0,250,29.7305,26.7872,5.40731,-10.0739
0,250,29.5028,24.5864,-0.490393,-12.4814
0,250,29.4479,25.6386,0.248769,-14.1207
0,250,30.19,26.6362,1.23466,-7.93175
0,250,30.5537,26.2387,-0.574383,-7.87247
0,250,30.9646,24.8886,3.64676,-9.70969
0,250,30.9383,27.512,-1.86531,-9.28308
0,250,30.1222,23.4256,-2.34508,-10.4238
0,250,31.483,26.8236,-8.22114,-10.4394
0,250,31.0138,21.6003,0.943656,-13.076
0,250,31.2783,23.3691,4.6412,-14.8009
0,250,30.9752,24.3622,-1.8854,-12.7273
0,250,31.7755,20.9095,2.75346,-10.885
0,250,31.4569,20.5661,-0.126524,-12.6833
0,250,31.4177,24.9038,2.91274,-14.5928
0,250,31.7385,17.9371,0.540415,-12.1895
0,250,32.056,21.1485,0.804952,-12.8723
0,250,31.6902,28.1356,-7.83801,-7.38924
0,250,30.329,32.3051,4.2027,6.72478
0,250,31.8322,30.475,-7.42687,-9.22499
0,250,32.167,32.1435,1.1565,9.76144
0,250,32.2312,25.1066,-0.0260536,-6.3296
0,250,31.1817,21.4982,-1.06018,-14.942
0,250,32.0025,29.215,1.79717,-8.36284
0,250,26.3089,27.5681,11.6202,-1.5296
0,250,27.8147,27.2675,5.82177,-7.21655
0,250,28.2344,26.3856,7.18857,-9.99876
0,250,28.94,26.1241,1.69461,-11.0287
0,250,29.1952,26.4527,3.62269,-6.14445
0,250,30.4059,24.834,3.98174,-12.8498
0,250,30.0067,24.2697,-4.33042,-11.6147
0,250,29.4491,23.2088,-1.78153,-13.2039
0,250,30.5957,21.2969,-1.25838,-14.2227
0,250,31.4366,22.9476,-2.15715,-11.0595
0,250,31.8169,23.5801,0.620855,-18.1505
0,250,30.2946,22.7157,-2.68177,-11.0796
0,250,30.5887,19.9642,0.357821,-13.3103
0,250,31.601,19.777,-1.32554,-12.41
0,250,31.0529,17.9581,-2.4725,-15.4002
0,250,28.8076,19.4428,-4.90229,-14.8886
0,250,30.9344,19.1946,0.336791,-12.9441
0,250,30.7201,18.8601,-2.62217,-11.4388
0,250,31.9585,24.5348,-2.86561,-11.2122
0,250,30.9209,16.7782,-2.88354,-14.8225
0,250,28.6823,17.6233,-4.21838,-14.6923
0,250,30.085,20.6262,-4.11655,-12.564
0,250,30.4605,19.4262,-4.8685,-16.9573
0,250,30.7154,23.6312,-4.10321,-7.25705
0,250,31.3523,22.5537,-2.07063,-11.3448
0,250,31.8672,30.0764,4.80948,-3.28989
0,250,31.1595,31.4159,-7.34119,4.1901
0,250,31.3928,26.3215,3.64495,-10.7912
0,250,31.6507,22.4978,1.70034,-16.8068
0,250,31.767,31.5222,0.406578,4.26051
0,250,26.8601,27.5806,7.82104,-3.90995
0,250,28.131,27.1072,7.77508,-8.31132
0,250,29.1357,25.5939,4.65602,-12.2093
0,250,29.7959,24.831,1.79578,-14.6656
0,250,29.5517,22.9774,-1.1171,-13.8631
0,250,30.0227,21.7042,-1.54639,-12.6352
0,250,28.8777,20.8391,-2.99469,-12.141
0,250,30.0387,23.8954,-3.27193,-15.769
0,250,30.826,20.7008,-0.798882,-11.9526
0,250,29.3411,19.5239,-2.19655,-11.3666
0,250,31.223,16.6662,0.677711,-14.8046
0,250,29.2943,18.0647,-2.48301,-14.4517
0,250,31.7771,15.9427,1.38421,-13.5949
0,250,32.0524,17.4501,-0.158168,-13.36
0,250,28.2163,12.3412,-5.76891,-16.6697
0,250,28.0934,13.9132,-4.52636,-15.5989
0,250,27.5854,12.07,-7.10659,-17.8755
0,250,31.0959,14.1661,-2.24638,-15.5712
0,250,30.87,18.5079,-3.46688,-14.6236
0,250,30.263,13.0268,-5.06073,-18.0854
0,250,31.2484,18.6747,-1.49777,-15.9149
0,250,28.9692,11.8504,-3.02941,-18.9216
0,250,31.0762,11.4433,0.268109,-20.1391
0,250,30.9969,9.40059,-0.586507,-16.5938
0,250,27.5789,10.5327,-6.89877,-17.3632
0,250,31.1598,20.4365,0.856199,-19.0903
0,250,28.755,17.7089,-4.79739,-13.7326
0,250,28.5994,7.53457,-4.36694,-22.0312
0,250,29.8962,16.9951,-3.43569,-12.0719
0,250,26.5861,16.8186,-8.11601,-13.0291
0,250,28.6318,26.1414,1.88674,-8.21752
0,250,29.775,25.2707,0.103598,-8.32668
0,250,29.2933,24.0618,-0.405321,-11.5586
0,250,29.9664,22.9404,-0.525614,-11.8267
0,250,30.1593,20.7701,-0.394417,-12.115
0,250,29.687,20.5032,-4.07063,-13.0607
0,250,28.8367,20.0762,-2.7246,-11.2865
0,250,30.6159,16.9489,0.661003,-14.5766
0,250,29.634,16.999,-1.41948,-13.1089
0,250,31.7286,17.8078,-0.573746,-14.2863
0,250,29.0911,15.0895,-3.05372,-15.7395
0,250,28.1234,17.696,-3.5391,-10.6137
0,250,28.8356,14.1243,-3.32488,-14.95
0,250,30.2665,11.2508,-2.10767,-17.1332
0,250,29.4713,11.6374,-4.63323,-15.4998
0,250,30.8352,8.09862,-1.74996,-21.6036
0,250,28.3262,11.8694,-3.97523,-16.7955
0,250,30.246,7.76268,-1.30492,-19.5651
0,250,31.7838,7.02553,-1.09324,-17.0291
0,250,26.6681,10.7452,-6.51998,-15.2095
0,250,28.6284,10.5894,-6.1406,-17.6828
0,250,27.9797,10.0137,-3.59852,-15.1784
0,250,28.08,2.96187,-4.8369,-21.7015
0,250,29.8094,0.67681,-2.31644,-25.9206
0,250,18.1315,-8.3429,-13.5759,-30.1841
0,250,32.2119,6.76186,0.142978,-14.7826
0,250,25.1105,9.93033,-7.02516,-15.0381
0,250,31.0646,10.1404,-2.08109,-17.1012
0,250,32.1082,28.791,0.900362,-2.1901
0,250,31.9212,27.3795,-0.490612,5.17911
1,250,1.5,1.5,0,0
1,250,1.5,2,0,0
1,250,32.5,1.5,0,0
1,250,33,1.5,0,0
1,250,2.5,32.5,0,0
1,250,2.5,33,0,0
1,250,1.5,2.5,0,0
1,250,2,2.5,0,0
1,250,2,1.5,0,0
1,250,2,2,0,0
1,250,32.5,2,0,0
1,250,33,2,0,0
1,250,3,32.5,0,0
1,250,3,33,0,0
1,250,1.5,3,0,0
1,250,2,3,0,0
1,250,2.5,1.5,0,0
1,250,2.5,2,0,0
1,250,32.5,2.5,0,0
1,250,33,2.5,0,0
1,250,3.5,32.5,0,0
1,250,3.5,33,0,0
1,250,1.5,3.5,0,0
1,250,2,3.5,0,0
1,250,3,1.5,0,0
1,250,3,2,0,0
1,250,32.5,3,0,0
1,250,33,3,0,0
1,250,4,32.5,0,0
1,250,4,33,0,0
1,250,1.5,4,0,0
1,250,2,4,0,0
1,250,3.5,1.5,0,0
1,250,3.5,2,0,0
1,250,32.5,3.5,0,0
1,250,33,3.5,0,0
1,250,4.5,32.5,0,0
1,250,4.5,33,0,0
1,250,1.5,4.5,0,0
1,250,2,4.5,0,0
1,250,4,1.5,0,0
1,250,4,2,0,0
1,250,32.5,4,0,0
1,250,33,4,0,0
1,250,5,32.5,0,0
1,250,5,33,0,0
1,250,1.5,5,0,0
1,250,2,5,0,0
1,250,4.5,1.5,0,0
1,250,4.5,2,0,0
1,250,32.5,4.5,0,0
1,250,33,4.5,0,0
1,250,5.5,32.5,0,0
1,250,5.5,33,0,0
1,250,1.5,5.5,0,0
1,250,2,5.5,0,0
1,250,5,1.5,0,0
1,250,5,2,0,0
1,250,32.5,5,0,0
1,250,33,5,0,0
1,250,6,32.5,0,0
1,250,6,33,0,0
1,250,1.5,6,0,0
1,250,2,6,0,0
1,250,5.5,1.5,0,0
1,250,5.5,2,0,0
1,250,32.5,5.5,0,0
1,250,33,5.5,0,0
1,250,6.5,32.5,0,0
1,250,6.5,33,0,0
1,250,1.5,6.5,0,0
1,250,2,6.5,0,0
1,250,6,1.5,0,0
1,250,6,2,0,0
1,250,32.5,6,0,0
1,250,33,6,0,0
1,250,7,32.5,0,0
1,250,7,33,0,0
1,250,1.5,7,0,0
1,250,2,7,0,0
1,250,6.5,1.5,0,0
1,250,6.5,2,0,0
1,250,32.5,6.5,0,0
1,250,33,6.5,0,0
1,250,7.5,32.5,0,0
1,250,7.5,33,0,0
1,250,1.5,7.5,0,0
1,250,2,7.5,0,0
1,250,7,1.5,0,0
1,250,7,2,0,0
1,250,32.5,7,0,0
1,250,33,7,0,0
1,250,8,32.5,0,0
1,250,8,33,0,0
1,250,1.5,8,0,0
1,250,2,8,0,0
1,250,7.5,1.5,0,0
1,250,7.5,2,0,0
1,250,32.5,7.5,0,0
1,250,33,7.5,0,0
1,250,8.5,32.5,0,0
1,250,8.5,33,0,0
1,250,1.5,8.5,0,0
1,250,2,8.5,0,0
1,250,8,1.5,0,0
1,250,8,2,0,0
1,250,32.5,8,0,0
1,250,33,8,0,0
1,250,9,32.5,0,0
1,250,9,33,0,0
1,250,1.5,9,0,0
1,250,2,9,0,0
1,250,8.5,1.5,0,0
1,250,8.5,2,0,0
1,250,32.5,8.5,0,0
1,250,33,8.5,0,0
1,250,9.5,32.5,0,0
1,250,9.5,33,0,0
1,250,1.5,9.5,0,0
1,250,2,9.5,0,0
1,250,9,1.5,0,0
1,250,9,2,0,0
1,250,32.5,9,0,0
1,250,33,9,0,0
1,250,10,32.5,0,0
1,250,10,33,0,0
1,250,1.5,10,0,0
1,250,2,10,0,0
1,250,9.5,1.5,0,0
1,250,9.5,2,0,0
1,250,32.5,9.5,0,0
1,250,33,9.5,0,0
1,250,10.5,32.5,0,0
1,250,10.5,33,0,0
1,250,1.5,10.5,0,0
1,250,2,10.5,0,0
1,250,10,1.5,0,0
1,250,10,2,0,0
1,250,32.5,10,0,0
1,250,33,10,0,0
1,250,11,32.5,0,0
1,250,11,33,0,0
1,250,1.5,11,0,0
1,250,2,11,0,0
1,250,10.5,1.5,0,0
1,250,10.5,2,0,0
1,250,32.5,10.5,0,0
1,250,33,10.5,0,0
1,250,11.5,32.5,0,0
1,250,11.5,33,0,0
1,250,1.5,11.5,0,0
1,250,2,11.5,0,0
1,250,11,1.5,0,0
1,250,11,2,0,0
1,250,32.5,11,0,0
1,250,33,11,0,0
1,250,12,32.5,0,0
1,250,12,33,0,0
1,250,1.5,12,0,0
1,250,2,12,0,0
1,250,11.5,1.5,0,0
1,250,11.5,2,0,0
1,250,32.5,11.5,0,0
1,250,33,11.5,0,0
1,250,12.5,32.5,0,0
1,250,12.5,33,0,0
1,250,1.5,12.5,0,0
1,250,2,12.5,0,0
1,250,12,1.5,0,0
1,250,12,2,0,0
1,250,32.5,12,0,0
1,250,33,12,0,0
1,250,13,32.5,0,0
1,250,13,33,0,0
1,250,1.5,13,0,0
1,250,2,13,0,0
1,250,12.5,1.5,0,0
1,250,12.5,2,0,0
1,250,32.5,12.5,0,0
1,250,33,12.5,0,0
1,250,13.5,32.5,0,0
1,250,13.5,33,0,0
1,250,1.5,13.5,0,0
1,250,2,13.5,0,0
1,250,13,1.5,0,0
1,250,13,2,0,0
1,250,32.5,13,0,0
1,250,33,13,0,0
1,250,14,32.5,0,0
1,250,14,33,0,0
1,250,1.5,14,0,0
1,250,2,14,0,0
1,250,13.5,1.5,0,0
1,250,13.5,2,0,0
1,250,32.5,13.5,0,0
1,250,33,13.5,0,0
1,250,14.5,32.5,0,0
1,250,14.5,33,0,0
1,250,1.5,14.5,0,0
1,250,2,14.5,0,0
1,250,14,1.5,0,0
1,250,14,2,0,0
1,250,32.5,14,0,0
1,250,33,14,0,0
1,250,15,32.5,0,0
1,250,15,33,0,0
1,250,1.5,15,0,0
1,250,2,15,0,0
1,250,14.5,1.5,0,0
1,250,14.5,2,0,0
1,250,32.5,14.5,0,0
1,250,33,14.5,0,0
1,250,15.5,32.5,0,0
1,250,15.5,33,0,0
1,250,1.5,15.5,0,0
1,250,2,15.5,0,0
1,250,15,1.5,0,0
1,250,15,2,0,0
1,250,32.5,15,0,0
1,250,33,15,0,0
1,250,16,32.5,0,0
1,250,16,33,0,0
1,250,1.5,16,0,0
1,250,2,16,0,0
1,250,15.5,1.5,0,0
1,250,15.5,2,0,0
1,250,32.5,15.5,0,0
1,250,33,15.5,0,0
1,250,16.5,32.5,0,0
1,250,16.5,33,0,0
1,250,1.5,16.5,0,0
1,250,2,16.5,0,0
1,250,16,1.5,0,0
1,250,16,2,0,0
1,250,32.5,16,0,0
1,250,33,16,0,0
1,250,17,32.5,0,0
1,250,17,33,0,0
1,250,1.5,17,0,0
1,250,2,17,0,0
1,250,16.5,1.5,0,0
1,250,16.5,2,0,0
1,250,32.5,16.5,0,0
1,250,33,16.5,0,0
1,250,17.5,32.5,0,0
1,250,17.5,33,0,0
1,250,1.5,17.5,0,0
1,250,2,17.5,0,0
1,250,17,1.5,0,0
1,250,17,2,0,0
1,250,32.5,17,0,0
1,250,33,17,0,0
1,250,18,32.5,0,0
1,250,18,33,0,0
1,250,1.5,18,0,0
1,250,2,18,0,0
1,250,17.5,1.5,0,0
1,250,17.5,2,0,0
1,250,32.5,17.5,0,0
1,250,33,17.5,0,0
1,250,18.5,32.5,0,0
1,250,18.5,33,0,0
1,250,1.5,18.5,0,0
1,250,2,18.5,0,0
1,250,18,1.5,0,0
1,250,18,2,0,0
1,250,32.5,18,0,0
1,250,33,18,0,0
1,250,19,32.5,0,0
1,250,19,33,0,0
1,250,1.5,19,0,0
1,250,2,19,0,0
1,250,18.5,1.5,0,0
1,250,18.5,2,0,0
1,250,32.5,18.5,0,0
1,250,33,18.5,0,0
1,250,19.5,32.5,0,0
1,250,19.5,33,0,0
1,250,1.5,19.5,0,0
1,250,2,19.5,0,0
1,250,19,1.5,0,0
1,250,19,2,0,0
1,250,32.5,19,0,0
1,250,33,19,0,0
1,250,20,32.5,0,0
1,250,20,33,0,0
1,250,1.5,20,0,0
1,250,2,20,0,0
1,250,19.5,1.5,0,0
1,250,19.5,2,0,0
1,250,32.5,19.5,0,0
1,250,33,19.5,0,0
1,250,20.5,32.5,0,0
1,250,20.5,33,0,0
1,250,1.5,20.5,0,0
1,250,2,20.5,0,0
1,250,20,1.5,0,0
1,250,20,2,0,0
1,250,32.5,20,0,0
1,250,33,20,0,0
1,250,21,32.5,0,0
1,250,21,33,0,0
1,250,1.5,21,0,0
1,250,2,21,0,0
1,250,20.5,1.5,0,0
1,250,20.5,2,0,0
1,250,32.5,20.5,0,0
1,250,33,20.5,0,0
1,250,21.5,32.5,0,0
1,250,21.5,33,0,0
1,250,1.5,21.5,0,0
1,250,2,21.5,0,0
1,250,21,1.5,0,0
1,250,21,2,0,0
1,250,32.5,21,0,0
1,250,33,21,0,0
1,250,22,32.5,0,0
1,250,22,33,0,0
1,250,1.5,22,0,0
1,250,2,22,0,0
1,250,21.5,1.5,0,0
1,250,21.5,2,0,0
1,250,32.5,21.5,0,0
1,250,33,21.5,0,0
1,250,22.5,32.5,0,0
1,250,22.5,33,0,0
1,250,1.5,22.5,0,0
1,250,2,22.5,0,0
1,250,22,1.5,0,0
1,250,22,2,0,0
1,250,32.5,22,0,0
1,250,33,22,0,0
1,250,23,32.5,0,0
1,250,23,33,0,0
1,250,1.5,23,0,0
1,250,2,23,0,0
1,250,22.5,1.5,0,0
1,250,22.5,2,0,0
1,250,32.5,22.5,0,0
1,250,33,22.5,0,0
1,250,23.5,32.5,0,0
1,250,23.5,33,0,0
1,250,1.5,23.5,0,0
1,250,2,23.5,0,0
1,250,23,1.5,0,0
1,250,23,2,0,0
1,250,32.5,23,0,0
1,250,33,23,0,0
1,250,24,32.5,0,0
1,250,24,33,0,0
1,250,1.5,24,0,0
1,250,2,24,0,0
1,250,23.5,1.5,0,0
1,250,23.5,2,0,0
1,250,32.5,23.5,0,0
1,250,33,23.5,0,0
1,250,24.5,32.5,0,0
1,250,24.5,33,0,0
1,250,1.5,24.5,0,0
1,250,2,24.5,0,0
1,250,24,1.5,0,0
1,250,24,2,0,0
1,250,32.5,24,0,0
1,250,33,24,0,0
1,250,25,32.5,0,0
1,250,25,33,0,0
1,250,1.5,25,0,0
1,250,2,25,0,0
1,250,24.5,1.5,0,0
1,250,24.5,2,0,0
1,250,32.5,24.5,0,0
1,250,33,24.5,0,0
1,250,25.5,32.5,0,0
1,250,25.5,33,0,0
1,250,1.5,25.5,0,0
1,250,2,25.5,0,0
1,250,25,1.5,0,0
1,250,25,2,0,0
1,250,32.5,25,0,0
1,250,33,25,0,0
1,250,26,32.5,0,0
1,250,26,33,0,0
1,250,1.5,26,0,0
1,250,2,26,0,0
1,250,25.5,1.5,0,0
1,250,25.5,2,0,0
1,250,32.5,25.5,0,0
1,250,33,25.5,0,0
1,250,26.5,32.5,0,0
1,250,26.5,33,0,0
1,250,1.5,26.5,0,0
1,250,2,26.5,0,0
1,250,26,1.5,0,0
1,250,26,2,0,0
1,250,32.5,26,0,0
1,250,33,26,0,0
1,250,27,32.5,0,0
1,250,27,33,0,0
1,250,1.5,27,0,0
1,250,2,27,0,0
1,250,26.5,1.5,0,0
1,250,26.5,2,0,0
1,250,32.5,26.5,0,0
1,250,33,26.5,0,0
1,250,27.5,32.5,0,0
1,250,27.5,33,0,0
1,250,1.5,27.5,0,0
1,250,2,27.5,0,0
1,250,27,1.5,0,0
1,250,27,2,0,0
1,250,32.5,27,0,0
1,250,33,27,0,0
1,250,28,32.5,0,0
1,250,28,33,0,0
1,250,1.5,28,0,0
1,250,2,28,0,0
1,250,27.5,1.5,0,0
1,250,27.5,2,0,0
1,250,32.5,27.5,0,0
1,250,33,27.5,0,0
1,250,28.5,32.5,0,0
1,250,28.5,33,0,0
1,250,1.5,28.5,0,0
1,250,2,28.5,0,0
1,250,28,1.5,0,0
1,250,28,2,0,0
1,250,32.5,28,0,0
1,250,33,28,0,0
1,250,29,32.5,0,0
1,250,29,33,0,0
1,250,1.5,29,0,0
1,250,2,29,0,0
1,250,28.5,1.5,0,0
1,250,28.5,2,0,0
1,250,32.5,28.5,0,0
1,250,33,28.5,0,0
1,250,29.5,32.5,0,0
1,250,29.5,33,0,0
1,250,1.5,29.5,0,0
1,250,2,29.5,0,0
1,250,29,1.5,0,0
1,250,29,2,0,0
1,250,32.5,29,0,0
1,250,33,29,0,0
1,250,30,32.5,0,0
1,250,30,33,0,0
1,250,1.5,30,0,0
1,250,2,30,0,0
1,250,29.5,1.5,0,0
1,250,29.5,2,0,0
1,250,32.5,29.5,0,0
1,250,33,29.5,0,0
1,250,30.5,32.5,0,0
1,250,30.5,33,0,0
1,250,1.5,30.5,0,0
1,250,2,30.5,0,0
1,250,30,1.5,0,0
1,250,30,2,0,0
1,250,32.5,30,0,0
1,250,33,30,0,0
1,250,31,32.5,0,0
1,250,31,33,0,0
1,250,1.5,31,0,0
1,250,2,31,0,0
1,250,30.5,1.5,0,0
1,250,30.5,2,0,0
1,250,32.5,30.5,0,0
1,250,33,30.5,0,0
1,250,31.5,32.5,0,0
1,250,31.5,33,0,0
1,250,1.5,31.5,0,0
1,250,2,31.5,0,0
1,250,31,1.5,0,0
1,250,31,2,0,0
1,250,32.5,31,0,0
1,250,33,31,0,0
1,250,32,32.5,0,0
1,250,32,33,0,0
1,250,1.5,32,0,0
1,250,2,32,0,0
1,250,31.5,1.5,0,0
1,250,31.5,2,0,0
1,250,32.5,31.5,0,0
1,250,33,31.5,0,0
1,250,32.5,32.5,0,0
1,250,32.5,33,0,0
1,250,1.5,32.5,0,0
1,250,2,32.5,0,0
1,250,32,1.5,0,0
1,250,32,2,0,0
1,250,32.5,32,0,0
1,250,33,32,0,0
1,250,33,32.5,0,0
1,250,33,33,0,0
1,250,1.5,33,0,0
1,250,2,33,0,0
