1396 2 0.5 2.5e+06 0.05 2 0 0.001 0 9.81 35 35
0,250,4.42487,26.236,1.082,2.68181
0,250,2.65345,26.9883,1.89536,0.830878
0,250,2.84094,27.0764,0.458295,0.0411866
0,250,2.78801,27.9241,0.602572,4.28873
0,250,2.39224,27.9888,0.478234,-0.979037
0,250,3.08195,28.1671,1.16913,0.888433
0,250,3.8078,28.3388,2.01006,1.63785
0,250,2.66634,28.523,-2.23174,0.473981
0,250,3.18793,29.3463,1.76931,-0.958352
0,250,2.6149,29.3661,4.41887,2.2749
0,250,2.7778,29.7397,-1.9662,2.53269
0,250,3.57385,29.7125,-0.150493,2.16173
0,250,2.83481,30.2396,-0.693853,-0.78612
0,250,2.3804,30.0491,-1.75573,-1.7666
0,250,3.59254,30.394,3.07033,1.07165
0,250,2.37949,30.629,2.24634,-0.594457
0,250,4.11959,30.2576,-0.538502,-0.527305
0,250,2.9303,30.5857,-0.424874,-4.09579
0,250,2.58089,31.7866,-4.22312,3.47963
0,250,3.56189,31.7819,-0.0526578,1.03822
0,250,4.27666,31.596,2.07615,0.133682
0,250,3.20811,31.5266,-0.00189502,-0.0798502
0,250,4.06065,31.2335,3.54474,1.03004
0,250,4.78072,31.1844,3.20632,1.15669
0,250,4.45776,30.9663,0.321174,-0.763963
0,250,3.82317,31.9344,3.39723,-1.70678
0,250,5.24729,31.0931,0.634224,-0.117124
0,250,5.20747,31.6316,3.3366,0.266593
0,250,2.87633,32.0278,1.3599,1.11061
0,250,4.32753,32.1549,2.31766,-0.910607
0,250,2.66247,25.5974,-4.10407,-0.374175
0,250,2.33649,26.5194,0.614658,0.87316
0,250,3.45453,25.9387,-1.96605,-2.84732
0,250,2.81665,26.0119,-2.40592,1.88359
0,250,3.67186,26.274,0.88211,2.73809
0,250,3.35502,26.6776,-1.10428,2.52819
0,250,2.94521,26.3447,-1.52285,-0.368784
0,250,3.38958,27.7114,2.36079,0.533396
0,250,3.9198,27.8912,-0.184987,2.61488
0,250,4.07469,28.7228,-0.287101,-0.225574
0,250,3.08232,28.7172,1.85714,-0.405236
0,250,3.51835,28.6608,1.39454,0.985226
0,250,2.68321,29.0029,1.03134,-2.81897
0,250,3.54202,29.1918,-0.531967,-0.25885
0,250,4.0086,29.1403,0.0581683,0.66469
0,250,3.34526,30.029,1.38732,0.351418
0,250,5.40814,28.5636,2.9108,0.220188
0,250,3.99942,29.8655,1.25383,1.6604
0,250,4.56397,29.8547,0.453386,1.10409
0,250,4.59905,30.4505,2.00643,0.959641
0,250,2.56243,31.3667,1.4044,5.78227
0,250,3.33122,30.9156,0.222445,0.228627
0,250,2.7986,31.0891,1.1127,-0.591491
0,250,3.60221,31.1618,3.03096,-0.936331
0,250,3.95319,30.6774,1.95742,-1.8516
0,250,6.11083,31.2838,2.33925,1.45519
0,250,7.18299,30.8321,3.3325,-1.31488
0,250,5.59191,31.4889,0.459097,0.00767876
0,250,4.67504,31.7428,3.98196,0.286023
0,250,4.98703,32.0477,1.68616,-0.780394
0,250,4.8629,25.412,0.461458,0.433333
0,250,2.54098,25.2266,-1.01851,5.64543
0,250,4.50097,25.512,0.789051,3.10383
0,250,4.26201,25.7269,-0.947241,0.000318482
0,250,5.24755,25.8917,3.36735,0.61509
0,250,3.74032,26.9254,-0.727062,-0.119226
0,250,3.37615,27.2851,2.01151,2.06444
0,250,3.93172,27.5452,0.114115,1.18586
0,250,4.39009,28.3456,1.7683,1.15615
0,250,4.61465,27.832,1.1822,1.56421
0,250,5.0304,28.0737,0.884333,0.892145
0,250,4.97149,28.5465,1.08972,0.218452
0,250,4.60928,28.84,1.267,-0.679671
0,250,5.84439,28.5121,2.04338,2.12502
0,250,4.94751,29.0865,2.22984,-0.281212
0,250,5.95815,28.944,0.806635,-1.55298
0,250,5.4588,29.1791,2.43259,-1.97323
0,250,4.32857,29.4371,0.316753,-0.399068
0,250,4.95076,30.2641,2.28014,0.222353
0,250,5.60599,30.3367,2.08774,0.42644
0,250,6.08576,30.6018,2.47617,0.981388
0,250,6.41618,31.0485,4.6633,-0.426902
0,250,5.16402,30.674,3.25868,-0.130547
0,250,7.89621,30.3381,1.55733,1.13685
0,250,5.76205,30.8825,3.2114,1.20165
0,250,7.7437,30.7447,3.61361,0.289193
0,250,7.99489,31.7281,1.70373,0.308211
0,250,6.86015,31.1979,3.14991,-1.46084
0,250,5.56124,32.1394,0.51925,3.15846
0,250,5.96944,31.82,0.408251,-0.277708
0,250,3.2644,25.6749,-0.646793,1.84884
0,250,4.86912,26.1355,2.64808,-0.351498
0,250,5.08792,26.4961,-1.25991,1.40403
0,250,4.06177,26.4902,0.428174,3.22667
0,250,4.55477,26.8479,1.6251,1.87182
0,250,4.20467,27.1255,-1.02645,2.33375
0,250,5.25552,26.868,0.949584,-0.13068
0,250,4.62865,27.4693,0.266191,1.81956
0,250,5.02244,27.2144,-0.657899,-0.226154
0,250,5.27104,27.7393,1.5238,1.58581
0,250,5.67085,28.0841,2.53655,1.23484
0,250,6.39175,28.2159,1.00774,1.55202
0,250,6.91669,28.1452,1.21461,-0.377579
0,250,6.38671,28.7242,0.642078,1.66671
0,250,7.04761,28.572,0.259226,2.28213
0,250,5.78795,29.4248,2.68699,-0.854525
0,250,5.26971,29.7533,1.42746,1.58725
0,250,4.90863,29.5353,0.612433,-0.78724
0,250,5.6847,30.0175,1.36427,-0.334029
0,250,6.40444,30.2381,2.55443,0.454305
0,250,6.71458,30.5096,1.69445,-0.0904821
0,250,8.43071,30.349,3.90738,0.838913
0,250,8.19716,30.8517,1.4371,0.118108
0,250,7.85687,31.3106,2.96157,1.96085
0,250,8.43736,31.7409,2.45729,-0.344008
0,250,8.46641,31.2421,1.41253,0.755079
0,250,7.24402,31.6891,3.93076,0.0565408
0,250,7.43341,31.283,3.76865,0.991479
0,250,6.70146,31.6416,4.17381,-0.543702
0,250,6.4432,31.9246,3.55146,-1.95238
0,250,5.55686,25.6076,3.20767,-0.0690268
0,250,6.07209,25.8401,-0.359365,1.74446
0,250,5.71176,26.4145,1.80664,1.25158
0,250,6.1418,26.2873,-0.0909193,2.17445
0,250,5.74975,26.8791,2.15007,1.64931
0,250,5.96387,27.307,1.56496,2.38008
0,250,7.45582,26.9642,0.568104,1.87951
0,250,6.42408,27.3369,1.2202,1.33725
0,250,7.16421,27.2743,0.785752,1.19845
0,250,5.68932,27.6116,-0.798084,2.11658
0,250,6.82815,27.6963,0.446755,-0.477385
0,250,6.26499,27.8267,1.44636,0.117074
0,250,7.40646,28.349,1.61567,1.41212
0,250,6.66818,29.0758,2.1296,-0.177074
0,250,6.36031,29.4696,1.85135,1.91667
0,250,6.91072,29.5691,3.20491,-1.16201
0,250,6.88065,30.0669,3.07494,0.425908
0,250,7.35123,29.4494,1.70038,1.47735
0,250,6.14985,29.7895,1.85312,0.779068
0,250,7.46468,29.9084,0.513266,-0.0629151
0,250,7.24058,30.4066,3.10823,-0.498008
0,250,7.88413,29.8723,3.1497,1.63022
0,250,9.19493,30.2284,2.16389,1.11126
0,250,8.83055,30.4656,2.2381,0.545859
0,250,8.77376,31.0013,3.9293,1.94817
0,250,9.41503,31.0916,2.78857,-1.60419
0,250,9.07477,31.3943,2.48865,0.104037
0,250,8.64115,32.0556,4.67561,-1.82231
0,250,7.89528,32.1735,2.45831,-1.65041
0,250,7.16875,32.116,0.661789,2.97988
0,250,6.57631,25.6573,-0.202717,-0.210822
0,250,6.80913,26.0229,1.36478,2.78502
0,250,7.39152,26.0778,1.44177,2.91314
0,250,6.49197,26.5343,2.38676,1.65315
0,250,6.60129,26.9943,0.820447,0.973388
0,250,6.90788,26.5609,1.42172,1.33101
0,250,8.07292,26.9511,3.8886,1.48428
0,250,8.19749,27.302,2.58392,0.496301
0,250,7.55056,27.4885,2.31361,-0.564227
0,250,7.99586,27.9681,1.94535,1.46158
0,250,8.62664,28.2473,1.99055,1.00458
0,250,7.44977,27.8342,1.91396,1.20692
0,250,8.00676,28.4627,2.75057,0.91428
0,250,8.19209,28.8633,1.3054,1.96711
0,250,7.69231,28.8507,1.40821,0.808918
0,250,9.23474,28.8029,3.58272,-0.370025
0,250,7.18831,29.0205,1.55307,1.69716
0,250,9.10615,29.2156,2.16243,0.944854
0,250,7.9504,29.2958,2.46256,-1.06868
0,250,9.19426,29.6548,2.99779,0.845963
0,250,8.77773,29.8319,3.02015,-0.443515
0,250,9.6712,29.8657,3.0721,0.126001
0,250,9.73035,30.3542,3.50069,0.464462
0,250,10.0357,30.872,3.85211,1.36415
0,250,9.35856,30.6945,2.4955,-1.44095
0,250,9.43225,31.6442,1.85203,1.6147
0,250,9.09075,31.9618,3.6474,0.128149
0,250,10.048,31.7284,1.83752,-0.503838
0,250,9.62701,32.1093,3.91452,1.91031
0,250,10.348,32.0986,3.58994,-0.842454
0,250,6.97436,25.5374,0.886712,0.892008
0,250,7.59608,25.7663,2.03506,1.56362
0,250,7.80391,25.4466,2.74337,1.72496
0,250,8.34289,25.9136,2.52273,1.66934
0,250,7.6209,26.5845,2.90823,1.05545
0,250,8.04503,26.2602,1.49717,0.650535
0,250,8.38784,26.6181,1.37185,1.40777
0,250,8.70981,27.4037,2.00275,1.45125
0,250,9.04486,27.7654,1.50133,-0.0222277
0,250,8.29165,27.8711,2.33792,1.21805
0,250,8.97757,28.2924,3.95895,0.557126
0,250,8.72042,28.8001,1.51002,2.17979
0,250,9.9941,28.4376,3.55907,1.19133
0,250,9.6147,28.4894,1.68702,0.204901
0,250,8.54213,29.2754,3.21438,1.43621
0,250,10.4851,29.1834,3.57067,1.24976
0,250,9.64996,29.1027,2.27882,-0.758806
0,250,9.84559,29.4598,4.43995,0.333111
0,250,8.35719,29.7157,2.14967,2.43121
0,250,10.937,29.6748,2.93971,1.3007
0,250,10.2059,30.0385,3.1931,0.683798
0,250,10.2022,30.5374,5.54764,0.412791
0,250,10.7176,30.6004,3.11758,0.966189
0,250,11.7548,30.9838,3.14172,0.359383
0,250,9.98607,31.3033,3.0613,0.308535
0,250,10.8663,30.977,1.04096,-0.358032
0,250,10.4643,31.3073,3.27411,-0.341099
0,250,11.3185,31.6491,2.09914,0.239896
0,250,10.6986,31.7157,1.33528,-0.14226
0,250,10.9789,32.0441,1.78719,1.53445
0,250,9.39836,25.7195,3.10947,0.618985
0,250,8.61327,25.8047,2.80915,0.802167
0,250,9.79147,26.4197,2.0711,1.55514
0,250,8.89389,26.2901,2.99521,1.60092
0,250,9.21178,26.5078,2.34196,1.76412
0,250,8.76078,27.0189,2.7221,1.01311
0,250,9.27904,27.1557,2.41035,-0.292029
0,250,10.3487,27.5151,2.7614,-0.0751636
0,250,10.0061,27.838,3.79531,0.621428
0,250,10.9623,28.3792,4.04386,1.41225
0,250,9.4405,27.9258,2.23105,1.26304
0,250,11.232,28.7671,4.13446,1.3916
0,250,10.5207,28.5573,3.40523,0.982212
0,250,10.9541,29.1343,3.90576,1.70353
0,250,10.1445,28.9581,3.06213,0.403164
0,250,11.3482,29.4214,3.15061,1.37968
0,250,10.3997,29.6576,2.95095,1.69443
0,250,11.5445,30.1046,2.34463,0.991392
0,250,12.1581,30.2447,2.94628,0.684622
0,250,12.7845,30.3714,2.4881,1.23008
0,250,11.2708,30.2191,2.5027,1.17234
0,250,10.7279,30.1622,3.62616,0.969795
0,250,11.3188,30.7486,1.65136,-0.262668
0,250,11.8414,31.4839,3.17078,-0.233424
0,250,12.0855,31.8341,3.89473,1.17211
0,250,12.591,31.9459,3.34095,2.753
0,250,11.2019,31.2693,1.92931,-0.718315
0,250,13.1151,31.5705,2.36774,1.38126
0,250,11.6693,32.0123,1.1699,-0.813923
0,250,13.1004,32.1244,1.36362,3.19608
0,250,9.46085,25.9307,3.15088,1.0168
0,250,10.1652,25.8305,2.76039,1.79088
0,250,10.4684,25.7941,4.67077,-0.0851977
0,250,9.75865,26.9178,3.89087,1.51413
0,250,9.65342,27.5031,2.20614,1.50676
0,250,10.8051,27.1441,2.14997,0.790185
0,250,10.8293,27.7434,3.17776,2.21612
0,250,11.41,28.1085,2.31404,1.56807
0,250,10.4059,28.0937,3.62755,1.24082
0,250,12.1939,28.2567,4.0538,1.48794
0,250,11.7658,28.4867,4.11467,1.12155
0,250,11.649,28.9884,4.58355,2.33699
0,250,11.7997,29.4726,4.06303,1.06776
0,250,12.5174,29.5348,2.77479,-0.179193
0,250,12.0683,29.9125,2.98424,2.45812
0,250,13.0613,29.4768,5.19227,0.282692
0,250,12.7391,29.9945,4.37013,0.627178
0,250,13.7661,30.2385,5.81376,0.56683
0,250,13.2358,29.9746,3.4196,-0.698564
0,250,12.5343,30.7731,0.791095,0.474316
0,250,13.3075,30.8991,1.56909,-0.904942
0,250,14.48,30.1356,4.759,-0.482023
0,250,11.9025,30.6339,2.30338,-1.31261
0,250,12.311,31.1194,1.52032,-1.03716
0,250,12.5824,31.5832,1.54368,1.77616
0,250,13.7941,30.962,4.25905,0.0585736
0,250,13.4749,31.4945,3.07622,0.793678
0,250,14.0221,31.3189,5.23123,-2.67717
0,250,13.6915,32.0651,2.52455,-2.57915
0,250,14.0032,31.7276,4.27029,-1.76424
0,250,11.018,25.9349,3.5837,0.348791
0,250,11,26.4051,2.71628,1.12486
0,250,10.3534,26.4454,3.83325,1.48489
0,250,10.0659,27.1555,2.36729,1.72695
0,250,10.6258,26.6702,1.49271,0.789545
0,250,11.6805,27.2588,3.40362,0.908738
0,250,11.1521,27.5858,4.1334,3.3691
0,250,11.7201,27.7154,3.02402,1.93235
0,250,12.175,27.7286,5.35807,-0.0635923
0,250,12.7426,28.1661,5.04589,0.579953
0,250,12.2555,28.6935,3.89265,0.127174
0,250,12.756,29.1255,3.1683,0.469241
0,250,12.2283,29.1887,2.59052,1.77507
0,250,13.4967,29.3188,4.83231,0.618974
0,250,13.7086,29.7766,3.53893,2.11431
0,250,14.0386,29.5852,4.20169,0.748175
0,250,14.5249,29.81,5.25032,-0.535871
0,250,15.2207,30.2021,5.10072,0.170454
0,250,13.292,30.481,4.57267,0.718374
0,250,14.9508,30.5732,6.2625,-2.39904
0,250,14.0091,30.5317,5.00981,-2.29157
0,250,15.4286,30.8185,4.44884,-0.277086
0,250,15.9224,31.0047,7.50216,-1.19184
0,250,14.9518,31.1039,4.41415,-1.01882
0,250,12.8619,31.0618,2.62392,-1.52294
0,250,14.4538,30.6627,4.17824,-0.945987
0,250,14.5139,31.1062,4.50378,-2.02318
0,250,14.9607,31.9349,3.35812,0.0877668
0,250,14.6278,31.6637,5.3621,0.376786
0,250,14.3586,32.0877,5.47723,-1.24699
0,250,11.353,26.0743,3.02305,0.109392
0,250,11.5657,26.68,4.12161,2.38745
0,250,11.222,27.0198,3.19021,0.977728
0,250,12.0123,26.536,3.64555,0.790549
0,250,12.429,26.9036,4.45837,0.0304848
0,250,12.63,27.5687,2.88543,-1.52904
0,250,12.1366,27.2249,3.34897,0.297953
0,250,13.0411,27.8087,3.05438,-0.297213
0,250,13.4288,28.3129,5.25181,0.58833
0,250,13.8137,28.41,5.28533,2.23087
0,250,12.8244,28.5938,4.12165,2.48956
0,250,13.2626,28.7846,3.63274,2.56473
0,250,14.5229,28.7484,3.29308,0.923037
0,250,15.1226,29.2309,6.63625,-0.102543
0,250,14.1934,29.1666,2.94109,0.866227
0,250,15.5178,29.5911,4.41733,-0.985729
0,250,14.6517,29.2805,6.31862,1.61152
0,250,15.0239,29.8261,6.014,0.681995
0,250,15.7241,29.9395,4.95148,0.432857
0,250,16.378,31.2878,6.90608,1.07719
0,250,16.1379,30.2285,6.2422,1.3547
0,250,17.0931,31.2873,5.61541,1.17369
0,250,15.6584,30.492,6.58668,-1.14677
0,250,16.7252,32.2539,5.95929,5.40235
0,250,15.6107,31.3505,4.93094,1.47292
0,250,15.776,31.7515,4.47838,3.02623
0,250,15.1382,31.5535,6.24084,-0.670985
0,250,15.4961,32.1313,4.72755,-0.99334
0,250,18.4242,32.2781,6.44889,-2.21991
0,250,17.7122,31.6414,5.02206,-1.945
0,250,11.9462,26.168,3.0907,1.41719
0,250,12.7066,26.0982,4.30556,1.46449
0,250,12.5468,26.3948,2.71335,1.49868
0,250,13.1725,26.6432,4.41702,0.509875
0,250,12.8859,27.1053,3.65801,1.54506
0,250,14.2795,27.1053,6.34016,0.403198
0,250,13.2434,27.2261,4.12296,-0.867857
0,250,13.5524,27.8202,4.87244,1.10456
0,250,14.4765,28.3639,3.90444,-0.0787493
0,250,13.7471,28.9159,2.23147,0.935691
0,250,15.5538,28.7015,5.38361,2.04983
0,250,15.9367,28.8257,5.92032,-1.10874
0,250,15.1047,28.8118,6.60487,0.00138925
0,250,16.3765,29.4231,5.53519,1.23574
0,250,15.7762,29.2342,4.05528,-0.589121
0,250,16.2844,29.7136,4.86,0.679424
0,250,16.6093,30.15,5.02496,-0.861487
0,250,16.9324,30.4309,4.65223,2.32008
0,250,16.2811,30.6925,4.08212,0.822543
0,250,16.6506,31.0549,6.22442,0.37317
0,250,17.5937,31.0932,5.93515,0.730436
0,250,18.039,31.4932,6.8558,1.82049
0,250,17.4852,32.1234,6.98931,4.79608
0,250,18.2998,31.1765,6.15983,0.468189
0,250,16.203,31.7002,5.73777,-1.1721
0,250,19.7368,30.3575,5.83258,-1.88156
0,250,17.0443,31.6932,6.17591,1.282
0,250,19.4913,31.999,5.57266,3.2604
0,250,19.0569,32.0456,3.62826,-1.80461
0,250,18.6532,31.6868,3.45603,0.626923
0,250,13.0894,26.1934,5.50461,1.37464
0,250,13.5522,26.3412,4.16566,1.51486
0,250,13.7501,26.6767,4.68297,0.688795
0,250,13.7571,27.1336,4.72243,2.1757
0,250,14.7421,26.9331,4.984,0.3017
0,250,13.9591,27.5791,4.24107,0.62698
0,250,14.1869,28.0673,4.25317,1.12916
0,250,14.8278,27.9952,4.51119,1.64002
0,250,15.1561,28.294,4.31553,1.07124
0,250,15.6164,28.1322,3.88558,-0.734457
0,250,16.2608,28.3786,4.95039,0.711427
0,250,16.4434,28.8025,4.88179,0.092049
0,250,17.4482,29.7261,4.8191,0.0268716
0,250,18.2324,30.281,7.62215,2.103
0,250,16.8242,29.1315,5.66928,1.11881
0,250,16.907,29.7546,5.5887,0.755077
0,250,17.381,30.1522,5.5438,-0.00895602
0,250,18.8729,30.6345,7.80338,-0.0111309
0,250,17.2611,30.8287,5.60739,2.56322
0,250,18.0985,30.79,7.11112,1.60356
0,250,18.9674,31.5339,7.56631,2.13803
0,250,20.8369,29.9278,5.8028,0.470407
0,250,20.4211,30.2401,8.01763,-0.441616
0,250,21.69,31.1473,6.77268,2.31833
0,250,20.4871,30.6789,5.49457,-0.545181
0,250,20.7084,30.959,6.89323,-2.2179
0,250,20.0224,30.8082,6.87717,-2.9354
0,250,20.2607,31.4789,7.46432,0.456997
0,250,20.099,31.9403,7.07679,-2.85847
0,250,19.7811,31.1265,5.7044,-2.88547
0,250,14.4271,26.1731,4.42062,0.63819
0,250,15.1588,26.5745,4.65745,2.90316
0,250,14.2899,26.5346,4.06947,1.16186
0,250,14.9857,27.4522,4.25802,0.00736763
0,250,14.4601,27.5552,4.14891,0.185178
0,250,15.3093,27.7758,5.84547,1.9254
0,250,15.9421,27.9449,6.59469,0.47044
0,250,16.629,28.097,6.09566,0.248558
0,250,16.8864,28.455,4.84716,0.202313
0,250,17.2043,28.8199,6.42682,1.75602
0,250,17.3079,29.2399,5.18687,-0.0740789
0,250,17.814,29.5065,6.95899,1.54081
0,250,18.4158,29.7524,6.22822,0.70224
0,250,18.7836,29.4792,5.77225,1.06739
0,250,18.6196,30.1519,6.09041,1.23196
0,250,18.8089,31.0051,7.20041,0.127068
0,250,17.8252,30.4126,6.0058,0.391091
0,250,19.423,30.6815,5.71042,1.61995
0,250,19.287,31.2298,5.2249,1.44095
0,250,22.2298,30.1264,5.19534,1.16968
0,250,21.1363,30.3124,5.25123,-1.12244
0,250,22.4431,31.5095,8.14663,0.563854
0,250,21.2309,30.6863,5.00712,-0.936116
0,250,22.0187,31.0739,6.02092,2.24582
0,250,21.2222,31.1295,5.86934,0.340926
0,250,21.7808,31.7458,6.60612,1.89496
0,250,20.7374,31.4578,8.80773,-0.308298
0,250,21.9809,31.9228,5.35989,0.968826
0,250,22.4497,31.9344,5.23331,0.82791
0,250,19.7454,31.5773,3.98276,-3.71921
0,250,14.6963,26.2995,5.14995,0.262977
0,250,15.2077,26.9896,4.17265,1.2565
0,250,15.6728,27.3272,4.90467,0.75173
0,250,16.0449,27.3995,6.92926,-0.220072
0,250,16.7746,27.2222,4.67262,0.650742
0,250,16.4,27.6817,5.85631,-0.455643
0,250,17.1425,27.8816,7.44311,1.06026
0,250,17.4851,28.1566,5.66015,0.993735
0,250,17.6966,28.586,7.2212,-0.335954
0,250,17.8502,28.9132,4.96791,-1.00682
0,250,18.3622,28.7946,5.54247,0.827866
0,250,18.2289,29.3289,5.97983,1.10231
0,250,20.1398,29.3291,5.65975,0.358615
0,250,19.1725,29.4877,5.42005,-0.114315
0,250,19.1746,30.2387,6.2169,-0.426468
0,250,19.6872,29.2661,6.68446,-0.0727227
0,250,19.5034,29.7887,5.65861,-1.23673
0,250,21.1604,29.5993,7.69832,-0.966718
0,250,19.9311,29.9712,6.22655,-0.111365
0,250,23.0525,30.2827,5.20207,-1.59158
0,250,21.8472,30.5201,7.53808,1.33168
0,250,23.49,31.0111,7.0975,-1.2209
0,250,22.8849,31.0084,7.90352,1.70758
0,250,24.079,31.0895,6.23603,2.06432
0,250,23.5119,31.5819,5.95047,1.98867
0,250,24.5703,31.1133,6.91118,2.58766
0,250,22.9126,31.4315,5.1591,1.64879
0,250,21.0982,31.958,5.39123,0.759279
0,250,23.3635,32.1441,6.58774,3.28173
0,250,21.2011,31.6333,6.34907,1.60982
0,250,15.6745,26.714,5.26347,0.286335
0,250,15.995,26.7924,3.98701,2.93178
0,250,16.3942,26.8847,5.52318,1.20874
0,250,16.8185,26.6009,6.23749,-1.02065
0,250,17.0347,27.4486,5.5393,1.21456
0,250,17.6057,27.673,5.64227,0.420933
0,250,18.0388,27.8341,4.80362,0.0532679
0,250,18.1901,28.2488,5.73544,0.391653
0,250,18.6483,28.4746,5.72011,0.153313
0,250,18.8609,28.9823,5.57408,0.680138
0,250,19.3664,28.9396,6.03251,0.444187
0,250,20.2558,28.6494,7.05385,-0.836506
0,250,20.769,29.279,6.60036,0.707207
0,250,20.3269,29.5866,6.38384,0.848846
0,250,22.6691,29.4842,7.31495,-1.86853
0,250,22.4355,30.4255,4.31332,-2.65592
0,250,21.5979,30.1992,6.75829,-0.571423
0,250,23.0738,29.4567,4.6224,-1.61731
0,250,22.8294,30.0648,5.14905,0.655631
0,250,23.4443,29.9233,6.37002,-1.89792
0,250,22.5253,30.8868,6.17131,1.19458
0,250,23.4207,30.6649,4.87071,1.03549
0,250,23.9914,30.6562,6.06397,0.115345
0,250,25.0382,30.8803,6.19376,2.54115
0,250,24.9257,31.3317,6.56327,0.204287
0,250,23.7799,31.6435,4.35155,-0.352789
0,250,22.9461,31.9009,4.96233,-0.540518
0,250,25.7478,31.1555,3.07381,-3.58463
0,250,24.6829,32.2289,4.66744,5.0457
0,250,20.651,32.0066,9.5933,1.77858
0,250,17.2774,26.8364,6.11543,0.966106
0,250,17.6654,26.9922,6.42948,0.741742
0,250,17.9488,27.2185,6.78715,-0.433511
0,250,18.1827,26.4954,5.67533,-0.316988
0,250,18.4791,27.166,5.75988,-0.499864
0,250,19.6599,28.095,7.47701,0.523311
0,250,18.9548,27.9556,5.81059,0.521491
0,250,19.2164,28.5276,5.91076,-0.0395201
0,250,19.7979,28.6063,6.94129,0.390411
0,250,20.6967,28.6734,6.40898,-0.123724
0,250,21.3325,29.1203,7.10409,-0.333458
0,250,21.6476,29.6199,7.4495,-0.633913
0,250,22.173,29.7173,6.64729,-0.689511
0,250,23.7453,29.6996,3.31817,-0.426718
0,250,24.4451,29.2866,6.05309,-0.290821
0,250,24.1121,29.0039,7.52586,0.730651
0,250,24.2211,29.8574,7.91415,-1.20506
0,250,24.7345,29.0496,4.75503,-0.584143
0,250,24.4785,30.4141,4.00014,-1.15698
0,250,25.3688,29.2693,6.20009,-2.05909
0,250,23.8349,30.2535,6.77512,-5.12946
0,250,24.5351,29.9699,9.51255,-0.183848
0,250,24.9517,29.6264,5.77821,-2.24245
0,250,26.5143,31.015,6.54428,-1.55158
0,250,27.1351,30.9194,7.54975,-4.09985
0,250,26.646,32.0166,1.94848,-0.279961
0,250,24.0879,32.0989,4.59732,-0.382513
0,250,25.7743,30.7092,6.25108,-2.46978
0,250,26.1491,31.0479,4.12284,-1.71906
0,250,24.5106,31.6758,8.92336,-0.548351
0,250,18.4086,26.8109,4.99967,-0.306182
0,250,19.3304,26.7496,6.70705,-0.504692
0,250,18.5167,27.7791,5.66218,1.2618
0,250,18.9844,27.4684,5.53609,0.4348
0,250,19.9819,27.5746,6.01118,0.0135652
0,250,20.1605,28.1745,6.93749,0.338593
0,250,21.1507,28.0646,6.38802,0.667333
0,250,20.6928,28.1899,7.02839,-1.15628
0,250,21.1313,28.6952,7.82494,0.764829
0,250,21.7266,28.7295,7.69855,0.117941
0,250,21.8571,29.2906,6.82865,1.62212
0,250,22.4585,29.1278,6.05134,-1.60893
0,250,23.0574,28.5329,6.61184,-0.584577
0,250,23.1766,29.0418,5.29383,0.321764
0,250,24.3345,28.6215,6.85454,-3.00362
0,250,25.3866,28.7646,5.54313,-3.86958
0,250,25.2252,29.7862,2.89489,-1.87937
0,250,26.8446,29.3335,5.11841,-0.526044
0,250,25.6551,30.0336,5.40023,-3.70608
0,250,27.1372,29.9081,1.55334,-1.31275
0,250,26.3451,29.3628,5.25556,-1.59108
0,250,25.3654,30.4456,4.79804,2.03113
0,250,24.9075,30.5076,5.25388,-2.00345
0,250,26.4038,30.4979,4.37135,-4.47684
0,250,26.5924,29.8667,5.74074,-0.884969
0,250,25.2901,31.6406,0.694737,1.29981
0,250,26.0551,31.7299,5.14335,3.36517
0,250,27.3564,30.6546,6.18913,-2.25587
0,250,27.9003,30.3886,2.13076,-2.53713
0,250,25.3375,31.8794,4.77349,2.06672
0,250,19.6617,27.1749,6.44799,-0.458877
0,250,20.0012,27.1004,6.41305,0.0980452
0,250,19.3385,27.6591,6.29853,0.38999
0,250,21.1532,26.9297,6.78685,1.14053
0,250,20.9202,27.5208,6.82384,0.0348359
0,250,21.6235,27.4329,6.63915,-1.08676
0,250,21.5122,28.3035,6.34776,0.361885
0,250,21.8157,27.6756,5.76392,-0.904054
0,250,21.9441,28.1266,7.21278,-0.650516
0,250,22.3502,28.681,6.81394,0.672489
0,250,23.5409,28.7874,6.788,-0.155398
0,250,23.6373,29.2838,4.31065,-2.37072
0,250,24.6733,28.3088,4.64759,-2.38674
0,250,25.7032,28.5727,5.02508,-0.889574
0,250,25.7368,29.3236,6.26491,-1.01911
0,250,26.422,28.7859,5.02613,-4.43375
0,250,26.9194,28.7366,5.12695,-1.59957
0,250,27.1415,29.1376,4.08484,-0.888144
0,250,28.1683,29.0673,5.54698,-4.08706
0,250,29.0153,27.3088,3.40033,-4.11968
0,250,26.0141,30.2339,6.27421,1.26517
0,250,28.4072,29.682,3.92571,0.317162
0,250,27.6448,29.4925,8.37025,-0.149309
0,250,26.7309,30.2248,5.11804,-3.75231
0,250,27.9643,30.8912,4.56699,-0.168824
0,250,28.6579,31.0563,2.13407,-3.72698
0,250,27.545,31.7769,9.73046,-2.83246
0,250,29.4609,30.7071,3.66316,3.16281
0,250,28.3261,31.4562,1.73284,-0.829778
0,250,25.8984,32.1383,-1.97514,8.49685
0,250,20.6387,27.669,7.64038,1.53503
0,250,20.4499,27.0794,5.63539,1.21091
0,250,21.6463,26.7746,7.31369,0.185003
0,250,22.661,27.3353,7.04687,-0.534555
0,250,23.3012,27.288,7.32895,-2.39062
0,250,22.6691,27.8877,6.10077,-0.922047
0,250,23.1515,28.0957,6.09021,-2.13177
0,250,22.5131,28.3316,5.54286,-1.12961
0,250,23.7758,27.789,6.68528,-1.5122
0,250,23.686,28.3469,6.88197,-0.139294
0,250,24.0969,28.1136,5.94538,-0.883202
0,250,24.9029,28.5701,5.28007,0.235486
0,250,26.1189,29.6385,5.74155,0.868692
0,250,26.7577,28.1786,6.64624,-3.82396
0,250,27.3816,27.7923,6.9583,-3.1178
0,250,27.5648,28.4946,4.60938,-2.7472
0,250,27.6725,29.1204,5.04058,-0.903681
0,250,28.2484,28.7357,3.93766,-1.99356
0,250,28.9062,29.879,3.37318,0.562502
0,250,28.7196,28.9883,5.05669,-3.2257
0,250,27.8816,29.8884,4.88575,-1.64229
0,250,28.3377,30.0655,5.37532,-0.590738
0,250,28.9191,30.515,1.56629,-1.51564
0,250,28.7252,29.3882,5.35507,-3.88759
0,250,27.3764,30.1799,3.69961,-2.20566
0,250,28.221,30.8982,5.39017,-2.03172
0,250,26.4644,31.62,0.194192,1.89533
0,250,27.3944,31.2865,7.07389,-5.57411
0,250,29.5492,32.133,4.89081,2.50555
0,250,27.0041,31.8925,-2.79777,-6.2557
0,250,22.056,27.2176,7.05558,-0.45423
0,250,22.5726,27.0523,6.88985,0.0043122
0,250,24.1562,27.1775,4.43398,-2.13617
0,250,24.4522,27.3898,6.42965,0.00600363
0,250,23.5669,27.504,7.01822,-3.06494
0,250,24.8989,27.3637,7.56402,-2.80922
0,250,25.4556,28.044,7.33004,-0.0335445
0,250,24.6452,27.808,6.66739,-0.269553
0,250,25.921,28.0801,5.61357,-3.8509
0,250,26.7274,27.2904,3.5618,-5.16856
0,250,26.0741,28.8541,5.62138,-2.91772
0,250,26.482,27.7353,3.19832,-4.74426
0,250,26.989,27.562,2.90023,-3.08629
0,250,27.9178,27.8147,4.3085,-3.07009
0,250,27.9233,28.3686,4.39944,-3.66464
0,250,29.0791,26.6961,3.2016,-2.69349
0,250,29.3245,29.8492,5.58922,-1.32703
0,250,29.3002,27.7989,5.38275,-2.31475
0,250,28.3589,31.9408,2.65928,3.51178
0,250,28.9354,28.5001,0.410221,0.678013
0,250,28.0262,32.1389,2.13726,-4.58352
0,250,29.9857,30.6065,5.6114,-2.93058
0,250,28.989,31.8593,1.60729,-2.7113
0,250,30.0644,29.8891,2.85833,-10.3156
0,250,27.849,31.5697,3.15584,-3.4074
0,250,29.758,29.6999,4.05871,-3.05353
0,250,29.5847,30.4419,2.61689,-2.43247
0,250,30.0111,31.0106,-1.22171,1.4786
0,250,28.8935,31.4101,1.38651,-1.44202
0,250,26.8204,31.3504,2.20545,-4.58465
0,250,23.0643,27.0288,6.3253,-1.13277
0,250,24.6453,26.7185,9.24703,-3.3352
0,250,25.0586,26.7845,6.89955,-4.39508
0,250,25.2414,27.7324,5.5343,-1.90861
0,250,26.339,26.9742,3.57028,-2.83027
0,250,25.5485,27.3496,5.82133,-0.871818
0,250,26.2544,28.2322,5.21397,-2.65288
0,250,26.7159,26.5177,3.95633,-2.91854
0,250,27.1666,28.3166,6.11881,-2.33767
0,250,27.8215,25.1575,2.91717,-9.38015
0,250,27.4198,27.2464,4.51994,-7.08062
0,250,28.4149,28.0245,5.60281,-3.53365
0,250,28.5022,27.4859,2.9526,-2.53489
0,250,30.3083,26.6615,2.15432,-5.40865
0,250,28.6707,28.2052,0.553085,-2.7241
0,250,29.3579,28.5797,2.20145,-1.86844
0,250,30.0236,27.2786,4.9419,-2.82456
0,250,29.7129,28.8552,4.27989,-1.99268
0,250,29.6192,29.3505,4.49888,2.73901
0,250,30.0804,25.5776,1.90792,-7.09612
0,250,29.2492,29.2503,0.225676,-4.58636
0,250,31.1879,28.9342,1.49291,-1.86969
0,250,30.105,25.5797,0.0281796,-8.8027
0,250,31.112,25.3991,4.81529,-8.96448
0,250,30.356,31.7025,-1.87626,7.05017
0,250,30.0202,28.7983,3.07321,0.742892
0,250,31.0814,30.5465,0.811659,-17.522
0,250,29.5224,31.3811,1.56695,0.0680757
0,250,29.6234,28.0412,4.37636,-0.321735
0,250,29.0709,31.0134,-0.591639,-3.30316
0,250,24.2199,26.6863,6.85653,-2.11385
0,250,25.5395,27.0018,7.67333,-3.05149
0,250,25.8673,26.6829,6.66037,-3.85918
0,250,27.0985,26.069,6.41064,-6.49597
0,250,26.0814,27.5069,3.93353,-2.23031
0,250,28.0168,24.8311,1.69374,-7.2904
0,250,27.8477,26.4132,4.87888,-8.16194
0,250,27.9125,27.4448,2.14741,-5.92809
0,250,28.0701,26.8237,4.63302,-2.96436
0,250,28.3653,27.1127,0.725355,-3.83461
0,250,28.8088,26.8692,3.10304,-5.71938
0,250,28.8945,25.3609,1.7648,-4.53112
0,250,29.4618,27.3564,4.6498,-2.97414
0,250,29.4497,24.9637,-1.12689,-10.3109
0,250,31.1108,27.5629,1.58064,-1.7052
0,250,31.6218,25.3548,4.96855,-0.313495
0,250,30.3995,27.7309,3.47398,-0.64858
0,250,31.9108,24.3444,-3.21017,-18.307
0,250,29.9322,25.0478,0.431615,-7.8042
0,250,30.588,28.4589,3.69599,0.595408
0,250,32.0157,29.6888,4.17802,-0.341122
0,250,31.3341,26.9874,-2.91034,-3.44054
0,250,31.9443,26.8925,-8.79101,-3.45927
0,250,30.3252,28.4681,1.61477,-1.71239
0,250,29.9364,27.7845,-0.186463,-2.52869
0,250,29.4579,24.174,-1.79301,-3.49861
0,250,30.8673,29.6467,-3.71273,-4.78597
0,250,31.094,30.1658,-0.0872384,3.74929
0,250,30.4642,29.6804,1.15039,-4.67154
0,250,30.7839,25.6947,0.541402,-10.1315
0,250,26.256,26.0969,5.9633,-5.55294
0,250,27.3446,25.5803,7.12566,-6.56311
0,250,27.3073,26.5275,4.65343,-5.80483
0,250,27.1014,26.731,5.1823,-1.19031
0,250,28.3409,24.7481,4.48446,-7.79053
0,250,28.3323,26.4073,0.72524,-6.47818
0,250,28.6146,26.0108,-1.88009,-5.69315
0,250,29.6037,26.0114,1.29744,-5.65276
0,250,29.2248,26.2459,-0.562092,-9.40421
0,250,29.4541,23.1077,1.45117,-9.40654
0,250,29.725,26.9415,-0.669965,-1.01367
0,250,30.0425,23.4882,2.6479,-8.14295
0,250,30.5358,26.8671,1.61634,-2.32439
0,250,30.8948,25.1349,0.064514,-7.77494
0,250,31.1121,26.1186,-0.169275,-3.72802
0,250,30.7394,24.5513,1.91731,-10.9555
0,250,30.4867,24.7211,-2.70039,-8.37286
0,250,31.7306,30.3472,-4.39521,1.17012
0,250,29.5043,25.3314,-4.13212,-7.61105
0,250,31.3197,21.1564,-0.431954,-4.80475
0,250,30.7662,23.3708,-0.343133,-7.6963
0,250,31.0091,24.2149,3.18201,-9.38411
0,250,31.0885,28.3696,0.904016,1.76025
0,250,32.3055,25.565,-0.0711233,-7.81472
0,250,31.5666,28.0784,-7.87144,0.291661
0,250,32.2179,27.6822,7.01705,-1.52966
0,250,30.5657,27.3164,-2.94401,3.18291
0,250,31.5107,29.444,5.41287,-8.24024
0,250,31.7177,30.1698,-2.63898,-8.74252
0,250,30.9141,28.9516,-2.84681,-4.72653
0,250,26.3378,26.2097,6.15567,-5.16949
0,250,27.4938,25.7116,6.62798,-6.43516
0,250,28.2922,25.757,1.62497,-2.92906
0,250,27.9156,26.0463,3.46982,-5.77217
0,250,28.8208,24.6881,3.69227,-5.72528
0,250,28.7244,25.3747,-0.0257993,-5.56167
0,250,28.7482,23.6371,-1.06404,-12.9222
0,250,29.477,23.7336,2.23955,-12.8285
0,250,29.6278,26.4464,2.06554,-4.38685
0,250,29.9062,22.5886,0.561745,-6.76342
0,250,29.7978,24.4212,2.48757,-7.17111
0,250,30.3111,21.6527,1.04615,-8.06787
0,250,30.269,23.8042,-0.796324,-5.55066
0,250,31.136,24.6768,-2.65192,-14.8944
0,250,32.2186,21.5431,4.09885,-3.95951
0,250,30.0724,19.5051,-1.54945,-7.91132
0,250,32.0331,22.4006,-3.34197,-1.29492
0,250,29.7642,21.3463,-3.7597,-9.63798
0,250,31.6066,18.4787,1.56025,-6.82647
0,250,31.7353,27.959,2.70048,8.73972
0,250,30.9061,27.8922,-0.372875,-2.91044
0,250,29.7326,19.8582,-3.55711,-11.7603
0,250,31.6184,24.7445,-1.31616,-14.0214
0,250,31.2024,23.7261,1.52429,-4.31763
0,250,31.809,31.0172,0.754147,4.45864
0,250,31.8376,21.1592,-1.03818,-6.09236
0,250,32.2632,23.2057,2.96699,-4.05787
0,250,30.7928,25.9952,-1.08992,-8.3444
0,250,30.351,30.702,-3.53464,-3.0874
0,250,32.1791,28.9516,5.03038,-0.963006
0,250,27.519,24.916,3.88579,-5.61202
0,250,28.7079,24.0193,1.70819,-8.87016
0,250,27.806,23.1685,-0.131259,-7.10569
0,250,28.7141,23.1956,0.873289,-8.49374
0,250,29.2633,21.5224,0.617349,-10.0331
0,250,29.5724,21.8766,-0.262834,-9.29491
0,250,29.2718,22.7399,-1.98585,-7.98537
0,250,28.4284,21.425,-2.44209,-6.24091
0,250,29.6284,21.117,-2.3472,-8.32033
0,250,30.0371,22.6199,1.61188,-4.41441
0,250,30.3137,20.4832,-1.59982,-12.3011
0,250,29.5156,19.5132,-1.61314,-6.65455
0,250,29.1768,20.294,-1.83755,-5.79813
0,250,31.9014,19.0197,-0.442005,-6.85945
0,250,30.7582,19.5561,-1.74682,-10.2334
0,250,29.6215,17.134,-1.78793,-5.8145
0,250,29.267,18.1388,-1.83629,-8.29988
0,250,31.124,16.2628,-0.37259,-8.51111
0,250,30.2453,31.9988,-1.90587,4.90846
0,250,30.5926,21.7746,-5.9437,-10.8302
0,250,30.8976,14.2573,-2.00993,-9.96577
0,250,30.1799,18.1599,-1.97819,-7.17741
0,250,31.4001,26.8639,0.546873,-6.41782
0,250,31.525,32.2592,10.6092,7.18513
0,250,28.4488,16.9722,-5.266,-4.31187
0,250,31.7235,31.3962,-3.07406,0.383284
0,250,31.1603,21.5396,-1.37915,-11.2436
0,250,31.2586,23.336,0.434902,-7.24822
0,250,29.6445,31.6577,-6.82084,1.32173
0,250,31.3958,29.669,-4.86101,-4.48825
0,250,28.4077,24.2312,1.81756,-7.38633
0,250,27.8161,23.9658,-0.633146,-6.12347
0,250,28.7163,23.0297,-0.414351,-6.5608
0,250,29.1256,24.5168,0.051671,-8.82665
0,250,29.1559,22.1074,-1.55501,-8.24004
0,250,27.8179,21.4718,-4.70436,-6.05899
0,250,30.129,19.9655,-1.81529,-10.1468
0,250,27.9255,19.5679,-2.66174,-4.20898
0,250,28.5358,18.5135,-5.15791,-7.36323
0,250,31.6178,19.6207,-5.7517,-9.95311
0,250,29.2551,18.6333,-1.07974,-8.64717
0,250,30.5875,18.918,-0.193943,-8.85275
0,250,30.5331,21.0568,-2.42959,-9.44988
0,250,28.8676,18.0566,-1.31464,-7.23414
0,250,31.5704,19.8857,1.99214,-10.1891
0,250,31.6883,16.7132,0.944947,-4.09509
0,250,30.9601,17.3865,-3.21989,-5.63691
0,250,31.4387,17.6111,0.480372,-8.945
0,250,31.5557,13.9197,-0.477396,-7.66715
0,250,31.2454,13.8791,-0.366027,-7.26159
0,250,31.4361,19.0273,-2.62165,-6.6322
0,250,32.0646,12.4399,0.452649,-4.90917
0,250,30.0877,13.958,-2.18654,-8.10872
0,250,30.6699,22.3912,0.122411,-8.77805
0,250,30.6714,30.0277,6.93595,-9.57606
0,250,32.0397,29.2723,3.3047,-5.6166
0,250,30.9008,31.8124,-0.277341,7.63681
0,250,31.1517,19.3135,-0.508336,-8.99481
0,250,30.0436,14.3324,-1.75926,-7.50663
0,250,31.9273,24.931,-5.78598,-7.21386
0,250,28.7567,22.4232,-0.698864,-8.48415
0,250,29.0582,21.177,-0.967194,-8.54801
0,250,29.1801,20.6958,-1.81965,-6.17944
0,250,28.8922,19.5332,-2.72027,-8.80391
0,250,28.0225,20.4417,-4.31972,-5.97771
0,250,32.0842,18.5256,2.13379,-8.27735
0,250,27.4862,18.0158,-4.08459,-6.38781
0,250,27.7374,16.8599,-3.05915,-6.45973
0,250,28.4899,14.8385,-3.71887,-6.32507
0,250,30.2805,16.949,-0.980633,-5.9779
0,250,32.241,14.9001,-0.333,-8.46392
0,250,28.7209,16.3947,-3.02054,-7.20273
0,250,30.7856,13.3124,0.135507,-7.09108
0,250,30.8432,13.6069,-1.00697,-6.49665
0,250,29.3418,10.0532,-2.62372,-8.97215
0,250,25.6609,11.9428,-4.77681,-8.10107
0,250,31.0815,12.752,0.216186,-6.80857
0,250,29.0267,13.3362,-2.60395,-5.34462
0,250,31.354,17.0724,-1.21361,-10.2945
0,250,29.2407,9.23062,-2.52327,-8.42509
0,250,25.9291,10.2471,-4.26416,-8.09673
0,250,27.6095,14.343,-3.71606,-6.37624
0,250,27.3851,11.0122,-4.63137,-8.21361
0,250,28.3421,18.4478,-4.96196,-6.4396
0,250,30.147,15.764,-1.63631,-8.16237
0,250,30.8079,30.7547,-7.36153,-4.31495
0,250,30.693,31.5075,3.17561,4.55272
0,250,31.3654,20.5703,-1.10682,-8.31674
0,250,32.0735,14.1805,-1.18906,-8.39876
0,250,31.3257,30.9523,-1.82955,6.90615
0,250,27.907,21.3817,-2.97398,-10.0132
0,250,30.173,20.5886,1.07252,-8.03307
0,250,28.6674,19.1633,-3.56747,-7.27209
0,250,30.6223,18.709,0.771529,-6.22834
0,250,28.1046,15.7144,-2.43658,-8.43879
0,250,28.9783,15.6089,-1.64718,-6.17094
0,250,26.9231,15.0358,-3.01026,-5.70495
0,250,28.0497,16.0516,-2.77636,-8.43567
0,250,30.2247,13.2035,-0.904116,-9.10968
0,250,27.8634,14.1596,-2.38184,-5.18963
0,250,31.6059,9.1279,0.527735,-8.38234
0,250,27.1562,10.7027,-5.03845,-8.33437
0,250,32.0184,9.78817,-1.0006,-5.33494
0,250,32.1447,11.2992,0.118556,-5.40803
0,250,24.4807,3.62342,-5.76481,-10.1535
0,250,25.1529,5.85901,-4.52299,-9.13935
0,250,22.9701,2.55072,-7.08313,-11.1821
0,250,29.6358,6.12039,-2.24638,-9.19468
0,250,28.6709,11.0855,-3.34038,-8.21682
0,250,27.1527,3.38374,-3.182,-11.2585
0,250,30.2427,10.4593,-1.55388,-9.43255
0,250,26.9389,2.219,-3.02005,11.9177
0,250,31.5359,2.92527,1.886,11.3381
0,250,30.462,3.89465,-0.586592,15.5076
0,250,23.1193,2.70899,-6.69204,11.4696
0,250,31.6137,10.5851,0.605239,-11.5799
0,250,25.6831,10.8288,-4.69003,-7.45167
0,250,25.7873,9.10754,-4.27757,21.2667
0,250,28.1783,10.8269,-1.24163,-7.46815
0,250,21.3015,10.454,-8.20149,-6.38333
0,250,28.5116,20.8973,-0.61657,-5.64894
0,250,29.8737,17.9744,-0.125916,-11.0734
0,250,27.2862,18.0748,-3.83322,-6.17998
0,250,29.2577,17.6615,-1.93466,-4.40634
0,250,29.1092,14.9175,-2.28449,-6.05371
0,250,26.6627,14.0262,-4.51496,-6.65257
0,250,26.9966,14.7263,-2.94068,-5.22039
0,250,30.9098,9.53633,0.396977,-8.22779
0,250,28.6967,10.5355,-1.20928,-6.98974
0,250,31.097,10.6243,-0.908763,-7.9612
0,250,27.105,6.93795,-3.06095,-9.34186
0,250,25.7844,12.7483,-3.6653,-4.69224
0,250,26.6741,6.4792,-3.32076,-8.58292
0,250,28.8976,2.19419,-2.0829,-10.2356
0,250,26.312,3.56181,-6.86892,-9.21451
0,250,32.1587,8.34153,-6.30281,20.9535
0,250,25.7266,3.1286,-3.97106,-9.91824
0,250,26.5054,5.52754,-9.00223,11.2787
0,250,31.043,5.73099,-0.827826,11.7868
0,250,22.4278,2.9266,-6.53647,-8.88541
0,250,26.9377,3.73,0.00131914,15.1192
0,250,27.4471,5.06316,0.945136,-0.619119
0,250,20.8221,13.5068,-15.7232,21.1906
0,250,28.3038,-14.095,-2.3163,-19.5425
0,250,9.30721,-25.887,-13.5759,-23.8076
0,250,30.8227,4.16448,-4.43027,8.83798
0,250,20.5468,2.23493,-6.90333,-8.49139
0,250,29.5113,2.81993,-3.74822,9.65335
0,250,30.9942,22.9174,-0.36219,-6.98457
0,250,30.016,24.1445,-0.505673,-9.73052
1,250,1.5,1.5,0,0
1,250,1.5,2,0,0
1,250,32.5,1.5,0,0
1,250,33,1.5,0,0
1,250,2.5,32.5,0,0
1,250,2.5,33,0,0
1,250,1.5,2.5,0,0
1,250,2,2.5,0,0
1,250,2,1.5,0,0
1,250,2,2,0,0
1,250,32.5,2,0,0
1,250,33,2,0,0
1,250,3,32.5,0,0
1,250,3,33,0,0
1,250,1.5,3,0,0
1,250,2,3,0,0
1,250,2.5,1.5,0,0
1,250,2.5,2,0,0
1,250,32.5,2.5,0,0
1,250,33,2.5,0,0
1,250,3.5,32.5,0,0
1,250,3.5,33,0,0
1,250,1.5,3.5,0,0
1,250,2,3.5,0,0
1,250,3,1.5,0,0
1,250,3,2,0,0
1,250,32.5,3,0,0
1,250,33,3,0,0
1,250,4,32.5,0,0
1,250,4,33,0,0
1,250,1.5,4,0,0
1,250,2,4,0,0
1,250,3.5,1.5,0,0
1,250,3.5,2,0,0
1,250,32.5,3.5,0,0
1,250,33,3.5,0,0
1,250,4.5,32.5,0,0
1,250,4.5,33,0,0
1,250,1.5,4.5,0,0
1,250,2,4.5,0,0
1,250,4,1.5,0,0
1,250,4,2,0,0
1,250,32.5,4,0,0
1,250,33,4,0,0
1,250,5,32.5,0,0
1,250,5,33,0,0
1,250,1.5,5,0,0
1,250,2,5,0,0
1,250,4.5,1.5,0,0
1,250,4.5,2,0,0
1,250,32.5,4.5,0,0
1,250,33,4.5,0,0
1,250,5.5,32.5,0,0
1,250,5.5,33,0,0
1,250,1.5,5.5,0,0
1,250,2,5.5,0,0
1,250,5,1.5,0,0
1,250,5,2,0,0
1,250,32.5,5,0,0
1,250,33,5,0,0
1,250,6,32.5,0,0
1,250,6,33,0,0
1,250,1.5,6,0,0
1,250,2,6,0,0
1,250,5.5,1.5,0,0
1,250,5.5,2,0,0
1,250,32.5,5.5,0,0
1,250,33,5.5,0,0
1,250,6.5,32.5,0,0
1,250,6.5,33,0,0
1,250,1.5,6.5,0,0
1,250,2,6.5,0,0
1,250,6,1.5,0,0
1,250,6,2,0,0
1,250,32.5,6,0,0
1,250,33,6,0,0
1,250,7,32.5,0,0
1,250,7,33,0,0
1,250,1.5,7,0,0
1,250,2,7,0,0
1,250,6.5,1.5,0,0
1,250,6.5,2,0,0
1,250,32.5,6.5,0,0
1,250,33,6.5,0,0
1,250,7.5,32.5,0,0
1,250,7.5,33,0,0
1,250,1.5,7.5,0,0
1,250,2,7.5,0,0
1,250,7,1.5,0,0
1,250,7,2,0,0
1,250,32.5,7,0,0
1,250,33,7,0,0
1,250,8,32.5,0,0
1,250,8,33,0,0
1,250,1.5,8,0,0
1,250,2,8,0,0
1,250,7.5,1.5,0,0
1,250,7.5,2,0,0
1,250,32.5,7.5,0,0
1,250,33,7.5,0,0
1,250,8.5,32.5,0,0
1,250,8.5,33,0,0
1,250,1.5,8.5,0,0
1,250,2,8.5,0,0
1,250,8,1.5,0,0
1,250,8,2,0,0
1,250,32.5,8,0,0
1,250,33,8,0,0
1,250,9,32.5,0,0
1,250,9,33,0,0
1,250,1.5,9,0,0
1,250,2,9,0,0
1,250,8.5,1.5,0,0
1,250,8.5,2,0,0
1,250,32.5,8.5,0,0
1,250,33,8.5,0,0
1,250,9.5,32.5,0,0
1,250,9.5,33,0,0
1,250,1.5,9.5,0,0
1,250,2,9.5,0,0
1,250,9,1.5,0,0
1,250,9,2,0,0
1,250,32.5,9,0,0
1,250,33,9,0,0
1,250,10,32.5,0,0
1,250,10,33,0,0
1,250,1.5,10,0,0
1,250,2,10,0,0
1,250,9.5,1.5,0,0
1,250,9.5,2,0,0
1,250,32.5,9.5,0,0
1,250,33,9.5,0,0
1,250,10.5,32.5,0,0
1,250,10.5,33,0,0
1,250,1.5,10.5,0,0
1,250,2,10.5,0,0
1,250,10,1.5,0,0
1,250,10,2,0,0
1,250,32.5,10,0,0
1,250,33,10,0,0
1,250,11,32.5,0,0
1,250,11,33,0,0
1,250,1.5,11,0,0
1,250,2,11,0,0
1,250,10.5,1.5,0,0
1,250,10.5,2,0,0
1,250,32.5,10.5,0,0
1,250,33,10.5,0,0
1,250,11.5,32.5,0,0
1,250,11.5,33,0,0
1,250,1.5,11.5,0,0
1,250,2,11.5,0,0
1,250,11,1.5,0,0
1,250,11,2,0,0
1,250,32.5,11,0,0
1,250,33,11,0,0
1,250,12,32.5,0,0
1,250,12,33,0,0
1,250,1.5,12,0,0
1,250,2,12,0,0
1,250,11.5,1.5,0,0
1,250,11.5,2,0,0
1,250,32.5,11.5,0,0
1,250,33,11.5,0,0
1,250,12.5,32.5,0,0
1,250,12.5,33,0,0
1,250,1.5,12.5,0,0
1,250,2,12.5,0,0
1,250,12,1.5,0,0
1,250,12,2,0,0
1,250,32.5,12,0,0
1,250,33,12,0,0
1,250,13,32.5,0,0
1,250,13,33,0,0
1,250,1.5,13,0,0
1,250,2,13,0,0
1,250,12.5,1.5,0,0
1,250,12.5,2,0,0
1,250,32.5,12.5,0,0
1,250,33,12.5,0,0
1,250,13.5,32.5,0,0
1,250,13.5,33,0,0
1,250,1.5,13.5,0,0
1,250,2,13.5,0,0
1,250,13,1.5,0,0
1,250,13,2,0,0
1,250,32.5,13,0,0
1,250,33,13,0,0
1,250,14,32.5,0,0
1,250,14,33,0,0
1,250,1.5,14,0,0
1,250,2,14,0,0
1,250,13.5,1.5,0,0
1,250,13.5,2,0,0
1,250,32.5,13.5,0,0
1,250,33,13.5,0,0
1,250,14.5,32.5,0,0
1,250,14.5,33,0,0
1,250,1.5,14.5,0,0
1,250,2,14.5,0,0
1,250,14,1.5,0,0
1,250,14,2,0,0
1,250,32.5,14,0,0
1,250,33,14,0,0
1,250,15,32.5,0,0
1,250,15,33,0,0
1,250,1.5,15,0,0
1,250,2,15,0,0
1,250,14.5,1.5,0,0
1,250,14.5,2,0,0
1,250,32.5,14.5,0,0
1,250,33,14.5,0,0
1,250,15.5,32.5,0,0
1,250,15.5,33,0,0
1,250,1.5,15.5,0,0
1,250,2,15.5,0,0
1,250,15,1.5,0,0
1,250,15,2,0,0
1,250,32.5,15,0,0
1,250,33,15,0,0
1,250,16,32.5,0,0
1,250,16,33,0,0
1,250,1.5,16,0,0
1,250,2,16,0,0
1,250,15.5,1.5,0,0
1,250,15.5,2,0,0
1,250,32.5,15.5,0,0
1,250,33,15.5,0,0
1,250,16.5,32.5,0,0
1,250,16.5,33,0,0
1,250,1.5,16.5,0,0
1,250,2,16.5,0,0
1,250,16,1.5,0,0
1,250,16,2,0,0
1,250,32.5,16,0,0
1,250,33,16,0,0
1,250,17,32.5,0,0
1,250,17,33,0,0
1,250,1.5,17,0,0
1,250,2,17,0,0
1,250,16.5,1.5,0,0
1,250,16.5,2,0,0
1,250,32.5,16.5,0,0
1,250,33,16.5,0,0
1,250,17.5,32.5,0,0
1,250,17.5,33,0,0
1,250,1.5,17.5,0,0
1,250,2,17.5,0,0
1,250,17,1.5,0,0
1,250,17,2,0,0
1,250,32.5,17,0,0
1,250,33,17,0,0
1,250,18,32.5,0,0
1,250,18,33,0,0
1,250,1.5,18,0,0
1,250,2,18,0,0
1,250,17.5,1.5,0,0
1,250,17.5,2,0,0
1,250,32.5,17.5,0,0
1,250,33,17.5,0,0
1,250,18.5,32.5,0,0
1,250,18.5,33,0,0
1,250,1.5,18.5,0,0
1,250,2,18.5,0,0
1,250,18,1.5,0,0
1,250,18,2,0,0
1,250,32.5,18,0,0
1,250,33,18,0,0
1,250,19,32.5,0,0
1,250,19,33,0,0
1,250,1.5,19,0,0
1,250,2,19,0,0
1,250,18.5,1.5,0,0
1,250,18.5,2,0,0
1,250,32.5,18.5,0,0
1,250,33,18.5,0,0
1,250,19.5,32.5,0,0
1,250,19.5,33,0,0
1,250,1.5,19.5,0,0
1,250,2,19.5,0,0
1,250,19,1.5,0,0
1,250,19,2,0,0
1,250,32.5,19,0,0
1,250,33,19,0,0
1,250,20,32.5,0,0
1,250,20,33,0,0
1,250,1.5,20,0,0
1,250,2,20,0,0
1,250,19.5,1.5,0,0
1,250,19.5,2,0,0
1,250,32.5,19.5,0,0
1,250,33,19.5,0,0
1,250,20.5,32.5,0,0
1,250,20.5,33,0,0
1,250,1.5,20.5,0,0
1,250,2,20.5,0,0
1,250,20,1.5,0,0
1,250,20,2,0,0
1,250,32.5,20,0,0
1,250,33,20,0,0
1,250,21,32.5,0,0
1,250,21,33,0,0
1,250,1.5,21,0,0
1,250,2,21,0,0
1,250,20.5,1.5,0,0
1,250,20.5,2,0,0
1,250,32.5,20.5,0,0
1,250,33,20.5,0,0
1,250,21.5,32.5,0,0
1,250,21.5,33,0,0
1,250,1.5,21.5,0,0
1,250,2,21.5,0,0
1,250,21,1.5,0,0
1,250,21,2,0,0
1,250,32.5,21,0,0
1,250,33,21,0,0
1,250,22,32.5,0,0
1,250,22,33,0,0
1,250,1.5,22,0,0
1,250,2,22,0,0
1,250,21.5,1.5,0,0
1,250,21.5,2,0,0
1,250,32.5,21.5,0,0
1,250,33,21.5,0,0
1,250,22.5,32.5,0,0
1,250,22.5,33,0,0
1,250,1.5,22.5,0,0
1,250,2,22.5,0,0
1,250,22,1.5,0,0
1,250,22,2,0,0
1,250,32.5,22,0,0
1,250,33,22,0,0
1,250,23,32.5,0,0
1,250,23,33,0,0
1,250,1.5,23,0,0
1,250,2,23,0,0
1,250,22.5,1.5,0,0
1,250,22.5,2,0,0
1,250,32.5,22.5,0,0
1,250,33,22.5,0,0
1,250,23.5,32.5,0,0
1,250,23.5,33,0,0
1,250,1.5,23.5,0,0
1,250,2,23.5,0,0
1,250,23,1.5,0,0
1,250,23,2,0,0
1,250,32.5,23,0,0
1,250,33,23,0,0
1,250,24,32.5,0,0
1,250,24,33,0,0
1,250,1.5,24,0,0
1,250,2,24,0,0
1,250,23.5,1.5,0,0
1,250,23.5,2,0,0
1,250,32.5,23.5,0,0
1,250,33,23.5,0,0
1,250,24.5,32.5,0,0
1,250,24.5,33,0,0
1,250,1.5,24.5,0,0
1,250,2,24.5,0,0
1,250,24,1.5,0,0
1,250,24,2,0,0
1,250,32.5,24,0,0
1,250,33,24,0,0
1,250,25,32.5,0,0
1,250,25,33,0,0
1,250,1.5,25,0,0
1,250,2,25,0,0
1,250,24.5,1.5,0,0
1,250,24.5,2,0,0
1,250,32.5,24.5,0,0
1,250,33,24.5,0,0
1,250,25.5,32.5,0,0
1,250,25.5,33,0,0
1,250,1.5,25.5,0,0
1,250,2,25.5,0,0
1,250,25,1.5,0,0
1,250,25,2,0,0
1,250,32.5,25,0,0
1,250,33,25,0,0
1,250,26,32.5,0,0
1,250,26,33,0,0
1,250,1.5,26,0,0
1,250,2,26,0,0
1,250,25.5,1.5,0,0
1,250,25.5,2,0,0
1,250,32.5,25.5,0,0
1,250,33,25.5,0,0
1,250,26.5,32.5,0,0
1,250,26.5,33,0,0
1,250,1.5,26.5,0,0
1,250,2,26.5,0,0
1,250,26,1.5,0,0
1,250,26,2,0,0
1,250,32.5,26,0,0
1,250,33,26,0,0
1,250,27,32.5,0,0
1,250,27,33,0,0
1,250,1.5,27,0,0
1,250,2,27,0,0
1,250,26.5,1.5,0,0
1,250,26.5,2,0,0
1,250,32.5,26.5,0,0
1,250,33,26.5,0,0
1,250,27.5,32.5,0,0
1,250,27.5,33,0,0
1,250,1.5,27.5,0,0
1,250,2,27.5,0,0
1,250,27,1.5,0,0
1,250,27,2,0,0
1,250,32.5,27,0,0
1,250,33,27,0,0
1,250,28,32.5,0,0
1,250,28,33,0,0
1,250,1.5,28,0,0
1,250,2,28,0,0
1,250,27.5,1.5,0,0
1,250,27.5,2,0,0
1,250,32.5,27.5,0,0
1,250,33,27.5,0,0
1,250,28.5,32.5,0,0
1,250,28.5,33,0,0
1,250,1.5,28.5,0,0
1,250,2,28.5,0,0
1,250,28,1.5,0,0
1,250,28,2,0,0
1,250,32.5,28,0,0
1,250,33,28,0,0
1,250,29,32.5,0,0
1,250,29,33,0,0
1,250,1.5,29,0,0
1,250,2,29,0,0
1,250,28.5,1.5,0,0
1,250,28.5,2,0,0
1,250,32.5,28.5,0,0
1,250,33,28.5,0,0
1,250,29.5,32.5,0,0
1,250,29.5,33,0,0
1,250,1.5,29.5,0,0
1,250,2,29.5,0,0
1,250,29,1.5,0,0
1,250,29,2,0,0
1,250,32.5,29,0,0
1,250,33,29,0,0
1,250,30,32.5,0,0
1,250,30,33,0,0
1,250,1.5,30,0,0
1,250,2,30,0,0
1,250,29.5,1.5,0,0
1,250,29.5,2,0,0
1,250,32.5,29.5,0,0
1,250,33,29.5,0,0
1,250,30.5,32.5,0,0
1,250,30.5,33,0,0
1,250,1.5,30.5,0,0
1,250,2,30.5,0,0
1,250,30,1.5,0,0
1,250,30,2,0,0
1,250,32.5,30,0,0
1,250,33,30,0,0
1,250,31,32.5,0,0
1,250,31,33,0,0
1,250,1.5,31,0,0
1,250,2,31,0,0
1,250,30.5,1.5,0,0
1,250,30.5,2,0,0
1,250,32.5,30.5,0,0
1,250,33,30.5,0,0
1,250,31.5,32.5,0,0
1,250,31.5,33,0,0
1,250,1.5,31.5,0,0
1,250,2,31.5,0,0
1,250,31,1.5,0,0
1,250,31,2,0,0
1,250,32.5,31,0,0
1,250,33,31,0,0
1,250,32,32.5,0,0
1,250,32,33,0,0
1,250,1.5,32,0,0
1,250,2,32,0,0
1,250,31.5,1.5,0,0
1,250,31.5,2,0,0
1,250,32.5,31.5,0,0
1,250,33,31.5,0,0
1,250,32.5,32.5,0,0
1,250,32.5,33,0,0
1,250,1.5,32.5,0,0
1,250,2,32.5,0,0
1,250,32,1.5,0,0
1,250,32,2,0,0
1,250,32.5,32,0,0
1,250,33,32,0,0
1,250,33,32.5,0,0
1,250,33,33,0,0
1,250,1.5,33,0,0
1,250,2,33,0,0
