1396 2 0.5 2.5e+06 0.05 2 0 0.001 0 9.81 35 35
0,250,2.79319,23.0115,0.787819,5.43961
0,250,2.36904,23.9167,0.176765,5.10284
0,250,2.51666,24.4806,-1.12993,4.43432
0,250,2.78947,24.7381,-0.534807,3.24898
0,250,2.47156,25.1286,-1.93517,2.80027
0,250,2.57469,25.5397,1.18458,3.83816
0,250,2.85463,25.7766,0.600175,2.55195
0,250,2.45527,26.2521,1.16889,3.01187
0,250,2.57316,26.655,-1.44906,3.42803
0,250,2.36412,27.2246,-0.159032,4.71565
0,250,2.47341,27.7798,-0.0145652,4.0026
0,250,2.91462,27.687,-1.34743,3.06757
0,250,2.61227,28.2388,1.24576,4.16967
0,250,2.44653,28.7306,-0.958236,1.91904
0,250,2.98801,28.6325,0.100392,2.94718
0,250,2.53718,29.2077,0.958596,1.89053
0,250,3.54893,28.8681,0.552389,0.966981
0,250,3.04216,29.0389,0.895151,1.19875
0,250,2.47513,29.676,-0.0584842,2.85728
0,250,2.54523,30.1355,1.58313,0.42402
0,250,2.62046,30.5197,-0.108529,2.55027
0,250,2.46247,30.9523,-1.5854,0.711037
0,250,2.99528,30.904,1.54878,1.11834
0,250,3.34399,31.1831,1.66464,0.788267
0,250,3.64662,30.8159,1.27554,0.405591
0,250,2.67804,31.3604,-0.376502,0.877931
0,250,4.01756,30.9746,1.84481,0.144885
0,250,3.65493,31.5142,0.949469,1.70589
0,250,2.40537,31.7207,0.0176211,1.02994
0,250,2.65847,32.1061,0.151027,-0.852922
0,250,2.96957,22.1233,-0.372001,4.56671
0,250,2.24297,21.4208,-0.796262,2.7126
0,250,2.887,22.4154,-0.0460904,4.14438
0,250,2.62381,23.4574,-0.503249,5.06989
0,250,3.04386,23.6933,-0.281692,3.65893
0,250,2.95447,24.0338,-0.361762,3.32083
0,250,3.29776,24.3379,-0.818458,2.70597
0,250,3.17143,25.0168,0.711031,3.02267
0,250,3.24893,25.3174,-0.574224,3.27211
0,250,3.39299,25.8377,-0.117039,3.5188
0,250,3.01356,26.2502,0.118719,3.69085
0,250,3.33088,26.4435,0.266934,2.70317
0,250,2.79455,26.9859,-0.295822,4.03313
0,250,3.10817,27.2476,0.119864,1.5646
0,250,3.46008,27.6277,-0.0125069,1.68935
0,250,3.0743,28.1896,1.60182,2.04718
0,250,4.12522,27.4287,-0.280455,0.908175
0,250,3.58316,28.0149,-0.930613,2.56091
0,250,3.69529,28.4441,-0.727701,1.3256
0,250,3.49291,29.3992,1.46312,1.5071
0,250,3.00117,29.578,-0.140411,2.47936
0,250,3.54476,29.8427,0.282656,0.357661
0,250,3.06377,30.0105,-0.814455,0.94589
0,250,3.18113,30.4668,1.57128,2.14562
0,250,3.64382,30.3627,-0.15635,-0.203219
0,250,4.58028,30.9552,1.2299,0.799753
0,250,5.08613,30.8225,2.4889,0.176797
0,250,4.04175,31.6658,0.700144,1.01158
0,250,3.05695,31.5999,-0.164573,0.108443
0,250,3.18775,31.9957,-0.351413,1.31819
0,250,4.13248,21.9798,1.03123,4.32402
0,250,3.5849,22.6806,0.191738,4.56582
0,250,3.82292,23.1568,0.647045,4.32785
0,250,3.50338,23.1944,-0.85272,3.70574
0,250,3.76813,23.6611,0.227676,3.09823
0,250,3.66723,23.9643,0.0529824,3.11498
0,250,3.65909,24.497,-0.369593,3.14122
0,250,3.74531,24.9672,-1.6361,2.60405
0,250,3.81869,25.5906,1.01917,3.4433
0,250,4.25177,25.7794,0.151514,3.78644
0,250,3.7976,26.0972,0.856213,2.05857
0,250,3.96719,26.5392,-0.105105,2.99782
0,250,3.45718,26.8599,0.480412,2.85755
0,250,4.23218,26.8316,-0.129893,1.44313
0,250,3.71326,27.1838,1.0454,3.15086
0,250,4.73939,27.7377,0.438194,2.22182
0,250,4.43493,28.1224,-0.780738,1.86415
0,250,4.08684,27.9788,0.303168,1.26719
0,250,3.99367,29.0613,2.36306,2.36529
0,250,4.00422,29.5567,-0.378325,0.158995
0,250,4.48183,29.9997,-0.223434,2.63019
0,250,4.75085,30.4564,0.351077,0.257125
0,250,4.04227,30.1076,0.994759,0.581535
0,250,5.35173,29.9108,0.519195,0.385044
0,250,4.27043,30.554,-0.179958,1.08118
0,250,5.24642,30.3815,-0.00981708,-0.366418
0,250,5.26049,31.2077,1.91402,0.464608
0,250,4.36319,31.3608,2.18757,0.284451
0,250,3.65015,32.0354,0.329588,-0.306324
0,250,4.25613,32.0726,0.517112,-1.02451
0,250,4.14095,22.489,0.233001,4.83552
0,250,4.39354,22.9013,0.70676,4.65646
0,250,4.47753,23.4457,0.607515,4.23537
0,250,4.38317,23.782,0.208548,3.80831
0,250,4.45248,24.1651,-0.142136,2.64038
0,250,4.16449,24.5261,-0.92044,2.95516
0,250,4.54406,24.7152,-0.0990603,2.91228
0,250,4.09309,25.1589,-0.567216,1.82419
0,250,4.54756,25.3921,0.765638,1.96577
0,250,4.73132,25.9423,0.140481,2.86856
0,250,4.40482,26.3043,-1.20213,2.55209
0,250,4.81028,26.6748,-0.336074,2.90758
0,250,5.03339,26.9719,1.00879,0.0141395
0,250,4.46198,27.2717,1.28687,2.76578
0,250,5.0156,27.4343,0.630547,1.92582
0,250,5.13796,28.0815,0.813707,3.25699
0,250,4.72959,28.5164,-0.075421,1.81261
0,250,4.16005,28.6054,-0.695514,0.840498
0,250,4.53841,29.0045,-0.499164,2.54357
0,250,4.46689,29.4781,0.572406,2.63263
0,250,4.89093,29.8066,0.787116,2.06685
0,250,5.72054,29.4359,2.48929,1.59457
0,250,5.88095,29.8124,1.85808,0.875416
0,250,5.73047,30.3469,1.84553,1.99071
0,250,5.74034,30.8457,-0.198434,0.131385
0,250,5.91174,31.2247,1.67388,1.23132
0,250,5.33274,31.6151,2.43702,0.917329
0,250,4.83246,31.4886,1.13756,-1.93774
0,250,4.68326,31.9335,2.79563,-0.795267
0,250,5.12846,32.0672,-0.0606078,0.0833495
0,250,4.61473,21.9723,0.0736137,4.63196
0,250,4.83408,22.2902,0.376379,4.47253
0,250,4.70753,22.7973,0.616171,4.28344
0,250,5.04028,23.4324,0.318789,4.38255
0,250,5.06771,23.824,-0.00138137,2.97826
0,250,4.96867,24.2984,0.296136,2.61605
0,250,5.16127,24.6683,1.14405,2.8887
0,250,4.90867,25.0593,0.268339,3.46738
0,250,5.46504,25.2693,1.11877,2.70076
0,250,5.07646,25.5401,1.32013,2.11403
0,250,5.41932,25.8956,0.467301,2.28429
0,250,5.0877,26.2695,0.618318,1.83805
0,250,5.54327,26.8575,0.936783,1.74339
0,250,5.78321,27.1821,-0.190508,2.76892
0,250,5.44944,27.5902,-0.016626,1.6496
0,250,5.59797,28.0641,-0.147185,1.21291
0,250,5.21553,28.5354,0.594381,2.18248
0,250,5.78195,28.5182,1.44672,3.40487
0,250,4.99375,29.0281,0.397895,2.28556
0,250,5.56655,28.9419,0.785699,1.01072
0,250,5.17666,29.4085,-0.0567318,1.25716
0,250,6.08061,29.0927,0.801278,2.16322
0,250,6.50131,29.7986,2.49603,0.964777
0,250,6.20309,30.2077,1.3531,1.86154
0,250,6.19043,30.6741,0.830749,1.39591
0,250,6.69515,31.0116,0.828101,0.0639903
0,250,6.41437,31.3919,0.430019,0.955111
0,250,6.23034,31.9976,0.362617,1.98105
0,250,5.86452,31.6409,0.252225,1.40806
0,250,5.71641,32.1021,2.81028,2.03197
0,250,5.54029,22.453,0.371317,4.65792
0,250,5.32775,22.9608,-0.271374,4.22978
0,250,5.53835,23.2637,1.08233,3.79701
0,250,5.63487,23.6987,0.412456,3.07673
0,250,5.55582,24.1095,0.697587,3.18374
0,250,5.77982,24.4636,0.954724,2.80352
0,250,5.65993,24.8795,0.529414,3.144
0,250,6.06057,25.2296,2.17681,2.87378
0,250,5.91126,25.6358,1.02387,1.94423
0,250,5.971,26.1255,0.368585,2.40096
0,250,6.26918,26.4068,1.87615,2.02815
0,250,5.54273,26.4026,0.200101,2.40518
0,250,6.15683,26.8448,1.93879,2.15477
0,250,6.42338,27.1622,3.0454,2.27173
0,250,5.9994,27.6211,1.54983,1.02194
0,250,6.93346,27.9291,0.344721,1.62647
0,250,6.19132,27.9668,0.217701,3.16622
0,250,6.58751,28.2673,2.40494,1.30519
0,250,6.21949,28.5655,1.77902,1.12645
0,250,6.99501,29.1514,1.85117,1.45817
0,250,6.42065,29.3198,1.41859,1.54524
0,250,6.94023,29.5879,1.18633,0.313216
0,250,6.88463,30.0805,1.10881,-0.446296
0,250,7.32576,30.2411,0.477705,1.25102
0,250,6.67522,30.5328,1.74564,1.57911
0,250,6.93344,31.3792,0.00124758,0.790127
0,250,6.66371,31.8099,-0.348969,0.413683
0,250,7.33513,31.6923,-0.413463,-0.227993
0,250,7.01173,32.0841,0.971372,0.74045
0,250,7.65,32.0682,1.70437,-0.0725066
0,250,5.66144,22.4523,0.487959,5.11127
0,250,6.33259,22.4741,1.28638,4.20878
0,250,6.09463,22.9325,0.261685,3.62652
0,250,6.27514,23.3372,0.868518,2.76024
0,250,6.18049,23.7475,-0.0498533,2.41612
0,250,6.31165,24.106,0.887936,2.90176
0,250,6.28362,24.5064,0.241482,3.50563
0,250,6.45099,24.9336,0.644831,3.357
0,250,6.62521,25.3327,1.18032,2.72249
0,250,6.39903,25.7733,0.586069,2.20163
0,250,6.82058,26.0052,1.91379,2.48493
0,250,6.71777,26.5015,0.558679,2.69267
0,250,7.0525,26.8027,1.27807,1.83653
0,250,6.93612,27.2173,0.98011,1.88691
0,250,6.61305,27.5857,0.620091,2.66126
0,250,7.44209,28.1094,2.04285,0.83049
0,250,7.09861,28.4449,1.82422,1.55486
0,250,7.35256,28.7896,0.817029,1.45543
0,250,6.65223,28.8242,0.721766,2.16362
0,250,7.86136,28.9221,2.69211,0.961595
0,250,7.50372,29.3453,2.52631,1.09888
0,250,7.53397,29.7668,0.727266,-0.487925
0,250,7.78175,30.351,1.12155,0.210226
0,250,8.1102,30.5933,2.25006,-0.570906
0,250,7.13973,30.7221,1.23334,0.0102239
0,250,7.54792,30.811,0.891309,0.419045
0,250,7.53799,31.2574,-0.510186,0.0679757
0,250,8.47882,31.4895,1.31195,-0.40967
0,250,7.91459,31.7427,1.30724,0.26249
0,250,8.36839,32.0226,1.49354,0.665455
0,250,6.86991,22.2466,0.986433,4.52796
0,250,6.55098,22.9478,1.17394,4.09333
0,250,6.97387,23.3279,1.19682,3.33386
0,250,6.80327,23.6884,0.427577,2.94307
0,250,6.97091,24.1066,0.781267,3.33004
0,250,6.88844,24.5111,0.646984,2.69394
0,250,7.08566,24.8688,1.05768,3.64587
0,250,7.13434,25.3539,1.08112,3.46891
0,250,7.14838,25.7835,0.940752,3.19264
0,250,7.68476,26.269,2.59334,3.24043
0,250,7.26246,26.4111,1.00957,1.76812
0,250,7.76292,26.803,2.15472,2.21762
0,250,7.64866,27.1387,1.51193,2.67702
0,250,7.73503,27.6516,0.878259,2.79457
0,250,7.30356,27.5457,1.11904,2.31501
0,250,8.13749,27.8851,1.35451,1.83287
0,250,7.79258,28.41,1.44164,1.84573
0,250,8.19891,28.4574,1.94524,1.0568
0,250,8.48665,28.9466,2.09857,1.7432
0,250,8.53719,29.5341,0.227035,-0.524583
0,250,8.09065,29.2977,0.0617303,1.10087
0,250,7.95778,29.7865,0.756716,2.52184
0,250,8.38226,29.9913,0.357038,0.464317
0,250,8.60653,30.376,1.77543,0.228522
0,250,8.34315,30.9091,0.917368,2.05651
0,250,8.83555,31.0964,2.41906,0.40433
0,250,8.00352,31.2603,2.05782,-0.483926
0,250,8.8888,31.6583,4.2976,0.334174
0,250,8.89374,32.0847,2.6322,-1.27409
0,250,9.48583,32.0175,3.42987,2.02857
0,250,7.11058,22.6322,1.06545,4.9317
0,250,7.4265,22.9237,1.13279,4.53783
0,250,7.43345,23.3916,1.28364,3.35336
0,250,7.42436,23.8188,1.61056,2.54904
0,250,7.48556,24.2925,0.731173,4.38753
0,250,7.70472,24.6333,1.47834,3.58014
0,250,7.56644,25.0368,1.39925,3.51682
0,250,7.8908,25.4257,2.29475,2.84912
0,250,7.67685,25.7451,0.766155,3.27237
0,250,8.07633,26.1161,1.50888,2.90746
0,250,8.25876,26.6034,1.65612,3.83855
0,250,8.24573,27.0892,1.11198,3.694
0,250,8.32688,27.4669,3.11366,3.4212
0,250,8.89383,27.6782,1.86064,1.89384
0,250,8.55803,28.0468,2.29097,3.20526
0,250,9.10682,28.1439,1.95819,1.67528
0,250,8.77504,28.5453,2.31487,2.25331
0,250,9.25617,28.6436,3.67121,1.09633
0,250,8.88771,29.0869,2.90503,2.61019
0,250,9.19215,29.4644,1.86866,2.50319
0,250,9.52202,29.8087,2.01033,0.260531
0,250,9.60636,30.3702,3.25559,1.06734
0,250,8.90423,29.8653,2.38937,0.850737
0,250,9.19768,30.2427,2.56572,0.445029
0,250,8.97233,30.6783,1.93373,-0.0201
0,250,9.97874,30.8933,2.91031,0.174555
0,250,9.33408,31.2746,1.77412,0.637654
0,250,9.97342,31.2918,4.12549,0.281056
0,250,9.56143,31.6546,4.80702,-0.624121
0,250,10.1029,32.0461,0.868059,0.592046
0,250,8.0188,22.5549,1.41064,4.66087
0,250,8.08429,23.1409,0.965659,3.52838
0,250,8.03162,23.5883,0.619699,3.80019
0,250,7.99581,24.0147,0.925339,3.41579
0,250,8.24915,24.3305,1.85495,3.34151
0,250,8.35451,24.7493,1.02823,3.45902
0,250,8.26842,25.1305,0.944464,2.9057
0,250,8.49784,25.5536,1.60745,2.84566
0,250,8.53019,25.9629,2.31651,2.49595
0,250,8.77555,26.3744,1.95093,3.35906
0,250,8.78817,26.7754,1.36141,3.13985
0,250,9.37313,27.1076,2.69278,3.11166
0,250,8.91025,27.2122,1.2644,2.1642
0,250,9.83998,27.4064,3.23334,3.42535
0,250,9.36243,27.6269,2.90423,1.58407
0,250,9.62169,28.106,1.60083,1.08037
0,250,9.66476,28.7674,2.07156,1.01762
0,250,10.1766,29.2271,2.17281,1.76103
0,250,9.56863,29.1993,3.13944,0.168914
0,250,10.4373,29.6919,3.14445,-0.0135177
0,250,9.93898,29.5979,2.54793,0.521248
0,250,10.0928,30.1495,2.31122,2.22761
0,250,10.1965,30.4423,4.08287,-1.5154
0,250,10.8506,30.4596,2.94416,0.619309
0,250,9.49044,30.8634,3.63267,0.300344
0,250,10.5242,30.953,1.9679,-0.0737634
0,250,10.6788,31.2202,2.74726,-0.210319
0,250,11.2018,32.0388,1.47766,2.19092
0,250,10.2397,31.6751,2.94618,-0.854579
0,250,10.6337,31.933,2.92712,-0.303772
0,250,8.37876,22.7198,1.53663,4.42646
0,250,8.54111,23.2436,2.08361,4.07734
0,250,8.55383,23.6581,1.12246,3.18272
0,250,8.76439,24.0719,0.315613,4.22542
0,250,8.84397,24.499,0.900945,4.17346
0,250,8.98114,24.932,1.67762,4.24585
0,250,8.92804,25.3094,1.37068,3.16312
0,250,9.14305,25.7097,1.72748,2.9002
0,250,9.19361,26.0855,2.02758,4.01311
0,250,9.61065,26.3143,2.46436,3.24639
0,250,9.39786,26.6455,2.66823,2.62083
0,250,9.95998,26.9798,1.82005,2.24821
0,250,10.3599,27.2926,3.8645,1.66929
0,250,10.4984,28.0591,2.89404,1.92497
0,250,9.99118,27.8486,3.43043,1.3934
0,250,10.644,28.4677,2.61387,1.95173
0,250,9.9893,28.4156,2.18887,2.1375
0,250,10.3146,28.7826,2.87296,2.20293
0,250,10.6651,29.1495,3.62517,0.311527
0,250,11.3199,30.1036,3.22317,1.7213
0,250,10.9555,29.6423,2.80095,1.11088
0,250,12.0738,30.3841,3.52165,1.7149
0,250,10.7792,30.0835,3.00885,0.552588
0,250,11.5886,30.4339,2.42614,0.249432
0,250,11.1258,30.7609,2.91848,1.92386
0,250,11.3592,31.3879,2.34104,1.83782
0,250,10.9574,31.6183,3.48723,-0.237852
0,250,11.6005,31.8113,2.52976,-0.333937
0,250,12.3131,31.8071,2.36419,0.821897
0,250,12.0185,32.1718,3.24181,-2.05309
0,250,9.07483,22.9093,1.29258,4.34983
0,250,9.21841,23.358,1.63972,2.95446
0,250,9.20015,23.7417,1.76841,3.3023
0,250,9.38341,24.1524,1.83406,2.96363
0,250,9.42951,24.5229,2.09874,3.48577
0,250,9.59829,24.9403,2.22636,4.37084
0,250,9.63007,25.3947,1.41174,3.43615
0,250,9.84484,25.6519,1.91828,2.99184
0,250,9.99791,26.0824,2.97736,3.32496
0,250,10.1861,26.638,2.0129,3.39777
0,250,10.693,26.8534,2.30613,2.72636
0,250,10.9248,27.1857,3.10998,3.38813
0,250,10.6099,27.6725,2.87684,1.93291
0,250,11.1676,27.6441,3.37782,3.58617
0,250,11.133,28.0502,2.6378,2.42848
0,250,11.071,28.6397,2.44803,2.97605
0,250,11.1316,29.1786,3.25233,0.0178933
0,250,11.6148,29.0458,4.14012,1.13804
0,250,11.4733,29.5694,2.80519,1.57739
0,250,11.842,29.8664,3.70294,1.70611
0,250,12.3372,29.9726,3.70849,1.2706
0,250,12.4088,30.7362,3.67486,1.7756
0,250,11.9707,30.909,2.69978,1.10877
0,250,12.3712,31.3028,3.58647,0.60529
0,250,11.5169,30.9874,2.19119,0.121994
0,250,12.94,30.822,4.09518,1.31215
0,250,11.9141,31.5079,2.9293,-0.323645
0,250,12.7526,31.2752,4.49432,-1.10808
0,250,13.0346,31.7412,3.83007,0.770897
0,250,12.6732,32.0448,4.77917,0.483654
0,250,9.53667,22.9207,1.77106,4.36413
0,250,9.7497,23.5675,1.41455,2.77995
0,250,9.97138,23.8448,1.97313,2.99417
0,250,10.0502,24.2864,1.56807,3.4637
0,250,10.1924,24.6865,1.70264,4.17759
0,250,10.3061,25.022,2.5527,3.45576
0,250,10.3579,25.4314,2.45863,3.34307
0,250,10.5708,25.7909,3.32954,3.20481
0,250,10.4776,26.2671,1.86397,3.88621
0,250,10.9577,26.4108,3.17313,2.83736
0,250,11.3317,26.7392,3.2969,3.07837
0,250,11.5124,27.3057,2.88892,1.81949
0,250,11.9309,27.7596,3.43348,3.51436
0,250,12.0652,28.3639,4.02144,1.3742
0,250,11.6299,28.0225,2.22449,2.08501
0,250,11.4751,28.5668,3.65847,1.01935
0,250,11.9726,28.7465,1.89595,1.89458
0,250,12.3647,29.2792,3.31543,1.4582
0,250,11.9975,29.4246,2.26358,2.18927
0,250,12.697,29.7635,4.98493,1.60853
0,250,12.7358,30.3463,2.56782,-0.187285
0,250,13.7194,30.0733,4.37599,0.414206
0,250,13.4657,30.4176,4.8965,1.85326
0,250,14.5493,30.6057,4.72405,1.51049
0,250,13.9383,30.5365,3.81763,-1.22477
0,250,13.4028,30.8576,6.28825,-0.909663
0,250,13.2911,31.2708,4.43272,-1.35832
0,250,13.6812,31.662,4.38721,1.57959
0,250,14.3401,31.7488,2.98964,0.728138
0,250,13.3492,32.0182,4.72488,-1.00216
0,250,10.3219,23.1392,1.65135,3.84035
0,250,10.4548,23.5307,2.68609,4.85516
0,250,10.5765,24.0152,3.15601,3.12297
0,250,10.7451,24.3837,3.18919,3.72149
0,250,10.8822,24.8175,2.3441,4.28775
0,250,10.9875,25.1773,1.86167,2.81475
0,250,11.0258,25.6202,1.95131,2.86098
0,250,11.2024,25.9889,2.82629,3.4527
0,250,11.557,26.2616,4.08109,2.45828
0,250,11.7571,26.7963,4.21681,2.86885
0,250,11.9505,27.2715,4.64654,2.73802
0,250,12.4934,27.5513,3.42977,1.08054
0,250,12.4329,27.979,3.77026,2.60709
0,250,13.1315,28.1332,3.85587,2.8837
0,250,12.7077,28.3262,4.46547,1.85224
0,250,12.8363,29.2472,4.81384,2.48212
0,250,12.5401,28.7689,2.65215,0.858365
0,250,13.2359,29.6156,3.76901,1.15141
0,250,13.0987,30.0773,3.46022,2.05749
0,250,14.3439,29.3734,4.57,0.227041
0,250,14.1176,29.8031,6.65985,-0.589249
0,250,15.0925,30.7513,5.3328,-0.0750325
0,250,14.3892,30.2257,5.05544,-0.237783
0,250,14.7829,31.0681,3.92913,0.562088
0,250,14.109,30.9741,5.72683,1.28095
0,250,14.476,31.3661,3.42214,-0.129035
0,250,13.8852,31.2636,4.44584,1.16707
0,250,15.0318,31.7744,4.57089,1.68442
0,250,15.9862,31.9756,4.60832,-2.19318
0,250,14.002,32.0781,6.09238,3.66175
0,250,10.8611,23.2931,2.86163,4.77709
0,250,11.1324,23.7515,1.25543,3.99058
0,250,11.2798,24.2225,2.05439,4.06801
0,250,11.4037,24.5882,2.16104,3.22843
0,250,11.68,25.0104,3.32346,4.34481
0,250,11.6924,25.3915,2.02141,3.16549
0,250,11.87,25.7157,2.61626,4.11232
0,250,12.0625,26.1094,2.72122,3.51525
0,250,12.2199,26.5144,2.97904,3.64533
0,250,12.35,26.9749,3.05487,3.61577
0,250,12.7717,27.0636,2.69215,2.30024
0,250,12.9396,27.619,5.15841,2.0814
0,250,13.5337,27.9607,3.10446,3.25765
0,250,13.423,28.5048,2.83551,1.95414
0,250,13.0277,28.8183,3.41576,2.13226
0,250,13.8142,28.6461,4.06902,2.1703
0,250,13.4503,29.1249,2.86448,1.97731
0,250,13.9887,29.0714,4.56199,1.03918
0,250,13.711,29.533,4.13557,0.074829
0,250,15.1671,29.6852,5.27119,2.00257
0,250,14.7226,29.79,4.28831,0.888155
0,250,15.3857,30.2919,2.82639,0.479297
0,250,15.523,30.9309,5.2273,0.278648
0,250,15.9242,30.887,7.30587,2.19026
0,250,15.9213,31.3558,5.17801,0.332053
0,250,16.5768,30.8998,7.36143,0.236718
0,250,15.2149,31.3542,4.14279,-0.560725
0,250,15.5859,31.6413,4.90754,1.43877
0,250,16.8896,32.0271,4.98351,-0.0289184
0,250,14.7378,32.0136,3.46217,-0.0347254
0,250,11.4909,23.4411,1.20804,3.67105
0,250,11.7376,23.8914,2.04979,4.69904
0,250,11.984,24.255,2.76571,5.02652
0,250,12.0777,24.704,2.03241,4.08077
0,250,12.2792,25.1031,2.38712,3.60784
0,250,12.4027,25.4652,2.60886,3.77266
0,250,12.6568,25.8614,2.92941,3.91122
0,250,12.6453,26.2843,2.70931,3.68014
0,250,12.9927,26.6271,3.30639,3.71194
0,250,13.3258,27.0053,3.18188,3.2036
0,250,13.3272,27.3963,2.54123,2.02665
0,250,13.8627,27.658,4.30299,2.49024
0,250,14.1439,27.9808,3.54068,1.50341
0,250,14.2068,28.4577,4.04907,1.62164
0,250,15.0911,28.8963,4.64629,3.13333
0,250,14.7583,29.2606,5.99755,2.15776
0,250,14.5478,28.7938,4.20867,0.946044
0,250,16.1006,29.4369,5.34723,1.79429
0,250,15.4663,29.3325,5.45488,0.632753
0,250,15.6301,29.8174,5.98526,0.37248
0,250,14.959,30.2363,3.98352,1.73573
0,250,15.8482,30.3543,4.26179,1.38644
0,250,16.3096,30.5041,4.92727,-0.19903
0,250,17.671,31.0528,4.59336,0.956907
0,250,17.1726,31.0666,5.05189,0.907863
0,250,16.4383,31.2832,5.14567,0.242593
0,250,16.3257,31.8255,7.78008,1.85135
0,250,17.7347,31.7293,5.25545,-1.04618
0,250,17.3293,32.0546,5.48846,1.68254
0,250,15.4179,32.1936,4.66843,0.585707
0,250,12.1731,23.6137,3.55494,3.74375
0,250,12.4198,24.0481,2.69096,4.27924
0,250,12.6449,24.5286,3.00887,4.77388
0,250,12.8841,24.8919,2.74829,4.11072
0,250,13.0168,25.3444,2.5206,3.67118
0,250,13.2133,25.6503,2.78376,3.3544
0,250,13.2527,26.1261,2.74958,4.37585
0,250,13.5801,26.3433,3.46093,3.19158
0,250,13.7782,26.8079,3.31902,2.64234
0,250,14.0306,27.1643,4.10089,1.9158
0,250,14.382,27.4631,4.30046,3.65376
0,250,14.6327,27.9482,3.46576,3.01225
0,250,14.7998,28.391,3.32609,3.28952
0,250,15.4055,28.6471,5.27198,2.26681
0,250,15.7901,29.0878,4.4244,0.67552
0,250,16.1724,28.6989,5.92016,0.163328
0,250,16.449,29.0884,4.49537,2.46491
0,250,17.2879,29.3051,5.05798,1.64338
0,250,16.7126,29.4505,4.90915,1.46418
0,250,17.0157,29.7584,6.10457,0.897948
0,250,16.13,29.8856,5.14317,1.31768
0,250,16.5152,30.0408,5.35032,-0.59193
0,250,16.9584,30.6572,5.27414,0.795898
0,250,17.5119,30.3765,5.86257,2.79184
0,250,18.6329,31.1938,6.2425,0.293773
0,250,19.6694,31.6841,7.91083,2.37595
0,250,17.2822,31.4733,6.38962,1.8605
0,250,18.0343,31.2788,5.21488,-0.209888
0,250,18.6273,32.0503,4.78626,-0.491483
0,250,16.7993,31.586,4.98877,-2.01719
0,250,12.7895,23.8034,2.86889,4.15377
0,250,13.0623,24.2961,2.82932,4.62043
0,250,13.3454,24.7289,2.79782,4.7626
0,250,13.6048,25.1145,3.31778,3.9811
0,250,13.8586,25.532,3.46106,4.21342
0,250,13.8229,25.8903,2.41428,4.01606
0,250,14.3047,26.1526,3.75165,4.12078
0,250,14.1844,26.5235,3.02633,2.40086
0,250,14.5941,26.88,3.85033,2.02393
0,250,14.8148,27.2239,4.70503,2.33852
0,250,15.0703,27.7573,3.40915,3.22136
0,250,15.3098,28.2168,4.68578,4.90993
0,250,15.7606,27.9653,3.49975,1.61532
0,250,15.9964,28.3876,4.82471,1.09239
0,250,16.8535,28.8326,5.00859,1.08103
0,250,17.3032,28.8533,5.93296,1.24946
0,250,17.5523,29.6757,6.14069,1.14335
0,250,18.4259,29.9888,9.05868,1.21759
0,250,17.7369,30.1132,7.52926,2.28089
0,250,19.0747,30.0597,8.40808,2.11514
0,250,18.3448,30.3971,6.75294,1.13241
0,250,17.9218,30.6777,5.13425,0.975632
0,250,17.0007,30.2187,6.82539,0.422877
0,250,18.4497,30.8187,5.01847,1.63507
0,250,19.0975,31.4112,9.26107,1.10896
0,250,19.0148,31.8135,8.3887,-0.473153
0,250,18.3641,31.614,6.92613,0.856544
0,250,20.5014,32.0181,7.01495,-0.609199
0,250,20.4817,31.5889,5.39666,0.00971571
0,250,18.0662,32.0026,5.71113,-0.991739
0,250,13.453,23.9425,3.21853,4.05982
0,250,13.7658,24.4521,3.65096,4.31275
0,250,14.0319,24.899,3.43841,4.26983
0,250,14.4128,25.2958,3.65059,3.98951
0,250,14.514,25.6768,3.43729,4.09381
0,250,14.9087,25.9791,3.88768,3.94147
0,250,14.7831,26.4685,3.07185,4.09726
0,250,15.2755,26.5358,2.9015,2.85514
0,250,15.3242,26.9802,3.30485,2.3552
0,250,15.3482,27.4478,4.1797,2.42736
0,250,15.9885,27.6414,3.48165,2.36121
0,250,16.3949,28.0951,3.58015,2.83666
0,250,16.778,28.3638,5.1691,1.57031
0,250,17.5365,28.462,5.99422,0.914067
0,250,17.8618,29.2426,4.45352,2.8155
0,250,18.2049,29.6834,6.60679,1.2867
0,250,18.8041,29.5974,6.18644,1.15414
0,250,19.3052,29.6571,6.25546,2.0363
0,250,19.8111,30.1442,8.88103,0.211979
0,250,20.541,29.8826,8.6989,0.667894
0,250,18.939,30.4892,5.75406,1.93223
0,250,20.3461,30.3082,8.45049,1.64917
0,250,19.4214,30.4703,7.9188,0.981724
0,250,19.153,30.9174,6.01866,0.689533
0,250,19.5544,31.1416,7.16296,-0.403478
0,250,21.7595,31.0124,8.47907,0.372332
0,250,19.9883,32.0061,6.7019,1.30926
0,250,21.0825,31.2019,7.65512,1.31954
0,250,21.5993,31.4172,7.89811,-0.465022
0,250,19.3875,32.1333,6.79546,0.219618
0,250,14.2233,24.2079,3.71764,4.52178
0,250,14.5266,24.6981,3.86971,4.56618
0,250,14.9467,25.1418,4.30357,4.14711
0,250,15.1483,25.6825,3.7243,4.60814
0,250,15.5479,26.0929,3.54746,3.05696
0,250,15.7655,26.4633,4.77911,3.59879
0,250,16.0672,26.8187,4.64881,3.2187
0,250,15.8043,27.1418,3.74699,3.69644
0,250,16.4922,27.0917,4.24506,1.60789
0,250,16.4827,27.5131,5.1338,2.52387
0,250,16.8678,27.8901,4.01261,2.07446
0,250,17.323,28.095,4.14467,2.08907
0,250,17.9253,28.7395,7.0005,2.35686
0,250,18.2717,29.1326,7.05801,3.05961
0,250,18.794,29.2152,7.22018,1.58142
0,250,19.3875,29.1883,7.54859,2.39174
0,250,19.7976,29.8242,7.40298,1.40097
0,250,21.0153,30.1533,7.75772,2.51937
0,250,20.7145,30.5352,5.89859,1.54734
0,250,22.1422,30.5636,9.87831,1.40847
0,250,19.8696,30.7354,6.38146,0.9116
0,250,20.2434,30.8804,8.1283,1.38519
0,250,20.6029,31.1321,6.30702,-0.559567
0,250,21.1895,30.6716,7.92691,0.00923487
0,250,20.004,31.4162,10.0503,-0.271269
0,250,21.9655,31.7978,5.50585,0.672936
0,250,21.0322,32.0255,6.22793,-2.61142
0,250,22.2205,32.0475,6.02203,0.734586
0,250,23.1954,31.9526,8.12745,-0.906892
0,250,21.1017,31.5451,9.09737,-0.612575
0,250,14.8465,24.4891,3.94144,4.91078
0,250,15.2016,24.7874,3.71262,4.05398
0,250,15.607,25.3783,4.61872,4.32611
0,250,15.9333,25.8338,4.20276,4.07303
0,250,16.3583,26.1686,5.05504,3.94553
0,250,16.5266,26.6054,4.06919,2.47848
0,250,17.1008,26.9995,5.9717,3.2754
0,250,17.0604,27.3611,4.70495,3.04465
0,250,17.4317,27.674,6.13355,1.01496
0,250,17.9009,28.05,5.24885,2.91282
0,250,18.3,28.3019,5.386,2.66804
0,250,18.5143,28.6747,6.59553,2.19323
0,250,19.0776,28.8047,5.25458,2.0048
0,250,19.8504,29.2031,7.5943,2.39508
0,250,20.2397,29.4868,6.08532,0.814906
0,250,20.9481,29.5607,8.71055,0.73462
0,250,21.6038,30.5541,8.97176,3.1206
0,250,22.0232,30.0576,8.68311,1.65747
0,250,22.3834,30.9062,7.39653,0.682134
0,250,23.0322,30.6459,8.42256,-0.221081
0,250,22.1688,31.3426,8.03602,2.85264
0,250,22.9343,30.9463,8.90765,0.411532
0,250,22.6026,31.4734,7.18786,2.12692
0,250,23.0171,31.4438,8.69424,-0.627166
0,250,22.739,32.0283,4.35631,3.03664
0,250,24.1004,31.265,10.6227,-1.91815
0,250,23.6306,31.6751,9.69722,-0.691853
0,250,23.7652,32.0389,8.16503,-3.38695
0,250,25.3959,31.95,9.4044,0.37548
0,250,21.4769,32.1044,8.7164,2.52677
0,250,15.623,24.8403,4.09938,4.78369
0,250,16.1542,25.4661,5.31433,5.13573
0,250,16.5681,25.7778,5.14383,4.49852
0,250,16.965,26.4752,4.83119,3.88588
0,250,17.5872,26.7073,5.93187,4.10847
0,250,17.724,27.1055,4.76616,3.77435
0,250,17.9377,27.4655,5.1046,3.23231
0,250,18.2634,27.7597,6.81393,3.17647
0,250,18.7445,27.9882,5.9724,2.86772
0,250,18.9853,28.3592,5.61221,2.30905
0,250,19.6056,28.6945,8.04811,3.5384
0,250,20.1498,28.8764,7.46244,3.06797
0,250,20.6192,29.1997,7.17849,1.44199
0,250,21.2884,29.352,7.90275,1.46044
0,250,21.4684,30.0589,7.57602,2.95179
0,250,22.546,29.7995,9.48875,1.22484
0,250,22.5673,30.2943,7.26401,-0.0804049
0,250,23.6191,30.3778,9.36962,1.30646
0,250,23.6757,30.8889,9.04099,1.84275
0,250,24.6601,30.6747,9.55948,0.347027
0,250,23.4917,31.2209,8.31916,0.39235
0,250,24.9227,31.062,8.99731,-2.48563
0,250,24.2587,30.8818,11.0579,0.449776
0,250,25.6703,31.1088,8.53542,0.0264166
0,250,24.6335,31.4481,11.1229,0.401843
0,250,24.2206,31.734,9.48149,-0.177944
0,250,24.9014,31.8319,9.84346,0.0540091
0,250,26.1168,31.5203,6.56501,0.75363
0,250,26.4189,31.7249,7.14706,2.38146
0,250,24.5069,32.0805,8.72048,-1.06477
0,250,16.165,24.9544,4.40355,4.77491
0,250,16.7428,25.2647,5.22132,3.94221
0,250,17.2198,25.9754,4.97214,4.29225
0,250,17.6487,26.3474,6.02203,2.45663
0,250,18.264,26.9821,6.23596,4.54659
0,250,18.8126,27.463,7.09224,3.20627
0,250,19.1724,27.6855,6.98895,2.30587
0,250,19.4745,28.1589,5.77746,3.31902
0,250,19.9247,28.3691,6.30251,3.31653
0,250,20.61,28.5452,8.04046,2.62725
0,250,21.0081,28.8757,7.51971,2.15657
0,250,21.8274,29.2162,8.96502,0.300183
0,250,21.8222,29.7378,7.56913,2.20649
0,250,23.0549,29.7137,8.83095,0.0841816
0,250,23.0577,30.1469,9.73603,0.975235
0,250,24.2161,30.0215,10.1829,-1.27722
0,250,24.1166,30.4155,10.1836,0.42901
0,250,25.2131,30.456,12.259,1.3568
0,250,25.4976,30.8611,8.34858,0.110198
0,250,26.0513,30.6783,10.3473,-0.0104492
0,250,26.3438,31.1077,9.2083,1.0997
0,250,27.0879,31.4837,8.98938,0.369416
0,250,26.7376,30.9809,8.98023,-1.31626
0,250,26.8613,31.6566,7.1596,6.1831
0,250,25.2676,31.4698,12.0709,-1.06214
0,250,27.6575,30.9293,8.69113,0.196363
0,250,25.7353,31.8046,10.5678,3.00658
0,250,27.6074,31.409,10.3977,-1.39331
0,250,28.021,32.0594,8.79137,3.23358
0,250,26.2087,32.1454,12.0902,1.2355
0,250,17.1008,25.4716,4.61645,4.94264
0,250,18.0426,26.0797,6.51102,3.58745
0,250,18.413,26.5783,6.21058,4.44428
0,250,18.6745,27.0934,6.2084,3.50536
0,250,19.7936,27.3814,7.70531,1.87469
0,250,19.8024,27.7305,8.21106,4.30261
0,250,20.4618,28.1176,9.28686,3.04336
0,250,21.0865,28.3774,8.54753,1.46374
0,250,21.488,28.8727,9.83881,2.87797
0,250,22.1386,28.8476,9.31596,0.267546
0,250,22.3142,29.3887,9.60015,1.74216
0,250,23.348,29.2485,10.1372,-0.241845
0,250,23.5966,29.9223,11.0768,-0.0408839
0,250,24.2876,29.6707,10.483,2.67921
0,250,24.8242,30.2034,10.6321,1.10033
0,250,25.5243,29.9665,9.73146,-0.489198
0,250,25.786,30.2053,9.18032,-1.89145
0,250,26.3652,30.4806,8.25458,-0.979161
0,250,26.902,30.5376,8.11963,-3.10592
0,250,27.343,30.7318,10.2333,-1.52182
0,250,28.5327,30.5674,11.4794,-2.67631
0,250,29.0231,30.3806,10.6736,-0.521765
0,250,28.5466,30.9124,7.78785,-5.49116
0,250,28.0937,31.389,8.34637,-1.65928
0,250,28.0926,30.7877,11.1238,-0.954435
0,250,28.4317,31.7311,7.86037,-3.77881
0,250,27.5035,31.947,6.46373,-0.210258
0,250,28.7677,32.0131,0.616762,-0.162007
0,250,30.1897,30.933,8.63819,-0.853381
0,250,26.9827,32.2519,3.30069,-0.575486
0,250,17.6013,25.8009,5.69565,4.78674
0,250,18.4329,26.0428,5.77568,4.20339
0,250,19.1737,26.8037,5.91456,3.9115
0,250,19.4585,27.0315,6.38103,3.349
0,250,20.5028,27.7994,8.2951,1.17646
0,250,21.1761,28.0026,9.85711,2.78607
0,250,21.8441,28.5399,9.33135,3.66069
0,250,22.675,28.7292,9.33203,0.556031
0,250,22.7092,29.211,7.19276,1.381
0,250,23.8093,29.0418,10.4599,0.751859
0,250,23.8155,29.5384,10.8723,0.0481015
0,250,24.9316,29.4012,10.7669,0.723651
0,250,24.9938,29.8421,9.31271,-0.65972
0,250,26.3279,29.9465,9.64051,0.0826991
0,250,26.8374,30.0215,11.1224,-3.18571
0,250,27.2173,30.1394,10.3103,-2.62849
0,250,27.6666,30.1464,10.2866,-1.50927
0,250,27.9325,30.324,10.1597,-0.849406
0,250,28.5617,29.6013,8.67656,-4.8306
0,250,29.1137,31.1615,10.201,-0.431346
0,250,28.8473,31.4203,6.42106,3.06587
0,250,29.3214,30.1271,2.61092,-2.60074
0,250,29.7523,30.8558,5.99291,-4.90787
0,250,30.4995,30.4124,2.85229,-2.94204
0,250,29.3662,31.4888,3.99405,-8.59455
0,250,30.1181,30.1381,11.2354,0.273841
0,250,29.8671,30.434,7.10899,-10.9598
0,250,30.3765,31.4301,3.98283,2.03118
0,250,29.6132,31.9149,5.58135,-1.17422
0,250,29.2007,31.9787,-1.60686,-5.10885
0,250,18.683,26.2708,6.72362,3.59389
0,250,20.174,27.0382,7.99348,3.07174
0,250,20.4231,27.383,8.28591,3.32772
0,250,21.1091,27.6292,8.89533,2.90874
0,250,22.0957,28.1257,10.6894,1.26545
0,250,22.6404,28.3531,9.17918,2.68823
0,250,23.1488,28.8705,8.37991,0.998235
0,250,24.5149,28.8058,10.1221,-0.408563
0,250,24.4484,29.2199,10.3058,1.10243
0,250,25.5103,29.4258,9.97058,1.42762
0,250,26.0337,29.6563,12.5681,-1.93109
0,250,26.4279,29.4291,10.526,-1.09575
0,250,26.8445,29.4659,11.4216,-4.95965
0,250,28.0365,29.1191,7.90888,-2.72949
0,250,27.9933,29.6518,13.891,-3.35266
0,250,29.3218,29.4463,8.13292,-5.27591
0,250,28.8763,29.9313,9.10832,-5.94391
0,250,29.843,29.3025,5.9222,-8.51972
0,250,29.2606,30.7766,3.14864,0.146687
0,250,30.2081,29.7412,3.70183,-1.87027
0,250,31.0505,29.2232,3.95005,-6.21204
0,250,30.4933,29.5485,7.81497,-10.3618
0,250,30.7674,30.6501,9.01462,-4.48754
0,250,31.9301,30.2063,5.82106,-6.1308
0,250,30.7181,29.0086,2.59511,0.37876
0,250,31.1743,31.0728,0.733258,-5.9797
0,250,29.7802,31.2844,1.99011,-4.54923
0,250,31.2363,30.0482,9.52738,-7.11549
0,250,30.5858,32.3168,2.27423,-0.675593
0,250,29.9726,31.8251,6.73621,0.048706
0,250,19.3954,26.5201,7.39348,3.83145
0,250,20.4517,26.8824,8.09394,4.8194
0,250,21.5788,27.2077,9.509,3.72875
0,250,21.7328,27.9896,7.66642,2.10656
0,250,23.4794,28.4748,8.81525,1.556
0,250,23.9027,28.5974,10.4736,2.5273
0,250,25.504,29.0298,12.9219,-0.133935
0,250,25.9972,28.6571,11.865,-0.279371
0,250,26.0624,29.0475,10.9425,-0.849658
0,250,27.1599,29.2477,6.93528,-1.32283
0,250,27.6423,29.5033,11.7614,-1.56646
0,250,28.4347,29.0164,10.7774,-4.37971
0,250,28.3965,30.0185,9.95923,-3.093
0,250,29.7463,28.995,9.56705,-5.71573
0,250,29.5781,29.8284,7.81832,-4.33056
0,250,29.9026,28.5722,4.84606,-15.4544
0,250,30.4486,28.4711,3.71239,-11.8184
0,250,30.3887,29.0282,4.37057,-6.80512
0,250,30.5964,27.9983,0.405888,-15.0921
0,250,31.6601,27.5246,1.271,-15.0666
0,250,30.9466,29.8172,8.03536,-6.23125
0,250,31.433,26.9,-0.0916073,-11.672
0,250,30.8887,28.3678,-4.43166,-10.7243
0,250,31.4229,31.2918,2.82605,-3.52276
0,250,30.7163,31.4646,1.45321,-0.236701
0,250,32.3118,30.5595,-3.52809,-0.968358
0,250,31.1515,32.1365,2.99347,-10.6773
0,250,31.8372,29.8386,7.24724,-5.21384
0,250,31.3496,28.8096,3.07303,-6.83011
0,250,31.6043,31.8262,6.85851,-3.94641
0,250,21.1097,27.2178,8.35463,2.59101
0,250,22.4772,27.7531,8.51536,4.78239
0,250,23.1344,28.1926,9.89172,2.55086
0,250,24.4058,28.1394,9.7558,1.01217
0,250,25.0817,28.8043,10.3822,0.634035
0,250,26.6375,28.5904,11.2117,-1.50283
0,250,27.0488,28.6949,12.6438,-0.700465
0,250,27.547,28.9621,9.90774,-6.33913
0,250,28.3876,28.2672,10.6441,-9.59464
0,250,29.0306,29.1859,10.2207,-6.99858
0,250,29.1741,28.471,5.90207,-7.15098
0,250,29.6422,28.3938,7.76918,-9.76376
0,250,30.3106,27.7256,4.17897,-12.9808
0,250,30.4939,27.1319,5.02841,-13.3093
0,250,30.9177,27.1647,9.22316,-17.6512
0,250,31.2607,27.3528,2.66796,-15.7033
0,250,30.8085,27.6399,-4.94298,-14.5317
0,250,31.05,26.4228,0.793651,-13.3239
0,250,31.5384,29.4817,8.31549,-1.02252
0,250,32.0417,25.9996,3.16833,-21.7662
0,250,30.9714,26.0909,-4.02895,-16.146
0,250,32.138,27.3889,7.20459,-11.3336
0,250,31.2957,28.177,-1.62568,-12.3191
0,250,31.7478,27.9518,1.53914,-14.8459
0,250,31.6205,29.0869,2.9515,-9.8093
0,250,31.6496,30.6071,-1.1738,-5.67998
0,250,31.1384,31.6592,-11.0291,1.1027
0,250,31.0466,30.5489,1.31007,-5.46108
0,250,32.0567,28.8495,3.22991,-1.88894
0,250,32.0601,31.4404,3.19856,-1.76147
0,250,21.8193,27.5179,8.65101,4.27663
0,250,23.0085,27.8603,9.02432,4.12102
0,250,24.6813,28.4333,11.227,-0.486172
0,250,25.6898,28.3009,11.4789,0.379111
0,250,27.2988,28.4221,13.779,-1.88694
0,250,28.0488,28.4194,11.0691,-4.4576
0,250,29.1718,27.9622,10.0526,-8.49523
0,250,28.7201,28.7509,7.35672,-4.46549
0,250,30.0542,27.8934,5.03927,-8.6488
0,250,30.0389,26.7135,1.83036,-14.2593
0,250,30.6778,25.6825,2.14537,-18.6068
0,250,30.4024,26.4632,-1.21556,-14.887
0,250,31.026,24.369,1.68589,-18.8302
0,250,31.4243,25.2114,2.76386,-17.693
0,250,31.3421,23.7053,-1.93985,-32.4738
0,250,30.4819,23.3582,-4.67229,-20.7433
0,250,30.5366,22.5945,-4.91865,-22.7117
0,250,31.8011,24.072,0.180744,-25.4012
0,250,31.901,26.4256,-1.31565,-15.3807
0,250,31.4158,23.4098,1.2401,-19.9729
0,250,31.8606,26.8846,-6.84173,-11.8468
0,250,31.0769,22.4122,-3.35818,-19.9783
0,250,31.2709,23.1306,-1.03336,-19.9749
0,250,31.2769,19.2404,-0.469465,-21.2127
0,250,31.1624,20.8903,-6.31151,-22.3115
0,250,31.7637,28.406,-8.26815,-4.22765
0,250,31.49,26.1205,-7.81072,-18.7646
0,250,30.871,20.3161,-4.36653,-27.1555
0,250,31.8844,24.491,-4.19277,-16.8059
0,250,30.9036,24.9465,-8.9546,-18.2418
0,250,23.9733,28.1514,11.3688,0.829192
0,250,25.2658,28.4084,10.6262,0.617655
0,250,26.3589,28.323,12.1491,0.483478
0,250,27.7055,28.4702,12.6051,-2.41114
0,250,28.8724,28.167,16.1383,-6.44167
0,250,29.5299,27.603,7.53372,-10.3741
0,250,29.5926,27.2258,5.24297,-14.6173
0,250,30.1075,25.9224,1.39083,-19.9004
0,250,30.3315,25.1347,-1.14708,-18.1562
0,250,30.9907,25.554,1.34687,-15.096
0,250,30.6788,24.6012,-3.06018,-20.9311
0,250,29.8977,24.4931,-3.21701,-15.5142
0,250,30.498,23.2288,-2.77521,-20.1158
0,250,31.2419,21.5473,-0.691827,-23.3099
0,250,32.0094,21.0125,-5.44465,-23.3856
0,250,31.7314,20.6391,0.21274,-21.248
0,250,30.0871,21.3545,-3.10038,-20.2355
0,250,30.9246,19.2624,-1.32896,-24.754
0,250,32.2235,17.8593,1.23884,-25.7737
0,250,30.0606,19.9777,-6.53981,-20.3082
0,250,31.7275,21.2195,-1.22154,-26.9041
0,250,29.835,19.2192,-3.54991,-20.254
0,250,30.5953,15.5702,-4.84276,-26.7898
0,250,31.1957,15.3197,-2.6964,-31.6117
0,250,25.2687,8.64289,-13.965,-36.0346
0,250,31.9267,16.5657,0.611994,-22.8733
0,250,28.7636,19.0739,-7.02516,-20.1393
0,250,32.1734,20.3528,-2.86877,-21.0149
0,250,31.8761,32.1013,2.24523,-0.83515
0,250,31.8657,31.1756,4.41815,-9.72435
1,250,1.5,1.5,0,0
1,250,1.5,2,0,0
1,250,32.5,1.5,0,0
1,250,33,1.5,0,0
1,250,2.5,32.5,0,0
1,250,2.5,33,0,0
1,250,1.5,2.5,0,0
1,250,2,2.5,0,0
1,250,2,1.5,0,0
1,250,2,2,0,0
1,250,32.5,2,0,0
1,250,33,2,0,0
1,250,3,32.5,0,0
1,250,3,33,0,0
1,250,1.5,3,0,0
1,250,2,3,0,0
1,250,2.5,1.5,0,0
1,250,2.5,2,0,0
1,250,32.5,2.5,0,0
1,250,33,2.5,0,0
1,250,3.5,32.5,0,0
1,250,3.5,33,0,0
1,250,1.5,3.5,0,0
1,250,2,3.5,0,0
1,250,3,1.5,0,0
1,250,3,2,0,0
1,250,32.5,3,0,0
1,250,33,3,0,0
1,250,4,32.5,0,0
1,250,4,33,0,0
1,250,1.5,4,0,0
1,250,2,4,0,0
1,250,3.5,1.5,0,0
1,250,3.5,2,0,0
1,250,32.5,3.5,0,0
1,250,33,3.5,0,0
1,250,4.5,32.5,0,0
1,250,4.5,33,0,0
1,250,1.5,4.5,0,0
1,250,2,4.5,0,0
1,250,4,1.5,0,0
1,250,4,2,0,0
1,250,32.5,4,0,0
1,250,33,4,0,0
1,250,5,32.5,0,0
1,250,5,33,0,0
1,250,1.5,5,0,0
1,250,2,5,0,0
1,250,4.5,1.5,0,0
1,250,4.5,2,0,0
1,250,32.5,4.5,0,0
1,250,33,4.5,0,0
1,250,5.5,32.5,0,0
1,250,5.5,33,0,0
1,250,1.5,5.5,0,0
1,250,2,5.5,0,0
1,250,5,1.5,0,0
1,250,5,2,0,0
1,250,32.5,5,0,0
1,250,33,5,0,0
1,250,6,32.5,0,0
1,250,6,33,0,0
1,250,1.5,6,0,0
1,250,2,6,0,0
1,250,5.5,1.5,0,0
1,250,5.5,2,0,0
1,250,32.5,5.5,0,0
1,250,33,5.5,0,0
1,250,6.5,32.5,0,0
1,250,6.5,33,0,0
1,250,1.5,6.5,0,0
1,250,2,6.5,0,0
1,250,6,1.5,0,0
1,250,6,2,0,0
1,250,32.5,6,0,0
1,250,33,6,0,0
1,250,7,32.5,0,0
1,250,7,33,0,0
1,250,1.5,7,0,0
1,250,2,7,0,0
1,250,6.5,1.5,0,0
1,250,6.5,2,0,0
1,250,32.5,6.5,0,0
1,250,33,6.5,0,0
1,250,7.5,32.5,0,0
1,250,7.5,33,0,0
1,250,1.5,7.5,0,0
1,250,2,7.5,0,0
1,250,7,1.5,0,0
1,250,7,2,0,0
1,250,32.5,7,0,0
1,250,33,7,0,0
1,250,8,32.5,0,0
1,250,8,33,0,0
1,250,1.5,8,0,0
1,250,2,8,0,0
1,250,7.5,1.5,0,0
1,250,7.5,2,0,0
1,250,32.5,7.5,0,0
1,250,33,7.5,0,0
1,250,8.5,32.5,0,0
1,250,8.5,33,0,0
1,250,1.5,8.5,0,0
1,250,2,8.5,0,0
1,250,8,1.5,0,0
1,250,8,2,0,0
1,250,32.5,8,0,0
1,250,33,8,0,0
1,250,9,32.5,0,0
1,250,9,33,0,0
1,250,1.5,9,0,0
1,250,2,9,0,0
1,250,8.5,1.5,0,0
1,250,8.5,2,0,0
1,250,32.5,8.5,0,0
1,250,33,8.5,0,0
1,250,9.5,32.5,0,0
1,250,9.5,33,0,0
1,250,1.5,9.5,0,0
1,250,2,9.5,0,0
1,250,9,1.5,0,0
1,250,9,2,0,0
1,250,32.5,9,0,0
1,250,33,9,0,0
1,250,10,32.5,0,0
1,250,10,33,0,0
1,250,1.5,10,0,0
1,250,2,10,0,0
1,250,9.5,1.5,0,0
1,250,9.5,2,0,0
1,250,32.5,9.5,0,0
1,250,33,9.5,0,0
1,250,10.5,32.5,0,0
1,250,10.5,33,0,0
1,250,1.5,10.5,0,0
1,250,2,10.5,0,0
1,250,10,1.5,0,0
1,250,10,2,0,0
1,250,32.5,10,0,0
1,250,33,10,0,0
1,250,11,32.5,0,0
1,250,11,33,0,0
1,250,1.5,11,0,0
1,250,2,11,0,0
1,250,10.5,1.5,0,0
1,250,10.5,2,0,0
1,250,32.5,10.5,0,0
1,250,33,10.5,0,0
1,250,11.5,32.5,0,0
1,250,11.5,33,0,0
1,250,1.5,11.5,0,0
1,250,2,11.5,0,0
1,250,11,1.5,0,0
1,250,11,2,0,0
1,250,32.5,11,0,0
1,250,33,11,0,0
1,250,12,32.5,0,0
1,250,12,33,0,0
1,250,1.5,12,0,0
1,250,2,12,0,0
1,250,11.5,1.5,0,0
1,250,11.5,2,0,0
1,250,32.5,11.5,0,0
1,250,33,11.5,0,0
1,250,12.5,32.5,0,0
1,250,12.5,33,0,0
1,250,1.5,12.5,0,0
1,250,2,12.5,0,0
1,250,12,1.5,0,0
1,250,12,2,0,0
1,250,32.5,12,0,0
1,250,33,12,0,0
1,250,13,32.5,0,0
1,250,13,33,0,0
1,250,1.5,13,0,0
1,250,2,13,0,0
1,250,12.5,1.5,0,0
1,250,12.5,2,0,0
1,250,32.5,12.5,0,0
1,250,33,12.5,0,0
1,250,13.5,32.5,0,0
1,250,13.5,33,0,0
1,250,1.5,13.5,0,0
1,250,2,13.5,0,0
1,250,13,1.5,0,0
1,250,13,2,0,0
1,250,32.5,13,0,0
1,250,33,13,0,0
1,250,14,32.5,0,0
1,250,14,33,0,0
1,250,1.5,14,0,0
1,250,2,14,0,0
1,250,13.5,1.5,0,0
1,250,13.5,2,0,0
1,250,32.5,13.5,0,0
1,250,33,13.5,0,0
1,250,14.5,32.5,0,0
1,250,14.5,33,0,0
1,250,1.5,14.5,0,0
1,250,2,14.5,0,0
1,250,14,1.5,0,0
1,250,14,2,0,0
1,250,32.5,14,0,0
1,250,33,14,0,0
1,250,15,32.5,0,0
1,250,15,33,0,0
1,250,1.5,15,0,0
1,250,2,15,0,0
1,250,14.5,1.5,0,0
1,250,14.5,2,0,0
1,250,32.5,14.5,0,0
1,250,33,14.5,0,0
1,250,15.5,32.5,0,0
1,250,15.5,33,0,0
1,250,1.5,15.5,0,0
1,250,2,15.5,0,0
1,250,15,1.5,0,0
1,250,15,2,0,0
1,250,32.5,15,0,0
1,250,33,15,0,0
1,250,16,32.5,0,0
1,250,16,33,0,0
1,250,1.5,16,0,0
1,250,2,16,0,0
1,250,15.5,1.5,0,0
1,250,15.5,2,0,0
1,250,32.5,15.5,0,0
1,250,33,15.5,0,0
1,250,16.5,32.5,0,0
1,250,16.5,33,0,0
1,250,1.5,16.5,0,0
1,250,2,16.5,0,0
1,250,16,1.5,0,0
1,250,16,2,0,0
1,250,32.5,16,0,0
1,250,33,16,0,0
1,250,17,32.5,0,0
1,250,17,33,0,0
1,250,1.5,17,0,0
1,250,2,17,0,0
1,250,16.5,1.5,0,0
1,250,16.5,2,0,0
1,250,32.5,16.5,0,0
1,250,33,16.5,0,0
1,250,17.5,32.5,0,0
1,250,17.5,33,0,0
1,250,1.5,17.5,0,0
1,250,2,17.5,0,0
1,250,17,1.5,0,0
1,250,17,2,0,0
1,250,32.5,17,0,0
1,250,33,17,0,0
1,250,18,32.5,0,0
1,250,18,33,0,0
1,250,1.5,18,0,0
1,250,2,18,0,0
1,250,17.5,1.5,0,0
1,250,17.5,2,0,0
1,250,32.5,17.5,0,0
1,250,33,17.5,0,0
1,250,18.5,32.5,0,0
1,250,18.5,33,0,0
1,250,1.5,18.5,0,0
1,250,2,18.5,0,0
1,250,18,1.5,0,0
1,250,18,2,0,0
1,250,32.5,18,0,0
1,250,33,18,0,0
1,250,19,32.5,0,0
1,250,19,33,0,0
1,250,1.5,19,0,0
1,250,2,19,0,0
1,250,18.5,1.5,0,0
1,250,18.5,2,0,0
1,250,32.5,18.5,0,0
1,250,33,18.5,0,0
1,250,19.5,32.5,0,0
1,250,19.5,33,0,0
1,250,1.5,19.5,0,0
1,250,2,19.5,0,0
1,250,19,1.5,0,0
1,250,19,2,0,0
1,250,32.5,19,0,0
1,250,33,19,0,0
1,250,20,32.5,0,0
1,250,20,33,0,0
1,250,1.5,20,0,0
1,250,2,20,0,0
1,250,19.5,1.5,0,0
1,250,19.5,2,0,0
1,250,32.5,19.5,0,0
1,250,33,19.5,0,0
1,250,20.5,32.5,0,0
1,250,20.5,33,0,0
1,250,1.5,20.5,0,0
1,250,2,20.5,0,0
1,250,20,1.5,0,0
1,250,20,2,0,0
1,250,32.5,20,0,0
1,250,33,20,0,0
1,250,21,32.5,0,0
1,250,21,33,0,0
1,250,1.5,21,0,0
1,250,2,21,0,0
1,250,20.5,1.5,0,0
1,250,20.5,2,0,0
1,250,32.5,20.5,0,0
1,250,33,20.5,0,0
1,250,21.5,32.5,0,0
1,250,21.5,33,0,0
1,250,1.5,21.5,0,0
1,250,2,21.5,0,0
1,250,21,1.5,0,0
1,250,21,2,0,0
1,250,32.5,21,0,0
1,250,33,21,0,0
1,250,22,32.5,0,0
1,250,22,33,0,0
1,250,1.5,22,0,0
1,250,2,22,0,0
1,250,21.5,1.5,0,0
1,250,21.5,2,0,0
1,250,32.5,21.5,0,0
1,250,33,21.5,0,0
1,250,22.5,32.5,0,0
1,250,22.5,33,0,0
1,250,1.5,22.5,0,0
1,250,2,22.5,0,0
1,250,22,1.5,0,0
1,250,22,2,0,0
1,250,32.5,22,0,0
1,250,33,22,0,0
1,250,23,32.5,0,0
1,250,23,33,0,0
1,250,1.5,23,0,0
1,250,2,23,0,0
1,250,22.5,1.5,0,0
1,250,22.5,2,0,0
1,250,32.5,22.5,0,0
1,250,33,22.5,0,0
1,250,23.5,32.5,0,0
1,250,23.5,33,0,0
1,250,1.5,23.5,0,0
1,250,2,23.5,0,0
1,250,23,1.5,0,0
1,250,23,2,0,0
1,250,32.5,23,0,0
1,250,33,23,0,0
1,250,24,32.5,0,0
1,250,24,33,0,0
1,250,1.5,24,0,0
1,250,2,24,0,0
1,250,23.5,1.5,0,0
1,250,23.5,2,0,0
1,250,32.5,23.5,0,0
1,250,33,23.5,0,0
1,250,24.5,32.5,0,0
1,250,24.5,33,0,0
1,250,1.5,24.5,0,0
1,250,2,24.5,0,0
1,250,24,1.5,0,0
1,250,24,2,0,0
1,250,32.5,24,0,0
1,250,33,24,0,0
1,250,25,32.5,0,0
1,250,25,33,0,0
1,250,1.5,25,0,0
1,250,2,25,0,0
1,250,24.5,1.5,0,0
1,250,24.5,2,0,0
1,250,32.5,24.5,0,0
1,250,33,24.5,0,0
1,250,25.5,32.5,0,0
1,250,25.5,33,0,0
1,250,1.5,25.5,0,0
1,250,2,25.5,0,0
1,250,25,1.5,0,0
1,250,25,2,0,0
1,250,32.5,25,0,0
1,250,33,25,0,0
1,250,26,32.5,0,0
1,250,26,33,0,0
1,250,1.5,26,0,0
1,250,2,26,0,0
1,250,25.5,1.5,0,0
1,250,25.5,2,0,0
1,250,32.5,25.5,0,0
1,250,33,25.5,0,0
1,250,26.5,32.5,0,0
1,250,26.5,33,0,0
1,250,1.5,26.5,0,0
1,250,2,26.5,0,0
1,250,26,1.5,0,0
1,250,26,2,0,0
1,250,32.5,26,0,0
1,250,33,26,0,0
1,250,27,32.5,0,0
1,250,27,33,0,0
1,250,1.5,27,0,0
1,250,2,27,0,0
1,250,26.5,1.5,0,0
1,250,26.5,2,0,0
1,250,32.5,26.5,0,0
1,250,33,26.5,0,0
1,250,27.5,32.5,0,0
1,250,27.5,33,0,0
1,250,1.5,27.5,0,0
1,250,2,27.5,0,0
1,250,27,1.5,0,0
1,250,27,2,0,0
1,250,32.5,27,0,0
1,250,33,27,0,0
1,250,28,32.5,0,0
1,250,28,33,0,0
1,250,1.5,28,0,0
1,250,2,28,0,0
1,250,27.5,1.5,0,0
1,250,27.5,2,0,0
1,250,32.5,27.5,0,0
1,250,33,27.5,0,0
1,250,28.5,32.5,0,0
1,250,28.5,33,0,0
1,250,1.5,28.5,0,0
1,250,2,28.5,0,0
1,250,28,1.5,0,0
1,250,28,2,0,0
1,250,32.5,28,0,0
1,250,33,28,0,0
1,250,29,32.5,0,0
1,250,29,33,0,0
1,250,1.5,29,0,0
1,250,2,29,0,0
1,250,28.5,1.5,0,0
1,250,28.5,2,0,0
1,250,32.5,28.5,0,0
1,250,33,28.5,0,0
1,250,29.5,32.5,0,0
1,250,29.5,33,0,0
1,250,1.5,29.5,0,0
1,250,2,29.5,0,0
1,250,29,1.5,0,0
1,250,29,2,0,0
1,250,32.5,29,0,0
1,250,33,29,0,0
1,250,30,32.5,0,0
1,250,30,33,0,0
1,250,1.5,30,0,0
1,250,2,30,0,0
1,250,29.5,1.5,0,0
1,250,29.5,2,0,0
1,250,32.5,29.5,0,0
1,250,33,29.5,0,0
1,250,30.5,32.5,0,0
1,250,30.5,33,0,0
1,250,1.5,30.5,0,0
1,250,2,30.5,0,0
1,250,30,1.5,0,0
1,250,30,2,0,0
1,250,32.5,30,0,0
1,250,33,30,0,0
1,250,31,32.5,0,0
1,250,31,33,0,0
1,250,1.5,31,0,0
1,250,2,31,0,0
1,250,30.5,1.5,0,0
1,250,30.5,2,0,0
1,250,32.5,30.5,0,0
1,250,33,30.5,0,0
1,250,31.5,32.5,0,0
1,250,31.5,33,0,0
1,250,1.5,31.5,0,0
1,250,2,31.5,0,0
1,250,31,1.5,0,0
1,250,31,2,0,0
1,250,32.5,31,0,0
1,250,33,31,0,0
1,250,32,32.5,0,0
1,250,32,33,0,0
1,250,1.5,32,0,0
1,250,2,32,0,0
1,250,31.5,1.5,0,0
1,250,31.5,2,0,0
1,250,32.5,31.5,0,0
1,250,33,31.5,0,0
1,250,32.5,32.5,0,0
1,250,32.5,33,0,0
1,250,1.5,32.5,0,0
1,250,2,32.5,0,0
1,250,32,1.5,0,0
1,250,32,2,0,0
1,250,32.5,32,0,0
1,250,33,32,0,0
1,250,33,32.5,0,0
1,250,33,33,0,0
1,250,1.5,33,0,0
1,250,2,33,0,0
