1396 2 0.5 2.5e+06 0.05 2 0 0.001 0 9.81 35 35
0,250,2.49823,17.7589,-0.00774847,2.21188
0,250,2.50243,18.2595,0.0101187,2.21978
0,250,2.49946,18.7612,-0.00312244,2.22287
0,250,2.50186,19.2612,0.00817126,2.22325
0,250,2.49975,19.7624,-0.00184482,2.22525
0,250,2.50136,20.2625,0.007265,2.22533
0,250,2.49973,20.7635,-0.00334669,2.22555
0,250,2.50079,21.2636,-0.0015118,2.22692
0,250,2.49934,21.7643,-0.0248493,2.19336
0,250,2.49936,22.2641,-0.0657035,2.15835
0,250,2.49775,22.7622,-0.0867957,2.02441
0,250,2.49797,23.2609,-0.0529611,1.97135
0,250,2.4961,23.7571,-0.0993928,1.87301
0,250,2.49664,24.2544,-0.0890013,1.74895
0,250,2.49374,24.7481,-0.132938,1.66424
0,250,2.49485,25.2425,-0.115162,1.49192
0,250,2.49143,25.7354,-0.121009,1.47892
0,250,2.49286,26.2262,-0.132704,1.31334
0,250,2.48996,26.7193,-0.0776361,1.3078
0,250,2.4908,27.2072,-0.153745,1.21168
0,250,2.48944,27.6993,-0.0529991,1.1217
0,250,2.48895,28.1855,-0.154951,1.11081
0,250,2.48944,28.6748,-0.0416961,0.964717
0,250,2.48806,29.1602,-0.124586,1.00265
0,250,2.49008,29.6464,-0.0104495,0.86117
0,250,2.48861,30.1304,-0.105979,0.870488
0,250,2.49168,30.6134,0.0552362,0.716134
0,250,2.49314,31.0932,-0.0647864,0.63864
0,250,2.4958,31.57,0.181954,0.428639
0,250,2.50978,32.0415,0.0965496,0.206737
0,250,3.00012,17.7606,0.000322528,2.25309
0,250,3.00075,18.2611,0.00275082,2.25574
0,250,3.00086,18.7623,0.00317245,2.256
0,250,3.00088,19.2625,0.00383947,2.2579
0,250,3.00092,19.7638,0.00377656,2.2596
0,250,3.00067,20.2638,0.00261118,2.25919
0,250,3.00076,20.765,-0.00176147,2.25134
0,250,3.00021,21.265,-0.0183362,2.25483
0,250,3.00007,21.7652,-0.0357351,2.17415
0,250,2.99869,22.2651,-0.0772746,2.15213
0,250,2.99843,22.7627,-0.0740527,2.03311
0,250,2.99731,23.2615,-0.069162,1.96209
0,250,2.99719,23.7566,-0.0765319,1.82494
0,250,2.99584,24.2531,-0.084402,1.6674
0,250,2.99529,24.7456,-0.107303,1.58767
0,250,2.99442,25.2384,-0.0735461,1.37015
0,250,2.99339,25.7298,-0.109342,1.33973
0,250,2.99343,26.2183,-0.0660963,1.15329
0,250,2.99189,26.7089,-0.0920925,1.07102
0,250,2.99246,27.1945,-0.0914652,0.967447
0,250,2.9907,27.6824,-0.0911067,0.810504
0,250,2.99137,28.1662,-0.100641,0.754771
0,250,2.98975,28.6506,-0.0843253,0.598077
0,250,2.99122,29.133,-0.0708787,0.555744
0,250,2.98966,29.6143,-0.0507942,0.4118
0,250,2.99271,30.0958,-0.0463457,0.364086
0,250,2.99085,30.5737,-0.0137366,0.236227
0,250,2.99827,31.0556,0.0271982,0.21588
0,250,2.99325,31.5319,0.0654317,0.113693
0,250,3.01496,32.0197,0.179441,0.273441
0,250,3.50011,17.761,0.000407606,2.25451
0,250,3.50046,18.2611,0.00173607,2.25568
0,250,3.50041,18.7625,0.00194379,2.25778
0,250,3.50073,19.2626,0.00374669,2.25809
0,250,3.5005,19.7637,0.00163841,2.25817
0,250,3.50068,20.2639,-0.00039528,2.25787
0,250,3.50039,20.7647,-0.0056251,2.23867
0,250,3.50026,21.2649,-0.0247793,2.23656
0,250,3.49986,21.7646,-0.0344588,2.16442
0,250,3.49943,22.2644,-0.0354869,2.14018
0,250,3.49882,22.7623,-0.0508567,2.03512
0,250,3.49838,23.2609,-0.0602069,1.94347
0,250,3.49751,23.756,-0.0889595,1.82329
0,250,3.49703,24.2519,-0.0785987,1.64287
0,250,3.49562,24.7453,-0.115621,1.59021
0,250,3.49562,25.237,-0.0876152,1.36951
0,250,3.4936,25.7294,-0.118736,1.31591
0,250,3.49423,26.2175,-0.0977204,1.18461
0,250,3.49202,26.7081,-0.0985156,1.02943
0,250,3.49296,27.1943,-0.104065,0.995715
0,250,3.491,27.6815,-0.08369,0.805137
0,250,3.49228,28.1666,-0.0866077,0.782023
0,250,3.4905,28.6507,-0.0645501,0.629574
0,250,3.49269,29.1345,-0.0616339,0.60269
0,250,3.49082,29.616,-0.0360902,0.461072
0,250,3.49451,30.0988,-0.0275718,0.422876
0,250,3.49224,30.5779,-0.00976451,0.311953
0,250,3.49854,31.0602,0.0326012,0.244526
0,250,3.49561,31.5366,-0.0189924,0.114016
0,250,3.50397,32.0183,0.112389,0.0123446
0,250,4.00007,17.7613,0.000222062,2.25539
0,250,4.00035,18.2614,0.00109612,2.25732
0,250,4.00046,18.7625,0.00166894,2.25813
0,250,4.00047,19.2626,0.00210804,2.25855
0,250,4.00053,19.7637,0.00172224,2.2547
0,250,4.00045,20.2638,-0.0028904,2.25617
0,250,4.00037,20.7645,-0.00487369,2.22718
0,250,4.0001,21.2646,-0.0161543,2.22363
0,250,3.99991,21.7642,-0.0211457,2.15893
0,250,3.9995,22.2639,-0.0331454,2.12806
0,250,3.9991,22.7617,-0.0441352,2.02066
0,250,3.99844,23.2601,-0.0587057,1.92228
0,250,3.99788,23.7554,-0.0706755,1.81697
0,250,3.99723,24.251,-0.074675,1.63586
0,250,3.9965,24.7446,-0.0830231,1.58099
0,250,3.9959,25.2362,-0.0821708,1.38512
0,250,3.9952,25.7286,-0.0733059,1.30884
0,250,3.99475,26.2172,-0.0726212,1.20773
0,250,3.99431,26.7072,-0.0656602,1.03261
0,250,3.99398,27.1943,-0.0622401,0.99525
0,250,3.99349,27.681,-0.0813837,0.819287
0,250,3.99363,28.1666,-0.0580815,0.775407
0,250,3.99271,28.6506,-0.0841724,0.642243
0,250,3.99389,29.1346,-0.0384481,0.604506
0,250,3.9926,29.6162,-0.0619967,0.475643
0,250,3.99546,30.0991,0.00435028,0.430966
0,250,3.99353,30.5791,-0.0373476,0.336548
0,250,3.99887,31.0611,0.0518615,0.295908
0,250,3.9965,31.541,0.00746374,0.180829
0,250,4.00174,32.0237,0.0562016,0.15172
0,250,4.50004,17.7614,0.000463106,2.25616
0,250,4.50017,18.2615,0.00190618,2.25704
0,250,4.50015,18.7626,0.000932966,2.25853
0,250,4.50032,19.2627,0.00125792,2.25922
0,250,4.50028,19.7637,0.000390478,2.25208
0,250,4.50036,20.2638,-0.0027181,2.25321
0,250,4.50025,20.7643,-0.00520891,2.2239
0,250,4.50018,21.2644,-0.00842379,2.21743
0,250,4.49995,21.764,-0.0162271,2.1513
0,250,4.49973,22.2636,-0.0237562,2.11741
0,250,4.49938,22.7614,-0.0346869,2.01219
0,250,4.49903,23.2596,-0.0422893,1.91124
0,250,4.49849,23.7549,-0.0552063,1.80889
0,250,4.498,24.2504,-0.0621053,1.62745
0,250,4.49728,24.744,-0.0736046,1.57541
0,250,4.49675,25.2356,-0.0720586,1.38561
0,250,4.49599,25.7281,-0.079391,1.31219
0,250,4.49564,26.2166,-0.0691454,1.20199
0,250,4.49479,26.707,-0.0823225,1.03599
0,250,4.49487,27.1937,-0.0649122,0.987163
0,250,4.49382,27.6809,-0.0777942,0.815694
0,250,4.49446,28.1662,-0.057604,0.790355
0,250,4.49345,28.6508,-0.0559978,0.648154
0,250,4.49471,29.135,-0.0325786,0.633986
0,250,4.49389,29.6171,-0.0362303,0.489844
0,250,4.49585,30.1004,-0.00971657,0.455005
0,250,4.49508,30.5804,-0.02396,0.342488
0,250,4.49746,31.0629,0.0155198,0.28163
0,250,4.49668,31.5414,-0.0149883,0.17978
0,250,4.49911,32.0226,0.0375951,0.0908568
0,250,5.00002,17.7615,0.000395939,2.25782
0,250,5.00012,18.2616,0.00193953,2.25813
0,250,5.00015,18.7626,0.00178316,2.25708
0,250,5.00024,19.2628,0.000524837,2.259
0,250,5.00025,19.7637,0.000382864,2.25026
0,250,5.00025,20.2638,-0.001534,2.25062
0,250,5.00019,20.7643,-0.00338333,2.22114
0,250,5.00012,21.2643,-0.00733235,2.2116
0,250,4.99996,21.7638,-0.0117666,2.14471
0,250,4.99977,22.2633,-0.0178184,2.10855
0,250,4.99949,22.761,-0.0262722,2.00227
0,250,4.99914,23.2592,-0.0362032,1.89943
0,250,4.99872,23.7544,-0.0469016,1.79942
0,250,4.99827,24.2498,-0.0535981,1.61858
0,250,4.99772,24.7434,-0.0601705,1.57224
0,250,4.99726,25.2349,-0.059159,1.38465
0,250,4.99667,25.7276,-0.0596694,1.31479
0,250,4.99636,26.2161,-0.0522976,1.20916
0,250,4.99588,26.7066,-0.0487904,1.03634
0,250,4.99575,27.1934,-0.0463156,0.99919
0,250,4.99546,27.6806,-0.0434546,0.815158
0,250,4.99541,28.1662,-0.0442819,0.796584
0,250,4.99524,28.6507,-0.0497032,0.656276
0,250,4.99544,29.1351,-0.0346354,0.631587
0,250,4.99523,29.6173,-0.0446422,0.49818
0,250,4.99606,30.1005,-0.0115815,0.457079
0,250,4.99587,30.581,-0.0207614,0.363963
0,250,4.99742,31.0634,0.0191597,0.310626
0,250,4.99729,31.5425,0.01045,0.19873
0,250,4.99843,32.0246,0.0136935,0.12997
0,250,5.5,17.7615,1.05235e-05,2.25822
0,250,5.5,18.2616,3.71869e-05,2.25849
0,250,5.50004,18.7627,0.000466631,2.25718
0,250,5.50016,19.2628,0.00190637,2.25873
0,250,5.50012,19.7637,0.00101299,2.24964
0,250,5.50018,20.2638,-0.000275806,2.2491
0,250,5.50013,20.7642,-0.00222374,2.21893
0,250,5.50012,21.2642,-0.00370566,2.20896
0,250,5.50002,21.7637,-0.00672267,2.14112
0,250,5.49993,22.2632,-0.0103104,2.10259
0,250,5.49974,22.7608,-0.0164084,1.99495
0,250,5.49954,23.2589,-0.0226103,1.88987
0,250,5.49922,23.7541,-0.0311375,1.79184
0,250,5.49889,24.2493,-0.036867,1.61187
0,250,5.49843,24.743,-0.0443253,1.56842
0,250,5.49804,25.2345,-0.0459624,1.38523
0,250,5.49753,25.7272,-0.0478298,1.31597
0,250,5.49719,26.2157,-0.045857,1.21377
0,250,5.49676,26.7063,-0.0450456,1.03764
0,250,5.49652,27.1932,-0.0423786,0.996643
0,250,5.49618,27.6805,-0.0455828,0.818232
0,250,5.49615,28.166,-0.0358527,0.792345
0,250,5.49584,28.6508,-0.0384801,0.664057
0,250,5.49619,29.1352,-0.022171,0.64467
0,250,5.49605,29.6177,-0.0183847,0.510892
0,250,5.49669,30.1012,-0.00529814,0.473708
0,250,5.49674,30.5817,-0.00901342,0.367288
0,250,5.49735,31.0641,-0.00170704,0.304465
0,250,5.49734,31.5426,-0.0100235,0.19774
0,250,5.49815,32.0241,0.00389826,0.118192
0,250,6,17.7615,5.18813e-07,2.25823
0,250,6,18.2616,3.19124e-06,2.25851
0,250,6.00002,18.7628,0.000478428,2.25888
0,250,6.00008,19.2629,0.0022123,2.25965
0,250,6.0001,19.7637,0.00162146,2.24777
0,250,6.00015,20.2638,0.000412865,2.24741
0,250,6.00011,20.7642,-0.000317004,2.21781
0,250,6.00011,21.2642,-0.00163001,2.20663
0,250,6.00003,21.7636,-0.00382369,2.13824
0,250,5.99996,22.263,-0.00627746,2.09827
0,250,5.99981,22.7606,-0.0111318,1.98985
0,250,5.99964,23.2586,-0.0160531,1.88352
0,250,5.99939,23.7538,-0.0228604,1.78562
0,250,5.99913,24.2489,-0.0280904,1.60565
0,250,5.99877,24.7426,-0.0333556,1.564
0,250,5.99846,25.234,-0.0344689,1.38399
0,250,5.99808,25.7268,-0.0342583,1.31632
0,250,5.99779,26.2154,-0.0304433,1.21624
0,250,5.99748,26.706,-0.0268658,1.04187
0,250,5.99733,27.193,-0.0204916,0.999697
0,250,5.99713,27.6803,-0.0181045,0.82146
0,250,5.99712,28.1659,-0.0149035,0.799138
0,250,5.99704,28.6507,-0.0128288,0.665913
0,250,5.9971,29.1353,-0.0126206,0.648149
0,250,5.99712,29.6178,-0.0133689,0.514008
0,250,5.99728,30.1012,-0.00629552,0.472828
0,250,5.99733,30.5818,-0.00471759,0.372834
0,250,5.99767,31.0642,0.00753137,0.31518
0,250,5.99773,31.5429,0.00749846,0.200609
0,250,5.99812,32.0247,-0.000213409,0.124763
0,250,6.5,17.7615,1.45126e-07,2.25823
0,250,6.5,18.2616,1.19227e-06,2.25852
0,250,6.5,18.7628,9.0332e-05,2.25961
0,250,6.5,19.2629,0.000385098,2.25998
0,250,6.50002,19.7637,0.000924026,2.24811
0,250,6.50009,20.2638,0.00353901,2.24775
0,250,6.5001,20.7642,0.00294391,2.21682
0,250,6.50012,21.2641,0.00175977,2.20537
0,250,6.5001,21.7635,0.0011676,2.13722
0,250,6.50011,22.263,0.000726637,2.09529
0,250,6.50006,22.7605,-0.00203612,1.9853
0,250,6.50001,23.2584,-0.00530011,1.87735
0,250,6.49988,23.7536,-0.0102727,1.77955
0,250,6.49974,24.2487,-0.0140647,1.60021
0,250,6.4995,24.7423,-0.0187001,1.56085
0,250,6.49926,25.2337,-0.0203011,1.38394
0,250,6.49895,25.7265,-0.0213241,1.31866
0,250,6.4987,26.2151,-0.0187071,1.22078
0,250,6.49841,26.7058,-0.0163716,1.04634
0,250,6.49824,27.1928,-0.0127482,1.00458
0,250,6.49804,27.6802,-0.00957691,0.823545
0,250,6.49794,28.1659,-0.00667339,0.800402
0,250,6.49784,28.6507,-0.0040213,0.669867
0,250,6.49787,29.1353,0.00331191,0.65044
0,250,6.49786,29.6179,0.00764153,0.521049
0,250,6.49804,30.1015,0.0155408,0.481461
0,250,6.49815,30.5821,0.0186346,0.378613
0,250,6.49833,31.0645,0.0218758,0.315541
0,250,6.49837,31.543,0.0210975,0.198248
0,250,6.49865,32.0244,0.0205933,0.119078
0,250,7,17.7615,1.54775e-08,2.25823
0,250,7,18.2616,9.28015e-08,2.25852
0,250,7,18.7628,1.36343e-06,2.2597
0,250,7,19.2629,6.75797e-06,2.26002
0,250,7.00001,19.7638,0.000930211,2.25094
0,250,7.00007,20.2638,0.00453434,2.24967
0,250,7.00008,20.7642,0.00465891,2.21542
0,250,7.00012,21.2642,0.00419878,2.20459
0,250,7.00013,21.7636,0.00377017,2.13736
0,250,7.00014,22.263,0.00348809,2.09461
0,250,7.00012,22.7605,0.00188473,1.98391
0,250,7.00009,23.2584,0.000348468,1.87532
0,250,7.00001,23.7535,-0.0022516,1.77739
0,250,6.99993,24.2486,-0.00430887,1.59775
0,250,6.99979,24.7421,-0.00652053,1.55842
0,250,6.99966,25.2335,-0.00681528,1.38277
0,250,6.99947,25.7262,-0.00602839,1.31901
0,250,6.99932,26.2149,-0.00254202,1.22333
0,250,6.99915,26.7056,0.00223011,1.04965
0,250,6.99904,27.1926,0.00847539,1.00866
0,250,6.99894,27.6801,0.0144147,0.828572
0,250,6.99892,28.1658,0.021197,0.804635
0,250,6.9989,28.6507,0.0256636,0.674648
0,250,6.99896,29.1353,0.0296997,0.655961
0,250,6.999,29.618,0.0327089,0.524222
0,250,6.99906,30.1015,0.0344621,0.483138
0,250,6.99907,30.5821,0.0356365,0.379227
0,250,6.9991,31.0645,0.0365951,0.318361
0,250,6.99909,31.543,0.0356603,0.19971
0,250,6.99917,32.0246,0.0259806,0.12286
0,250,7.5,17.7615,3.91257e-09,2.25823
0,250,7.5,18.2616,2.58944e-08,2.25852
0,250,7.5,18.7628,3.91518e-07,2.2597
0,250,7.5,19.2629,2.29435e-06,2.26002
0,250,7.50001,19.7638,0.000732467,2.25327
0,250,7.50003,20.2639,0.00385684,2.25206
0,250,7.50007,20.7643,0.00544991,2.21591
0,250,7.50016,21.2642,0.00716404,2.20495
0,250,7.50022,21.7636,0.00864152,2.13747
0,250,7.50033,22.263,0.0104475,2.09373
0,250,7.5004,22.7604,0.0107561,1.98187
0,250,7.50051,23.2584,0.010061,1.87199
0,250,7.50055,23.7534,0.00726086,1.77337
0,250,7.50059,24.2484,0.00440759,1.59376
0,250,7.50055,24.742,0.000998188,1.55674
0,250,7.50049,25.2334,0.000373624,1.38346
0,250,7.50037,25.7261,0.000910404,1.32233
0,250,7.50027,26.2148,0.00481408,1.22917
0,250,7.50014,26.7055,0.00954562,1.05723
0,250,7.50006,27.1926,0.0168004,1.01672
0,250,7.49998,27.6801,0.0237383,0.836481
0,250,7.49996,28.1658,0.0315049,0.812074
0,250,7.49995,28.6508,0.0390659,0.680349
0,250,7.49998,29.1354,0.0464967,0.660959
0,250,7.50002,29.618,0.0537936,0.529243
0,250,7.50009,30.1016,0.0613002,0.488007
0,250,7.50015,30.5821,0.0678703,0.383696
0,250,7.50018,31.0645,0.0731347,0.318623
0,250,7.50015,31.543,0.0753676,0.197913
0,250,7.50002,32.0244,0.0632528,0.116263
0,250,8,17.7615,3.69494e-10,2.25823
0,250,8,18.2616,3.46384e-09,2.25852
0,250,8,18.7628,7.786e-08,2.2597
0,250,8,19.2629,6.30211e-07,2.26003
0,250,8.00001,19.7638,0.000749745,2.2556
0,250,8.00003,20.2639,0.00393998,2.25477
0,250,8.00006,20.7643,0.00580199,2.2179
0,250,8.00018,21.2643,0.00901841,2.2076
0,250,8.00026,21.7637,0.011336,2.14022
0,250,8.00037,22.2631,0.0122002,2.0961
0,250,8.00045,22.7606,0.0127805,1.98379
0,250,8.00058,23.2585,0.0138927,1.87279
0,250,8.00066,23.7536,0.0142989,1.77356
0,250,8.00076,24.2486,0.01566,1.59364
0,250,8.00083,24.742,0.0169257,1.55597
0,250,8.00091,25.2333,0.0180261,1.38356
0,250,8.00095,25.726,0.020497,1.32439
0,250,8.001,26.2147,0.0259904,1.23277
0,250,8.00103,26.7054,0.0325238,1.06273
0,250,8.00107,27.1925,0.041701,1.02366
0,250,8.00111,27.68,0.0511521,0.844294
0,250,8.00119,28.1658,0.0617689,0.820483
0,250,8.00128,28.6508,0.0716496,0.68939
0,250,8.0014,29.1355,0.0815992,0.669886
0,250,8.00151,29.6181,0.0898544,0.537366
0,250,8.00161,30.1016,0.096453,0.4951
0,250,8.00167,30.5822,0.101359,0.388326
0,250,8.00168,31.0645,0.103684,0.324176
0,250,8.00162,31.5428,0.105686,0.200164
0,250,8.00125,32.0244,0.0878183,0.120306
0,250,8.5,17.7615,8.19514e-11,2.25823
0,250,8.5,18.2616,8.07956e-10,2.25852
0,250,8.5,18.7628,2.45217e-08,2.2597
0,250,8.5,19.2629,2.88651e-07,2.26003
0,250,8.5,19.7638,0.000658832,2.25774
0,250,8.50002,20.2639,0.00344972,2.25719
0,250,8.50006,20.7644,0.00616441,2.22136
0,250,8.50024,21.2644,0.0138364,2.21194
0,250,8.50037,21.7638,0.0175952,2.14042
0,250,8.50062,22.2632,0.0180766,2.09472
0,250,8.50081,22.7607,0.019365,1.98356
0,250,8.5011,23.2586,0.0219411,1.87207
0,250,8.50125,23.7536,0.0206903,1.77173
0,250,8.50144,24.2486,0.0175598,1.59254
0,250,8.50153,24.7421,0.0159419,1.55713
0,250,8.50168,25.2334,0.0175619,1.38504
0,250,8.50177,25.7261,0.0198408,1.33051
0,250,8.50189,26.2148,0.0274385,1.24159
0,250,8.50199,26.7055,0.036587,1.0745
0,250,8.50213,27.1927,0.0499508,1.03687
0,250,8.50227,27.6802,0.0635483,0.858564
0,250,8.50246,28.166,0.0793872,0.834347
0,250,8.50265,28.651,0.0941731,0.702157
0,250,8.50289,29.1357,0.108965,0.681376
0,250,8.50309,29.6183,0.122272,0.546154
0,250,8.50328,30.1018,0.133694,0.502773
0,250,8.50342,30.5822,0.143442,0.393061
0,250,8.50345,31.0645,0.148713,0.324966
0,250,8.50344,31.5428,0.15169,0.199494
0,250,8.50276,32.0241,0.127309,0.11398
0,250,9,17.7615,1.04868e-11,2.25823
0,250,9,18.2616,4.69979e-10,2.25852
0,250,9,18.7628,7.69425e-09,2.2597
0,250,9,19.2629,1.44009e-07,2.26003
0,250,9,19.7638,0.000417115,2.25947
0,250,9.00001,20.2639,0.00224468,2.25921
0,250,9.00006,20.7646,0.00588005,2.22896
0,250,9.00025,21.2646,0.0177324,2.22093
0,250,9.00038,21.7641,0.0211257,2.14209
0,250,9.00068,22.2635,0.0179614,2.09616
0,250,9.00086,22.7611,0.0194569,1.9893
0,250,9.00111,23.259,0.0246721,1.87653
0,250,9.00132,23.754,0.0280069,1.77169
0,250,9.00165,24.2489,0.0307837,1.59174
0,250,9.00188,24.7423,0.0343725,1.55937
0,250,9.0022,25.2337,0.0396862,1.38783
0,250,9.00247,25.7263,0.0457528,1.33569
0,250,9.0028,26.215,0.0553064,1.24905
0,250,9.00311,26.7057,0.06644,1.08567
0,250,9.00345,27.1928,0.0820916,1.04994
0,250,9.00379,27.6804,0.0976387,0.873736
0,250,9.00416,28.1662,0.115691,0.85064
0,250,9.00452,28.6512,0.132615,0.718827
0,250,9.0049,29.1359,0.149994,0.698362
0,250,9.00524,29.6186,0.165804,0.561764
0,250,9.00555,30.102,0.179909,0.516952
0,250,9.0058,30.5824,0.191762,0.402968
0,250,9.00597,31.0646,0.201647,0.334474
0,250,9.00597,31.5427,0.208621,0.202768
0,250,9.00494,32.024,0.17777,0.116495
0,250,9.5,17.7615,4.89767e-11,2.25823
0,250,9.5,18.2616,6.06393e-10,2.25852
0,250,9.5,18.7628,5.6015e-08,2.2597
0,250,9.5,19.2629,3.57694e-07,2.26003
0,250,9.5,19.7639,0.000109149,2.26022
0,250,9.50001,20.2639,0.000648462,2.26032
0,250,9.50006,20.7647,0.00532764,2.23923
0,250,9.50025,21.2647,0.0230444,2.23164
0,250,9.50047,21.7643,0.0292238,2.13922
0,250,9.50106,22.2638,0.0311764,2.0922
0,250,9.50133,22.7611,0.0306805,1.98938
0,250,9.50173,23.2591,0.0302573,1.87823
0,250,9.50195,23.7541,0.0317393,1.77391
0,250,9.50235,24.2491,0.0324096,1.59443
0,250,9.50256,24.7426,0.0355922,1.56551
0,250,9.50293,25.234,0.0433557,1.39399
0,250,9.50323,25.7267,0.0520768,1.34769
0,250,9.50365,26.2154,0.0667809,1.2627
0,250,9.50409,26.7062,0.0837839,1.10528
0,250,9.50463,27.1934,0.107386,1.0709
0,250,9.50519,27.681,0.130819,0.896476
0,250,9.50584,28.1668,0.157753,0.872751
0,250,9.50648,28.6518,0.182394,0.73929
0,250,9.50717,29.1364,0.206554,0.716635
0,250,9.50778,29.619,0.226722,0.576105
0,250,9.50834,30.1024,0.243273,0.529326
0,250,9.50876,30.5826,0.256302,0.412341
0,250,9.50894,31.0646,0.261607,0.339392
0,250,9.50908,31.5426,0.265443,0.20343
0,250,9.50754,32.0236,0.225516,0.114913
0,250,10,17.7615,1.44551e-10,2.25823
0,250,10,18.2616,7.07002e-09,2.25852
0,250,10,18.7628,9.24852e-08,2.2597
0,250,10,19.2629,6.12768e-07,2.26003
0,250,10,19.7639,6.0619e-06,2.26034
0,250,10,20.2639,4.78382e-05,2.26062
0,250,10,20.7648,0.00381584,2.25312
0,250,10.0002,21.2649,0.0197041,2.2473
0,250,10.0004,21.7649,0.0284105,2.14747
0,250,10.0011,22.2644,0.0366739,2.09809
0,250,10.0014,22.7617,0.0361432,1.98825
0,250,10.0017,23.2596,0.0320139,1.87972
0,250,10.002,23.7547,0.0381021,1.77836
0,250,10.0026,24.2496,0.0482346,1.59709
0,250,10.003,24.743,0.0564553,1.57415
0,250,10.0036,25.2344,0.0701455,1.40424
0,250,10.0042,25.7271,0.0853274,1.36133
0,250,10.0049,26.2159,0.102907,1.27779
0,250,10.0056,26.7067,0.123582,1.12767
0,250,10.0064,27.194,0.150163,1.09432
0,250,10.0073,27.6816,0.175502,0.923917
0,250,10.0082,28.1675,0.204448,0.900853
0,250,10.0091,28.6526,0.230714,0.767849
0,250,10.01,29.1372,0.257541,0.744473
0,250,10.0108,29.6198,0.282489,0.601006
0,250,10.0116,30.1031,0.305782,0.551433
0,250,10.0123,30.5832,0.324824,0.424889
0,250,10.0128,31.065,0.342635,0.350732
0,250,10.0131,31.5427,0.355354,0.208409
0,250,10.0111,32.0237,0.30568,0.114091
0,250,10.5,17.7615,1.9525e-09,2.25823
0,250,10.5,18.2616,1.66121e-08,2.25852
0,250,10.5,18.7628,1.13905e-06,2.2597
0,250,10.5,19.2629,6.28322e-06,2.26003
0,250,10.5,19.7639,5.24957e-05,2.26039
0,250,10.5,20.2639,0.000240539,2.26072
0,250,10.5001,20.7649,0.00164126,2.25999
0,250,10.5003,21.265,0.0080815,2.25683
0,250,10.5006,21.7653,0.0204106,2.15828
0,250,10.5015,22.2649,0.0478535,2.10445
0,250,10.5019,22.7618,0.0478538,1.97776
0,250,10.5025,23.2597,0.0340002,1.87516
0,250,10.5028,23.755,0.0369452,1.79087
0,250,10.5035,24.25,0.0510663,1.60937
0,250,10.5039,24.7434,0.0649288,1.58786
0,250,10.5045,25.235,0.084373,1.42188
0,250,10.5052,25.7279,0.107492,1.38439
0,250,10.506,26.2167,0.134413,1.30005
0,250,10.507,26.7077,0.164493,1.16017
0,250,10.5081,27.1951,0.2025,1.1254
0,250,10.5094,27.6828,0.238528,0.95713
0,250,10.5108,28.1687,0.278127,0.931515
0,250,10.5122,28.6538,0.313145,0.794798
0,250,10.5136,29.1383,0.346266,0.768483
0,250,10.515,29.6207,0.372722,0.620189
0,250,10.5161,30.1038,0.392457,0.568221
0,250,10.5171,30.5838,0.40977,0.441937
0,250,10.5175,31.0652,0.416759,0.363695
0,250,10.5179,31.5427,0.423481,0.21165
0,250,10.515,32.0232,0.363669,0.124098
0,250,11,17.7615,5.99284e-09,2.25823
0,250,11,18.2616,1.21803e-07,2.25852
0,250,11,18.7628,1.59503e-06,2.25971
0,250,11,19.2629,7.96785e-06,2.26005
0,250,11,19.7639,5.39565e-05,2.26056
0,250,11,20.264,0.000225987,2.26096
0,250,11.0001,20.7651,0.000746242,2.26265
0,250,11.0003,21.2652,0.00311864,2.26261
0,250,11.0005,21.7662,0.0145487,2.19052
0,250,11.0014,22.2657,0.0486389,2.13157
0,250,11.0019,22.7626,0.0517073,1.96597
0,250,11.0026,23.2604,0.0392793,1.86802
0,250,11.003,23.7557,0.0475583,1.80451
0,250,11.0039,24.2508,0.0714314,1.6264
0,250,11.0046,24.7441,0.0918521,1.60847
0,250,11.0055,25.2358,0.11705,1.4459
0,250,11.0064,25.7288,0.146392,1.41438
0,250,11.0077,26.2178,0.178675,1.32876
0,250,11.009,26.709,0.213681,1.19938
0,250,11.0105,27.1964,0.253775,1.16328
0,250,11.0122,27.6843,0.291664,1.00088
0,250,11.0139,28.1703,0.332684,0.974216
0,250,11.0157,28.6556,0.370785,0.839144
0,250,11.0174,29.14,0.409268,0.80957
0,250,11.0192,29.6225,0.44555,0.655258
0,250,11.0208,30.1054,0.481345,0.599173
0,250,11.0222,30.5849,0.508547,0.455273
0,250,11.0234,31.0662,0.533349,0.374082
0,250,11.0241,31.5431,0.553157,0.218486
0,250,11.0206,32.0235,0.475868,0.111276
0,250,11.5,17.7615,7.51811e-08,2.25823
0,250,11.5,18.2616,4.89867e-07,2.25852
0,250,11.5,18.7628,1.73964e-05,2.25972
0,250,11.5,19.2629,9.15024e-05,2.26008
0,250,11.5001,19.7639,0.000367597,2.26081
0,250,11.5002,20.264,0.00136856,2.26129
0,250,11.5004,20.7653,0.00255901,2.26383
0,250,11.5009,21.2654,0.00593444,2.26459
0,250,11.5013,21.7666,0.0138819,2.20895
0,250,11.5022,22.2663,0.0420077,2.14911
0,250,11.5028,22.7629,0.0479685,1.95483
0,250,11.5035,23.2607,0.0410948,1.86428
0,250,11.504,23.7562,0.0525991,1.82816
0,250,11.5049,24.2515,0.0782918,1.65187
0,250,11.5057,24.7449,0.103825,1.63265
0,250,11.5067,25.2367,0.135534,1.4758
0,250,11.5079,25.73,0.173612,1.45212
0,250,11.5094,26.2192,0.216746,1.3652
0,250,11.5111,26.7107,0.264104,1.24595
0,250,11.5131,27.1983,0.317062,1.20425
0,250,11.5154,27.6864,0.366648,1.04369
0,250,11.5178,28.1723,0.418682,1.01124
0,250,11.5204,28.6576,0.463045,0.87083
0,250,11.5229,29.1418,0.50418,0.838098
0,250,11.5254,29.6241,0.539477,0.681482
0,250,11.5274,30.1065,0.564305,0.623203
0,250,11.5292,30.5861,0.592271,0.484168
0,250,11.53,31.0665,0.606605,0.401774
0,250,11.531,31.5433,0.621731,0.227873
0,250,11.5261,32.0228,0.542071,0.1472
0,250,12,17.7615,1.93472e-07,2.25823
0,250,12,18.2616,1.61399e-06,2.25852
0,250,12,18.7628,1.93185e-05,2.25979
0,250,12,19.2629,8.76783e-05,2.26019
0,250,12.0001,19.7641,0.00036415,2.26179
0,250,12.0002,20.2642,0.00132363,2.26246
0,250,12.0004,20.7658,0.00259769,2.26733
0,250,12.0009,21.2659,0.00608516,2.26829
0,250,12.0013,21.7676,0.0131444,2.23344
0,250,12.0022,22.2672,0.0381406,2.17548
0,250,12.0028,22.764,0.0491066,1.95664
0,250,12.0038,23.2617,0.0575171,1.87003
0,250,12.0045,23.7571,0.0740102,1.84859
0,250,12.0056,24.2526,0.101312,1.67915
0,250,12.0065,24.746,0.133595,1.66678
0,250,12.008,25.2381,0.172467,1.5148
0,250,12.0095,25.7316,0.21672,1.49967
0,250,12.0115,26.2211,0.264608,1.41242
0,250,12.0137,26.7129,0.314408,1.30456
0,250,12.0161,27.2007,0.366937,1.25914
0,250,12.0189,27.6892,0.418214,1.1076
0,250,12.0217,28.1753,0.47242,1.07179
0,250,12.0249,28.6609,0.526086,0.934941
0,250,12.0279,29.1451,0.582528,0.898555
0,250,12.031,29.6275,0.634533,0.730636
0,250,12.0339,30.1097,0.685947,0.667933
0,250,12.0365,30.5885,0.722494,0.50215
0,250,12.039,31.0687,0.754997,0.410111
0,250,12.0404,31.5443,0.785471,0.23884
0,250,12.0349,32.0232,0.673269,0.107014
0,250,12.5,17.7615,2.24347e-06,2.25823
0,250,12.5,18.2616,1.29666e-05,2.25853
0,250,12.5,18.7628,0.000162892,2.25993
0,250,12.5001,19.2629,0.000774906,2.2604
0,250,12.5003,19.7642,0.00180242,2.26269
0,250,12.5008,20.2644,0.00497329,2.26354
0,250,12.5012,20.7661,0.00750349,2.26966
0,250,12.5022,21.2663,0.0135926,2.27076
0,250,12.5027,21.7681,0.0179419,2.24232
0,250,12.5037,22.2678,0.0291492,2.18728
0,250,12.5042,22.7644,0.0392272,1.96434
0,250,12.505,23.2623,0.0562677,1.88566
0,250,12.5057,23.7578,0.0814898,1.87467
0,250,12.5068,24.2535,0.112192,1.71121
0,250,12.508,24.7471,0.151231,1.70516
0,250,12.5095,25.2396,0.19754,1.5582
0,250,12.5115,25.7335,0.252469,1.55214
0,250,12.5138,26.2234,0.312168,1.4613
0,250,12.5166,26.7155,0.374332,1.36005
0,250,12.5197,27.2035,0.440481,1.30638
0,250,12.5234,27.6923,0.50244,1.15571
0,250,12.5272,28.1783,0.565032,1.1129
0,250,12.5314,28.6639,0.622266,0.975077
0,250,12.5353,29.1477,0.674754,0.933195
0,250,12.5395,29.63,0.725523,0.76748
0,250,12.5429,30.1114,0.764085,0.699521
0,250,12.5464,30.5904,0.812924,0.54486
0,250,12.548,31.0692,0.840883,0.459592
0,250,12.5499,31.545,0.864981,0.258609
0,250,12.5423,32.0229,0.765602,0.187553
0,250,13,17.7615,4.10155e-06,2.25824
0,250,13,18.2616,2.02132e-05,2.25856
0,250,13,18.763,0.00016438,2.2605
0,250,13.0001,19.2631,0.000708073,2.26117
0,250,13.0003,19.7648,0.0017934,2.26597
0,250,13.0008,20.2649,0.0050292,2.26707
0,250,13.0012,20.7671,0.00776056,2.27606
0,250,13.0022,21.2672,0.0141584,2.27715
0,250,13.0028,21.7691,0.0179952,2.25191
0,250,13.0038,22.2688,0.0277092,2.20063
0,250,13.0044,22.7653,0.0436541,1.98447
0,250,13.0055,23.2634,0.0771309,1.91502
0,250,13.0063,23.7589,0.106016,1.90313
0,250,13.0076,24.255,0.137178,1.74909
0,250,13.0091,24.7487,0.183677,1.7551
0,250,13.011,25.2418,0.235176,1.6139
0,250,13.0134,25.7359,0.293809,1.61874
0,250,13.0161,26.2263,0.352755,1.52663
0,250,13.0194,26.719,0.415142,1.43949
0,250,13.0229,27.2075,0.480409,1.38205
0,250,13.0272,27.697,0.547974,1.24468
0,250,13.0315,28.1833,0.624318,1.19875
0,250,13.0365,28.6696,0.698066,1.06557
0,250,13.0415,29.1537,0.776874,1.02054
0,250,13.0468,29.6362,0.84668,0.842538
0,250,13.0518,30.1177,0.917923,0.773812
0,250,13.0563,30.5952,0.961924,0.579933
0,250,13.0609,31.0738,1.00672,0.462911
0,250,13.0636,31.547,1.05218,0.270054
0,250,13.0555,32.0233,0.894593,0.102316
0,250,13.5,17.7615,4.10319e-05,2.25828
0,250,13.5,18.2616,0.000224906,2.25866
0,250,13.5002,18.7631,0.000993194,2.26118
0,250,13.5007,19.2632,0.00372315,2.26204
0,250,13.5012,19.7652,0.00627558,2.26825
0,250,13.5023,20.2654,0.012772,2.26956
0,250,13.5029,20.7677,0.0166225,2.27974
0,250,13.5042,21.2678,0.024512,2.28081
0,250,13.5048,21.7696,0.0253273,2.25152
0,250,13.5056,22.2693,0.0220123,2.20659
0,250,13.5061,22.7658,0.0390834,2.01269
0,250,13.5069,23.2642,0.0801512,1.95127
0,250,13.5078,23.7598,0.116513,1.93038
0,250,13.5091,24.2563,0.15292,1.78971
0,250,13.5108,24.7504,0.209051,1.80758
0,250,13.513,25.244,0.268588,1.66817
0,250,13.5159,25.7386,0.339932,1.68031
0,250,13.5191,26.2295,0.414015,1.58101
0,250,13.5233,26.7226,0.490597,1.4992
0,250,13.5277,27.2113,0.567728,1.43108
0,250,13.5332,27.7012,0.643529,1.30244
0,250,13.5386,28.1874,0.722155,1.24688
0,250,13.5451,28.674,0.796667,1.11806
0,250,13.5512,29.1575,0.877284,1.06237
0,250,13.5581,29.6399,0.954134,0.887972
0,250,13.5638,30.1196,1.0123,0.795743
0,250,13.5705,30.5981,1.0842,0.625101
0,250,13.5737,31.0741,1.12949,0.53971
0,250,13.5777,31.5484,1.15681,0.305562
0,250,13.5659,32.0236,1.03478,0.241422
0,250,14,17.7616,5.23767e-05,2.25844
0,250,14,18.2617,0.000231881,2.25896
0,250,14.0002,18.7636,0.000984691,2.26391
0,250,14.0006,19.2638,0.00361629,2.26518
0,250,14.0011,19.7664,0.00641583,2.27516
0,250,14.0023,20.2666,0.0132947,2.27646
0,250,14.003,20.769,0.0173962,2.28795
0,250,14.0043,21.2691,0.0256107,2.28868
0,250,14.0049,21.7705,0.0270337,2.24793
0,250,14.0058,22.2702,0.0276257,2.21131
0,250,14.0063,22.7665,0.0491672,2.04982
0,250,14.0074,23.2653,0.0956831,1.9989
0,250,14.0084,23.7611,0.134944,1.96789
0,250,14.01,24.2581,0.177455,1.84384
0,250,14.0119,24.7525,0.238409,1.87287
0,250,14.0144,25.247,0.295443,1.7401
0,250,14.0176,25.742,0.365858,1.76882
0,250,14.0211,26.2339,0.436641,1.66919
0,250,14.0257,26.7278,0.51362,1.60523
0,250,14.0306,27.2174,0.601989,1.53384
0,250,14.0366,27.7083,0.691996,1.42386
0,250,14.0431,28.1955,0.795572,1.36319
0,250,14.0507,28.6833,0.895989,1.25273
0,250,14.0585,29.1676,1.00201,1.19566
0,250,14.0669,29.6506,1.08277,1.00795
0,250,14.0756,30.1318,1.19048,0.927655
0,250,14.0828,30.6078,1.24834,0.706419
0,250,14.0914,31.0841,1.32489,0.53928
0,250,14.0964,31.5528,1.39932,0.315247
0,250,14.0855,32.0246,1.19296,0.089765
0,250,14.5001,17.7617,0.000372634,2.25883
0,250,14.5004,18.2618,0.00195784,2.25952
0,250,14.5009,18.764,0.0044621,2.266
0,250,14.5023,19.2643,0.0114952,2.26761
0,250,14.5031,19.7671,0.0158306,2.27921
0,250,14.5048,20.2673,0.0248529,2.2805
0,250,14.5055,20.7697,0.028889,2.29206
0,250,14.5067,21.2697,0.035793,2.29252
0,250,14.507,21.7709,0.0360836,2.24599
0,250,14.5075,22.2706,0.0345974,2.22076
0,250,14.5079,22.7672,0.0597124,2.08583
0,250,14.5089,23.2663,0.104002,2.04139
0,250,14.5101,23.7622,0.1473,2.00403
0,250,14.5116,24.2598,0.201465,1.89948
0,250,14.5139,24.7547,0.274031,1.93023
0,250,14.5168,25.2499,0.342772,1.79701
0,250,14.5207,25.7453,0.42883,1.8331
0,250,14.5249,26.2378,0.508972,1.72061
0,250,14.5305,26.7322,0.59247,1.67183
0,250,14.5365,27.2222,0.687008,1.59054
0,250,14.5438,27.7138,0.771958,1.49572
0,250,14.5518,28.2011,0.892351,1.42759
0,250,14.5608,28.6893,0.983646,1.31662
0,250,14.5706,29.1728,1.09999,1.22289
0,250,14.5814,29.6563,1.20483,1.05842
0,250,14.5914,30.1336,1.30351,0.924339
0,250,14.603,30.6116,1.39242,0.734964
0,250,14.6104,31.083,1.47139,0.644665
0,250,14.6183,31.5553,1.48279,0.38042
0,250,14.6006,32.0251,1.31497,0.32455
0,250,15.0001,17.762,0.000394704,2.26033
0,250,15.0003,18.2622,0.00180887,2.26158
0,250,15.0008,18.7655,0.00441191,2.27358
0,250,15.0023,19.2657,0.0118558,2.27526
0,250,15.0032,19.7689,0.0166159,2.28873
0,250,15.0049,20.2689,0.0261381,2.28952
0,250,15.0056,20.7709,0.0301948,2.29893
0,250,15.0069,21.2709,0.0371001,2.299
0,250,15.0072,21.7713,0.0391952,2.24231
0,250,15.0077,22.2711,0.0462104,2.23146
0,250,15.0082,22.7679,0.0710114,2.12607
0,250,15.0093,23.2676,0.113279,2.09071
0,250,15.0105,23.7637,0.159654,2.05726
0,250,15.0123,24.262,0.217341,1.97475
0,250,15.0146,24.7575,0.280045,2.00762
0,250,15.0177,25.2539,0.345653,1.89293
0,250,15.0214,25.7499,0.42816,1.9408
0,250,15.026,26.2439,0.510463,1.82949
0,250,15.0317,26.7392,0.611996,1.80516
0,250,15.0382,27.2309,0.714073,1.71426
0,250,15.0463,27.7241,0.833951,1.66495
0,250,15.0553,28.2131,0.964927,1.58473
0,250,15.0661,28.7034,1.08264,1.50221
0,250,15.0782,29.1895,1.24513,1.43329
0,250,15.0907,29.6738,1.34712,1.25525
0,250,15.1057,30.1562,1.50889,1.14364
0,250,15.1179,30.6308,1.59265,0.91383
0,250,15.134,31.1056,1.7169,0.655398
0,250,15.1431,31.566,1.8278,0.374308
0,250,15.1318,32.031,1.63829,0.0241169
0,250,15.5004,17.7623,0.00175596,2.26216
0,250,15.5019,18.2626,0.00886819,2.2638
0,250,15.5031,18.7664,0.0142486,2.27808
0,250,15.5054,19.2667,0.0254335,2.27992
0,250,15.5063,19.7698,0.0300932,2.29349
0,250,15.5078,20.2697,0.0377355,2.29385
0,250,15.5082,20.7714,0.0401655,2.30173
0,250,15.5088,21.2713,0.0433081,2.30156
0,250,15.509,21.7715,0.0484977,2.25146
0,250,15.5093,22.2715,0.0688209,2.25014
0,250,15.5097,22.7687,0.0884581,2.15369
0,250,15.5109,23.2687,0.127079,2.13326
0,250,15.512,23.765,0.183753,2.1072
0,250,15.5142,24.2641,0.25663,2.03213
0,250,15.5169,24.76,0.333379,2.05887
0,250,15.5208,25.2571,0.412694,1.94879
0,250,15.525,25.7535,0.488809,1.998
0,250,15.5308,26.2484,0.584896,1.8936
0,250,15.5369,26.7442,0.672097,1.87635
0,250,15.5454,27.2369,0.80288,1.78977
0,250,15.5537,27.7307,0.905941,1.74862
0,250,15.5655,28.2205,1.05066,1.64355
0,250,15.5768,28.7118,1.17112,1.59655
0,250,15.5923,29.1964,1.34111,1.45153
0,250,15.6067,29.6829,1.46086,1.31232
0,250,15.626,30.1587,1.66265,1.12096
0,250,15.6429,30.6366,1.75502,0.901347
0,250,15.6636,31.1011,1.97526,0.756432
0,250,15.6791,31.5696,2.00713,0.530813
0,250,15.6538,32.0276,1.64705,0.480826
0,250,16.0004,17.7639,0.00186625,2.26939
0,250,16.0018,18.2644,0.00865388,2.27201
0,250,16.003,18.769,0.0146894,2.29066
0,250,16.0056,19.269,0.0272729,2.2911
0,250,16.0065,19.7712,0.0317729,2.30094
0,250,16.008,20.2711,0.0393479,2.30089
0,250,16.0084,20.7719,0.0414421,2.30437
0,250,16.009,21.2718,0.0441768,2.30431
0,250,16.0091,21.7717,0.0509744,2.26765
0,250,16.0095,22.2717,0.0761215,2.26935
0,250,16.0098,22.7696,0.0884676,2.18182
0,250,16.0111,23.2698,0.13237,2.18743
0,250,16.0119,23.7668,0.170396,2.17644
0,250,16.0143,24.2668,0.23636,2.12978
0,250,16.0163,24.7636,0.313264,2.15392
0,250,16.0203,25.2622,0.385566,2.05782
0,250,16.0242,25.7594,0.485558,2.11394
0,250,16.03,26.256,0.562804,2.01909
0,250,16.0363,26.7534,0.685135,2.03813
0,250,16.0446,27.2483,0.810301,1.95958
0,250,16.0541,27.7442,0.947345,1.94006
0,250,16.0665,28.2374,1.11489,1.86491
0,250,16.0798,28.7308,1.27436,1.8387
0,250,16.0977,29.2217,1.47822,1.73676
0,250,16.116,29.7095,1.67099,1.63909
0,250,16.1406,30.1965,1.90964,1.44776
0,250,16.1635,30.6726,2.07973,1.30268
0,250,16.1935,31.1502,2.35718,0.94137
0,250,16.2114,31.5972,2.36891,0.399329
0,250,16.21,32.0557,2.41877,-0.311914
0,250,16.5013,17.7653,0.0056115,2.27568
0,250,16.5062,18.2658,0.0268812,2.27847
0,250,16.5076,18.7703,0.0333426,2.2967
0,250,16.5094,19.2701,0.041552,2.29648
0,250,16.5098,19.7717,0.0437702,2.30354
0,250,16.5103,20.2716,0.0458285,2.30339
0,250,16.5104,20.772,0.0463935,2.30512
0,250,16.5104,21.272,0.046696,2.30511
0,250,16.5105,21.7719,0.0530846,2.28786
0,250,16.5107,22.2719,0.0782645,2.28525
0,250,16.5111,22.7706,0.102111,2.21729
0,250,16.5127,23.2707,0.182993,2.22607
0,250,16.5137,23.7685,0.211625,2.20766
0,250,16.5171,24.2686,0.301539,2.19063
0,250,16.5188,24.7661,0.351621,2.19297
0,250,16.5245,25.2655,0.448113,2.13396
0,250,16.5277,25.7629,0.540097,2.16158
0,250,16.5359,26.2611,0.629842,2.0904
0,250,16.5415,26.7584,0.757403,2.11701
0,250,16.5527,27.2552,0.862612,2.03779
0,250,16.5612,27.7517,1.01932,2.04076
0,250,16.5771,28.2465,1.16429,1.94954
0,250,16.5893,28.7413,1.33959,1.94728
0,250,16.6122,29.2325,1.53741,1.81066
0,250,16.6284,29.7236,1.73177,1.76309
0,250,16.6639,30.2059,2.06898,1.48047
0,250,16.6833,30.6875,2.29784,1.42395
0,250,16.7429,31.1455,2.88406,0.8989
0,250,16.7689,31.6102,3.29339,0.865662
0,250,16.764,32.0329,2.66021,0.735216
0,250,17.0014,17.7707,0.00607922,2.29927
0,250,17.0067,18.2708,0.0296735,2.29974
0,250,17.0081,18.7717,0.0359605,2.30348
0,250,17.0097,19.2717,0.0431926,2.30359
0,250,17.0101,19.772,0.0450247,2.30496
0,250,17.0104,20.272,0.0465211,2.30498
0,250,17.0105,20.772,0.0469061,2.3053
0,250,17.0105,21.272,0.0470702,2.3053
0,250,17.0105,21.772,0.049839,2.30263
0,250,17.0106,22.272,0.0618119,2.30181
0,250,17.0109,22.7718,0.0835347,2.28865
0,250,17.0119,23.2718,0.148732,2.29037
0,250,17.0128,23.7714,0.180437,2.28542
0,250,17.0156,24.2714,0.265613,2.28348
0,250,17.0172,24.7709,0.30977,2.28146
0,250,17.0221,25.2708,0.413502,2.27163
0,250,17.0251,25.7702,0.492544,2.27363
0,250,17.0328,26.2699,0.608452,2.26016
0,250,17.0379,26.7692,0.726119,2.26297
0,250,17.0492,27.2686,0.856942,2.24508
0,250,17.0575,27.7676,1.02398,2.24316
0,250,17.074,28.2666,1.19369,2.2192
0,250,17.0872,28.7651,1.42248,2.21438
0,250,17.1119,29.2632,1.64909,2.17524
0,250,17.1335,29.7604,1.97762,2.15675
0,250,17.1723,30.2564,2.32999,2.07793
0,250,17.2107,30.7504,2.8356,2.05157
0,250,17.2776,31.2408,3.34855,1.89459
0,250,17.3425,31.6817,3.85314,0.816416
0,250,17.3753,32.1187,4.05268,-1.68005
1,250,1.5,1.5,0,0
1,250,1.5,2,0,0
1,250,32.5,1.5,0,0
1,250,33,1.5,0,0
1,250,2.5,32.5,0,0
1,250,2.5,33,0,0
1,250,1.5,2.5,0,0
1,250,2,2.5,0,0
1,250,2,1.5,0,0
1,250,2,2,0,0
1,250,32.5,2,0,0
1,250,33,2,0,0
1,250,3,32.5,0,0
1,250,3,33,0,0
1,250,1.5,3,0,0
1,250,2,3,0,0
1,250,2.5,1.5,0,0
1,250,2.5,2,0,0
1,250,32.5,2.5,0,0
1,250,33,2.5,0,0
1,250,3.5,32.5,0,0
1,250,3.5,33,0,0
1,250,1.5,3.5,0,0
1,250,2,3.5,0,0
1,250,3,1.5,0,0
1,250,3,2,0,0
1,250,32.5,3,0,0
1,250,33,3,0,0
1,250,4,32.5,0,0
1,250,4,33,0,0
1,250,1.5,4,0,0
1,250,2,4,0,0
1,250,3.5,1.5,0,0
1,250,3.5,2,0,0
1,250,32.5,3.5,0,0
1,250,33,3.5,0,0
1,250,4.5,32.5,0,0
1,250,4.5,33,0,0
1,250,1.5,4.5,0,0
1,250,2,4.5,0,0
1,250,4,1.5,0,0
1,250,4,2,0,0
1,250,32.5,4,0,0
1,250,33,4,0,0
1,250,5,32.5,0,0
1,250,5,33,0,0
1,250,1.5,5,0,0
1,250,2,5,0,0
1,250,4.5,1.5,0,0
1,250,4.5,2,0,0
1,250,32.5,4.5,0,0
1,250,33,4.5,0,0
1,250,5.5,32.5,0,0
1,250,5.5,33,0,0
1,250,1.5,5.5,0,0
1,250,2,5.5,0,0
1,250,5,1.5,0,0
1,250,5,2,0,0
1,250,32.5,5,0,0
1,250,33,5,0,0
1,250,6,32.5,0,0
1,250,6,33,0,0
1,250,1.5,6,0,0
1,250,2,6,0,0
1,250,5.5,1.5,0,0
1,250,5.5,2,0,0
1,250,32.5,5.5,0,0
1,250,33,5.5,0,0
1,250,6.5,32.5,0,0
1,250,6.5,33,0,0
1,250,1.5,6.5,0,0
1,250,2,6.5,0,0
1,250,6,1.5,0,0
1,250,6,2,0,0
1,250,32.5,6,0,0
1,250,33,6,0,0
1,250,7,32.5,0,0
1,250,7,33,0,0
1,250,1.5,7,0,0
1,250,2,7,0,0
1,250,6.5,1.5,0,0
1,250,6.5,2,0,0
1,250,32.5,6.5,0,0
1,250,33,6.5,0,0
1,250,7.5,32.5,0,0
1,250,7.5,33,0,0
1,250,1.5,7.5,0,0
1,250,2,7.5,0,0
1,250,7,1.5,0,0
1,250,7,2,0,0
1,250,32.5,7,0,0
1,250,33,7,0,0
1,250,8,32.5,0,0
1,250,8,33,0,0
1,250,1.5,8,0,0
1,250,2,8,0,0
1,250,7.5,1.5,0,0
1,250,7.5,2,0,0
1,250,32.5,7.5,0,0
1,250,33,7.5,0,0
1,250,8.5,32.5,0,0
1,250,8.5,33,0,0
1,250,1.5,8.5,0,0
1,250,2,8.5,0,0
1,250,8,1.5,0,0
1,250,8,2,0,0
1,250,32.5,8,0,0
1,250,33,8,0,0
1,250,9,32.5,0,0
1,250,9,33,0,0
1,250,1.5,9,0,0
1,250,2,9,0,0
1,250,8.5,1.5,0,0
1,250,8.5,2,0,0
1,250,32.5,8.5,0,0
1,250,33,8.5,0,0
1,250,9.5,32.5,0,0
1,250,9.5,33,0,0
1,250,1.5,9.5,0,0
1,250,2,9.5,0,0
1,250,9,1.5,0,0
1,250,9,2,0,0
1,250,32.5,9,0,0
1,250,33,9,0,0
1,250,10,32.5,0,0
1,250,10,33,0,0
1,250,1.5,10,0,0
1,250,2,10,0,0
1,250,9.5,1.5,0,0
1,250,9.5,2,0,0
1,250,32.5,9.5,0,0
1,250,33,9.5,0,0
1,250,10.5,32.5,0,0
1,250,10.5,33,0,0
1,250,1.5,10.5,0,0
1,250,2,10.5,0,0
1,250,10,1.5,0,0
1,250,10,2,0,0
1,250,32.5,10,0,0
1,250,33,10,0,0
1,250,11,32.5,0,0
1,250,11,33,0,0
1,250,1.5,11,0,0
1,250,2,11,0,0
1,250,10.5,1.5,0,0
1,250,10.5,2,0,0
1,250,32.5,10.5,0,0
1,250,33,10.5,0,0
1,250,11.5,32.5,0,0
1,250,11.5,33,0,0
1,250,1.5,11.5,0,0
1,250,2,11.5,0,0
1,250,11,1.5,0,0
1,250,11,2,0,0
1,250,32.5,11,0,0
1,250,33,11,0,0
1,250,12,32.5,0,0
1,250,12,33,0,0
1,250,1.5,12,0,0
1,250,2,12,0,0
1,250,11.5,1.5,0,0
1,250,11.5,2,0,0
1,250,32.5,11.5,0,0
1,250,33,11.5,0,0
1,250,12.5,32.5,0,0
1,250,12.5,33,0,0
1,250,1.5,12.5,0,0
1,250,2,12.5,0,0
1,250,12,1.5,0,0
1,250,12,2,0,0
1,250,32.5,12,0,0
1,250,33,12,0,0
1,250,13,32.5,0,0
1,250,13,33,0,0
1,250,1.5,13,0,0
1,250,2,13,0,0
1,250,12.5,1.5,0,0
1,250,12.5,2,0,0
1,250,32.5,12.5,0,0
1,250,33,12.5,0,0
1,250,13.5,32.5,0,0
1,250,13.5,33,0,0
1,250,1.5,13.5,0,0
1,250,2,13.5,0,0
1,250,13,1.5,0,0
1,250,13,2,0,0
1,250,32.5,13,0,0
1,250,33,13,0,0
1,250,14,32.5,0,0
1,250,14,33,0,0
1,250,1.5,14,0,0
1,250,2,14,0,0
1,250,13.5,1.5,0,0
1,250,13.5,2,0,0
1,250,32.5,13.5,0,0
1,250,33,13.5,0,0
1,250,14.5,32.5,0,0
1,250,14.5,33,0,0
1,250,1.5,14.5,0,0
1,250,2,14.5,0,0
1,250,14,1.5,0,0
1,250,14,2,0,0
1,250,32.5,14,0,0
1,250,33,14,0,0
1,250,15,32.5,0,0
1,250,15,33,0,0
1,250,1.5,15,0,0
1,250,2,15,0,0
1,250,14.5,1.5,0,0
1,250,14.5,2,0,0
1,250,32.5,14.5,0,0
1,250,33,14.5,0,0
1,250,15.5,32.5,0,0
1,250,15.5,33,0,0
1,250,1.5,15.5,0,0
1,250,2,15.5,0,0
1,250,15,1.5,0,0
1,250,15,2,0,0
1,250,32.5,15,0,0
1,250,33,15,0,0
1,250,16,32.5,0,0
1,250,16,33,0,0
1,250,1.5,16,0,0
1,250,2,16,0,0
1,250,15.5,1.5,0,0
1,250,15.5,2,0,0
1,250,32.5,15.5,0,0
1,250,33,15.5,0,0
1,250,16.5,32.5,0,0
1,250,16.5,33,0,0
1,250,1.5,16.5,0,0
1,250,2,16.5,0,0
1,250,16,1.5,0,0
1,250,16,2,0,0
1,250,32.5,16,0,0
1,250,33,16,0,0
1,250,17,32.5,0,0
1,250,17,33,0,0
1,250,1.5,17,0,0
1,250,2,17,0,0
1,250,16.5,1.5,0,0
1,250,16.5,2,0,0
1,250,32.5,16.5,0,0
1,250,33,16.5,0,0
1,250,17.5,32.5,0,0
1,250,17.5,33,0,0
1,250,1.5,17.5,0,0
1,250,2,17.5,0,0
1,250,17,1.5,0,0
1,250,17,2,0,0
1,250,32.5,17,0,0
1,250,33,17,0,0
1,250,18,32.5,0,0
1,250,18,33,0,0
1,250,1.5,18,0,0
1,250,2,18,0,0
1,250,17.5,1.5,0,0
1,250,17.5,2,0,0
1,250,32.5,17.5,0,0
1,250,33,17.5,0,0
1,250,18.5,32.5,0,0
1,250,18.5,33,0,0
1,250,1.5,18.5,0,0
1,250,2,18.5,0,0
1,250,18,1.5,0,0
1,250,18,2,0,0
1,250,32.5,18,0,0
1,250,33,18,0,0
1,250,19,32.5,0,0
1,250,19,33,0,0
1,250,1.5,19,0,0
1,250,2,19,0,0
1,250,18.5,1.5,0,0
1,250,18.5,2,0,0
1,250,32.5,18.5,0,0
1,250,33,18.5,0,0
1,250,19.5,32.5,0,0
1,250,19.5,33,0,0
1,250,1.5,19.5,0,0
1,250,2,19.5,0,0
1,250,19,1.5,0,0
1,250,19,2,0,0
1,250,32.5,19,0,0
1,250,33,19,0,0
1,250,20,32.5,0,0
1,250,20,33,0,0
1,250,1.5,20,0,0
1,250,2,20,0,0
1,250,19.5,1.5,0,0
1,250,19.5,2,0,0
1,250,32.5,19.5,0,0
1,250,33,19.5,0,0
1,250,20.5,32.5,0,0
1,250,20.5,33,0,0
1,250,1.5,20.5,0,0
1,250,2,20.5,0,0
1,250,20,1.5,0,0
1,250,20,2,0,0
1,250,32.5,20,0,0
1,250,33,20,0,0
1,250,21,32.5,0,0
1,250,21,33,0,0
1,250,1.5,21,0,0
1,250,2,21,0,0
1,250,20.5,1.5,0,0
1,250,20.5,2,0,0
1,250,32.5,20.5,0,0
1,250,33,20.5,0,0
1,250,21.5,32.5,0,0
1,250,21.5,33,0,0
1,250,1.5,21.5,0,0
1,250,2,21.5,0,0
1,250,21,1.5,0,0
1,250,21,2,0,0
1,250,32.5,21,0,0
1,250,33,21,0,0
1,250,22,32.5,0,0
1,250,22,33,0,0
1,250,1.5,22,0,0
1,250,2,22,0,0
1,250,21.5,1.5,0,0
1,250,21.5,2,0,0
1,250,32.5,21.5,0,0
1,250,33,21.5,0,0
1,250,22.5,32.5,0,0
1,250,22.5,33,0,0
1,250,1.5,22.5,0,0
1,250,2,22.5,0,0
1,250,22,1.5,0,0
1,250,22,2,0,0
1,250,32.5,22,0,0
1,250,33,22,0,0
1,250,23,32.5,0,0
1,250,23,33,0,0
1,250,1.5,23,0,0
1,250,2,23,0,0
1,250,22.5,1.5,0,0
1,250,22.5,2,0,0
1,250,32.5,22.5,0,0
1,250,33,22.5,0,0
1,250,23.5,32.5,0,0
1,250,23.5,33,0,0
1,250,1.5,23.5,0,0
1,250,2,23.5,0,0
1,250,23,1.5,0,0
1,250,23,2,0,0
1,250,32.5,23,0,0
1,250,33,23,0,0
1,250,24,32.5,0,0
1,250,24,33,0,0
1,250,1.5,24,0,0
1,250,2,24,0,0
1,250,23.5,1.5,0,0
1,250,23.5,2,0,0
1,250,32.5,23.5,0,0
1,250,33,23.5,0,0
1,250,24.5,32.5,0,0
1,250,24.5,33,0,0
1,250,1.5,24.5,0,0
1,250,2,24.5,0,0
1,250,24,1.5,0,0
1,250,24,2,0,0
1,250,32.5,24,0,0
1,250,33,24,0,0
1,250,25,32.5,0,0
1,250,25,33,0,0
1,250,1.5,25,0,0
1,250,2,25,0,0
1,250,24.5,1.5,0,0
1,250,24.5,2,0,0
1,250,32.5,24.5,0,0
1,250,33,24.5,0,0
1,250,25.5,32.5,0,0
1,250,25.5,33,0,0
1,250,1.5,25.5,0,0
1,250,2,25.5,0,0
1,250,25,1.5,0,0
1,250,25,2,0,0
1,250,32.5,25,0,0
1,250,33,25,0,0
1,250,26,32.5,0,0
1,250,26,33,0,0
1,250,1.5,26,0,0
1,250,2,26,0,0
1,250,25.5,1.5,0,0
1,250,25.5,2,0,0
1,250,32.5,25.5,0,0
1,250,33,25.5,0,0
1,250,26.5,32.5,0,0
1,250,26.5,33,0,0
1,250,1.5,26.5,0,0
1,250,2,26.5,0,0
1,250,26,1.5,0,0
1,250,26,2,0,0
1,250,32.5,26,0,0
1,250,33,26,0,0
1,250,27,32.5,0,0
1,250,27,33,0,0
1,250,1.5,27,0,0
1,250,2,27,0,0
1,250,26.5,1.5,0,0
1,250,26.5,2,0,0
1,250,32.5,26.5,0,0
1,250,33,26.5,0,0
1,250,27.5,32.5,0,0
1,250,27.5,33,0,0
1,250,1.5,27.5,0,0
1,250,2,27.5,0,0
1,250,27,1.5,0,0
1,250,27,2,0,0
1,250,32.5,27,0,0
1,250,33,27,0,0
1,250,28,32.5,0,0
1,250,28,33,0,0
1,250,1.5,28,0,0
1,250,2,28,0,0
1,250,27.5,1.5,0,0
1,250,27.5,2,0,0
1,250,32.5,27.5,0,0
1,250,33,27.5,0,0
1,250,28.5,32.5,0,0
1,250,28.5,33,0,0
1,250,1.5,28.5,0,0
1,250,2,28.5,0,0
1,250,28,1.5,0,0
1,250,28,2,0,0
1,250,32.5,28,0,0
1,250,33,28,0,0
1,250,29,32.5,0,0
1,250,29,33,0,0
1,250,1.5,29,0,0
1,250,2,29,0,0
1,250,28.5,1.5,0,0
1,250,28.5,2,0,0
1,250,32.5,28.5,0,0
1,250,33,28.5,0,0
1,250,29.5,32.5,0,0
1,250,29.5,33,0,0
1,250,1.5,29.5,0,0
1,250,2,29.5,0,0
1,250,29,1.5,0,0
1,250,29,2,0,0
1,250,32.5,29,0,0
1,250,33,29,0,0
1,250,30,32.5,0,0
1,250,30,33,0,0
1,250,1.5,30,0,0
1,250,2,30,0,0
1,250,29.5,1.5,0,0
1,250,29.5,2,0,0
1,250,32.5,29.5,0,0
1,250,33,29.5,0,0
1,250,30.5,32.5,0,0
1,250,30.5,33,0,0
1,250,1.5,30.5,0,0
1,250,2,30.5,0,0
1,250,30,1.5,0,0
1,250,30,2,0,0
1,250,32.5,30,0,0
1,250,33,30,0,0
1,250,31,32.5,0,0
1,250,31,33,0,0
1,250,1.5,31,0,0
1,250,2,31,0,0
1,250,30.5,1.5,0,0
1,250,30.5,2,0,0
1,250,32.5,30.5,0,0
1,250,33,30.5,0,0
1,250,31.5,32.5,0,0
1,250,31.5,33,0,0
1,250,1.5,31.5,0,0
1,250,2,31.5,0,0
1,250,31,1.5,0,0
1,250,31,2,0,0
1,250,32.5,31,0,0
1,250,33,31,0,0
1,250,32,32.5,0,0
1,250,32,33,0,0
1,250,1.5,32,0,0
1,250,2,32,0,0
1,250,31.5,1.5,0,0
1,250,31.5,2,0,0
1,250,32.5,31.5,0,0
1,250,33,31.5,0,0
1,250,32.5,32.5,0,0
1,250,32.5,33,0,0
1,250,1.5,32.5,0,0
1,250,2,32.5,0,0
1,250,32,1.5,0,0
1,250,32,2,0,0
1,250,32.5,32,0,0
1,250,33,32,0,0
1,250,33,32.5,0,0
1,250,33,33,0,0
1,250,1.5,33,0,0
1,250,2,33,0,0
