1396 2 0.5 2.5e+06 0.05 2 0 0.001 0 9.81 35 35
0,250,2.4292,18.3946,-0.675913,1.81695
0,250,2.52523,18.8843,0.209235,1.89479
0,250,2.47341,19.385,-0.116559,1.69335
0,250,2.51059,19.884,0.133316,1.91083
0,250,2.49034,20.3773,0.0801508,1.72039
0,250,2.50363,20.8741,0.102938,1.89389
0,250,2.49586,21.3628,0.08807,1.66375
0,250,2.50093,21.8535,0.157885,1.84006
0,250,2.49696,22.3391,0.0814006,1.68457
0,250,2.49915,22.8234,0.201062,1.84393
0,250,2.49569,23.3062,0.0836622,1.85171
0,250,2.49683,23.7861,0.158125,1.9765
0,250,2.49282,24.2662,0.0516988,2.07428
0,250,2.49368,24.7438,0.0482588,2.1648
0,250,2.48853,25.2224,-0.0282249,2.227
0,250,2.48849,25.6993,-0.0809048,2.2519
0,250,2.48291,26.1775,-0.0686836,2.22057
0,250,2.48292,26.655,-0.100899,2.17266
0,250,2.47994,27.133,0.0309624,2.07615
0,250,2.48188,27.6106,0.0156405,1.96454
0,250,2.48322,28.0874,0.200744,1.84128
0,250,2.48712,28.5626,0.139365,1.67666
0,250,2.49154,29.0351,0.314506,1.50369
0,250,2.49677,29.5031,0.192515,1.25092
0,250,2.50675,29.9639,0.414319,1.00687
0,250,2.5113,30.4142,0.151449,0.698709
0,250,2.53659,30.8536,0.530849,0.521847
0,250,2.52038,31.2772,-0.32331,0.333856
0,250,2.58797,31.69,0.443873,0.244689
0,250,2.57159,32.0778,0.101781,0.0789764
0,250,2.99915,18.3486,-0.0138528,1.25703
0,250,3.00205,18.8598,0.039633,1.67621
0,250,2.99843,19.35,0.0198309,1.30698
0,250,3.00297,19.8421,0.0842202,1.49023
0,250,3.00232,20.3405,0.0787489,1.34924
0,250,3.00348,20.8272,0.115577,1.39053
0,250,3.00556,21.3205,0.0950109,1.26086
0,250,3.00478,21.8048,0.165889,1.33436
0,250,3.00775,22.2923,0.137519,1.20756
0,250,3.00633,22.7727,0.213952,1.30494
0,250,3.0089,23.255,0.191426,1.2382
0,250,3.00742,23.7304,0.221795,1.30107
0,250,3.00862,24.206,0.210733,1.27869
0,250,3.00736,24.6758,0.218529,1.25098
0,250,3.00656,25.1434,0.190135,1.19179
0,250,3.00541,25.6057,0.201068,1.06179
0,250,3.00221,26.0647,0.155961,0.935098
0,250,3.00166,26.5186,0.182949,0.751704
0,250,2.99719,26.9706,0.145005,0.610916
0,250,2.99771,27.4195,0.191877,0.495148
0,250,2.99375,27.8698,0.180497,0.413892
0,250,2.9953,28.3208,0.236305,0.430261
0,250,2.99461,28.775,0.257075,0.420058
0,250,2.9983,29.2328,0.321336,0.49673
0,250,3.00604,29.6941,0.378539,0.52476
0,250,3.01676,30.159,0.40407,0.607074
0,250,3.03911,30.627,0.443294,0.622329
0,250,3.05922,31.095,0.29291,0.608064
0,250,3.09138,31.5676,0.290236,0.446857
0,250,3.14162,32.0637,0.653959,0.376098
0,250,3.50108,18.3544,0.0195609,1.31734
0,250,3.50374,18.8531,0.076789,1.61358
0,250,3.49873,19.3482,0.0573726,1.34848
0,250,3.50823,19.8459,0.173917,1.47326
0,250,3.50371,20.3368,0.107605,1.39927
0,250,3.51082,20.8304,0.253365,1.37536
0,250,3.50864,21.3181,0.177825,1.29871
0,250,3.51329,21.8069,0.303504,1.36822
0,250,3.51284,22.2921,0.255975,1.23188
0,250,3.5157,22.7758,0.328162,1.41446
0,250,3.51645,23.2581,0.313469,1.28981
0,250,3.51801,23.7378,0.342687,1.50397
0,250,3.51974,24.216,0.340675,1.45686
0,250,3.52033,24.6927,0.33694,1.59371
0,250,3.52205,25.1658,0.330416,1.59879
0,250,3.52221,25.639,0.338652,1.64229
0,250,3.52339,26.107,0.330712,1.6204
0,250,3.52343,26.5752,0.349085,1.56361
0,250,3.52417,27.0366,0.336428,1.48996
0,250,3.52383,27.4976,0.356919,1.32375
0,250,3.52436,27.9511,0.338054,1.1973
0,250,3.52346,28.403,0.357279,0.969937
0,250,3.52499,28.8487,0.341667,0.859183
0,250,3.52348,29.2935,0.357786,0.64512
0,250,3.53041,29.7368,0.358821,0.623281
0,250,3.53083,30.1819,0.403484,0.461769
0,250,3.54817,30.6341,0.421672,0.495211
0,250,3.5606,31.0873,0.49719,0.300292
0,250,3.55648,31.5647,0.239623,0.293229
0,250,3.64164,32.0325,1.00189,0.0891529
0,250,4.00024,18.3568,0.0134741,1.37361
0,250,4.00388,18.8586,0.0752154,1.71573
0,250,4.00737,19.3529,0.106707,1.41787
0,250,4.0091,19.8477,0.157868,1.48831
0,250,4.01173,20.3421,0.177464,1.49049
0,250,4.01448,20.8326,0.20931,1.39221
0,250,4.01638,21.3227,0.264221,1.37594
0,250,4.01925,21.8101,0.266309,1.39465
0,250,4.02139,22.2954,0.343403,1.28542
0,250,4.02358,22.7789,0.334578,1.40962
0,250,4.02608,23.2599,0.391764,1.31463
0,250,4.02762,23.7393,0.400648,1.44755
0,250,4.03013,24.2154,0.420777,1.40554
0,250,4.0312,24.6903,0.439134,1.45575
0,250,4.0333,25.1613,0.428167,1.45775
0,250,4.03419,25.6311,0.443338,1.43347
0,250,4.03557,26.0977,0.418059,1.42983
0,250,4.03645,26.5629,0.445783,1.36746
0,250,4.03787,27.0263,0.431594,1.38293
0,250,4.03939,27.4887,0.485304,1.32142
0,250,4.04207,27.9512,0.490884,1.33935
0,250,4.04464,28.4119,0.551998,1.26457
0,250,4.04957,28.8725,0.541059,1.21178
0,250,4.05218,29.3284,0.57344,1.05873
0,250,4.06009,29.7843,0.550291,0.915716
0,250,4.06101,30.2321,0.529715,0.74599
0,250,4.07415,30.684,0.59163,0.608352
0,250,4.07975,31.1333,0.585243,0.503099
0,250,4.06843,31.5818,0.461576,0.414384
0,250,4.1522,32.0444,1.30306,0.154888
0,250,4.50107,18.3598,0.0271112,1.43002
0,250,4.50543,18.8594,0.108937,1.68948
0,250,4.50715,19.3548,0.100615,1.48262
0,250,4.51285,19.8511,0.234991,1.52903
0,250,4.51472,20.3436,0.202821,1.48776
0,250,4.51926,20.8353,0.299887,1.46145
0,250,4.52171,21.3244,0.332225,1.38589
0,250,4.52572,21.8122,0.378594,1.43662
0,250,4.52828,22.2977,0.415591,1.32755
0,250,4.53226,22.7808,0.447261,1.43741
0,250,4.5346,23.2631,0.477972,1.36945
0,250,4.53877,23.7419,0.504029,1.49702
0,250,4.54102,24.2194,0.535488,1.46208
0,250,4.54483,24.6944,0.533501,1.53531
0,250,4.54704,25.1666,0.555786,1.51827
0,250,4.55,25.637,0.550853,1.53039
0,250,4.5525,26.1036,0.576172,1.4726
0,250,4.55458,26.5689,0.570185,1.40414
0,250,4.55748,27.0294,0.584216,1.31593
0,250,4.55848,27.4889,0.588118,1.19025
0,250,4.56227,27.9444,0.596255,1.09336
0,250,4.56227,28.3996,0.613035,0.970917
0,250,4.56873,28.8531,0.641079,0.913495
0,250,4.56857,29.3071,0.666519,0.802382
0,250,4.57963,29.7625,0.70949,0.757644
0,250,4.58366,30.2156,0.73062,0.571562
0,250,4.58918,30.6721,0.723281,0.477358
0,250,4.61211,31.124,0.804594,0.256573
0,250,4.57971,31.5701,0.559391,0.117726
0,250,4.65565,32.0331,1.47923,0.0802517
0,250,5.00146,18.3647,0.0244562,1.52303
0,250,5.00776,18.8645,0.111498,1.75754
0,250,5.01118,19.3601,0.156014,1.55142
0,250,5.0167,19.8552,0.200574,1.577
0,250,5.0198,20.3479,0.264215,1.53773
0,250,5.02495,20.8399,0.305856,1.5323
0,250,5.02828,21.3286,0.358587,1.43476
0,250,5.03309,21.8167,0.399699,1.4795
0,250,5.03627,22.3016,0.450177,1.36185
0,250,5.04111,22.7848,0.498863,1.46806
0,250,5.04411,23.2664,0.548388,1.39102
0,250,5.04888,23.7455,0.581614,1.51323
0,250,5.05196,24.2221,0.617542,1.46249
0,250,5.05653,24.6969,0.643184,1.50467
0,250,5.05957,25.1682,0.662795,1.50572
0,250,5.06396,25.6383,0.68468,1.50132
0,250,5.06705,26.1053,0.692362,1.48574
0,250,5.07109,26.5708,0.713497,1.43487
0,250,5.07469,27.0342,0.730377,1.43118
0,250,5.07854,27.4957,0.752669,1.34559
0,250,5.08302,27.9567,0.776461,1.30472
0,250,5.0864,28.4138,0.780917,1.16954
0,250,5.0916,28.8714,0.81833,1.06494
0,250,5.09496,29.3232,0.786972,0.886667
0,250,5.09959,29.7772,0.879528,0.771353
0,250,5.10854,30.2283,0.846231,0.643076
0,250,5.10429,30.68,0.896836,0.533108
0,250,5.13755,31.1371,1.08108,0.40829
0,250,5.10425,31.5807,0.71374,0.172551
0,250,5.15728,32.0379,1.53215,0.0285895
0,250,5.50184,18.3694,0.0240864,1.57001
0,250,5.50873,18.8685,0.102626,1.80998
0,250,5.51279,19.3644,0.154358,1.59388
0,250,5.51868,19.8602,0.235489,1.6449
0,250,5.52396,20.3521,0.303294,1.60062
0,250,5.52919,20.8447,0.358136,1.55985
0,250,5.53402,21.3327,0.402814,1.49329
0,250,5.53951,21.821,0.476845,1.5281
0,250,5.54371,22.3062,0.521697,1.43795
0,250,5.54982,22.7894,0.593127,1.53319
0,250,5.55375,23.2716,0.62915,1.45355
0,250,5.56023,23.7503,0.680469,1.55489
0,250,5.56368,24.2276,0.699489,1.5129
0,250,5.57013,24.702,0.746403,1.56347
0,250,5.57333,25.1742,0.770719,1.54277
0,250,5.5796,25.6438,0.790635,1.54365
0,250,5.58282,26.1108,0.818512,1.48814
0,250,5.58855,26.5754,0.827507,1.43743
0,250,5.59212,27.0375,0.866129,1.37466
0,250,5.59725,27.4975,0.861029,1.28471
0,250,5.60135,27.9558,0.920952,1.2255
0,250,5.60667,28.4132,0.913007,1.13351
0,250,5.61111,28.8696,0.986904,1.06865
0,250,5.61873,29.3256,0.967344,0.921138
0,250,5.61987,29.7797,0.999426,0.831724
0,250,5.63572,30.2339,1.05658,0.624827
0,250,5.62206,30.6837,0.935805,0.50276
0,250,5.65898,31.1383,1.26894,0.3708
0,250,5.63115,31.5862,0.973168,0.193453
0,250,5.66622,32.039,1.60232,0.0726232
0,250,6.00232,18.3762,0.029181,1.65274
0,250,6.0109,18.8753,0.116677,1.88147
0,250,6.01588,19.3705,0.172835,1.68329
0,250,6.0232,19.8663,0.265952,1.71201
0,250,6.02865,20.3583,0.294585,1.66219
0,250,6.03512,20.8502,0.379811,1.62789
0,250,6.04036,21.339,0.447723,1.56581
0,250,6.04711,21.8267,0.522903,1.59599
0,250,6.05233,22.312,0.584048,1.47955
0,250,6.05908,22.7951,0.630091,1.57518
0,250,6.06387,23.2768,0.681916,1.49074
0,250,6.0705,23.7557,0.745919,1.60072
0,250,6.07522,24.2325,0.805129,1.5495
0,250,6.08235,24.7074,0.859631,1.59758
0,250,6.08716,25.1788,0.889914,1.55892
0,250,6.09426,25.6489,0.926569,1.5635
0,250,6.09889,26.1156,0.95335,1.53102
0,250,6.10626,26.5811,0.987711,1.47904
0,250,6.11059,27.0437,1.00585,1.45129
0,250,6.11818,27.5049,1.02811,1.35017
0,250,6.12166,27.9643,1.04796,1.3098
0,250,6.13015,28.4214,1.06479,1.15721
0,250,6.13119,28.8773,1.0826,1.07774
0,250,6.14325,29.3314,1.13316,0.917941
0,250,6.1391,29.7847,1.13578,0.819451
0,250,6.15939,30.2389,1.24365,0.690785
0,250,6.14531,30.6889,1.08859,0.522666
0,250,6.17739,31.1438,1.39381,0.390987
0,250,6.16015,31.5923,1.15524,0.237177
0,250,6.17856,32.0419,1.65284,0.0625694
0,250,6.50269,18.3827,0.0349968,1.71439
0,250,6.51204,18.8813,0.140597,1.9422
0,250,6.51764,19.3774,0.18809,1.75906
0,250,6.52588,19.873,0.270487,1.76987
0,250,6.53213,20.3649,0.346035,1.72631
0,250,6.53988,20.8569,0.422554,1.7118
0,250,6.5468,21.3452,0.494903,1.63364
0,250,6.5539,21.8335,0.557265,1.66776
0,250,6.56057,22.3184,0.62195,1.55724
0,250,6.56755,22.8019,0.708668,1.64547
0,250,6.5741,23.2836,0.775107,1.57995
0,250,6.58197,23.7626,0.861598,1.67171
0,250,6.58811,24.2397,0.894775,1.61353
0,250,6.59615,24.7143,0.952321,1.63959
0,250,6.60159,25.186,0.979974,1.60349
0,250,6.61002,25.6558,1.03931,1.60457
0,250,6.61507,26.1227,1.06219,1.5532
0,250,6.62385,26.5875,1.10248,1.49783
0,250,6.6283,27.0496,1.13141,1.44423
0,250,6.6377,27.5102,1.17254,1.35916
0,250,6.64119,27.9687,1.19517,1.30301
0,250,6.65195,28.4267,1.23394,1.20128
0,250,6.65328,28.8822,1.23584,1.1147
0,250,6.6666,29.3383,1.29123,0.965409
0,250,6.66289,29.7904,1.2075,0.84006
0,250,6.68171,30.2443,1.38352,0.672659
0,250,6.66955,30.6943,1.19667,0.540549
0,250,6.69528,31.1463,1.49819,0.402903
0,250,6.68827,31.5965,1.38166,0.258496
0,250,6.69604,32.0447,1.71598,0.0872854
0,250,7.00321,18.3913,0.039565,1.82097
0,250,7.01417,18.8897,0.151694,2.02762
0,250,7.02047,19.3853,0.208981,1.82248
0,250,7.02987,19.8805,0.305288,1.86327
0,250,7.03738,20.3727,0.381663,1.81098
0,250,7.04563,20.865,0.444928,1.7739
0,250,7.05334,21.3531,0.515584,1.71848
0,250,7.06137,21.8414,0.612544,1.73006
0,250,7.06914,22.326,0.690075,1.63734
0,250,7.07752,22.8093,0.782072,1.71968
0,250,7.0847,23.2912,0.839117,1.64475
0,250,7.09315,23.7701,0.910701,1.73614
0,250,7.10001,24.2471,0.97428,1.66038
0,250,7.10895,24.7218,1.0561,1.70905
0,250,7.11601,25.1935,1.11572,1.65399
0,250,7.12557,25.6635,1.17216,1.6567
0,250,7.13236,26.13,1.20162,1.58269
0,250,7.14212,26.5954,1.24645,1.54333
0,250,7.14813,27.0572,1.2572,1.48865
0,250,7.15826,27.5184,1.29941,1.39648
0,250,7.16264,27.9763,1.2927,1.33212
0,250,7.17367,28.434,1.35863,1.20793
0,250,7.17542,28.8886,1.32387,1.11431
0,250,7.18901,29.3435,1.43715,0.968031
0,250,7.18693,29.7958,1.36957,0.85155
0,250,7.20334,30.2491,1.51058,0.707155
0,250,7.197,30.699,1.34083,0.549102
0,250,7.21438,31.1503,1.52649,0.381075
0,250,7.21582,31.5996,1.49617,0.271477
0,250,7.21613,32.0471,1.74801,0.0925486
0,250,7.50354,18.3996,0.0408206,1.89529
0,250,7.5153,18.8976,0.161165,2.10736
0,250,7.52227,19.3941,0.234669,1.91393
0,250,7.53292,19.8895,0.322042,1.94031
0,250,7.54115,20.3815,0.390438,1.8825
0,250,7.55086,20.8735,0.486979,1.84286
0,250,7.55966,21.3614,0.572888,1.8144
0,250,7.56871,21.8499,0.668736,1.83509
0,250,7.57752,22.3347,0.755934,1.73695
0,250,7.58657,22.8183,0.843653,1.81414
0,250,7.5954,23.2999,0.93107,1.72143
0,250,7.60485,23.7791,1.02004,1.82007
0,250,7.61353,24.2561,1.08826,1.74308
0,250,7.62345,24.731,1.15984,1.77678
0,250,7.63169,25.2027,1.19328,1.70162
0,250,7.64175,25.6725,1.25066,1.69877
0,250,7.64943,26.1391,1.28514,1.62851
0,250,7.66,26.6041,1.35592,1.58128
0,250,7.66711,27.0657,1.38035,1.50885
0,250,7.67821,27.5264,1.44647,1.4239
0,250,7.68423,27.984,1.44603,1.34915
0,250,7.69586,28.4416,1.50384,1.23924
0,250,7.69995,28.896,1.47327,1.13564
0,250,7.71166,29.3507,1.54186,0.991675
0,250,7.71292,29.8022,1.46321,0.865327
0,250,7.72536,30.2542,1.59411,0.692955
0,250,7.72329,30.7039,1.4904,0.55219
0,250,7.73522,31.1538,1.62597,0.390022
0,250,7.74293,31.6017,1.67332,0.251969
0,250,7.73799,32.049,1.79742,0.0824372
0,250,8.00404,18.41,0.0473598,2.01061
0,250,8.01729,18.9079,0.179145,2.21824
0,250,8.02498,19.4041,0.250765,1.98843
0,250,8.03677,19.899,0.351409,2.01648
0,250,8.04564,20.3913,0.43865,1.98728
0,250,8.05631,20.8837,0.53533,1.94582
0,250,8.06625,21.3716,0.629926,1.91472
0,250,8.0765,21.8603,0.726377,1.91989
0,250,8.08668,22.3444,0.815756,1.813
0,250,8.09666,22.8281,0.90214,1.89711
0,250,8.10639,23.3097,0.986243,1.8194
0,250,8.11666,23.7889,1.08429,1.90753
0,250,8.12619,24.2662,1.15537,1.81308
0,250,8.1371,24.7407,1.2384,1.8458
0,250,8.14655,25.2127,1.30658,1.759
0,250,8.15809,25.6824,1.38543,1.76294
0,250,8.16768,26.149,1.42687,1.67107
0,250,8.17924,26.6138,1.47392,1.62659
0,250,8.18805,27.0751,1.4892,1.54287
0,250,8.19922,27.5356,1.53772,1.45542
0,250,8.20687,27.9928,1.54219,1.36795
0,250,8.21776,28.4497,1.60848,1.25789
0,250,8.22386,28.9034,1.59583,1.14341
0,250,8.23499,29.3573,1.67902,0.99373
0,250,8.23917,29.8083,1.64475,0.863508
0,250,8.24918,30.2594,1.70662,0.698852
0,250,8.25099,30.7078,1.63256,0.551608
0,250,8.25817,31.1568,1.66631,0.360485
0,250,8.27035,31.6034,1.76855,0.222787
0,250,8.2607,32.0504,1.80032,0.0627561
0,250,8.50443,18.4201,0.0474784,2.09902
0,250,8.51869,18.9175,0.179617,2.30978
0,250,8.52686,19.4147,0.264833,2.09346
0,250,8.53999,19.9097,0.38421,2.11973
0,250,8.55003,20.4022,0.470748,2.07552
0,250,8.56219,20.8945,0.570877,2.02691
0,250,8.57289,21.3819,0.660554,2.01346
0,250,8.5838,21.8709,0.763271,2.02952
0,250,8.59476,22.3551,0.880494,1.93381
0,250,8.60598,22.8391,1.00281,2.00725
0,250,8.61735,23.3208,1.10311,1.91502
0,250,8.62912,23.7999,1.18962,1.99969
0,250,8.64016,24.2774,1.26412,1.88639
0,250,8.65221,24.7519,1.33466,1.92396
0,250,8.66311,25.2242,1.3862,1.82784
0,250,8.67525,25.6938,1.44505,1.82331
0,250,8.68579,26.1604,1.49083,1.72161
0,250,8.69792,26.625,1.56331,1.6728
0,250,8.70828,27.0861,1.606,1.58424
0,250,8.72043,27.5461,1.67867,1.49863
0,250,8.73008,28.0029,1.703,1.39401
0,250,8.74164,28.459,1.74663,1.27333
0,250,8.75005,28.9122,1.74588,1.15823
0,250,8.75979,29.365,1.77978,1.01022
0,250,8.76636,29.8152,1.76555,0.877106
0,250,8.77428,30.2652,1.82472,0.703825
0,250,8.77857,30.7126,1.80357,0.530136
0,250,8.78391,31.1603,1.82796,0.344354
0,250,8.79901,31.6042,1.97268,0.179287
0,250,8.78424,32.0508,1.84645,0.0164263
0,250,9.00488,18.4324,0.0550852,2.22285
0,250,9.02048,18.9295,0.205771,2.43339
0,250,9.02936,19.4269,0.285246,2.19112
0,250,9.04384,19.9217,0.40175,2.21575
0,250,9.05416,20.4143,0.496946,2.19046
0,250,9.067,20.9068,0.621042,2.14368
0,250,9.0788,21.3942,0.740234,2.12789
0,250,9.09159,21.8835,0.857749,2.14035
0,250,9.10425,22.3675,0.961109,2.04315
0,250,9.11673,22.8516,1.0503,2.11558
0,250,9.12885,23.3333,1.14523,2.00629
0,250,9.14135,23.8124,1.2394,2.09069
0,250,9.1535,24.2901,1.3295,1.97072
0,250,9.16668,24.7645,1.41565,1.99389
0,250,9.17893,25.2369,1.48417,1.88616
0,250,9.19257,25.706,1.56001,1.88173
0,250,9.20488,26.1727,1.61659,1.78003
0,250,9.21842,26.6368,1.68338,1.72801
0,250,9.2305,27.0976,1.72659,1.62668
0,250,9.24311,27.5569,1.773,1.53882
0,250,9.25436,28.0134,1.8074,1.42736
0,250,9.26583,28.469,1.87051,1.31764
0,250,9.27584,28.9213,1.8985,1.17696
0,250,9.28631,29.3735,1.9582,1.0223
0,250,9.29502,29.822,1.98268,0.866122
0,250,9.30283,30.2706,1.98848,0.682354
0,250,9.30877,30.7162,1.98365,0.533505
0,250,9.31152,31.1624,1.93956,0.325257
0,250,9.32903,31.6049,2.11204,0.140749
0,250,9.30776,32.0505,1.87199,-0.0293107
0,250,9.50532,18.4443,0.0558873,2.33041
0,250,9.5222,18.9409,0.205816,2.53515
0,250,9.53162,19.4394,0.296687,2.30146
0,250,9.54714,19.9339,0.447089,2.33161
0,250,9.55864,20.4269,0.547989,2.29878
0,250,9.57336,20.9194,0.670319,2.25557
0,250,9.58601,21.4069,0.767643,2.24434
0,250,9.59942,21.8965,0.877036,2.26095
0,250,9.61253,22.3805,1.00789,2.15408
0,250,9.6261,22.8647,1.13311,2.22569
0,250,9.63998,23.3464,1.25331,2.1163
0,250,9.65422,23.8256,1.34844,2.18968
0,250,9.66794,24.3037,1.42686,2.05508
0,250,9.68256,24.7779,1.50365,2.07456
0,250,9.69607,25.2508,1.57318,1.96323
0,250,9.7108,25.7197,1.64262,1.95261
0,250,9.72444,26.1868,1.70308,1.85142
0,250,9.73879,26.6507,1.77952,1.80326
0,250,9.7523,27.1115,1.83802,1.6858
0,250,9.76644,27.5706,1.92053,1.59982
0,250,9.77961,28.0262,1.98818,1.47349
0,250,9.79265,28.4805,2.03834,1.32947
0,250,9.80509,28.9318,2.08301,1.19342
0,250,9.81519,29.3822,2.09791,1.05125
0,250,9.82558,29.8304,2.12613,0.900429
0,250,9.83261,30.2776,2.17707,0.729832
0,250,9.84031,30.7212,2.21767,0.504406
0,250,9.8443,31.1656,2.23664,0.284329
0,250,9.86404,31.6045,2.45036,0.101732
0,250,9.83407,32.049,1.98355,-0.0827455
0,250,10.0057,18.4587,0.0619332,2.46676
0,250,10.0237,18.9549,0.228657,2.66756
0,250,10.0338,19.4537,0.312919,2.43071
0,250,10.0508,19.9481,0.465728,2.4615
0,250,10.0627,20.4416,0.569911,2.42558
0,250,10.078,20.9342,0.708752,2.38077
0,250,10.0915,21.4217,0.836286,2.35851
0,250,10.1069,21.9114,0.97014,2.39198
0,250,10.1217,22.3955,1.0933,2.29127
0,250,10.1369,22.8802,1.19811,2.35676
0,250,10.1517,23.3621,1.30781,2.2225
0,250,10.1671,23.8412,1.39998,2.27776
0,250,10.182,24.3195,1.49404,2.14119
0,250,10.1979,24.7935,1.58017,2.15847
0,250,10.213,25.2667,1.66335,2.04342
0,250,10.2294,25.7353,1.7557,2.02137
0,250,10.2447,26.202,1.83254,1.92079
0,250,10.2609,26.6651,1.91773,1.8547
0,250,10.2766,27.1256,1.99545,1.74213
0,250,10.2919,27.5835,2.05907,1.66321
0,250,10.3069,28.0389,2.10979,1.53355
0,250,10.3206,28.4932,2.18907,1.42841
0,250,10.3342,28.9436,2.24947,1.24287
0,250,10.3465,29.3936,2.32367,1.0727
0,250,10.3589,29.8387,2.40026,0.888029
0,250,10.368,30.2838,2.39749,0.693067
0,250,10.3772,30.7256,2.44454,0.568066
0,250,10.379,31.1677,2.42126,0.352982
0,250,10.4006,31.6053,2.67515,0.118012
0,250,10.3602,32.0475,2.13597,-0.087598
0,250,10.5061,18.4722,0.0640469,2.59199
0,250,10.5256,18.9678,0.233452,2.77239
0,250,10.5364,19.4679,0.326035,2.55211
0,250,10.5544,19.962,0.514572,2.59664
0,250,10.5671,20.4555,0.622527,2.53959
0,250,10.5843,20.9483,0.763009,2.51291
0,250,10.5988,21.4365,0.88029,2.49835
0,250,10.615,21.9268,1.01262,2.52795
0,250,10.6305,22.4109,1.14609,2.39662
0,250,10.647,22.8954,1.25811,2.46465
0,250,10.6631,23.3777,1.37617,2.33427
0,250,10.6802,23.8569,1.48909,2.38663
0,250,10.6967,24.3355,1.59272,2.23391
0,250,10.7144,24.8093,1.67696,2.23724
0,250,10.7311,25.2832,1.77091,2.14588
0,250,10.7491,25.7514,1.86917,2.1115
0,250,10.766,26.2188,1.94212,2.01989
0,250,10.7838,26.6825,2.04878,1.98105
0,250,10.8007,27.1432,2.12637,1.84064
0,250,10.8183,27.6013,2.21769,1.7335
0,250,10.8354,28.0557,2.31805,1.59959
0,250,10.8516,28.5076,2.38798,1.43033
0,250,10.8684,28.9567,2.46771,1.25873
0,250,10.8812,29.4039,2.49589,1.13789
0,250,10.8958,29.8495,2.55983,0.97357
0,250,10.9047,30.2935,2.6616,0.813572
0,250,10.9159,30.7323,2.74403,0.539568
0,250,10.9225,31.1716,2.8077,0.28951
0,250,10.9475,31.6045,3.07976,0.113839
0,250,10.8928,32.0447,2.22218,-0.0824507
0,250,11.0064,18.4889,0.0669255,2.74446
0,250,11.0267,18.984,0.245917,2.91322
0,250,11.038,19.4844,0.33793,2.71888
0,250,11.0574,19.9784,0.529181,2.75891
0,250,11.0708,20.4729,0.634411,2.6747
0,250,11.0889,20.9657,0.794231,2.65945
0,250,11.1042,21.4542,0.935935,2.62995
0,250,11.1226,21.9443,1.08496,2.67596
0,250,11.1392,22.4289,1.21604,2.53576
0,250,11.1573,22.914,1.32452,2.591
0,250,11.1748,23.3967,1.45164,2.46146
0,250,11.1934,23.876,1.55853,2.50308
0,250,11.2112,24.3552,1.65817,2.33809
0,250,11.2307,24.8291,1.76,2.34666
0,250,11.2489,25.3033,1.86487,2.27018
0,250,11.2692,25.7715,1.98772,2.20013
0,250,11.2882,26.2385,2.10011,2.11737
0,250,11.3082,26.7006,2.20546,2.03096
0,250,11.3279,27.161,2.29637,1.8921
0,250,11.3474,27.6173,2.40121,1.82056
0,250,11.3667,28.0714,2.45615,1.68042
0,250,11.3848,28.5242,2.55819,1.59054
0,250,11.4025,28.9725,2.63775,1.36439
0,250,11.4189,29.42,2.74406,1.17961
0,250,11.4355,29.8614,2.85287,0.982671
0,250,11.4487,30.3017,2.86963,0.770324
0,250,11.4623,30.7393,2.96368,0.677799
0,250,11.4674,31.176,3.04341,0.504718
0,250,11.4943,31.6084,3.41911,0.234463
0,250,11.4251,32.0442,2.5928,-0.0317381
0,250,11.5068,18.5037,0.0697699,2.87911
0,250,11.5288,18.9983,0.259153,3.02089
0,250,11.5408,19.4999,0.362043,2.85678
0,250,11.5613,19.9936,0.585761,2.90249
0,250,11.5756,20.4885,0.690339,2.78617
0,250,11.5953,20.9813,0.834353,2.80993
0,250,11.6113,21.4711,0.969717,2.79205
0,250,11.6307,21.9616,1.14544,2.82397
0,250,11.6483,22.4463,1.27745,2.63258
0,250,11.6682,22.9315,1.38698,2.71164
0,250,11.6865,23.4146,1.5192,2.58636
0,250,11.7071,23.8941,1.64116,2.60373
0,250,11.7265,24.3738,1.76839,2.439
0,250,11.7481,24.8473,1.86657,2.42906
0,250,11.7682,25.3224,1.97091,2.39289
0,250,11.7907,25.7906,2.12614,2.33857
0,250,11.8113,26.258,2.2241,2.24761
0,250,11.8342,26.7217,2.35891,2.1841
0,250,11.8552,27.1829,2.4626,2.05625
0,250,11.8776,27.6402,2.55451,1.90481
0,250,11.8993,28.0942,2.66144,1.76729
0,250,11.9205,28.5434,2.76023,1.58003
0,250,11.9424,28.9901,2.86602,1.37153
0,250,11.9605,29.4329,2.93275,1.26235
0,250,11.9806,29.8756,3.0068,1.08584
0,250,11.9945,30.3156,3.16089,0.963544
0,250,12.0107,30.7502,3.25955,0.68966
0,250,12.0232,31.1824,3.3608,0.438754
0,250,12.0548,31.6085,3.61226,0.236028
0,250,11.9657,32.042,2.42078,0.069077
0,250,12.0069,18.5227,0.0709307,3.05121
0,250,12.0292,19.0168,0.264971,3.18085
0,250,12.0416,19.5189,0.371731,3.06622
0,250,12.0632,20.0126,0.593923,3.09023
0,250,12.0784,20.509,0.707077,2.91916
0,250,12.0996,21.0012,0.869442,2.95726
0,250,12.1168,21.4918,1.00787,2.96403
0,250,12.1379,21.9823,1.17924,3.00484
0,250,12.1567,22.4684,1.33331,2.77158
0,250,12.1783,22.9535,1.45376,2.84522
0,250,12.1981,23.4375,1.58526,2.73206
0,250,12.2206,23.9177,1.72231,2.7636
0,250,12.2412,24.3982,1.85223,2.5804
0,250,12.2653,24.8726,1.97146,2.55261
0,250,12.2871,25.3484,2.10102,2.58083
0,250,12.3121,25.8167,2.24681,2.46508
0,250,12.3354,26.2845,2.36907,2.37786
0,250,12.3608,26.7461,2.5264,2.27146
0,250,12.3849,27.2064,2.61934,2.08101
0,250,12.4109,27.6613,2.75846,1.97969
0,250,12.435,28.1138,2.8277,1.86038
0,250,12.46,28.5645,2.95773,1.77962
0,250,12.4824,29.0107,3.0227,1.54523
0,250,12.5056,29.4557,3.14852,1.34031
0,250,12.527,29.8944,3.28233,1.17003
0,250,12.5474,30.329,3.37035,0.937309
0,250,12.5662,30.7614,3.46438,0.782063
0,250,12.582,31.1913,3.64719,0.616233
0,250,12.6164,31.6179,4.15246,0.399138
0,250,12.5077,32.0434,2.92839,0.0879389
0,250,12.5072,18.5382,0.0690954,3.18604
0,250,12.5312,19.0319,0.25469,3.28539
0,250,12.5445,19.5354,0.334767,3.20572
0,250,12.5674,20.0289,0.571583,3.24585
0,250,12.5834,20.5264,0.705362,3.0503
0,250,12.6064,21.0187,0.906946,3.11568
0,250,12.6241,21.5103,1.0459,3.11113
0,250,12.6466,22.0007,1.23217,3.17043
0,250,12.6659,22.4877,1.40116,2.8942
0,250,12.6894,22.9726,1.50663,2.96264
0,250,12.71,23.4579,1.67228,2.88024
0,250,12.735,23.9375,1.81749,2.87048
0,250,12.7572,24.4191,1.9479,2.69294
0,250,12.7836,24.8935,2.09763,2.66162
0,250,12.8072,25.3696,2.22492,2.70037
0,250,12.8356,25.8388,2.39507,2.5916
0,250,12.8607,26.3065,2.52792,2.54277
0,250,12.8899,26.7703,2.67533,2.42996
0,250,12.9159,27.2327,2.79122,2.29657
0,250,12.9454,27.6896,2.92232,2.11841
0,250,12.9718,28.1438,3.02721,1.99746
0,250,13.0006,28.5908,3.14207,1.75519
0,250,13.0279,29.0361,3.26024,1.52926
0,250,13.0551,29.4739,3.41705,1.42066
0,250,13.0812,29.9124,3.47836,1.22274
0,250,13.1044,30.3465,3.57199,1.08939
0,250,13.1264,30.7789,3.63075,0.915315
0,250,13.1475,31.2041,3.85077,0.766531
0,250,13.1843,31.6224,4.06422,0.376421
0,250,13.0563,32.0459,2.7638,0.172007
0,250,13.0072,18.5591,0.0893893,3.38179
0,250,13.0312,19.053,0.369545,3.44519
0,250,13.0457,19.5571,0.453893,3.3958
0,250,13.0692,20.0504,0.630824,3.44203
0,250,13.0861,20.5504,0.743431,3.24774
0,250,13.1096,21.0415,0.937874,3.30997
0,250,13.1289,21.5347,1.07575,3.29442
0,250,13.1531,22.0248,1.2521,3.3879
0,250,13.1736,22.5143,1.43457,3.04474
0,250,13.1998,22.9989,1.56816,3.11647
0,250,13.2212,23.4855,1.72768,3.08905
0,250,13.2486,23.9667,1.90215,3.03836
0,250,13.2722,24.4493,2.05637,2.88659
0,250,13.3011,24.9253,2.21042,2.84584
0,250,13.3268,25.4032,2.34321,2.92728
0,250,13.3578,25.8735,2.5331,2.79182
0,250,13.3855,26.342,2.66351,2.70816
0,250,13.4183,26.8048,2.8328,2.54639
0,250,13.4476,27.2657,2.97135,2.36665
0,250,13.4817,27.7194,3.13814,2.19083
0,250,13.5117,28.1706,3.22591,2.06389
0,250,13.5471,28.6189,3.40748,1.95614
0,250,13.5755,29.0621,3.48056,1.7897
0,250,13.6087,29.5039,3.60312,1.55525
0,250,13.6352,29.9405,3.69709,1.3546
0,250,13.6669,30.3712,3.96241,1.09713
0,250,13.6899,30.7947,4.07597,0.818446
0,250,13.7272,31.2143,4.27921,0.472875
0,250,13.7728,31.632,4.75315,0.464176
0,250,13.6106,32.0459,2.90003,0.28836
0,250,13.5069,18.5741,0.0755291,3.59326
0,250,13.5301,19.0695,0.296646,3.60739
0,250,13.5464,19.5749,0.394673,3.47013
0,250,13.5722,20.0675,0.589988,3.54155
0,250,13.5904,20.5692,0.756502,3.37901
0,250,13.6172,21.0597,0.959606,3.44935
0,250,13.6363,21.555,1.10859,3.42527
0,250,13.6622,22.0432,1.27284,3.54238
0,250,13.6828,22.5358,1.47909,3.2156
0,250,13.7106,23.0191,1.63033,3.22763
0,250,13.7332,23.5074,1.78195,3.26346
0,250,13.7627,23.9886,1.99266,3.18209
0,250,13.7882,24.4719,2.16412,3.0193
0,250,13.8197,24.9482,2.34249,2.93792
0,250,13.8481,25.4263,2.50048,3.05102
0,250,13.8822,25.8974,2.68775,2.90445
0,250,13.9129,26.366,2.8197,2.83025
0,250,13.9503,26.8317,3.03382,2.7426
0,250,13.9821,27.2937,3.1606,2.56676
0,250,14.0218,27.7519,3.31224,2.35735
0,250,14.0542,28.2066,3.44507,2.29171
0,250,14.0938,28.6534,3.59483,2.00506
0,250,14.1266,29.0979,3.72861,1.78134
0,250,14.1669,29.5317,3.9205,1.55125
0,250,14.1992,29.966,4.01676,1.42674
0,250,14.237,30.3906,4.06529,1.29505
0,250,14.2643,30.8202,4.0044,1.10748
0,250,14.3024,31.2416,4.5209,1.06605
0,250,14.3421,31.6498,4.95776,0.445045
0,250,14.1767,32.0567,3.75765,-0.0256293
0,250,14.0073,18.5945,0.0415725,3.72749
0,250,14.0322,19.0927,0.170284,3.76683
0,250,14.048,19.6011,0.326269,3.69995
0,250,14.0745,20.0921,0.479293,3.78115
0,250,14.0914,20.5982,0.696799,3.6819
0,250,14.1201,21.0867,1.00367,3.68371
0,250,14.1394,21.5834,1.16376,3.62943
0,250,14.1685,22.0717,1.32359,3.74801
0,250,14.1892,22.5666,1.52045,3.44756
0,250,14.2207,23.0509,1.72088,3.38031
0,250,14.2441,23.5401,1.8218,3.50827
0,250,14.2759,24.0243,2.08026,3.42938
0,250,14.3031,24.5084,2.24294,3.24841
0,250,14.3367,24.9886,2.44071,3.21729
0,250,14.3674,25.4683,2.64497,3.32684
0,250,14.404,25.9426,2.79248,3.12533
0,250,14.4387,26.4139,3.00476,3.12479
0,250,14.4778,26.8792,3.1556,2.93194
0,250,14.5158,27.3435,3.36795,2.72147
0,250,14.5584,27.7974,3.56202,2.52653
0,250,14.5981,28.2499,3.71878,2.37501
0,250,14.646,28.6954,3.97796,2.23904
0,250,14.6832,29.1342,4.00832,1.95302
0,250,14.7339,29.573,4.26242,1.81547
0,250,14.766,30.0012,4.34623,1.48651
0,250,14.8148,30.4286,4.63019,1.07017
0,250,14.8412,30.842,4.72461,0.863374
0,250,14.9093,31.2485,5.05059,0.357328
0,250,14.9698,31.6509,5.25604,0.565661
0,250,14.7449,32.0546,2.87627,0.73058
0,250,14.5091,18.6125,0.0838052,3.83694
0,250,14.5394,19.1083,0.369064,3.91733
0,250,14.5476,19.6179,0.477546,3.7816
0,250,14.5823,20.1093,0.769606,3.86694
0,250,14.5971,20.6164,0.879791,3.90169
0,250,14.6291,21.1055,1.07372,3.83093
0,250,14.6465,21.6038,1.18026,3.74781
0,250,14.6781,22.0908,1.35253,3.83438
0,250,14.6983,22.588,1.46623,3.69105
0,250,14.7304,23.0734,1.80517,3.48313
0,250,14.7565,23.5618,1.88889,3.66234
0,250,14.7882,24.0479,2.167,3.62786
0,250,14.819,24.5322,2.3623,3.35159
0,250,14.8543,25.0131,2.58805,3.38233
0,250,14.8881,25.4927,2.75594,3.39543
0,250,14.9285,25.9695,3.00127,3.27162
0,250,14.966,26.4379,3.17247,3.1794
0,250,15.0122,26.9093,3.39397,3.10735
0,250,15.0528,27.3703,3.59175,2.88531
0,250,15.1049,27.8327,3.7643,2.66978
0,250,15.1478,28.2864,4.0403,2.70117
0,250,15.2012,28.7332,4.0508,2.16785
0,250,15.2463,29.1816,4.32878,2.23939
0,250,15.2991,29.6094,4.48351,1.93996
0,250,15.34,30.0456,4.52053,1.70123
0,250,15.3998,30.4617,4.8542,1.77165
0,250,15.4288,30.8776,4.78145,1.08815
0,250,15.5093,31.292,5.54665,0.832709
0,250,15.5585,31.6849,6.40437,0.35655
0,250,15.3413,32.0665,4.3988,-0.488605
0,250,15.0081,18.641,0.0862207,4.12778
0,250,15.033,19.1268,0.326653,4.09787
0,250,15.0419,19.6469,0.428813,4.13382
0,250,15.0803,20.1429,0.828129,4.16525
0,250,15.0951,20.6464,0.881042,4.03795
0,250,15.1311,21.1384,1.11523,4.00208
0,250,15.1495,21.6345,1.24551,3.99615
0,250,15.1832,22.1259,1.48617,3.95787
0,250,15.206,22.6203,1.51893,3.97637
0,250,15.2375,23.1124,1.87202,3.78947
0,250,15.267,23.5992,2.00987,3.86409
0,250,15.2992,24.0897,2.18554,3.93675
0,250,15.3328,24.5768,2.47428,3.66759
0,250,15.3688,25.0605,2.66354,3.65813
0,250,15.4074,25.5452,2.89006,3.7555
0,250,15.447,26.0242,3.10799,3.59484
0,250,15.4921,26.5009,3.35068,3.54031
0,250,15.5369,26.9714,3.5542,3.42442
0,250,15.5881,27.4429,3.77756,3.17083
0,250,15.6397,27.9013,4.14909,3.17539
0,250,15.6934,28.3588,4.14616,2.6592
0,250,15.7578,28.8098,4.70014,2.78452
0,250,15.8081,29.2405,4.73193,2.17767
0,250,15.8837,29.6783,5.03541,1.87134
0,250,15.9303,30.0889,5.22314,1.54338
0,250,16.0058,30.5049,5.31823,1.0304
0,250,16.0411,30.9098,5.31412,1.24141
0,250,16.1406,31.3064,6.1455,1.1505
0,250,16.22,31.6965,6.43759,0.934138
0,250,15.9416,32.0654,4.2607,0.595235
0,250,15.5068,18.6548,0.0384566,4.22898
0,250,15.5321,19.1385,0.15438,4.15519
0,250,15.5503,19.6679,0.264666,4.33047
0,250,15.5875,20.1631,0.563978,4.30327
0,250,15.6071,20.6648,0.707909,4.2088
0,250,15.637,21.1592,1.06118,4.18343
0,250,15.6596,21.6533,1.17566,4.16758
0,250,15.6888,22.1474,1.47365,4.0324
0,250,15.7158,22.6397,1.539,4.1009
0,250,15.7458,23.1351,1.84913,4.03829
0,250,15.7773,23.622,2.0799,3.94636
0,250,15.8115,24.1135,2.29883,4.11908
0,250,15.8459,24.6011,2.54668,3.85114
0,250,15.8853,25.0876,2.82238,3.78921
0,250,15.9254,25.5705,3.03502,3.86226
0,250,15.9701,26.0538,3.26284,3.72582
0,250,16.0171,26.5278,3.54228,3.64612
0,250,16.0701,27.0047,3.73361,3.47617
0,250,16.1253,27.472,4.12656,3.47236
0,250,16.1858,27.9352,4.18313,2.91393
0,250,16.2518,28.3981,4.64074,3.17847
0,250,16.3176,28.8385,4.73622,2.62775
0,250,16.3882,29.2953,4.94233,2.63607
0,250,16.4618,29.7192,5.3135,2.61766
0,250,16.5239,30.1614,5.40922,2.20493
0,250,16.607,30.5714,6.0892,2.28037
0,250,16.6463,30.9711,6.0183,1.02371
0,250,16.7948,31.3622,7.05832,0.467804
0,250,16.9009,31.729,8.99394,0.716241
0,250,16.608,32.0568,4.98942,-0.329992
0,250,16.0076,18.6795,0.0427023,4.35737
0,250,16.036,19.1679,0.181795,4.30875
0,250,16.0559,19.7051,0.319987,4.65418
0,250,16.0894,20.2013,0.616732,4.60243
0,250,16.1116,20.6957,0.790154,4.53479
0,250,16.139,21.1937,1.07962,4.46263
0,250,16.1644,21.6872,1.20689,4.4315
0,250,16.1921,22.185,1.49974,4.32179
0,250,16.223,22.6785,1.68869,4.34288
0,250,16.2518,23.1752,1.91257,4.39731
0,250,16.2853,23.667,2.20019,4.28332
0,250,16.3193,24.1594,2.40708,4.38449
0,250,16.3567,24.6524,2.58487,4.20385
0,250,16.3961,25.1424,2.93085,4.18034
0,250,16.44,25.6313,3.11272,4.18071
0,250,16.4864,26.1187,3.44556,4.14959
0,250,16.5374,26.602,3.61323,4.01133
0,250,16.5947,27.0844,4.07269,4.04181
0,250,16.6523,27.5607,4.1162,3.72185
0,250,16.7266,28.0372,4.78562,3.77571
0,250,16.7895,28.4993,4.87603,3.3849
0,250,16.8845,28.9663,5.40727,3.22063
0,250,16.9556,29.4011,5.69107,2.79354
0,250,17.0628,29.844,5.92551,2.21922
0,250,17.1379,30.24,6.10861,2.15696
0,250,17.2606,30.6485,6.54198,1.61524
0,250,17.3173,31.0247,6.77531,2.17793
0,250,17.4767,31.3902,7.29029,1.5855
0,250,17.648,31.8003,7.4978,1.53237
0,250,17.2776,32.0835,6.18876,1.21494
0,250,16.5112,18.698,0.0917838,4.47171
0,250,16.5577,19.1904,0.462522,4.44893
0,250,16.5815,19.7199,0.621063,4.75681
0,250,16.6009,20.2169,0.724923,4.70174
0,250,16.6224,20.7119,0.872484,4.67668
0,250,16.6469,21.2116,1.03778,4.5813
0,250,16.672,21.7047,1.26164,4.57989
0,250,16.7005,22.2054,1.47107,4.51791
0,250,16.7282,22.6983,1.77119,4.48882
0,250,16.7606,23.196,1.95933,4.55431
0,250,16.7919,23.6898,2.22426,4.48365
0,250,16.8297,24.1839,2.44534,4.44629
0,250,16.8671,24.678,2.69145,4.42933
0,250,16.91,25.17,2.9942,4.33011
0,250,16.9546,25.6614,3.27543,4.38242
0,250,17.0049,26.149,3.54334,4.2138
0,250,17.0591,26.6381,3.85432,4.27811
0,250,17.1201,27.1174,4.13242,4.00974
0,250,17.1879,27.6046,4.47249,3.98504
0,250,17.2618,28.0715,4.83127,3.84589
0,250,17.346,28.5496,5.13203,3.48063
0,250,17.4383,29.0038,5.70496,3.6257
0,250,17.5394,29.4608,6.04346,3.07822
0,250,17.6662,29.8938,6.87148,2.93809
0,250,17.7719,30.3222,7.04772,2.63118
0,250,17.9453,30.7071,7.71596,2.14356
0,250,18.0172,31.1176,7.49202,1.97482
0,250,18.1291,31.4795,7.87794,1.35574
0,250,18.457,31.853,9.7401,1.55022
0,250,18.0988,32.0135,6.97683,-0.0665809
0,250,17.0118,18.7416,0.108281,4.84568
0,250,17.0566,19.2408,0.492079,4.85051
0,250,17.0791,19.746,0.648754,4.90473
0,250,17.101,20.2448,0.785381,4.88882
0,250,17.1233,20.744,0.949758,4.8869
0,250,17.1485,21.2435,1.12858,4.85664
0,250,17.1734,21.7418,1.36844,4.86279
0,250,17.203,22.2418,1.56889,4.83388
0,250,17.2298,22.7393,1.84185,4.83113
0,250,17.2644,23.239,2.05953,4.82919
0,250,17.2953,23.7361,2.279,4.80878
0,250,17.3348,24.2351,2.54689,4.78599
0,250,17.3717,24.7317,2.7966,4.77624
0,250,17.4169,25.23,3.07915,4.73268
0,250,17.4613,25.7254,3.36021,4.73913
0,250,17.5153,26.2223,3.65168,4.65002
0,250,17.5703,26.7163,3.98699,4.68967
0,250,17.637,27.2101,4.32029,4.50095
0,250,17.7074,27.7027,4.79735,4.58075
0,250,17.7926,28.1902,5.18172,4.30036
0,250,17.8865,28.6781,5.82543,4.32514
0,250,18.0008,29.158,6.27392,4.05963
0,250,18.1269,29.6286,6.90149,3.92789
0,250,18.2871,30.1067,7.50077,3.66982
0,250,18.4508,30.5269,7.9926,3.29978
0,250,18.6233,30.929,7.9181,1.81565
0,250,18.8419,31.1838,8.24004,0.158249
0,250,19.0229,31.5235,9.43734,1.36824
0,250,19.3379,31.8117,10.3987,1.15335
0,250,18.9803,32.0493,6.63422,-0.993342
1,250,1.5,1.5,0,0
1,250,1.5,2,0,0
1,250,32.5,1.5,0,0
1,250,33,1.5,0,0
1,250,2.5,32.5,0,0
1,250,2.5,33,0,0
1,250,1.5,2.5,0,0
1,250,2,2.5,0,0
1,250,2,1.5,0,0
1,250,2,2,0,0
1,250,32.5,2,0,0
1,250,33,2,0,0
1,250,3,32.5,0,0
1,250,3,33,0,0
1,250,1.5,3,0,0
1,250,2,3,0,0
1,250,2.5,1.5,0,0
1,250,2.5,2,0,0
1,250,32.5,2.5,0,0
1,250,33,2.5,0,0
1,250,3.5,32.5,0,0
1,250,3.5,33,0,0
1,250,1.5,3.5,0,0
1,250,2,3.5,0,0
1,250,3,1.5,0,0
1,250,3,2,0,0
1,250,32.5,3,0,0
1,250,33,3,0,0
1,250,4,32.5,0,0
1,250,4,33,0,0
1,250,1.5,4,0,0
1,250,2,4,0,0
1,250,3.5,1.5,0,0
1,250,3.5,2,0,0
1,250,32.5,3.5,0,0
1,250,33,3.5,0,0
1,250,4.5,32.5,0,0
1,250,4.5,33,0,0
1,250,1.5,4.5,0,0
1,250,2,4.5,0,0
1,250,4,1.5,0,0
1,250,4,2,0,0
1,250,32.5,4,0,0
1,250,33,4,0,0
1,250,5,32.5,0,0
1,250,5,33,0,0
1,250,1.5,5,0,0
1,250,2,5,0,0
1,250,4.5,1.5,0,0
1,250,4.5,2,0,0
1,250,32.5,4.5,0,0
1,250,33,4.5,0,0
1,250,5.5,32.5,0,0
1,250,5.5,33,0,0
1,250,1.5,5.5,0,0
1,250,2,5.5,0,0
1,250,5,1.5,0,0
1,250,5,2,0,0
1,250,32.5,5,0,0
1,250,33,5,0,0
1,250,6,32.5,0,0
1,250,6,33,0,0
1,250,1.5,6,0,0
1,250,2,6,0,0
1,250,5.5,1.5,0,0
1,250,5.5,2,0,0
1,250,32.5,5.5,0,0
1,250,33,5.5,0,0
1,250,6.5,32.5,0,0
1,250,6.5,33,0,0
1,250,1.5,6.5,0,0
1,250,2,6.5,0,0
1,250,6,1.5,0,0
1,250,6,2,0,0
1,250,32.5,6,0,0
1,250,33,6,0,0
1,250,7,32.5,0,0
1,250,7,33,0,0
1,250,1.5,7,0,0
1,250,2,7,0,0
1,250,6.5,1.5,0,0
1,250,6.5,2,0,0
1,250,32.5,6.5,0,0
1,250,33,6.5,0,0
1,250,7.5,32.5,0,0
1,250,7.5,33,0,0
1,250,1.5,7.5,0,0
1,250,2,7.5,0,0
1,250,7,1.5,0,0
1,250,7,2,0,0
1,250,32.5,7,0,0
1,250,33,7,0,0
1,250,8,32.5,0,0
1,250,8,33,0,0
1,250,1.5,8,0,0
1,250,2,8,0,0
1,250,7.5,1.5,0,0
1,250,7.5,2,0,0
1,250,32.5,7.5,0,0
1,250,33,7.5,0,0
1,250,8.5,32.5,0,0
1,250,8.5,33,0,0
1,250,1.5,8.5,0,0
1,250,2,8.5,0,0
1,250,8,1.5,0,0
1,250,8,2,0,0
1,250,32.5,8,0,0
1,250,33,8,0,0
1,250,9,32.5,0,0
1,250,9,33,0,0
1,250,1.5,9,0,0
1,250,2,9,0,0
1,250,8.5,1.5,0,0
1,250,8.5,2,0,0
1,250,32.5,8.5,0,0
1,250,33,8.5,0,0
1,250,9.5,32.5,0,0
1,250,9.5,33,0,0
1,250,1.5,9.5,0,0
1,250,2,9.5,0,0
1,250,9,1.5,0,0
1,250,9,2,0,0
1,250,32.5,9,0,0
1,250,33,9,0,0
1,250,10,32.5,0,0
1,250,10,33,0,0
1,250,1.5,10,0,0
1,250,2,10,0,0
1,250,9.5,1.5,0,0
1,250,9.5,2,0,0
1,250,32.5,9.5,0,0
1,250,33,9.5,0,0
1,250,10.5,32.5,0,0
1,250,10.5,33,0,0
1,250,1.5,10.5,0,0
1,250,2,10.5,0,0
1,250,10,1.5,0,0
1,250,10,2,0,0
1,250,32.5,10,0,0
1,250,33,10,0,0
1,250,11,32.5,0,0
1,250,11,33,0,0
1,250,1.5,11,0,0
1,250,2,11,0,0
1,250,10.5,1.5,0,0
1,250,10.5,2,0,0
1,250,32.5,10.5,0,0
1,250,33,10.5,0,0
1,250,11.5,32.5,0,0
1,250,11.5,33,0,0
1,250,1.5,11.5,0,0
1,250,2,11.5,0,0
1,250,11,1.5,0,0
1,250,11,2,0,0
1,250,32.5,11,0,0
1,250,33,11,0,0
1,250,12,32.5,0,0
1,250,12,33,0,0
1,250,1.5,12,0,0
1,250,2,12,0,0
1,250,11.5,1.5,0,0
1,250,11.5,2,0,0
1,250,32.5,11.5,0,0
1,250,33,11.5,0,0
1,250,12.5,32.5,0,0
1,250,12.5,33,0,0
1,250,1.5,12.5,0,0
1,250,2,12.5,0,0
1,250,12,1.5,0,0
1,250,12,2,0,0
1,250,32.5,12,0,0
1,250,33,12,0,0
1,250,13,32.5,0,0
1,250,13,33,0,0
1,250,1.5,13,0,0
1,250,2,13,0,0
1,250,12.5,1.5,0,0
1,250,12.5,2,0,0
1,250,32.5,12.5,0,0
1,250,33,12.5,0,0
1,250,13.5,32.5,0,0
1,250,13.5,33,0,0
1,250,1.5,13.5,0,0
1,250,2,13.5,0,0
1,250,13,1.5,0,0
1,250,13,2,0,0
1,250,32.5,13,0,0
1,250,33,13,0,0
1,250,14,32.5,0,0
1,250,14,33,0,0
1,250,1.5,14,0,0
1,250,2,14,0,0
1,250,13.5,1.5,0,0
1,250,13.5,2,0,0
1,250,32.5,13.5,0,0
1,250,33,13.5,0,0
1,250,14.5,32.5,0,0
1,250,14.5,33,0,0
1,250,1.5,14.5,0,0
1,250,2,14.5,0,0
1,250,14,1.5,0,0
1,250,14,2,0,0
1,250,32.5,14,0,0
1,250,33,14,0,0
1,250,15,32.5,0,0
1,250,15,33,0,0
1,250,1.5,15,0,0
1,250,2,15,0,0
1,250,14.5,1.5,0,0
1,250,14.5,2,0,0
1,250,32.5,14.5,0,0
1,250,33,14.5,0,0
1,250,15.5,32.5,0,0
1,250,15.5,33,0,0
1,250,1.5,15.5,0,0
1,250,2,15.5,0,0
1,250,15,1.5,0,0
1,250,15,2,0,0
1,250,32.5,15,0,0
1,250,33,15,0,0
1,250,16,32.5,0,0
1,250,16,33,0,0
1,250,1.5,16,0,0
1,250,2,16,0,0
1,250,15.5,1.5,0,0
1,250,15.5,2,0,0
1,250,32.5,15.5,0,0
1,250,33,15.5,0,0
1,250,16.5,32.5,0,0
1,250,16.5,33,0,0
1,250,1.5,16.5,0,0
1,250,2,16.5,0,0
1,250,16,1.5,0,0
1,250,16,2,0,0
1,250,32.5,16,0,0
1,250,33,16,0,0
1,250,17,32.5,0,0
1,250,17,33,0,0
1,250,1.5,17,0,0
1,250,2,17,0,0
1,250,16.5,1.5,0,0
1,250,16.5,2,0,0
1,250,32.5,16.5,0,0
1,250,33,16.5,0,0
1,250,17.5,32.5,0,0
1,250,17.5,33,0,0
1,250,1.5,17.5,0,0
1,250,2,17.5,0,0
1,250,17,1.5,0,0
1,250,17,2,0,0
1,250,32.5,17,0,0
1,250,33,17,0,0
1,250,18,32.5,0,0
1,250,18,33,0,0
1,250,1.5,18,0,0
1,250,2,18,0,0
1,250,17.5,1.5,0,0
1,250,17.5,2,0,0
1,250,32.5,17.5,0,0
1,250,33,17.5,0,0
1,250,18.5,32.5,0,0
1,250,18.5,33,0,0
1,250,1.5,18.5,0,0
1,250,2,18.5,0,0
1,250,18,1.5,0,0
1,250,18,2,0,0
1,250,32.5,18,0,0
1,250,33,18,0,0
1,250,19,32.5,0,0
1,250,19,33,0,0
1,250,1.5,19,0,0
1,250,2,19,0,0
1,250,18.5,1.5,0,0
1,250,18.5,2,0,0
1,250,32.5,18.5,0,0
1,250,33,18.5,0,0
1,250,19.5,32.5,0,0
1,250,19.5,33,0,0
1,250,1.5,19.5,0,0
1,250,2,19.5,0,0
1,250,19,1.5,0,0
1,250,19,2,0,0
1,250,32.5,19,0,0
1,250,33,19,0,0
1,250,20,32.5,0,0
1,250,20,33,0,0
1,250,1.5,20,0,0
1,250,2,20,0,0
1,250,19.5,1.5,0,0
1,250,19.5,2,0,0
1,250,32.5,19.5,0,0
1,250,33,19.5,0,0
1,250,20.5,32.5,0,0
1,250,20.5,33,0,0
1,250,1.5,20.5,0,0
1,250,2,20.5,0,0
1,250,20,1.5,0,0
1,250,20,2,0,0
1,250,32.5,20,0,0
1,250,33,20,0,0
1,250,21,32.5,0,0
1,250,21,33,0,0
1,250,1.5,21,0,0
1,250,2,21,0,0
1,250,20.5,1.5,0,0
1,250,20.5,2,0,0
1,250,32.5,20.5,0,0
1,250,33,20.5,0,0
1,250,21.5,32.5,0,0
1,250,21.5,33,0,0
1,250,1.5,21.5,0,0
1,250,2,21.5,0,0
1,250,21,1.5,0,0
1,250,21,2,0,0
1,250,32.5,21,0,0
1,250,33,21,0,0
1,250,22,32.5,0,0
1,250,22,33,0,0
1,250,1.5,22,0,0
1,250,2,22,0,0
1,250,21.5,1.5,0,0
1,250,21.5,2,0,0
1,250,32.5,21.5,0,0
1,250,33,21.5,0,0
1,250,22.5,32.5,0,0
1,250,22.5,33,0,0
1,250,1.5,22.5,0,0
1,250,2,22.5,0,0
1,250,22,1.5,0,0
1,250,22,2,0,0
1,250,32.5,22,0,0
1,250,33,22,0,0
1,250,23,32.5,0,0
1,250,23,33,0,0
1,250,1.5,23,0,0
1,250,2,23,0,0
1,250,22.5,1.5,0,0
1,250,22.5,2,0,0
1,250,32.5,22.5,0,0
1,250,33,22.5,0,0
1,250,23.5,32.5,0,0
1,250,23.5,33,0,0
1,250,1.5,23.5,0,0
1,250,2,23.5,0,0
1,250,23,1.5,0,0
1,250,23,2,0,0
1,250,32.5,23,0,0
1,250,33,23,0,0
1,250,24,32.5,0,0
1,250,24,33,0,0
1,250,1.5,24,0,0
1,250,2,24,0,0
1,250,23.5,1.5,0,0
1,250,23.5,2,0,0
1,250,32.5,23.5,0,0
1,250,33,23.5,0,0
1,250,24.5,32.5,0,0
1,250,24.5,33,0,0
1,250,1.5,24.5,0,0
1,250,2,24.5,0,0
1,250,24,1.5,0,0
1,250,24,2,0,0
1,250,32.5,24,0,0
1,250,33,24,0,0
1,250,25,32.5,0,0
1,250,25,33,0,0
1,250,1.5,25,0,0
1,250,2,25,0,0
1,250,24.5,1.5,0,0
1,250,24.5,2,0,0
1,250,32.5,24.5,0,0
1,250,33,24.5,0,0
1,250,25.5,32.5,0,0
1,250,25.5,33,0,0
1,250,1.5,25.5,0,0
1,250,2,25.5,0,0
1,250,25,1.5,0,0
1,250,25,2,0,0
1,250,32.5,25,0,0
1,250,33,25,0,0
1,250,26,32.5,0,0
1,250,26,33,0,0
1,250,1.5,26,0,0
1,250,2,26,0,0
1,250,25.5,1.5,0,0
1,250,25.5,2,0,0
1,250,32.5,25.5,0,0
1,250,33,25.5,0,0
1,250,26.5,32.5,0,0
1,250,26.5,33,0,0
1,250,1.5,26.5,0,0
1,250,2,26.5,0,0
1,250,26,1.5,0,0
1,250,26,2,0,0
1,250,32.5,26,0,0
1,250,33,26,0,0
1,250,27,32.5,0,0
1,250,27,33,0,0
1,250,1.5,27,0,0
1,250,2,27,0,0
1,250,26.5,1.5,0,0
1,250,26.5,2,0,0
1,250,32.5,26.5,0,0
1,250,33,26.5,0,0
1,250,27.5,32.5,0,0
1,250,27.5,33,0,0
1,250,1.5,27.5,0,0
1,250,2,27.5,0,0
1,250,27,1.5,0,0
1,250,27,2,0,0
1,250,32.5,27,0,0
1,250,33,27,0,0
1,250,28,32.5,0,0
1,250,28,33,0,0
1,250,1.5,28,0,0
1,250,2,28,0,0
1,250,27.5,1.5,0,0
1,250,27.5,2,0,0
1,250,32.5,27.5,0,0
1,250,33,27.5,0,0
1,250,28.5,32.5,0,0
1,250,28.5,33,0,0
1,250,1.5,28.5,0,0
1,250,2,28.5,0,0
1,250,28,1.5,0,0
1,250,28,2,0,0
1,250,32.5,28,0,0
1,250,33,28,0,0
1,250,29,32.5,0,0
1,250,29,33,0,0
1,250,1.5,29,0,0
1,250,2,29,0,0
1,250,28.5,1.5,0,0
1,250,28.5,2,0,0
1,250,32.5,28.5,0,0
1,250,33,28.5,0,0
1,250,29.5,32.5,0,0
1,250,29.5,33,0,0
1,250,1.5,29.5,0,0
1,250,2,29.5,0,0
1,250,29,1.5,0,0
1,250,29,2,0,0
1,250,32.5,29,0,0
1,250,33,29,0,0
1,250,30,32.5,0,0
1,250,30,33,0,0
1,250,1.5,30,0,0
1,250,2,30,0,0
1,250,29.5,1.5,0,0
1,250,29.5,2,0,0
1,250,32.5,29.5,0,0
1,250,33,29.5,0,0
1,250,30.5,32.5,0,0
1,250,30.5,33,0,0
1,250,1.5,30.5,0,0
1,250,2,30.5,0,0
1,250,30,1.5,0,0
1,250,30,2,0,0
1,250,32.5,30,0,0
1,250,33,30,0,0
1,250,31,32.5,0,0
1,250,31,33,0,0
1,250,1.5,31,0,0
1,250,2,31,0,0
1,250,30.5,1.5,0,0
1,250,30.5,2,0,0
1,250,32.5,30.5,0,0
1,250,33,30.5,0,0
1,250,31.5,32.5,0,0
1,250,31.5,33,0,0
1,250,1.5,31.5,0,0
1,250,2,31.5,0,0
1,250,31,1.5,0,0
1,250,31,2,0,0
1,250,32.5,31,0,0
1,250,33,31,0,0
1,250,32,32.5,0,0
1,250,32,33,0,0
1,250,1.5,32,0,0
1,250,2,32,0,0
1,250,31.5,1.5,0,0
1,250,31.5,2,0,0
1,250,32.5,31.5,0,0
1,250,33,31.5,0,0
1,250,32.5,32.5,0,0
1,250,32.5,33,0,0
1,250,1.5,32.5,0,0
1,250,2,32.5,0,0
1,250,32,1.5,0,0
1,250,32,2,0,0
1,250,32.5,32,0,0
1,250,33,32,0,0
1,250,33,32.5,0,0
1,250,33,33,0,0
1,250,1.5,33,0,0
1,250,2,33,0,0
