1396 2 0.5 2.5e+06 0.05 2 0 0.001 0 9.81 35 35
0,250,3.04113,24.361,3.76582,0.890701
0,250,2.45303,24.9218,2.6204,1.42152
0,250,2.57805,25.4154,0.266963,0.272107
0,250,2.74271,25.787,1.34397,3.83397
0,250,2.47786,26.1079,3.67403,4.15453
0,250,2.78648,26.4512,1.28858,2.02164
0,250,3.06981,26.682,-0.268902,-0.109978
0,250,2.41512,26.9791,0.761324,2.07503
0,250,2.78898,27.5979,1.18391,2.6433
0,250,2.42437,28.333,0.57839,2.92046
0,250,2.71051,28.763,1.04538,-0.0550871
0,250,3.09209,28.1755,-0.19779,1.20277
0,250,2.86636,29.1049,0.194326,0.735851
0,250,2.39765,29.349,-1.26363,-0.650551
0,250,3.48406,29.1623,0.576937,0.419243
0,250,2.49969,29.8685,-0.294802,-0.361685
0,250,3.70351,29.5928,0.140438,2.92045
0,250,3.06912,29.538,-1.0555,0.498545
0,250,2.48379,30.3983,-0.271236,2.01871
0,250,2.51349,30.8926,2.32636,2.07964
0,250,2.97821,31.108,-0.664386,2.05106
0,250,2.55992,31.4082,0.907084,0.867054
0,250,3.44322,31.344,0.63877,1.04696
0,250,3.99037,31.2789,1.70837,0.401791
0,250,3.979,30.8952,0.587262,0.160271
0,250,2.80666,31.679,-0.172833,0.356725
0,250,4.53337,31.2478,1.9893,-0.766503
0,250,4.09946,31.7055,1.49315,0.677182
0,250,2.44653,32.0855,2.34518,0.246616
0,250,3.04001,32.0995,0.785721,0.961332
0,250,2.83305,23.8957,1.71693,3.51742
0,250,2.50228,23.1764,0.893563,4.75122
0,250,2.53562,23.6321,3.8329,1.56162
0,250,2.54151,24.2982,-0.532226,1.05647
0,250,3.54309,24.5657,1.32525,1.84996
0,250,2.85713,24.7738,1.08698,1.9577
0,250,3.07912,25.3248,0.752762,0.989458
0,250,3.28587,25.9284,0.151879,2.4214
0,250,3.33524,26.2382,0.578333,2.93018
0,250,3.69048,26.7915,-0.172384,1.15577
0,250,2.76714,27.1499,-0.604719,1.8835
0,250,3.38612,27.1293,0.885959,1.92592
0,250,2.53353,27.9113,-0.687913,0.029637
0,250,3.22116,27.6807,-0.757744,0.239339
0,250,3.70214,28.1115,0.363957,-0.10233
0,250,3.21002,28.5568,-1.27497,0.395898
0,250,4.69661,27.857,0.569944,0.280484
0,250,3.71186,28.5107,-0.944386,0.662431
0,250,3.86311,29.0203,1.24398,1.76182
0,250,4.07363,30.0039,2.02968,0.987604
0,250,3.00364,29.9677,-0.521357,0.380646
0,250,3.46853,29.9805,-0.648937,-0.596083
0,250,2.93941,30.5508,0.738056,1.76055
0,250,3.40575,30.7697,0.775635,0.851248
0,250,3.65701,30.4639,1.39997,0.0885585
0,250,5.03855,30.8924,2.04568,-0.287417
0,250,5.57129,30.7264,2.73723,0.257073
0,250,4.69432,31.5554,3.50027,-0.721398
0,250,3.44701,31.7135,2.58627,-0.431477
0,250,3.6971,32.0861,2.67172,-3.83136
0,250,4.43497,23.6737,0.0506135,2.97281
0,250,3.22855,23.3908,-1.65919,0.53806
0,250,4.01215,23.9642,-0.00547236,0.721853
0,250,3.47332,23.9613,0.789865,2.19562
0,250,3.98479,24.4699,0.130265,1.0149
0,250,3.36727,25.0029,0.313765,2.11687
0,250,3.5808,25.4959,-0.0509987,1.0627
0,250,3.92554,25.8676,0.885944,1.95933
0,250,3.96681,26.5004,0.961755,0.348005
0,250,4.37775,26.3467,-0.832879,0.848372
0,250,4.20279,26.9615,0.613596,1.84378
0,250,4.0436,27.4124,-0.293629,2.05056
0,250,3.63034,27.5064,2.07888,0.321727
0,250,4.48867,27.4547,0.895605,0.535294
0,250,4.21132,27.9934,1.0754,1.77381
0,250,5.08493,28.0969,0.0391488,0.736943
0,250,4.74333,28.4774,1.3927,-0.537383
0,250,4.23706,28.4043,1.71052,1.74857
0,250,4.24233,29.2946,1.40076,-0.652966
0,250,4.4698,29.7448,0.85776,0.324654
0,250,4.73816,30.1769,1.81616,-0.673684
0,250,5.09703,30.4599,0.703643,1.61996
0,250,4.28169,30.3866,1.50603,0.553973
0,250,6.26133,30.1566,1.8111,1.85502
0,250,4.57019,30.7584,2.04146,0.500271
0,250,5.9983,30.4924,1.84735,1.21423
0,250,6.24429,31.4558,1.55498,0.733487
0,250,5.32103,31.3246,1.4498,-0.254444
0,250,4.29161,32.0527,2.49196,-0.787386
0,250,4.80992,32.032,1.97211,-0.880603
0,250,3.68613,23.4896,-1.44863,1.72504
0,250,4.53308,24.1953,0.0487781,2.55259
0,250,4.70889,24.6221,0.317674,2.67871
0,250,4.04931,24.8984,-1.23191,2.19548
0,250,4.60959,25.0406,0.804522,2.46773
0,250,4.0567,25.2799,0.0929685,1.06346
0,250,4.74086,25.5496,-0.26195,0.490272
0,250,4.26735,25.7673,0.635107,1.43298
0,250,4.76045,26.111,-0.185352,1.11078
0,250,4.84749,26.5777,-0.222314,0.463019
0,250,4.7508,26.9964,1.94643,1.47775
0,250,5.05075,27.3081,1.23826,0.193109
0,250,5.67816,27.1068,0.839984,-0.574537
0,250,5.33028,27.6556,2.13532,0.904675
0,250,5.7954,27.5989,2.32278,0.639344
0,250,5.36879,28.6418,0.779644,1.01696
0,250,5.02625,28.9013,0.233662,0.821864
0,250,4.46591,28.8981,-0.178353,-0.00565049
0,250,4.81635,29.3245,1.79675,0.649826
0,250,5.15818,29.7992,2.66454,-0.235302
0,250,5.5428,30.1293,2.26343,1.13483
0,250,6.53198,29.6872,2.83283,1.86801
0,250,6.74558,30.0832,2.36292,0.4885
0,250,6.53692,30.6936,1.44332,1.36231
0,250,6.19603,30.9546,2.36819,1.00627
0,250,6.73224,31.1981,1.76607,-1.05162
0,250,5.93131,31.7493,0.614154,-0.50031
0,250,5.67665,31.1734,1.21363,-0.334418
0,250,5.24918,31.7811,2.17663,-0.124679
0,250,5.55036,32.0005,1.24971,-1.19799
0,250,4.71986,23.5744,1.23519,3.21249
0,250,5.34186,23.4797,1.56162,2.27789
0,250,5.05067,24.0236,1.03295,2.30692
0,250,5.29119,24.3791,0.791668,0.668821
0,250,5.10313,24.9187,0.272505,1.75906
0,250,5.1189,25.4398,0.583532,2.09943
0,250,5.93014,25.4484,1.46231,1.13194
0,250,5.39068,25.8112,2.31295,1.28837
0,250,5.96323,26.0587,1.77568,0.773716
0,250,5.287,26.2174,0.651301,1.72636
0,250,5.72927,26.4856,1.60214,1.64935
0,250,5.3911,26.8108,2.01282,0.728522
0,250,6.21297,27.4023,2.0384,0.931579
0,250,6.08205,28.0172,0.309727,0.747866
0,250,5.59005,28.172,1.37564,0.0890794
0,250,5.90948,28.5518,-0.0520204,0.511286
0,250,5.68958,29.0831,2.48144,2.19583
0,250,6.23161,28.8596,1.19929,1.11229
0,250,5.34075,29.4052,0.548903,1.83122
0,250,6.03529,29.4183,1.40118,0.554074
0,250,5.83352,29.7987,2.63656,0.521015
0,250,6.55224,29.2722,1.3696,-0.235986
0,250,7.33136,29.9081,2.4798,1.084
0,250,7.10082,30.3409,2.28398,-0.700725
0,250,7.02116,30.8332,3.26438,-0.245553
0,250,7.43635,31.1741,1.56463,0.0857538
0,250,7.15565,31.5291,2.58833,-0.17314
0,250,6.92943,32.0666,0.442496,-3.6601
0,250,6.63076,31.7302,0.896633,-1.53382
0,250,6.26849,32.0685,0.0225807,0.969192
0,250,5.64084,23.6463,0.773128,1.90248
0,250,5.747,24.2826,1.49884,1.93638
0,250,6.25945,24.1459,1.76756,1.39209
0,250,5.72289,24.7126,-0.0950396,3.3446
0,250,5.63941,25.1055,0.376611,2.12185
0,250,6.31668,25.0134,0.821594,1.19113
0,250,6.32537,25.5828,1.36339,1.9186
0,250,6.81004,25.893,2.60512,2.14499
0,250,6.30667,26.1704,-0.0282631,0.223794
0,250,6.52319,26.7022,2.12332,1.13318
0,250,6.84757,27.0335,1.61353,0.799523
0,250,6.11965,26.8304,1.84968,0.77178
0,250,6.60938,27.4582,1.56841,1.685
0,250,7.04278,27.757,2.11254,0.828457
0,250,6.63758,27.9731,2.39702,-0.14517
0,250,7.42111,28.1905,1.51107,1.03662
0,250,6.44889,28.3489,1.93832,0.117428
0,250,7.40078,28.8349,2.87343,0.859549
0,250,6.7732,28.7719,1.56509,-1.22584
0,250,7.75542,29.2757,1.53227,0.932374
0,250,7.19557,29.5681,0.620816,-0.226208
0,250,7.84882,29.62,3.04683,0.715459
0,250,7.73879,30.2477,2.58747,0.202073
0,250,8.26833,30.5158,2.98036,0.498419
0,250,7.52036,30.6595,2.01175,0.755179
0,250,7.70418,31.5696,4.65493,-0.600957
0,250,7.41499,31.981,3.47661,0.247456
0,250,8.29381,31.7227,4.69923,-0.192998
0,250,7.90742,32.0375,2.472,-0.886378
0,250,8.58485,32.091,3.58986,-1.19988
0,250,6.09017,23.6647,1.24396,2.20323
0,250,6.83141,23.5548,0.751296,1.91589
0,250,6.46582,23.5884,1.63798,0.205594
0,250,6.64972,24.233,1.08732,1.44903
0,250,6.41849,24.6829,1.15067,0.775083
0,250,7.06021,24.9153,1.6292,1.24209
0,250,6.75702,25.3676,1.96603,0.993683
0,250,7.25694,25.8591,1.04385,0.750766
0,250,7.39686,26.3353,2.00671,2.70352
0,250,6.8931,26.3947,1.75964,1.40962
0,250,7.27098,26.8391,2.29849,1.51198
0,250,7.31544,27.3764,2.137,1.94336
0,250,8.16886,27.4483,2.61101,1.18388
0,250,7.67936,27.5345,2.0391,-0.169609
0,250,7.12218,28.4124,1.79744,-0.882881
0,250,8.111,28.3509,2.90135,-0.15919
0,250,7.88535,28.7159,2.67736,-0.956379
0,250,8.22952,29.0502,1.5006,0.0033078
0,250,7.08224,29.1242,1.82008,0.38831
0,250,8.70136,29.2072,2.85846,0.937581
0,250,8.39317,29.5888,1.73224,-0.539441
0,250,8.16587,30.0552,2.07596,-0.00781201
0,250,8.74187,30.5105,2.86884,-0.594194
0,250,9.11859,30.8347,2.43187,1.27989
0,250,7.89849,30.8987,2.73975,0.497691
0,250,8.49725,30.9958,3.33417,0.188348
0,250,8.22192,31.3084,1.69795,-0.977157
0,250,9.47276,31.7085,1.29031,-0.121218
0,250,8.88291,31.6687,0.559073,0.576109
0,250,9.19622,32.0648,2.75909,-0.204648
0,250,7.32131,23.6873,1.70371,2.56724
0,250,7.13893,24.0925,1.92717,2.50887
0,250,7.75701,24.4701,1.55791,1.99362
0,250,7.20207,24.5013,2.64738,1.08232
0,250,7.5387,24.9708,1.50604,1.77285
0,250,7.24185,25.3697,1.86178,1.38501
0,250,7.77962,25.8408,2.56713,2.82959
0,250,8.14729,26.0947,2.40579,0.949023
0,250,7.76724,26.6408,2.76717,2.2987
0,250,8.59989,27.0025,2.80531,1.5132
0,250,7.92531,27.043,0.86596,1.95574
0,250,8.68155,27.514,2.76437,1.7739
0,250,8.44299,27.8512,2.81612,0.82587
0,250,8.65855,28.2867,2.71415,1.23395
0,250,7.81115,28.0424,1.79615,1.23586
0,250,9.23196,28.6419,2.71743,1.45924
0,250,8.6574,28.688,3.14808,0.956208
0,250,9.19539,29.0524,3.46206,1.0811
0,250,9.41265,29.5907,2.38236,1.26743
0,250,9.79774,29.6835,3.6834,0.670473
0,250,8.97291,29.6162,3.47279,-0.308185
0,250,8.69327,30.0239,2.38306,1.03842
0,250,9.20374,30.225,3.87927,-0.0816603
0,250,9.69774,30.7463,3.32532,0.347982
0,250,9.49428,31.1841,3.20193,1.20765
0,250,9.95146,31.5514,3.97748,0.191077
0,250,8.96594,31.2529,2.10223,-0.679341
0,250,10.4154,31.5653,3.67154,-0.0425869
0,250,9.85223,32.0654,2.75808,0.897815
0,250,10.3968,32.0345,2.88823,-0.954267
0,250,7.91636,23.9314,2.02616,2.19239
0,250,8.27298,23.8114,2.51343,1.42596
0,250,8.22978,24.4153,2.66684,1.07276
0,250,7.99884,24.9541,1.73492,2.87225
0,250,8.07008,25.5454,2.72052,1.81733
0,250,8.68505,25.6257,2.4074,1.89996
0,250,8.5664,26.1737,3.37127,2.60234
0,250,8.93051,26.5412,1.12722,1.46175
0,250,8.29134,26.6446,2.43085,2.14753
0,250,9.16874,26.8215,2.32103,0.926679
0,250,9.15785,27.3487,2.96845,2.06223
0,250,9.0499,28.0016,1.53908,1.33814
0,250,9.43923,28.1419,3.30813,1.8942
0,250,10.0729,28.3254,3.22665,0.771976
0,250,9.69826,28.7447,2.5317,1.95449
0,250,10.2797,28.7512,3.31367,1.75557
0,250,9.86593,29.1817,3.95889,1.06553
0,250,10.6543,29.0403,4.39118,0.755859
0,250,10.2944,29.3501,3.42107,1.23991
0,250,10.2219,29.9641,3.85737,-0.123412
0,250,10.6073,30.4317,3.72799,0.803023
0,250,11.1457,30.3254,4.04058,0.216937
0,250,9.55621,30.2144,3.55222,0.127855
0,250,10.0364,30.3925,1.46185,-0.0212099
0,250,10.0428,31.0813,3.49012,1.34798
0,250,11.0308,30.8187,4.26585,-1.7413
0,250,10.8076,31.2067,3.83482,-0.740223
0,250,11.2367,31.3638,2.84089,0.358613
0,250,10.8956,31.7658,3.03431,0.371606
0,250,11.1904,32.0478,2.44012,-1.13796
0,250,8.88123,23.931,2.8617,2.80085
0,250,8.78717,24.2766,2.82333,1.59658
0,250,8.69984,24.6841,1.46174,2.02462
0,250,8.40142,25.1674,1.71997,1.91375
0,250,8.90326,25.1487,2.02425,1.79248
0,250,9.4798,25.5574,3.29922,1.65754
0,250,8.99361,25.8702,1.86669,1.90235
0,250,9.38136,26.1905,2.541,0.878841
0,250,9.64214,26.7822,3.18112,1.58287
0,250,9.993,27.1271,3.16586,1.2631
0,250,9.51545,27.5106,2.37493,0.618034
0,250,10.4155,27.8088,2.28982,1.59327
0,250,9.76559,27.9048,2.91016,1.4138
0,250,11.0646,27.9912,2.47418,1.75592
0,250,10.5701,28.2882,3.16792,2.1883
0,250,10.9896,28.5163,4.43989,1.14139
0,250,10.9624,29.3884,3.60009,1.19187
0,250,11.5133,29.4541,5.12069,1.08101
0,250,10.6012,29.809,2.04375,0.15532
0,250,11.5983,29.855,3.70211,-0.230607
0,250,11.0825,29.8948,2.35837,0.383972
0,250,11.6353,30.3523,5.31711,0.206794
0,250,12.1185,30.4693,6.29208,-0.248401
0,250,12.3143,30.9084,3.38172,0.270047
0,250,10.4316,30.793,1.67756,0.316878
0,250,11.6221,30.8274,3.00327,0.291225
0,250,11.8257,31.1604,3.16615,1.06755
0,250,12.3725,31.9857,2.91042,-0.184455
0,250,11.5792,31.6777,4.22722,-0.389879
0,250,11.8393,32.0788,4.87688,-0.0595961
0,250,9.38962,24.0107,2.65583,2.95564
0,250,9.53483,24.4623,1.8485,2.41185
0,250,9.22427,24.8562,2.87055,1.80652
0,250,9.74076,24.9733,3.29864,0.426624
0,250,9.80414,25.4945,3.45759,1.75644
0,250,10.1861,25.9958,2.87002,2.94307
0,250,9.74725,26.1597,2.26114,0.632569
0,250,10.0964,26.6424,3.80451,2.08804
0,250,10.5006,26.8825,3.09655,2.02616
0,250,10.861,27.1838,2.83511,0.679275
0,250,10.159,27.4949,3.11029,1.55671
0,250,10.886,27.5375,3.46424,0.672846
0,250,11.6049,27.7645,4.74115,0.974594
0,250,11.804,28.6554,3.90371,1.40519
0,250,11.4706,28.2879,3.12157,1.07048
0,250,12.1746,29.19,5.26426,0.523267
0,250,11.1811,28.8967,3.49643,0.344276
0,250,11.6759,29.0795,3.82649,1.02491
0,250,12.238,29.64,4.17738,1.90116
0,250,12.6483,30.5057,4.74632,0.560412
0,250,12.7145,29.8256,5.40872,0.550893
0,250,13.7185,30.8887,4.22881,1.08708
0,250,12.1852,30.0274,4.53287,-0.0792543
0,250,13.0877,30.8427,4.64669,0.523728
0,250,12.4796,31.2352,4.34933,-0.165262
0,250,12.7608,31.6734,5.27008,0.42949
0,250,12.1213,31.6152,2.94382,-1.53873
0,250,12.9755,32.1258,2.54378,1.64023
0,250,14.1802,32.1051,5.39126,1.8127
0,250,13.6468,31.983,6.59669,-1.72919
0,250,9.74044,23.9104,1.75395,1.80063
0,250,10.1411,24.3872,2.70935,2.39703
0,250,10.0941,24.7677,3.23723,1.42569
0,250,10.4438,25.1388,3.83215,0.251234
0,250,10.3609,25.5958,2.85759,1.61059
0,250,10.8914,25.8601,4.63298,0.653277
0,250,10.626,26.2757,2.79674,1.47116
0,250,10.8737,26.5718,3.67297,2.55773
0,250,11.4464,26.8909,4.32249,1.71331
0,250,11.4351,27.3694,2.80267,2.00718
0,250,12.2035,27.6748,5.17431,2.94469
0,250,12.5078,27.9707,3.93489,1.36449
0,250,11.9652,28.1284,3.1162,1.63703
0,250,12.6702,28.5143,3.8643,2.49961
0,250,12.2901,28.5954,4.48387,0.379737
0,250,12.5888,29.1159,2.89863,0.590613
0,250,12.9446,29.4255,5.67522,1.38336
0,250,13.3838,29.8177,4.09882,2.12267
0,250,12.92,30.233,4.95337,1.21207
0,250,13.3881,30.4912,4.55078,1.24063
0,250,13.9846,30.5248,5.019,1.49997
0,250,14.2008,31.3127,4.58392,1.56617
0,250,13.5732,31.2702,6.12624,-0.426242
0,250,14.1523,31.5825,5.59877,0.176245
0,250,13.0359,31.2729,3.76133,1.22794
0,250,15.2568,30.754,5.47533,-0.872878
0,250,13.3889,31.7087,4.23786,2.57841
0,250,14.9007,31.1216,5.10794,0.728055
0,250,14.887,31.4933,4.96482,0.167742
0,250,14.8488,32.0927,5.82901,2.01843
0,250,10.5652,24.1243,2.79971,2.1548
0,250,10.7496,24.3095,3.21244,1.83264
0,250,11.0316,24.8146,2.98596,2.31768
0,250,10.8599,25.2281,2.88788,1.98168
0,250,11.3226,25.4944,2.78293,0.590247
0,250,11.3366,25.9825,3.44326,2.20139
0,250,11.3694,26.4521,3.71409,1.06613
0,250,11.9165,26.6099,2.53462,1.62534
0,250,11.903,27.1754,4.28476,0.558444
0,250,12.309,27.0891,3.42448,0.924725
0,250,12.7298,27.4526,4.38013,1.81057
0,250,13.012,27.9774,4.29229,1.29013
0,250,13.6375,28.7286,3.86816,2.99555
0,250,14.0095,28.9876,6.2469,1.88005
0,250,13.1433,28.5145,4.1823,0.89571
0,250,13.2405,28.983,6.19312,0.677647
0,250,13.4661,29.3831,4.13711,0.878514
0,250,14.2046,29.8378,4.92553,0.900633
0,250,13.7361,30.1246,4.85586,1.17704
0,250,14.4008,30.2552,4.76822,1.07456
0,250,14.4621,30.803,4.71718,0.539691
0,250,15.8575,30.0284,5.38589,-0.126665
0,250,15.6827,30.461,5.51732,-1.93451
0,250,16.777,30.794,4.70642,0.341109
0,250,16.3246,30.632,5.47232,1.05858
0,250,15.8523,30.8453,5.14029,-0.914214
0,250,15.4946,31.1909,4.93229,-0.684225
0,250,15.6206,31.5932,5.72825,0.344465
0,250,16.2903,31.9282,3.83327,1.803
0,250,15.2132,31.8181,3.19462,0.166251
0,250,11.3927,24.4692,3.66003,2.9931
0,250,11.685,24.4405,3.75246,1.19564
0,250,11.5152,25.0939,1.89918,0.954295
0,250,11.8777,25.3418,3.64178,2.69545
0,250,11.8251,26.0276,2.69904,2.89378
0,250,12.336,26.0098,2.65378,2.18803
0,250,12.3132,26.5321,4.31599,1.97241
0,250,12.8239,26.9622,4.52186,2.45892
0,250,13.2409,27.1075,5.19366,1.21518
0,250,13.3049,27.6582,4.34021,2.19814
0,250,13.5622,28.0696,5.10011,0.178469
0,250,14.0422,28.3906,5.20468,2.54175
0,250,14.432,28.581,5.25146,2.40972
0,250,14.9727,28.709,4.44963,0.429527
0,250,14.5554,29.0808,4.83908,1.65884
0,250,14.8873,29.9801,4.70985,1.28395
0,250,14.0555,29.4246,4.61697,2.60765
0,250,15.3262,30.0788,5.26471,0.274507
0,250,14.866,30.5173,5.94562,1.04208
0,250,16.9237,29.7966,5.74527,0.694409
0,250,16.3481,29.9912,4.66844,-0.572025
0,250,17.7877,31.0387,8.2145,2.94709
0,250,16.6291,30.3002,5.84709,-0.925397
0,250,17.1845,31.0986,5.80641,-2.93023
0,250,16.2199,31.1266,4.08367,-2.74719
0,250,16.8317,31.3751,8.37968,-0.525905
0,250,16.3295,31.5131,4.52468,1.01047
0,250,17.3259,31.5118,9.0849,0.65256
0,250,18.0945,31.8912,5.36079,1.24634
0,250,15.7403,32.0085,1.48686,0.915593
0,250,12.0981,24.5876,3.02234,2.30444
0,250,12.2279,24.9904,3.24925,1.73138
0,250,12.4495,25.3516,3.13025,1.82271
0,250,12.5664,25.6899,3.93727,2.01442
0,250,13.1152,25.9096,3.97653,2.28611
0,250,12.8251,26.4047,3.79241,1.00869
0,250,13.1549,26.4849,4.67134,1.70734
0,250,13.6748,26.9613,3.78556,1.94055
0,250,13.8274,27.4619,4.93887,2.16762
0,250,13.987,27.8585,3.81905,1.39892
0,250,14.4846,27.8764,3.63531,1.78577
0,250,14.748,28.1833,4.44184,1.23991
0,250,15.5856,28.6612,5.74246,1.38387
0,250,15.1172,29.1144,4.53458,1.41966
0,250,14.6714,29.5273,5.69678,2.75087
0,250,15.6331,29.1423,3.9366,0.682159
0,250,15.2677,29.6172,5.54998,1.97756
0,250,16.3003,29.4536,5.61482,2.01421
0,250,15.8109,29.5728,5.87252,0.689538
0,250,17.6717,30.2664,7.56047,0.0910988
0,250,17.1768,30.2117,6.34288,0.963525
0,250,17.9855,30.6695,7.20606,1.03327
0,250,18.2488,31.2127,6.43289,1.20372
0,250,18.7677,31.0778,6.32547,1.61563
0,250,18.5791,31.665,7.09189,1.34793
0,250,19.2002,31.1373,7.52373,0.899673
0,250,17.8403,31.4978,7.38024,1.6698
0,250,17.6709,32.0849,5.21374,3.98902
0,250,19.3577,32.0366,5.18918,0.295857
0,250,16.7626,31.9041,6.53618,-2.38871
0,250,12.7846,24.7593,4.11853,3.02188
0,250,13.0721,24.7551,3.71279,0.527614
0,250,13.2176,25.2263,2.84536,0.943501
0,250,13.375,25.6145,3.94425,1.34997
0,250,13.628,26.0992,3.68488,1.8882
0,250,13.8025,26.516,4.41003,2.53287
0,250,14.3337,26.7651,4.26793,2.372
0,250,14.1495,27.1356,4.31637,1.57008
0,250,14.7207,27.4936,4.5278,1.47593
0,250,15.1553,27.7827,4.80819,2.04368
0,250,15.3348,28.2644,4.94502,2.17555
0,250,15.7763,28.2007,5.67115,2.82152
0,250,16.1833,28.5421,5.95347,1.35679
0,250,16.1971,29.0245,4.87051,1.09245
0,250,17.618,29.3753,5.06379,0.909785
0,250,17.4327,29.7531,7.194,0.349239
0,250,16.7542,29.4005,5.32254,1.68118
0,250,18.5968,29.724,7.29781,-0.0552568
0,250,18.0017,29.6589,5.60548,0.389579
0,250,18.1206,30.114,6.44194,2.37015
0,250,17.3324,30.6544,6.71479,0.44129
0,250,18.5315,30.7465,7.3146,0.645982
0,250,19.0956,30.5398,6.02337,2.38863
0,250,20.1533,31.3382,5.29728,-1.9712
0,250,19.8306,30.9256,6.30543,-1.17949
0,250,19.1805,31.6317,7.48561,2.20712
0,250,18.5852,32.0574,3.85567,1.80076
0,250,20.677,31.5693,8.75842,-0.379557
0,250,20.2106,31.8092,6.44557,-0.935887
0,250,17.1711,31.9816,6.49054,1.59955
0,250,13.5387,24.9013,3.74506,2.35163
0,250,13.9263,25.189,3.97211,1.88286
0,250,14.0005,25.632,3.21826,1.1712
0,250,14.3861,25.8234,4.88027,1.33539
0,250,14.3682,26.3301,4.43461,1.86566
0,250,15.2205,26.6694,5.37885,1.20912
0,250,14.8372,26.9182,4.12416,1.16186
0,250,15.1299,27.3384,4.76087,3.31305
0,250,15.7033,27.6181,4.52296,1.08297
0,250,16.1311,27.8499,5.20279,1.22759
0,250,16.6284,28.294,6.37394,1.74269
0,250,16.6356,28.7652,5.69257,2.10458
0,250,17.1105,29.1146,6.06954,0.939705
0,250,18.3024,29.2891,9.3592,-0.203236
0,250,18.9124,29.2196,7.42445,1.29925
0,250,19.1311,28.8707,6.49211,0.248108
0,250,19.0389,29.6285,7.11444,-0.605169
0,250,19.6557,29.5763,6.50306,1.16633
0,250,19.0495,30.1377,7.26044,0.780735
0,250,20.0695,29.878,8.67563,-0.124991
0,250,18.579,30.25,6.75514,-0.441377
0,250,19.6005,30.0909,6.14601,0.136524
0,250,19.6139,30.5572,7.95791,-0.587591
0,250,20.3771,30.9661,8.78585,0.470017
0,250,21.929,31.7174,9.10926,1.54323
0,250,22.7658,31.8393,4.09923,-0.000924194
0,250,19.8363,32.0007,6.36782,1.69429
0,250,20.9455,31.1988,7.48863,-0.231697
0,250,21.2118,32.0678,7.85034,1.54759
0,250,19.5467,31.4316,6.67738,0.612353
0,250,14.5241,25.2801,5.07991,1.99083
0,250,14.7119,25.3333,4.91842,1.55319
0,250,14.8597,25.9849,3.27063,3.02239
0,250,15.1854,26.248,4.65761,2.5585
0,250,15.8605,26.5278,5.47242,1.96412
0,250,15.6074,26.9786,5.8137,2.33962
0,250,16.1922,26.9264,5.94385,1.76909
0,250,16.0768,27.3807,6.09746,1.88252
0,250,16.6397,27.6691,5.98653,2.03298
0,250,16.9343,28.0255,5.7019,1.70887
0,250,17.2105,28.7023,5.79257,1.16165
0,250,17.6803,28.9493,7.67963,-1.51654
0,250,17.793,28.4558,6.92169,0.253684
0,250,18.2176,28.9079,6.10082,0.810453
0,250,19.5758,29.2109,7.79028,0.505208
0,250,20.1706,29.2512,6.16605,1.28757
0,250,20.4688,30.2265,7.09233,0.316692
0,250,21.797,30.3234,7.70672,0.210417
0,250,20.9986,30.3687,7.35728,-1.89453
0,250,22.1786,30.3581,6.03348,-0.400381
0,250,21.3904,30.5248,7.08391,1.5296
0,250,20.8318,30.7649,6.54311,0.0573909
0,250,20.2154,30.506,8.24476,0.497211
0,250,21.5543,31.1306,8.89995,-0.397055
0,250,22.309,31.3244,7.34521,1.84805
0,250,21.6959,31.8607,7.70177,-0.543405
0,250,21.3256,31.5161,7.71717,-0.319537
0,250,23.243,32.0338,4.42664,1.00402
0,250,23.7607,31.6134,9.36792,-2.9895
0,250,20.7215,31.9745,5.54301,-3.11544
0,250,15.32,25.4672,6.1639,2.10379
0,250,15.6493,25.392,5.40296,1.761
0,250,15.7154,26.098,4.51073,2.05814
0,250,16.4031,26.1064,5.88939,0.698172
0,250,16.4757,26.6076,5.62268,1.74735
0,250,16.8615,26.9351,5.66754,1.21281
0,250,16.8086,27.307,7.07048,0.80634
0,250,17.4237,27.2303,5.80335,1.57852
0,250,17.4009,27.6896,5.8229,1.24523
0,250,17.3872,28.2419,6.71773,-0.289216
0,250,18.3002,28.3424,4.53182,0.872908
0,250,18.6279,28.5914,5.4387,0.592293
0,250,19.6502,28.7427,7.12254,-0.780872
0,250,20.3773,28.9813,8.15289,1.45845
0,250,20.5038,29.7184,7.32043,-0.62945
0,250,21.1575,29.8627,8.38728,1.15989
0,250,21.9641,29.8069,8.20329,-2.17192
0,250,22.5028,30.033,8.55086,-0.814963
0,250,23.4321,30.3863,9.75725,-1.10338
0,250,24.2416,29.8212,9.85896,-0.791548
0,250,21.7442,30.877,7.53897,1.21768
0,250,23.7734,30.1965,8.9152,-1.68332
0,250,22.6742,30.5761,7.32389,-1.89648
0,250,22.3543,30.9942,7.17385,-1.38774
0,250,22.7404,31.4582,7.38093,3.40616
0,250,25.6295,31.1299,7.19603,0.0142616
0,250,23.2482,31.4376,9.06507,-0.198142
0,250,24.7074,31.073,7.84713,-1.16342
0,250,25.2678,30.9407,7.29088,1.03293
0,250,22.3666,32.1693,4.36839,4.10291
0,250,15.9708,25.7198,5.14391,2.64814
0,250,16.4495,25.675,5.34007,1.03493
0,250,16.8774,26.2972,4.94983,2.01553
0,250,17.3667,26.6941,6.2031,1.75714
0,250,17.6486,26.8173,6.42126,2.02975
0,250,18.0173,27.5163,4.56142,3.24823
0,250,18.4108,27.7495,6.6696,1.29972
0,250,17.8266,27.92,4.83672,2.5338
0,250,19.1492,27.6942,7.43269,1.89068
0,250,18.7508,28.0271,6.20873,1.34576
0,250,19.1669,28.4008,7.09771,0.875234
0,250,20.0748,28.6014,8.42522,0.790467
0,250,20.8732,29.5468,6.71418,0.848051
0,250,21.468,29.6701,6.38083,-1.12595
0,250,21.8004,29.2511,8.20428,-1.0432
0,250,22.2761,29.5557,7.4552,-1.54566
0,250,22.9294,30.0897,6.9566,-0.403422
0,250,24.3021,30.1871,8.20885,-1.02447
0,250,24.1717,30.7862,10.1196,0.804521
0,250,25.8476,30.5677,6.4435,-1.4843
0,250,23.0675,30.665,7.69587,-0.522183
0,250,23.791,30.8942,11.1126,1.4039
0,250,24.0677,31.309,8.61951,1.16523
0,250,24.5941,30.6171,7.76904,0.00716641
0,250,23.3314,31.0399,9.29357,0.631785
0,250,24.6166,31.4269,4.64715,0.255504
0,250,23.6487,31.9973,9.51995,-3.54086
0,250,25.0209,31.6956,6.09391,-0.225602
0,250,26.4913,32.0015,6.66597,0.0904139
0,250,24.2806,32.0682,7.12246,4.18113
0,250,17.1368,25.906,6.39904,1.65372
0,250,17.5343,25.9573,6.81157,2.19462
0,250,18.0243,26.4194,6.61627,0.955547
0,250,18.4555,26.9378,7.4639,1.95395
0,250,18.6153,27.3107,5.78286,2.38467
0,250,19.146,27.2911,7.49041,0.894606
0,250,19.7972,27.8085,7.36054,2.73215
0,250,19.4553,28.0677,7.33394,1.14737
0,250,20.2787,28.2602,7.32645,0.659599
0,250,21.0042,28.6781,9.33889,1.69948
0,250,20.9715,29.032,6.65019,0.684645
0,250,21.474,29.0908,7.22098,0.502163
0,250,22.4785,29.0569,6.62167,-3.37971
0,250,23.0602,29.6284,7.7636,0.0726256
0,250,23.508,29.7643,8.21217,-0.263529
0,250,24.835,29.7787,6.75028,-0.762666
0,250,25.293,30.4932,6.57779,-0.391924
0,250,25.661,30.1187,6.31365,-0.797293
0,250,26.0859,31.3993,7.50996,1.35362
0,250,26.5807,30.2558,9.97914,-2.05713
0,250,25.4291,31.535,4.86025,1.17123
0,250,26.2024,30.7922,6.54322,0.383007
0,250,25.9425,32.1176,5.70715,4.14702
0,250,26.3876,31.4256,4.37032,1.26022
0,250,25.4982,31.9993,5.91539,0.265256
0,250,27.556,30.81,9.71546,-0.283234
0,250,27.2289,31.3183,6.83083,0.129156
0,250,26.9649,31.7343,9.05436,0.190094
0,250,27.9172,31.7588,6.79962,0.114408
0,250,24.6356,31.9507,5.27214,-0.973464
0,250,17.7795,26.1244,6.18287,1.83673
0,250,18.851,26.4689,7.43881,1.24283
0,250,19.2548,26.9452,7.21874,2.27591
0,250,19.9261,27.475,7.78528,1.30473
0,250,20.5343,27.4845,7.49581,0.67775
0,250,20.456,27.8771,7.59722,-0.30359
0,250,20.8095,28.3359,6.91568,0.683983
0,250,21.472,28.1614,8.6408,-0.388312
0,250,21.7886,28.6877,7.9369,0.790206
0,250,22.2706,28.709,8.96481,0.0978145
0,250,22.808,29.3494,8.18511,-0.117154
0,250,23.598,29.1728,7.54229,-2.25924
0,250,23.885,29.5024,8.82094,0.427477
0,250,25.3937,29.3326,10.5746,-1.56519
0,250,24.9307,30.2609,7.19304,-0.489808
0,250,26.5586,29.735,11.4168,-2.01404
0,250,26.1437,30.0818,6.62169,-3.4516
0,250,27.0007,30.3042,7.65689,-1.61454
0,250,27.09,30.9052,9.05889,-1.2945
0,250,27.8393,29.8009,5.77511,-3.54616
0,250,26.613,30.8114,6.85738,-3.24555
0,250,28.0333,30.6106,5.97157,-4.86851
0,250,27.7374,30.3238,10.4748,-3.88397
0,250,28.3856,30.2325,2.7054,-2.81662
0,250,27.9806,31.1171,3.38478,0.108765
0,250,27.6244,31.5824,7.47135,-0.466078
0,250,27.8587,32.2078,9.03947,-3.52545
0,250,28.3965,31.6083,2.04996,0.946031
0,250,28.5482,30.7019,2.11685,-4.06138
0,250,27.0568,32.0831,5.62629,-0.746314
0,250,18.5814,26.5337,6.87906,1.55249
0,250,19.4032,26.4523,7.71824,0.821562
0,250,20.012,27.0663,8.80838,0.154016
0,250,20.6746,27.1212,8.18862,-0.677281
0,250,21.1196,27.9567,8.29971,2.4471
0,250,22.2992,28.1291,8.91992,-0.59441
0,250,22.78,28.4835,9.29438,0.560485
0,250,22.9711,28.7462,9.85715,0.000825925
0,250,23.4912,28.8379,9.54423,-0.175683
0,250,24.2103,29.0875,9.42502,-1.20534
0,250,24.662,29.4139,6.57614,-2.19209
0,250,25.854,29.1393,8.9739,-2.83471
0,250,25.2908,29.8087,7.75098,-3.90714
0,250,26.829,29.0976,8.26021,-5.07685
0,250,26.8871,29.5518,6.03196,-3.72983
0,250,28.0535,29.3351,7.87339,-3.3016
0,250,27.3506,30.132,6.8083,-0.668848
0,250,28.8692,29.585,5.60467,0.471768
0,250,28.422,29.7642,6.29504,-5.45027
0,250,28.9138,29.9819,7.79438,-7.73704
0,250,29.4475,30.7076,2.56565,-3.32099
0,250,30.1366,29.2871,6.25677,-4.50417
0,250,29.7974,30.0146,2.5497,-6.0185
0,250,30.0897,30.4772,6.82442,0.487244
0,250,28.3999,31.1711,6.56013,1.59934
0,250,30.1886,28.8709,2.80348,-6.91741
0,250,28.6487,31.9407,4.54052,3.99429
0,250,29.6891,30.9045,1.40798,-3.55023
0,250,30.0143,31.2297,2.00068,3.44509
0,250,28.9838,30.7403,4.75223,-3.66949
0,250,19.8333,26.6252,8.87991,2.06743
0,250,21.2413,27.0471,8.30327,1.48856
0,250,21.246,27.5853,9.11897,0.26646
0,250,21.8747,28.2521,7.70331,0.603658
0,250,23.6242,28.0439,9.52503,-0.223067
0,250,23.4488,28.3839,8.11924,-1.16255
0,250,24.1106,28.6374,8.12601,-0.683512
0,250,24.6028,28.9211,8.72634,-0.748511
0,250,25.1355,29.0414,9.44723,-2.0179
0,250,26.2073,28.439,9.85877,-3.25178
0,250,25.8882,29.6521,7.92838,-3.85989
0,250,27.2535,28.7734,8.19879,-5.00834
0,250,27.4194,29.6397,9.0366,-4.56158
0,250,28.0555,28.8226,9.31855,-7.14082
0,250,28.5604,29.2364,4.80824,-2.18363
0,250,29.0454,28.9194,8.79702,-7.93256
0,250,29.5334,29.6789,4.05314,-1.71028
0,250,29.2216,30.2283,4.87278,-2.42886
0,250,29.6559,29.3764,1.95302,-0.566883
0,250,29.6778,28.5348,0.764402,-5.91723
0,250,30.6623,28.7295,2.43786,-2.68697
0,250,30.6157,29.3097,4.358,-4.95196
0,250,31.3256,30.2301,2.06598,1.14355
0,250,30.1674,30.0267,4.73605,-1.97451
0,250,30.7521,29.4812,2.78012,-6.55042
0,250,30.3127,31.8607,9.2847,4.65557
0,250,28.9839,31.2454,1.2169,-0.887611
0,250,29.4851,32.0486,-1.49133,-3.5952
0,250,31.2335,30.5438,1.45176,-1.02915
0,250,29.0472,31.6644,5.88274,-1.56131
0,250,20.3711,26.7954,7.18579,2.10647
0,250,21.659,27.422,8.74615,2.0996
0,250,22.3665,27.5386,10.0839,1.60246
0,250,22.9664,27.9701,7.78607,2.70914
0,250,24.2076,28.2173,10.7102,-2.14593
0,250,24.7656,28.4305,8.62351,-1.94615
0,250,25.749,28.7175,9.45093,-2.23859
0,250,26.5363,28.7748,9.83093,-4.48969
0,250,26.3605,29.2684,7.75307,-3.69299
0,250,27.6967,28.7166,6.03958,-5.03548
0,250,27.5085,29.2351,8.91393,-4.14849
0,250,28.6102,28.3371,5.4158,-3.68663
0,250,28.6928,28.7377,6.49989,-9.39033
0,250,29.3642,28.999,3.6525,-7.94086
0,250,29.6766,27.8792,2.91524,-8.03456
0,250,30.3991,27.7155,2.35129,-10.3513
0,250,29.9442,27.9426,3.53607,-9.26972
0,250,30.2633,28.3747,0.215479,-10.8255
0,250,30.5286,26.3589,-0.121172,-7.48653
0,250,30.5309,30.4525,5.76177,-3.69266
0,250,30.4093,31.0834,2.12398,-1.22919
0,250,30.9556,26.9925,0.534433,-10.2152
0,250,31.3025,29.1811,-0.226234,2.12891
0,250,31.3589,28.4274,5.56792,-5.38616
0,250,31.1632,31.8665,-1.23306,5.63716
0,250,31.8059,26.7069,-8.8065,-8.38995
0,250,31.0479,27.8862,3.85003,-4.39451
0,250,30.7967,30.0033,7.14928,-4.69983
0,250,29.8699,32.0465,0.107879,-5.53542
0,250,29.3593,31.4815,-0.844994,-3.10693
0,250,22.1098,27.626,9.00394,3.00011
0,250,23.2866,27.6865,9.36465,-0.383428
0,250,24.3345,27.6857,10.2171,-0.837643
0,250,24.7014,28.058,7.3714,0.511405
0,250,26.2711,27.8164,10.6246,-4.74227
0,250,26.6327,28.2837,8.46714,-3.56775
0,250,27.0239,28.384,9.02343,-3.46383
0,250,28.4486,27.6084,6.58941,-5.58903
0,250,28.2121,27.9375,7.29886,-6.41363
0,250,28.8232,28.0691,5.15692,-5.13099
0,250,29.2906,28.2413,3.8546,-2.07943
0,250,29.622,27.196,1.51214,-9.72599
0,250,29.879,26.9075,5.15748,-8.79296
0,250,30.339,26.7947,2.43531,-8.64649
0,250,31.1405,26.579,1.57857,-13.2755
0,250,30.9504,25.2829,3.45718,-11.4436
0,250,30.7769,25.5764,0.671114,-12.1523
0,250,31.2216,25.4886,-0.558531,-13.3442
0,250,30.7411,30.8343,-0.00842112,-2.77149
0,250,32.0677,27.3455,4.52761,-2.37793
0,250,32.1239,24.7254,3.84368,-13.6186
0,250,31.9372,25.1797,1.34269,-14.3447
0,250,31.4562,29.4955,1.77644,0.598719
0,250,31.9393,30.387,0.89415,1.14423
0,250,32.008,23.3629,3.68546,-18.0705
0,250,32.0381,31.4461,5.05158,0.420093
0,250,31.0224,28.7443,3.14231,-6.30819
0,250,31.7037,29.0059,-7.5779,-3.61127
0,250,31.1647,31.3497,-9.77842,-0.945951
0,250,31.3886,32.1652,-6.41934,-5.1373
0,250,22.8992,27.5629,8.32739,0.39212
0,250,23.9167,27.6389,8.49988,-0.482322
0,250,25.5836,28.2204,9.22954,-0.98547
0,250,25.3155,28.6232,7.27337,-1.30585
0,250,27.5736,28.2416,10.0685,-3.41763
0,250,27.7905,27.7489,8.40241,-5.60072
0,250,29.2984,27.6172,3.18938,-8.35471
0,250,29.2822,25.7255,2.60939,-10.4015
0,250,29.1945,26.8728,4.18169,-7.51002
0,250,30.1119,27.3631,4.983,-7.23791
0,250,30.5304,27.2678,-3.00788,-11.1646
0,250,30.6979,26.0791,5.38487,-9.51416
0,250,30.807,28.0361,9.16268,-8.05378
0,250,30.3458,24.5482,-2.1562,-11.1274
0,250,31.6143,27.1411,-2.59112,0.0270169
0,250,30.9013,23.0507,1.18249,-16.161
0,250,31.0798,24.6498,1.67073,-11.1928
0,250,31.4625,25.927,-8.69374,-14.9124
0,250,31.5758,22.1344,1.34463,-12.5354
0,250,31.7003,21.8501,-3.26915,-11.6645
0,250,31.2373,26.4962,-3.13099,-12.1409
0,250,31.6837,19.4545,-0.189915,-15.7127
0,250,31.8776,22.4429,1.32515,-13.1447
0,250,31.8476,29.0209,2.27639,-4.10254
0,250,30.4122,31.7343,0.249051,7.17115
0,250,31.6714,30.8642,-0.123484,-1.45525
0,250,31.812,32.2496,0.816419,-5.64503
0,250,31.7149,26.172,3.09488,-12.2057
0,250,31.3347,23.1338,-3.71855,-16.5899
0,250,32.0077,30.1717,-9.09214,-9.36119
0,250,25.0975,27.7278,10.7171,-1.10895
0,250,26.8833,27.6925,10.9189,-3.71765
0,250,27.418,27.338,7.86404,-7.39347
0,250,28.4544,26.9946,8.11196,-6.25386
0,250,28.8574,27.3801,7.33036,-8.39872
0,250,30.1405,26.01,4.73509,-10.2498
0,250,29.9792,25.3811,3.41162,-10.4668
0,250,29.623,24.6897,-1.60495,-14.8255
0,250,30.7122,22.8634,0.851708,-14.2042
0,250,31.5463,24.4722,0.553554,-15.4915
0,250,31.7795,25.0575,5.45146,-11.1768
0,250,30.5808,23.9318,-2.76236,-12.1351
0,250,30.5577,21.3613,0.417336,-13.4826
0,250,31.7407,21.1336,-1.3294,-13.4512
0,250,31.2091,19.5871,-0.576925,-16.0572
0,250,29.328,21.0671,-5.03533,-16.1047
0,250,30.9146,20.7058,0.201098,-15.1791
0,250,30.8222,20.1993,-0.443213,-13.5882
0,250,31.8948,25.8934,3.18116,-14.1821
0,250,31.2354,18.3885,-3.07148,-15.8576
0,250,29.1252,19.2225,-4.21735,-15.7751
0,250,30.6098,21.827,-4.91585,-11.3908
0,250,30.9764,21.2872,-5.03956,-18.3268
0,250,30.7863,24.2624,-0.0885164,-5.94404
0,250,31.295,23.6352,1.62809,-10.2467
0,250,31.5216,29.7913,0.888162,4.36379
0,250,31.1909,31.195,2.88595,0.795624
0,250,31.0745,27.4115,-0.305307,-8.94957
0,250,31.7796,24.0798,-2.50431,-14.2724
0,250,31.7887,31.3935,-4.84254,-2.54106
0,250,25.9162,27.8445,9.36319,-2.15264
0,250,27.309,27.6554,10.5702,-5.05714
0,250,28.6463,26.5763,5.25191,-8.70912
0,250,29.2599,26.0439,5.691,-11.6023
0,250,29.6253,24.4555,-0.497157,-14.4645
0,250,30.1788,23.0851,-0.872878,-13.7911
0,250,29.1923,22.1676,-2.99958,-13.1729
0,250,30.2158,25.1811,-0.35276,-10.3497
0,250,30.7672,22.0386,1.30939,-13.2091
0,250,29.5679,20.7684,-2.12108,-12.3299
0,250,31.1456,18.2744,0.785784,-15.8357
0,250,29.5536,19.6359,-2.45257,-15.4872
0,250,31.6314,17.4266,1.39009,-14.6693
0,250,32.2219,18.7547,-2.0743,-12.7277
0,250,28.823,14.1437,-5.78993,-17.6636
0,250,28.569,15.6048,-4.5358,-16.6337
0,250,28.3335,14.0015,-7.15172,-18.929
0,250,31.3318,15.8546,-2.24638,-16.6012
0,250,31.2265,19.9085,-3.18022,-13.3683
0,250,30.7943,14.9793,-5.06073,-19.1155
0,250,31.5483,20.4606,-3.3384,-17.8117
0,250,29.2853,13.8936,-2.98989,-20.0073
0,250,31.0476,13.612,0.27702,-21.1803
0,250,31.0582,11.1964,-0.581314,-17.6192
0,250,28.3049,12.4105,-6.92581,-18.4128
0,250,30.9559,22.4751,2.32407,-19.2371
0,250,29.2622,19.2034,-4.86705,-14.7489
0,250,29.0579,9.90141,-4.36694,-23.0612
0,250,30.2642,18.3144,-3.59465,-13.0449
0,250,27.4383,18.2402,-8.11601,-14.0592
0,250,27.9152,27.0094,7.79302,-8.51824
0,250,29.1658,26.34,7.67936,-10.3729
0,250,29.3149,25.3196,-0.131938,-12.3282
0,250,30.0599,24.2251,-1.05596,-12.7076
0,250,30.238,22.3503,-0.472877,-16.0041
0,250,29.8332,21.8404,-0.971271,-13.1317
0,250,29.1218,21.3112,-2.69151,-12.2309
0,250,30.5402,18.5337,0.791367,-15.6385
0,250,29.7793,18.4296,-1.35611,-14.1533
0,250,31.6335,19.3146,1.40934,-14.1449
0,250,29.4118,16.7957,-3.05372,-16.7695
0,250,28.4944,18.8626,-3.53007,-11.6174
0,250,29.1843,15.7474,-3.31545,-15.9753
0,250,30.4877,13.1032,-2.09915,-18.1628
0,250,29.9592,13.3163,-4.66308,-16.4938
0,250,31.0191,10.4212,-1.75249,-22.6464
0,250,28.7416,13.6855,-3.93185,-17.7978
0,250,30.3829,9.86992,-1.30271,-20.5851
0,250,31.8933,8.88063,-1.05714,-18.3039
0,250,27.3527,12.3957,-6.51989,-16.2392
0,250,29.2732,12.4997,-6.14092,-18.7132
0,250,28.3559,11.6599,-3.57124,-16.189
0,250,28.5879,5.29409,-4.8369,-22.7316
0,250,30.0744,3.05279,-2.70226,-27.5276
0,250,19.557,-5.12001,-13.5759,-31.2141
0,250,32.163,8.39447,0.505412,-16.3876
0,250,25.8481,11.5629,-7.02516,-16.0681
0,250,31.2834,11.9897,-2.08596,-18.1332
0,250,32.0152,29.5507,-4.73279,-11.6615
0,250,31.6196,28.2322,-3.82213,-14.1522
1,250,1.5,1.5,0,0
1,250,1.5,2,0,0
1,250,32.5,1.5,0,0
1,250,33,1.5,0,0
1,250,2.5,32.5,0,0
1,250,2.5,33,0,0
1,250,1.5,2.5,0,0
1,250,2,2.5,0,0
1,250,2,1.5,0,0
1,250,2,2,0,0
1,250,32.5,2,0,0
1,250,33,2,0,0
1,250,3,32.5,0,0
1,250,3,33,0,0
1,250,1.5,3,0,0
1,250,2,3,0,0
1,250,2.5,1.5,0,0
1,250,2.5,2,0,0
1,250,32.5,2.5,0,0
1,250,33,2.5,0,0
1,250,3.5,32.5,0,0
1,250,3.5,33,0,0
1,250,1.5,3.5,0,0
1,250,2,3.5,0,0
1,250,3,1.5,0,0
1,250,3,2,0,0
1,250,32.5,3,0,0
1,250,33,3,0,0
1,250,4,32.5,0,0
1,250,4,33,0,0
1,250,1.5,4,0,0
1,250,2,4,0,0
1,250,3.5,1.5,0,0
1,250,3.5,2,0,0
1,250,32.5,3.5,0,0
1,250,33,3.5,0,0
1,250,4.5,32.5,0,0
1,250,4.5,33,0,0
1,250,1.5,4.5,0,0
1,250,2,4.5,0,0
1,250,4,1.5,0,0
1,250,4,2,0,0
1,250,32.5,4,0,0
1,250,33,4,0,0
1,250,5,32.5,0,0
1,250,5,33,0,0
1,250,1.5,5,0,0
1,250,2,5,0,0
1,250,4.5,1.5,0,0
1,250,4.5,2,0,0
1,250,32.5,4.5,0,0
1,250,33,4.5,0,0
1,250,5.5,32.5,0,0
1,250,5.5,33,0,0
1,250,1.5,5.5,0,0
1,250,2,5.5,0,0
1,250,5,1.5,0,0
1,250,5,2,0,0
1,250,32.5,5,0,0
1,250,33,5,0,0
1,250,6,32.5,0,0
1,250,6,33,0,0
1,250,1.5,6,0,0
1,250,2,6,0,0
1,250,5.5,1.5,0,0
1,250,5.5,2,0,0
1,250,32.5,5.5,0,0
1,250,33,5.5,0,0
1,250,6.5,32.5,0,0
1,250,6.5,33,0,0
1,250,1.5,6.5,0,0
1,250,2,6.5,0,0
1,250,6,1.5,0,0
1,250,6,2,0,0
1,250,32.5,6,0,0
1,250,33,6,0,0
1,250,7,32.5,0,0
1,250,7,33,0,0
1,250,1.5,7,0,0
1,250,2,7,0,0
1,250,6.5,1.5,0,0
1,250,6.5,2,0,0
1,250,32.5,6.5,0,0
1,250,33,6.5,0,0
1,250,7.5,32.5,0,0
1,250,7.5,33,0,0
1,250,1.5,7.5,0,0
1,250,2,7.5,0,0
1,250,7,1.5,0,0
1,250,7,2,0,0
1,250,32.5,7,0,0
1,250,33,7,0,0
1,250,8,32.5,0,0
1,250,8,33,0,0
1,250,1.5,8,0,0
1,250,2,8,0,0
1,250,7.5,1.5,0,0
1,250,7.5,2,0,0
1,250,32.5,7.5,0,0
1,250,33,7.5,0,0
1,250,8.5,32.5,0,0
1,250,8.5,33,0,0
1,250,1.5,8.5,0,0
1,250,2,8.5,0,0
1,250,8,1.5,0,0
1,250,8,2,0,0
1,250,32.5,8,0,0
1,250,33,8,0,0
1,250,9,32.5,0,0
1,250,9,33,0,0
1,250,1.5,9,0,0
1,250,2,9,0,0
1,250,8.5,1.5,0,0
1,250,8.5,2,0,0
1,250,32.5,8.5,0,0
1,250,33,8.5,0,0
1,250,9.5,32.5,0,0
1,250,9.5,33,0,0
1,250,1.5,9.5,0,0
1,250,2,9.5,0,0
1,250,9,1.5,0,0
1,250,9,2,0,0
1,250,32.5,9,0,0
1,250,33,9,0,0
1,250,10,32.5,0,0
1,250,10,33,0,0
1,250,1.5,10,0,0
1,250,2,10,0,0
1,250,9.5,1.5,0,0
1,250,9.5,2,0,0
1,250,32.5,9.5,0,0
1,250,33,9.5,0,0
1,250,10.5,32.5,0,0
1,250,10.5,33,0,0
1,250,1.5,10.5,0,0
1,250,2,10.5,0,0
1,250,10,1.5,0,0
1,250,10,2,0,0
1,250,32.5,10,0,0
1,250,33,10,0,0
1,250,11,32.5,0,0
1,250,11,33,0,0
1,250,1.5,11,0,0
1,250,2,11,0,0
1,250,10.5,1.5,0,0
1,250,10.5,2,0,0
1,250,32.5,10.5,0,0
1,250,33,10.5,0,0
1,250,11.5,32.5,0,0
1,250,11.5,33,0,0
1,250,1.5,11.5,0,0
1,250,2,11.5,0,0
1,250,11,1.5,0,0
1,250,11,2,0,0
1,250,32.5,11,0,0
1,250,33,11,0,0
1,250,12,32.5,0,0
1,250,12,33,0,0
1,250,1.5,12,0,0
1,250,2,12,0,0
1,250,11.5,1.5,0,0
1,250,11.5,2,0,0
1,250,32.5,11.5,0,0
1,250,33,11.5,0,0
1,250,12.5,32.5,0,0
1,250,12.5,33,0,0
1,250,1.5,12.5,0,0
1,250,2,12.5,0,0
1,250,12,1.5,0,0
1,250,12,2,0,0
1,250,32.5,12,0,0
1,250,33,12,0,0
1,250,13,32.5,0,0
1,250,13,33,0,0
1,250,1.5,13,0,0
1,250,2,13,0,0
1,250,12.5,1.5,0,0
1,250,12.5,2,0,0
1,250,32.5,12.5,0,0
1,250,33,12.5,0,0
1,250,13.5,32.5,0,0
1,250,13.5,33,0,0
1,250,1.5,13.5,0,0
1,250,2,13.5,0,0
1,250,13,1.5,0,0
1,250,13,2,0,0
1,250,32.5,13,0,0
1,250,33,13,0,0
1,250,14,32.5,0,0
1,250,14,33,0,0
1,250,1.5,14,0,0
1,250,2,14,0,0
1,250,13.5,1.5,0,0
1,250,13.5,2,0,0
1,250,32.5,13.5,0,0
1,250,33,13.5,0,0
1,250,14.5,32.5,0,0
1,250,14.5,33,0,0
1,250,1.5,14.5,0,0
1,250,2,14.5,0,0
1,250,14,1.5,0,0
1,250,14,2,0,0
1,250,32.5,14,0,0
1,250,33,14,0,0
1,250,15,32.5,0,0
1,250,15,33,0,0
1,250,1.5,15,0,0
1,250,2,15,0,0
1,250,14.5,1.5,0,0
1,250,14.5,2,0,0
1,250,32.5,14.5,0,0
1,250,33,14.5,0,0
1,250,15.5,32.5,0,0
1,250,15.5,33,0,0
1,250,1.5,15.5,0,0
1,250,2,15.5,0,0
1,250,15,1.5,0,0
1,250,15,2,0,0
1,250,32.5,15,0,0
1,250,33,15,0,0
1,250,16,32.5,0,0
1,250,16,33,0,0
1,250,1.5,16,0,0
1,250,2,16,0,0
1,250,15.5,1.5,0,0
1,250,15.5,2,0,0
1,250,32.5,15.5,0,0
1,250,33,15.5,0,0
1,250,16.5,32.5,0,0
1,250,16.5,33,0,0
1,250,1.5,16.5,0,0
1,250,2,16.5,0,0
1,250,16,1.5,0,0
1,250,16,2,0,0
1,250,32.5,16,0,0
1,250,33,16,0,0
1,250,17,32.5,0,0
1,250,17,33,0,0
1,250,1.5,17,0,0
1,250,2,17,0,0
1,250,16.5,1.5,0,0
1,250,16.5,2,0,0
1,250,32.5,16.5,0,0
1,250,33,16.5,0,0
1,250,17.5,32.5,0,0
1,250,17.5,33,0,0
1,250,1.5,17.5,0,0
1,250,2,17.5,0,0
1,250,17,1.5,0,0
1,250,17,2,0,0
1,250,32.5,17,0,0
1,250,33,17,0,0
1,250,18,32.5,0,0
1,250,18,33,0,0
1,250,1.5,18,0,0
1,250,2,18,0,0
1,250,17.5,1.5,0,0
1,250,17.5,2,0,0
1,250,32.5,17.5,0,0
1,250,33,17.5,0,0
1,250,18.5,32.5,0,0
1,250,18.5,33,0,0
1,250,1.5,18.5,0,0
1,250,2,18.5,0,0
1,250,18,1.5,0,0
1,250,18,2,0,0
1,250,32.5,18,0,0
1,250,33,18,0,0
1,250,19,32.5,0,0
1,250,19,33,0,0
1,250,1.5,19,0,0
1,250,2,19,0,0
1,250,18.5,1.5,0,0
1,250,18.5,2,0,0
1,250,32.5,18.5,0,0
1,250,33,18.5,0,0
1,250,19.5,32.5,0,0
1,250,19.5,33,0,0
1,250,1.5,19.5,0,0
1,250,2,19.5,0,0
1,250,19,1.5,0,0
1,250,19,2,0,0
1,250,32.5,19,0,0
1,250,33,19,0,0
1,250,20,32.5,0,0
1,250,20,33,0,0
1,250,1.5,20,0,0
1,250,2,20,0,0
1,250,19.5,1.5,0,0
1,250,19.5,2,0,0
1,250,32.5,19.5,0,0
1,250,33,19.5,0,0
1,250,20.5,32.5,0,0
1,250,20.5,33,0,0
1,250,1.5,20.5,0,0
1,250,2,20.5,0,0
1,250,20,1.5,0,0
1,250,20,2,0,0
1,250,32.5,20,0,0
1,250,33,20,0,0
1,250,21,32.5,0,0
1,250,21,33,0,0
1,250,1.5,21,0,0
1,250,2,21,0,0
1,250,20.5,1.5,0,0
1,250,20.5,2,0,0
1,250,32.5,20.5,0,0
1,250,33,20.5,0,0
1,250,21.5,32.5,0,0
1,250,21.5,33,0,0
1,250,1.5,21.5,0,0
1,250,2,21.5,0,0
1,250,21,1.5,0,0
1,250,21,2,0,0
1,250,32.5,21,0,0
1,250,33,21,0,0
1,250,22,32.5,0,0
1,250,22,33,0,0
1,250,1.5,22,0,0
1,250,2,22,0,0
1,250,21.5,1.5,0,0
1,250,21.5,2,0,0
1,250,32.5,21.5,0,0
1,250,33,21.5,0,0
1,250,22.5,32.5,0,0
1,250,22.5,33,0,0
1,250,1.5,22.5,0,0
1,250,2,22.5,0,0
1,250,22,1.5,0,0
1,250,22,2,0,0
1,250,32.5,22,0,0
1,250,33,22,0,0
1,250,23,32.5,0,0
1,250,23,33,0,0
1,250,1.5,23,0,0
1,250,2,23,0,0
1,250,22.5,1.5,0,0
1,250,22.5,2,0,0
1,250,32.5,22.5,0,0
1,250,33,22.5,0,0
1,250,23.5,32.5,0,0
1,250,23.5,33,0,0
1,250,1.5,23.5,0,0
1,250,2,23.5,0,0
1,250,23,1.5,0,0
1,250,23,2,0,0
1,250,32.5,23,0,0
1,250,33,23,0,0
1,250,24,32.5,0,0
1,250,24,33,0,0
1,250,1.5,24,0,0
1,250,2,24,0,0
1,250,23.5,1.5,0,0
1,250,23.5,2,0,0
1,250,32.5,23.5,0,0
1,250,33,23.5,0,0
1,250,24.5,32.5,0,0
1,250,24.5,33,0,0
1,250,1.5,24.5,0,0
1,250,2,24.5,0,0
1,250,24,1.5,0,0
1,250,24,2,0,0
1,250,32.5,24,0,0
1,250,33,24,0,0
1,250,25,32.5,0,0
1,250,25,33,0,0
1,250,1.5,25,0,0
1,250,2,25,0,0
1,250,24.5,1.5,0,0
1,250,24.5,2,0,0
1,250,32.5,24.5,0,0
1,250,33,24.5,0,0
1,250,25.5,32.5,0,0
1,250,25.5,33,0,0
1,250,1.5,25.5,0,0
1,250,2,25.5,0,0
1,250,25,1.5,0,0
1,250,25,2,0,0
1,250,32.5,25,0,0
1,250,33,25,0,0
1,250,26,32.5,0,0
1,250,26,33,0,0
1,250,1.5,26,0,0
1,250,2,26,0,0
1,250,25.5,1.5,0,0
1,250,25.5,2,0,0
1,250,32.5,25.5,0,0
1,250,33,25.5,0,0
1,250,26.5,32.5,0,0
1,250,26.5,33,0,0
1,250,1.5,26.5,0,0
1,250,2,26.5,0,0
1,250,26,1.5,0,0
1,250,26,2,0,0
1,250,32.5,26,0,0
1,250,33,26,0,0
1,250,27,32.5,0,0
1,250,27,33,0,0
1,250,1.5,27,0,0
1,250,2,27,0,0
1,250,26.5,1.5,0,0
1,250,26.5,2,0,0
1,250,32.5,26.5,0,0
1,250,33,26.5,0,0
1,250,27.5,32.5,0,0
1,250,27.5,33,0,0
1,250,1.5,27.5,0,0
1,250,2,27.5,0,0
1,250,27,1.5,0,0
1,250,27,2,0,0
1,250,32.5,27,0,0
1,250,33,27,0,0
1,250,28,32.5,0,0
1,250,28,33,0,0
1,250,1.5,28,0,0
1,250,2,28,0,0
1,250,27.5,1.5,0,0
1,250,27.5,2,0,0
1,250,32.5,27.5,0,0
1,250,33,27.5,0,0
1,250,28.5,32.5,0,0
1,250,28.5,33,0,0
1,250,1.5,28.5,0,0
1,250,2,28.5,0,0
1,250,28,1.5,0,0
1,250,28,2,0,0
1,250,32.5,28,0,0
1,250,33,28,0,0
1,250,29,32.5,0,0
1,250,29,33,0,0
1,250,1.5,29,0,0
1,250,2,29,0,0
1,250,28.5,1.5,0,0
1,250,28.5,2,0,0
1,250,32.5,28.5,0,0
1,250,33,28.5,0,0
1,250,29.5,32.5,0,0
1,250,29.5,33,0,0
1,250,1.5,29.5,0,0
1,250,2,29.5,0,0
1,250,29,1.5,0,0
1,250,29,2,0,0
1,250,32.5,29,0,0
1,250,33,29,0,0
1,250,30,32.5,0,0
1,250,30,33,0,0
1,250,1.5,30,0,0
1,250,2,30,0,0
1,250,29.5,1.5,0,0
1,250,29.5,2,0,0
1,250,32.5,29.5,0,0
1,250,33,29.5,0,0
1,250,30.5,32.5,0,0
1,250,30.5,33,0,0
1,250,1.5,30.5,0,0
1,250,2,30.5,0,0
1,250,30,1.5,0,0
1,250,30,2,0,0
1,250,32.5,30,0,0
1,250,33,30,0,0
1,250,31,32.5,0,0
1,250,31,33,0,0
1,250,1.5,31,0,0
1,250,2,31,0,0
1,250,30.5,1.5,0,0
1,250,30.5,2,0,0
1,250,32.5,30.5,0,0
1,250,33,30.5,0,0
1,250,31.5,32.5,0,0
1,250,31.5,33,0,0
1,250,1.5,31.5,0,0
1,250,2,31.5,0,0
1,250,31,1.5,0,0
1,250,31,2,0,0
1,250,32.5,31,0,0
1,250,33,31,0,0
1,250,32,32.5,0,0
1,250,32,33,0,0
1,250,1.5,32,0,0
1,250,2,32,0,0
1,250,31.5,1.5,0,0
1,250,31.5,2,0,0
1,250,32.5,31.5,0,0
1,250,33,31.5,0,0
1,250,32.5,32.5,0,0
1,250,32.5,33,0,0
1,250,1.5,32.5,0,0
1,250,2,32.5,0,0
1,250,32,1.5,0,0
1,250,32,2,0,0
1,250,32.5,32,0,0
1,250,33,32,0,0
1,250,33,32.5,0,0
1,250,33,33,0,0
1,250,1.5,33,0,0
1,250,2,33,0,0
