1396 2 0.5 2.5e+06 0.05 2 0 0.001 0 9.81 35 35
0,250,2.9097,24.2863,1.68723,1.91383
0,250,2.34972,24.8473,0.117621,1.76241
0,250,2.56618,25.3588,-0.62409,1.55251
0,250,2.73358,25.664,-1.01807,2.31636
0,250,2.31765,26.0062,0.504542,0.788814
0,250,2.71707,26.3838,1.39979,1.3621
0,250,3.07338,26.674,-0.0949851,1.32195
0,250,2.35582,26.8775,1.42924,2.53727
0,250,2.70891,27.4775,2.15996,1.85682
0,250,2.44491,28.263,-1.4925,0.314884
0,250,2.66691,28.7857,1.36466,-0.217101
0,250,3.08941,28.1743,0.198775,-0.857701
0,250,2.8439,29.0737,1.09118,1.13165
0,250,2.44574,29.3882,-0.148911,-0.847663
0,250,3.40005,29.1496,2.69751,1.4795
0,250,2.50857,29.8467,0.168756,2.21246
0,250,3.69953,29.5055,-0.0332658,1.70066
0,250,3.09087,29.5309,0.49403,0.33744
0,250,2.55304,30.3013,-2.34056,1.98055
0,250,2.41653,30.8425,2.09141,0.0885589
0,250,2.9661,31.0145,2.40493,1.82389
0,250,2.48102,31.3197,2.72875,2.64806
0,250,3.36744,31.2779,0.949723,1.54159
0,250,3.87725,31.2378,1.14648,0.308441
0,250,3.96433,30.8253,-1.19976,0.699245
0,250,2.79162,31.5824,1.65109,2.70183
0,250,4.5033,31.2236,0.239819,0.809035
0,250,4.00317,31.6579,1.63653,1.1852
0,250,2.37928,31.9942,1.11189,2.43932
0,250,2.99422,32.004,1.9604,1.49733
0,250,2.75628,23.7258,1.04872,4.07956
0,250,2.46215,22.9685,0.847107,4.76938
0,250,2.36876,23.5684,2.41435,1.51392
0,250,2.5375,24.2219,0.301424,2.09864
0,250,3.4963,24.4872,0.814654,1.52627
0,250,2.84392,24.7044,-0.972487,0.913979
0,250,3.10327,25.2449,-0.954313,2.54712
0,250,3.30075,25.8474,0.184747,0.972182
0,250,3.3181,26.1516,0.476277,0.978334
0,250,3.665,26.7252,1.11421,1.49086
0,250,2.78842,27.0628,-0.53522,0.893024
0,250,3.32155,27.0463,1.30666,0.765567
0,250,2.58701,27.9076,-1.91297,0.501728
0,250,3.24586,27.7081,-0.189375,-1.21783
0,250,3.65901,28.0661,1.2734,1.80805
0,250,3.19907,28.55,1.17691,0.349066
0,250,4.6722,27.8993,1.86464,-0.987634
0,250,3.72136,28.5283,0.265039,-1.22389
0,250,3.82832,28.9651,0.336321,1.93154
0,250,3.97089,29.9452,2.18056,1.47464
0,250,3.02687,29.9483,0.00669133,0.782049
0,250,3.48596,30.0069,-0.03783,0.0940224
0,250,2.90957,30.4755,0.991031,1.3425
0,250,3.33191,30.7343,2.14128,0.0454309
0,250,3.61012,30.4165,-0.325879,1.43647
0,250,4.94987,30.9256,2.41963,-1.39809
0,250,5.44166,30.7109,2.88848,-0.0363617
0,250,4.61043,31.5915,1.62484,-0.241727
0,250,3.32643,31.6742,1.1744,0.701019
0,250,3.57242,32.1351,1.61812,1.38206
0,250,4.43307,23.5493,0.0327867,2.54348
0,250,3.30387,23.3769,-1.69625,0.0707748
0,250,4.01212,23.9413,0.0192188,0.29298
0,250,3.44507,23.8652,0.457326,2.06995
0,250,3.97088,24.4082,0.591364,1.59337
0,250,3.37357,24.9143,-0.0908045,2.10346
0,250,3.59072,25.4135,-0.383173,2.95527
0,250,3.87767,25.8107,0.359762,0.328399
0,250,3.93315,26.438,0.127065,2.75233
0,250,4.38094,26.3029,0.339686,1.27496
0,250,4.17683,26.8607,0.0943714,1.71151
0,250,4.01915,27.3434,0.748849,0.741606
0,250,3.55703,27.5025,0.92139,-0.0756162
0,250,4.45377,27.4545,1.49446,-0.248475
0,250,4.15815,27.9069,1.56249,2.49688
0,250,5.0541,28.1082,1.30266,-1.19342
0,250,4.65108,28.4918,3.01903,-0.654923
0,250,4.22622,28.3577,-0.256213,0.520445
0,250,4.19953,29.3437,1.42661,0.127401
0,250,4.4435,29.7334,0.0883811,-0.658364
0,250,4.65872,30.1738,1.2849,-0.296574
0,250,5.07379,30.3955,1.13368,-0.0996986
0,250,4.19322,30.367,1.74955,-0.577831
0,250,6.15067,30.0959,2.94283,0.35956
0,250,4.49537,30.7327,1.01699,-0.716247
0,250,5.87709,30.4471,3.20206,-0.255119
0,250,6.11632,31.3635,4.05938,1.77613
0,250,5.2266,31.3151,3.26876,-0.190419
0,250,4.2086,32.0153,2.11946,1.88797
0,250,4.77608,32.0925,0.259826,0.00323232
0,250,3.75172,23.4215,-1.46639,1.2908
0,250,4.52715,24.0771,0.405923,3.08268
0,250,4.69754,24.5038,0.401173,2.57918
0,250,4.10272,24.8004,-1.02386,1.95797
0,250,4.57796,24.9408,0.873037,1.50437
0,250,4.05499,25.2347,-0.483106,1.02496
0,250,4.73377,25.5273,1.15744,0.391108
0,250,4.26101,25.6995,-0.432432,1.4666
0,250,4.75464,26.0221,1.45186,2.52501
0,250,4.87987,26.5613,-0.653915,0.105719
0,250,4.68087,26.9361,1.77691,0.906145
0,250,5.01565,27.2789,1.00849,1.42743
0,250,5.63923,27.0908,1.01998,1.27128
0,250,5.21378,27.6098,2.47613,1.55059
0,250,5.73361,27.6036,0.541277,-0.798247
0,250,5.33438,28.5819,1.07842,1.62801
0,250,4.98196,28.8996,2.16862,-0.253847
0,250,4.45872,28.9065,0.74301,0.541405
0,250,4.72645,29.3577,1.22703,-0.787377
0,250,5.02303,29.789,3.88084,0.570997
0,250,5.4249,30.0826,3.08167,-0.379962
0,250,6.40456,29.6531,2.28304,-0.0162446
0,250,6.62669,30.0895,2.25738,-0.36961
0,250,6.44538,30.6035,2.97362,2.11138
0,250,6.04895,30.9009,4.12836,1.27755
0,250,6.62163,31.2224,3.36764,-0.431705
0,250,5.82723,31.7596,3.05952,-0.43943
0,250,5.61564,31.1887,1.31508,-0.882653
0,250,5.12992,31.7707,2.5297,0.626596
0,250,5.49603,32.0677,0.986417,-0.820775
0,250,4.66385,23.4393,1.25504,2.78156
0,250,5.27132,23.3868,1.57372,1.84058
0,250,5.00459,23.9227,1.01668,2.45372
0,250,5.24043,24.3431,1.04803,0.870851
0,250,5.08575,24.832,0.173251,1.88325
0,250,5.10674,25.3375,0.151049,2.87302
0,250,5.82219,25.4026,2.63352,0.809549
0,250,5.31812,25.7446,0.650467,2.26228
0,250,5.88622,26.0216,1.58082,1.34609
0,250,5.2784,26.1317,-0.0725569,1.54076
0,250,5.68315,26.4233,0.318655,0.658372
0,250,5.30941,26.7951,1.52841,-0.220482
0,250,6.12823,27.3505,1.48923,1.22931
0,250,6.04847,27.9451,0.948114,2.13711
0,250,5.53504,28.1484,0.124299,1.12845
0,250,5.87892,28.5327,0.781336,0.937554
0,250,5.57475,29.0439,2.18052,0.48904
0,250,6.15609,28.8628,1.62856,-0.584927
0,250,5.30454,29.3708,1.87311,0.0771707
0,250,5.9079,29.3867,2.94914,1.22112
0,250,5.68476,29.7794,2.72193,0.66833
0,250,6.46775,29.2743,1.3441,0.517707
0,250,7.22511,29.8927,2.4413,-0.414589
0,250,6.95869,30.3762,3.09183,-1.25472
0,250,6.85494,30.8374,2.75365,0.0101061
0,250,7.39746,31.1439,1.10853,1.26525
0,250,7.01261,31.4719,2.93805,1.86472
0,250,6.8658,32.0992,2.14493,2.70475
0,250,6.55044,31.72,3.44306,0.889435
0,250,6.18753,32.0348,3.44628,0.706128
0,250,5.60491,23.5691,0.81042,1.51457
0,250,5.67266,24.1693,1.54742,2.84072
0,250,6.17978,24.0903,1.89307,1.0942
0,250,5.73472,24.5757,-0.356614,2.75936
0,250,5.62343,25.0437,0.177491,0.991176
0,250,6.27284,24.9391,1.17586,1.60491
0,250,6.24213,25.5252,2.17888,0.898601
0,250,6.68646,25.8311,2.89355,1.43633
0,250,6.30799,26.1679,0.0327198,0.548813
0,250,6.40932,26.6405,2.62198,0.946204
0,250,6.80956,26.9972,0.568144,0.685555
0,250,6.03301,26.7971,2.22127,0.521753
0,250,6.54749,27.3941,1.05818,0.95464
0,250,6.97167,27.7089,1.28134,0.559623
0,250,6.56408,27.9385,0.699361,1.47481
0,250,7.33346,28.1114,2.8176,1.79739
0,250,6.39255,28.3292,0.314032,0.73928
0,250,7.31479,28.7602,2.41129,2.14406
0,250,6.6807,28.7833,1.27013,0.531234
0,250,7.68833,29.2257,1.86531,0.642144
0,250,7.13418,29.5704,2.04663,1.265
0,250,7.74155,29.6245,1.5708,0.0532813
0,250,7.63635,30.2234,2.43264,0.733516
0,250,8.12706,30.5271,2.56601,-0.0940961
0,250,7.43838,30.6194,2.85099,0.585501
0,250,7.57779,31.5407,2.68311,1.43539
0,250,7.3384,31.9426,0.832354,0.969341
0,250,8.14291,31.7239,1.95876,-0.265094
0,250,7.84055,32.0739,1.97445,-0.183461
0,250,8.45314,32.1002,1.88324,-0.144398
0,250,6.02936,23.5652,1.51872,2.07493
0,250,6.80044,23.4769,0.536735,1.57062
0,250,6.39454,23.5809,1.56924,0.142314
0,250,6.61139,24.1759,0.701737,1.11755
0,250,6.37484,24.6443,0.85118,1.12168
0,250,6.98069,24.8552,1.70656,1.34391
0,250,6.69309,25.3197,1.17412,0.730601
0,250,7.21832,25.8163,1.33089,1.73752
0,250,7.31909,26.2522,1.58506,1.21561
0,250,6.81751,26.3298,1.72556,1.43123
0,250,7.19423,26.7759,1.42377,1.01988
0,250,7.22344,27.2919,1.98496,1.67963
0,250,8.04806,27.3769,2.14871,1.48648
0,250,7.56992,27.5253,2.34722,0.270911
0,250,7.02554,28.406,1.94438,0.826977
0,250,7.99699,28.3524,2.2305,0.894385
0,250,7.78319,28.7237,2.65375,0.757728
0,250,8.17779,29.0295,1.04178,-0.150746
0,250,7.01111,29.1454,1.06266,-0.233199
0,250,8.60669,29.1458,1.69609,0.551306
0,250,8.3063,29.6121,2.18084,-0.233375
0,250,8.05624,30.042,2.11128,0.909508
0,250,8.63841,30.5692,2.60431,-1.38258
0,250,9.00863,30.7709,2.32363,0.910654
0,250,7.82104,30.9061,1.99412,-0.479373
0,250,8.37477,30.9962,1.41661,0.632508
0,250,8.1534,31.344,1.5014,-0.73512
0,250,9.38795,31.7051,1.43456,0.274286
0,250,8.83059,31.6437,1.77229,0.139361
0,250,9.05661,32.0465,2.74386,-0.000563737
0,250,7.24475,23.5808,1.69043,2.14854
0,250,7.05254,23.9813,1.81005,2.33041
0,250,7.6906,24.3803,1.87807,2.324
0,250,7.08775,24.4376,2.35826,1.60944
0,250,7.48826,24.9074,1.48263,1.06423
0,250,7.18379,25.3086,1.05324,1.47163
0,250,7.68622,25.7042,1.65366,3.64305
0,250,8.03656,26.0618,2.28969,0.700187
0,250,7.64755,26.5576,2.49289,1.13736
0,250,8.45496,26.9352,3.21415,0.978513
0,250,7.88165,26.9407,1.01074,1.69386
0,250,8.5906,27.4195,2.28615,1.87893
0,250,8.31577,27.8145,2.71413,1.12638
0,250,8.55144,28.233,2.39068,2.27286
0,250,7.75592,27.9636,0.880561,1.81075
0,250,9.11574,28.6121,2.66302,1.53428
0,250,8.53446,28.6294,2.6685,2.02518
0,250,9.08654,28.9946,2.09764,0.399993
0,250,9.30729,29.5119,2.66384,1.57422
0,250,9.65987,29.6601,2.53539,-0.166207
0,250,8.86393,29.6273,1.90479,0.0357159
0,250,8.6052,29.9799,2.10658,0.973516
0,250,9.06257,30.2282,2.16598,0.582302
0,250,9.5632,30.7135,2.32719,0.897873
0,250,9.35463,31.1391,2.47616,0.239135
0,250,9.83601,31.5175,2.68601,1.58274
0,250,8.84223,31.3126,2.5753,-0.976199
0,250,10.2676,31.5953,3.36166,-0.719576
0,250,9.75968,32.0504,2.40428,-0.458884
0,250,10.2945,32.1057,1.80975,-1.13525
0,250,7.82502,23.8417,2.07076,1.86117
0,250,8.15494,23.7525,2.63612,1.17749
0,250,8.08689,24.3676,3.04094,1.46214
0,250,7.92162,24.838,1.69725,1.96067
0,250,7.95042,25.4653,2.41022,1.90712
0,250,8.57471,25.5499,2.9798,1.40874
0,250,8.42413,26.0628,2.64598,2.24135
0,250,8.84116,26.4447,2.64066,2.45218
0,250,8.18409,26.564,1.76843,1.4246
0,250,9.0561,26.8071,3.36311,0.127454
0,250,9.02886,27.2959,3.06515,0.382665
0,250,8.9448,27.9073,2.62871,2.55432
0,250,9.27125,28.0945,3.71621,1.32134
0,250,9.9359,28.2982,4.13627,1.52059
0,250,9.5893,28.6834,2.3972,1.70612
0,250,10.1075,28.6646,3.3985,1.29408
0,250,9.68577,29.1209,3.44591,0.6957
0,250,10.4728,29.0153,3.79582,0.388345
0,250,10.1302,29.3294,3.5266,-0.409993
0,250,10.0662,29.9431,3.39822,1.18526
0,250,10.466,30.3583,2.47885,2.39101
0,250,10.9286,30.3801,5.24545,-1.65852
0,250,9.42497,30.2012,1.78349,0.78935
0,250,9.94931,30.3788,2.77665,0.45573
0,250,9.91482,31.0286,2.6888,0.82956
0,250,10.8724,30.8747,3.06429,-0.230892
0,250,10.6001,31.256,5.15978,-1.32068
0,250,11.1342,31.3279,2.96385,0.970953
0,250,10.7033,31.7832,4.54016,-1.21775
0,250,11.0401,32.0872,4.51018,-0.288441
0,250,8.75888,23.7893,2.68708,3.0466
0,250,8.66599,24.1915,2.57215,1.89684
0,250,8.62645,24.6145,1.60868,1.74425
0,250,8.3143,25.1047,2.04964,0.880013
0,250,8.82297,25.0952,1.56418,1.02156
0,250,9.30838,25.49,4.38391,1.3546
0,250,8.90822,25.7888,1.91465,1.30626
0,250,9.24901,26.1378,3.85424,1.24677
0,250,9.51881,26.7101,2.88271,1.07034
0,250,9.84538,27.0752,3.12372,0.819925
0,250,9.38043,27.4594,3.01538,0.707526
0,250,10.2972,27.7688,3.26842,0.86228
0,250,9.689,27.8242,2.03632,1.701
0,250,10.9548,27.9536,2.43878,0.536266
0,250,10.436,28.1946,2.28687,1.23426
0,250,10.7986,28.4758,3.7597,-0.333133
0,250,10.7804,29.3263,3.79704,1.18087
0,250,11.2876,29.4365,4.18217,0.17432
0,250,10.4668,29.7823,3.36813,1.08145
0,250,11.4818,29.8511,1.7809,0.924589
0,250,10.937,29.8594,3.29102,1.06099
0,250,11.3868,30.3287,5.265,1.54719
0,250,11.8719,30.4565,3.87343,0.828501
0,250,12.1646,30.872,2.73473,1.51432
0,250,10.3305,30.8286,3.20685,-1.62068
0,250,11.4474,30.8646,4.35058,-0.351252
0,250,11.6691,31.1481,1.62058,-0.582428
0,250,12.2627,32.0162,2.83539,-1.29856
0,250,11.3902,31.6541,3.73794,0.625013
0,250,11.6204,32.0282,3.77178,1.19003
0,250,9.27692,23.8838,2.48351,2.61373
0,250,9.4508,24.359,1.86674,2.17089
0,250,9.11563,24.7849,1.99773,1.92561
0,250,9.57663,24.9534,3.70162,1.03161
0,250,9.63728,25.4184,4.16797,1.83833
0,250,10.0423,25.8796,3.3736,1.28555
0,250,9.65391,26.1373,2.03509,0.667849
0,250,9.93069,26.5419,2.46117,2.12986
0,250,10.3468,26.8262,3.09511,0.835737
0,250,10.724,27.1188,3.11497,2.40083
0,250,10.0269,27.4404,3.4816,1.60622
0,250,10.7214,27.5102,3.16935,1.61075
0,250,11.4085,27.7484,3.88649,0.926339
0,250,11.6483,28.566,2.77594,1.1157
0,250,11.3148,28.249,3.50491,-0.226394
0,250,11.9732,29.1487,4.74099,0.992699
0,250,11.003,28.8575,3.6345,1.20825
0,250,11.4987,29.0176,3.94607,1.0271
0,250,12.0331,29.5652,5.04201,1.35143
0,250,12.4671,30.4769,4.49839,0.260609
0,250,12.4857,29.8242,5.27062,-0.28254
0,250,13.5503,30.8368,3.11053,1.30386
0,250,11.9876,30.0196,4.2136,0.216606
0,250,12.8946,30.7877,4.15454,1.41047
0,250,12.2985,31.2602,4.08851,0.130472
0,250,12.5546,31.6744,3.82406,0.407057
0,250,11.9611,31.6547,3.46827,-0.351376
0,250,12.8763,32.0346,2.22842,2.34819
0,250,13.9483,32.0333,4.28499,1.41408
0,250,13.4027,32.099,4.10528,-1.41702
0,250,9.6617,23.8392,1.7433,1.34903
0,250,10.0214,24.2728,2.64365,2.38688
0,250,9.95835,24.7093,2.84263,1.35856
0,250,10.2885,25.1152,2.98352,2.01451
0,250,10.2444,25.5206,2.01721,1.96629
0,250,10.7106,25.8063,3.06823,0.799947
0,250,10.4601,26.1807,3.62614,1.8393
0,250,10.7511,26.5077,2.42747,0.770428
0,250,11.2433,26.7877,4.75144,2.35022
0,250,11.2938,27.2796,3.34974,2.16052
0,250,11.99,27.5734,4.66222,2.1493
0,250,12.3336,27.9175,3.96172,1.0432
0,250,11.8486,28.0526,2.06667,1.23777
0,250,12.5008,28.4138,4.19944,1.53553
0,250,12.1159,28.5768,4.08716,-0.078149
0,250,12.4551,29.0469,3.39614,2.01777
0,250,12.711,29.3696,4.56427,0.63621
0,250,13.2335,29.7325,3.03745,1.88905
0,250,12.7341,30.1683,3.70621,1.92077
0,250,13.1873,30.4297,3.95541,1.23283
0,250,13.7684,30.4763,4.64291,0.4112
0,250,14.0116,31.2613,4.063,0.800159
0,250,13.3703,31.2721,3.09258,0.437356
0,250,13.9306,31.5928,4.18838,-0.460796
0,250,12.8595,31.1913,4.08696,2.28534
0,250,14.9773,30.7671,6.17178,0.152724
0,250,13.2292,31.6434,3.01926,1.49438
0,250,14.6251,31.1137,6.54209,-0.30188
0,250,14.6166,31.5252,6.51087,-1.93218
0,250,14.5578,32.0288,6.67203,1.108
0,250,10.4404,24.0355,2.76723,1.75231
0,250,10.6064,24.2359,3.18182,1.40669
0,250,10.8966,24.7184,3.09415,2.03167
0,250,10.7359,25.1374,2.51976,2.455
0,250,11.1953,25.4764,3.09215,0.025941
0,250,11.195,25.89,3.02859,1.4066
0,250,11.2448,26.4062,2.4755,1.24214
0,250,11.7864,26.5171,3.62812,2.08287
0,250,11.7195,27.152,4.2564,0.679446
0,250,12.1785,27.0581,2.57025,0.497668
0,250,12.5431,27.4045,3.66167,0.98594
0,250,12.8254,27.9248,3.61602,1.55235
0,250,13.443,28.597,4.69987,2.09902
0,250,13.7346,28.9328,5.96982,0.615807
0,250,12.9515,28.4778,3.98053,0.222417
0,250,12.9714,28.9395,5.49674,0.555468
0,250,13.3114,29.3688,3.26291,0.0436379
0,250,13.9784,29.7835,4.81218,1.02779
0,250,13.504,30.0378,5.20499,2.21408
0,250,14.2043,30.1927,4.17854,1.56777
0,250,14.2376,30.8039,5.57243,-0.386978
0,250,15.6196,30.0336,5.54011,-0.350164
0,250,15.4087,30.4718,7.0047,0.581045
0,250,16.5421,30.7887,5.46584,-1.02847
0,250,16.0403,30.5933,7.66072,1.04486
0,250,15.5731,30.8583,8.28681,0.667274
0,250,15.2253,31.2375,7.00748,-0.900717
0,250,15.3512,31.6182,7.3942,-0.692007
0,250,16.0134,32.0012,6.70475,-2.07256
0,250,15.0203,31.8618,5.55317,-1.90987
0,250,11.2278,24.3437,3.67883,2.60888
0,250,11.5133,24.3939,3.83318,0.879936
0,250,11.4282,25.0543,1.81211,1.24887
0,250,11.6954,25.2378,3.79806,2.10565
0,250,11.6996,25.9053,3.13782,2.59901
0,250,12.1868,25.9315,3.91349,1.34387
0,250,12.0935,26.4372,4.89569,1.99798
0,250,12.6265,26.8859,4.04634,1.22713
0,250,13.0322,27.0817,4.01607,0.0677037
0,250,13.1095,27.5646,3.83896,2.45988
0,250,13.3223,28.0639,5.25078,0.692334
0,250,13.8076,28.2746,4.75335,2.7568
0,250,14.2145,28.4938,4.35438,1.31075
0,250,14.762,28.6726,5.14123,1.50435
0,250,14.3273,29.0196,5.65281,1.22311
0,250,14.6629,29.9135,4.82244,1.60561
0,250,13.8489,29.3399,4.69006,1.37413
0,250,15.0814,30.0677,5.73645,0.113581
0,250,14.5858,30.4632,6.00773,1.33175
0,250,16.6308,29.7236,7.09593,1.9472
0,250,16.0397,29.9504,8.57531,2.24971
0,250,17.4602,30.9395,6.87122,0.245627
0,250,16.3411,30.3152,7.0306,0.581479
0,250,16.9282,31.1231,5.76578,-0.42086
0,250,15.9946,31.1277,5.87849,2.65776
0,250,16.475,31.3456,5.63324,1.18807
0,250,16.0011,31.4939,8.48297,0.0878481
0,250,17.0308,31.5827,5.59528,-2.05146
0,250,17.8883,31.8528,4.69894,-0.158574
0,250,15.6277,32.0611,5.5018,-2.00607
0,250,11.9557,24.4719,3.18692,2.5256
0,250,12.0771,24.9008,3.31916,2.05432
0,250,12.3148,25.2637,3.11439,2.67476
0,250,12.4024,25.6163,3.12573,1.66731
0,250,12.9355,25.8326,3.79792,1.01504
0,250,12.6481,26.338,3.43268,1.67966
0,250,12.9979,26.4109,2.80237,1.60429
0,250,13.5035,26.8743,3.83015,1.71685
0,250,13.6005,27.372,5.08954,1.82063
0,250,13.7961,27.7984,4.50579,1.9598
0,250,14.3099,27.7902,4.08728,2.26384
0,250,14.5675,28.1601,4.04882,0.174362
0,250,15.3258,28.6286,5.57473,0.241267
0,250,14.915,29.0641,4.40096,0.417101
0,250,14.3997,29.4239,6.1557,1.40248
0,250,15.4498,29.0984,4.06399,1.05053
0,250,15.0045,29.5461,6.15431,0.322057
0,250,16.0124,29.4074,7.38822,-0.310032
0,250,15.5303,29.5625,6.51038,-0.378491
0,250,17.3762,30.2416,6.53302,1.54211
0,250,16.8842,30.1633,6.59392,1.6644
0,250,17.7154,30.6155,5.69404,0.16779
0,250,17.992,31.2197,6.06741,-0.790929
0,250,18.485,31.0594,6.2904,-0.453204
0,250,18.2904,31.6288,5.01679,0.846207
0,250,18.9132,31.0929,6.31904,0.639175
0,250,17.5729,31.4622,5.66342,1.42596
0,250,17.4563,31.94,4.747,2.02614
0,250,19.0926,32.0626,7.83965,-1.20796
0,250,16.4884,32.0899,4.52823,-4.3302
0,250,12.6073,24.6216,4.00931,2.95875
0,250,12.9037,24.7308,3.76478,0.475864
0,250,13.077,25.1605,3.22321,1.75479
0,250,13.2119,25.5702,3.35596,0.733172
0,250,13.4776,26.0437,3.13955,0.64284
0,250,13.6076,26.4061,4.42197,2.27267
0,250,14.1435,26.6664,4.19937,1.98388
0,250,13.9664,27.0642,4.12546,1.24579
0,250,14.4967,27.4222,5.44264,1.45338
0,250,14.9435,27.7154,4.92271,1.39629
0,250,15.0768,28.182,6.40627,1.552
0,250,15.5308,28.0943,5.40153,1.60974
0,250,15.9011,28.4856,7.17446,1.31276
0,250,15.9392,28.9523,6.70239,1.48199
0,250,17.3384,29.3394,6.92828,0.801841
0,250,17.0913,29.7343,6.89152,1.50778
0,250,16.4906,29.3244,6.394,1.6391
0,250,18.322,29.69,4.9917,1.32366
0,250,17.7667,29.6683,6.08551,0.933843
0,250,17.8539,30.0618,5.6533,0.804081
0,250,17.0151,30.6473,7.17186,-0.94156
0,250,18.1999,30.7153,6.54715,0.452745
0,250,18.8661,30.4925,6.08537,0.802147
0,250,19.8636,31.4109,6.2304,-0.618692
0,250,19.515,30.9838,6.52116,-2.10036
0,250,18.8341,31.6003,7.66537,-0.805181
0,250,18.4471,32.0142,1.82018,-0.972975
0,250,20.3103,31.5606,8.00266,0.838656
0,250,19.9024,31.8935,5.90701,-2.38858
0,250,16.941,31.9802,4.17673,-0.332749
0,250,13.3791,24.7907,3.36578,2.38807
0,250,13.744,25.1034,4.00097,1.82678
0,250,13.8525,25.5915,3.26211,0.720503
0,250,14.1619,25.7943,5.00255,0.23651
0,250,14.1681,26.2645,4.46162,1.25862
0,250,14.9787,26.607,5.44674,1.71784
0,250,14.6261,26.854,5.49559,1.3088
0,250,14.9372,27.1951,4.01349,2.6757
0,250,15.4825,27.5621,5.83208,1.65851
0,250,15.9053,27.8058,4.80739,0.546774
0,250,16.3253,28.2167,6.67849,2.12207
0,250,16.3677,28.6571,5.74389,2.34076
0,250,16.8054,29.0646,6.03463,1.05721
0,250,17.9644,29.2129,6.78454,2.47503
0,250,18.5616,29.1993,7.87421,-0.0316673
0,250,18.8259,28.8585,6.47405,-0.206698
0,250,18.7465,29.6068,6.02308,0.952209
0,250,19.358,29.5548,7.40494,1.26072
0,250,18.7788,30.074,6.07708,1.60771
0,250,19.6799,29.8809,6.98422,0.352002
0,250,18.2636,30.2939,5.44313,-1.06565
0,250,19.3405,30.1,6.88939,-0.490336
0,250,19.2724,30.5976,7.72502,-1.00676
0,250,19.9792,30.9385,7.97613,1.28861
0,250,21.5764,31.675,7.77803,-0.660219
0,250,22.45,31.8991,10.089,-2.02845
0,250,19.501,31.9302,8.68027,2.2357
0,250,20.5999,31.2086,8.5835,-0.140037
0,250,20.8692,31.9995,5.86483,2.00491
0,250,19.2595,31.4223,6.90719,-0.728925
0,250,14.2964,25.1611,5.04895,2.74619
0,250,14.5173,25.2756,4.10892,1.08121
0,250,14.7234,25.8628,2.88359,2.53457
0,250,14.9756,26.1339,4.68027,2.90403
0,250,15.6084,26.4458,5.52477,1.81311
0,250,15.3625,26.867,4.92324,2.458
0,250,15.9108,26.8484,6.30114,1.98012
0,250,15.7903,27.2779,6.66987,3.03728
0,250,16.3663,27.5918,5.70928,1.46989
0,250,16.6996,27.9475,4.28569,1.83623
0,250,16.926,28.6048,6.20401,2.50039
0,250,17.3835,28.9253,6.04577,0.973231
0,250,17.5222,28.4179,5.45576,1.19071
0,250,17.9597,28.8375,6.65522,1.32131
0,250,19.2401,29.2037,7.59689,0.334309
0,250,19.9135,29.2044,5.44467,0.293658
0,250,20.1544,30.1993,6.29314,0.28779
0,250,21.4251,30.3289,8.45189,-0.340809
0,250,20.6093,30.409,9.82926,0.358024
0,250,21.9065,30.4457,7.57891,-0.484928
0,250,21.0431,30.4691,7.97623,0.865123
0,250,20.5213,30.8066,7.96878,-1.01868
0,250,19.8149,30.4791,7.42666,0.180551
0,250,21.1718,31.1475,7.54343,0.392203
0,250,21.8738,31.3539,12.3543,-4.9979
0,250,21.4213,31.9172,4.89267,-2.49162
0,250,20.9422,31.5223,8.07489,-0.510609
0,250,22.8724,31.9066,8.18766,1.36656
0,250,23.4786,31.6055,3.12182,1.25951
0,250,20.4388,32.1109,7.64459,-0.262099
0,250,15.0451,25.3829,6.10493,1.64151
0,250,15.4063,25.3227,5.39713,1.30891
0,250,15.5133,26.0139,4.43801,1.72841
0,250,16.1354,26.0701,5.96393,0.693114
0,250,16.2213,26.5321,5.53555,1.67623
0,250,16.6112,26.8756,5.35994,1.69815
0,250,16.5101,27.2524,5.94305,1.97169
0,250,17.1717,27.1889,5.40853,0.483206
0,250,17.1532,27.6272,5.20194,1.39998
0,250,17.1046,28.2227,5.68509,1.39777
0,250,18.0579,28.3019,7.11995,2.06326
0,250,18.3695,28.571,5.30103,0.00733832
0,250,19.3453,28.7425,7.52592,0.22612
0,250,20.0148,28.9488,7.4785,-0.401467
0,250,20.1664,29.7354,6.77703,-0.553224
0,250,20.7448,29.8361,9.21627,0.109657
0,250,21.571,29.8647,9.08388,-0.495926
0,250,22.1696,30.0342,7.47527,0.736806
0,250,23.0558,30.3589,8.70372,1.14669
0,250,23.8294,29.8749,8.48204,0.455283
0,250,21.4219,30.8679,8.48467,-0.261603
0,250,23.4412,30.2623,6.53735,-1.08874
0,250,22.2893,30.6516,8.28513,0.422463
0,250,21.9722,31.0072,10.8919,0.451704
0,250,22.4099,31.348,7.966,1.46418
0,250,25.3176,31.1626,6.70003,-1.23285
0,250,22.8721,31.4411,7.14319,-0.830696
0,250,24.3618,31.1142,7.94447,-1.59526
0,250,24.8685,30.9437,10.5633,-1.09698
0,250,22.1418,32.0345,7.23913,0.957592
0,250,15.7394,25.6098,5.14848,2.23871
0,250,16.2093,25.6379,5.33343,0.621619
0,250,16.6581,26.2004,4.8389,2.04999
0,250,17.0672,26.6118,6.88616,1.78642
0,250,17.3878,26.7524,5.49236,1.08019
0,250,17.7853,27.3626,5.57611,3.2562
0,250,18.0928,27.7036,7.73457,0.816781
0,250,17.604,27.8108,4.93745,2.37889
0,250,18.8259,27.6347,7.02644,1.04787
0,250,18.4837,27.9863,6.07954,1.37214
0,250,18.8783,28.3267,5.2565,1.96203
0,250,19.6729,28.5601,9.92217,1.29148
0,250,20.5317,29.4731,7.90695,1.45488
0,250,21.1486,29.7125,7.73596,-0.672349
0,250,21.4578,29.262,7.47532,-0.160043
0,250,21.9413,29.5876,8.23356,-0.831074
0,250,22.6186,30.0813,8.28262,-0.0382646
0,250,23.9387,30.2552,6.99756,-0.820202
0,250,23.7671,30.7752,8.25899,-1.6763
0,250,25.5103,30.7196,9.04632,-2.85698
0,250,22.6598,30.7027,8.69006,-0.14216
0,250,23.3839,30.8726,6.92992,-0.525096
0,250,23.7024,31.3053,7.11832,-1.03073
0,250,24.2481,30.6542,7.28087,-1.5959
0,250,22.9684,31.0916,6.60106,-0.70081
0,250,24.386,31.4182,5.70223,-1.33187
0,250,23.4449,32.001,1.52517,0.476547
0,250,24.7675,31.7423,6.19902,-2.6833
0,250,26.1656,32.0151,8.07596,-1.94807
0,250,23.9801,31.9069,6.05204,2.87973
0,250,16.8426,25.8372,6.56248,1.32513
0,250,17.2127,25.8532,7.20616,2.16601
0,250,17.7184,26.3886,6.90574,0.542928
0,250,18.097,26.892,8.45355,0.854805
0,250,18.3423,27.1898,6.50548,2.75918
0,250,18.821,27.2283,6.89151,1.78902
0,250,19.4528,27.734,7.92889,0.475601
0,250,19.1349,28.0459,6.84867,-0.0520079
0,250,19.9231,28.2245,8.02249,1.77366
0,250,20.6025,28.6416,8.28875,0.530725
0,250,20.6506,29.0408,7.04356,-0.884153
0,250,21.1271,29.0458,7.47303,0.64574
0,250,22.1093,29.1701,10.2311,-0.841492
0,250,22.7379,29.6287,6.64948,0.238903
0,250,23.1271,29.8139,7.35103,-0.620715
0,250,24.4565,29.8013,8.84295,-0.35112
0,250,24.9556,30.5818,7.49219,-1.51744
0,250,25.3211,30.1506,8.8318,-1.18585
0,250,25.7746,31.4247,7.92072,-3.37716
0,250,26.2478,30.387,6.48435,-0.993856
0,250,25.195,31.5616,6.03799,-3.22633
0,250,25.8788,30.8598,10.0203,-1.58253
0,250,25.6897,31.9482,5.81647,2.53817
0,250,26.1765,31.4597,6.17402,-4.62023
0,250,25.2362,32.0353,5.81525,-2.41666
0,250,27.1352,30.8738,5.04123,-0.0201704
0,250,26.9438,31.3956,5.6544,-5.15473
0,250,26.5337,31.7351,9.42226,-2.64809
0,250,27.6107,31.6968,4.32859,1.08458
0,250,24.4061,32.0023,5.06797,-1.80987
0,250,17.5173,26.0319,5.74728,1.96072
0,250,18.5659,26.4102,5.9426,1.30575
0,250,18.9433,26.8288,6.67122,2.82414
0,250,19.5586,27.4113,8.28165,1.77002
0,250,20.2053,27.4399,7.08489,1.08994
0,250,20.0848,27.9003,8.12198,-0.0511517
0,250,20.4549,28.319,7.88453,0.87331
0,250,21.0908,28.2019,8.21364,-1.08005
0,250,21.423,28.6886,8.01749,-0.384877
0,250,21.8679,28.6902,8.65046,0.68892
0,250,22.471,29.3293,7.47216,2.19342
0,250,23.2048,29.1975,8.50255,0.304649
0,250,23.5574,29.5037,5.91294,0.608348
0,250,24.9633,29.3973,9.85605,-1.10221
0,250,24.5334,30.3419,9.15318,-1.43013
0,250,26.0884,29.7949,8.26654,-1.19046
0,250,25.8363,30.2268,7.82093,-2.7559
0,250,26.6154,30.423,8.38136,-0.730839
0,250,26.7067,30.9794,7.09715,-0.975999
0,250,27.6866,29.9599,3.95833,-4.97662
0,250,26.3215,31.025,7.84345,-5.09776
0,250,27.7434,30.7748,7.07702,-2.56577
0,250,27.3666,30.5242,5.49191,-4.34114
0,250,28.1948,30.3333,7.2007,-3.94584
0,250,27.6806,31.1707,7.01277,-1.06184
0,250,27.2626,31.6002,7.785,-1.64991
0,250,27.4613,32.0735,8.24084,5.40843
0,250,28.28,31.6782,4.02089,-1.41836
0,250,28.4375,30.8197,4.84214,-3.75177
0,250,26.7992,32.0742,5.9632,-1.47293
0,250,18.2565,26.4311,7.39046,2.5322
0,250,19.0615,26.4238,7.48916,0.586529
0,250,19.6163,27.0243,8.605,1.97991
0,250,20.3151,27.1299,7.97692,0.115545
0,250,20.7407,27.834,8.48865,2.32803
0,250,21.9555,28.1496,6.97555,-0.527841
0,250,22.3393,28.4427,10.2007,0.943257
0,250,22.5531,28.7266,9.76053,1.24413
0,250,23.0608,28.8148,9.79948,-0.320406
0,250,23.8073,29.1163,9.11664,-1.11878
0,250,24.321,29.487,8.29285,-1.1192
0,250,25.4596,29.2757,10.2227,-1.62089
0,250,24.9482,29.9469,7.75552,-2.40036
0,250,26.5035,29.2705,6.51716,-2.76394
0,250,26.6045,29.7205,7.5396,-3.11739
0,250,27.6834,29.531,8.51375,-6.29736
0,250,26.9892,30.2296,6.87389,-2.66338
0,250,28.68,29.6409,2.87267,-2.62802
0,250,28.06,30.0228,9.58254,-4.52447
0,250,28.638,30.2911,3.36979,-4.68509
0,250,29.2697,30.7836,5.34989,0.284197
0,250,29.9346,29.6326,1.39272,-12.2895
0,250,29.5512,30.274,7.96849,-4.86065
0,250,29.7993,30.5264,6.01982,-1.50705
0,250,28.1179,31.1744,6.2131,-0.898415
0,250,29.9546,29.1674,5.80839,-8.44211
0,250,28.4319,31.8622,4.75024,0.00727412
0,250,29.5507,31.1385,7.31388,-6.24978
0,250,29.8904,31.1769,4.79234,-0.165416
0,250,28.8297,30.9131,2.77908,-5.78457
0,250,19.4328,26.5385,8.82807,1.82082
0,250,20.8701,26.9744,8.21737,1.99504
0,250,20.8667,27.506,8.08352,2.27128
0,250,21.5236,28.1885,7.76337,2.01682
0,250,23.2342,28.0621,8.15097,0.367996
0,250,23.1002,28.4521,7.98744,-0.749025
0,250,23.7346,28.6342,8.48156,0.375945
0,250,24.2129,28.9341,8.25289,-0.238759
0,250,24.6871,29.0941,9.52677,-0.868446
0,250,25.7587,28.5555,9.54823,-2.19643
0,250,25.5019,29.7017,10.1502,-0.688284
0,250,26.8492,28.9514,9.86053,-2.87421
0,250,27.0272,29.7823,8.45134,-2.90051
0,250,27.6655,29.1047,7.77366,-3.13796
0,250,28.2315,29.4274,7.70007,-5.07285
0,250,28.7683,29.2168,5.90823,-4.82217
0,250,29.1998,29.8888,10.4519,-7.66445
0,250,29.0458,30.3061,2.41057,-0.0812129
0,250,29.4981,29.4184,6.18121,-3.00615
0,250,29.5366,28.806,7.33244,-3.41826
0,250,30.5607,28.8624,0.918862,-5.63501
0,250,30.4471,29.6405,2.46388,-7.00451
0,250,31.1475,30.2152,3.87597,4.02923
0,250,30.0673,30.0237,2.98957,1.29148
0,250,30.6564,29.8895,-0.567648,-5.85158
0,250,30.0198,31.6422,5.46242,0.510316
0,250,28.9727,31.3451,-0.225444,-5.62978
0,250,29.3568,32.0912,5.3404,0.617997
0,250,31.1661,30.5535,0.616404,-0.566712
0,250,28.816,31.8036,2.68618,-3.24458
0,250,20.0495,26.7004,7.10171,2.03744
0,250,21.2796,27.3122,7.73677,2.70011
0,250,21.919,27.4627,9.89969,1.56889
0,250,22.5655,27.893,9.45163,1.2311
0,250,23.736,28.3125,10.1414,-1.23956
0,250,24.3845,28.484,7.94334,-0.39811
0,250,25.3566,28.803,8.60614,-1.30867
0,250,26.0614,28.926,10.0137,-1.69341
0,250,25.9307,29.3807,8.67177,-0.817242
0,250,27.4513,28.8675,6.37117,-0.877793
0,250,27.1213,29.3527,9.74044,-0.885521
0,250,28.2974,28.483,8.75533,-4.17438
0,250,28.2994,29.0085,9.31659,-3.27808
0,250,29.1594,29.2506,7.82929,-2.55025
0,250,29.4185,28.2315,6.69973,-7.96344
0,250,30.2625,28.1316,6.83435,-4.87204
0,250,29.8351,28.431,5.57716,-8.59026
0,250,30.108,28.8137,7.15817,-8.20203
0,250,30.4343,26.7295,2.7452,-10.2596
0,250,30.3516,30.5775,5.90045,-1.25645
0,250,30.3922,31.178,-0.711686,-3.36109
0,250,30.8742,27.569,1.87164,-10.1534
0,250,31.1067,29.089,1.49153,-1.93854
0,250,31.2314,28.5172,-1.78352,0.3603
0,250,31.0041,31.6744,7.49497,0.86368
0,250,32.268,27.1996,-4.98758,-8.89629
0,250,31.0599,28.114,-5.19753,-7.41644
0,250,30.5146,30.2481,6.12773,-7.05018
0,250,29.9303,32.0171,-2.44521,2.84224
0,250,29.4069,31.635,1.01742,-5.70088
0,250,21.7081,27.4736,8.83307,3.39443
0,250,22.9066,27.6468,8.0587,1.28851
0,250,23.8766,27.7318,10.1768,-1.22951
0,250,24.3718,28.0414,7.24394,0.237704
0,250,25.7869,28.0332,10.7913,-5.00705
0,250,26.2562,28.4144,8.31591,-2.9897
0,250,26.6305,28.5282,8.68917,-3.37768
0,250,28.1327,27.8457,7.66826,-4.82207
0,250,27.8595,28.2269,8.38555,-6.5608
0,250,28.6093,28.2841,4.42735,-5.33682
0,250,29.0522,28.4223,4.72131,-5.20868
0,250,29.4695,27.5733,4.6181,-8.53145
0,250,29.641,27.2251,4.54674,-5.68058
0,250,30.1493,27.1469,5.44025,-7.82719
0,250,30.9191,27.1338,5.59875,-9.02354
0,250,30.8054,25.7509,3.08623,-9.32386
0,250,30.7243,26.105,1.0024,-11.0291
0,250,31.2007,26.0002,0.195969,-10.9876
0,250,30.7761,30.88,-2.4307,0.573447
0,250,31.8587,27.5652,5.14061,-11.8099
0,250,31.9124,25.2579,4.71343,-11.734
0,250,31.8644,25.8979,1.33678,-16.2744
0,250,31.2621,29.7271,3.70763,-5.80383
0,250,31.6,30.5035,8.68867,-3.07925
0,250,31.8403,24.1894,3.75568,-18.6645
0,250,31.8064,31.4153,6.86574,4.68029
0,250,31.0065,29.0164,-2.91183,-8.69981
0,250,32.0861,28.9267,-3.26731,3.49953
0,250,31.4026,31.4911,3.55681,-3.16184
0,250,31.3696,31.9233,4.31796,4.42364
0,250,22.4994,27.4964,9.09518,1.77803
0,250,23.5517,27.6567,7.96614,-0.512657
0,250,25.1584,28.2415,9.61347,-0.214283
0,250,24.9655,28.6247,8.22333,0.590751
0,250,27.1195,28.3785,10.1529,-3.11138
0,250,27.454,28.0185,7.21489,-6.26754
0,250,29.0167,27.9183,7.26623,-6.08278
0,250,29.1697,26.1753,2.34291,-9.79994
0,250,28.9902,27.2199,4.77112,-8.59281
0,250,29.8678,27.5992,4.67753,-4.5707
0,250,30.5706,27.7231,4.27225,-8.89146
0,250,30.4124,26.4499,6.54706,-7.96009
0,250,30.4807,28.3684,4.91588,-5.1137
0,250,30.4409,25.0626,-1.73801,-12.2966
0,250,31.7119,27.3012,4.52086,-7.96309
0,250,30.9075,23.8755,-0.928652,-19.0577
0,250,31.0012,25.163,1.65495,-12.0666
0,250,31.5705,26.259,-0.306529,-5.12686
0,250,31.5144,22.7083,1.38729,-12.9817
0,250,31.8491,22.3845,-3.33931,-12.1018
0,250,31.3446,26.999,-0.310677,-8.92011
0,250,31.7319,20.1763,-1.46471,-16.2733
0,250,31.8175,23.0454,1.3411,-13.6412
0,250,31.8835,29.1842,2.34669,-7.9751
0,250,30.5092,31.5027,-5.03943,-1.68706
0,250,31.6541,30.8406,0.227445,1.80933
0,250,32.0827,32.0091,-8.16306,4.51507
0,250,31.7647,26.8885,-0.228194,-13.2203
0,250,31.5387,23.9016,-4.81536,-17.3471
0,250,32.06,30.5815,4.30246,-11.3136
0,250,24.6145,27.7877,10.7532,-1.56692
0,250,26.3401,27.8656,12.4222,-4.05263
0,250,27.0895,27.6271,7.09715,-6.31265
0,250,28.088,27.2852,8.21978,-6.70581
0,250,28.5237,27.7426,7.57432,-7.15616
0,250,29.8714,26.4639,7.45529,-10.1026
0,250,29.8209,25.8605,3.61176,-10.9138
0,250,29.6956,25.3674,-1.56469,-15.3094
0,250,30.5995,23.498,3.20546,-14.2676
0,250,31.4942,25.1495,1.17429,-14.9823
0,250,31.4266,25.5677,8.17191,-11.3728
0,250,30.7008,24.4846,-1.79466,-11.8039
0,250,30.5282,21.9446,0.818763,-12.8231
0,250,31.8003,21.7488,-1.31321,-13.892
0,250,31.2002,20.3225,0.714943,-16.495
0,250,29.5564,21.8041,-5.11679,-16.6606
0,250,30.905,21.3985,0.224266,-15.6239
0,250,30.8403,20.8224,-0.343145,-14.1413
0,250,32.0522,26.2962,-5.78889,-6.96428
0,250,31.3752,19.1118,-3.14233,-16.2993
0,250,29.315,19.9424,-4.21817,-16.2329
0,250,30.8239,22.3473,-4.73157,-11.7581
0,250,31.2185,22.1073,-5.59874,-18.301
0,250,30.7952,24.5367,-1.02766,-6.53899
0,250,31.2278,24.1077,0.991819,-10.2578
0,250,31.4842,29.8019,0.110791,0.446016
0,250,30.9865,31.0482,1.97049,0.75444
0,250,31.2683,27.938,-9.62734,-13.1419
0,250,31.8889,24.7222,-2.44739,-14.4898
0,250,32.0073,31.5511,-5.39803,-4.95808
0,250,25.4946,27.9486,9.35926,-2.4897
0,250,26.8138,27.9036,11.1564,-5.8016
0,250,28.3965,26.9849,6.6704,-9.74619
0,250,29.0179,26.5652,4.56556,-10.675
0,250,29.6475,25.1161,-0.465249,-14.7817
0,250,30.161,23.7383,1.06993,-15.0336
0,250,29.3274,22.7701,-3.00723,-13.6147
0,250,30.2207,25.6462,0.0786578,-10.3021
0,250,30.7193,22.67,1.01082,-14.5848
0,250,29.6627,21.3321,-2.09348,-12.7349
0,250,31.1086,18.9967,0.862953,-16.2786
0,250,29.6635,20.3426,-2.43058,-15.9318
0,250,31.5688,18.0965,1.39049,-15.1134
0,250,32.2961,19.3426,0.932422,-13.4471
0,250,29.0842,14.9475,-5.82457,-18.0667
0,250,28.7733,16.3631,-4.54357,-17.0788
0,250,28.6561,14.8634,-7.19269,-19.3887
0,250,31.4329,16.6114,-2.24595,-17.0423
0,250,31.3642,20.5361,-3.13779,-14.4489
0,250,31.0221,15.8492,-5.06117,-19.5573
0,250,31.699,21.2727,-3.35911,-18.2986
0,250,29.4192,14.8043,-2.95769,-20.4799
0,250,31.0351,14.5749,0.280472,-21.6261
0,250,31.0843,11.9985,-0.579814,-18.037
0,250,28.6166,13.2489,-6.92725,-18.8572
0,250,30.9073,23.2734,0.349076,-17.1616
0,250,29.482,19.8766,-4.90163,-15.1763
0,250,29.2544,10.9489,-4.36694,-23.5027
0,250,30.4279,18.91,-3.68041,-13.4367
0,250,27.8035,18.8826,-8.11601,-14.5006
0,250,27.5662,27.4013,7.74468,-8.93971
0,250,28.8085,26.8376,8.23852,-11.188
0,250,29.3222,25.8795,-0.160416,-12.703
0,250,30.1047,24.8076,-0.600733,-13.3165
0,250,30.2318,23.0644,0.480096,-15.8378
0,250,29.8731,22.441,-0.850684,-13.5694
0,250,29.2422,21.8701,-2.66009,-12.6212
0,250,30.503,19.2481,0.860734,-16.1216
0,250,29.8401,19.0763,-1.34669,-14.598
0,250,31.5648,19.9347,1.47234,-13.7379
0,250,29.5492,17.56,-3.05372,-17.211
0,250,28.6533,19.395,-3.52934,-12.0553
0,250,29.3334,16.476,-3.30767,-16.4131
0,250,30.5817,13.9304,-2.07589,-18.6154
0,250,30.1696,14.0679,-4.69019,-16.9187
0,250,31.0979,11.4504,-1.7531,-23.112
0,250,28.9178,14.4957,-3.89344,-18.2181
0,250,30.4415,10.8059,-1.30252,-21.0256
0,250,31.9413,9.71679,-1.07293,-18.8816
0,250,27.6461,13.1362,-6.51988,-16.6806
0,250,29.5495,13.3515,-6.14089,-19.1547
0,250,28.5166,12.398,-3.56986,-16.6275
0,250,28.8056,6.32673,-4.8369,-23.173
0,250,30.196,4.30125,-2.70226,-27.969
0,250,20.1679,-3.70567,-13.5759,-31.6556
0,250,32.1398,9.14729,0.525363,-17.0919
0,250,26.1643,12.2957,-7.02516,-16.5096
0,250,31.3773,12.8154,-2.08697,-18.575
0,250,32.3025,30.0225,0.427879,-7.1849
0,250,31.7468,28.7055,-0.171589,-5.89492
1,250,1.5,1.5,0,0
1,250,1.5,2,0,0
1,250,32.5,1.5,0,0
1,250,33,1.5,0,0
1,250,2.5,32.5,0,0
1,250,2.5,33,0,0
1,250,1.5,2.5,0,0
1,250,2,2.5,0,0
1,250,2,1.5,0,0
1,250,2,2,0,0
1,250,32.5,2,0,0
1,250,33,2,0,0
1,250,3,32.5,0,0
1,250,3,33,0,0
1,250,1.5,3,0,0
1,250,2,3,0,0
1,250,2.5,1.5,0,0
1,250,2.5,2,0,0
1,250,32.5,2.5,0,0
1,250,33,2.5,0,0
1,250,3.5,32.5,0,0
1,250,3.5,33,0,0
1,250,1.5,3.5,0,0
1,250,2,3.5,0,0
1,250,3,1.5,0,0
1,250,3,2,0,0
1,250,32.5,3,0,0
1,250,33,3,0,0
1,250,4,32.5,0,0
1,250,4,33,0,0
1,250,1.5,4,0,0
1,250,2,4,0,0
1,250,3.5,1.5,0,0
1,250,3.5,2,0,0
1,250,32.5,3.5,0,0
1,250,33,3.5,0,0
1,250,4.5,32.5,0,0
1,250,4.5,33,0,0
1,250,1.5,4.5,0,0
1,250,2,4.5,0,0
1,250,4,1.5,0,0
1,250,4,2,0,0
1,250,32.5,4,0,0
1,250,33,4,0,0
1,250,5,32.5,0,0
1,250,5,33,0,0
1,250,1.5,5,0,0
1,250,2,5,0,0
1,250,4.5,1.5,0,0
1,250,4.5,2,0,0
1,250,32.5,4.5,0,0
1,250,33,4.5,0,0
1,250,5.5,32.5,0,0
1,250,5.5,33,0,0
1,250,1.5,5.5,0,0
1,250,2,5.5,0,0
1,250,5,1.5,0,0
1,250,5,2,0,0
1,250,32.5,5,0,0
1,250,33,5,0,0
1,250,6,32.5,0,0
1,250,6,33,0,0
1,250,1.5,6,0,0
1,250,2,6,0,0
1,250,5.5,1.5,0,0
1,250,5.5,2,0,0
1,250,32.5,5.5,0,0
1,250,33,5.5,0,0
1,250,6.5,32.5,0,0
1,250,6.5,33,0,0
1,250,1.5,6.5,0,0
1,250,2,6.5,0,0
1,250,6,1.5,0,0
1,250,6,2,0,0
1,250,32.5,6,0,0
1,250,33,6,0,0
1,250,7,32.5,0,0
1,250,7,33,0,0
1,250,1.5,7,0,0
1,250,2,7,0,0
1,250,6.5,1.5,0,0
1,250,6.5,2,0,0
1,250,32.5,6.5,0,0
1,250,33,6.5,0,0
1,250,7.5,32.5,0,0
1,250,7.5,33,0,0
1,250,1.5,7.5,0,0
1,250,2,7.5,0,0
1,250,7,1.5,0,0
1,250,7,2,0,0
1,250,32.5,7,0,0
1,250,33,7,0,0
1,250,8,32.5,0,0
1,250,8,33,0,0
1,250,1.5,8,0,0
1,250,2,8,0,0
1,250,7.5,1.5,0,0
1,250,7.5,2,0,0
1,250,32.5,7.5,0,0
1,250,33,7.5,0,0
1,250,8.5,32.5,0,0
1,250,8.5,33,0,0
1,250,1.5,8.5,0,0
1,250,2,8.5,0,0
1,250,8,1.5,0,0
1,250,8,2,0,0
1,250,32.5,8,0,0
1,250,33,8,0,0
1,250,9,32.5,0,0
1,250,9,33,0,0
1,250,1.5,9,0,0
1,250,2,9,0,0
1,250,8.5,1.5,0,0
1,250,8.5,2,0,0
1,250,32.5,8.5,0,0
1,250,33,8.5,0,0
1,250,9.5,32.5,0,0
1,250,9.5,33,0,0
1,250,1.5,9.5,0,0
1,250,2,9.5,0,0
1,250,9,1.5,0,0
1,250,9,2,0,0
1,250,32.5,9,0,0
1,250,33,9,0,0
1,250,10,32.5,0,0
1,250,10,33,0,0
1,250,1.5,10,0,0
1,250,2,10,0,0
1,250,9.5,1.5,0,0
1,250,9.5,2,0,0
1,250,32.5,9.5,0,0
1,250,33,9.5,0,0
1,250,10.5,32.5,0,0
1,250,10.5,33,0,0
1,250,1.5,10.5,0,0
1,250,2,10.5,0,0
1,250,10,1.5,0,0
1,250,10,2,0,0
1,250,32.5,10,0,0
1,250,33,10,0,0
1,250,11,32.5,0,0
1,250,11,33,0,0
1,250,1.5,11,0,0
1,250,2,11,0,0
1,250,10.5,1.5,0,0
1,250,10.5,2,0,0
1,250,32.5,10.5,0,0
1,250,33,10.5,0,0
1,250,11.5,32.5,0,0
1,250,11.5,33,0,0
1,250,1.5,11.5,0,0
1,250,2,11.5,0,0
1,250,11,1.5,0,0
1,250,11,2,0,0
1,250,32.5,11,0,0
1,250,33,11,0,0
1,250,12,32.5,0,0
1,250,12,33,0,0
1,250,1.5,12,0,0
1,250,2,12,0,0
1,250,11.5,1.5,0,0
1,250,11.5,2,0,0
1,250,32.5,11.5,0,0
1,250,33,11.5,0,0
1,250,12.5,32.5,0,0
1,250,12.5,33,0,0
1,250,1.5,12.5,0,0
1,250,2,12.5,0,0
1,250,12,1.5,0,0
1,250,12,2,0,0
1,250,32.5,12,0,0
1,250,33,12,0,0
1,250,13,32.5,0,0
1,250,13,33,0,0
1,250,1.5,13,0,0
1,250,2,13,0,0
1,250,12.5,1.5,0,0
1,250,12.5,2,0,0
1,250,32.5,12.5,0,0
1,250,33,12.5,0,0
1,250,13.5,32.5,0,0
1,250,13.5,33,0,0
1,250,1.5,13.5,0,0
1,250,2,13.5,0,0
1,250,13,1.5,0,0
1,250,13,2,0,0
1,250,32.5,13,0,0
1,250,33,13,0,0
1,250,14,32.5,0,0
1,250,14,33,0,0
1,250,1.5,14,0,0
1,250,2,14,0,0
1,250,13.5,1.5,0,0
1,250,13.5,2,0,0
1,250,32.5,13.5,0,0
1,250,33,13.5,0,0
1,250,14.5,32.5,0,0
1,250,14.5,33,0,0
1,250,1.5,14.5,0,0
1,250,2,14.5,0,0
1,250,14,1.5,0,0
1,250,14,2,0,0
1,250,32.5,14,0,0
1,250,33,14,0,0
1,250,15,32.5,0,0
1,250,15,33,0,0
1,250,1.5,15,0,0
1,250,2,15,0,0
1,250,14.5,1.5,0,0
1,250,14.5,2,0,0
1,250,32.5,14.5,0,0
1,250,33,14.5,0,0
1,250,15.5,32.5,0,0
1,250,15.5,33,0,0
1,250,1.5,15.5,0,0
1,250,2,15.5,0,0
1,250,15,1.5,0,0
1,250,15,2,0,0
1,250,32.5,15,0,0
1,250,33,15,0,0
1,250,16,32.5,0,0
1,250,16,33,0,0
1,250,1.5,16,0,0
1,250,2,16,0,0
1,250,15.5,1.5,0,0
1,250,15.5,2,0,0
1,250,32.5,15.5,0,0
1,250,33,15.5,0,0
1,250,16.5,32.5,0,0
1,250,16.5,33,0,0
1,250,1.5,16.5,0,0
1,250,2,16.5,0,0
1,250,16,1.5,0,0
1,250,16,2,0,0
1,250,32.5,16,0,0
1,250,33,16,0,0
1,250,17,32.5,0,0
1,250,17,33,0,0
1,250,1.5,17,0,0
1,250,2,17,0,0
1,250,16.5,1.5,0,0
1,250,16.5,2,0,0
1,250,32.5,16.5,0,0
1,250,33,16.5,0,0
1,250,17.5,32.5,0,0
1,250,17.5,33,0,0
1,250,1.5,17.5,0,0
1,250,2,17.5,0,0
1,250,17,1.5,0,0
1,250,17,2,0,0
1,250,32.5,17,0,0
1,250,33,17,0,0
1,250,18,32.5,0,0
1,250,18,33,0,0
1,250,1.5,18,0,0
1,250,2,18,0,0
1,250,17.5,1.5,0,0
1,250,17.5,2,0,0
1,250,32.5,17.5,0,0
1,250,33,17.5,0,0
1,250,18.5,32.5,0,0
1,250,18.5,33,0,0
1,250,1.5,18.5,0,0
1,250,2,18.5,0,0
1,250,18,1.5,0,0
1,250,18,2,0,0
1,250,32.5,18,0,0
1,250,33,18,0,0
1,250,19,32.5,0,0
1,250,19,33,0,0
1,250,1.5,19,0,0
1,250,2,19,0,0
1,250,18.5,1.5,0,0
1,250,18.5,2,0,0
1,250,32.5,18.5,0,0
1,250,33,18.5,0,0
1,250,19.5,32.5,0,0
1,250,19.5,33,0,0
1,250,1.5,19.5,0,0
1,250,2,19.5,0,0
1,250,19,1.5,0,0
1,250,19,2,0,0
1,250,32.5,19,0,0
1,250,33,19,0,0
1,250,20,32.5,0,0
1,250,20,33,0,0
1,250,1.5,20,0,0
1,250,2,20,0,0
1,250,19.5,1.5,0,0
1,250,19.5,2,0,0
1,250,32.5,19.5,0,0
1,250,33,19.5,0,0
1,250,20.5,32.5,0,0
1,250,20.5,33,0,0
1,250,1.5,20.5,0,0
1,250,2,20.5,0,0
1,250,20,1.5,0,0
1,250,20,2,0,0
1,250,32.5,20,0,0
1,250,33,20,0,0
1,250,21,32.5,0,0
1,250,21,33,0,0
1,250,1.5,21,0,0
1,250,2,21,0,0
1,250,20.5,1.5,0,0
1,250,20.5,2,0,0
1,250,32.5,20.5,0,0
1,250,33,20.5,0,0
1,250,21.5,32.5,0,0
1,250,21.5,33,0,0
1,250,1.5,21.5,0,0
1,250,2,21.5,0,0
1,250,21,1.5,0,0
1,250,21,2,0,0
1,250,32.5,21,0,0
1,250,33,21,0,0
1,250,22,32.5,0,0
1,250,22,33,0,0
1,250,1.5,22,0,0
1,250,2,22,0,0
1,250,21.5,1.5,0,0
1,250,21.5,2,0,0
1,250,32.5,21.5,0,0
1,250,33,21.5,0,0
1,250,22.5,32.5,0,0
1,250,22.5,33,0,0
1,250,1.5,22.5,0,0
1,250,2,22.5,0,0
1,250,22,1.5,0,0
1,250,22,2,0,0
1,250,32.5,22,0,0
1,250,33,22,0,0
1,250,23,32.5,0,0
1,250,23,33,0,0
1,250,1.5,23,0,0
1,250,2,23,0,0
1,250,22.5,1.5,0,0
1,250,22.5,2,0,0
1,250,32.5,22.5,0,0
1,250,33,22.5,0,0
1,250,23.5,32.5,0,0
1,250,23.5,33,0,0
1,250,1.5,23.5,0,0
1,250,2,23.5,0,0
1,250,23,1.5,0,0
1,250,23,2,0,0
1,250,32.5,23,0,0
1,250,33,23,0,0
1,250,24,32.5,0,0
1,250,24,33,0,0
1,250,1.5,24,0,0
1,250,2,24,0,0
1,250,23.5,1.5,0,0
1,250,23.5,2,0,0
1,250,32.5,23.5,0,0
1,250,33,23.5,0,0
1,250,24.5,32.5,0,0
1,250,24.5,33,0,0
1,250,1.5,24.5,0,0
1,250,2,24.5,0,0
1,250,24,1.5,0,0
1,250,24,2,0,0
1,250,32.5,24,0,0
1,250,33,24,0,0
1,250,25,32.5,0,0
1,250,25,33,0,0
1,250,1.5,25,0,0
1,250,2,25,0,0
1,250,24.5,1.5,0,0
1,250,24.5,2,0,0
1,250,32.5,24.5,0,0
1,250,33,24.5,0,0
1,250,25.5,32.5,0,0
1,250,25.5,33,0,0
1,250,1.5,25.5,0,0
1,250,2,25.5,0,0
1,250,25,1.5,0,0
1,250,25,2,0,0
1,250,32.5,25,0,0
1,250,33,25,0,0
1,250,26,32.5,0,0
1,250,26,33,0,0
1,250,1.5,26,0,0
1,250,2,26,0,0
1,250,25.5,1.5,0,0
1,250,25.5,2,0,0
1,250,32.5,25.5,0,0
1,250,33,25.5,0,0
1,250,26.5,32.5,0,0
1,250,26.5,33,0,0
1,250,1.5,26.5,0,0
1,250,2,26.5,0,0
1,250,26,1.5,0,0
1,250,26,2,0,0
1,250,32.5,26,0,0
1,250,33,26,0,0
1,250,27,32.5,0,0
1,250,27,33,0,0
1,250,1.5,27,0,0
1,250,2,27,0,0
1,250,26.5,1.5,0,0
1,250,26.5,2,0,0
1,250,32.5,26.5,0,0
1,250,33,26.5,0,0
1,250,27.5,32.5,0,0
1,250,27.5,33,0,0
1,250,1.5,27.5,0,0
1,250,2,27.5,0,0
1,250,27,1.5,0,0
1,250,27,2,0,0
1,250,32.5,27,0,0
1,250,33,27,0,0
1,250,28,32.5,0,0
1,250,28,33,0,0
1,250,1.5,28,0,0
1,250,2,28,0,0
1,250,27.5,1.5,0,0
1,250,27.5,2,0,0
1,250,32.5,27.5,0,0
1,250,33,27.5,0,0
1,250,28.5,32.5,0,0
1,250,28.5,33,0,0
1,250,1.5,28.5,0,0
1,250,2,28.5,0,0
1,250,28,1.5,0,0
1,250,28,2,0,0
1,250,32.5,28,0,0
1,250,33,28,0,0
1,250,29,32.5,0,0
1,250,29,33,0,0
1,250,1.5,29,0,0
1,250,2,29,0,0
1,250,28.5,1.5,0,0
1,250,28.5,2,0,0
1,250,32.5,28.5,0,0
1,250,33,28.5,0,0
1,250,29.5,32.5,0,0
1,250,29.5,33,0,0
1,250,1.5,29.5,0,0
1,250,2,29.5,0,0
1,250,29,1.5,0,0
1,250,29,2,0,0
1,250,32.5,29,0,0
1,250,33,29,0,0
1,250,30,32.5,0,0
1,250,30,33,0,0
1,250,1.5,30,0,0
1,250,2,30,0,0
1,250,29.5,1.5,0,0
1,250,29.5,2,0,0
1,250,32.5,29.5,0,0
1,250,33,29.5,0,0
1,250,30.5,32.5,0,0
1,250,30.5,33,0,0
1,250,1.5,30.5,0,0
1,250,2,30.5,0,0
1,250,30,1.5,0,0
1,250,30,2,0,0
1,250,32.5,30,0,0
1,250,33,30,0,0
1,250,31,32.5,0,0
1,250,31,33,0,0
1,250,1.5,31,0,0
1,250,2,31,0,0
1,250,30.5,1.5,0,0
1,250,30.5,2,0,0
1,250,32.5,30.5,0,0
1,250,33,30.5,0,0
1,250,31.5,32.5,0,0
1,250,31.5,33,0,0
1,250,1.5,31.5,0,0
1,250,2,31.5,0,0
1,250,31,1.5,0,0
1,250,31,2,0,0
1,250,32.5,31,0,0
1,250,33,31,0,0
1,250,32,32.5,0,0
1,250,32,33,0,0
1,250,1.5,32,0,0
1,250,2,32,0,0
1,250,31.5,1.5,0,0
1,250,31.5,2,0,0
1,250,32.5,31.5,0,0
1,250,33,31.5,0,0
1,250,32.5,32.5,0,0
1,250,32.5,33,0,0
1,250,1.5,32.5,0,0
1,250,2,32.5,0,0
1,250,32,1.5,0,0
1,250,32,2,0,0
1,250,32.5,32,0,0
1,250,33,32,0,0
1,250,33,32.5,0,0
1,250,33,33,0,0
1,250,1.5,33,0,0
1,250,2,33,0,0
