1396 2 0.5 5e+06 0.05 2 0 0.001 0 9.81 35 35
0,250,2.42625,18.0674,-0.505921,1.86332
0,250,2.52883,18.556,0.0219748,1.67972
0,250,2.47491,19.0542,-0.130854,1.56292
0,250,2.51547,19.5531,0.0621621,1.67039
0,250,2.49447,20.0435,-0.000845785,1.58203
0,250,2.50731,20.5459,-0.00489599,1.62456
0,250,2.49918,21.0333,0.0168084,1.54807
0,250,2.50331,21.5354,-0.0634842,1.5794
0,250,2.49751,22.0236,0.0106361,1.45674
0,250,2.50093,22.524,-0.0985768,1.4609
0,250,2.4945,23.0137,0.0783408,1.37857
0,250,2.49922,23.5126,-0.113373,1.42257
0,250,2.49274,24.0038,0.0846199,1.33232
0,250,2.49708,24.5012,-0.124064,1.42197
0,250,2.49248,24.9942,0.0402822,1.29699
0,250,2.49438,25.4902,-0.139539,1.37863
0,250,2.49315,25.9841,0.0321777,1.28052
0,250,2.49253,26.4788,-0.132067,1.30955
0,250,2.49487,26.9711,0.12596,1.24222
0,250,2.49383,27.4631,-0.0187603,1.26601
0,250,2.49862,27.9519,0.260994,1.24064
0,250,2.49913,28.4389,0.113895,1.25867
0,250,2.50505,28.9219,0.350191,1.25602
0,250,2.50943,29.3995,0.170759,1.19304
0,250,2.51823,29.8703,0.418084,1.12634
0,250,2.52788,30.3297,0.176216,0.943027
0,250,2.54702,30.7786,0.551327,0.800872
0,250,2.54526,31.2146,0.0242382,0.574504
0,250,2.59018,31.6425,0.745433,0.401065
0,250,2.56911,32.0544,0.337667,0.100407
0,250,2.99879,18.0094,-0.0254175,1.36762
0,250,3.0054,18.5357,-0.0293589,1.46479
0,250,3.00044,19.015,-0.0497518,1.35142
0,250,3.00773,19.5207,0.0917171,1.42508
0,250,3.00374,20.0113,0.00263068,1.29346
0,250,3.0078,20.51,0.070154,1.38062
0,250,3.006,20.9995,0.021575,1.22083
0,250,3.00796,21.4946,0.0703338,1.34123
0,250,3.00735,21.9813,0.0189996,1.05874
0,250,3.00818,22.4718,0.0608301,1.19397
0,250,3.00749,22.9572,0.0610426,0.908289
0,250,3.00795,23.4421,0.0498006,0.97448
0,250,3.00685,23.9252,0.0641265,0.753396
0,250,3.00736,24.4049,0.0713465,0.774547
0,250,3.00664,24.8852,0.050086,0.51247
0,250,3.00698,25.3604,0.094209,0.5209
0,250,3.00685,25.8376,0.0782455,0.230643
0,250,3.00728,26.3095,0.104513,0.241687
0,250,3.00695,26.7833,0.126547,-0.00794094
0,250,3.00827,27.2536,0.137861,0.0321655
0,250,3.00765,27.7246,0.178024,-0.106012
0,250,3.0109,28.1952,0.209746,-0.0139111
0,250,3.01166,28.6654,0.245007,-0.0334061
0,250,3.01865,29.1378,0.296257,0.0838861
0,250,3.02544,29.6101,0.350954,0.117479
0,250,3.03953,30.0867,0.39527,0.2044
0,250,3.05969,30.565,0.505735,0.171976
0,250,3.07612,31.0512,0.469137,0.210313
0,250,3.10521,31.5377,0.607106,0.0761084
0,250,3.12444,32.0408,0.834262,0.285996
0,250,3.50224,18.0188,0.00422454,1.42027
0,250,3.50756,18.5227,0.00734122,1.40755
0,250,3.49936,19.0162,0.00394659,1.37015
0,250,3.51411,19.5197,0.0247346,1.39727
0,250,3.50518,20.0097,0.0515925,1.29122
0,250,3.51675,20.5105,0.056262,1.36566
0,250,3.51024,20.999,0.104744,1.27104
0,250,3.51845,21.4969,0.0491198,1.3162
0,250,3.51332,21.9834,0.0975562,1.14733
0,250,3.52021,22.4778,0.0934104,1.24137
0,250,3.51622,22.9631,0.121771,1.03186
0,250,3.52248,23.4532,0.14269,1.08274
0,250,3.51948,23.9371,0.163629,0.982736
0,250,3.52543,24.4245,0.177575,0.943775
0,250,3.5231,24.9053,0.181909,0.856643
0,250,3.52845,25.3906,0.222637,0.834201
0,250,3.52712,25.8685,0.214087,0.671053
0,250,3.53144,26.3502,0.28316,0.682363
0,250,3.53138,26.8251,0.29404,0.485262
0,250,3.53499,27.3016,0.346548,0.471778
0,250,3.53579,27.7722,0.369369,0.344619
0,250,3.53944,28.2425,0.393409,0.26628
0,250,3.54102,28.7079,0.40965,0.209966
0,250,3.54532,29.173,0.421065,0.111636
0,250,3.5498,29.6357,0.427424,0.102171
0,250,3.5547,30.1012,0.492094,0.0315891
0,250,3.56766,30.5712,0.524574,0.0797488
0,250,3.57061,31.0458,0.568375,0.0412335
0,250,3.58677,31.5349,0.560182,0.0833057
0,250,3.6238,32.0151,0.873907,-0.0714083
0,250,4.00069,18.0209,0.00383282,1.37352
0,250,4.00524,18.5328,0.0263679,1.47353
0,250,4.00809,19.0203,0.0268891,1.37377
0,250,4.01105,19.5247,0.0638199,1.46425
0,250,4.01266,20.0152,0.0562291,1.33887
0,250,4.01672,20.5133,0.114707,1.41225
0,250,4.01847,21.0047,0.0896705,1.26614
0,250,4.02167,21.4978,0.14386,1.31275
0,250,4.02421,21.9881,0.158025,1.18845
0,250,4.02655,22.478,0.167159,1.20079
0,250,4.02914,22.9664,0.172788,1.07734
0,250,4.0307,23.453,0.2092,1.03128
0,250,4.0335,23.9386,0.206434,0.982459
0,250,4.03492,24.4226,0.24736,0.864498
0,250,4.03762,24.9049,0.270133,0.849906
0,250,4.04003,25.3871,0.301121,0.723634
0,250,4.04197,25.8664,0.324042,0.679963
0,250,4.0456,26.3466,0.372369,0.640031
0,250,4.04691,26.8244,0.380544,0.562247
0,250,4.05179,27.3026,0.466103,0.578613
0,250,4.05358,27.7791,0.471861,0.536807
0,250,4.05998,28.2557,0.572831,0.566297
0,250,4.06355,28.73,0.562631,0.517884
0,250,4.07054,29.204,0.638284,0.506742
0,250,4.07724,29.6748,0.599024,0.419697
0,250,4.08096,30.1435,0.629354,0.376216
0,250,4.09269,30.612,0.645312,0.294312
0,250,4.09016,31.0786,0.605181,0.26827
0,250,4.10142,31.5458,0.805579,0.251733
0,250,4.13624,32.0283,1.11701,0.143877
0,250,4.5021,18.0268,0.0121992,1.4481
0,250,4.50854,18.5294,0.0371527,1.44558
0,250,4.50761,19.0241,0.0455174,1.4167
0,250,4.51775,19.5256,0.105033,1.43224
0,250,4.51553,20.0175,0.0971217,1.36253
0,250,4.52557,20.5158,0.14677,1.37997
0,250,4.52307,21.0063,0.118395,1.32103
0,250,4.53198,21.501,0.203595,1.35465
0,250,4.53051,21.9905,0.158547,1.20407
0,250,4.53792,22.4812,0.252228,1.23019
0,250,4.53806,22.9689,0.224993,1.11251
0,250,4.54444,23.4569,0.322846,1.09425
0,250,4.54591,23.9419,0.284175,1.01808
0,250,4.55125,24.4279,0.388515,0.98084
0,250,4.5538,24.9094,0.358081,0.876529
0,250,4.55818,25.393,0.435491,0.835632
0,250,4.56115,25.8711,0.442849,0.699235
0,250,4.56521,26.3516,0.503242,0.656276
0,250,4.56816,26.8262,0.507534,0.510162
0,250,4.57202,27.3028,0.573292,0.474005
0,250,4.5751,27.7744,0.555307,0.384204
0,250,4.57851,28.2473,0.638393,0.352847
0,250,4.58363,28.718,0.615254,0.329765
0,250,4.58596,29.1892,0.717145,0.316893
0,250,4.5965,29.6617,0.719162,0.326333
0,250,4.59743,30.1326,0.773812,0.256484
0,250,4.61022,30.6069,0.786428,0.238809
0,250,4.6148,31.0754,0.746227,0.0624467
0,250,4.60983,31.5433,0.731163,0.0356277
0,250,4.64314,32.0187,1.21751,0.0413412
0,250,5.00153,18.0318,0.00801893,1.41896
0,250,5.00793,18.5369,0.0397207,1.48755
0,250,5.01251,19.0296,0.058547,1.43689
0,250,5.01705,19.5305,0.0807262,1.50509
0,250,5.0218,20.0234,0.127653,1.39987
0,250,5.02644,20.5198,0.149331,1.41885
0,250,5.03108,21.0119,0.21505,1.35135
0,250,5.03618,21.5046,0.207487,1.33024
0,250,5.04051,21.9949,0.269248,1.26442
0,250,5.04551,22.4851,0.28493,1.23002
0,250,5.04971,22.973,0.323506,1.17147
0,250,5.05424,23.4607,0.354467,1.06971
0,250,5.05842,23.9451,0.38872,1.06197
0,250,5.06296,24.4311,0.438922,0.962644
0,250,5.06725,24.9121,0.45573,0.896572
0,250,5.07195,25.3957,0.528863,0.855414
0,250,5.07646,25.8745,0.529166,0.753781
0,250,5.08108,26.3554,0.614281,0.750871
0,250,5.08608,26.833,0.618652,0.645001
0,250,5.09048,27.311,0.707509,0.651022
0,250,5.09648,27.7869,0.703456,0.565915
0,250,5.10003,28.2613,0.781397,0.549712
0,250,5.10752,28.7344,0.768626,0.452073
0,250,5.10876,29.2043,0.79534,0.395997
0,250,5.11804,29.6748,0.831965,0.333695
0,250,5.11833,30.143,0.80536,0.297887
0,250,5.12635,30.6125,0.9344,0.292442
0,250,5.13653,31.086,0.911537,0.25624
0,250,5.1324,31.5508,0.910196,0.142466
0,250,5.15322,32.0256,1.2818,0.0192764
0,250,5.50253,18.037,0.0232778,1.49873
0,250,5.51068,18.5399,0.0745314,1.49876
0,250,5.51363,19.0346,0.0773481,1.47103
0,250,5.52267,19.5354,0.160711,1.50022
0,250,5.52574,20.0277,0.127315,1.42451
0,250,5.53416,20.5251,0.230101,1.45145
0,250,5.53747,21.0166,0.190271,1.38958
0,250,5.54496,21.51,0.300726,1.38925
0,250,5.54867,22.0004,0.286332,1.30705
0,250,5.55587,22.4901,0.380308,1.26736
0,250,5.56,22.9785,0.380665,1.21009
0,250,5.56691,23.4657,0.467933,1.14923
0,250,5.57163,23.9515,0.495386,1.11114
0,250,5.57819,24.4366,0.54231,1.03418
0,250,5.58308,24.9187,0.587524,0.956312
0,250,5.58908,25.4016,0.626419,0.903352
0,250,5.59428,25.8802,0.662871,0.763691
0,250,5.59921,26.3601,0.697013,0.748947
0,250,5.60511,26.8359,0.723981,0.595815
0,250,5.60853,27.3124,0.758138,0.59223
0,250,5.61587,27.7862,0.8042,0.515963
0,250,5.61769,28.2602,0.827141,0.500396
0,250,5.62724,28.7333,0.896925,0.478092
0,250,5.62836,29.2059,0.892322,0.433521
0,250,5.63833,29.6777,0.963561,0.405099
0,250,5.6413,30.1485,0.918445,0.289822
0,250,5.64363,30.6166,0.937572,0.249668
0,250,5.65666,31.087,1.00636,0.164886
0,250,5.64986,31.5531,0.964209,0.105147
0,250,5.66534,32.0241,1.32895,0.0891528
0,250,6.00258,18.0447,0.0109517,1.49871
0,250,6.01151,18.5472,0.0487234,1.52759
0,250,6.01661,19.0419,0.104325,1.53403
0,250,6.02457,19.5417,0.122008,1.54484
0,250,6.02999,20.0351,0.2006,1.49322
0,250,6.03775,20.5313,0.226964,1.48765
0,250,6.04331,21.0231,0.3104,1.43302
0,250,6.05141,21.5162,0.321032,1.41292
0,250,6.05711,22.0063,0.376677,1.35421
0,250,6.06467,22.4967,0.416947,1.31343
0,250,6.07066,22.9843,0.477922,1.26069
0,250,6.07774,23.4722,0.527366,1.18386
0,250,6.08397,23.9569,0.565011,1.13705
0,250,6.0905,24.4424,0.619819,1.06433
0,250,6.09711,24.9241,0.665964,0.999747
0,250,6.1034,25.407,0.716346,0.935571
0,250,6.11037,25.8863,0.760265,0.845858
0,250,6.11609,26.3662,0.806317,0.810752
0,250,6.12357,26.8438,0.857109,0.715381
0,250,6.12833,27.3205,0.884708,0.689538
0,250,6.13604,27.796,0.928148,0.610481
0,250,6.13969,28.2692,0.926156,0.557075
0,250,6.14699,28.7415,0.998146,0.486713
0,250,6.15058,29.2122,0.960652,0.424363
0,250,6.15598,29.6818,1.07208,0.377147
0,250,6.16335,30.153,1.03909,0.353353
0,250,6.16322,30.6204,1.09214,0.282357
0,250,6.1771,31.0931,1.108,0.227512
0,250,6.17469,31.5581,1.08748,0.131485
0,250,6.18023,32.0277,1.37568,0.0219333
0,250,6.50313,18.0509,0.026835,1.55795
0,250,6.51328,18.5534,0.0921999,1.5935
0,250,6.51908,19.0488,0.117966,1.54718
0,250,6.52853,19.5486,0.171336,1.58152
0,250,6.53524,20.0417,0.205894,1.52961
0,250,6.54382,20.5384,0.260467,1.53863
0,250,6.55121,21.0304,0.285166,1.48985
0,250,6.55903,21.5236,0.355737,1.4481
0,250,6.56635,22.0137,0.417848,1.42957
0,250,6.57454,22.5038,0.504353,1.36073
0,250,6.58172,22.9919,0.54888,1.33595
0,250,6.59012,23.4793,0.615124,1.23498
0,250,6.59693,23.9648,0.672565,1.21082
0,250,6.60561,24.4497,0.732544,1.12395
0,250,6.61218,24.9321,0.77495,1.05476
0,250,6.6203,25.4142,0.814714,0.978096
0,250,6.62689,25.8934,0.865446,0.863647
0,250,6.63405,26.3725,0.889488,0.837062
0,250,6.64083,26.8489,0.965541,0.707221
0,250,6.64712,27.3251,0.968022,0.681586
0,250,6.65435,27.7993,1.07101,0.613472
0,250,6.66012,28.2735,1.04647,0.592763
0,250,6.66693,28.7457,1.14153,0.529204
0,250,6.67321,29.2183,1.09625,0.483552
0,250,6.67666,29.6873,1.14225,0.410865
0,250,6.68542,30.1581,1.13687,0.330462
0,250,6.6822,30.6246,1.11695,0.260553
0,250,6.69543,31.0942,1.22834,0.224569
0,250,6.69481,31.5602,1.22951,0.119958
0,250,6.69628,32.0286,1.43744,0.0875605
0,250,7.00354,18.0604,0.0235956,1.58982
0,250,7.0151,18.5626,0.0848517,1.62035
0,250,7.02117,19.0576,0.121932,1.619
0,250,7.03179,19.5571,0.204753,1.64085
0,250,7.03882,20.0508,0.258662,1.59735
0,250,7.04914,20.5471,0.310371,1.56897
0,250,7.0563,21.0388,0.367074,1.54348
0,250,7.06652,21.5318,0.444428,1.53425
0,250,7.07428,22.0224,0.493606,1.49943
0,250,7.08406,22.5125,0.550993,1.43574
0,250,7.09198,23.0001,0.622176,1.37305
0,250,7.10126,23.4876,0.670401,1.30145
0,250,7.10926,23.9727,0.750395,1.26578
0,250,7.11834,24.458,0.784209,1.16164
0,250,7.12634,24.9395,0.855393,1.10458
0,250,7.13527,25.4223,0.901092,1.02667
0,250,7.14334,25.9009,0.984436,0.937416
0,250,7.1519,26.3805,1.01586,0.891871
0,250,7.15957,26.8569,1.08185,0.789806
0,250,7.16742,27.3335,1.10566,0.758253
0,250,7.1738,27.8072,1.16645,0.668815
0,250,7.18161,28.281,1.17468,0.6167
0,250,7.18585,28.7518,1.23393,0.535663
0,250,7.19495,29.2233,1.25055,0.487751
0,250,7.19654,29.6918,1.30171,0.398181
0,250,7.20788,30.1623,1.32556,0.369066
0,250,7.20569,30.6284,1.28725,0.265195
0,250,7.21629,31.0976,1.28439,0.187412
0,250,7.21978,31.563,1.30122,0.0931016
0,250,7.2151,32.0297,1.4589,0.0156232
0,250,7.50406,18.0686,0.0303302,1.65626
0,250,7.51681,18.5706,0.105933,1.69176
0,250,7.52377,19.0664,0.171167,1.66676
0,250,7.53598,19.566,0.21764,1.70374
0,250,7.54401,20.0597,0.266917,1.6317
0,250,7.55476,20.5559,0.328517,1.64025
0,250,7.5639,21.0481,0.426121,1.62823
0,250,7.57432,21.5416,0.469903,1.56769
0,250,7.58372,22.0312,0.545817,1.55053
0,250,7.59373,22.5218,0.619368,1.50099
0,250,7.60319,23.0093,0.697773,1.46086
0,250,7.61341,23.4972,0.78031,1.36698
0,250,7.6226,23.9821,0.829544,1.32744
0,250,7.63293,24.4671,0.888513,1.21439
0,250,7.64142,24.949,0.941527,1.17446
0,250,7.65171,25.4313,1.00096,1.09286
0,250,7.65951,25.9098,1.05766,0.991413
0,250,7.66962,26.3891,1.11909,0.942352
0,250,7.67678,26.8646,1.1988,0.826896
0,250,7.68684,27.3408,1.24671,0.791826
0,250,7.69328,27.814,1.32248,0.693372
0,250,7.70329,28.2875,1.35125,0.661294
0,250,7.70808,28.758,1.38735,0.547449
0,250,7.71781,29.2296,1.39164,0.525273
0,250,7.7193,29.6973,1.37058,0.425048
0,250,7.72882,30.1665,1.42099,0.371852
0,250,7.72731,30.6326,1.39023,0.255815
0,250,7.73654,31.1002,1.52261,0.218448
0,250,7.74227,31.564,1.60049,0.0790306
0,250,7.73402,32.0307,1.65898,0.0198296
0,250,8.00434,18.0801,0.0302167,1.69474
0,250,8.01823,18.5817,0.110501,1.76174
0,250,8.02609,19.0775,0.155729,1.7335
0,250,8.03905,19.5768,0.218503,1.74476
0,250,8.04774,20.0703,0.310226,1.72624
0,250,8.0603,20.5669,0.407857,1.72348
0,250,8.06994,21.0589,0.442465,1.68855
0,250,8.08175,21.5521,0.525199,1.65495
0,250,8.09169,22.0423,0.608193,1.65862
0,250,8.10352,22.5326,0.70407,1.58147
0,250,8.11348,23.02,0.770471,1.52881
0,250,8.12504,23.5076,0.823812,1.43041
0,250,8.13454,23.9924,0.892353,1.38125
0,250,8.14617,24.4776,0.96728,1.28262
0,250,8.15574,24.9588,1.04475,1.22905
0,250,8.16738,25.4413,1.10177,1.1431
0,250,8.17671,25.9191,1.17569,1.0574
0,250,8.18798,26.3984,1.24561,1.01824
0,250,8.19654,26.8734,1.31103,0.895719
0,250,8.20731,27.3497,1.38089,0.869595
0,250,8.21405,27.8219,1.41714,0.751509
0,250,8.22434,28.2956,1.48256,0.717636
0,250,8.22909,28.7653,1.51298,0.587409
0,250,8.23979,29.2359,1.59051,0.53277
0,250,8.24289,29.7029,1.59344,0.395638
0,250,8.25326,30.171,1.6439,0.349179
0,250,8.25404,30.6358,1.58424,0.276422
0,250,8.2593,31.1015,1.51861,0.180131
0,250,8.2686,31.5655,1.57589,0.0511382
0,250,8.2544,32.0302,1.58949,-0.019097
0,250,8.50501,18.09,0.0432545,1.77893
0,250,8.5208,18.5918,0.150926,1.83087
0,250,8.52895,19.088,0.214718,1.78264
0,250,8.5436,19.5871,0.340641,1.84962
0,250,8.55316,20.0816,0.401086,1.80978
0,250,8.56668,20.5777,0.448594,1.76419
0,250,8.57678,21.0699,0.54267,1.75309
0,250,8.58993,21.5633,0.624675,1.72187
0,250,8.60091,22.0531,0.691273,1.72762
0,250,8.61343,22.5439,0.7633,1.66516
0,250,8.62469,23.0311,0.836352,1.58636
0,250,8.63702,23.5188,0.914664,1.49561
0,250,8.64833,24.0034,0.993948,1.4671
0,250,8.66068,24.4887,1.06596,1.35848
0,250,8.67132,24.97,1.12369,1.30476
0,250,8.68368,25.4524,1.21121,1.22202
0,250,8.69358,25.9301,1.27147,1.14625
0,250,8.70588,26.4095,1.36597,1.09884
0,250,8.71507,26.8842,1.42937,0.982356
0,250,8.72716,27.3598,1.53043,0.929074
0,250,8.73569,27.8315,1.5952,0.783952
0,250,8.7473,28.3035,1.67432,0.744102
0,250,8.75423,28.7725,1.68601,0.581526
0,250,8.76386,29.2419,1.71365,0.563958
0,250,8.76833,29.709,1.69602,0.467157
0,250,8.77547,30.176,1.77257,0.418149
0,250,8.77846,30.6401,1.76771,0.227733
0,250,8.78456,31.1055,1.90924,0.169516
0,250,8.79604,31.566,2.0838,0.0454564
0,250,8.7775,32.0309,1.92805,-0.0716453
0,250,9.00517,18.104,0.0371741,1.84887
0,250,9.02133,18.605,0.135493,1.92723
0,250,9.03028,19.1014,0.207567,1.90898
0,250,9.04631,19.6005,0.280631,1.92608
0,250,9.05632,20.0943,0.342654,1.8502
0,250,9.0712,20.5907,0.457181,1.87936
0,250,9.0828,21.0832,0.562263,1.87757
0,250,9.09723,21.5768,0.654573,1.80614
0,250,9.10923,22.0665,0.733673,1.81321
0,250,9.123,22.557,0.829745,1.73681
0,250,9.13512,23.044,0.912952,1.67753
0,250,9.14882,23.5318,1.00986,1.58757
0,250,9.16071,24.0165,1.07279,1.53572
0,250,9.17448,24.5014,1.15939,1.42151
0,250,9.18622,24.9825,1.23714,1.38531
0,250,9.19996,25.4646,1.33666,1.29215
0,250,9.21174,25.9419,1.41407,1.21041
0,250,9.22515,26.4204,1.50902,1.16142
0,250,9.23629,26.8943,1.56581,1.03485
0,250,9.2488,27.3696,1.65971,1.02597
0,250,9.25838,27.8408,1.69288,0.875479
0,250,9.26959,28.3133,1.78356,0.851282
0,250,9.27765,28.7819,1.83343,0.662097
0,250,9.28825,29.2508,1.94914,0.580555
0,250,9.29517,29.7155,1.95529,0.41192
0,250,9.30393,30.1808,1.96582,0.333645
0,250,9.30879,30.6438,1.96564,0.326981
0,250,9.30997,31.1061,1.87308,0.238216
0,250,9.32365,31.5672,1.96506,0.0533669
0,250,9.29729,32.0298,1.81056,-0.0283754
0,250,9.50583,18.1152,0.0515271,1.93286
0,250,9.52464,18.6165,0.185464,2.00832
0,250,9.53452,19.1137,0.250469,1.94625
0,250,9.5515,19.6123,0.38643,2.00544
0,250,9.56229,20.1072,0.496612,1.97891
0,250,9.57871,20.6036,0.597404,1.96092
0,250,9.59032,21.096,0.649259,1.94125
0,250,9.60561,21.5893,0.745143,1.88123
0,250,9.618,22.079,0.827589,1.90102
0,250,9.63311,22.5699,0.914252,1.83491
0,250,9.64616,23.0571,0.99254,1.76353
0,250,9.66116,23.5448,1.08251,1.65811
0,250,9.67451,24.0293,1.16551,1.61573
0,250,9.68927,24.5144,1.27088,1.52023
0,250,9.70252,24.9954,1.3526,1.4783
0,250,9.71715,25.4778,1.453,1.39678
0,250,9.72977,25.9552,1.51799,1.32565
0,250,9.74405,26.4342,1.63107,1.2733
0,250,9.75623,26.9083,1.70719,1.15676
0,250,9.77001,27.3829,1.81986,1.087
0,250,9.78204,27.8534,1.89164,0.899127
0,250,9.79471,28.3231,1.97221,0.854335
0,250,9.8055,28.7905,2.01399,0.680785
0,250,9.81502,29.2571,2.04475,0.633134
0,250,9.82389,29.723,2.08529,0.509227
0,250,9.8299,30.1876,2.20879,0.490454
0,250,9.83675,30.6484,2.21958,0.235413
0,250,9.84241,31.1109,2.31275,0.103189
0,250,9.85898,31.5674,2.53651,0.0351103
0,250,9.82622,32.0297,2.09049,-0.119102
0,250,10.006,18.1322,0.0516638,2.04573
0,250,10.0247,18.6328,0.199634,2.13818
0,250,10.0345,19.1294,0.30687,2.10542
0,250,10.0532,19.6279,0.431945,2.14488
0,250,10.0649,20.1226,0.484586,2.05316
0,250,10.0824,20.6188,0.590199,2.05387
0,250,10.0953,21.1116,0.71433,2.04909
0,250,10.1123,21.6051,0.80769,1.98754
0,250,10.1261,22.0951,0.884127,1.98826
0,250,10.1427,22.5859,0.988365,1.90457
0,250,10.1569,23.0727,1.05818,1.85045
0,250,10.1729,23.5609,1.16721,1.7699
0,250,10.1873,24.0453,1.2718,1.72832
0,250,10.2035,24.5304,1.38549,1.61641
0,250,10.218,25.0114,1.4705,1.57653
0,250,10.234,25.4928,1.58559,1.46624
0,250,10.2488,25.9699,1.6891,1.39506
0,250,10.2645,26.4473,1.80108,1.33139
0,250,10.2789,26.9204,1.85511,1.19537
0,250,10.2935,27.3945,1.96261,1.19829
0,250,10.3067,27.8645,2.01558,1.00658
0,250,10.3198,28.3353,2.10329,0.997452
0,250,10.3315,28.8024,2.16049,0.787611
0,250,10.3435,29.2694,2.30681,0.680765
0,250,10.3537,29.7314,2.36169,0.521134
0,250,10.3628,30.193,2.32815,0.361964
0,250,10.3712,30.6542,2.38088,0.369631
0,250,10.3717,31.1125,2.36046,0.312996
0,250,10.3884,31.5696,2.52598,0.103029
0,250,10.3457,32.029,2.16588,-0.0172285
0,250,10.5065,18.1444,0.0562768,2.14561
0,250,10.5276,18.6448,0.195043,2.24541
0,250,10.5388,19.1431,0.23418,2.16445
0,250,10.5585,19.6417,0.354944,2.20374
0,250,10.5704,20.137,0.466331,2.15339
0,250,10.5897,20.6332,0.619178,2.19226
0,250,10.6026,21.1262,0.721408,2.15371
0,250,10.621,21.6195,0.861515,2.04658
0,250,10.635,22.1093,0.943774,2.08916
0,250,10.6525,22.6006,1.0609,2.0171
0,250,10.6677,23.0875,1.18323,1.93736
0,250,10.6856,23.5754,1.27819,1.86489
0,250,10.7011,24.0602,1.36779,1.83188
0,250,10.7189,24.5452,1.50199,1.71776
0,250,10.7347,25.0259,1.58636,1.66608
0,250,10.7523,25.5082,1.70926,1.61718
0,250,10.7677,25.9855,1.80483,1.54752
0,250,10.7853,26.464,1.93248,1.45706
0,250,10.8005,26.9376,2.0286,1.33829
0,250,10.8168,27.4112,2.1252,1.27409
0,250,10.832,27.8811,2.21072,1.03896
0,250,10.8472,28.3482,2.28453,0.9666
0,250,10.862,28.8142,2.38326,0.843722
0,250,10.8735,29.2769,2.43668,0.774606
0,250,10.8866,29.7406,2.48711,0.563471
0,250,10.8949,30.2025,2.66948,0.563049
0,250,10.9045,30.6594,2.70512,0.321622
0,250,10.9113,31.1174,2.72043,0.0942225
0,250,10.9319,31.5699,2.89093,0.0591822
0,250,10.8796,32.0284,2.14991,-0.0569498
0,250,11.0068,18.164,0.061234,2.27714
0,250,11.0282,18.664,0.24046,2.34872
0,250,11.0393,19.1614,0.339275,2.29049
0,250,11.0607,19.6593,0.498376,2.37607
0,250,11.0736,20.1552,0.606715,2.31156
0,250,11.094,20.651,0.768876,2.30157
0,250,11.1081,21.144,0.807518,2.27515
0,250,11.127,21.6382,0.907653,2.21153
0,250,11.1425,22.1281,1.03677,2.18289
0,250,11.1622,22.6193,1.14339,2.14156
0,250,11.1781,23.1068,1.23324,2.06278
0,250,11.1975,23.5952,1.36695,1.96334
0,250,11.2141,24.0796,1.47073,1.97093
0,250,11.2332,24.5652,1.61442,1.85837
0,250,11.2506,25.0462,1.7485,1.7839
0,250,11.2696,25.5271,1.84416,1.69164
0,250,11.2873,26.0045,1.93925,1.63092
0,250,11.3064,26.4811,2.09892,1.55704
0,250,11.324,26.9529,2.19055,1.36077
0,250,11.3425,27.4255,2.29717,1.36557
0,250,11.3592,27.8944,2.36947,1.144
0,250,11.3763,28.3634,2.48838,1.1537
0,250,11.391,28.8281,2.51423,0.974056
0,250,11.4069,29.2932,2.64714,0.807302
0,250,11.42,29.7533,2.76837,0.723677
0,250,11.4316,30.2102,2.75712,0.498301
0,250,11.4426,30.6682,2.81085,0.396595
0,250,11.4474,31.1221,2.93607,0.323366
0,250,11.4673,31.574,3.26814,0.159212
0,250,11.4031,32.0277,2.60503,-0.0456081
0,250,11.5069,18.1773,0.0636876,2.40637
0,250,11.5295,18.6766,0.228598,2.49519
0,250,11.5413,19.1763,0.275551,2.37863
0,250,11.5638,19.6749,0.399564,2.45342
0,250,11.577,20.1708,0.493613,2.44625
0,250,11.5987,20.667,0.679625,2.42093
0,250,11.6138,21.1598,0.830511,2.28696
0,250,11.6357,21.6532,0.917709,2.28505
0,250,11.651,22.1446,1.03201,2.33914
0,250,11.672,22.6358,1.21722,2.22572
0,250,11.6892,23.1228,1.32455,2.16229
0,250,11.7098,23.6116,1.46399,2.10475
0,250,11.7279,24.0959,1.59717,2.06755
0,250,11.7492,24.5816,1.75041,2.00648
0,250,11.7672,25.0622,1.85197,1.8705
0,250,11.789,25.5445,1.97772,1.80692
0,250,11.8076,26.0219,2.10152,1.80729
0,250,11.8292,26.5,2.22875,1.72227
0,250,11.8477,26.9734,2.34074,1.53142
0,250,11.8684,27.4458,2.45457,1.46931
0,250,11.8865,27.9159,2.57893,1.24761
0,250,11.9057,28.3802,2.61218,1.081
0,250,11.9244,28.8458,2.72844,1.01712
0,250,11.9408,29.3045,2.9012,0.991563
0,250,11.9575,29.7638,2.93242,0.658382
0,250,11.9716,30.2217,3.08613,0.587043
0,250,11.9844,30.6753,3.14518,0.481997
0,250,11.9933,31.1277,3.13043,0.281113
0,250,12.0158,31.5759,3.18688,0.188991
0,250,11.9397,32.0299,2.33478,0.12978
0,250,12.0073,18.1987,0.0533324,2.53879
0,250,12.0309,18.6978,0.203215,2.58357
0,250,12.0438,19.1973,0.324324,2.49305
0,250,12.0672,19.6946,0.466133,2.60419
0,250,12.0808,20.1917,0.55657,2.60207
0,250,12.1039,20.6876,0.724987,2.64324
0,250,12.1189,21.1821,0.838404,2.49945
0,250,12.1417,21.6757,1.0472,2.41617
0,250,12.1589,22.1658,1.11263,2.49084
0,250,12.1807,22.6586,1.29587,2.44851
0,250,12.1993,23.146,1.45463,2.27431
0,250,12.2217,23.6349,1.51364,2.24372
0,250,12.2406,24.1205,1.67931,2.27751
0,250,12.2634,24.6059,1.84749,2.14208
0,250,12.2834,25.0878,1.95776,2.00596
0,250,12.3064,25.5691,2.11145,1.97017
0,250,12.327,26.0469,2.24129,1.89663
0,250,12.3508,26.5229,2.36835,1.81636
0,250,12.3717,26.9945,2.50817,1.589
0,250,12.3954,27.465,2.65519,1.59589
0,250,12.4154,27.9325,2.70015,1.27884
0,250,12.4399,28.4,2.88719,1.25206
0,250,12.4578,28.8617,2.95786,1.25498
0,250,12.4794,29.3235,2.99999,0.981536
0,250,12.4958,29.7827,3.09359,0.914515
0,250,12.5124,30.2358,3.22596,0.730266
0,250,12.5249,30.6881,3.30211,0.462815
0,250,12.54,31.1361,3.57566,0.242585
0,250,12.5649,31.5808,4.08594,0.202233
0,250,12.4733,32.0259,2.88942,-0.0881702
0,250,12.5073,18.2131,0.0710553,2.65005
0,250,12.5321,18.7118,0.298858,2.77458
0,250,12.5437,19.213,0.425298,2.63254
0,250,12.5692,19.7106,0.623368,2.66253
0,250,12.5835,20.2083,0.690157,2.71277
0,250,12.6087,20.7041,0.875234,2.66969
0,250,12.625,21.1978,0.865844,2.57426
0,250,12.6484,21.6926,1.05579,2.55835
0,250,12.6669,22.1833,1.14234,2.54547
0,250,12.6897,22.6756,1.27055,2.63062
0,250,12.7092,23.1645,1.4805,2.35766
0,250,12.7341,23.6524,1.60892,2.32846
0,250,12.754,24.1379,1.74404,2.43893
0,250,12.7792,24.6243,1.95999,2.29024
0,250,12.8008,25.1053,2.11999,2.09113
0,250,12.8265,25.5874,2.22524,2.10854
0,250,12.8484,26.0659,2.37363,2.04601
0,250,12.8758,26.5434,2.54836,1.98981
0,250,12.8975,27.0167,2.68491,1.80286
0,250,12.9244,27.4875,2.7462,1.63079
0,250,12.9466,27.9598,2.90702,1.50952
0,250,12.9714,28.4215,3.02958,1.33354
0,250,12.993,28.8865,3.05474,1.19404
0,250,13.0182,29.3428,3.33241,1.14647
0,250,13.0382,29.7967,3.43743,0.823562
0,250,13.0611,30.2474,3.52317,0.652386
0,250,13.0786,30.6984,3.55069,0.70595
0,250,13.0923,31.1451,3.57748,0.681596
0,250,13.115,31.5889,3.5173,0.37605
0,250,13.0119,32.037,2.83244,0.25972
0,250,13.0075,18.2366,0.0961703,2.87717
0,250,13.0326,18.7335,0.359543,2.88905
0,250,13.0453,19.2359,0.250436,2.78475
0,250,13.0712,19.7342,0.524919,2.88508
0,250,13.0866,20.2323,0.592446,2.88201
0,250,13.1113,20.7291,0.816295,2.85475
0,250,13.1294,21.2233,0.927251,2.701
0,250,13.1544,21.7183,1.12193,2.77269
0,250,13.1741,22.2093,1.28445,2.6576
0,250,13.199,22.7013,1.35812,2.83078
0,250,13.2189,23.1928,1.54463,2.60753
0,250,13.2452,23.6805,1.76045,2.4929
0,250,13.2669,24.1671,1.83226,2.62959
0,250,13.2929,24.6542,2.00516,2.56737
0,250,13.3161,25.1374,2.25305,2.25063
0,250,13.3441,25.6182,2.2944,2.24143
0,250,13.3678,26.0994,2.50868,2.28595
0,250,13.3968,26.5741,2.68446,2.14056
0,250,13.4212,27.0468,2.76306,1.82166
0,250,13.4524,27.5172,3.00242,1.84588
0,250,13.4762,27.9832,3.12589,1.58064
0,250,13.5091,28.4477,3.24404,1.33414
0,250,13.5329,28.9076,3.39138,1.49213
0,250,13.5628,29.3648,3.49125,1.27353
0,250,13.5829,29.8205,3.47338,1.08857
0,250,13.6089,30.2721,3.77014,0.963416
0,250,13.6224,30.7171,3.88197,0.579022
0,250,13.653,31.1578,4.27392,0.102646
0,250,13.6842,31.5912,4.92145,0.247951
0,250,13.5606,32.0251,2.99663,-0.0541839
0,250,13.5068,18.2509,0.073479,3.09927
0,250,13.5312,18.7492,0.299418,2.92699
0,250,13.5488,19.252,0.410901,2.82842
0,250,13.5729,19.7502,0.663062,3.05055
0,250,13.5912,20.2491,0.726442,2.91086
0,250,13.6173,20.7446,0.759978,2.9693
0,250,13.6351,21.2416,0.961203,2.84645
0,250,13.662,21.735,1.1507,2.94885
0,250,13.6802,22.2288,1.32125,2.74891
0,250,13.7077,22.7185,1.45517,2.87196
0,250,13.7282,23.2117,1.56114,2.78602
0,250,13.7557,23.6995,1.78158,2.62551
0,250,13.7796,24.1865,1.94033,2.64544
0,250,13.8083,24.6724,2.05202,2.78147
0,250,13.8322,25.1575,2.31532,2.36317
0,250,13.8649,25.6381,2.5038,2.32281
0,250,13.8895,26.1184,2.63398,2.49075
0,250,13.9233,26.5959,2.82211,2.19015
0,250,13.9503,27.0699,2.97811,2.06415
0,250,13.9845,27.5398,3.1622,1.9744
0,250,14.0112,28.0124,3.22053,1.71451
0,250,14.0469,28.4749,3.48636,1.60075
0,250,14.0707,28.9385,3.54272,1.55115
0,250,14.1069,29.393,3.76444,1.27075
0,250,14.131,29.8443,3.94709,1.07306
0,250,14.1662,30.286,4.05928,0.906463
0,250,14.1885,30.7329,4.0363,0.919789
0,250,14.2163,31.1729,4.19029,1.12415
0,250,14.2393,31.6095,4.07614,0.518291
0,250,14.1053,32.0478,3.67861,0.175595
0,250,14.0071,18.2728,0.0236443,3.22376
0,250,14.0323,18.7758,0.13691,3.18286
0,250,14.0484,19.2781,0.450928,3.16355
0,250,14.0737,19.7751,0.57861,3.20745
0,250,14.0922,20.28,0.674487,2.97557
0,250,14.1207,20.7712,0.858909,3.15865
0,250,14.1388,21.272,1.0729,3.11636
0,250,14.1673,21.7625,1.2003,3.11778
0,250,14.1868,22.2587,1.38785,2.98397
0,250,14.2162,22.7493,1.51083,3.03328
0,250,14.2374,23.2434,1.67039,2.97303
0,250,14.2674,23.7325,1.81669,2.91681
0,250,14.2908,24.2224,2.12986,2.8844
0,250,14.3226,24.7069,2.16128,2.9265
0,250,14.3472,25.1971,2.37802,2.76703
0,250,14.3805,25.6769,2.6522,2.51825
0,250,14.4087,26.1601,2.69461,2.6758
0,250,14.4431,26.6382,2.93853,2.51124
0,250,14.4739,27.1126,3.18628,2.24185
0,250,14.5107,27.5829,3.25607,2.14646
0,250,14.5437,28.0532,3.58045,1.96786
0,250,14.5832,28.5136,3.75324,1.6986
0,250,14.6163,28.9714,3.84721,1.66942
0,250,14.6587,29.4259,4.14086,1.60731
0,250,14.6854,29.8719,4.09927,1.22653
0,250,14.7275,30.3216,4.46966,1.12847
0,250,14.7444,30.7569,4.58739,0.698741
0,250,14.7922,31.1903,4.97956,0.061642
0,250,14.8281,31.6114,5.57796,0.385122
0,250,14.6737,32.0308,3.24696,0.140601
0,250,14.5084,18.2889,0.0648595,3.26645
0,250,14.5366,18.7896,0.309178,3.357
0,250,14.5445,19.2934,0.387836,3.26662
0,250,14.5834,19.7926,0.512454,3.24959
0,250,14.5925,20.2968,0.774752,3.21164
0,250,14.6288,20.7887,1.04712,3.30958
0,250,14.6425,21.2895,1.09565,3.19014
0,250,14.6753,21.7801,1.23155,3.21146
0,250,14.6923,22.2787,1.38195,3.1152
0,250,14.725,22.7672,1.57155,3.10392
0,250,14.7449,23.2634,1.69772,3.10271
0,250,14.7781,23.7516,1.95101,3.09985
0,250,14.8009,24.2424,2.11217,3.02653
0,250,14.8359,24.7281,2.34274,2.92015
0,250,14.863,25.2156,2.4275,2.96405
0,250,14.8985,25.7004,2.73552,2.61983
0,250,14.9309,26.1797,2.8647,2.72182
0,250,14.9692,26.6618,3.13211,2.75404
0,250,15.0029,27.134,3.30081,2.26192
0,250,15.0475,27.6087,3.56272,2.31135
0,250,15.0805,28.0776,3.71796,2.19079
0,250,15.1293,28.5429,3.93127,1.76508
0,250,15.162,29.0054,4.16149,2.00943
0,250,15.2105,29.4565,4.23137,1.52142
0,250,15.2418,29.9117,4.45336,1.51406
0,250,15.291,30.3445,4.64289,1.49555
0,250,15.3157,30.788,4.57946,1.0296
0,250,15.3759,31.2151,5.11146,1.20859
0,250,15.4071,31.6352,5.16819,0.444152
0,250,15.2377,32.0564,4.43098,0.0203385
0,250,15.007,18.316,0.0798837,3.54048
0,250,15.028,18.8062,0.298971,3.52163
0,250,15.0373,19.3295,0.306979,3.37178
0,250,15.082,19.8242,0.5557,3.57692
0,250,15.0919,20.3258,0.793659,3.55669
0,250,15.132,20.8245,0.965761,3.40435
0,250,15.1451,21.3184,1.03617,3.38263
0,250,15.1802,21.8147,1.30806,3.39432
0,250,15.1987,22.3097,1.37287,3.38571
0,250,15.2311,22.8039,1.67512,3.32033
0,250,15.2548,23.2979,1.76964,3.37107
0,250,15.286,23.7899,2.0414,3.34627
0,250,15.3139,24.2814,2.13828,3.3143
0,250,15.3461,24.7711,2.46048,3.20116
0,250,15.3784,25.26,2.56672,3.20532
0,250,15.4124,25.7474,2.79999,2.98252
0,250,15.4492,26.2323,3.09547,3.07111
0,250,15.4863,26.7123,3.16628,2.99489
0,250,15.5278,27.1955,3.52372,2.73739
0,250,15.5695,27.6662,3.77227,2.66235
0,250,15.616,28.1434,3.93091,2.42093
0,250,15.6626,28.6066,4.36518,2.35112
0,250,15.7104,29.0639,4.38415,1.92688
0,250,15.7664,29.5193,4.86965,2.0031
0,250,15.8074,29.9525,4.8981,1.32628
0,250,15.873,30.3942,5.16319,1.05013
0,250,15.9022,30.8139,5.28819,0.960169
0,250,15.9714,31.2361,5.62889,0.526162
0,250,16.0105,31.6518,5.94258,0.676576
0,250,15.8206,32.0494,3.94238,0.190365
0,250,15.5066,18.3267,0.0293834,3.61422
0,250,15.5313,18.8144,0.120977,3.55677
0,250,15.549,19.3516,0.27276,3.50474
0,250,15.584,19.8459,0.670546,3.76314
0,250,15.607,20.344,0.687896,3.67556
0,250,15.6336,20.8425,0.965374,3.49928
0,250,15.6556,21.3356,1.03473,3.56891
0,250,15.6834,21.8344,1.34371,3.50306
0,250,15.7073,22.3271,1.38174,3.49911
0,250,15.7359,22.824,1.71352,3.49679
0,250,15.7635,23.3167,1.82746,3.47874
0,250,15.7932,23.8106,2.09247,3.47554
0,250,15.8241,24.3016,2.28295,3.45025
0,250,15.8566,24.7931,2.50144,3.35286
0,250,15.891,25.2814,2.70054,3.23539
0,250,15.9286,25.772,2.90282,3.21239
0,250,15.9668,26.2536,3.17707,3.09421
0,250,16.0108,26.741,3.35727,3.09797
0,250,16.0539,27.2157,3.68425,2.9412
0,250,16.1041,27.6975,3.87107,2.58631
0,250,16.1535,28.1652,4.27982,2.77183
0,250,16.2101,28.6349,4.33905,2.10425
0,250,16.264,29.097,4.79552,2.50387
0,250,16.3282,29.5439,4.87369,1.92469
0,250,16.3779,30.0032,5.09124,2.02318
0,250,16.4491,30.4306,5.52707,2.07604
0,250,16.483,30.8716,5.57278,1.21879
0,250,16.5849,31.2817,6.48947,0.972718
0,250,16.6337,31.6734,7.09377,0.341815
0,250,16.4467,32.0525,5.23661,-0.154823
0,250,16.0074,18.3524,0.0357863,3.72861
0,250,16.0348,18.845,0.15382,3.70189
0,250,16.0531,19.3859,0.34106,3.98716
0,250,16.0839,19.884,0.71016,3.99569
0,250,16.1109,20.3767,0.67498,3.82286
0,250,16.1362,20.8744,0.982207,3.77845
0,250,16.1611,21.3694,1.09384,3.77638
0,250,16.1868,21.8676,1.37942,3.74629
0,250,16.2132,22.3632,1.49258,3.75482
0,250,16.2414,22.8616,1.77368,3.79225
0,250,16.2699,23.3556,1.90881,3.72891
0,250,16.3003,23.8519,2.19838,3.82262
0,250,16.3323,24.3454,2.3438,3.68706
0,250,16.366,24.8394,2.54473,3.6493
0,250,16.4025,25.3328,2.77237,3.56531
0,250,16.4407,25.8243,3.04134,3.54052
0,250,16.4819,26.3144,3.24755,3.51747
0,250,16.5269,26.8019,3.66359,3.5012
0,250,16.5733,27.2888,3.68842,3.31119
0,250,16.6294,27.7718,4.3423,3.31867
0,250,16.6806,28.252,4.29649,2.93872
0,250,16.7517,28.7288,5.03955,3.06961
0,250,16.8072,29.1917,5.04843,2.52837
0,250,16.8928,29.6557,5.56641,2.41548
0,250,16.9532,30.0887,5.71227,1.93201
0,250,17.0474,30.5253,5.97792,1.53825
0,250,17.0994,30.9209,6.08109,1.50336
0,250,17.2325,31.3244,6.84981,1.05409
0,250,17.3218,31.7156,7.86641,1.12641
0,250,17.0659,32.0611,5.26444,0.25836
0,250,16.5116,18.3693,0.0824634,3.81996
0,250,16.5596,18.8646,0.413155,3.81016
0,250,16.5811,19.3988,0.537924,4.13893
0,250,16.6004,19.9014,0.611833,4.0165
0,250,16.6186,20.394,0.75258,3.93723
0,250,16.6424,20.8903,0.952741,3.94886
0,250,16.6649,21.3868,1.1843,3.96494
0,250,16.6923,21.8853,1.38371,3.88304
0,250,16.7174,22.3817,1.62311,3.89984
0,250,16.7469,22.88,1.79093,3.90754
0,250,16.774,23.3753,2.01794,3.89268
0,250,16.8072,23.8727,2.1859,3.92182
0,250,16.8378,24.367,2.36624,3.78303
0,250,16.8754,24.8631,2.61093,3.79577
0,250,16.9109,25.3568,2.85781,3.74715
0,250,16.953,25.8505,3.13153,3.65596
0,250,16.995,26.3419,3.41523,3.76904
0,250,17.0436,26.831,3.63082,3.46406
0,250,17.0952,27.321,3.97112,3.61218
0,250,17.1514,27.8028,4.20584,3.26449
0,250,17.2157,28.2894,4.64233,3.28426
0,250,17.2815,28.7601,4.98767,3.08382
0,250,17.3624,29.2354,5.43523,2.84477
0,250,17.4473,29.689,6.04029,2.69499
0,250,17.5416,30.1407,6.45444,2.39564
0,250,17.6669,30.5658,7.22311,1.98366
0,250,17.7484,30.9793,7.28625,1.74681
0,250,17.8702,31.3798,7.18868,1.82349
0,250,18.0335,31.7843,7.62538,1.44816
0,250,17.7845,32.0292,6.84237,0.309453
0,250,17.0132,18.4171,0.101385,4.16579
0,250,17.0625,18.917,0.45729,4.17294
0,250,17.0839,19.4234,0.582468,4.23577
0,250,17.1041,19.9237,0.691706,4.20005
0,250,17.1197,20.4222,0.890916,4.19411
0,250,17.1456,20.9212,1.06274,4.18776
0,250,17.167,21.4203,1.24204,4.19797
0,250,17.1954,21.9199,1.40985,4.16292
0,250,17.2194,22.4185,1.64834,4.17731
0,250,17.2504,22.9181,1.8143,4.15677
0,250,17.2775,23.4163,2.03426,4.16688
0,250,17.3119,23.9157,2.19889,4.14784
0,250,17.3429,24.4132,2.43533,4.12154
0,250,17.3814,24.9126,2.69165,4.11683
0,250,17.4172,25.4093,2.9248,4.09122
0,250,17.461,25.9082,3.22696,4.06274
0,250,17.5035,26.4035,3.47557,4.07884
0,250,17.5555,26.9014,3.79103,3.9529
0,250,17.6074,27.395,4.17818,4.03637
0,250,17.6713,27.8911,4.52025,3.80114
0,250,17.7369,28.3813,5.05664,3.93392
0,250,17.8193,28.8748,5.46339,3.61397
0,250,17.9056,29.3554,6.07676,3.70148
0,250,18.0204,29.8479,6.62921,3.37528
0,250,18.1381,30.3002,7.17472,3.2319
0,250,18.2993,30.7923,7.70692,2.50037
0,250,18.443,31.1444,7.64256,0.625278
0,250,18.5982,31.4466,9.14255,0.490046
0,250,18.8577,31.7745,10.2218,0.50686
0,250,18.6577,32.0775,7.09539,-1.50952
1,250,1.5,1.5,0,0
1,250,1.5,2,0,0
1,250,32.5,1.5,0,0
1,250,33,1.5,0,0
1,250,2.5,32.5,0,0
1,250,2.5,33,0,0
1,250,1.5,2.5,0,0
1,250,2,2.5,0,0
1,250,2,1.5,0,0
1,250,2,2,0,0
1,250,32.5,2,0,0
1,250,33,2,0,0
1,250,3,32.5,0,0
1,250,3,33,0,0
1,250,1.5,3,0,0
1,250,2,3,0,0
1,250,2.5,1.5,0,0
1,250,2.5,2,0,0
1,250,32.5,2.5,0,0
1,250,33,2.5,0,0
1,250,3.5,32.5,0,0
1,250,3.5,33,0,0
1,250,1.5,3.5,0,0
1,250,2,3.5,0,0
1,250,3,1.5,0,0
1,250,3,2,0,0
1,250,32.5,3,0,0
1,250,33,3,0,0
1,250,4,32.5,0,0
1,250,4,33,0,0
1,250,1.5,4,0,0
1,250,2,4,0,0
1,250,3.5,1.5,0,0
1,250,3.5,2,0,0
1,250,32.5,3.5,0,0
1,250,33,3.5,0,0
1,250,4.5,32.5,0,0
1,250,4.5,33,0,0
1,250,1.5,4.5,0,0
1,250,2,4.5,0,0
1,250,4,1.5,0,0
1,250,4,2,0,0
1,250,32.5,4,0,0
1,250,33,4,0,0
1,250,5,32.5,0,0
1,250,5,33,0,0
1,250,1.5,5,0,0
1,250,2,5,0,0
1,250,4.5,1.5,0,0
1,250,4.5,2,0,0
1,250,32.5,4.5,0,0
1,250,33,4.5,0,0
1,250,5.5,32.5,0,0
1,250,5.5,33,0,0
1,250,1.5,5.5,0,0
1,250,2,5.5,0,0
1,250,5,1.5,0,0
1,250,5,2,0,0
1,250,32.5,5,0,0
1,250,33,5,0,0
1,250,6,32.5,0,0
1,250,6,33,0,0
1,250,1.5,6,0,0
1,250,2,6,0,0
1,250,5.5,1.5,0,0
1,250,5.5,2,0,0
1,250,32.5,5.5,0,0
1,250,33,5.5,0,0
1,250,6.5,32.5,0,0
1,250,6.5,33,0,0
1,250,1.5,6.5,0,0
1,250,2,6.5,0,0
1,250,6,1.5,0,0
1,250,6,2,0,0
1,250,32.5,6,0,0
1,250,33,6,0,0
1,250,7,32.5,0,0
1,250,7,33,0,0
1,250,1.5,7,0,0
1,250,2,7,0,0
1,250,6.5,1.5,0,0
1,250,6.5,2,0,0
1,250,32.5,6.5,0,0
1,250,33,6.5,0,0
1,250,7.5,32.5,0,0
1,250,7.5,33,0,0
1,250,1.5,7.5,0,0
1,250,2,7.5,0,0
1,250,7,1.5,0,0
1,250,7,2,0,0
1,250,32.5,7,0,0
1,250,33,7,0,0
1,250,8,32.5,0,0
1,250,8,33,0,0
1,250,1.5,8,0,0
1,250,2,8,0,0
1,250,7.5,1.5,0,0
1,250,7.5,2,0,0
1,250,32.5,7.5,0,0
1,250,33,7.5,0,0
1,250,8.5,32.5,0,0
1,250,8.5,33,0,0
1,250,1.5,8.5,0,0
1,250,2,8.5,0,0
1,250,8,1.5,0,0
1,250,8,2,0,0
1,250,32.5,8,0,0
1,250,33,8,0,0
1,250,9,32.5,0,0
1,250,9,33,0,0
1,250,1.5,9,0,0
1,250,2,9,0,0
1,250,8.5,1.5,0,0
1,250,8.5,2,0,0
1,250,32.5,8.5,0,0
1,250,33,8.5,0,0
1,250,9.5,32.5,0,0
1,250,9.5,33,0,0
1,250,1.5,9.5,0,0
1,250,2,9.5,0,0
1,250,9,1.5,0,0
1,250,9,2,0,0
1,250,32.5,9,0,0
1,250,33,9,0,0
1,250,10,32.5,0,0
1,250,10,33,0,0
1,250,1.5,10,0,0
1,250,2,10,0,0
1,250,9.5,1.5,0,0
1,250,9.5,2,0,0
1,250,32.5,9.5,0,0
1,250,33,9.5,0,0
1,250,10.5,32.5,0,0
1,250,10.5,33,0,0
1,250,1.5,10.5,0,0
1,250,2,10.5,0,0
1,250,10,1.5,0,0
1,250,10,2,0,0
1,250,32.5,10,0,0
1,250,33,10,0,0
1,250,11,32.5,0,0
1,250,11,33,0,0
1,250,1.5,11,0,0
1,250,2,11,0,0
1,250,10.5,1.5,0,0
1,250,10.5,2,0,0
1,250,32.5,10.5,0,0
1,250,33,10.5,0,0
1,250,11.5,32.5,0,0
1,250,11.5,33,0,0
1,250,1.5,11.5,0,0
1,250,2,11.5,0,0
1,250,11,1.5,0,0
1,250,11,2,0,0
1,250,32.5,11,0,0
1,250,33,11,0,0
1,250,12,32.5,0,0
1,250,12,33,0,0
1,250,1.5,12,0,0
1,250,2,12,0,0
1,250,11.5,1.5,0,0
1,250,11.5,2,0,0
1,250,32.5,11.5,0,0
1,250,33,11.5,0,0
1,250,12.5,32.5,0,0
1,250,12.5,33,0,0
1,250,1.5,12.5,0,0
1,250,2,12.5,0,0
1,250,12,1.5,0,0
1,250,12,2,0,0
1,250,32.5,12,0,0
1,250,33,12,0,0
1,250,13,32.5,0,0
1,250,13,33,0,0
1,250,1.5,13,0,0
1,250,2,13,0,0
1,250,12.5,1.5,0,0
1,250,12.5,2,0,0
1,250,32.5,12.5,0,0
1,250,33,12.5,0,0
1,250,13.5,32.5,0,0
1,250,13.5,33,0,0
1,250,1.5,13.5,0,0
1,250,2,13.5,0,0
1,250,13,1.5,0,0
1,250,13,2,0,0
1,250,32.5,13,0,0
1,250,33,13,0,0
1,250,14,32.5,0,0
1,250,14,33,0,0
1,250,1.5,14,0,0
1,250,2,14,0,0
1,250,13.5,1.5,0,0
1,250,13.5,2,0,0
1,250,32.5,13.5,0,0
1,250,33,13.5,0,0
1,250,14.5,32.5,0,0
1,250,14.5,33,0,0
1,250,1.5,14.5,0,0
1,250,2,14.5,0,0
1,250,14,1.5,0,0
1,250,14,2,0,0
1,250,32.5,14,0,0
1,250,33,14,0,0
1,250,15,32.5,0,0
1,250,15,33,0,0
1,250,1.5,15,0,0
1,250,2,15,0,0
1,250,14.5,1.5,0,0
1,250,14.5,2,0,0
1,250,32.5,14.5,0,0
1,250,33,14.5,0,0
1,250,15.5,32.5,0,0
1,250,15.5,33,0,0
1,250,1.5,15.5,0,0
1,250,2,15.5,0,0
1,250,15,1.5,0,0
1,250,15,2,0,0
1,250,32.5,15,0,0
1,250,33,15,0,0
1,250,16,32.5,0,0
1,250,16,33,0,0
1,250,1.5,16,0,0
1,250,2,16,0,0
1,250,15.5,1.5,0,0
1,250,15.5,2,0,0
1,250,32.5,15.5,0,0
1,250,33,15.5,0,0
1,250,16.5,32.5,0,0
1,250,16.5,33,0,0
1,250,1.5,16.5,0,0
1,250,2,16.5,0,0
1,250,16,1.5,0,0
1,250,16,2,0,0
1,250,32.5,16,0,0
1,250,33,16,0,0
1,250,17,32.5,0,0
1,250,17,33,0,0
1,250,1.5,17,0,0
1,250,2,17,0,0
1,250,16.5,1.5,0,0
1,250,16.5,2,0,0
1,250,32.5,16.5,0,0
1,250,33,16.5,0,0
1,250,17.5,32.5,0,0
1,250,17.5,33,0,0
1,250,1.5,17.5,0,0
1,250,2,17.5,0,0
1,250,17,1.5,0,0
1,250,17,2,0,0
1,250,32.5,17,0,0
1,250,33,17,0,0
1,250,18,32.5,0,0
1,250,18,33,0,0
1,250,1.5,18,0,0
1,250,2,18,0,0
1,250,17.5,1.5,0,0
1,250,17.5,2,0,0
1,250,32.5,17.5,0,0
1,250,33,17.5,0,0
1,250,18.5,32.5,0,0
1,250,18.5,33,0,0
1,250,1.5,18.5,0,0
1,250,2,18.5,0,0
1,250,18,1.5,0,0
1,250,18,2,0,0
1,250,32.5,18,0,0
1,250,33,18,0,0
1,250,19,32.5,0,0
1,250,19,33,0,0
1,250,1.5,19,0,0
1,250,2,19,0,0
1,250,18.5,1.5,0,0
1,250,18.5,2,0,0
1,250,32.5,18.5,0,0
1,250,33,18.5,0,0
1,250,19.5,32.5,0,0
1,250,19.5,33,0,0
1,250,1.5,19.5,0,0
1,250,2,19.5,0,0
1,250,19,1.5,0,0
1,250,19,2,0,0
1,250,32.5,19,0,0
1,250,33,19,0,0
1,250,20,32.5,0,0
1,250,20,33,0,0
1,250,1.5,20,0,0
1,250,2,20,0,0
1,250,19.5,1.5,0,0
1,250,19.5,2,0,0
1,250,32.5,19.5,0,0
1,250,33,19.5,0,0
1,250,20.5,32.5,0,0
1,250,20.5,33,0,0
1,250,1.5,20.5,0,0
1,250,2,20.5,0,0
1,250,20,1.5,0,0
1,250,20,2,0,0
1,250,32.5,20,0,0
1,250,33,20,0,0
1,250,21,32.5,0,0
1,250,21,33,0,0
1,250,1.5,21,0,0
1,250,2,21,0,0
1,250,20.5,1.5,0,0
1,250,20.5,2,0,0
1,250,32.5,20.5,0,0
1,250,33,20.5,0,0
1,250,21.5,32.5,0,0
1,250,21.5,33,0,0
1,250,1.5,21.5,0,0
1,250,2,21.5,0,0
1,250,21,1.5,0,0
1,250,21,2,0,0
1,250,32.5,21,0,0
1,250,33,21,0,0
1,250,22,32.5,0,0
1,250,22,33,0,0
1,250,1.5,22,0,0
1,250,2,22,0,0
1,250,21.5,1.5,0,0
1,250,21.5,2,0,0
1,250,32.5,21.5,0,0
1,250,33,21.5,0,0
1,250,22.5,32.5,0,0
1,250,22.5,33,0,0
1,250,1.5,22.5,0,0
1,250,2,22.5,0,0
1,250,22,1.5,0,0
1,250,22,2,0,0
1,250,32.5,22,0,0
1,250,33,22,0,0
1,250,23,32.5,0,0
1,250,23,33,0,0
1,250,1.5,23,0,0
1,250,2,23,0,0
1,250,22.5,1.5,0,0
1,250,22.5,2,0,0
1,250,32.5,22.5,0,0
1,250,33,22.5,0,0
1,250,23.5,32.5,0,0
1,250,23.5,33,0,0
1,250,1.5,23.5,0,0
1,250,2,23.5,0,0
1,250,23,1.5,0,0
1,250,23,2,0,0
1,250,32.5,23,0,0
1,250,33,23,0,0
1,250,24,32.5,0,0
1,250,24,33,0,0
1,250,1.5,24,0,0
1,250,2,24,0,0
1,250,23.5,1.5,0,0
1,250,23.5,2,0,0
1,250,32.5,23.5,0,0
1,250,33,23.5,0,0
1,250,24.5,32.5,0,0
1,250,24.5,33,0,0
1,250,1.5,24.5,0,0
1,250,2,24.5,0,0
1,250,24,1.5,0,0
1,250,24,2,0,0
1,250,32.5,24,0,0
1,250,33,24,0,0
1,250,25,32.5,0,0
1,250,25,33,0,0
1,250,1.5,25,0,0
1,250,2,25,0,0
1,250,24.5,1.5,0,0
1,250,24.5,2,0,0
1,250,32.5,24.5,0,0
1,250,33,24.5,0,0
1,250,25.5,32.5,0,0
1,250,25.5,33,0,0
1,250,1.5,25.5,0,0
1,250,2,25.5,0,0
1,250,25,1.5,0,0
1,250,25,2,0,0
1,250,32.5,25,0,0
1,250,33,25,0,0
1,250,26,32.5,0,0
1,250,26,33,0,0
1,250,1.5,26,0,0
1,250,2,26,0,0
1,250,25.5,1.5,0,0
1,250,25.5,2,0,0
1,250,32.5,25.5,0,0
1,250,33,25.5,0,0
1,250,26.5,32.5,0,0
1,250,26.5,33,0,0
1,250,1.5,26.5,0,0
1,250,2,26.5,0,0
1,250,26,1.5,0,0
1,250,26,2,0,0
1,250,32.5,26,0,0
1,250,33,26,0,0
1,250,27,32.5,0,0
1,250,27,33,0,0
1,250,1.5,27,0,0
1,250,2,27,0,0
1,250,26.5,1.5,0,0
1,250,26.5,2,0,0
1,250,32.5,26.5,0,0
1,250,33,26.5,0,0
1,250,27.5,32.5,0,0
1,250,27.5,33,0,0
1,250,1.5,27.5,0,0
1,250,2,27.5,0,0
1,250,27,1.5,0,0
1,250,27,2,0,0
1,250,32.5,27,0,0
1,250,33,27,0,0
1,250,28,32.5,0,0
1,250,28,33,0,0
1,250,1.5,28,0,0
1,250,2,28,0,0
1,250,27.5,1.5,0,0
1,250,27.5,2,0,0
1,250,32.5,27.5,0,0
1,250,33,27.5,0,0
1,250,28.5,32.5,0,0
1,250,28.5,33,0,0
1,250,1.5,28.5,0,0
1,250,2,28.5,0,0
1,250,28,1.5,0,0
1,250,28,2,0,0
1,250,32.5,28,0,0
1,250,33,28,0,0
1,250,29,32.5,0,0
1,250,29,33,0,0
1,250,1.5,29,0,0
1,250,2,29,0,0
1,250,28.5,1.5,0,0
1,250,28.5,2,0,0
1,250,32.5,28.5,0,0
1,250,33,28.5,0,0
1,250,29.5,32.5,0,0
1,250,29.5,33,0,0
1,250,1.5,29.5,0,0
1,250,2,29.5,0,0
1,250,29,1.5,0,0
1,250,29,2,0,0
1,250,32.5,29,0,0
1,250,33,29,0,0
1,250,30,32.5,0,0
1,250,30,33,0,0
1,250,1.5,30,0,0
1,250,2,30,0,0
1,250,29.5,1.5,0,0
1,250,29.5,2,0,0
1,250,32.5,29.5,0,0
1,250,33,29.5,0,0
1,250,30.5,32.5,0,0
1,250,30.5,33,0,0
1,250,1.5,30.5,0,0
1,250,2,30.5,0,0
1,250,30,1.5,0,0
1,250,30,2,0,0
1,250,32.5,30,0,0
1,250,33,30,0,0
1,250,31,32.5,0,0
1,250,31,33,0,0
1,250,1.5,31,0,0
1,250,2,31,0,0
1,250,30.5,1.5,0,0
1,250,30.5,2,0,0
1,250,32.5,30.5,0,0
1,250,33,30.5,0,0
1,250,31.5,32.5,0,0
1,250,31.5,33,0,0
1,250,1.5,31.5,0,0
1,250,2,31.5,0,0
1,250,31,1.5,0,0
1,250,31,2,0,0
1,250,32.5,31,0,0
1,250,33,31,0,0
1,250,32,32.5,0,0
1,250,32,33,0,0
1,250,1.5,32,0,0
1,250,2,32,0,0
1,250,31.5,1.5,0,0
1,250,31.5,2,0,0
1,250,32.5,31.5,0,0
1,250,33,31.5,0,0
1,250,32.5,32.5,0,0
1,250,32.5,33,0,0
1,250,1.5,32.5,0,0
1,250,2,32.5,0,0
1,250,32,1.5,0,0
1,250,32,2,0,0
1,250,32.5,32,0,0
1,250,33,32,0,0
1,250,33,32.5,0,0
1,250,33,33,0,0
1,250,1.5,33,0,0
1,250,2,33,0,0
