1396 2 0.5 5e+06 0.05 2 0 0.001 0 9.81 35 35
0,250,2.33404,20.0892,-0.829038,2.3411
0,250,2.51414,20.6027,-0.140297,2.49411
0,250,2.52143,21.0621,-1.19498,3.5078
0,250,2.47539,21.6135,-2.23302,1.84356
0,250,2.50407,22.1056,1.30099,2.60341
0,250,2.47849,22.5859,-1.42447,2.19591
0,250,2.53727,23.0581,1.36629,2.97324
0,250,2.44499,23.567,-1.24911,2.7029
0,250,2.52729,24.0222,1.12127,2.83988
0,250,2.49229,24.5481,-0.677216,2.85024
0,250,2.51755,24.9926,1.57533,2.80601
0,250,2.55227,25.4791,-0.0713449,2.84013
0,250,2.50083,25.9056,0.321455,2.13147
0,250,2.59609,26.3493,0.101547,1.65748
0,250,2.52594,26.7606,-0.0734927,2.11073
0,250,2.55811,27.1876,-0.201133,2.1955
0,250,2.61183,27.606,0.503414,1.91635
0,250,2.49267,28.0177,-0.354093,2.35762
0,250,2.67452,28.4473,0.49591,1.86092
0,250,2.47786,28.8436,0.398224,1.95917
0,250,2.58029,29.3003,0.417608,0.891422
0,250,2.51878,29.7292,0.635233,1.91262
0,250,2.57858,30.1689,0.696917,1.59342
0,250,2.48571,30.607,0.412806,2.07459
0,250,3.01051,30.6525,0.603624,0.605206
0,250,2.54763,31.0768,0.0331213,1.03749
0,250,3.02954,31.1118,1.71186,0.380906
0,250,2.5079,31.5505,0.0879797,0.274381
0,250,2.917,31.713,1.43518,-0.780204
0,250,2.55142,32.0881,-0.420586,0.0705093
0,250,2.99987,19.7949,0.334543,1.67775
0,250,2.88392,20.189,-0.357605,1.49369
0,250,3.07815,20.6002,-0.0332746,1.33099
0,250,2.95607,21.1423,0.26667,1.26897
0,250,3.02134,21.5629,-0.530183,1.21078
0,250,3.03194,22.0198,-0.231373,0.930473
0,250,3.02996,22.4431,-0.108175,1.1594
0,250,3.06272,22.8941,0.966805,0.0519212
0,250,2.99583,23.33,-0.476573,1.85868
0,250,3.11062,23.7282,0.693262,0.374555
0,250,2.99388,24.1546,-0.0288907,1.79396
0,250,3.06278,24.6035,0.476579,1.78586
0,250,3.06068,25.0175,0.339419,1.73996
0,250,3.07326,25.4971,0.425483,1.85954
0,250,3.10898,25.9198,0.350745,1.71031
0,250,3.125,26.3715,1.00009,1.05317
0,250,3.13319,26.8181,0.537878,2.6678
0,250,3.1532,27.2218,0.296111,1.0699
0,250,3.14313,27.7075,0.644879,2.32717
0,250,3.21018,28.0807,0.503615,1.7849
0,250,3.10788,28.5601,0.739213,1.90078
0,250,3.42678,28.9192,1.8558,2.0998
0,250,3.04409,29.1613,0.34809,0.00726578
0,250,3.09358,29.6294,-0.918943,0.75268
0,250,3.08564,30.0915,0.995502,1.27194
0,250,3.44186,30.4772,0.689287,0.0947149
0,250,3.60351,30.9836,1.05881,1.6171
0,250,3.40751,31.4289,1.11722,0.178319
0,250,3.65046,31.8161,2.372,0.546421
0,250,3.25033,32.0756,0.794354,-0.184259
0,250,3.55686,19.8554,0.255799,2.67589
0,250,3.52513,20.2897,-0.110685,1.33899
0,250,3.5143,20.8438,-0.318127,1.17514
0,250,3.57283,21.2822,-0.378762,2.36549
0,250,3.64643,21.754,0.418531,1.81934
0,250,3.58471,22.2008,-0.0980658,1.53614
0,250,3.66603,22.6619,-0.13216,1.83279
0,250,3.5975,23.0896,-0.182966,1.36646
0,250,3.67719,23.522,0.31426,1.59917
0,250,3.62965,23.9741,0.357911,2.00825
0,250,3.62877,24.3923,0.0678082,1.86295
0,250,3.64412,24.8096,0.316636,1.65234
0,250,3.61257,25.2501,0.17553,1.30593
0,250,3.65303,25.6658,0.432211,2.26269
0,250,3.68083,26.1007,0.553139,1.50869
0,250,3.67659,26.5255,0.672946,1.3216
0,250,3.74528,26.9507,0.66704,1.01716
0,250,3.67938,27.3717,0.085926,1.65778
0,250,3.78652,27.7765,0.900543,1.32398
0,250,3.73053,28.2151,-0.309967,1.95845
0,250,3.80887,28.6239,1.59278,1.91236
0,250,3.96726,29.1595,1.67132,2.49602
0,250,3.64173,29.4597,-0.161386,1.62425
0,250,4.13237,29.7388,1.50114,0.0891878
0,250,3.5799,29.9222,0.440477,0.922361
0,250,3.94103,30.2711,1.35581,-0.757862
0,250,3.97935,30.7348,0.0582079,0.200103
0,250,4.00837,31.346,1.82874,0.404079
0,250,4.33597,31.6628,1.53449,-0.155125
0,250,4.06013,32.0217,1.36484,0.0495154
0,250,4.02536,19.8103,-0.0395241,2.16021
0,250,4.00829,20.3429,-0.175843,2.25664
0,250,4.04017,20.8116,0.925195,1.96255
0,250,4.08205,21.2581,0.783985,2.1521
0,250,4.11931,21.7765,0.03705,2.09043
0,250,4.10518,22.2877,0.586227,2.30838
0,250,4.1773,22.7648,0.632202,2.37368
0,250,4.15807,23.2642,0.522619,2.64606
0,250,4.20815,23.7163,0.442902,2.3678
0,250,4.18301,24.197,0.432619,2.52737
0,250,4.23774,24.6083,0.474005,1.85245
0,250,4.18706,25.0597,0.50798,2.39999
0,250,4.28289,25.453,1.03165,1.29084
0,250,4.22068,25.8922,0.170185,1.2401
0,250,4.29619,26.2884,0.755512,1.51084
0,250,4.28669,26.7128,0.382651,0.924806
0,250,4.30414,27.1269,0.816046,1.9021
0,250,4.34703,27.5326,0.370491,1.33268
0,250,4.33629,27.9631,1.00863,1.8221
0,250,4.36176,28.3788,0.0999006,2.01377
0,250,4.33027,28.8494,0.942177,2.53365
0,250,4.72273,29.0989,3.27993,0.783011
0,250,4.49414,29.4837,2.36301,1.09984
0,250,4.86338,29.9746,1.82514,1.29304
0,250,4.41964,30.1311,0.933421,0.360749
0,250,4.55245,30.6425,0.717232,0.547144
0,250,5.03262,31.1332,1.96858,0.711395
0,250,4.42319,31.0539,0.35111,0.526025
0,250,4.80931,31.4575,2.20112,0.0987155
0,250,4.68901,32.092,1.54931,-1.70807
0,250,4.56702,19.8475,0.23486,1.66407
0,250,4.61036,20.3069,0.117352,1.7634
0,250,4.58919,20.7587,-0.129103,1.18619
0,250,4.65275,21.1897,0.20909,-0.20505
0,250,4.61905,21.6443,0.126833,1.37465
0,250,4.62552,22.0773,-0.18045,1.52998
0,250,4.72004,22.5202,0.70354,1.53657
0,250,4.6785,22.9516,0.540402,1.46315
0,250,4.72264,23.4159,0.629732,1.83819
0,250,4.73971,23.853,0.721909,1.77384
0,250,4.76606,24.2927,0.647825,2.04424
0,250,4.80482,24.7427,0.942808,2.03967
0,250,4.78232,25.1576,0.363707,1.44391
0,250,4.86816,25.5881,0.861833,1.61553
0,250,4.81035,26.0031,0.805625,0.99231
0,250,4.92814,26.4191,1.00396,1.1658
0,250,4.86071,26.8139,0.723796,0.728642
0,250,4.99219,27.2342,1.27941,1.03046
0,250,4.88957,27.6282,0.403856,1.16343
0,250,5.08847,28.0377,1.85501,1.32765
0,250,4.86605,28.3838,-0.0833456,1.19533
0,250,5.12159,28.7415,0.94179,1.48676
0,250,5.31884,29.1718,3.57604,1.05538
0,250,5.06509,29.564,1.76728,0.0107967
0,250,5.34853,30.2331,1.90614,-0.181443
0,250,4.9719,30.5151,0.877369,1.16271
0,250,5.39823,30.8333,1.23007,0.538835
0,250,5.44793,31.5088,2.84792,1.33708
0,250,5.0991,31.9091,0.115309,1.1059
0,250,5.56127,32.0996,2.52876,0.157363
0,250,5.0598,19.8856,0.384824,2.43384
0,250,5.0993,20.3988,0.560389,2.53258
0,250,5.14106,20.896,1.03821,2.23022
0,250,5.19917,21.3961,1.18897,2.31352
0,250,5.18746,21.8759,0.516679,1.72078
0,250,5.25252,22.3127,0.749977,2.39198
0,250,5.25305,22.7981,0.690083,2.09587
0,250,5.2936,23.2165,0.443957,1.81222
0,250,5.29108,23.6618,0.615734,1.63611
0,250,5.34039,24.0904,0.675028,1.97691
0,250,5.34347,24.5199,0.434369,1.91662
0,250,5.39601,24.9406,0.627586,1.70799
0,250,5.38802,25.3706,0.652895,2.08831
0,250,5.48135,25.7736,1.11307,1.67545
0,250,5.42063,26.1986,0.559391,0.622615
0,250,5.5749,26.5902,1.56769,1.28099
0,250,5.43854,27.0015,0.446307,0.822635
0,250,5.68706,27.3957,1.79624,0.922768
0,250,5.4792,27.7737,0.169625,0.345509
0,250,5.78919,28.2097,2.23835,1.28007
0,250,5.58181,28.5671,0.227257,1.43793
0,250,5.88276,28.9907,1.98072,-0.172207
0,250,5.76669,29.4124,0.553095,1.21266
0,250,5.51687,29.8266,0.0881318,0.450563
0,250,6.03672,30.0958,1.43695,-0.61677
0,250,5.79153,30.5577,2.61823,1.08004
0,250,6.30005,31.0656,2.7217,2.07956
0,250,5.80878,31.1124,1.45438,-1.17911
0,250,5.86567,31.6472,0.781094,-0.335132
0,250,6.22075,32.0386,3.33844,-0.129056
0,250,5.58479,19.8921,0.149338,1.7228
0,250,5.6273,20.3289,0.0801596,1.82816
0,250,5.62011,20.8301,0.131093,2.10917
0,250,5.68555,21.2727,0.413843,0.892427
0,250,5.6799,21.7576,0.604893,1.83283
0,250,5.78041,22.2261,0.969015,1.82878
0,250,5.77447,22.6847,0.36801,1.87069
0,250,5.85451,23.1484,1.09318,2.15867
0,250,5.86019,23.5898,0.881721,1.84297
0,250,5.9198,24.0318,1.2416,1.69068
0,250,5.92547,24.464,0.824845,1.50982
0,250,5.98728,24.9003,1.09717,1.94949
0,250,5.98797,25.3211,0.752863,1.49331
0,250,6.06931,25.7466,0.860696,1.43275
0,250,6.03062,26.1674,0.409206,1.21799
0,250,6.16516,26.5805,1.41423,1.05691
0,250,6.06092,26.9952,0.163822,1.09079
0,250,6.29098,27.4053,2.14509,1.26637
0,250,6.07408,27.8299,0.615939,1.78745
0,250,6.47083,28.1878,1.95559,1.11142
0,250,6.19171,28.5911,1.25014,0.947142
0,250,6.42413,29.0243,1.62029,1.08039
0,250,6.53491,29.4076,1.81412,1.05187
0,250,6.17786,29.7294,0.901889,0.380906
0,250,6.61731,30.22,0.729598,1.92244
0,250,6.27237,30.5993,1.74164,1.13373
0,250,6.83003,30.7101,3.14804,-0.76943
0,250,6.74229,31.2693,1.8067,0.466681
0,250,6.37718,31.5923,0.478065,-0.0617134
0,250,6.75327,32.0646,1.6304,0.28183
0,250,6.09511,19.9813,0.621893,2.35831
0,250,6.15828,20.4696,0.505,2.63103
0,250,6.20569,20.9496,0.444246,2.1597
0,250,6.24091,21.4265,0.434763,1.8209
0,250,6.25364,21.8651,0.555781,1.95843
0,250,6.33539,22.3171,0.955983,1.6225
0,250,6.32653,22.7752,0.942669,2.36898
0,250,6.41216,23.2028,0.886347,2.20666
0,250,6.42298,23.6743,0.610361,2.13815
0,250,6.49033,24.0964,1.00995,1.89569
0,250,6.50332,24.5433,0.73106,1.56249
0,250,6.57706,24.9621,1.03703,1.98744
0,250,6.56156,25.385,0.561284,1.6046
0,250,6.68095,25.8127,1.54832,1.7653
0,250,6.61078,26.2168,0.646926,1.28135
0,250,6.80661,26.6431,1.8022,1.6383
0,250,6.65096,27.0407,0.655183,1.43193
0,250,6.94751,27.4621,2.15269,1.69445
0,250,6.68346,27.8025,0.720976,0.759381
0,250,7.14032,28.2653,3.26512,1.49054
0,250,6.78416,28.5877,0.324145,1.53916
0,250,7.04869,28.9358,2.12593,0.400411
0,250,7.08357,29.4506,1.13154,1.02018
0,250,6.8435,29.8548,2.13717,0.794512
0,250,7.55992,30.1633,2.10902,1.1008
0,250,7.16783,30.2741,3.27881,-0.402802
0,250,7.29409,30.8264,2.14827,0.978443
0,250,7.21417,31.3053,2.41822,0.1494
0,250,7.07031,31.7414,0.77254,-0.567264
0,250,7.442,32.0481,1.43766,-0.41609
0,250,6.59446,19.9672,0.291707,2.13296
0,250,6.65565,20.4369,0.760786,2.097
0,250,6.67489,20.9517,0.445205,2.21502
0,250,6.78305,21.4228,0.926455,2.32209
0,250,6.80326,21.9123,0.735806,2.02284
0,250,6.88266,22.3763,0.517474,2.27799
0,250,6.89853,22.8312,0.618345,1.99809
0,250,6.97453,23.2765,0.792809,1.8539
0,250,6.99304,23.7201,0.866784,2.4848
0,250,7.07721,24.155,0.897338,1.94041
0,250,7.08497,24.5964,0.825733,1.93491
0,250,7.18249,25.0182,1.22113,1.7171
0,250,7.16099,25.4501,0.788861,2.05756
0,250,7.29934,25.8514,1.30227,1.58874
0,250,7.20399,26.2723,0.254527,1.23522
0,250,7.43935,26.673,2.14777,1.34679
0,250,7.23601,27.0774,-0.0850489,1.49324
0,250,7.59175,27.4759,2.84381,1.1778
0,250,7.3319,27.9049,0.705057,1.42652
0,250,7.72015,28.3734,3.34121,2.01958
0,250,7.52559,28.7014,1.23838,0.742239
0,250,7.56487,29.1714,1.68924,2.12741
0,250,8.05747,29.5389,4.03778,1.79067
0,250,7.51159,29.6439,2.13548,1.06192
0,250,8.02081,30.0136,2.60974,0.155004
0,250,7.75854,30.7271,2.02464,1.855
0,250,7.81771,31.1836,3.56943,0.848684
0,250,8.30556,31.4732,2.82229,0.901383
0,250,7.7181,31.5897,1.95976,0.4862
0,250,7.95744,32.0105,1.28474,-0.37878
0,250,7.13796,20.0754,0.63637,2.73594
0,250,7.21398,20.55,0.488565,1.87549
0,250,7.24365,21.0202,0.350852,2.03404
0,250,7.29751,21.4803,0.577542,2.3969
0,250,7.32595,21.9525,0.830066,1.74321
0,250,7.41853,22.4,1.30893,2.40798
0,250,7.45694,22.8739,1.05357,2.273
0,250,7.53722,23.3144,1.05995,2.30283
0,250,7.55944,23.7702,0.790905,1.98737
0,250,7.64783,24.1987,1.20835,2.00187
0,250,7.65146,24.6304,1.14435,2.07634
0,250,7.78646,25.0583,1.51807,2.12871
0,250,7.7454,25.4759,0.831953,1.38956
0,250,7.92487,25.899,1.69986,1.39197
0,250,7.81723,26.2998,0.937307,2.26308
0,250,8.08099,26.7138,2.59908,1.51346
0,250,7.83713,27.0787,0.762531,1.18866
0,250,8.24395,27.4832,2.23593,1.3195
0,250,7.8639,27.8721,0.0460254,1.44046
0,250,8.26409,28.2119,1.88008,0.152451
0,250,8.2805,28.6794,2.50335,1.37704
0,250,8.12557,29.102,2.30445,2.48885
0,250,8.57218,29.2231,1.92334,-0.00516858
0,250,8.61487,29.7362,3.88036,-0.315813
0,250,8.53087,30.1775,3.12214,1.02026
0,250,8.76092,30.7363,1.98747,0.629109
0,250,8.15087,30.489,3.01511,0.304873
0,250,8.3654,30.9605,0.996942,-0.924663
0,250,8.69123,31.4529,2.58676,-1.31863
0,250,8.43717,32.0553,1.4216,1.70208
0,250,7.61476,20.0972,0.324743,2.5746
0,250,7.71419,20.5744,0.761041,2.4407
0,250,7.75096,21.0911,1.40088,2.47521
0,250,7.86418,21.5654,1.09637,2.48971
0,250,7.89873,22.0314,1.14411,2.06028
0,250,7.96984,22.4884,0.850412,2.07217
0,250,8.00581,22.951,0.928525,2.24639
0,250,8.10821,23.3871,1.17616,2.06049
0,250,8.13569,23.8383,1.02841,2.39467
0,250,8.25356,24.2739,1.15944,2.26691
0,250,8.24915,24.7067,0.843706,1.77839
0,250,8.38494,25.1292,1.48007,1.94161
0,250,8.34248,25.5413,1.11878,1.62007
0,250,8.54906,25.9619,2.36884,2.40971
0,250,8.41719,26.3558,0.732087,1.70079
0,250,8.73986,26.7561,2.10607,1.36767
0,250,8.5059,27.1332,0.82191,1.46527
0,250,8.91416,27.5532,3.40845,1.72232
0,250,8.5331,27.8513,0.65924,0.134466
0,250,8.99537,28.2388,2.7549,1.25146
0,250,8.73891,28.5859,0.563681,-0.62781
0,250,9.02856,29.0111,2.69697,1.27299
0,250,9.11468,29.5281,2.58328,0.569337
0,250,9.05639,30.0205,2.02129,2.36782
0,250,9.1362,30.4367,1.42786,1.93478
0,250,9.55139,30.7426,4.10426,2.26542
0,250,9.08103,31.0769,3.75819,1.46729
0,250,9.25908,31.4705,3.21862,1.2997
0,250,9.37275,31.9976,1.40991,3.84931
0,250,8.94413,31.9762,1.96209,-0.673411
0,250,8.1636,20.1859,0.58291,2.49544
0,250,8.24663,20.6652,0.437187,2.72902
0,250,8.28607,21.1396,0.452275,2.66759
0,250,8.37513,21.6168,0.743495,2.44837
0,250,8.4199,22.0977,0.91755,2.28859
0,250,8.54058,22.5547,1.44807,2.22681
0,250,8.5725,23.009,1.1434,2.13848
0,250,8.67494,23.4604,1.21173,2.18751
0,250,8.69072,23.9022,1.19329,2.30344
0,250,8.82918,24.3407,1.52271,2.40551
0,250,8.83147,24.7672,1.29788,2.20704
0,250,8.99936,25.2013,1.63866,2.14101
0,250,8.9548,25.612,1.20063,2.2116
0,250,9.17264,26.023,2.43092,1.23589
0,250,9.06118,26.4274,1.4727,1.69535
0,250,9.37148,26.8423,3.57398,1.89455
0,250,9.13108,27.2139,1.09047,1.72902
0,250,9.55584,27.6105,3.25108,1.49464
0,250,9.30567,28.0119,1.96733,1.47296
0,250,9.66324,28.4493,3.45305,1.21392
0,250,9.35459,28.8068,1.20317,1.04345
0,250,9.76531,29.2346,1.88275,2.34203
0,250,9.51778,29.6777,2.17248,1.42359
0,250,9.92654,29.9583,2.76702,0.90198
0,250,9.72041,30.3,2.56416,1.0688
0,250,10.1785,30.6479,1.24367,-0.0751391
0,250,9.73412,31.0933,2.71393,0.610061
0,250,9.77992,31.5764,1.80269,2.66749
0,250,10.3133,31.733,3.76729,0.751983
0,250,9.94931,31.9868,3.72893,-1.06348
0,250,8.6503,20.2516,0.674847,2.73251
0,250,8.77293,20.7394,1.09633,2.81738
0,250,8.82041,21.2355,0.936122,2.41152
0,250,8.93189,21.6976,0.949173,2.6459
0,250,8.96801,22.1708,0.949093,2.63444
0,250,9.07775,22.6328,1.13692,2.52808
0,250,9.13099,23.0995,1.30718,2.09789
0,250,9.25762,23.5445,1.37994,2.4751
0,250,9.29531,23.9881,1.36282,2.10986
0,250,9.41591,24.4338,1.47679,2.20708
0,250,9.4315,24.8455,1.41415,2.34612
0,250,9.59498,25.2757,2.3714,2.11657
0,250,9.56982,25.6905,1.63128,2.57641
0,250,9.79465,26.1014,2.35764,2.23161
0,250,9.68435,26.5084,1.38382,1.91399
0,250,10.0116,26.9064,2.82458,1.59389
0,250,9.82247,27.2923,1.7127,1.61906
0,250,10.1996,27.736,2.89367,2.37358
0,250,9.87859,28.0845,1.00532,1.65544
0,250,10.3374,28.4998,2.49883,1.84272
0,250,9.95435,28.851,1.62733,1.34289
0,250,10.4558,29.2259,1.79205,-0.275945
0,250,10.1169,29.522,2.47225,0.0581305
0,250,10.6487,29.9802,2.32071,1.15602
0,250,10.4031,30.3134,3.36907,1.00113
0,250,10.7616,30.6907,-0.242298,1.11397
0,250,10.2704,31.1512,2.57486,2.16506
0,250,10.6226,31.2629,4.37299,0.324318
0,250,10.8874,31.7124,1.93235,0.664978
0,250,10.6572,32.1016,3.49311,1.74116
0,250,9.18356,20.3264,0.648338,2.85948
0,250,9.28746,20.8113,0.866685,2.93709
0,250,9.33434,21.3074,1.07479,2.61113
0,250,9.4649,21.7959,1.2663,2.66043
0,250,9.52945,22.267,1.26477,2.53293
0,250,9.64307,22.727,1.21499,2.36265
0,250,9.6965,23.1805,1.39555,2.46954
0,250,9.81722,23.6361,1.90833,2.73085
0,250,9.86662,24.0724,1.81331,2.23016
0,250,10.0118,24.5097,2.18585,2.43897
0,250,10.0449,24.945,1.98008,2.69803
0,250,10.1954,25.3648,2.19617,2.09985
0,250,10.1862,25.7817,1.68578,2.03938
0,250,10.4115,26.1924,2.88934,2.11463
0,250,10.3421,26.5785,2.18258,1.86644
0,250,10.6445,27.024,3.49383,2.53148
0,250,10.4513,27.3745,2.04387,1.89416
0,250,10.8582,27.7961,3.48173,1.37118
0,250,10.5224,28.1107,1.64823,1.38502
0,250,11.0142,28.5535,2.51789,0.890494
0,250,10.635,28.8606,1.48308,1.37965
0,250,11.1412,29.2844,2.20279,0.829216
0,250,10.8028,29.6244,2.74088,0.681816
0,250,11.2649,29.9394,2.6035,0.234384
0,250,11.126,30.4115,4.1296,0.276552
0,250,11.5316,30.7376,2.36424,1.23198
0,250,11.1172,31.0126,2.91073,0.523801
0,250,11.278,31.4084,3.31892,-0.340059
0,250,11.5935,31.774,4.65362,-1.11246
0,250,11.3126,32.1008,2.24614,-0.588568
0,250,9.69125,20.4276,0.792883,3.22617
0,250,9.82657,20.9145,0.909832,3.12886
0,250,9.88017,21.407,0.973049,2.60712
0,250,10.0074,21.8767,0.981221,2.85263
0,250,10.0705,22.3597,1.18637,2.84194
0,250,10.2032,22.8256,1.57828,2.73493
0,250,10.2828,23.2808,1.72732,2.74984
0,250,10.4002,23.7331,1.57435,2.55752
0,250,10.4654,24.1756,1.81192,2.68734
0,250,10.5901,24.6121,2.15559,2.66463
0,250,10.6474,25.0307,1.96212,2.27122
0,250,10.8105,25.4551,2.46154,2.40104
0,250,10.824,25.8667,2.24777,2.07623
0,250,11.0312,26.2945,2.64964,2.74983
0,250,10.975,26.6824,2.13535,1.98334
0,250,11.2829,27.0941,3.13298,1.80187
0,250,11.1016,27.4537,1.61983,1.95859
0,250,11.5462,27.8839,3.08228,1.94974
0,250,11.2028,28.2018,1.68032,1.37725
0,250,11.7106,28.6064,2.99449,2.06881
0,250,11.3279,28.914,3.32521,0.465331
0,250,11.779,29.291,2.00003,0.510171
0,250,11.5279,29.6504,4.4344,2.14461
0,250,12.0816,30.0405,3.72296,1.39885
0,250,11.6978,30.2976,2.96056,-0.609853
0,250,12.739,30.7049,5.99099,-0.270682
0,250,11.8723,31.0348,4.64886,1.20422
0,250,11.9449,31.5356,3.88987,1.47011
0,250,12.4749,31.7926,6.00756,1.01906
0,250,12.0931,32.038,5.08596,-0.725541
0,250,10.2065,20.5034,0.63386,3.11501
0,250,10.3328,21.0114,0.782936,3.2922
0,250,10.4088,21.5062,0.889994,2.64641
0,250,10.5506,21.9987,1.12154,3.00989
0,250,10.6289,22.4572,1.20381,2.93286
0,250,10.7569,22.9348,1.34969,3.19884
0,250,10.838,23.3903,1.65982,3.02832
0,250,10.9806,23.8486,2.0152,2.80949
0,250,11.0607,24.2792,1.95553,2.80219
0,250,11.1985,24.7158,2.0264,2.45952
0,250,11.2671,25.143,2.17858,2.95536
0,250,11.4072,25.5673,2.25093,2.63121
0,250,11.459,25.9773,2.32485,2.04715
0,250,11.6547,26.3882,2.99302,2.08539
0,250,11.6317,26.78,2.3153,2.02574
0,250,11.944,27.2033,4.1401,1.83715
0,250,11.7824,27.5495,2.65915,1.72976
0,250,12.2443,27.9534,4.61205,2.0131
0,250,11.9081,28.2629,3.28291,1.85199
0,250,12.4184,28.6782,1.88413,1.67125
0,250,12.0573,28.961,3.29188,0.927068
0,250,12.5727,29.379,4.22771,1.87188
0,250,12.2507,29.5816,3.97144,-0.771654
0,250,12.5309,30.1169,2.80659,2.14712
0,250,12.201,30.5268,2.33958,1.61307
0,250,13.6376,30.7347,6.9995,-1.25059
0,250,12.2712,31.0715,1.92656,0.666092
0,250,12.6687,31.3683,5.10593,-0.353956
0,250,13.1157,31.5977,3.6312,-1.59189
0,250,12.8809,32.0734,4.57868,3.05832
0,250,10.7297,20.6239,0.928732,3.29675
0,250,10.872,21.1187,0.784308,3.20939
0,250,10.9449,21.61,1.27287,3.09512
0,250,11.1031,22.1009,1.71653,3.1681
0,250,11.181,22.5883,1.71263,2.98411
0,250,11.3366,23.0481,2.00581,3.26097
0,250,11.43,23.5039,1.86657,2.94002
0,250,11.5599,23.9534,2.1739,3.15876
0,250,11.6604,24.3968,2.40301,3.0089
0,250,11.7919,24.8444,2.30475,2.71723
0,250,11.8885,25.2532,2.26957,2.49132
0,250,12.0342,25.6802,2.40368,2.75379
0,250,12.1004,26.084,2.65845,2.525
0,250,12.2939,26.4983,2.98346,2.59023
0,250,12.2892,26.8903,2.82494,1.94826
0,250,12.6078,27.2818,3.89873,2.03633
0,250,12.4682,27.6626,3.57426,2.28292
0,250,12.978,28.0546,4.1875,2.45122
0,250,12.6488,28.3503,3.42864,1.00968
0,250,13.1586,28.747,3.15064,2.02698
0,250,12.8201,29.0102,5.15637,0.459883
0,250,13.2317,29.4243,3.53032,1.84226
0,250,12.9613,29.7936,2.87966,1.64015
0,250,13.2638,30.1008,3.5904,0.336081
0,250,13.0383,30.434,5.78808,0.731737
0,250,14.0224,30.7605,6.96939,0.265183
0,250,13.0275,31.0467,3.57089,0.182609
0,250,13.529,31.1872,5.30929,-2.55866
0,250,13.7189,31.5092,5.42959,-1.0513
0,250,13.4421,31.9798,3.01426,-1.53344
0,250,11.2384,20.7148,0.814382,3.18216
0,250,11.3926,21.2527,1.19389,3.55028
0,250,11.4807,21.7315,1.06335,3.34841
0,250,11.647,22.2317,1.264,3.37419
0,250,11.7415,22.6986,1.71692,3.42397
0,250,11.8935,23.1863,1.73063,3.53046
0,250,12.0082,23.6402,2.21658,3.53178
0,250,12.1525,24.0996,1.95784,3.06358
0,250,12.2676,24.5281,1.98756,2.76579
0,250,12.4076,24.9575,2.33971,2.97027
0,250,12.5172,25.3857,2.64481,2.81761
0,250,12.6621,25.7997,2.59792,3.11195
0,250,12.75,26.203,2.50339,2.00567
0,250,12.9252,26.6131,3.10375,2.33793
0,250,12.9674,26.9975,3.07921,2.25161
0,250,13.2696,27.4067,4.5058,1.53945
0,250,13.2047,27.772,4.02417,2.67206
0,250,13.7186,28.1658,6.44686,2.65867
0,250,13.4445,28.4634,5.17762,2.63818
0,250,13.9368,28.8534,3.21398,1.48943
0,250,13.5875,29.1222,5.65037,2.36093
0,250,14.0143,29.479,3.67249,1.7445
0,250,13.6898,29.7722,3.80036,1.15591
0,250,14.1851,30.0324,4.68232,0.263257
0,250,13.8214,30.306,5.14299,-0.712603
0,250,14.6147,30.817,4.44545,0.10944
0,250,14.2905,31.1915,6.50149,0.9985
0,250,14.4409,31.5194,5.36943,1.46236
0,250,14.8552,31.8187,4.62694,0.677712
0,250,13.9869,31.8965,6.73953,-4.14446
0,250,11.7593,20.8588,1.14267,3.46638
0,250,11.9209,21.3439,1.15827,3.43482
0,250,12.0145,21.8637,1.44058,3.5401
0,250,12.1904,22.3703,1.57788,3.70978
0,250,12.3022,22.8424,1.73072,3.61726
0,250,12.4744,23.3182,2.0116,3.37456
0,250,12.5954,23.7726,1.91045,3.55206
0,250,12.7586,24.219,2.36093,3.12771
0,250,12.8888,24.6695,2.60437,3.47523
0,250,13.0333,25.0937,2.51792,2.98697
0,250,13.1588,25.5218,2.57872,2.9059
0,250,13.3026,25.9384,3.0313,3.22074
0,250,13.4188,26.3366,3.42753,2.53496
0,250,13.5913,26.7421,3.54788,2.32404
0,250,13.6648,27.1144,4.01417,2.14342
0,250,13.9491,27.5019,4.58386,1.64396
0,250,13.9791,27.887,6.57402,2.28099
0,250,14.4168,28.2927,6.03754,3.15469
0,250,14.24,28.5984,5.79805,2.95657
0,250,14.7395,29.074,4.2048,3.25269
0,250,14.4014,29.2323,6.18413,2.89207
0,250,14.9831,29.7216,5.35944,2.77394
0,250,14.6043,29.7883,5.2482,0.966329
0,250,14.9627,30.2862,5.21087,1.75067
0,250,14.568,30.3992,3.75654,-0.0284163
0,250,15.2916,30.9803,6.08914,2.64137
0,250,14.9028,31.2308,6.53399,0.257175
0,250,15.4535,31.4151,8.67668,-0.50699
0,250,15.6055,31.9466,4.93914,1.37389
0,250,14.3232,32.0896,5.34298,2.07935
0,250,12.2762,20.9699,1.03154,3.59018
0,250,12.4409,21.5125,1.12107,3.57976
0,250,12.5614,22.0059,1.31243,3.79747
0,250,12.7468,22.5073,1.68161,3.78964
0,250,12.8722,22.9958,1.97745,3.96056
0,250,13.0531,23.4805,2.06617,3.88507
0,250,13.1989,23.9372,2.55381,3.69375
0,250,13.3535,24.3985,2.29036,3.52059
0,250,13.5114,24.8291,2.75557,3.42237
0,250,13.6607,25.2579,2.96867,3.20488
0,250,13.8141,25.6731,3.39441,3.6352
0,250,13.9615,26.067,3.26736,2.88269
0,250,14.1013,26.4799,3.77711,2.49388
0,250,14.2582,26.8546,4.12533,2.83093
0,250,14.3854,27.2581,4.9146,1.91323
0,250,14.6097,27.6367,4.89434,2.46075
0,250,14.7463,27.9989,6.62216,1.89798
0,250,15.0808,28.4256,4.76242,1.84636
0,250,15.142,28.7375,8.81124,3.00682
0,250,15.6941,29.1761,7.66069,2.38464
0,250,15.203,29.26,5.7537,2.04966
0,250,15.5747,29.6224,4.93849,1.22094
0,250,15.4403,30.1022,5.67328,3.00396
0,250,15.9378,30.351,6.25294,2.67262
0,250,15.4335,30.5546,4.25104,1.03406
0,250,15.9006,30.9161,4.05053,1.3961
0,250,15.9137,31.4073,6.95185,2.20382
0,250,16.3886,31.2731,7.22858,-0.639969
0,250,16.4516,31.8423,6.46896,-0.147176
0,250,15.1681,31.9245,6.1444,-1.98708
0,250,12.7857,21.1258,1.1259,3.59768
0,250,12.9839,21.6261,1.44167,4.0124
0,250,13.1078,22.1577,1.78217,3.97176
0,250,13.2946,22.6616,1.66465,4.10893
0,250,13.4478,23.1573,2.03947,4.0077
0,250,13.6397,23.6367,2.33138,4.03767
0,250,13.8024,24.0962,2.61758,3.51866
0,250,13.987,24.5408,2.94575,3.83406
0,250,14.1463,24.9827,3.14317,3.62925
0,250,14.3191,25.4045,3.23436,3.308
0,250,14.4846,25.8358,3.88601,4.29616
0,250,14.6357,26.2262,3.9789,3.2838
0,250,14.8019,26.6413,4.52259,3.43651
0,250,14.9502,27.0077,4.34753,2.63477
0,250,15.1134,27.3935,4.64019,1.85891
0,250,15.3176,27.7523,4.36347,1.88371
0,250,15.5152,28.1238,7.87853,1.96278
0,250,15.744,28.4975,4.55154,2.99279
0,250,15.9886,28.8438,7.5134,2.08887
0,250,16.4273,29.2983,9.14745,2.48744
0,250,16.2394,29.546,7.35475,3.40602
0,250,16.6103,30.0175,7.23233,1.69886
0,250,16.0597,29.9763,5.55166,2.16086
0,250,16.754,30.4602,7.78347,2.60458
0,250,16.3296,30.7457,6.83862,0.684004
0,250,16.8768,31.0151,6.74136,2.12966
0,250,16.8505,31.4989,7.1233,1.48124
0,250,17.3085,31.571,8.78666,-0.322923
0,250,17.4355,32.0023,7.11308,1.3951
0,250,16.0746,31.9444,6.15907,0.0104246
0,250,13.3234,21.2608,1.45038,3.72289
0,250,13.5028,21.8378,1.40087,4.00019
0,250,13.6582,22.3206,1.68447,4.30417
0,250,13.8703,22.8428,2.17127,4.04082
0,250,14.031,23.3409,2.45194,4.55987
0,250,14.2384,23.8195,2.53311,4.1367
0,250,14.4194,24.2906,2.82621,4.18357
0,250,14.6066,24.7433,2.8419,4.35209
0,250,14.8153,25.1877,3.95111,4.46818
0,250,14.9783,25.6139,4.08498,4.22637
0,250,15.1868,26.0241,4.27125,4.01819
0,250,15.3362,26.4243,4.39956,3.5485
0,250,15.5405,26.8048,4.68733,2.98142
0,250,15.6745,27.166,4.5975,2.07651
0,250,15.8739,27.5674,5.79255,2.5428
0,250,16.048,27.8986,5.60223,2.58706
0,250,16.3038,28.3128,7.48103,2.79497
0,250,16.4603,28.6977,6.93289,3.33939
0,250,16.8771,29.0305,10.1142,2.51425
0,250,17.1571,29.3861,9.16822,1.99879
0,250,16.9648,29.7769,7.00506,3.39159
0,250,17.5414,29.8672,7.95108,-0.244919
0,250,17.1608,30.2854,6.9821,3.08285
0,250,17.6861,30.3666,9.49671,0.398574
0,250,17.2578,30.7996,8.74766,0.238255
0,250,17.623,31.0214,7.98066,2.47986
0,250,17.7965,31.5289,8.24376,0.803822
0,250,18.2582,31.5357,9.97114,-0.891473
0,250,18.4682,31.9993,9.4815,1.92733
0,250,16.9041,32.1008,7.53042,-0.34757
0,250,13.8144,21.4422,1.37247,4.10252
0,250,14.0492,21.9427,1.77692,4.18907
0,250,14.1952,22.5066,1.90042,4.51309
0,250,14.42,23.0198,2.02484,4.55486
0,250,14.6155,23.5198,2.26772,4.6378
0,250,14.8399,24.0082,2.70063,4.128
0,250,15.0538,24.4868,3.45583,4.78754
0,250,15.2544,24.9271,3.76852,4.73836
0,250,15.4713,25.3772,3.60438,4.7764
0,250,15.6799,25.7783,4.50826,4.63448
0,250,15.8657,26.2164,4.51096,4.75012
0,250,16.0726,26.5793,5.07995,3.95181
0,250,16.2588,26.9984,5.18084,3.54723
0,250,16.4385,27.3393,5.81391,2.87974
0,250,16.6294,27.7242,5.40537,1.46198
0,250,16.8081,28.0919,7.39321,3.86161
0,250,17.0231,28.4239,6.2876,1.98564
0,250,17.2731,28.811,8.08983,3.45453
0,250,17.6798,29.1112,9.90933,3.30653
0,250,17.7684,29.5658,8.96665,3.73617
0,250,18.1623,29.9518,7.39361,2.75461
0,250,18.5451,30.0763,8.81369,2.11223
0,250,18.0134,30.5237,8.58489,2.23926
0,250,18.7363,30.4823,10.2927,1.97089
0,250,18.086,31.0321,8.63289,2.98356
0,250,18.5317,30.8107,7.66576,0.890337
0,250,18.7011,31.3916,8.89631,1.20449
0,250,18.8925,31.9921,6.94264,3.25662
0,250,20.0364,32.1201,10.099,-2.08918
0,250,17.9488,32.055,7.24323,-0.929658
0,250,14.366,21.6193,1.571,4.30599
0,250,14.5715,22.2205,1.58545,4.53043
0,250,14.7675,22.712,2.05853,4.81502
0,250,15.0027,23.2486,2.47983,4.9111
0,250,15.2136,23.7543,2.99642,4.70475
0,250,15.465,24.2329,3.15015,5.01671
0,250,15.6931,24.7101,3.46875,5.18696
0,250,15.9487,25.1742,4.47077,5.35623
0,250,16.1701,25.6102,4.71722,5.46439
0,250,16.4174,26.0327,5.08487,4.96586
0,250,16.6216,26.446,5.03686,4.85495
0,250,16.8421,26.8039,5.75101,4.5462
0,250,17.0172,27.2028,4.90548,3.03325
0,250,17.2327,27.5399,6.12652,3.34983
0,250,17.4028,27.902,5.71177,2.63527
0,250,17.6351,28.2409,7.92321,3.55234
0,250,17.8254,28.5688,8.08211,2.44141
0,250,18.1502,28.9641,8.86245,2.76668
0,250,18.3347,29.3682,8.06702,3.85579
0,250,18.6641,29.6049,11.0031,2.51535
0,250,19.2573,29.8522,10.6027,1.62505
0,250,19.2363,30.2946,9.21842,1.74066
0,250,19.4398,30.6793,12.2458,2.30879
0,250,19.6524,31.0412,9.78076,3.32693
0,250,19.0145,31.0255,7.85171,-0.16464
0,250,20.0439,31.4028,11.7281,0.176697
0,250,19.2049,31.4667,10.5381,2.28361
0,250,19.7986,31.7212,10.0138,3.25494
0,250,20.5654,31.5966,10.4643,-0.435097
0,250,19.3285,31.8678,8.56438,-0.375689
0,250,14.8338,21.8014,1.49727,4.48366
0,250,15.1323,22.3264,2.07026,4.73232
0,250,15.2995,22.9178,2.666,4.83916
0,250,15.5927,23.4329,2.93755,4.76895
0,250,15.8256,23.9534,3.13829,4.98527
0,250,16.0924,24.46,3.96875,5.57207
0,250,16.3533,24.9231,4.44379,5.49368
0,250,16.6345,25.3816,4.87218,5.75304
0,250,16.8749,25.8241,5.66335,5.46678
0,250,17.1569,26.2321,5.92374,5.06921
0,250,17.3582,26.6505,5.66978,5.08169
0,250,17.6489,26.9872,6.41512,4.07852
0,250,17.7965,27.3978,6.0961,3.88042
0,250,18.075,27.6951,7.06076,4.08564
0,250,18.2109,28.09,6.5926,4.03482
0,250,18.4996,28.3604,7.76517,3.13061
0,250,18.6217,28.7617,8.23118,3.47245
0,250,18.9643,28.9918,9.11329,2.91099
0,250,19.1382,29.3816,8.46792,2.29829
0,250,19.696,29.5798,11.3869,2.1256
0,250,19.7078,30.1136,9.25156,3.61335
0,250,20.1998,30.1696,11.4694,0.412152
0,250,20.0435,30.6297,8.81974,1.04487
0,250,20.8214,30.6503,12.4073,1.88368
0,250,20.2333,30.9436,10.5254,0.451496
0,250,21.1521,31.0349,15.0742,1.26323
0,250,20.7522,31.1657,11.962,-1.18014
0,250,21.1019,32.0907,11.1574,-0.0625925
0,250,21.5653,31.8567,11.2626,-0.460215
0,250,20.6169,31.9525,9.59848,-0.368253
0,250,15.435,22.0681,2.09793,5.06124
0,250,15.6668,22.6899,2.47891,5.56792
0,250,15.9149,23.2029,2.56542,5.55726
0,250,16.2068,23.7554,3.62762,5.25779
0,250,16.4788,24.2559,3.74999,6.13889
0,250,16.7883,24.7409,4.61965,5.89239
0,250,17.0699,25.229,5.68073,6.60218
0,250,17.3593,25.6712,5.75629,5.87812
0,250,17.656,26.1082,6.07757,5.67197
0,250,17.9253,26.521,6.72414,5.67041
0,250,18.2152,26.9105,7.23246,5.31661
0,250,18.4606,27.2835,7.27511,4.10557
0,250,18.7256,27.6261,7.93942,4.88779
0,250,18.9503,27.9624,7.61024,3.56281
0,250,19.1374,28.337,7.31693,4.27339
0,250,19.4458,28.5819,9.18449,3.35756
0,250,19.5465,28.9971,7.35227,4.23599
0,250,19.9832,29.1554,11.0599,2.73305
0,250,20.1843,29.656,10.3945,4.05873
0,250,20.6378,29.8287,11.7304,2.96637
0,250,20.7102,30.3379,10.4102,1.77466
0,250,21.3801,30.2663,13.1805,1.78794
0,250,21.5803,30.6794,14.0603,-0.0192922
0,250,22.1116,30.869,13.423,2.66998
0,250,21.6866,31.2131,11.7237,0.0540195
0,250,22.3704,31.1964,12.5225,1.55509
0,250,21.2078,31.56,11.0076,1.17195
0,250,21.8336,31.5817,13.4026,1.98577
0,250,22.6506,31.4923,13.1435,0.473064
0,250,22.1449,32.1255,12.9157,-2.60087
0,250,15.8217,22.2523,1.60548,5.38538
0,250,16.224,22.8297,2.27853,5.6151
0,250,16.4724,23.4209,3.24936,5.44394
0,250,16.8265,23.9847,3.08135,6.27956
0,250,17.1142,24.4757,4.85646,6.2605
0,250,17.4611,24.9818,4.87532,6.73021
0,250,17.7552,25.4321,5.88922,6.3526
0,250,18.087,25.8733,6.02901,5.86624
0,250,18.3891,26.3009,7.60028,6.02225
0,250,18.7009,26.7096,7.12736,5.5736
0,250,19.0209,27.1125,8.69241,5.76802
0,250,19.3122,27.4989,8.55484,5.24077
0,250,19.6254,27.8724,9.47125,5.75278
0,250,19.8853,28.2039,9.23327,4.43407
0,250,20.1182,28.5997,9.31806,4.11429
0,250,20.4376,28.848,10.9252,4.05692
0,250,20.5915,29.2938,11.6644,3.76808
0,250,21.0634,29.4041,11.9489,2.79067
0,250,21.1537,29.8739,12.4977,3.07348
0,250,21.705,29.8716,12.4786,3.25324
0,250,21.9182,30.3657,13.2487,1.75781
0,250,22.53,30.4603,14.3669,2.51643
0,250,22.7897,30.89,14.8997,1.90737
0,250,23.3447,31.18,14.5506,3.34642
0,250,23.1239,31.5351,12.8203,0.801681
0,250,23.9021,31.2741,13.7208,1.5503
0,250,23.4758,31.7975,12.327,-0.451895
0,250,24.2034,31.6913,13.7072,2.01978
0,250,23.043,32.1794,11.344,2.94599
0,250,22.5195,31.9064,13.3735,-0.153618
0,250,16.5323,22.6208,2.60506,6.43599
0,250,16.855,23.2524,3.17492,5.93757
0,250,17.166,23.8232,4.07828,6.84335
0,250,17.548,24.3477,4.92135,6.67668
0,250,17.8757,24.8467,5.87299,7.27147
0,250,18.2284,25.3194,6.29425,6.69781
0,250,18.5641,25.7826,7.34302,6.93182
0,250,18.8994,26.2115,8.03222,6.24573
0,250,19.223,26.6462,9.07942,5.93608
0,250,19.5702,27.0403,9.42806,5.82281
0,250,19.885,27.4548,10.0246,5.57098
0,250,20.2555,27.8312,10.5712,5.75692
0,250,20.5339,28.1915,10.5464,4.88359
0,250,20.9196,28.5107,11.4344,3.7897
0,250,21.0762,28.8573,10.1476,5.35096
0,250,21.5145,29.0645,12.6381,3.46431
0,250,21.6555,29.4247,11.9292,3.0565
0,250,22.1987,29.6486,12.9251,2.18178
0,250,22.3706,30.0644,13.902,3.42721
0,250,22.9443,30.0616,14.3474,1.45087
0,250,23.0884,30.6127,13.7118,2.16836
0,250,23.5288,30.4684,14.4219,1.7306
0,250,23.7817,30.9132,14.2795,1.80437
0,250,24.6224,31.0061,16.1047,0.360514
0,250,24.6038,31.5032,16.5119,1.16341
0,250,24.995,31.6734,13.8814,-0.0482694
0,250,24.4785,32.1067,11.6153,-0.428755
0,250,26.0597,31.8445,17.6955,-3.7364
0,250,25.1861,32.0136,15.5645,3.17345
0,250,23.8189,31.9882,13.3586,-0.260104
0,250,16.828,22.9094,1.66019,7.31076
0,250,17.4774,23.5073,3.79714,6.23071
0,250,17.8303,24.0747,5.31166,7.0878
0,250,18.2557,24.6516,5.96659,7.80215
0,250,18.5998,25.0677,7.05822,7.1038
0,250,18.9562,25.573,7.44798,7.26802
0,250,19.309,25.967,8.92309,6.98883
0,250,19.6403,26.4187,8.85976,6.23104
0,250,20.0123,26.8092,9.93621,5.63462
0,250,20.3184,27.2087,10.2986,5.89228
0,250,20.7225,27.5963,11.6374,5.26442
0,250,21.0249,27.975,11.9945,5.45734
0,250,21.4912,28.306,12.7384,4.04876
0,250,21.8057,28.6727,13.5033,4.7128
0,250,22.276,28.9428,12.704,3.30836
0,250,22.4935,29.4011,12.7566,4.62373
0,250,22.9426,29.5271,14.9544,3.64718
0,250,23.3248,29.9811,14.0389,2.34467
0,250,23.81,30.0974,15.5634,0.78664
0,250,24.3322,30.3168,15.5482,1.01447
0,250,24.2914,30.8466,15.3982,3.23196
0,250,25.1171,30.718,15.7161,2.40287
0,250,25.31,31.1596,14.669,0.472612
0,250,25.6532,31.2315,14.7989,0.684533
0,250,25.6037,31.7961,12.3012,0.0297697
0,250,26.2187,31.2622,17.569,-0.454946
0,250,26.9312,31.6974,17.1928,-0.210526
0,250,27.169,32.0272,15.8691,-0.0118173
0,250,27.6845,31.6712,16.5152,-1.44835
0,250,26.4098,31.7498,16.6387,-0.19295
0,250,17.724,23.4214,4.39802,7.83763
0,250,18.1912,24.1373,4.08961,8.34828
0,250,18.6888,24.4266,6.27436,7.97378
0,250,19.011,25.0593,6.36214,8.06189
0,250,19.4393,25.3318,7.99308,7.57
0,250,19.7501,25.9396,8.20761,7.86413
0,250,20.1643,26.2346,9.38513,7.12477
0,250,20.4677,26.7702,10.3778,6.60877
0,250,20.9056,27.0964,11.3208,6.2915
0,250,21.2316,27.5441,12.0439,5.98602
0,250,21.6733,27.9126,12.4528,5.82278
0,250,22.0326,28.2792,13.2202,4.80987
0,250,22.4534,28.6422,13.6234,4.75135
0,250,22.9069,28.9376,14.9456,3.51934
0,250,23.3158,29.2719,14.7954,4.18609
0,250,23.843,29.5189,15.4137,3.32223
0,250,24.2089,29.8828,14.833,2.12733
0,250,24.653,29.9847,15.6798,0.451644
0,250,24.908,30.3285,14.1875,-0.197874
0,250,25.4512,30.2027,17.1771,-0.145718
0,250,25.6004,30.6827,16.811,-0.600927
0,250,26.1207,30.6979,16.0866,-1.33087
0,250,26.5664,30.8809,16.0305,-1.5708
0,250,26.7377,31.1294,17.6248,-3.27704
0,250,27.3483,31.1959,16.0141,-0.747658
0,250,27.506,31.2197,15.723,-1.98975
0,250,28.5365,31.5413,16.3857,0.845185
0,250,27.9627,31.9937,17.757,0.375924
0,250,29.0654,31.3883,16.2527,-0.813424
0,250,28.284,31.3855,18.1501,-0.824266
1,250,1.5,1.5,0,0
1,250,1.5,2,0,0
1,250,32.5,1.5,0,0
1,250,33,1.5,0,0
1,250,2.5,32.5,0,0
1,250,2.5,33,0,0
1,250,1.5,2.5,0,0
1,250,2,2.5,0,0
1,250,2,1.5,0,0
1,250,2,2,0,0
1,250,32.5,2,0,0
1,250,33,2,0,0
1,250,3,32.5,0,0
1,250,3,33,0,0
1,250,1.5,3,0,0
1,250,2,3,0,0
1,250,2.5,1.5,0,0
1,250,2.5,2,0,0
1,250,32.5,2.5,0,0
1,250,33,2.5,0,0
1,250,3.5,32.5,0,0
1,250,3.5,33,0,0
1,250,1.5,3.5,0,0
1,250,2,3.5,0,0
1,250,3,1.5,0,0
1,250,3,2,0,0
1,250,32.5,3,0,0
1,250,33,3,0,0
1,250,4,32.5,0,0
1,250,4,33,0,0
1,250,1.5,4,0,0
1,250,2,4,0,0
1,250,3.5,1.5,0,0
1,250,3.5,2,0,0
1,250,32.5,3.5,0,0
1,250,33,3.5,0,0
1,250,4.5,32.5,0,0
1,250,4.5,33,0,0
1,250,1.5,4.5,0,0
1,250,2,4.5,0,0
1,250,4,1.5,0,0
1,250,4,2,0,0
1,250,32.5,4,0,0
1,250,33,4,0,0
1,250,5,32.5,0,0
1,250,5,33,0,0
1,250,1.5,5,0,0
1,250,2,5,0,0
1,250,4.5,1.5,0,0
1,250,4.5,2,0,0
1,250,32.5,4.5,0,0
1,250,33,4.5,0,0
1,250,5.5,32.5,0,0
1,250,5.5,33,0,0
1,250,1.5,5.5,0,0
1,250,2,5.5,0,0
1,250,5,1.5,0,0
1,250,5,2,0,0
1,250,32.5,5,0,0
1,250,33,5,0,0
1,250,6,32.5,0,0
1,250,6,33,0,0
1,250,1.5,6,0,0
1,250,2,6,0,0
1,250,5.5,1.5,0,0
1,250,5.5,2,0,0
1,250,32.5,5.5,0,0
1,250,33,5.5,0,0
1,250,6.5,32.5,0,0
1,250,6.5,33,0,0
1,250,1.5,6.5,0,0
1,250,2,6.5,0,0
1,250,6,1.5,0,0
1,250,6,2,0,0
1,250,32.5,6,0,0
1,250,33,6,0,0
1,250,7,32.5,0,0
1,250,7,33,0,0
1,250,1.5,7,0,0
1,250,2,7,0,0
1,250,6.5,1.5,0,0
1,250,6.5,2,0,0
1,250,32.5,6.5,0,0
1,250,33,6.5,0,0
1,250,7.5,32.5,0,0
1,250,7.5,33,0,0
1,250,1.5,7.5,0,0
1,250,2,7.5,0,0
1,250,7,1.5,0,0
1,250,7,2,0,0
1,250,32.5,7,0,0
1,250,33,7,0,0
1,250,8,32.5,0,0
1,250,8,33,0,0
1,250,1.5,8,0,0
1,250,2,8,0,0
1,250,7.5,1.5,0,0
1,250,7.5,2,0,0
1,250,32.5,7.5,0,0
1,250,33,7.5,0,0
1,250,8.5,32.5,0,0
1,250,8.5,33,0,0
1,250,1.5,8.5,0,0
1,250,2,8.5,0,0
1,250,8,1.5,0,0
1,250,8,2,0,0
1,250,32.5,8,0,0
1,250,33,8,0,0
1,250,9,32.5,0,0
1,250,9,33,0,0
1,250,1.5,9,0,0
1,250,2,9,0,0
1,250,8.5,1.5,0,0
1,250,8.5,2,0,0
1,250,32.5,8.5,0,0
1,250,33,8.5,0,0
1,250,9.5,32.5,0,0
1,250,9.5,33,0,0
1,250,1.5,9.5,0,0
1,250,2,9.5,0,0
1,250,9,1.5,0,0
1,250,9,2,0,0
1,250,32.5,9,0,0
1,250,33,9,0,0
1,250,10,32.5,0,0
1,250,10,33,0,0
1,250,1.5,10,0,0
1,250,2,10,0,0
1,250,9.5,1.5,0,0
1,250,9.5,2,0,0
1,250,32.5,9.5,0,0
1,250,33,9.5,0,0
1,250,10.5,32.5,0,0
1,250,10.5,33,0,0
1,250,1.5,10.5,0,0
1,250,2,10.5,0,0
1,250,10,1.5,0,0
1,250,10,2,0,0
1,250,32.5,10,0,0
1,250,33,10,0,0
1,250,11,32.5,0,0
1,250,11,33,0,0
1,250,1.5,11,0,0
1,250,2,11,0,0
1,250,10.5,1.5,0,0
1,250,10.5,2,0,0
1,250,32.5,10.5,0,0
1,250,33,10.5,0,0
1,250,11.5,32.5,0,0
1,250,11.5,33,0,0
1,250,1.5,11.5,0,0
1,250,2,11.5,0,0
1,250,11,1.5,0,0
1,250,11,2,0,0
1,250,32.5,11,0,0
1,250,33,11,0,0
1,250,12,32.5,0,0
1,250,12,33,0,0
1,250,1.5,12,0,0
1,250,2,12,0,0
1,250,11.5,1.5,0,0
1,250,11.5,2,0,0
1,250,32.5,11.5,0,0
1,250,33,11.5,0,0
1,250,12.5,32.5,0,0
1,250,12.5,33,0,0
1,250,1.5,12.5,0,0
1,250,2,12.5,0,0
1,250,12,1.5,0,0
1,250,12,2,0,0
1,250,32.5,12,0,0
1,250,33,12,0,0
1,250,13,32.5,0,0
1,250,13,33,0,0
1,250,1.5,13,0,0
1,250,2,13,0,0
1,250,12.5,1.5,0,0
1,250,12.5,2,0,0
1,250,32.5,12.5,0,0
1,250,33,12.5,0,0
1,250,13.5,32.5,0,0
1,250,13.5,33,0,0
1,250,1.5,13.5,0,0
1,250,2,13.5,0,0
1,250,13,1.5,0,0
1,250,13,2,0,0
1,250,32.5,13,0,0
1,250,33,13,0,0
1,250,14,32.5,0,0
1,250,14,33,0,0
1,250,1.5,14,0,0
1,250,2,14,0,0
1,250,13.5,1.5,0,0
1,250,13.5,2,0,0
1,250,32.5,13.5,0,0
1,250,33,13.5,0,0
1,250,14.5,32.5,0,0
1,250,14.5,33,0,0
1,250,1.5,14.5,0,0
1,250,2,14.5,0,0
1,250,14,1.5,0,0
1,250,14,2,0,0
1,250,32.5,14,0,0
1,250,33,14,0,0
1,250,15,32.5,0,0
1,250,15,33,0,0
1,250,1.5,15,0,0
1,250,2,15,0,0
1,250,14.5,1.5,0,0
1,250,14.5,2,0,0
1,250,32.5,14.5,0,0
1,250,33,14.5,0,0
1,250,15.5,32.5,0,0
1,250,15.5,33,0,0
1,250,1.5,15.5,0,0
1,250,2,15.5,0,0
1,250,15,1.5,0,0
1,250,15,2,0,0
1,250,32.5,15,0,0
1,250,33,15,0,0
1,250,16,32.5,0,0
1,250,16,33,0,0
1,250,1.5,16,0,0
1,250,2,16,0,0
1,250,15.5,1.5,0,0
1,250,15.5,2,0,0
1,250,32.5,15.5,0,0
1,250,33,15.5,0,0
1,250,16.5,32.5,0,0
1,250,16.5,33,0,0
1,250,1.5,16.5,0,0
1,250,2,16.5,0,0
1,250,16,1.5,0,0
1,250,16,2,0,0
1,250,32.5,16,0,0
1,250,33,16,0,0
1,250,17,32.5,0,0
1,250,17,33,0,0
1,250,1.5,17,0,0
1,250,2,17,0,0
1,250,16.5,1.5,0,0
1,250,16.5,2,0,0
1,250,32.5,16.5,0,0
1,250,33,16.5,0,0
1,250,17.5,32.5,0,0
1,250,17.5,33,0,0
1,250,1.5,17.5,0,0
1,250,2,17.5,0,0
1,250,17,1.5,0,0
1,250,17,2,0,0
1,250,32.5,17,0,0
1,250,33,17,0,0
1,250,18,32.5,0,0
1,250,18,33,0,0
1,250,1.5,18,0,0
1,250,2,18,0,0
1,250,17.5,1.5,0,0
1,250,17.5,2,0,0
1,250,32.5,17.5,0,0
1,250,33,17.5,0,0
1,250,18.5,32.5,0,0
1,250,18.5,33,0,0
1,250,1.5,18.5,0,0
1,250,2,18.5,0,0
1,250,18,1.5,0,0
1,250,18,2,0,0
1,250,32.5,18,0,0
1,250,33,18,0,0
1,250,19,32.5,0,0
1,250,19,33,0,0
1,250,1.5,19,0,0
1,250,2,19,0,0
1,250,18.5,1.5,0,0
1,250,18.5,2,0,0
1,250,32.5,18.5,0,0
1,250,33,18.5,0,0
1,250,19.5,32.5,0,0
1,250,19.5,33,0,0
1,250,1.5,19.5,0,0
1,250,2,19.5,0,0
1,250,19,1.5,0,0
1,250,19,2,0,0
1,250,32.5,19,0,0
1,250,33,19,0,0
1,250,20,32.5,0,0
1,250,20,33,0,0
1,250,1.5,20,0,0
1,250,2,20,0,0
1,250,19.5,1.5,0,0
1,250,19.5,2,0,0
1,250,32.5,19.5,0,0
1,250,33,19.5,0,0
1,250,20.5,32.5,0,0
1,250,20.5,33,0,0
1,250,1.5,20.5,0,0
1,250,2,20.5,0,0
1,250,20,1.5,0,0
1,250,20,2,0,0
1,250,32.5,20,0,0
1,250,33,20,0,0
1,250,21,32.5,0,0
1,250,21,33,0,0
1,250,1.5,21,0,0
1,250,2,21,0,0
1,250,20.5,1.5,0,0
1,250,20.5,2,0,0
1,250,32.5,20.5,0,0
1,250,33,20.5,0,0
1,250,21.5,32.5,0,0
1,250,21.5,33,0,0
1,250,1.5,21.5,0,0
1,250,2,21.5,0,0
1,250,21,1.5,0,0
1,250,21,2,0,0
1,250,32.5,21,0,0
1,250,33,21,0,0
1,250,22,32.5,0,0
1,250,22,33,0,0
1,250,1.5,22,0,0
1,250,2,22,0,0
1,250,21.5,1.5,0,0
1,250,21.5,2,0,0
1,250,32.5,21.5,0,0
1,250,33,21.5,0,0
1,250,22.5,32.5,0,0
1,250,22.5,33,0,0
1,250,1.5,22.5,0,0
1,250,2,22.5,0,0
1,250,22,1.5,0,0
1,250,22,2,0,0
1,250,32.5,22,0,0
1,250,33,22,0,0
1,250,23,32.5,0,0
1,250,23,33,0,0
1,250,1.5,23,0,0
1,250,2,23,0,0
1,250,22.5,1.5,0,0
1,250,22.5,2,0,0
1,250,32.5,22.5,0,0
1,250,33,22.5,0,0
1,250,23.5,32.5,0,0
1,250,23.5,33,0,0
1,250,1.5,23.5,0,0
1,250,2,23.5,0,0
1,250,23,1.5,0,0
1,250,23,2,0,0
1,250,32.5,23,0,0
1,250,33,23,0,0
1,250,24,32.5,0,0
1,250,24,33,0,0
1,250,1.5,24,0,0
1,250,2,24,0,0
1,250,23.5,1.5,0,0
1,250,23.5,2,0,0
1,250,32.5,23.5,0,0
1,250,33,23.5,0,0
1,250,24.5,32.5,0,0
1,250,24.5,33,0,0
1,250,1.5,24.5,0,0
1,250,2,24.5,0,0
1,250,24,1.5,0,0
1,250,24,2,0,0
1,250,32.5,24,0,0
1,250,33,24,0,0
1,250,25,32.5,0,0
1,250,25,33,0,0
1,250,1.5,25,0,0
1,250,2,25,0,0
1,250,24.5,1.5,0,0
1,250,24.5,2,0,0
1,250,32.5,24.5,0,0
1,250,33,24.5,0,0
1,250,25.5,32.5,0,0
1,250,25.5,33,0,0
1,250,1.5,25.5,0,0
1,250,2,25.5,0,0
1,250,25,1.5,0,0
1,250,25,2,0,0
1,250,32.5,25,0,0
1,250,33,25,0,0
1,250,26,32.5,0,0
1,250,26,33,0,0
1,250,1.5,26,0,0
1,250,2,26,0,0
1,250,25.5,1.5,0,0
1,250,25.5,2,0,0
1,250,32.5,25.5,0,0
1,250,33,25.5,0,0
1,250,26.5,32.5,0,0
1,250,26.5,33,0,0
1,250,1.5,26.5,0,0
1,250,2,26.5,0,0
1,250,26,1.5,0,0
1,250,26,2,0,0
1,250,32.5,26,0,0
1,250,33,26,0,0
1,250,27,32.5,0,0
1,250,27,33,0,0
1,250,1.5,27,0,0
1,250,2,27,0,0
1,250,26.5,1.5,0,0
1,250,26.5,2,0,0
1,250,32.5,26.5,0,0
1,250,33,26.5,0,0
1,250,27.5,32.5,0,0
1,250,27.5,33,0,0
1,250,1.5,27.5,0,0
1,250,2,27.5,0,0
1,250,27,1.5,0,0
1,250,27,2,0,0
1,250,32.5,27,0,0
1,250,33,27,0,0
1,250,28,32.5,0,0
1,250,28,33,0,0
1,250,1.5,28,0,0
1,250,2,28,0,0
1,250,27.5,1.5,0,0
1,250,27.5,2,0,0
1,250,32.5,27.5,0,0
1,250,33,27.5,0,0
1,250,28.5,32.5,0,0
1,250,28.5,33,0,0
1,250,1.5,28.5,0,0
1,250,2,28.5,0,0
1,250,28,1.5,0,0
1,250,28,2,0,0
1,250,32.5,28,0,0
1,250,33,28,0,0
1,250,29,32.5,0,0
1,250,29,33,0,0
1,250,1.5,29,0,0
1,250,2,29,0,0
1,250,28.5,1.5,0,0
1,250,28.5,2,0,0
1,250,32.5,28.5,0,0
1,250,33,28.5,0,0
1,250,29.5,32.5,0,0
1,250,29.5,33,0,0
1,250,1.5,29.5,0,0
1,250,2,29.5,0,0
1,250,29,1.5,0,0
1,250,29,2,0,0
1,250,32.5,29,0,0
1,250,33,29,0,0
1,250,30,32.5,0,0
1,250,30,33,0,0
1,250,1.5,30,0,0
1,250,2,30,0,0
1,250,29.5,1.5,0,0
1,250,29.5,2,0,0
1,250,32.5,29.5,0,0
1,250,33,29.5,0,0
1,250,30.5,32.5,0,0
1,250,30.5,33,0,0
1,250,1.5,30.5,0,0
1,250,2,30.5,0,0
1,250,30,1.5,0,0
1,250,30,2,0,0
1,250,32.5,30,0,0
1,250,33,30,0,0
1,250,31,32.5,0,0
1,250,31,33,0,0
1,250,1.5,31,0,0
1,250,2,31,0,0
1,250,30.5,1.5,0,0
1,250,30.5,2,0,0
1,250,32.5,30.5,0,0
1,250,33,30.5,0,0
1,250,31.5,32.5,0,0
1,250,31.5,33,0,0
1,250,1.5,31.5,0,0
1,250,2,31.5,0,0
1,250,31,1.5,0,0
1,250,31,2,0,0
1,250,32.5,31,0,0
1,250,33,31,0,0
1,250,32,32.5,0,0
1,250,32,33,0,0
1,250,1.5,32,0,0
1,250,2,32,0,0
1,250,31.5,1.5,0,0
1,250,31.5,2,0,0
1,250,32.5,31.5,0,0
1,250,33,31.5,0,0
1,250,32.5,32.5,0,0
1,250,32.5,33,0,0
1,250,1.5,32.5,0,0
1,250,2,32.5,0,0
1,250,32,1.5,0,0
1,250,32,2,0,0
1,250,32.5,32,0,0
1,250,33,32,0,0
1,250,33,32.5,0,0
1,250,33,33,0,0
1,250,1.5,33,0,0
1,250,2,33,0,0
