1396 2 0.5 5e+06 0.05 2 0 0.001 0 9.81 35 35
0,250,2.6953,21.93,2.6465,2.21425
0,250,2.81128,22.8863,-1.26074,1.94194
0,250,2.58966,23.3275,0.952729,0.760976
0,250,2.6121,24.1147,0.399394,4.55798
0,250,2.52862,24.6023,1.13578,3.71123
0,250,2.83524,24.8922,-0.715397,3.18531
0,250,2.36605,25.3531,-2.36432,2.50806
0,250,2.87352,25.6651,0.419872,1.42591
0,250,2.44847,25.8684,-0.608128,0.449028
0,250,2.5407,26.52,1.30159,1.62853
0,250,2.80909,26.8811,-0.619436,3.96097
0,250,2.43966,27.2546,-1.45783,2.43207
0,250,2.79541,27.5126,0.194122,0.197117
0,250,2.491,27.9105,-0.238812,2.12954
0,250,2.47623,28.4837,2.73025,3.92104
0,250,2.55974,28.9899,-0.500747,2.87818
0,250,3.10907,29.1723,-0.00225324,1.08548
0,250,2.49543,29.473,1.6015,3.35796
0,250,3.06232,29.6194,0.997772,2.71147
0,250,2.64865,29.8553,-0.678155,1.77708
0,250,2.35616,30.293,0.868066,2.36342
0,250,2.59552,30.7248,-0.580401,2.54078
0,250,2.37572,31.2339,1.90591,1.14975
0,250,2.40232,31.8193,-1.35915,2.81959
0,250,3.05144,31.1536,-1.77998,1.1533
0,250,2.92652,31.4962,-3.52534,0.759355
0,250,3.70455,31.0441,0.743555,0.55744
0,250,2.88258,31.9652,-1.17023,1.02272
0,250,3.51911,31.4836,0.506301,-0.395121
0,250,3.40144,31.9657,-0.689977,-1.66432
0,250,3.32381,21.6928,0.268627,2.71369
0,250,2.8641,21.621,-0.0570961,1.31969
0,250,2.5341,22.5339,-1.49522,3.17765
0,250,3.36578,22.4668,1.30135,2.23964
0,250,3.11646,23.048,0.605229,2.11906
0,250,3.32068,23.5219,0.895188,2.24172
0,250,3.02557,23.8048,0.0672393,0.939941
0,250,3.0314,24.3851,-1.04722,2.21303
0,250,3.06105,25.2483,0.394931,2.59278
0,250,3.62752,24.9107,0.197299,1.37959
0,250,3.56134,25.3512,1.48282,1.44819
0,250,2.85624,26.2639,-0.738435,1.70868
0,250,3.37924,26.2156,1.56953,1.84678
0,250,3.24282,26.7347,-0.281429,1.51566
0,250,3.24745,27.3131,0.836187,2.24733
0,250,3.36972,27.8628,0.816004,3.22079
0,250,2.94862,28.0957,0.123564,2.14503
0,250,2.88645,28.6401,1.96311,2.86477
0,250,3.42685,28.8569,0.131098,2.71417
0,250,3.69433,29.3235,0.727603,0.715263
0,250,3.5745,29.7736,-0.916198,1.87585
0,250,4.09267,29.6995,-0.49642,2.81192
0,250,3.09648,30.2075,0.00656147,3.11615
0,250,2.98222,30.6265,-0.634649,1.10319
0,250,3.58653,30.7126,-0.958315,0.987368
0,250,4.09835,30.4978,0.0931693,-1.33456
0,250,4.26827,31.0206,1.99385,-0.0612381
0,250,4.22153,31.3952,1.76571,-0.788311
0,250,4.27265,31.9978,0.625626,-2.0668
0,250,3.8198,31.8356,-0.0250928,-0.183645
0,250,4.02581,21.6127,0.568701,1.29218
0,250,3.10467,22.2614,-1.08381,2.64134
0,250,3.82492,22.4862,0.118952,2.55929
0,250,3.76785,23.1054,0.780934,2.26959
0,250,3.84759,23.4832,1.43972,2.3376
0,250,3.59477,24.046,-0.0012825,1.60156
0,250,4.04784,24.539,1.3159,2.25741
0,250,3.4506,24.4934,-0.369553,1.16331
0,250,4.17402,25.097,2.43896,1.45162
0,250,4.08369,25.515,0.853265,2.19078
0,250,3.43186,25.8489,-0.0699293,1.08319
0,250,3.95948,25.9939,-0.539892,1.23527
0,250,3.96975,26.4928,0.972898,0.0184752
0,250,3.70302,26.8189,0.528705,1.62239
0,250,3.63434,27.3605,-0.862405,1.85097
0,250,3.82752,28.0585,1.1507,3.80393
0,250,4.24515,28.2505,0.439209,1.47112
0,250,3.43025,28.3598,-0.623589,1.88478
0,250,3.90816,28.7359,-1.02164,2.24322
0,250,4.17311,29.018,1.06249,-0.82191
0,250,4.45948,29.4424,0.125151,1.50054
0,250,4.78531,29.8404,0.681487,0.318151
0,250,3.58373,30.2161,1.10471,0.0635209
0,250,4.88482,30.3759,1.97217,0.543032
0,250,4.31782,30.0979,0.742354,-0.396159
0,250,4.56595,30.6557,0.854931,0.391362
0,250,4.87856,31.226,0.0572276,0.156973
0,250,4.60776,31.7344,3.86014,-0.00400641
0,250,5.23801,31.5769,2.34008,0.0263938
0,250,4.96969,32.0075,1.96403,0.769247
0,250,4.10532,21.897,0.303259,2.87307
0,250,4.25573,22.3751,1.04142,2.90648
0,250,4.14335,22.8675,0.343479,1.45886
0,250,4.4125,23.372,-0.230114,2.32412
0,250,4.03122,24.0158,1.22015,1.79506
0,250,4.48449,24.0686,-0.81693,2.29674
0,250,4.49907,24.5778,0.987035,2.09011
0,250,4.77894,24.9924,0.433246,2.65583
0,250,4.62008,25.444,1.54865,1.81408
0,250,4.3874,26.0073,0.907184,1.65834
0,250,4.86709,26.3106,1.48431,1.9813
0,250,4.49791,26.6311,0.880953,2.59289
0,250,4.5987,26.9766,-0.484935,2.65569
0,250,4.11194,27.2353,0.23644,2.3948
0,250,4.61006,27.5213,0.140334,2.43528
0,250,4.19837,27.7433,-0.824741,1.08117
0,250,4.7159,28.1673,0.270027,1.42085
0,250,4.57982,28.6757,0.857648,1.95883
0,250,4.83161,29.1675,2.38566,0.361133
0,250,5.25523,29.4087,1.20961,0.363626
0,250,5.16896,29.9899,1.63093,1.35489
0,250,5.65195,29.6297,0.922778,0.932506
0,250,5.74649,30.1496,1.1778,0.821367
0,250,6.23793,30.3503,2.10658,-0.199935
0,250,5.4352,30.4968,0.794052,-0.173612
0,250,5.14797,30.9679,0.283901,-0.269101
0,250,6.24785,31.0823,2.57422,-0.894544
0,250,5.59895,31.1519,0.627587,-0.887955
0,250,5.8618,31.4589,0.506134,-0.650121
0,250,5.50367,32.0502,1.28816,3.21444
0,250,4.61558,21.4961,0.375183,2.3374
0,250,5.02961,21.8968,0.521847,2.72977
0,250,4.74239,22.5339,0.106117,2.53596
0,250,4.87361,22.904,-0.34781,4.21903
0,250,5.13394,23.3183,0.858988,1.64529
0,250,4.62494,23.6236,0.2394,2.71879
0,250,5.10331,24.0908,1.04189,1.58447
0,250,4.99814,24.4914,1.43132,2.82611
0,250,5.28942,24.9398,2.35476,1.20187
0,250,5.20258,25.4013,0.692989,0.710004
0,250,4.87282,25.823,0.363878,0.250071
0,250,5.47964,26.1865,1.03472,1.90945
0,250,5.20221,26.6473,2.12101,2.91958
0,250,5.53759,26.9529,1.02078,1.48367
0,250,5.08355,27.1853,0.786794,1.95939
0,250,5.4965,27.465,-0.149949,2.41502
0,250,5.01054,27.7469,0.102244,2.04784
0,250,5.2609,28.1976,-0.015635,1.30903
0,250,5.02676,28.695,-0.964515,0.436073
0,250,5.88406,28.9133,2.07599,1.9216
0,250,5.41055,28.9621,2.82406,1.69914
0,250,6.02889,29.3024,1.96852,0.981197
0,250,6.62938,29.4081,2.58766,0.789024
0,250,6.17635,29.777,1.23305,0.16847
0,250,6.55922,30.6202,4.0117,0.578326
0,250,5.85397,30.685,2.36978,-0.480639
0,250,6.64149,31.1661,1.55645,0.723785
0,250,6.39743,31.7198,3.08421,0.801221
0,250,5.96723,31.9303,0.436026,-2.62402
0,250,6.6638,32.136,2.37047,0.862288
0,250,5.46396,22.0319,0.557252,2.10834
0,250,5.22135,22.4541,-0.258835,2.49698
0,250,5.6773,22.6956,0.0998921,1.86098
0,250,5.58335,23.2643,1.25793,2.27239
0,250,5.35674,23.6795,1.64027,1.20511
0,250,5.89214,23.9246,1.70886,2.05718
0,250,5.57721,24.305,0.88753,2.58188
0,250,5.92021,24.5882,2.04615,0.989157
0,250,5.7534,25.0333,1.46231,0.205409
0,250,5.87292,25.4593,-0.161661,1.91931
0,250,5.50115,25.789,1.7252,0.803536
0,250,6.17418,26.0723,0.722769,1.53501
0,250,5.86316,26.4254,0.768463,0.489357
0,250,6.06233,26.8388,0.615209,1.77255
0,250,6.02524,27.3237,3.00259,2.79866
0,250,6.14044,27.6993,0.976742,0.304394
0,250,5.61436,27.9473,1.32387,-0.0248436
0,250,6.24151,28.1575,1.53036,0.601627
0,250,5.72775,28.4353,0.315271,0.768607
0,250,6.29426,28.5782,0.973297,0.991522
0,250,6.56666,28.9551,1.91793,-0.316524
0,250,7.05047,29.4793,1.64294,0.847042
0,250,7.14273,30.0138,2.38156,0.617849
0,250,6.6,29.9658,2.65016,1.15788
0,250,7.05275,30.4634,2.15901,0.349393
0,250,7.1128,30.938,3.04869,-0.123244
0,250,8.12957,31.0044,2.45022,-0.858618
0,250,7.51575,31.4644,3.18787,1.06442
0,250,6.92933,31.5554,2.4244,-0.368893
0,250,7.18324,31.8651,2.673,-0.502826
0,250,5.79707,21.9369,1.26744,2.78134
0,250,6.38748,21.9013,2.22679,2.29566
0,250,6.01548,22.5715,1.1716,1.99383
0,250,6.34597,23.0428,1.13945,2.76254
0,250,6.0932,23.4475,1.20376,1.92813
0,250,6.37665,23.8344,1.33236,2.60303
0,250,6.28998,24.2797,0.553763,2.21257
0,250,6.51879,24.7725,0.822446,0.807505
0,250,6.2902,25.1528,0.861106,1.74193
0,250,6.82646,25.6308,2.29252,1.11239
0,250,6.30823,25.7232,1.11257,0.25396
0,250,6.73603,26.2395,1.07377,0.0582737
0,250,6.49217,26.5899,2.27289,0.896786
0,250,6.65057,27.0559,1.29392,1.32225
0,250,6.65123,27.4382,1.86512,1.40551
0,250,7.14767,27.5984,1.27622,1.7831
0,250,6.69157,27.9678,1.27372,1.35411
0,250,7.12425,28.1083,1.45342,0.492084
0,250,6.89314,28.5732,1.59341,0.145467
0,250,7.70033,28.8138,1.93456,1.12868
0,250,7.14349,28.9161,1.20587,0.902221
0,250,7.47189,29.382,1.89711,0.88633
0,250,8.2641,29.7397,3.22722,0.315418
0,250,7.7434,29.8588,3.48085,1.97673
0,250,7.52844,30.2918,2.51172,0.751111
0,250,7.5447,31.011,2.2976,1.21988
0,250,7.88259,30.6019,2.14203,-0.142841
0,250,8.64075,31.1158,3.22267,0.714214
0,250,7.98367,31.4344,4.97639,-0.104437
0,250,7.63115,32.047,2.57642,-0.836047
0,250,6.73553,21.9108,0.763465,2.58283
0,250,6.44836,22.4426,2.19128,2.64505
0,250,6.80247,22.7334,1.01875,1.50262
0,250,6.72643,23.3052,1.02049,1.87073
0,250,6.91031,23.659,2.01254,2.64228
0,250,7.021,24.202,0.976362,2.06428
0,250,6.86849,24.5151,1.135,2.19596
0,250,7.28347,24.9736,2.83615,2.4371
0,250,6.82281,25.2432,1.53937,1.75488
0,250,7.43654,25.3999,0.712755,-0.0382679
0,250,7.15355,26.0156,2.02643,1.88098
0,250,7.45895,26.3892,1.60582,1.65906
0,250,7.11088,26.7506,1.84205,2.08457
0,250,7.73905,26.7446,1.63206,0.982325
0,250,7.31113,27.101,1.96805,1.69135
0,250,7.64935,27.5359,1.97626,1.37597
0,250,7.65367,28.0155,2.09127,0.0657605
0,250,8.2715,28.4071,1.2488,-0.478602
0,250,7.54361,28.4625,0.732107,1.60282
0,250,8.53573,29.3246,2.66338,1.58347
0,250,7.98282,29.3049,2.0852,1.54589
0,250,9.11813,29.6336,3.65104,2.42977
0,250,8.72532,29.8315,2.83269,0.146435
0,250,8.24622,30.2744,3.40286,2.21935
0,250,9.36643,30.6203,2.66179,0.0635884
0,250,8.55973,30.4984,3.10342,0.237559
0,250,9.02945,30.9698,3.37665,1.3785
0,250,8.9127,31.5668,4.55736,1.54071
0,250,8.4279,31.5949,2.11155,0.622289
0,250,8.08616,32.0729,2.76139,-0.045121
0,250,7.18871,22.032,1.83898,2.67436
0,250,7.23111,22.4843,0.786129,2.65133
0,250,7.26852,22.883,0.902824,2.64436
0,250,7.49081,23.3007,1.34933,2.62278
0,250,7.43123,23.7529,1.37362,2.04389
0,250,7.63093,24.1476,2.35466,2.17329
0,250,7.53869,24.5197,2.0079,2.56078
0,250,7.85247,25.0096,1.22837,1.07617
0,250,7.92894,25.5517,3.27578,3.24092
0,250,8.27808,26.0129,2.23102,1.77559
0,250,7.61719,25.8734,1.19802,0.420923
0,250,8.11206,26.351,1.33473,1.77709
0,250,8.26703,26.8018,2.58842,2.15892
0,250,8.58281,27.26,1.79663,0.865445
0,250,7.96121,27.2308,1.83488,1.4377
0,250,8.28917,27.5857,1.50122,0.485722
0,250,8.17051,28.0558,1.99801,0.578321
0,250,9.29231,28.5005,3.78735,1.20926
0,250,8.19719,28.8803,2.71809,0.632657
0,250,9.04954,29.0813,2.44506,-0.53418
0,250,9.61463,29.5366,3.95845,1.65612
0,250,9.4025,29.9696,3.8132,2.0339
0,250,10.4898,30.154,3.80569,0.603089
0,250,8.96848,30.3929,2.9709,2.80022
0,250,9.805,30.4231,4.36255,1.56936
0,250,9.59121,31.127,3.03743,-0.528656
0,250,9.39515,31.5708,2.69416,-0.63291
0,250,9.97665,31.6725,0.894624,1.06272
0,250,8.70887,32.1731,1.24803,-4.00612
0,250,9.28957,31.9856,3.15693,0.010607
0,250,7.92029,22.1639,1.85541,2.79297
0,250,7.85544,22.5966,1.53068,3.05631
0,250,7.91115,23.0597,1.828,2.68654
0,250,8.02481,23.51,1.41789,2.18531
0,250,8.15291,23.9,1.1487,2.60179
0,250,8.25456,24.3568,1.26393,3.27116
0,250,8.1131,24.7502,1.19526,2.67875
0,250,8.61402,25.0438,1.97854,1.44629
0,250,8.39323,25.4329,2.10339,1.78603
0,250,8.77925,25.7016,2.30062,1.76873
0,250,8.76902,26.1754,3.05719,1.50744
0,250,9.11425,26.8657,2.94337,2.13746
0,250,8.74632,26.6796,2.47764,1.40898
0,250,9.07022,27.4268,2.09679,0.915476
0,250,8.80548,27.8323,1.0805,2.26562
0,250,9.343,27.9571,2.29934,2.06654
0,250,8.83459,28.2666,2.77026,1.90826
0,250,9.75582,28.1563,2.31563,0.548814
0,250,8.78406,28.7716,2.8599,-0.284827
0,250,9.52519,28.916,3.09029,1.77513
0,250,10.0864,29.5332,3.98445,0.43285
0,250,9.94698,30.0057,3.44605,1.37656
0,250,10.5543,29.6836,4.36587,-0.300692
0,250,10.6304,30.7133,3.03067,0.501011
0,250,10.4449,31.3045,1.47778,2.38712
0,250,10.9171,31.2072,2.71908,-0.363659
0,250,10.2249,30.642,2.83303,1.39935
0,250,9.97708,31.1138,2.71554,-0.0225159
0,250,10.4165,31.7587,4.13914,0.625061
0,250,9.8455,32.1134,-1.6438,-2.51237
0,250,8.2854,22.2373,1.73965,2.8734
0,250,8.4225,22.6785,1.51118,2.89497
0,250,8.50467,23.1198,1.29425,2.51108
0,250,8.65937,23.5087,1.47266,1.57708
0,250,8.67366,23.9898,2.23751,2.30125
0,250,8.87418,24.3445,2.16038,2.76348
0,250,8.94506,24.7931,1.86997,2.1947
0,250,9.11663,25.2733,2.04864,1.9823
0,250,9.3218,25.6769,2.81201,2.80547
0,250,9.61616,25.9706,1.95153,1.9798
0,250,9.23165,26.342,1.51694,1.12315
0,250,9.72186,26.4877,2.85672,1.67676
0,250,9.64566,26.9082,2.22175,2.46552
0,250,10.3144,27.3991,2.42148,2.26637
0,250,9.51299,27.4061,3.1385,0.319865
0,250,9.89136,27.6646,3.79108,0.0830096
0,250,10.3159,27.9969,2.77474,0.392582
0,250,10.5017,28.5632,1.58584,0.725769
0,250,10.0492,28.5166,3.51708,2.03035
0,250,10.4427,29.045,3.07972,1.25407
0,250,9.97022,28.9999,3.59932,1.74056
0,250,10.8737,29.3658,2.87466,1.52457
0,250,10.9337,30.1601,3.2369,2.67105
0,250,11.3642,30.2282,5.39798,0.749451
0,250,11.0888,30.7138,1.29582,-1.78571
0,250,11.9474,31.4277,4.15471,-0.729237
0,250,11.4974,31.2233,3.8306,0.141415
0,250,11.0553,31.5956,2.15086,-1.49233
0,250,11.2358,31.9911,2.56394,0.673079
0,250,10.717,32.1068,3.94482,-2.52814
0,250,8.91963,22.3984,1.31725,2.70887
0,250,9.05203,22.7918,1.56904,3.04462
0,250,9.1199,23.2554,1.93217,2.53782
0,250,9.30364,23.6177,2.05432,2.23178
0,250,9.32881,24.077,2.16782,2.62445
0,250,9.52759,24.3982,2.54054,2.34251
0,250,9.53539,24.8762,1.85416,1.39383
0,250,9.74428,25.1903,2.13925,0.935278
0,250,9.95413,25.6194,3.44089,2.59929
0,250,10.1824,26.231,2.93482,2.78821
0,250,10.4267,26.6264,3.37971,2.79515
0,250,10.7996,27.1579,4.20424,2.01669
0,250,10.0911,27.0421,3.05794,2.64515
0,250,10.9551,27.5825,4.6627,2.0052
0,250,10.7033,27.8963,4.23721,2.31947
0,250,11.5176,28.0633,4.33018,2.43034
0,250,11.0193,28.366,4.81135,2.03392
0,250,11.4504,28.4942,2.82551,0.394063
0,250,10.9891,28.834,4.38072,0.0671151
0,250,11.4054,29.104,3.28047,0.132118
0,250,11.2599,29.6015,4.19672,0.697941
0,250,11.6789,29.9584,5.05724,-0.0655299
0,250,11.9689,30.554,3.67588,-0.981137
0,250,12.1766,30.9496,4.14065,0.801735
0,250,11.5797,30.7828,3.53574,0.704772
0,250,12.3997,31.5503,3.52005,0.324815
0,250,11.6649,31.8121,3.37568,-0.23269
0,250,12.0378,32.0679,4.40148,-4.37732
0,250,13.4908,31.7775,4.34614,0.184778
0,250,13.1307,32.0331,5.98947,0.694184
0,250,9.47111,22.4165,2.14757,2.82332
0,250,9.71381,22.9456,2.40378,3.10894
0,250,9.74347,23.3812,2.45645,2.29866
0,250,9.97482,23.7863,2.13027,2.72035
0,250,10.0675,24.2309,2.15492,2.20292
0,250,10.1124,24.6307,1.60779,2.35337
0,250,10.3027,25.0296,2.34561,2.99755
0,250,10.5417,25.4239,2.36079,2.10925
0,250,10.3942,25.8646,2.86287,1.76477
0,250,10.9476,26.0524,2.50638,2.29129
0,250,10.8028,26.5289,2.83351,2.46308
0,250,11.21,26.9538,3.41827,3.3348
0,250,11.6433,27.1432,3.27922,1.31911
0,250,12.1301,28.0173,4.84772,2.53924
0,250,11.46,27.621,3.72796,1.97988
0,250,12.6585,28.0532,5.1323,1.45965
0,250,12.0365,28.4314,4.1268,1.46909
0,250,12.2762,29.0935,3.97857,2.70741
0,250,11.9611,28.886,3.01179,2.00017
0,250,11.75,29.4527,1.11865,0.863914
0,250,12.1628,29.8851,3.96354,1.50931
0,250,12.6962,29.9773,3.98874,1.01856
0,250,12.4066,30.3984,3.39347,0.180369
0,250,12.8878,30.5053,3.84326,0.830233
0,250,12.6454,30.9839,3.38094,2.0418
0,250,12.8159,31.5964,4.91298,1.28388
0,250,12.5993,32.0456,3.34546,1.11072
0,250,13.3509,31.3255,3.02419,0.920498
0,250,14.0912,31.4734,6.67275,0.314222
0,250,13.9205,31.9804,4.0244,-0.0181637
0,250,10.1059,22.6111,1.95442,3.51118
0,250,10.2468,23.0497,1.83991,3.40323
0,250,10.4492,23.4466,2.2943,2.16892
0,250,10.525,23.875,1.95374,2.35663
0,250,10.7138,24.3539,2.07499,1.85176
0,250,10.7803,24.8415,2.09621,2.31191
0,250,11.0213,25.1435,2.60754,2.57063
0,250,11.0886,25.6711,2.7393,2.74007
0,250,11.5571,25.9089,3.75897,2.14194
0,250,11.3459,26.3877,2.09448,2.02256
0,250,11.7436,26.645,4.42527,2.51034
0,250,12.2039,26.9922,3.55003,1.80775
0,250,11.9316,27.5908,3.97727,1.95869
0,250,12.3885,27.3597,3.05486,1.19711
0,250,12.8623,27.7532,4.8583,1.79975
0,250,12.9121,28.9217,3.88772,0.201882
0,250,12.56,28.5993,4.45588,0.512966
0,250,12.9599,29.2681,2.53135,1.9016
0,250,12.3836,29.5555,3.15426,1.5116
0,250,13.6741,28.9616,4.9652,0.499101
0,250,13.0737,29.6452,3.9413,1.62974
0,250,13.6569,29.8506,4.74545,0.0282141
0,250,13.2183,30.1477,4.35661,0.53629
0,250,13.4717,30.5554,3.5795,1.06767
0,250,13.0872,31.0284,3.80138,0.189931
0,250,14.3725,31.0806,2.81967,2.09745
0,250,13.794,31.1084,4.74037,-0.800322
0,250,14.586,31.5733,5.14925,0.155294
0,250,14.96,32.0664,6.87361,1.4493
0,250,14.3894,32.0213,5.17036,-0.0821636
0,250,10.7036,22.6688,2.05235,3.04012
0,250,10.9564,23.2906,1.8261,2.72907
0,250,11.0791,23.6511,2.43794,3.9296
0,250,11.1773,24.0864,2.23282,2.7784
0,250,11.3164,24.491,2.81981,2.4958
0,250,11.6377,24.8231,3.11562,1.87625
0,250,11.5314,25.2974,2.28193,2.20596
0,250,11.8687,25.6044,3.27986,2.79047
0,250,12.0367,26.307,3.30594,3.85223
0,250,12.4458,26.4444,4.27931,2.35582
0,250,12.7072,26.918,3.77968,3.11144
0,250,13.058,27.2929,5.08242,2.3197
0,250,13.2983,28.0318,3.89403,2.58828
0,250,13.9522,28.4038,5.06071,1.51428
0,250,13.0493,28.457,4.07825,1.98526
0,250,13.5572,28.5316,1.1109,1.98479
0,250,14.311,28.854,5.58102,2.08944
0,250,14.823,29.2451,5.78125,1.47344
0,250,14.1572,29.2671,3.79879,1.33753
0,250,13.9954,29.8582,3.41885,2.03849
0,250,13.6217,29.3423,5.25542,0.72519
0,250,14.2508,30.4893,4.03354,1.72557
0,250,13.8279,30.6299,3.19783,1.3105
0,250,15.2567,30.8626,6.47977,1.69263
0,250,14.6378,30.6513,3.68265,0.373554
0,250,16.2944,31.112,5.17037,1.19587
0,250,15.1687,31.7045,2.61862,0.132219
0,250,16.0084,31.6076,6.41856,1.03156
0,250,16.1246,32.0899,6.34369,2.96297
0,250,15.6011,31.9677,6.10664,-0.461368
0,250,11.2984,22.8555,2.31327,3.0256
0,250,11.5621,23.197,2.84149,1.91682
0,250,11.7961,23.8355,2.97316,3.12014
0,250,11.8439,24.1903,2.27559,2.25496
0,250,12.1074,24.6299,2.81557,3.35371
0,250,12.1314,25.1019,3.04548,2.55614
0,250,12.4948,25.2851,3.22081,2.04962
0,250,12.3265,25.867,2.89393,2.38072
0,250,12.7701,25.9824,3.06714,1.26507
0,250,12.9856,26.47,4.53265,2.32752
0,250,13.3082,26.9362,3.63233,2.52984
0,250,13.5155,27.5601,4.17981,3.91066
0,250,13.9173,27.8362,3.22552,2.56977
0,250,14.3376,27.9874,4.51937,0.557553
0,250,14.5289,28.4683,5.87039,0.963148
0,250,15.4333,29.1681,4.46879,1.80162
0,250,14.9579,28.9213,6.70046,2.83694
0,250,15.3111,29.5754,4.35657,1.50627
0,250,14.4666,29.6204,5.8117,2.0177
0,250,15.0083,30.0075,3.32735,1.87609
0,250,14.5096,30.0578,3.88631,1.15369
0,250,15.579,30.13,4.56795,0.236814
0,250,15.1519,30.4096,5.54674,2.10761
0,250,15.8388,30.9513,5.15005,1.08124
0,250,14.929,31.2168,5.71075,0.923458
0,250,17.9981,30.9758,6.56791,2.64584
0,250,15.5029,31.2812,5.52803,1.44843
0,250,16.5394,31.6327,6.05539,-1.15907
0,250,17.3055,31.2887,5.51079,0.747764
0,250,16.7996,32.1086,5.96222,1.52058
0,250,12.0342,23.0262,2.9555,3.32146
0,250,12.1308,23.6247,3.37366,3.40221
0,250,12.4665,24.0098,2.94196,2.73536
0,250,12.6738,24.4275,3.52947,3.00656
0,250,12.8424,24.7551,2.42474,2.43048
0,250,12.9425,25.2873,3.05085,3.30041
0,250,13.0067,25.6394,2.82892,2.84616
0,250,13.5663,25.9698,3.67199,2.17328
0,250,13.4119,26.3535,2.53204,2.02972
0,250,13.8082,26.7946,3.77822,2.89631
0,250,13.8394,27.2677,2.86615,3.12541
0,250,14.3297,27.3169,2.63632,0.792538
0,250,14.704,27.6591,4.69376,1.87486
0,250,14.9002,28.1856,5.05839,1.74701
0,250,15.2641,28.4676,4.65367,1.12614
0,250,15.65,28.6865,4.39889,0.234547
0,250,16.1809,28.9867,5.07993,2.23382
0,250,16.6533,29.4753,6.68371,1.62892
0,250,16.0051,29.3584,6.43611,1.00923
0,250,16.4533,29.7926,5.82957,-0.787118
0,250,15.7992,29.6877,4.26245,0.128752
0,250,16.265,30.1836,6.57328,0.259759
0,250,15.8034,30.5008,5.37255,0.228311
0,250,16.4298,30.573,5.60706,2.7812
0,250,17.2323,30.9881,6.2735,0.829664
0,250,18.7154,31.2403,6.68265,-0.0209619
0,250,16.7144,31.25,7.31554,0.613602
0,250,17.5877,30.6759,3.95258,-0.213244
0,250,17.9272,31.3227,5.02768,-1.26636
0,250,17.2389,31.7837,4.44943,1.33798
0,250,12.5927,23.223,2.7441,3.01656
0,250,12.7927,23.6641,2.38181,3.42734
0,250,13.1667,24.1943,3.7529,2.86603
0,250,13.3506,24.6521,4.01858,2.54289
0,250,13.6081,25.0835,4.31259,3.31667
0,250,13.7029,25.4569,2.75185,2.50541
0,250,14.1513,25.7973,4.55723,2.47793
0,250,14.012,26.2505,3.27181,2.22446
0,250,14.2187,26.6572,3.72891,2.47766
0,250,14.6672,26.9189,4.54909,1.8568
0,250,15.0781,27.1936,5.26206,0.448391
0,250,15.1594,27.6605,5.62329,1.87329
0,250,15.5046,28.0341,4.00056,2.26989
0,250,16.0028,28.3428,5.95094,3.40047
0,250,16.4452,28.6872,6.18618,1.64303
0,250,16.8423,29.0162,5.44622,0.453388
0,250,17.1796,29.3874,4.45674,1.64246
0,250,18.0634,29.4062,7.58057,0.224926
0,250,17.2065,29.8422,7.57584,1.00243
0,250,17.7892,29.9085,6.91094,0.434826
0,250,16.9644,30.1303,5.5746,1.56692
0,250,17.6041,30.2777,5.63805,0.61377
0,250,16.8125,30.5637,6.03151,1.18474
0,250,18.7007,30.1684,9.45425,-1.28683
0,250,18.2212,30.3913,4.97772,-2.69148
0,250,18.9934,31.4964,6.29359,0.752766
0,250,18.2983,31.534,5.49364,-0.906107
0,250,18.4268,32.0023,5.76995,-4.3398
0,250,19.438,31.9698,10.251,1.2303
0,250,17.524,31.9356,2.31895,-0.126553
0,250,13.1603,23.4894,3.08878,3.29273
0,250,13.5248,23.8377,3.77525,3.60431
0,250,13.7375,24.4568,3.93505,3.18958
0,250,14.0541,24.8251,3.40807,2.90104
0,250,14.1997,25.2376,3.91882,2.76047
0,250,14.6334,25.6207,4.80219,2.24481
0,250,14.5981,26.1153,3.53654,3.35132
0,250,14.8995,26.4718,3.7881,3.03657
0,250,15.2733,26.7104,4.11028,2.3391
0,250,15.6038,27.2316,4.96534,3.18506
0,250,15.7965,27.6203,4.65282,1.85486
0,250,16.0947,27.9931,5.53779,2.40334
0,250,16.7524,28.2659,6.54673,1.12063
0,250,17.0718,28.6029,6.80866,2.6453
0,250,17.4468,28.8569,5.74082,2.64308
0,250,17.6709,29.2535,5.37046,0.625684
0,250,18.8236,29.6752,7.58281,3.81142
0,250,19.2535,29.8995,6.67416,0.725218
0,250,18.2729,29.8692,6.61159,0.493831
0,250,19.76,29.9409,6.92615,-1.27186
0,250,19.0875,30.4046,8.09528,-0.0907081
0,250,20.2405,30.805,8.4188,-0.0898009
0,250,19.577,30.4697,9.5024,0.374622
0,250,18.9079,30.8277,8.49341,0.462269
0,250,18.4434,30.7394,6.62309,0.0524499
0,250,19.4634,31.591,8.80451,0.155624
0,250,18.9421,32.0172,8.2459,-2.35798
0,250,20.8482,31.987,9.04198,1.58585
0,250,20.0366,31.7132,5.90882,-0.339746
0,250,17.9581,31.9338,3.92207,0.402326
0,250,13.8657,23.7135,3.94833,3.79493
0,250,14.2038,24.1308,3.37296,3.4916
0,250,14.6032,24.7076,4.18877,3.7652
0,250,14.7838,25.1748,3.92322,3.72359
0,250,15.1833,25.7334,4.60672,3.25543
0,250,15.2922,26.0744,4.41537,3.16204
0,250,15.7488,26.3571,4.52592,2.18842
0,250,15.7843,26.7849,5.2905,2.48955
0,250,16.2571,27.1054,4.57953,1.74083
0,250,16.3845,27.5141,4.33474,1.33875
0,250,16.7457,27.8337,5.44208,1.97608
0,250,17.2289,28.0471,6.41373,2.75175
0,250,17.789,28.4789,7.63386,2.99824
0,250,18.0963,28.9099,6.93573,1.42854
0,250,18.5974,29.2829,6.42107,1.55835
0,250,19.1106,29.2675,8.71825,1.4161
0,250,19.6088,29.4872,8.30203,0.00660933
0,250,20.2959,29.9339,11.0305,1.62656
0,250,20.6577,30.4006,8.31302,0.800534
0,250,21.0686,30.7074,5.978,1.38164
0,250,20.0539,30.3829,10.2882,-0.142098
0,250,20.7852,31.0821,7.16141,2.58094
0,250,20.2985,31.2383,7.13125,-0.0208957
0,250,20.7499,31.6063,8.62425,0.853395
0,250,19.4784,30.9267,8.5193,1.54703
0,250,19.8004,31.0984,7.04176,-2.1083
0,250,21.3374,31.96,7.12013,2.05894
0,250,22.3451,31.1698,10.3664,-1.06881
0,250,21.927,31.5798,9.0454,2.06601
0,250,20.0926,31.9636,10.2754,0.653485
0,250,14.4444,23.9277,3.36947,3.7227
0,250,14.8723,24.328,4.2534,3.15772
0,250,15.0951,24.8946,4.07213,3.57448
0,250,15.5146,25.27,4.45383,3.47585
0,250,15.7611,25.7138,4.43649,2.62452
0,250,16.1636,26.2235,4.63112,3.48798
0,250,16.411,26.574,5.086,3.40874
0,250,16.6946,26.8983,4.87228,1.88082
0,250,16.8929,27.2922,5.34818,1.71376
0,250,17.3222,27.6008,6.72407,1.71083
0,250,17.7803,28.0902,5.611,1.64821
0,250,18.2677,28.2459,7.08885,2.94808
0,250,18.5466,28.7873,6.58702,2.83002
0,250,19.1286,28.7961,6.99573,2.22504
0,250,20.1029,29.4751,9.52044,2.4476
0,250,20.6502,29.5747,7.7706,0.233439
0,250,20.8763,30.1215,8.55592,2.01764
0,250,21.4435,30.2949,9.04025,-0.408284
0,250,22.4449,30.5417,9.37253,0.228476
0,250,22.8451,30.4053,9.52678,-0.723595
0,250,21.5128,30.7619,7.99136,2.06459
0,250,22.0036,30.8475,6.64603,-0.44193
0,250,21.1759,31.397,8.89064,2.60508
0,250,22.7957,31.0227,9.29718,-0.20206
0,250,21.6114,31.3352,9.97607,0.293014
0,250,22.9338,31.5277,8.07192,1.84406
0,250,22.4571,31.6146,8.73861,-4.27249
0,250,23.4996,31.7267,5.5343,-1.25719
0,250,22.9679,32.1987,8.21962,4.89302
0,250,21.8199,32.014,12.5762,-2.6495
0,250,15.2326,24.2762,4.3563,3.88732
0,250,15.6443,24.8595,4.4572,4.51932
0,250,16.0299,25.2294,5.20708,3.87556
0,250,16.3239,25.7687,5.40593,2.46758
0,250,16.9125,26.2349,5.24083,4.00849
0,250,17.2905,26.5731,6.14444,2.16552
0,250,17.3839,26.9857,5.06145,4.14367
0,250,17.6836,27.2925,5.81249,2.5522
0,250,18.1213,27.7293,6.65295,2.85384
0,250,18.7862,27.9819,7.21874,0.254323
0,250,18.8049,28.4173,6.6121,2.83255
0,250,19.4808,28.4969,8.0682,1.56824
0,250,19.6404,28.9973,8.9194,1.74431
0,250,20.44,29.1108,9.18686,2.05909
0,250,21.1285,29.6124,9.23334,0.285904
0,250,21.5416,29.8491,9.08606,1.17591
0,250,22.0024,30.3674,8.74066,2.00623
0,250,22.3147,29.9836,9.33516,1.01077
0,250,23.4454,30.1633,10.4523,0.614273
0,250,23.6509,30.7207,9.69937,1.2907
0,250,23.2579,30.7264,11.8948,0.571253
0,250,24.3945,31.0951,10.5238,-0.753395
0,250,23.3432,31.2653,6.22901,2.93735
0,250,25.0273,31.1509,8.86406,2.27642
0,250,23.8506,31.2025,11.1947,0.956631
0,250,24.7044,31.4751,12.6547,0.7592
0,250,24.0989,31.6074,8.74865,-1.66685
0,250,25.6549,31.5967,14.0793,-1.35622
0,250,25.26,32.0788,12.7463,-4.55427
0,250,22.4322,31.9991,6.78475,1.86576
0,250,15.7102,24.3674,4.23399,2.75264
0,250,16.2134,24.832,4.6061,3.85378
0,250,16.7692,25.5169,5.37634,3.27332
0,250,17.0124,25.9616,5.15518,2.64295
0,250,17.6813,26.3941,5.46733,3.18227
0,250,18.1169,26.9529,6.7175,3.35416
0,250,18.2733,27.4107,5.71383,3.54738
0,250,18.829,27.4893,7.18954,1.9278
0,250,19.2204,27.8689,8.22264,1.15474
0,250,19.7004,28.1567,6.57115,-0.267545
0,250,20.0507,28.8169,6.77027,1.26527
0,250,20.7379,28.6955,8.82002,1.8334
0,250,21.0293,29.1305,7.3695,1.59696
0,250,21.5301,29.2362,8.65198,-1.11201
0,250,21.9769,29.7195,8.16591,2.66162
0,250,22.6768,29.6507,7.68409,1.22964
0,250,23.0108,29.928,8.87339,-0.527008
0,250,24.2518,30.7041,10.915,1.3638
0,250,24.7961,30.7074,9.7795,-1.41116
0,250,25.4713,30.6875,12.3668,-1.48422
0,250,25.2664,31.4791,10.0619,2.18221
0,250,26.108,30.6925,12.1022,-0.318308
0,250,24.7875,31.9703,9.06994,-3.40555
0,250,26.3066,31.413,10.223,2.04344
0,250,24.3116,31.9747,7.0087,-3.40138
0,250,25.7651,30.965,8.53927,-0.488926
0,250,26.2125,31.7665,6.97,-1.88834
0,250,25.8532,32.0569,10.0652,2.14616
0,250,27.7033,31.644,10.8259,-3.35479
0,250,23.6688,31.9516,6.6896,-1.1267
0,250,16.6833,25.0001,4.3786,4.48803
0,250,17.4517,25.4665,6.64853,3.8316
0,250,17.8457,25.9986,6.26195,3.30402
0,250,18.0986,26.6299,6.93229,2.70757
0,250,18.7776,26.9158,7.34602,1.92576
0,250,19.1596,27.2442,8.28755,1.86481
0,250,19.6534,27.5902,7.41465,2.9981
0,250,20.1711,27.9375,8.27724,0.734242
0,250,20.1766,28.38,7.87266,3.78819
0,250,21.046,28.3199,9.84789,1.95828
0,250,21.2915,28.711,6.80412,1.41778
0,250,21.8771,29.0852,9.98855,0.00511803
0,250,22.3498,29.3088,9.15287,-0.736687
0,250,23.3272,29.4662,10.7017,0.0539757
0,250,23.6863,29.74,10.064,1.50602
0,250,24.0328,30.2851,12.0079,0.317861
0,250,24.9283,30.2959,11.0801,1.13773
0,250,25.4129,30.2906,9.15011,-0.461941
0,250,26.1776,30.2142,11.1754,-0.432508
0,250,26.4312,30.9557,10.8663,-1.18772
0,250,27.507,30.5887,9.48014,-1.6336
0,250,26.7888,31.5351,7.65087,2.28235
0,250,26.9251,30.8199,8.00917,-2.79362
0,250,27.8908,30.6489,13.5663,-2.65844
0,250,27.3065,31.3057,12.8306,-2.97749
0,250,28.9654,31.1445,9.51514,-3.34752
0,250,27.1895,31.7574,8.12329,-1.20449
0,250,27.7486,31.1629,9.8278,-3.34721
0,250,29.3384,30.8208,9.92383,-0.557292
0,250,26.8585,32.1067,12.1317,2.49756
0,250,16.9664,25.1201,4.94479,4.56089
0,250,17.8158,25.4004,6.76174,3.26043
0,250,18.4773,26.2419,7.63986,3.61556
0,250,18.8426,26.4861,7.2838,4.13748
0,250,19.6279,27.1827,7.78763,3.96667
0,250,20.631,27.6228,8.81348,1.69409
0,250,20.6799,28.1299,6.73596,2.69162
0,250,21.7715,28.4968,8.54024,3.84885
0,250,22.166,28.6111,9.00556,2.18245
0,250,22.5631,28.9096,7.41073,1.17105
0,250,22.9365,29.1677,9.27194,0.569627
0,250,23.7114,29.1288,11.3446,1.55672
0,250,24.0826,29.5506,10.6372,1.84571
0,250,24.2856,29.9978,8.5904,2.21122
0,250,24.7222,29.8249,7.13168,1.48173
0,250,25.275,29.8007,9.4246,-2.20206
0,250,25.9732,29.8013,9.54795,-1.20694
0,250,26.8147,30.5062,11.3205,0.41704
0,250,27.0334,30.0646,10.4105,0.755941
0,250,28.4762,30.6723,10.6309,-0.215575
0,250,28.3425,31.6988,13.1412,3.24545
0,250,28.2458,31.2018,8.41796,-2.93215
0,250,27.6201,32.0692,5.49134,-0.173851
0,250,30.0187,30.7721,9.78812,3.82292
0,250,28.7729,30.7836,10.1696,0.499718
0,250,30.0543,30.4292,4.76761,-3.34041
0,250,29.4229,30.2604,6.5137,-0.0895636
0,250,28.869,31.6848,9.91269,-3.0363
0,250,29.5263,31.3496,10.9868,-4.4076
0,250,28.4372,32.131,6.46297,6.48934
0,250,18.1447,25.7181,6.07409,4.07778
0,250,19.3428,26.3007,7.43681,4.56088
0,250,19.8992,26.802,8.14161,3.06671
0,250,20.1494,27.3625,7.33606,3.38444
0,250,21.3502,27.6466,9.09114,2.14592
0,250,21.5768,28.0847,9.41579,1.70437
0,250,22.7825,28.2587,11.6051,1.70419
0,250,22.9875,28.6065,10.3194,0.223861
0,250,23.5654,28.8117,9.14561,-0.146465
0,250,24.4698,29.2367,11.1355,2.15162
0,250,24.8436,29.3958,10.4061,-1.07612
0,250,25.5738,29.5762,12.1055,1.29351
0,250,26.1181,29.3309,11.6543,-3.16774
0,250,26.49,29.9031,11.8103,-0.410329
0,250,27.2254,29.6719,13.2928,-2.66563
0,250,27.579,29.6487,11.0737,-2.64971
0,250,28.0511,29.889,12.1156,-3.42961
0,250,28.4298,29.1853,6.15591,-3.93353
0,250,28.0651,30.2485,8.80364,-0.303625
0,250,29.4131,29.0311,8.94839,-8.96459
0,250,28.9893,30.0864,7.2978,-2.72922
0,250,30.1272,29.3175,3.60763,-12.7718
0,250,30.5068,29.9225,2.1614,-0.0558318
0,250,31.2354,29.5186,5.92749,-9.71057
0,250,29.7256,32.088,3.24154,-3.01258
0,250,30.2384,29.8753,4.77984,-1.81877
0,250,29.0235,32.1376,6.35698,1.66958
0,250,29.485,31.6763,1.2986,2.17009
0,250,30.5558,30.5049,8.64003,-1.51209
0,250,30.1194,31.242,5.77141,-8.33348
0,250,18.5836,25.8617,6.43013,3.77706
0,250,19.4939,26.4844,6.97331,4.37895
0,250,20.593,26.8493,7.70227,3.46085
0,250,20.9588,27.4699,8.64683,3.26038
0,250,22.2747,28.1214,8.048,1.51578
0,250,23.3958,28.2927,10.2381,1.02613
0,250,24.3076,28.7423,12.2432,-1.8263
0,250,24.868,28.6982,9.49809,-1.12532
0,250,25.2641,29.1049,10.9155,0.535559
0,250,25.7533,28.86,10.8249,-2.41752
0,250,26.5757,29.3567,13.5789,-0.602332
0,250,27.0032,29.2033,9.52993,-1.81495
0,250,27.5335,29.066,11.4713,-5.20041
0,250,28.0091,29.3213,11.8008,-4.76203
0,250,28.7533,29.6053,9.65277,-1.29272
0,250,29.3609,29.6658,10.7026,-3.618
0,250,28.582,30.0002,7.80979,-3.78038
0,250,30.1049,28.8283,5.60435,-10.3034
0,250,29.5641,29.8389,3.86053,-4.06443
0,250,30.6598,29.3161,11.7146,-6.59317
0,250,30.5947,28.8453,3.10989,-4.69014
0,250,30.2312,31.549,4.02335,-6.4496
0,250,30.8519,28.7673,0.783945,-6.21843
0,250,30.8893,27.4775,2.89289,-9.48627
0,250,31.262,30.6233,-1.19128,0.325878
0,250,32.1714,31.7532,1.52546,-6.2429
0,250,31.0857,31.8747,5.37117,-0.237713
0,250,31.2616,31.3877,5.56336,1.14082
0,250,30.5239,32.0618,8.90957,0.425882
0,250,30.5971,30.8864,9.06568,-2.38507
0,250,20.229,26.5776,8.34078,4.00186
0,250,21.8624,27.1359,9.42366,4.37301
0,250,21.7741,27.6476,9.88967,2.96857
0,250,23.292,27.8394,10.0247,1.71115
0,250,24.039,28.5776,10.2223,-1.13828
0,250,25.1169,28.3927,13.6722,-1.67301
0,250,25.8061,28.4206,12.8131,-4.07496
0,250,27.007,28.6767,14.5161,-5.43123
0,250,27.9658,28.7665,14.3333,-4.9056
0,250,28.3505,28.5776,11.9235,-7.37637
0,250,28.7269,28.8685,9.83168,-5.90886
0,250,29.2166,28.2691,7.03827,-9.8109
0,250,29.0954,28.9142,6.45113,-7.38323
0,250,30.0107,28.0894,7.53742,-10.268
0,250,29.8323,28.9856,3.96671,-5.72514
0,250,30.4691,28.1416,6.73992,-10.3552
0,250,30.6705,28.0103,6.8213,-15.0772
0,250,30.3849,26.4244,4.58455,-19.0377
0,250,31.261,28.1481,-3.09035,-9.62535
0,250,32.0687,29.9959,13.1354,-8.52503
0,250,30.898,30.8481,-6.43875,-2.6003
0,250,30.9374,27.1248,-8.30147,-16.8184
0,250,31.2961,29.9539,3.59849,2.48161
0,250,31.4534,22.2283,-7.0177,-32.6533
0,250,30.1694,25.1549,-16.159,-19.1801
0,250,31.2436,31.2447,-11.816,-8.14783
0,250,30.7835,31.7448,1.10627,4.93398
0,250,32.1263,26.5804,4.95103,-29.1259
0,250,31.3033,28.7868,-17.4957,-2.7443
0,250,31.7072,31.7335,4.20351,7.96896
0,250,21.2883,26.9823,9.53002,4.13841
0,250,22.4529,27.7193,9.2204,4.01515
0,250,23.7247,28.0038,10.6656,1.96812
0,250,24.5097,28.0574,9.74748,1.77255
0,250,26.0649,28.2834,10.7674,-1.8744
0,250,26.3497,28.7586,11.2918,-0.694121
0,250,27.7012,28.2618,12.1001,-2.20791
0,250,28.0982,28.0581,11.5213,-6.91294
0,250,28.8603,28.2185,14.1191,-7.89821
0,250,29.6808,27.24,12.1891,-12.6177
0,250,29.752,27.8845,9.71168,-12.6349
0,250,30.1862,27.4346,5.20681,-11.3681
0,250,30.4924,23.8205,2.93648,-28.972
0,250,29.9001,26.1517,0.336007,-16.5715
0,250,31.2493,23.1352,-0.822012,-26.1708
0,250,30.5102,26.9373,4.18261,-17.6354
0,250,31.1892,26.5713,-4.90372,-14.1324
0,250,30.6587,25.4038,0.661522,-20.3934
0,250,31.1207,22.9732,-8.72324,-28.8956
0,250,31.3647,24.2434,-5.09117,-22.0552
0,250,31.2219,27.6245,-14.1092,-20.2885
0,250,30.8833,25.6078,-4.80311,-24.0365
0,250,32.2191,29.333,7.30518,-8.65814
0,250,31.7753,27.9637,7.15026,-11.4917
0,250,32.2414,28.7107,-0.00943071,-15.4654
0,250,30.4195,24.5761,-4.49882,-22.2334
0,250,31.6371,30.7442,1.46378,4.10644
0,250,31.5237,25.7637,-1.38079,-21.3901
0,250,31.826,26.3701,6.82897,-20.0683
0,250,31.2477,26.7461,-5.06599,-23.5483
0,250,22.7088,27.7402,10.0024,2.21732
0,250,24.2861,28.0765,11.013,2.1447
0,250,25.081,28.1204,11.9198,-0.358624
0,250,26.5706,28.2163,13.7042,-3.17291
0,250,27.3435,28.4697,13.2819,-4.00561
0,250,28.5398,28.0655,10.1269,-8.17589
0,250,29.3539,27.7445,9.14918,-10.7637
0,250,29.9785,27.0122,6.25746,-14.9211
0,250,29.4986,26.5755,2.76011,-13.4566
0,250,30.1514,25.7488,2.19242,-19.7527
0,250,30.8666,26.0722,7.28032,-10.3368
0,250,30.4706,23.2845,-0.753171,-30.7387
0,250,31.887,23.3228,1.20206,-22.7928
0,250,29.9633,23.6497,-4.90004,-20.8003
0,250,30.3963,22.2812,-2.56801,-24.649
0,250,30.9953,22.3043,-0.796196,-25.4517
0,250,30.9322,21.7111,-1.18104,-24.9839
0,250,31.2864,21.0884,-6.53002,-22.9256
0,250,31.5344,21.0591,-0.806651,-30.1872
0,250,31.2662,20.3607,-5.77929,-25.881
0,250,31.586,28.6844,-3.34578,-6.91335
0,250,31.9703,19.0124,0.559408,-26.782
0,250,31.4436,19.9804,-3.7194,-25.3204
0,250,30.8574,17.0111,-2.45775,-30.8423
0,250,29.879,20.5376,-8.31622,-28.1432
0,250,22.7926,15.4133,-23.1317,-33.1506
0,250,30.8712,20.3556,-5.495,-32.1936
0,250,31.9908,30.6335,8.05905,-2.34877
0,250,27.9379,12.423,-7.49099,-36.3814
0,250,29.5541,20.8127,-6.90589,-23.0113
1,250,1.5,1.5,0,0
1,250,1.5,2,0,0
1,250,32.5,1.5,0,0
1,250,33,1.5,0,0
1,250,2.5,32.5,0,0
1,250,2.5,33,0,0
1,250,1.5,2.5,0,0
1,250,2,2.5,0,0
1,250,2,1.5,0,0
1,250,2,2,0,0
1,250,32.5,2,0,0
1,250,33,2,0,0
1,250,3,32.5,0,0
1,250,3,33,0,0
1,250,1.5,3,0,0
1,250,2,3,0,0
1,250,2.5,1.5,0,0
1,250,2.5,2,0,0
1,250,32.5,2.5,0,0
1,250,33,2.5,0,0
1,250,3.5,32.5,0,0
1,250,3.5,33,0,0
1,250,1.5,3.5,0,0
1,250,2,3.5,0,0
1,250,3,1.5,0,0
1,250,3,2,0,0
1,250,32.5,3,0,0
1,250,33,3,0,0
1,250,4,32.5,0,0
1,250,4,33,0,0
1,250,1.5,4,0,0
1,250,2,4,0,0
1,250,3.5,1.5,0,0
1,250,3.5,2,0,0
1,250,32.5,3.5,0,0
1,250,33,3.5,0,0
1,250,4.5,32.5,0,0
1,250,4.5,33,0,0
1,250,1.5,4.5,0,0
1,250,2,4.5,0,0
1,250,4,1.5,0,0
1,250,4,2,0,0
1,250,32.5,4,0,0
1,250,33,4,0,0
1,250,5,32.5,0,0
1,250,5,33,0,0
1,250,1.5,5,0,0
1,250,2,5,0,0
1,250,4.5,1.5,0,0
1,250,4.5,2,0,0
1,250,32.5,4.5,0,0
1,250,33,4.5,0,0
1,250,5.5,32.5,0,0
1,250,5.5,33,0,0
1,250,1.5,5.5,0,0
1,250,2,5.5,0,0
1,250,5,1.5,0,0
1,250,5,2,0,0
1,250,32.5,5,0,0
1,250,33,5,0,0
1,250,6,32.5,0,0
1,250,6,33,0,0
1,250,1.5,6,0,0
1,250,2,6,0,0
1,250,5.5,1.5,0,0
1,250,5.5,2,0,0
1,250,32.5,5.5,0,0
1,250,33,5.5,0,0
1,250,6.5,32.5,0,0
1,250,6.5,33,0,0
1,250,1.5,6.5,0,0
1,250,2,6.5,0,0
1,250,6,1.5,0,0
1,250,6,2,0,0
1,250,32.5,6,0,0
1,250,33,6,0,0
1,250,7,32.5,0,0
1,250,7,33,0,0
1,250,1.5,7,0,0
1,250,2,7,0,0
1,250,6.5,1.5,0,0
1,250,6.5,2,0,0
1,250,32.5,6.5,0,0
1,250,33,6.5,0,0
1,250,7.5,32.5,0,0
1,250,7.5,33,0,0
1,250,1.5,7.5,0,0
1,250,2,7.5,0,0
1,250,7,1.5,0,0
1,250,7,2,0,0
1,250,32.5,7,0,0
1,250,33,7,0,0
1,250,8,32.5,0,0
1,250,8,33,0,0
1,250,1.5,8,0,0
1,250,2,8,0,0
1,250,7.5,1.5,0,0
1,250,7.5,2,0,0
1,250,32.5,7.5,0,0
1,250,33,7.5,0,0
1,250,8.5,32.5,0,0
1,250,8.5,33,0,0
1,250,1.5,8.5,0,0
1,250,2,8.5,0,0
1,250,8,1.5,0,0
1,250,8,2,0,0
1,250,32.5,8,0,0
1,250,33,8,0,0
1,250,9,32.5,0,0
1,250,9,33,0,0
1,250,1.5,9,0,0
1,250,2,9,0,0
1,250,8.5,1.5,0,0
1,250,8.5,2,0,0
1,250,32.5,8.5,0,0
1,250,33,8.5,0,0
1,250,9.5,32.5,0,0
1,250,9.5,33,0,0
1,250,1.5,9.5,0,0
1,250,2,9.5,0,0
1,250,9,1.5,0,0
1,250,9,2,0,0
1,250,32.5,9,0,0
1,250,33,9,0,0
1,250,10,32.5,0,0
1,250,10,33,0,0
1,250,1.5,10,0,0
1,250,2,10,0,0
1,250,9.5,1.5,0,0
1,250,9.5,2,0,0
1,250,32.5,9.5,0,0
1,250,33,9.5,0,0
1,250,10.5,32.5,0,0
1,250,10.5,33,0,0
1,250,1.5,10.5,0,0
1,250,2,10.5,0,0
1,250,10,1.5,0,0
1,250,10,2,0,0
1,250,32.5,10,0,0
1,250,33,10,0,0
1,250,11,32.5,0,0
1,250,11,33,0,0
1,250,1.5,11,0,0
1,250,2,11,0,0
1,250,10.5,1.5,0,0
1,250,10.5,2,0,0
1,250,32.5,10.5,0,0
1,250,33,10.5,0,0
1,250,11.5,32.5,0,0
1,250,11.5,33,0,0
1,250,1.5,11.5,0,0
1,250,2,11.5,0,0
1,250,11,1.5,0,0
1,250,11,2,0,0
1,250,32.5,11,0,0
1,250,33,11,0,0
1,250,12,32.5,0,0
1,250,12,33,0,0
1,250,1.5,12,0,0
1,250,2,12,0,0
1,250,11.5,1.5,0,0
1,250,11.5,2,0,0
1,250,32.5,11.5,0,0
1,250,33,11.5,0,0
1,250,12.5,32.5,0,0
1,250,12.5,33,0,0
1,250,1.5,12.5,0,0
1,250,2,12.5,0,0
1,250,12,1.5,0,0
1,250,12,2,0,0
1,250,32.5,12,0,0
1,250,33,12,0,0
1,250,13,32.5,0,0
1,250,13,33,0,0
1,250,1.5,13,0,0
1,250,2,13,0,0
1,250,12.5,1.5,0,0
1,250,12.5,2,0,0
1,250,32.5,12.5,0,0
1,250,33,12.5,0,0
1,250,13.5,32.5,0,0
1,250,13.5,33,0,0
1,250,1.5,13.5,0,0
1,250,2,13.5,0,0
1,250,13,1.5,0,0
1,250,13,2,0,0
1,250,32.5,13,0,0
1,250,33,13,0,0
1,250,14,32.5,0,0
1,250,14,33,0,0
1,250,1.5,14,0,0
1,250,2,14,0,0
1,250,13.5,1.5,0,0
1,250,13.5,2,0,0
1,250,32.5,13.5,0,0
1,250,33,13.5,0,0
1,250,14.5,32.5,0,0
1,250,14.5,33,0,0
1,250,1.5,14.5,0,0
1,250,2,14.5,0,0
1,250,14,1.5,0,0
1,250,14,2,0,0
1,250,32.5,14,0,0
1,250,33,14,0,0
1,250,15,32.5,0,0
1,250,15,33,0,0
1,250,1.5,15,0,0
1,250,2,15,0,0
1,250,14.5,1.5,0,0
1,250,14.5,2,0,0
1,250,32.5,14.5,0,0
1,250,33,14.5,0,0
1,250,15.5,32.5,0,0
1,250,15.5,33,0,0
1,250,1.5,15.5,0,0
1,250,2,15.5,0,0
1,250,15,1.5,0,0
1,250,15,2,0,0
1,250,32.5,15,0,0
1,250,33,15,0,0
1,250,16,32.5,0,0
1,250,16,33,0,0
1,250,1.5,16,0,0
1,250,2,16,0,0
1,250,15.5,1.5,0,0
1,250,15.5,2,0,0
1,250,32.5,15.5,0,0
1,250,33,15.5,0,0
1,250,16.5,32.5,0,0
1,250,16.5,33,0,0
1,250,1.5,16.5,0,0
1,250,2,16.5,0,0
1,250,16,1.5,0,0
1,250,16,2,0,0
1,250,32.5,16,0,0
1,250,33,16,0,0
1,250,17,32.5,0,0
1,250,17,33,0,0
1,250,1.5,17,0,0
1,250,2,17,0,0
1,250,16.5,1.5,0,0
1,250,16.5,2,0,0
1,250,32.5,16.5,0,0
1,250,33,16.5,0,0
1,250,17.5,32.5,0,0
1,250,17.5,33,0,0
1,250,1.5,17.5,0,0
1,250,2,17.5,0,0
1,250,17,1.5,0,0
1,250,17,2,0,0
1,250,32.5,17,0,0
1,250,33,17,0,0
1,250,18,32.5,0,0
1,250,18,33,0,0
1,250,1.5,18,0,0
1,250,2,18,0,0
1,250,17.5,1.5,0,0
1,250,17.5,2,0,0
1,250,32.5,17.5,0,0
1,250,33,17.5,0,0
1,250,18.5,32.5,0,0
1,250,18.5,33,0,0
1,250,1.5,18.5,0,0
1,250,2,18.5,0,0
1,250,18,1.5,0,0
1,250,18,2,0,0
1,250,32.5,18,0,0
1,250,33,18,0,0
1,250,19,32.5,0,0
1,250,19,33,0,0
1,250,1.5,19,0,0
1,250,2,19,0,0
1,250,18.5,1.5,0,0
1,250,18.5,2,0,0
1,250,32.5,18.5,0,0
1,250,33,18.5,0,0
1,250,19.5,32.5,0,0
1,250,19.5,33,0,0
1,250,1.5,19.5,0,0
1,250,2,19.5,0,0
1,250,19,1.5,0,0
1,250,19,2,0,0
1,250,32.5,19,0,0
1,250,33,19,0,0
1,250,20,32.5,0,0
1,250,20,33,0,0
1,250,1.5,20,0,0
1,250,2,20,0,0
1,250,19.5,1.5,0,0
1,250,19.5,2,0,0
1,250,32.5,19.5,0,0
1,250,33,19.5,0,0
1,250,20.5,32.5,0,0
1,250,20.5,33,0,0
1,250,1.5,20.5,0,0
1,250,2,20.5,0,0
1,250,20,1.5,0,0
1,250,20,2,0,0
1,250,32.5,20,0,0
1,250,33,20,0,0
1,250,21,32.5,0,0
1,250,21,33,0,0
1,250,1.5,21,0,0
1,250,2,21,0,0
1,250,20.5,1.5,0,0
1,250,20.5,2,0,0
1,250,32.5,20.5,0,0
1,250,33,20.5,0,0
1,250,21.5,32.5,0,0
1,250,21.5,33,0,0
1,250,1.5,21.5,0,0
1,250,2,21.5,0,0
1,250,21,1.5,0,0
1,250,21,2,0,0
1,250,32.5,21,0,0
1,250,33,21,0,0
1,250,22,32.5,0,0
1,250,22,33,0,0
1,250,1.5,22,0,0
1,250,2,22,0,0
1,250,21.5,1.5,0,0
1,250,21.5,2,0,0
1,250,32.5,21.5,0,0
1,250,33,21.5,0,0
1,250,22.5,32.5,0,0
1,250,22.5,33,0,0
1,250,1.5,22.5,0,0
1,250,2,22.5,0,0
1,250,22,1.5,0,0
1,250,22,2,0,0
1,250,32.5,22,0,0
1,250,33,22,0,0
1,250,23,32.5,0,0
1,250,23,33,0,0
1,250,1.5,23,0,0
1,250,2,23,0,0
1,250,22.5,1.5,0,0
1,250,22.5,2,0,0
1,250,32.5,22.5,0,0
1,250,33,22.5,0,0
1,250,23.5,32.5,0,0
1,250,23.5,33,0,0
1,250,1.5,23.5,0,0
1,250,2,23.5,0,0
1,250,23,1.5,0,0
1,250,23,2,0,0
1,250,32.5,23,0,0
1,250,33,23,0,0
1,250,24,32.5,0,0
1,250,24,33,0,0
1,250,1.5,24,0,0
1,250,2,24,0,0
1,250,23.5,1.5,0,0
1,250,23.5,2,0,0
1,250,32.5,23.5,0,0
1,250,33,23.5,0,0
1,250,24.5,32.5,0,0
1,250,24.5,33,0,0
1,250,1.5,24.5,0,0
1,250,2,24.5,0,0
1,250,24,1.5,0,0
1,250,24,2,0,0
1,250,32.5,24,0,0
1,250,33,24,0,0
1,250,25,32.5,0,0
1,250,25,33,0,0
1,250,1.5,25,0,0
1,250,2,25,0,0
1,250,24.5,1.5,0,0
1,250,24.5,2,0,0
1,250,32.5,24.5,0,0
1,250,33,24.5,0,0
1,250,25.5,32.5,0,0
1,250,25.5,33,0,0
1,250,1.5,25.5,0,0
1,250,2,25.5,0,0
1,250,25,1.5,0,0
1,250,25,2,0,0
1,250,32.5,25,0,0
1,250,33,25,0,0
1,250,26,32.5,0,0
1,250,26,33,0,0
1,250,1.5,26,0,0
1,250,2,26,0,0
1,250,25.5,1.5,0,0
1,250,25.5,2,0,0
1,250,32.5,25.5,0,0
1,250,33,25.5,0,0
1,250,26.5,32.5,0,0
1,250,26.5,33,0,0
1,250,1.5,26.5,0,0
1,250,2,26.5,0,0
1,250,26,1.5,0,0
1,250,26,2,0,0
1,250,32.5,26,0,0
1,250,33,26,0,0
1,250,27,32.5,0,0
1,250,27,33,0,0
1,250,1.5,27,0,0
1,250,2,27,0,0
1,250,26.5,1.5,0,0
1,250,26.5,2,0,0
1,250,32.5,26.5,0,0
1,250,33,26.5,0,0
1,250,27.5,32.5,0,0
1,250,27.5,33,0,0
1,250,1.5,27.5,0,0
1,250,2,27.5,0,0
1,250,27,1.5,0,0
1,250,27,2,0,0
1,250,32.5,27,0,0
1,250,33,27,0,0
1,250,28,32.5,0,0
1,250,28,33,0,0
1,250,1.5,28,0,0
1,250,2,28,0,0
1,250,27.5,1.5,0,0
1,250,27.5,2,0,0
1,250,32.5,27.5,0,0
1,250,33,27.5,0,0
1,250,28.5,32.5,0,0
1,250,28.5,33,0,0
1,250,1.5,28.5,0,0
1,250,2,28.5,0,0
1,250,28,1.5,0,0
1,250,28,2,0,0
1,250,32.5,28,0,0
1,250,33,28,0,0
1,250,29,32.5,0,0
1,250,29,33,0,0
1,250,1.5,29,0,0
1,250,2,29,0,0
1,250,28.5,1.5,0,0
1,250,28.5,2,0,0
1,250,32.5,28.5,0,0
1,250,33,28.5,0,0
1,250,29.5,32.5,0,0
1,250,29.5,33,0,0
1,250,1.5,29.5,0,0
1,250,2,29.5,0,0
1,250,29,1.5,0,0
1,250,29,2,0,0
1,250,32.5,29,0,0
1,250,33,29,0,0
1,250,30,32.5,0,0
1,250,30,33,0,0
1,250,1.5,30,0,0
1,250,2,30,0,0
1,250,29.5,1.5,0,0
1,250,29.5,2,0,0
1,250,32.5,29.5,0,0
1,250,33,29.5,0,0
1,250,30.5,32.5,0,0
1,250,30.5,33,0,0
1,250,1.5,30.5,0,0
1,250,2,30.5,0,0
1,250,30,1.5,0,0
1,250,30,2,0,0
1,250,32.5,30,0,0
1,250,33,30,0,0
1,250,31,32.5,0,0
1,250,31,33,0,0
1,250,1.5,31,0,0
1,250,2,31,0,0
1,250,30.5,1.5,0,0
1,250,30.5,2,0,0
1,250,32.5,30.5,0,0
1,250,33,30.5,0,0
1,250,31.5,32.5,0,0
1,250,31.5,33,0,0
1,250,1.5,31.5,0,0
1,250,2,31.5,0,0
1,250,31,1.5,0,0
1,250,31,2,0,0
1,250,32.5,31,0,0
1,250,33,31,0,0
1,250,32,32.5,0,0
1,250,32,33,0,0
1,250,1.5,32,0,0
1,250,2,32,0,0
1,250,31.5,1.5,0,0
1,250,31.5,2,0,0
1,250,32.5,31.5,0,0
1,250,33,31.5,0,0
1,250,32.5,32.5,0,0
1,250,32.5,33,0,0
1,250,1.5,32.5,0,0
1,250,2,32.5,0,0
1,250,32,1.5,0,0
1,250,32,2,0,0
1,250,32.5,32,0,0
1,250,33,32,0,0
1,250,33,32.5,0,0
1,250,33,33,0,0
1,250,1.5,33,0,0
1,250,2,33,0,0
