1396 2 0.5 5e+06 0.05 2 0 0.001 0 9.81 35 35
0,250,2.6215,21.3122,0.473351,3.97802
0,250,2.32629,21.9638,-0.883571,4.1879
0,250,2.59651,22.5123,0.531625,3.98062
0,250,2.49202,23.04,0.92706,2.83019
0,250,2.54877,23.4464,0.293996,4.23467
0,250,2.45266,23.9194,1.20781,3.07588
0,250,2.51844,24.4234,-1.18049,2.75489
0,250,2.53972,24.9028,6.03771,3.2889
0,250,2.56247,25.3662,-0.615992,5.07377
0,250,2.52815,25.7975,0.950447,3.21692
0,250,2.70627,26.1526,-0.797907,3.53848
0,250,2.38733,26.581,-1.21337,1.42712
0,250,2.65561,26.9307,0.595454,0.0945087
0,250,2.52704,27.3175,2.16981,0.392615
0,250,2.54742,27.7204,-0.0989449,1.51839
0,250,2.44771,28.228,-0.280542,3.39605
0,250,2.84847,28.482,0.755537,2.05418
0,250,2.49871,28.7983,0.100238,1.94022
0,250,2.87509,29.1152,0.56476,1.56015
0,250,2.48571,29.3824,0.264647,2.55467
0,250,2.44797,29.867,-0.731026,2.53345
0,250,2.57923,30.3928,-0.605287,2.3819
0,250,2.60188,30.7778,-2.29322,3.07031
0,250,2.41195,31.2769,0.619449,2.85241
0,250,3.05229,30.8867,-0.308018,-0.0874458
0,250,2.82451,31.4074,0.77932,0.488782
0,250,3.34554,31.1829,-1.15811,1.80369
0,250,2.39442,31.8835,0.526629,-0.192487
0,250,3.16938,31.6999,2.64742,-1.41697
0,250,2.82833,32.0881,-0.0988315,1.6523
0,250,3.19875,20.7851,0.780972,4.0395
0,250,2.88195,21.2414,0.998358,3.49535
0,250,2.83335,21.766,-1.00913,3.94168
0,250,3.1756,21.9871,0.48879,2.20729
0,250,2.91465,22.4617,0.206957,2.85992
0,250,3.11839,22.9193,0.511602,2.96111
0,250,3.0879,23.3443,-0.265928,1.51107
0,250,3.10461,23.8199,0.486804,2.88541
0,250,2.93022,24.2015,0.490258,1.97756
0,250,3.27892,24.6279,0.971798,2.06106
0,250,2.98127,24.8934,1.12081,2.6326
0,250,3.03243,25.4472,0.346546,3.18541
0,250,3.28817,25.7945,0.181756,1.77532
0,250,3.0759,26.2846,-0.111967,-0.367471
0,250,3.18057,26.7176,-0.18933,0.0938083
0,250,3.17907,27.1066,-1.99069,1.49216
0,250,3.18163,27.5912,-0.88299,0.365674
0,250,2.98406,27.9479,-1.42092,2.7123
0,250,3.36389,28.3572,0.578656,1.30914
0,250,3.32666,28.8153,1.12796,2.44554
0,250,3.40663,29.3082,0.436878,2.40478
0,250,3.84877,29.5027,0.144021,1.89579
0,250,3.03743,29.6105,-0.38546,2.59909
0,250,2.95259,30.0916,0.745024,4.02361
0,250,3.30168,30.4143,-0.401821,1.21742
0,250,3.71385,30.5961,0.786395,1.18346
0,250,3.81678,31.0314,1.12192,-0.273523
0,250,3.77959,31.5342,-0.105333,-0.8408
0,250,3.98091,31.9963,0.3731,-1.35882
0,250,3.44441,32.0366,0.641529,1.84108
0,250,3.70621,21.0154,-0.090587,4.43647
0,250,3.52409,21.3967,-0.331408,3.92427
0,250,3.60875,21.9162,0.664248,2.45468
0,250,3.59947,22.411,-0.176552,3.35298
0,250,3.63303,22.803,0.378103,2.97466
0,250,3.5682,23.2925,0.886894,2.90784
0,250,3.79735,23.6613,-0.0321644,3.67911
0,250,3.49094,24.0826,-0.0376415,1.82596
0,250,3.80563,24.3708,-0.372792,1.76686
0,250,3.77174,24.8386,0.868721,2.85651
0,250,3.46519,25.1977,-0.422533,2.33063
0,250,3.79311,25.57,0.129545,1.76507
0,250,3.65377,26.0947,0.24481,1.11628
0,250,3.69019,26.5431,-0.950971,1.07958
0,250,3.82854,26.9512,-0.528189,0.957143
0,250,3.63534,27.4035,0.142375,1.2859
0,250,4.03802,27.7509,0.42025,1.12655
0,250,3.64006,27.9557,0.88174,-0.649535
0,250,3.91949,28.4084,-0.433161,2.00342
0,250,3.80356,28.8705,1.55161,1.22303
0,250,4.17931,29.1396,1.52441,2.64417
0,250,4.31562,29.6597,1.60117,1.32796
0,250,3.46882,29.9241,0.389259,2.29916
0,250,4.41702,30.11,1.63641,1.99758
0,250,3.89148,30.0959,1.77304,0.878166
0,250,4.24594,30.5606,0.824603,1.88749
0,250,4.42716,30.9859,2.98208,1.17254
0,250,4.2027,31.4032,0.161037,0.180548
0,250,4.73568,31.683,0.69663,-0.0909978
0,250,4.39491,31.9769,0.0783367,0.654365
0,250,4.06802,21.1282,-0.0112637,3.77637
0,250,4.1431,21.6274,0.166242,4.73653
0,250,4.07123,22.1176,0.231339,3.40113
0,250,4.22791,22.5666,0.563614,4.35103
0,250,4.16519,22.9544,-0.873179,3.87742
0,250,4.26349,23.4618,1.11455,1.79934
0,250,4.21452,23.8983,0.453279,2.31472
0,250,4.32128,24.3389,1.43161,3.32078
0,250,4.31572,24.8055,-0.0450906,2.11847
0,250,4.15851,25.2554,0.356514,2.82891
0,250,4.48085,25.561,-0.310432,2.97347
0,250,4.13162,25.9449,-0.651219,1.2769
0,250,4.5148,26.2897,-0.128986,3.09044
0,250,4.20599,26.5207,0.721846,1.05236
0,250,4.56795,26.991,-0.475321,0.884241
0,250,4.20225,27.2287,-0.748554,1.16006
0,250,4.5117,27.7042,0.925086,1.00978
0,250,4.35069,28.229,0.766522,2.76753
0,250,4.4499,28.6616,1.13456,1.29529
0,250,4.7109,29.1836,1.15827,1.12116
0,250,4.83458,29.6631,2.72405,2.91551
0,250,5.23267,29.323,-0.039584,0.419245
0,250,5.2028,29.9424,2.01945,1.21068
0,250,5.56583,30.308,0.731113,1.06336
0,250,4.86397,30.3257,0.762124,0.0557588
0,250,4.82418,30.7107,-0.386053,1.62899
0,250,5.37977,31.1181,2.44817,-1.45635
0,250,4.87455,31.2785,0.257856,-0.0357113
0,250,5.28029,31.637,1.14581,-1.98448
0,250,5.07589,32.0855,0.738463,-3.35305
0,250,4.64003,20.8672,0.341924,4.24453
0,250,4.64641,21.1681,0.618185,3.79413
0,250,4.54202,21.721,0.811288,3.25815
0,250,4.81686,22.0413,-0.0680068,2.07464
0,250,4.76289,22.4584,0.405843,3.11526
0,250,4.66221,23.0478,-0.252211,2.67041
0,250,4.8458,23.515,0.24194,3.1152
0,250,4.84538,23.9112,-0.147774,0.418975
0,250,4.86272,24.3222,0.271043,2.07006
0,250,4.84769,24.759,0.548075,1.46242
0,250,4.84703,25.1424,-0.866011,1.88422
0,250,5.02286,25.5501,1.287,2.18909
0,250,4.85384,25.9791,-0.125967,2.26775
0,250,5.17413,26.359,-0.0854065,0.742475
0,250,4.91733,26.7543,-0.223685,0.359242
0,250,5.23552,27.1606,0.820562,0.162607
0,250,4.88762,27.4562,-0.0662005,0.897318
0,250,4.99986,27.9339,0.12363,1.29947
0,250,4.90872,28.3334,0.00434988,1.36664
0,250,5.44508,28.4735,-0.225438,1.76463
0,250,4.98996,28.8289,1.23343,2.23445
0,250,5.52913,28.9379,2.82767,1.82771
0,250,5.9184,29.3701,1.37879,1.00531
0,250,5.61967,29.7047,1.31955,1.36736
0,250,6.00413,30.5689,1.64614,-0.651092
0,250,5.42206,30.7289,0.711178,1.31669
0,250,5.90871,31.0589,0.649812,-0.00199456
0,250,5.88734,31.4689,1.32482,1.02259
0,250,5.65195,31.9277,0.041585,0.232325
0,250,6.0848,32.0122,-0.0213071,-1.78051
0,250,5.24759,21.2657,0.243397,4.47791
0,250,5.23975,21.6656,-0.369602,3.89719
0,250,5.35984,22.1518,0.468353,2.92867
0,250,5.33786,22.6115,-0.343511,3.23381
0,250,5.12458,23.0058,-0.362478,3.3049
0,250,5.50852,23.3218,0.229002,3.34623
0,250,5.40184,23.7385,0.555064,1.39391
0,250,5.46594,24.1804,0.848581,1.54281
0,250,5.43542,24.5845,-0.0678729,2.39327
0,250,5.60103,24.9645,0.442526,0.2648
0,250,5.45434,25.3503,-0.887172,0.815725
0,250,5.74051,25.7582,1.44252,1.60018
0,250,5.50376,26.0533,-0.324258,0.926983
0,250,5.93282,26.5594,1.45924,2.30772
0,250,5.50746,26.7582,1.00824,1.46416
0,250,5.79255,27.282,0.98709,2.10939
0,250,5.52959,27.622,0.58066,1.68694
0,250,6.13797,27.9404,1.00398,1.71592
0,250,5.57658,28.0354,0.21072,1.8759
0,250,6.00077,28.4581,0.779349,-0.0659304
0,250,6.03978,28.9185,0.073908,-0.571095
0,250,6.45491,29.2389,0.527,1.3232
0,250,6.42461,29.7434,0.910281,0.71864
0,250,5.99903,30.0241,0.616208,2.06408
0,250,6.46968,30.2775,2.3693,0.650103
0,250,6.46274,30.8042,0.852987,1.79912
0,250,7.16785,31.2716,4.06539,-1.28697
0,250,6.62857,31.1971,1.66291,0.716962
0,250,6.4101,31.5381,2.12716,0.254913
0,250,6.57792,32.0366,0.721767,2.20849
0,250,5.62061,20.9267,0.129634,4.18792
0,250,5.77106,21.3499,0.552207,3.59225
0,250,5.79234,21.867,0.538044,3.16665
0,250,5.89697,22.3746,0.82134,2.17048
0,250,5.85739,22.7867,0.561639,3.31768
0,250,5.98759,23.2388,0.747608,2.32223
0,250,5.99359,23.6781,0.269045,1.97082
0,250,6.05502,24.105,0.717406,2.87922
0,250,6.02104,24.4823,0.0719745,2.05285
0,250,6.23318,24.9283,0.966108,2.39996
0,250,6.08059,25.2979,-0.14689,1.85313
0,250,6.36666,25.7077,1.2665,1.72206
0,250,6.10091,26.1516,0.98441,2.56437
0,250,6.47064,26.509,0.442383,1.74773
0,250,6.12952,27.003,0.736127,1.36007
0,250,6.59057,27.2365,1.8883,1.22648
0,250,6.31364,27.5888,0.892794,1.09849
0,250,6.85,27.996,0.96098,0.530316
0,250,6.44149,28.2927,0.896056,0.568233
0,250,7.01538,28.5847,1.04335,0.378864
0,250,6.61909,28.7767,1.72309,1.11981
0,250,6.96396,29.2176,1.53858,1.33618
0,250,7.366,29.6275,1.82897,1.09957
0,250,6.86484,29.7625,2.60147,-0.359821
0,250,6.89484,30.3824,0.915483,-1.4627
0,250,7.10426,30.8154,1.24545,-0.00758663
0,250,7.52207,30.6857,0.570747,0.335455
0,250,7.70069,31.1511,1.16255,-0.478793
0,250,6.97307,31.7354,1.56641,0.157882
0,250,7.26916,31.993,-0.138677,-1.48748
0,250,6.43826,21.236,1.19023,3.25808
0,250,6.2725,21.6924,-0.73747,3.31282
0,250,6.41586,22.0746,0.373352,4.19782
0,250,6.4593,22.5476,0.61307,3.67784
0,250,6.45641,22.9662,0.16222,2.91198
0,250,6.62285,23.4072,0.125995,3.15794
0,250,6.58475,23.8254,0.617792,2.6302
0,250,6.71183,24.2318,0.289786,1.60363
0,250,6.63226,24.6295,0.0544641,2.3172
0,250,6.89332,25.0345,1.40354,1.90507
0,250,6.70184,25.4196,1.53217,1.83063
0,250,7.07171,25.8537,1.13042,2.34101
0,250,6.72228,26.1021,0.968517,1.67686
0,250,7.14602,26.5067,1.91075,0.482261
0,250,6.83815,26.8383,0.857686,1.93205
0,250,7.22405,27.1893,0.872827,0.462115
0,250,6.97931,27.5945,2.15547,0.730214
0,250,7.85167,28.1312,1.93561,1.65412
0,250,7.3155,28.1525,1.27102,1.49489
0,250,7.86509,29.0112,2.7212,2.80401
0,250,7.38911,29.1013,1.54,0.762316
0,250,7.98039,29.5066,3.67566,1.3813
0,250,7.74471,29.9277,2.50791,1.52205
0,250,7.29222,30.1169,3.14574,0.86727
0,250,8.62228,30.6364,4.418,1.42109
0,250,7.89394,30.388,2.9939,-0.858416
0,250,8.16628,30.7501,2.61048,0.268038
0,250,8.13711,31.2883,3.19297,0.346298
0,250,7.64433,31.6159,2.56879,1.31088
0,250,7.82079,32.0401,0.963518,0.380183
0,250,6.71703,21.1982,0.742634,4.31629
0,250,6.92743,21.6203,0.566411,3.1076
0,250,6.95883,22.1348,0.298295,2.91676
0,250,7.01929,22.5862,-0.240977,2.98871
0,250,7.0397,23.0183,0.350236,3.57701
0,250,7.19908,23.4542,0.777048,3.14332
0,250,7.15241,23.9018,0.692968,2.73929
0,250,7.34044,24.322,0.809789,2.06716
0,250,7.25837,24.7323,0.891957,2.24923
0,250,7.55907,25.1517,1.4441,2.66722
0,250,7.30214,25.4554,0.319222,1.85316
0,250,7.72605,25.8818,0.799765,1.99611
0,250,7.48637,26.2636,2.32923,2.16317
0,250,7.95774,26.7305,0.396194,2.23949
0,250,7.58153,26.8898,1.36024,1.71719
0,250,7.82004,27.3797,0.164177,0.154614
0,250,7.55148,27.7042,1.60074,1.02941
0,250,8.25942,28.2146,1.89793,0.374498
0,250,7.49673,28.606,1.66608,0.634266
0,250,8.61341,28.8359,1.77955,1.11138
0,250,8.42403,29.2347,4.81933,0.765282
0,250,8.39403,29.739,3.32067,1.4905
0,250,9.29709,29.968,3.81932,2.98387
0,250,8.36493,30.17,2.17539,-0.393581
0,250,8.87999,30.0803,3.38115,0.977239
0,250,8.61326,31.1853,2.36889,-0.606471
0,250,8.46102,31.6889,3.42732,-0.459131
0,250,8.94615,31.4403,4.68838,1.25246
0,250,8.31715,31.9915,1.58229,-2.00784
0,250,8.97865,32.1518,3.30728,0.770891
0,250,7.42184,21.2723,0.738509,3.23779
0,250,7.38875,21.7629,0.681189,3.66351
0,250,7.49927,22.2337,1.30891,3.20837
0,250,7.64071,22.6441,1.30914,2.68415
0,250,7.62579,23.1128,0.359555,3.43355
0,250,7.76924,23.5369,0.667465,2.60692
0,250,7.7476,23.965,0.109955,2.72092
0,250,7.94519,24.3854,1.48761,3.33203
0,250,7.87686,24.7818,0.379928,2.18715
0,250,8.16852,25.1959,1.82314,2.30715
0,250,8.05834,25.6307,2.12862,2.86702
0,250,8.47594,26.0893,2.24297,3.13743
0,250,8.06908,26.2654,1.9076,1.56253
0,250,8.49132,26.7316,1.17667,2.96081
0,250,8.31792,27.1657,3.06207,2.64949
0,250,8.71137,27.5026,1.87472,1.54902
0,250,8.20714,27.678,1.02074,2.06914
0,250,8.76883,27.9381,3.24306,2.0801
0,250,8.13194,28.6748,1.89743,1.91166
0,250,8.80905,28.3513,3.71762,1.41725
0,250,9.05716,29.1321,3.58776,1.99205
0,250,8.95767,29.558,4.7875,1.85414
0,250,9.47656,29.4684,2.47725,-0.059892
0,250,9.72843,30.228,1.44753,1.35127
0,250,9.61404,30.6811,2.4845,0.982687
0,250,9.85565,31.1507,2.29499,0.0674693
0,250,9.04631,30.5852,2.30209,-0.374328
0,250,9.25486,30.9547,2.42878,0.0561802
0,250,9.43089,31.4364,3.0311,-1.08007
0,250,9.28179,31.8464,2.99334,1.26012
0,250,7.87695,21.4039,1.08017,3.69798
0,250,8.03221,21.8223,0.536747,3.41885
0,250,8.05261,22.2872,0.494298,3.58335
0,250,8.1675,22.7786,1.22642,2.87987
0,250,8.22731,23.1912,1.23824,2.84805
0,250,8.35677,23.6511,0.723741,3.33957
0,250,8.37616,24.0538,1.13836,2.69738
0,250,8.5485,24.4877,1.04869,2.76931
0,250,8.51491,24.8996,1.74952,2.69047
0,250,8.8183,25.2972,2.37906,2.28247
0,250,8.60643,25.6556,1.34341,3.09948
0,250,9.04395,26.0025,1.31877,2.01273
0,250,8.89083,26.4787,2.1725,2.22231
0,250,9.42772,26.963,2.23057,2.7068
0,250,8.89112,27.0572,0.968975,1.19239
0,250,9.32258,27.3996,1.33173,1.83068
0,250,9.33249,27.852,3.32616,0.78329
0,250,9.9216,28.3328,1.83247,1.86504
0,250,9.37771,28.2947,2.89509,2.12274
0,250,9.73981,28.7948,2.50248,1.10332
0,250,9.21695,28.7126,2.0499,1.10244
0,250,9.86369,29.2044,2.20825,-0.0572599
0,250,9.85258,29.8032,1.9306,0.464572
0,250,10.2369,30.3105,2.32968,-0.557434
0,250,10.1499,30.7392,3.53502,0.0494044
0,250,10.7702,31.168,2.65538,1.00317
0,250,10.2429,31.3432,4.11024,-1.5852
0,250,9.99234,31.7294,1.09019,0.919901
0,250,10.455,32.0815,4.42062,2.65411
0,250,9.77907,32.0492,0.480839,-0.731902
0,250,8.43612,21.4516,0.962355,3.77482
0,250,8.57981,21.9504,1.00728,3.18494
0,250,8.61624,22.4124,0.215468,3.10966
0,250,8.77445,22.8373,0.525957,3.67198
0,250,8.7899,23.2933,0.778608,3.01552
0,250,8.96832,23.7304,1.16611,2.9151
0,250,9.00016,24.1607,0.844225,2.98229
0,250,9.15631,24.5776,1.24729,2.68761
0,250,9.1756,24.991,1.04307,3.38186
0,250,9.4099,25.4197,1.05715,2.91507
0,250,9.43869,25.8571,2.02301,3.05423
0,250,9.81018,26.3061,1.90098,2.56748
0,250,9.34395,26.4907,0.148834,1.49131
0,250,9.95159,26.7391,1.89093,2.86198
0,250,9.88463,27.2812,2.67102,3.89537
0,250,10.3107,27.6766,2.8908,2.05144
0,250,9.82077,27.7674,2.89754,2.26048
0,250,10.3125,28.1858,1.78224,2.46644
0,250,10.2423,28.8237,2.39985,1.58637
0,250,10.6908,28.9956,1.12965,0.624017
0,250,10.3341,29.4192,1.56167,2.21668
0,250,10.4236,29.807,2.02307,1.41509
0,250,10.7617,30.1649,2.90626,0.126599
0,250,11.0555,30.5566,1.60571,3.47238
0,250,10.6457,30.7331,2.55742,0.160388
0,250,11.2531,31.1627,0.575182,3.0896
0,250,10.6959,31.6148,0.757365,1.2509
0,250,10.9657,31.9789,2.80509,-0.413998
0,250,11.869,31.7897,0.945172,1.09134
0,250,11.5263,32.1213,4.03641,1.38856
0,250,8.97587,21.576,0.759618,2.97119
0,250,9.12936,22.0445,1.04848,3.3629
0,250,9.18047,22.4955,1.50106,3.832
0,250,9.34335,22.9732,1.51436,2.99086
0,250,9.40486,23.3914,1.2409,3.24805
0,250,9.53984,23.8348,0.98547,3.22946
0,250,9.60604,24.2519,1.32417,3.05408
0,250,9.79533,24.6649,1.44943,2.45095
0,250,9.7796,25.0888,1.05496,2.89911
0,250,10.0688,25.4536,1.91184,2.28044
0,250,9.97532,25.8555,1.77043,2.39136
0,250,10.3755,26.2091,1.60187,3.3699
0,250,10.4174,26.6964,2.72925,2.08732
0,250,10.8873,27.273,2.49368,2.99448
0,250,10.3659,27.1878,2.01409,2.70885
0,250,11.0906,27.6396,3.02883,2.09831
0,250,10.7444,27.9834,2.41063,2.92285
0,250,11.2087,28.5279,1.9197,2.39666
0,250,10.7964,28.52,1.50976,0.419155
0,250,11.0974,29.143,1.5685,0.265152
0,250,10.8954,29.5671,3.37564,0.66025
0,250,11.3918,29.6603,2.91808,1.76594
0,250,11.2439,30.0777,1.55669,1.08924
0,250,11.6815,30.2738,2.63888,0.217449
0,250,11.5474,30.7547,2.0432,-0.562101
0,250,11.7365,31.3148,1.70948,-0.079076
0,250,11.3103,31.6166,2.91502,3.0799
0,250,12.2179,31.3126,0.857259,-0.59435
0,250,12.5831,31.5739,3.38848,-0.11668
0,250,12.2219,32.0448,3.88382,-1.48599
0,250,9.51835,21.6614,1.65996,3.39352
0,250,9.71108,22.1584,1.63637,2.9197
0,250,9.7536,22.6163,1.29753,3.62145
0,250,9.93445,23.06,0.936369,2.87886
0,250,10.0215,23.5253,1.19416,3.02345
0,250,10.1541,23.9652,1.51267,3.25653
0,250,10.2655,24.3905,1.3511,3.05164
0,250,10.3724,24.8034,1.08665,2.70281
0,250,10.5233,25.22,2.11473,2.7839
0,250,10.6554,25.6278,1.11433,2.50968
0,250,10.7931,26.0775,2.67858,3.75679
0,250,11.0876,26.4357,2.50671,3.23074
0,250,10.9251,26.8537,3.03374,3.35154
0,250,11.4979,26.9526,2.77496,2.11386
0,250,11.6112,27.3936,3.10994,1.50299
0,250,11.806,28.1785,3.16532,1.69788
0,250,11.3058,28.0347,1.72515,2.02827
0,250,11.7136,28.5936,3.62264,2.89918
0,250,11.5827,29.0698,1.93558,1.84679
0,250,12.1045,28.8825,3.44649,-0.101743
0,250,11.8493,29.4266,3.38986,0.542859
0,250,12.4301,29.8916,2.34712,0.597531
0,250,11.9594,29.9126,2.14182,1.11227
0,250,12.2793,30.3905,1.48059,-0.269332
0,250,11.9784,30.7425,1.64493,1.37766
0,250,12.8614,30.8177,2.66569,-1.13888
0,250,12.4697,30.9378,3.07578,-0.0703885
0,250,13.0413,31.3779,3.71586,-1.18771
0,250,13.2673,31.9968,2.64415,-1.72505
0,250,12.7104,31.974,4.9528,-0.57863
0,250,10.0785,21.8107,1.24151,3.54622
0,250,10.2249,22.2629,0.898193,3.09224
0,250,10.3329,22.7534,0.816735,3.07635
0,250,10.5386,23.2155,1.97226,3.4691
0,250,10.6151,23.6547,1.9576,3.80887
0,250,10.78,24.0721,1.88649,2.76215
0,250,10.8936,24.5111,2.7089,3.02643
0,250,11.027,24.8971,1.83495,2.07563
0,250,11.1282,25.3484,2.2675,3.30732
0,250,11.2803,25.7269,1.8106,2.37078
0,250,11.4897,26.1384,3.02635,3.23158
0,250,11.6624,26.6021,3.63815,3.4509
0,250,12.0883,27.0899,4.58838,5.60195
0,250,12.3748,27.4995,3.24477,3.21775
0,250,11.8832,27.6853,3.7157,3.60102
0,250,12.334,28.0537,1.8534,1.56495
0,250,12.4774,28.3635,6.06578,2.18111
0,250,13.0405,28.6835,4.24662,2.26624
0,250,12.5477,28.8456,2.944,0.13666
0,250,12.8042,29.3031,2.2711,0.941679
0,250,12.3413,29.3847,1.17146,-0.0575932
0,250,12.9377,29.7456,1.89672,0.460542
0,250,12.779,30.2772,1.549,1.77497
0,250,13.743,30.6578,3.98171,-0.33244
0,250,13.2112,30.3627,5.38425,-0.630562
0,250,14.5618,30.9815,7.66879,0.0302553
0,250,13.4596,31.6479,5.12286,-0.82526
0,250,14.0384,31.4957,5.70889,-1.23394
0,250,14.3402,31.9626,5.24694,-2.513
0,250,13.8487,31.9581,3.96355,1.46293
0,250,10.6229,21.903,1.20485,2.72396
0,250,10.8414,22.4003,1.80046,3.0137
0,250,10.9182,22.8861,2.29868,4.35639
0,250,11.1084,23.3714,1.50133,3.51592
0,250,11.2735,23.7985,2.50478,4.05811
0,250,11.3823,24.2326,1.66582,3.11541
0,250,11.5708,24.6488,1.5535,1.7142
0,250,11.6537,25.0925,2.08491,2.93574
0,250,11.8463,25.4173,2.12657,1.94682
0,250,11.96,25.8708,2.37718,2.37992
0,250,12.1286,26.2144,2.54996,2.72186
0,250,12.2699,26.6456,1.65497,3.55192
0,250,12.6076,26.9896,3.19292,2.23096
0,250,12.8349,27.5127,4.00022,3.93286
0,250,12.9346,27.9282,2.54576,1.77888
0,250,13.7211,28.372,5.69321,1.82408
0,250,13.1346,28.2622,4.35123,2.28786
0,250,13.6794,28.7687,5.89991,1.02802
0,250,13.2817,29.0653,1.10665,2.10292
0,250,13.7331,29.3308,2.99935,1.79225
0,250,13.3442,29.6026,3.2129,1.19319
0,250,13.9351,29.8355,2.5172,0.697848
0,250,13.508,30.0953,3.85053,1.06128
0,250,14.1795,30.7924,4.51154,-0.912031
0,250,13.2672,31.0034,2.52942,2.9341
0,250,16.031,30.8904,5.726,1.84274
0,250,13.7266,31.1148,4.21304,1.10913
0,250,14.4723,31.434,4.61681,1.48684
0,250,15.3836,31.1326,5.49963,0.774358
0,250,14.7402,32.0457,7.46147,4.85471
0,250,11.2089,22.0685,2.61298,3.01142
0,250,11.3938,22.5611,1.86793,2.92516
0,250,11.54,23.0484,1.9432,3.71419
0,250,11.7322,23.4794,2.15764,3.53786
0,250,11.881,23.9636,1.022,3.03402
0,250,12.061,24.3961,2.29531,4.14391
0,250,12.2135,24.815,2.462,3.12664
0,250,12.4112,25.2472,2.91897,2.74967
0,250,12.5092,25.6431,2.68242,3.13977
0,250,12.6931,26.0597,2.2272,2.54403
0,250,12.8696,26.4289,2.79293,3.20266
0,250,13.075,26.8114,2.91692,2.57587
0,250,13.312,27.2275,2.9139,4.0992
0,250,13.465,27.6022,3.20852,2.83248
0,250,13.6664,27.9841,2.5416,1.25816
0,250,14.2389,28.2073,3.64717,2.4067
0,250,14.3818,28.6802,4.34477,-0.692141
0,250,14.7394,29.033,3.56843,1.8403
0,250,14.1306,29.0607,4.09466,0.772497
0,250,14.8196,29.4923,5.27255,1.27938
0,250,14.3254,29.4861,3.89665,0.609138
0,250,14.5552,29.9727,3.4251,1.93106
0,250,14.077,30.2255,3.65502,0.682936
0,250,14.628,30.4198,2.36919,-0.189496
0,250,15.0339,30.7791,5.8364,0.569213
0,250,16.3934,31.0032,6.39792,0.10817
0,250,14.9501,31.4618,6.29023,0.462316
0,250,15.4432,30.6706,4.21001,-1.13569
0,250,15.7427,31.4228,5.69431,0.0781241
0,250,15.2388,31.7242,5.99702,-0.58594
0,250,11.7266,22.2199,1.4301,3.35464
0,250,11.9387,22.6874,2.19912,3.19769
0,250,12.1104,23.2198,2.02912,3.93146
0,250,12.3513,23.6861,2.47689,3.57363
0,250,12.5027,24.1295,3.28579,3.40443
0,250,12.6791,24.5943,1.71442,3.34475
0,250,12.885,24.9963,2.50381,3.41681
0,250,13.048,25.4239,1.90449,2.94425
0,250,13.2245,25.8024,2.15548,3.21956
0,250,13.4199,26.204,2.78216,2.80376
0,250,13.5884,26.6015,3.71733,2.75083
0,250,13.8122,27.0082,4.59093,3.13628
0,250,14.0628,27.3663,3.57429,2.32575
0,250,14.2476,27.754,4.8464,3.1339
0,250,14.7268,28.0259,4.49353,2.2821
0,250,14.8116,28.4717,6.29642,1.09106
0,250,15.2635,28.7246,5.73258,1.3455
0,250,16.0204,29.1074,7.38371,1.48847
0,250,15.288,29.173,6.14242,1.72332
0,250,15.6454,29.3839,3.79757,1.63327
0,250,15.1871,29.7777,3.69594,1.37355
0,250,15.6929,29.8992,5.38247,-0.265419
0,250,15.0679,30.2016,6.19055,-0.209733
0,250,16.2028,30.0224,5.59858,0.0231259
0,250,15.7303,30.3146,6.12372,-1.25107
0,250,16.8906,31.1135,8.11303,1.3188
0,250,16.1522,31.5185,5.10541,0.00976675
0,250,16.4327,31.8339,6.41881,1.31058
0,250,16.8951,31.9946,5.95624,-0.745965
0,250,15.4898,32.0579,4.06083,4.52388
0,250,12.303,22.386,2.61329,3.23676
0,250,12.5569,22.8727,2.28147,3.30249
0,250,12.7256,23.3843,2.68238,3.78706
0,250,12.9432,23.8516,2.26273,3.77878
0,250,13.164,24.3241,2.77384,3.07909
0,250,13.3882,24.7562,3.11339,2.93212
0,250,13.5684,25.1973,2.61689,2.91883
0,250,13.7234,25.6019,3.05391,2.59199
0,250,13.9387,25.9788,3.40633,3.05665
0,250,14.1182,26.3759,2.89786,4.15486
0,250,14.281,26.7516,2.97562,3.48877
0,250,14.5884,27.139,3.34381,3.16906
0,250,14.7615,27.5397,4.60256,3.17799
0,250,15.2653,27.8979,4.9069,0.902619
0,250,15.4495,28.315,4.90796,2.41431
0,250,15.7978,28.6784,5.33441,2.54788
0,250,16.4813,29.023,5.70412,3.36629
0,250,16.7472,29.4492,7.10832,2.03539
0,250,16.2229,29.5812,4.84747,-0.214392
0,250,17.3208,29.7379,8.84771,0.739242
0,250,16.7373,29.8911,6.93282,0.695982
0,250,17.6412,30.6141,6.54907,2.62929
0,250,16.9135,30.2906,6.46233,0.309988
0,250,16.8375,30.6685,6.64113,0.0345275
0,250,16.2335,30.4879,7.20505,0.480237
0,250,17.3431,31.4451,7.24216,2.10097
0,250,16.9344,31.5559,4.61594,0.868154
0,250,18.3481,31.8498,5.2968,0.0182233
0,250,17.8467,31.793,7.32989,-1.82225
0,250,16.0355,32.0671,5.38747,-0.00155951
0,250,12.8687,22.5702,1.94462,3.57037
0,250,13.1037,23.0833,2.46567,3.64695
0,250,13.3448,23.5778,2.6357,4.13833
0,250,13.5691,24.0929,3.40739,4.02112
0,250,13.8244,24.5513,2.50926,3.70656
0,250,14.0521,25.0337,3.51981,4.06744
0,250,14.3304,25.4402,2.80909,3.4019
0,250,14.4785,25.8678,2.93467,2.67962
0,250,14.7479,26.2308,3.58767,3.09004
0,250,14.871,26.6693,3.69032,4.87185
0,250,15.1484,27.0176,4.73307,3.81917
0,250,15.3112,27.4415,4.57508,4.12228
0,250,15.7827,27.6578,5.27071,3.0957
0,250,15.9171,28.1663,3.96101,2.00974
0,250,16.2769,28.4849,5.98339,1.97349
0,250,16.8019,28.6691,6.77678,2.97312
0,250,17.0613,29.0702,6.61876,1.936
0,250,17.4792,29.3188,6.02767,2.25971
0,250,17.8575,29.802,7.33988,3.02352
0,250,18.4231,30.1286,7.79303,1.81796
0,250,17.3921,30.1683,7.10083,0.441908
0,250,18.0479,30.2475,7.93125,2.03058
0,250,18.1066,30.7884,8.19272,2.19985
0,250,18.2783,31.2842,8.48419,2.51465
0,250,17.4266,30.9225,4.8531,0.576504
0,250,17.8264,31.3951,4.73787,0.205748
0,250,18.7818,31.5614,5.3356,0.059899
0,250,19.2962,31.3104,7.48838,0.359051
0,250,19.2411,31.7948,9.54771,-0.165269
0,250,17.3849,32.1687,8.20195,3.01643
0,250,13.4285,22.7633,2.86632,3.32714
0,250,13.7244,23.2484,3.17722,3.89097
0,250,13.9149,23.8047,3.25179,3.65714
0,250,14.2361,24.2743,3.09523,3.64861
0,250,14.4306,24.794,3.40066,2.8611
0,250,14.7814,25.1663,4.31456,3.10463
0,250,14.9326,25.6332,3.68703,3.37013
0,250,15.2485,26.0186,3.25775,2.67361
0,250,15.4166,26.4157,3.90044,3.87644
0,250,15.6493,26.773,3.96647,2.61428
0,250,15.8433,27.1664,3.33476,3.21374
0,250,16.2397,27.4675,6.31221,3.08856
0,250,16.4033,27.9384,4.84395,2.47395
0,250,16.7784,28.1731,5.17292,2.07489
0,250,17.3644,28.6026,7.03364,2.72979
0,250,17.7395,28.9276,7.89708,2.14188
0,250,18.095,29.4499,8.78807,4.06353
0,250,18.6127,29.7018,7.29159,2.64253
0,250,19.0409,29.9388,8.73377,4.97018
0,250,19.5129,30.2797,9.04691,1.63661
0,250,18.9871,30.4376,8.39312,0.993264
0,250,19.3334,30.7952,7.04589,1.58189
0,250,18.6271,30.691,6.80843,2.52668
0,250,19.643,31.1118,9.26254,0.733072
0,250,18.748,31.106,8.58076,0.787496
0,250,20.0579,31.2696,6.95089,-0.0693661
0,250,19.8665,31.7298,6.59089,0.583023
0,250,20.3552,31.6441,7.87283,0.0550124
0,250,20.2149,32.1318,8.43787,-4.47234
0,250,18.6685,32.0971,10.0485,-7.17519
0,250,14.038,22.9967,2.82622,4.33118
0,250,14.2948,23.5428,2.58446,4.0393
0,250,14.5993,24.0803,3.47886,4.44232
0,250,14.8759,24.5796,3.79949,3.89206
0,250,15.2457,25.1018,4.85615,3.91915
0,250,15.505,25.5693,3.85108,2.96885
0,250,15.85,25.9888,6.22912,3.83915
0,250,16.0582,26.3853,4.12166,4.17241
0,250,16.3396,26.7941,4.57304,3.38888
0,250,16.5909,27.1434,4.96059,3.14947
0,250,16.8796,27.4842,3.41552,2.3323
0,250,17.1067,27.8354,6.75549,2.78816
0,250,17.4236,28.1994,5.39835,3.94905
0,250,17.9203,28.4355,7.66979,2.75626
0,250,18.2613,28.857,7.62339,4.63785
0,250,18.5041,29.1989,7.84645,1.58057
0,250,19.095,29.4257,8.14184,3.55184
0,250,19.517,29.7728,8.1591,1.01593
0,250,20.1489,29.9599,9.17109,2.08668
0,250,20.449,30.3478,10.9776,0.469873
0,250,19.9013,30.3977,7.09326,0.216633
0,250,20.8535,30.555,8.58661,0.498595
0,250,20.2818,30.7886,11.3762,1.25595
0,250,21.2102,30.8831,10.9017,1.59555
0,250,20.585,31.0846,8.58357,-0.0510484
0,250,21.1312,31.2634,10.3628,0.942205
0,250,20.7878,31.6618,8.63931,-1.50894
0,250,22.1452,31.6457,9.84604,-0.486346
0,250,21.8496,32.0628,9.1438,2.44269
0,250,19.6137,32.0794,3.56774,-0.918847
0,250,14.5425,23.1964,2.53549,4.18696
0,250,14.9198,23.7114,3.19971,3.76695
0,250,15.1654,24.3089,3.60622,5.07954
0,250,15.5326,24.7745,3.30186,4.08571
0,250,15.8319,25.293,4.39515,3.1876
0,250,16.2365,25.7941,4.60064,4.50482
0,250,16.5531,26.3024,4.04038,3.85343
0,250,16.8994,26.6797,4.30461,4.29668
0,250,17.2665,27.0293,5.58603,3.16228
0,250,17.5481,27.362,6.34461,2.57966
0,250,17.7785,27.7802,5.46364,2.65579
0,250,18.1336,28.0124,8.57612,1.39229
0,250,18.549,28.3327,8.0441,1.40609
0,250,18.806,28.6925,6.63185,2.47516
0,250,19.1667,29.0144,7.04308,1.48096
0,250,19.6558,29.1431,8.57355,1.40019
0,250,20.0023,29.5865,8.96388,2.59027
0,250,20.8505,29.8257,8.05995,4.16117
0,250,21.0839,30.1278,7.7665,2.11537
0,250,21.6089,30.5464,11.9953,1.19327
0,250,21.8091,30.9393,10.9745,2.50215
0,250,22.3469,30.7271,11.4066,0.727198
0,250,21.6325,31.3902,10.5957,1.13296
0,250,22.7554,31.1507,9.52999,2.59277
0,250,21.5751,31.8111,9.72377,1.53345
0,250,22.2209,31.1769,11.198,-0.640223
0,250,22.8557,31.661,13.497,-0.747972
0,250,22.5277,31.9378,11.068,-3.64157
0,250,24.5082,31.9694,12.9831,1.16904
0,250,21.0009,32.0347,8.4697,0.273739
0,250,15.2513,23.5162,3.71816,4.50096
0,250,15.5992,24.1574,3.48207,4.81376
0,250,15.956,24.6925,4.36965,5.63852
0,250,16.3252,25.2584,4.19503,4.65648
0,250,16.7212,25.6764,4.80621,4.69371
0,250,17.0526,26.1559,5.23605,4.1724
0,250,17.4134,26.5686,6.05452,4.00627
0,250,17.8454,26.9921,5.45748,3.60146
0,250,18.1554,27.4106,6.36388,4.29636
0,250,18.5414,27.586,6.45329,3.17679
0,250,18.8496,27.9388,6.91839,2.54892
0,250,19.1423,28.3296,7.50699,2.01677
0,250,19.6026,28.6213,7.61892,1.92326
0,250,20.022,28.8697,8.87799,2.98684
0,250,20.3427,29.3177,11.1808,1.7055
0,250,20.8022,29.483,8.68822,2.7294
0,250,21.4918,29.8516,10.2734,2.01039
0,250,21.7863,30.1534,10.5868,1.22054
0,250,22.3301,30.2565,11.9952,0.236107
0,250,22.8143,30.6308,12.988,3.08566
0,250,23.575,30.5661,13.1884,0.855731
0,250,23.2368,30.946,11.7352,1.69133
0,250,23.6838,31.1031,11.303,0.188557
0,250,23.9263,31.4741,10.0357,-3.07754
0,250,23.2179,31.4928,12.1606,1.85388
0,250,24.8852,31.4882,15.2742,1.42793
0,250,23.6809,31.769,13.8475,-0.237452
0,250,23.9482,32.1207,11.0954,-3.50972
0,250,25.5744,31.5452,14.6227,-1.4253
0,250,23.2611,32.155,11.0753,5.22446
0,250,15.6425,23.6911,3.07408,4.47711
0,250,16.1442,24.2578,3.52272,3.63332
0,250,16.5051,24.908,4.3767,4.31839
0,250,16.9497,25.4064,3.52261,4.47742
0,250,17.3983,25.9294,5.82712,4.61844
0,250,17.9483,26.4713,7.13296,4.61336
0,250,18.4148,26.9032,6.58652,3.54984
0,250,18.9819,27.3547,7.30285,5.4202
0,250,19.3411,27.7873,6.2574,4.02626
0,250,19.635,28.0355,5.93173,3.7387
0,250,20.0199,28.3488,8.45134,3.34946
0,250,20.534,28.5689,8.38686,2.93688
0,250,20.7219,28.9376,9.01993,2.56217
0,250,21.2792,29.1227,8.66535,4.35442
0,250,21.5977,29.358,10.012,1.90414
0,250,22.0054,29.6052,9.34445,1.84096
0,250,22.3325,29.8634,9.99467,0.527982
0,250,22.9161,30.0584,12.3993,2.77554
0,250,23.2132,30.2415,13.5576,2.33755
0,250,24.1894,30.5898,14.554,2.65176
0,250,24.2621,30.9901,14.0904,1.76242
0,250,24.8428,30.897,12.627,1.50567
0,250,24.5003,31.391,16.0332,2.52228
0,250,26.2831,31.0302,14.4374,1.16084
0,250,25.2882,31.1798,16.1302,2.27283
0,250,26.7901,31.3733,14.0344,0.418205
0,250,25.8314,31.1445,16.328,-1.82079
0,250,25.578,31.8681,13.8076,-2.04486
0,250,26.3766,31.7655,10.2628,-0.419332
0,250,24.8747,32.1051,12.3489,4.16895
0,250,16.5452,24.25,4.57935,5.05955
0,250,17.0939,24.8424,5.86473,4.48895
0,250,17.6078,25.5121,6.9038,5.6326
0,250,17.8393,26.1207,6.39074,5.86057
0,250,18.4812,26.5155,6.88477,4.47718
0,250,18.9184,26.9146,6.5708,4.55562
0,250,19.585,27.3012,6.82082,4.52393
0,250,20.0946,27.6902,8.1578,3.80154
0,250,20.4279,28.0686,8.00638,3.55515
0,250,21.0082,28.3649,8.99347,2.64071
0,250,21.2738,28.6897,10.2802,4.04951
0,250,21.8493,28.7824,9.89707,3.41812
0,250,22.1116,29.0954,10.3154,2.75849
0,250,22.7218,29.3821,10.727,2.69015
0,250,23.0765,29.584,11.4643,0.741302
0,250,23.7521,29.7973,11.8873,0.291438
0,250,23.9106,30.1771,13.8263,1.93758
0,250,24.4582,29.9985,12.1129,1.52929
0,250,24.6591,30.3828,12.2168,1.58251
0,250,25.9916,30.4387,15.9227,0.733129
0,250,25.6384,30.7431,12.6096,0.131887
0,250,26.8272,31.0085,17.4515,-1.21584
0,250,27.5069,30.9792,13.9534,1.73954
0,250,28.1123,30.881,15.703,2.13857
0,250,27.093,31.7171,9.88885,4.08212
0,250,27.4605,31.3112,11.5114,-6.05979
0,250,26.1961,31.9103,13.8585,3.67109
0,250,26.752,32.1777,13.1692,-7.77998
0,250,27.957,31.6135,14.8525,-2.06786
0,250,27.3394,31.9021,8.32087,0.0201387
0,250,16.7671,24.4806,3.63669,5.53094
0,250,17.4022,25.0282,5.01671,4.33962
0,250,18.1268,25.6099,6.76247,4.97414
0,250,18.5957,26.0844,5.32212,5.56766
0,250,19.3718,26.8189,7.15102,5.10238
0,250,20.0821,27.2804,8.88683,5.61622
0,250,20.7457,27.7497,9.9221,5.62787
0,250,21.2071,27.9549,9.32377,3.96661
0,250,21.8967,28.3205,9.5026,2.51641
0,250,22.4069,28.6151,10.3949,2.48218
0,250,22.6785,29.0301,11.1429,4.76509
0,250,23.392,28.9767,11.1777,1.35249
0,250,23.5186,29.4395,11.7632,2.30319
0,250,24.1572,29.4444,12.7017,2.72621
0,250,24.7607,29.64,13.7886,0.942738
0,250,25.4185,30.1655,14.0304,3.4532
0,250,25.1611,30.4309,12.9487,3.33979
0,250,26.6818,30.2149,16.4494,0.594246
0,250,26.475,30.6388,14.3824,1.345
0,250,27.2095,30.6428,12.757,1.48116
0,250,27.893,30.5098,15.3723,-1.27452
0,250,28.3162,31.4544,17.6645,2.22614
0,250,28.6348,31.1591,13.5065,-0.478848
0,250,29.6926,31.1101,12.2086,-6.4978
0,250,28.9922,31.5022,11.1027,-3.45905
0,250,29.2784,31.7934,12.7075,-0.973279
0,250,28.8245,31.9715,9.40204,1.13323
0,250,29.7814,31.5388,6.02668,-0.326194
0,250,28.3873,32.0482,14.5917,1.77597
0,250,27.8392,32.0053,12.5414,-6.9802
0,250,17.9242,25.1706,5.69501,5.58522
0,250,18.901,25.8529,7.43413,5.37997
0,250,19.2067,26.3887,6.79831,5.49734
0,250,19.9601,26.7887,8.87585,4.79713
0,250,20.649,27.3207,9.84506,4.76246
0,250,21.4413,27.6589,9.94837,4.97385
0,250,21.921,28.008,10.1349,3.50037
0,250,22.8689,28.4072,11.7052,2.76387
0,250,23.3195,28.6315,12.7916,3.42376
0,250,24.0078,29,13.9136,1.6294
0,250,24.522,29.2677,14.5715,1.78775
0,250,25.1358,29.4188,13.6193,1.54093
0,250,25.5255,29.7442,15.2806,1.85161
0,250,26.0287,29.6817,15.4733,-0.112039
0,250,26.2061,30.0153,15.3339,3.61884
0,250,26.8343,29.6946,15.4742,0.347891
0,250,27.1309,30.2343,14.4041,-0.784034
0,250,27.7459,30.1688,14.24,-3.52441
0,250,28.5395,30.6863,16.9011,-4.65504
0,250,29.054,30.7865,16.3546,1.46534
0,250,29.3044,31.0649,14.8552,-2.66485
0,250,29.5517,30.5165,11.1436,-4.61686
0,250,30.1707,30.7557,17.7136,-5.51799
0,250,30.8113,30.0791,9.13601,-10.4183
0,250,30.7821,30.9193,9.63723,-7.05082
0,250,30.6033,31.9297,8.73557,-4.38061
0,250,30.1429,31.5786,6.82023,-3.17294
0,250,31.9286,30.5614,8.78712,-4.29157
0,250,31.2758,32.0661,13.9752,-0.0224324
0,250,29.5439,32.0896,18.4576,-7.0193
0,250,18.4957,25.558,6.40273,5.71262
0,250,19.5014,26.022,6.79883,6.21763
0,250,20.596,26.6125,9.25598,6.18735
0,250,21.2865,27.07,8.83583,3.53677
0,250,22.1777,27.5468,10.8096,4.75401
0,250,22.6554,28.0442,11.586,4.66955
0,250,23.418,28.135,12.925,2.36971
0,250,23.9931,28.6492,14.3068,2.36724
0,250,24.6337,28.6166,12.8238,2.9208
0,250,25.1704,29.0202,13.9765,0.567856
0,250,25.7036,29.2202,14.6075,1.96153
0,250,26.4925,29.3726,15.8479,2.27147
0,250,27.0555,29.3135,18.4081,0.0316347
0,250,27.4913,29.8617,11.032,-1.48543
0,250,28.4079,29.7623,15.3894,-2.17759
0,250,28.3976,30.2306,12.3632,-0.636796
0,250,28.9528,30.1229,15.9897,-2.72057
0,250,29.3857,30.0554,19.4047,-6.46278
0,250,30.3248,29.9242,16.3157,-6.03328
0,250,30.275,30.5161,8.07993,-5.6032
0,250,30.4372,31.2373,10.5629,-5.14043
0,250,31.2597,30.5374,10.397,-9.23284
0,250,30.6853,31.7185,12.0164,0.046673
0,250,31.4026,31.5148,2.47509,-2.13014
0,250,31.5447,31.9919,0.893022,-6.84946
0,250,31.6293,29.7214,5.20091,-3.67401
0,250,31.0848,31.084,5.04078,-0.519196
0,250,31.5804,31.2023,-13.6538,-18.5589
0,250,32.0861,30.9912,8.39378,6.55217
0,250,32.0554,31.4981,3.24585,-15.7292
0,250,19.8886,26.5174,6.89378,5.12647
0,250,20.7775,26.9582,9.6991,4.55567
0,250,21.5372,27.2554,9.09257,4.58368
0,250,22.4475,27.7079,10.8492,4.20493
0,250,23.2304,27.8682,11.2927,4.40169
0,250,24.1531,28.2563,13.8025,4.80784
0,250,24.796,28.4731,13.6367,3.26256
0,250,25.5429,28.6684,15.2074,2.63026
0,250,26.1674,28.9534,15.493,2.56167
0,250,26.9057,29.0618,15.5267,1.44396
0,250,27.7014,29.4393,17.3585,1.18926
0,250,27.9675,29.5421,15.1325,-0.00133464
0,250,28.7151,29.6402,17.4696,-3.37493
0,250,29.2553,29.5273,18.033,-2.21594
0,250,29.7853,29.8136,11.8169,-9.01137
0,250,30.1595,29.5805,16.9173,-10.9402
0,250,30.6507,29.369,12.9573,-12.9124
0,250,30.9318,29.3653,5.69381,-14.646
0,250,31.3356,29.531,3.61135,-11.675
0,250,31.3107,28.9788,4.13442,-26.4403
0,250,31.5105,30.66,-0.82139,2.32982
0,250,31.5854,28.3296,2.85011,-27.6355
0,250,31.6692,28.3504,3.06872,-24.4302
0,250,31.6682,27.7197,-2.44817,-33.9492
0,250,31.9072,29.5697,6.73216,-16.771
0,250,30.426,26.8855,-23.1317,-36.3879
0,250,31.9308,30.1818,-6.40894,-19.3147
0,250,31.8958,31.8403,-2.94285,0.682127
0,250,30.4099,24.9614,-7.49099,-39.6187
0,250,31.827,28.9637,-7.14213,-28.0266
1,250,1.5,1.5,0,0
1,250,1.5,2,0,0
1,250,32.5,1.5,0,0
1,250,33,1.5,0,0
1,250,2.5,32.5,0,0
1,250,2.5,33,0,0
1,250,1.5,2.5,0,0
1,250,2,2.5,0,0
1,250,2,1.5,0,0
1,250,2,2,0,0
1,250,32.5,2,0,0
1,250,33,2,0,0
1,250,3,32.5,0,0
1,250,3,33,0,0
1,250,1.5,3,0,0
1,250,2,3,0,0
1,250,2.5,1.5,0,0
1,250,2.5,2,0,0
1,250,32.5,2.5,0,0
1,250,33,2.5,0,0
1,250,3.5,32.5,0,0
1,250,3.5,33,0,0
1,250,1.5,3.5,0,0
1,250,2,3.5,0,0
1,250,3,1.5,0,0
1,250,3,2,0,0
1,250,32.5,3,0,0
1,250,33,3,0,0
1,250,4,32.5,0,0
1,250,4,33,0,0
1,250,1.5,4,0,0
1,250,2,4,0,0
1,250,3.5,1.5,0,0
1,250,3.5,2,0,0
1,250,32.5,3.5,0,0
1,250,33,3.5,0,0
1,250,4.5,32.5,0,0
1,250,4.5,33,0,0
1,250,1.5,4.5,0,0
1,250,2,4.5,0,0
1,250,4,1.5,0,0
1,250,4,2,0,0
1,250,32.5,4,0,0
1,250,33,4,0,0
1,250,5,32.5,0,0
1,250,5,33,0,0
1,250,1.5,5,0,0
1,250,2,5,0,0
1,250,4.5,1.5,0,0
1,250,4.5,2,0,0
1,250,32.5,4.5,0,0
1,250,33,4.5,0,0
1,250,5.5,32.5,0,0
1,250,5.5,33,0,0
1,250,1.5,5.5,0,0
1,250,2,5.5,0,0
1,250,5,1.5,0,0
1,250,5,2,0,0
1,250,32.5,5,0,0
1,250,33,5,0,0
1,250,6,32.5,0,0
1,250,6,33,0,0
1,250,1.5,6,0,0
1,250,2,6,0,0
1,250,5.5,1.5,0,0
1,250,5.5,2,0,0
1,250,32.5,5.5,0,0
1,250,33,5.5,0,0
1,250,6.5,32.5,0,0
1,250,6.5,33,0,0
1,250,1.5,6.5,0,0
1,250,2,6.5,0,0
1,250,6,1.5,0,0
1,250,6,2,0,0
1,250,32.5,6,0,0
1,250,33,6,0,0
1,250,7,32.5,0,0
1,250,7,33,0,0
1,250,1.5,7,0,0
1,250,2,7,0,0
1,250,6.5,1.5,0,0
1,250,6.5,2,0,0
1,250,32.5,6.5,0,0
1,250,33,6.5,0,0
1,250,7.5,32.5,0,0
1,250,7.5,33,0,0
1,250,1.5,7.5,0,0
1,250,2,7.5,0,0
1,250,7,1.5,0,0
1,250,7,2,0,0
1,250,32.5,7,0,0
1,250,33,7,0,0
1,250,8,32.5,0,0
1,250,8,33,0,0
1,250,1.5,8,0,0
1,250,2,8,0,0
1,250,7.5,1.5,0,0
1,250,7.5,2,0,0
1,250,32.5,7.5,0,0
1,250,33,7.5,0,0
1,250,8.5,32.5,0,0
1,250,8.5,33,0,0
1,250,1.5,8.5,0,0
1,250,2,8.5,0,0
1,250,8,1.5,0,0
1,250,8,2,0,0
1,250,32.5,8,0,0
1,250,33,8,0,0
1,250,9,32.5,0,0
1,250,9,33,0,0
1,250,1.5,9,0,0
1,250,2,9,0,0
1,250,8.5,1.5,0,0
1,250,8.5,2,0,0
1,250,32.5,8.5,0,0
1,250,33,8.5,0,0
1,250,9.5,32.5,0,0
1,250,9.5,33,0,0
1,250,1.5,9.5,0,0
1,250,2,9.5,0,0
1,250,9,1.5,0,0
1,250,9,2,0,0
1,250,32.5,9,0,0
1,250,33,9,0,0
1,250,10,32.5,0,0
1,250,10,33,0,0
1,250,1.5,10,0,0
1,250,2,10,0,0
1,250,9.5,1.5,0,0
1,250,9.5,2,0,0
1,250,32.5,9.5,0,0
1,250,33,9.5,0,0
1,250,10.5,32.5,0,0
1,250,10.5,33,0,0
1,250,1.5,10.5,0,0
1,250,2,10.5,0,0
1,250,10,1.5,0,0
1,250,10,2,0,0
1,250,32.5,10,0,0
1,250,33,10,0,0
1,250,11,32.5,0,0
1,250,11,33,0,0
1,250,1.5,11,0,0
1,250,2,11,0,0
1,250,10.5,1.5,0,0
1,250,10.5,2,0,0
1,250,32.5,10.5,0,0
1,250,33,10.5,0,0
1,250,11.5,32.5,0,0
1,250,11.5,33,0,0
1,250,1.5,11.5,0,0
1,250,2,11.5,0,0
1,250,11,1.5,0,0
1,250,11,2,0,0
1,250,32.5,11,0,0
1,250,33,11,0,0
1,250,12,32.5,0,0
1,250,12,33,0,0
1,250,1.5,12,0,0
1,250,2,12,0,0
1,250,11.5,1.5,0,0
1,250,11.5,2,0,0
1,250,32.5,11.5,0,0
1,250,33,11.5,0,0
1,250,12.5,32.5,0,0
1,250,12.5,33,0,0
1,250,1.5,12.5,0,0
1,250,2,12.5,0,0
1,250,12,1.5,0,0
1,250,12,2,0,0
1,250,32.5,12,0,0
1,250,33,12,0,0
1,250,13,32.5,0,0
1,250,13,33,0,0
1,250,1.5,13,0,0
1,250,2,13,0,0
1,250,12.5,1.5,0,0
1,250,12.5,2,0,0
1,250,32.5,12.5,0,0
1,250,33,12.5,0,0
1,250,13.5,32.5,0,0
1,250,13.5,33,0,0
1,250,1.5,13.5,0,0
1,250,2,13.5,0,0
1,250,13,1.5,0,0
1,250,13,2,0,0
1,250,32.5,13,0,0
1,250,33,13,0,0
1,250,14,32.5,0,0
1,250,14,33,0,0
1,250,1.5,14,0,0
1,250,2,14,0,0
1,250,13.5,1.5,0,0
1,250,13.5,2,0,0
1,250,32.5,13.5,0,0
1,250,33,13.5,0,0
1,250,14.5,32.5,0,0
1,250,14.5,33,0,0
1,250,1.5,14.5,0,0
1,250,2,14.5,0,0
1,250,14,1.5,0,0
1,250,14,2,0,0
1,250,32.5,14,0,0
1,250,33,14,0,0
1,250,15,32.5,0,0
1,250,15,33,0,0
1,250,1.5,15,0,0
1,250,2,15,0,0
1,250,14.5,1.5,0,0
1,250,14.5,2,0,0
1,250,32.5,14.5,0,0
1,250,33,14.5,0,0
1,250,15.5,32.5,0,0
1,250,15.5,33,0,0
1,250,1.5,15.5,0,0
1,250,2,15.5,0,0
1,250,15,1.5,0,0
1,250,15,2,0,0
1,250,32.5,15,0,0
1,250,33,15,0,0
1,250,16,32.5,0,0
1,250,16,33,0,0
1,250,1.5,16,0,0
1,250,2,16,0,0
1,250,15.5,1.5,0,0
1,250,15.5,2,0,0
1,250,32.5,15.5,0,0
1,250,33,15.5,0,0
1,250,16.5,32.5,0,0
1,250,16.5,33,0,0
1,250,1.5,16.5,0,0
1,250,2,16.5,0,0
1,250,16,1.5,0,0
1,250,16,2,0,0
1,250,32.5,16,0,0
1,250,33,16,0,0
1,250,17,32.5,0,0
1,250,17,33,0,0
1,250,1.5,17,0,0
1,250,2,17,0,0
1,250,16.5,1.5,0,0
1,250,16.5,2,0,0
1,250,32.5,16.5,0,0
1,250,33,16.5,0,0
1,250,17.5,32.5,0,0
1,250,17.5,33,0,0
1,250,1.5,17.5,0,0
1,250,2,17.5,0,0
1,250,17,1.5,0,0
1,250,17,2,0,0
1,250,32.5,17,0,0
1,250,33,17,0,0
1,250,18,32.5,0,0
1,250,18,33,0,0
1,250,1.5,18,0,0
1,250,2,18,0,0
1,250,17.5,1.5,0,0
1,250,17.5,2,0,0
1,250,32.5,17.5,0,0
1,250,33,17.5,0,0
1,250,18.5,32.5,0,0
1,250,18.5,33,0,0
1,250,1.5,18.5,0,0
1,250,2,18.5,0,0
1,250,18,1.5,0,0
1,250,18,2,0,0
1,250,32.5,18,0,0
1,250,33,18,0,0
1,250,19,32.5,0,0
1,250,19,33,0,0
1,250,1.5,19,0,0
1,250,2,19,0,0
1,250,18.5,1.5,0,0
1,250,18.5,2,0,0
1,250,32.5,18.5,0,0
1,250,33,18.5,0,0
1,250,19.5,32.5,0,0
1,250,19.5,33,0,0
1,250,1.5,19.5,0,0
1,250,2,19.5,0,0
1,250,19,1.5,0,0
1,250,19,2,0,0
1,250,32.5,19,0,0
1,250,33,19,0,0
1,250,20,32.5,0,0
1,250,20,33,0,0
1,250,1.5,20,0,0
1,250,2,20,0,0
1,250,19.5,1.5,0,0
1,250,19.5,2,0,0
1,250,32.5,19.5,0,0
1,250,33,19.5,0,0
1,250,20.5,32.5,0,0
1,250,20.5,33,0,0
1,250,1.5,20.5,0,0
1,250,2,20.5,0,0
1,250,20,1.5,0,0
1,250,20,2,0,0
1,250,32.5,20,0,0
1,250,33,20,0,0
1,250,21,32.5,0,0
1,250,21,33,0,0
1,250,1.5,21,0,0
1,250,2,21,0,0
1,250,20.5,1.5,0,0
1,250,20.5,2,0,0
1,250,32.5,20.5,0,0
1,250,33,20.5,0,0
1,250,21.5,32.5,0,0
1,250,21.5,33,0,0
1,250,1.5,21.5,0,0
1,250,2,21.5,0,0
1,250,21,1.5,0,0
1,250,21,2,0,0
1,250,32.5,21,0,0
1,250,33,21,0,0
1,250,22,32.5,0,0
1,250,22,33,0,0
1,250,1.5,22,0,0
1,250,2,22,0,0
1,250,21.5,1.5,0,0
1,250,21.5,2,0,0
1,250,32.5,21.5,0,0
1,250,33,21.5,0,0
1,250,22.5,32.5,0,0
1,250,22.5,33,0,0
1,250,1.5,22.5,0,0
1,250,2,22.5,0,0
1,250,22,1.5,0,0
1,250,22,2,0,0
1,250,32.5,22,0,0
1,250,33,22,0,0
1,250,23,32.5,0,0
1,250,23,33,0,0
1,250,1.5,23,0,0
1,250,2,23,0,0
1,250,22.5,1.5,0,0
1,250,22.5,2,0,0
1,250,32.5,22.5,0,0
1,250,33,22.5,0,0
1,250,23.5,32.5,0,0
1,250,23.5,33,0,0
1,250,1.5,23.5,0,0
1,250,2,23.5,0,0
1,250,23,1.5,0,0
1,250,23,2,0,0
1,250,32.5,23,0,0
1,250,33,23,0,0
1,250,24,32.5,0,0
1,250,24,33,0,0
1,250,1.5,24,0,0
1,250,2,24,0,0
1,250,23.5,1.5,0,0
1,250,23.5,2,0,0
1,250,32.5,23.5,0,0
1,250,33,23.5,0,0
1,250,24.5,32.5,0,0
1,250,24.5,33,0,0
1,250,1.5,24.5,0,0
1,250,2,24.5,0,0
1,250,24,1.5,0,0
1,250,24,2,0,0
1,250,32.5,24,0,0
1,250,33,24,0,0
1,250,25,32.5,0,0
1,250,25,33,0,0
1,250,1.5,25,0,0
1,250,2,25,0,0
1,250,24.5,1.5,0,0
1,250,24.5,2,0,0
1,250,32.5,24.5,0,0
1,250,33,24.5,0,0
1,250,25.5,32.5,0,0
1,250,25.5,33,0,0
1,250,1.5,25.5,0,0
1,250,2,25.5,0,0
1,250,25,1.5,0,0
1,250,25,2,0,0
1,250,32.5,25,0,0
1,250,33,25,0,0
1,250,26,32.5,0,0
1,250,26,33,0,0
1,250,1.5,26,0,0
1,250,2,26,0,0
1,250,25.5,1.5,0,0
1,250,25.5,2,0,0
1,250,32.5,25.5,0,0
1,250,33,25.5,0,0
1,250,26.5,32.5,0,0
1,250,26.5,33,0,0
1,250,1.5,26.5,0,0
1,250,2,26.5,0,0
1,250,26,1.5,0,0
1,250,26,2,0,0
1,250,32.5,26,0,0
1,250,33,26,0,0
1,250,27,32.5,0,0
1,250,27,33,0,0
1,250,1.5,27,0,0
1,250,2,27,0,0
1,250,26.5,1.5,0,0
1,250,26.5,2,0,0
1,250,32.5,26.5,0,0
1,250,33,26.5,0,0
1,250,27.5,32.5,0,0
1,250,27.5,33,0,0
1,250,1.5,27.5,0,0
1,250,2,27.5,0,0
1,250,27,1.5,0,0
1,250,27,2,0,0
1,250,32.5,27,0,0
1,250,33,27,0,0
1,250,28,32.5,0,0
1,250,28,33,0,0
1,250,1.5,28,0,0
1,250,2,28,0,0
1,250,27.5,1.5,0,0
1,250,27.5,2,0,0
1,250,32.5,27.5,0,0
1,250,33,27.5,0,0
1,250,28.5,32.5,0,0
1,250,28.5,33,0,0
1,250,1.5,28.5,0,0
1,250,2,28.5,0,0
1,250,28,1.5,0,0
1,250,28,2,0,0
1,250,32.5,28,0,0
1,250,33,28,0,0
1,250,29,32.5,0,0
1,250,29,33,0,0
1,250,1.5,29,0,0
1,250,2,29,0,0
1,250,28.5,1.5,0,0
1,250,28.5,2,0,0
1,250,32.5,28.5,0,0
1,250,33,28.5,0,0
1,250,29.5,32.5,0,0
1,250,29.5,33,0,0
1,250,1.5,29.5,0,0
1,250,2,29.5,0,0
1,250,29,1.5,0,0
1,250,29,2,0,0
1,250,32.5,29,0,0
1,250,33,29,0,0
1,250,30,32.5,0,0
1,250,30,33,0,0
1,250,1.5,30,0,0
1,250,2,30,0,0
1,250,29.5,1.5,0,0
1,250,29.5,2,0,0
1,250,32.5,29.5,0,0
1,250,33,29.5,0,0
1,250,30.5,32.5,0,0
1,250,30.5,33,0,0
1,250,1.5,30.5,0,0
1,250,2,30.5,0,0
1,250,30,1.5,0,0
1,250,30,2,0,0
1,250,32.5,30,0,0
1,250,33,30,0,0
1,250,31,32.5,0,0
1,250,31,33,0,0
1,250,1.5,31,0,0
1,250,2,31,0,0
1,250,30.5,1.5,0,0
1,250,30.5,2,0,0
1,250,32.5,30.5,0,0
1,250,33,30.5,0,0
1,250,31.5,32.5,0,0
1,250,31.5,33,0,0
1,250,1.5,31.5,0,0
1,250,2,31.5,0,0
1,250,31,1.5,0,0
1,250,31,2,0,0
1,250,32.5,31,0,0
1,250,33,31,0,0
1,250,32,32.5,0,0
1,250,32,33,0,0
1,250,1.5,32,0,0
1,250,2,32,0,0
1,250,31.5,1.5,0,0
1,250,31.5,2,0,0
1,250,32.5,31.5,0,0
1,250,33,31.5,0,0
1,250,32.5,32.5,0,0
1,250,32.5,33,0,0
1,250,1.5,32.5,0,0
1,250,2,32.5,0,0
1,250,32,1.5,0,0
1,250,32,2,0,0
1,250,32.5,32,0,0
1,250,33,32,0,0
1,250,33,32.5,0,0
1,250,33,33,0,0
1,250,1.5,33,0,0
1,250,2,33,0,0
