1396 2 0.5 5e+06 0.05 2 0 0.001 0 9.81 35 35
0,250,2.41773,21.7538,2.93988,1.30614
0,250,2.86268,22.7084,0.628665,1.77075
0,250,2.40795,23.3271,3.09636,2.74204
0,250,2.52732,23.6839,-1.43259,3.49517
0,250,2.32793,24.2965,2.38449,2.00755
0,250,2.75389,24.5542,1.40126,2.94889
0,250,2.45954,25.0505,1.38947,2.71452
0,250,2.78277,25.4639,0.897792,2.59701
0,250,2.47398,25.7647,0.0658449,1.76178
0,250,2.38378,26.3787,-1.30233,2.96969
0,250,2.77144,26.6939,0.332506,2.65251
0,250,2.38035,27.0267,-3.58748,1.68158
0,250,2.79841,27.37,-0.655814,0.834705
0,250,2.48256,27.6897,1.18729,0.128381
0,250,2.42985,28.1597,1.4038,1.61612
0,250,2.5676,28.7944,1.35407,2.10456
0,250,3.09534,29.0434,0.772359,2.04128
0,250,2.44289,29.1914,-0.802434,0.963197
0,250,3.02795,29.4257,0.866926,1.13729
0,250,2.61945,29.7679,3.78466,0.705148
0,250,2.59299,30.1751,-0.34873,0.462791
0,250,2.52226,30.6815,0.364248,-0.318125
0,250,2.43904,31.1574,-1.75972,-1.23376
0,250,2.48898,31.6955,-1.16248,0.371989
0,250,3.02562,31.0355,1.4022,0.25308
0,250,2.94776,31.5322,1.77817,-1.63059
0,250,3.57726,31.0821,1.66021,-1.59287
0,250,2.70288,32.0423,3.42262,-1.99323
0,250,3.4204,31.5102,1.25341,-1.02023
0,250,3.2641,32.0388,2.83794,0.876719
0,250,3.2901,21.4531,0.432506,2.17485
0,250,2.86862,21.5318,0.0036362,0.505856
0,250,2.60329,22.1732,-0.387768,3.23548
0,250,3.27651,22.2701,0.563202,1.53884
0,250,3.12959,22.8974,0.0488347,1.29448
0,250,3.21381,23.3366,0.468452,1.41848
0,250,2.9912,23.7152,-2.30888,1.31225
0,250,3.01767,24.1808,-1.56012,1.92624
0,250,2.92199,24.9555,0.765776,1.95754
0,250,3.54486,24.8025,0.988756,1.19125
0,250,3.37497,25.2386,1.24393,1.69171
0,250,2.90205,26.0049,-0.460894,3.10093
0,250,3.28107,26.0829,0.537826,0.580194
0,250,3.25504,26.6072,-0.989254,2.84778
0,250,3.15263,27.1173,-1.29554,1.80414
0,250,3.28957,27.605,0.199474,1.90648
0,250,2.99983,28.0416,-0.915695,-0.22844
0,250,2.88367,28.454,-0.00658813,0.324681
0,250,3.40947,28.6083,0.125499,2.60768
0,250,3.60099,29.1706,1.06717,1.88897
0,250,3.58685,29.7076,1.09465,-0.320197
0,250,4.0327,29.6691,1.41399,-0.271946
0,250,3.09558,29.9544,0.377307,1.34461
0,250,2.96267,30.6054,-0.108687,-0.965974
0,250,3.53049,30.6071,1.74808,-1.19854
0,250,3.98228,30.4886,1.46439,-1.80574
0,250,4.12343,31.0012,2.3631,1.11124
0,250,3.98516,31.4414,3.54617,-1.09458
0,250,4.16953,32.0117,0.853524,3.16626
0,250,3.73051,31.9544,2.53384,-1.11031
0,250,3.93662,21.472,1.38297,1.80765
0,250,3.2242,21.9805,-1.08065,2.94437
0,250,3.82712,22.2841,0.222492,2.00581
0,250,3.70629,22.871,1.38431,1.93152
0,250,3.75651,23.2852,1.09369,1.50199
0,250,3.59328,23.7964,0.558754,2.14138
0,250,3.95994,24.2963,1.45474,1.82076
0,250,3.42247,24.3788,-0.818862,0.630665
0,250,4.04299,24.881,1.25189,2.38833
0,250,3.98934,25.3047,1.32082,1.96299
0,250,3.44462,25.659,-0.835551,3.00325
0,250,3.88935,25.8966,0.776616,2.07992
0,250,3.90905,26.3752,0.449508,2.57541
0,250,3.68082,26.7519,0.12263,-0.486051
0,250,3.74301,27.2883,-0.315173,0.880444
0,250,3.72495,27.7996,1.19943,1.47477
0,250,4.192,28.1454,-0.159306,1.49534
0,250,3.4804,28.2184,-0.561577,0.151026
0,250,3.98478,28.5912,-0.227563,0.312418
0,250,3.98475,29.034,1.23173,-0.465783
0,250,4.42427,29.363,1.3005,0.103384
0,250,4.5927,29.8729,1.64304,0.483665
0,250,3.47838,30.1612,0.0775773,0.165287
0,250,4.7545,30.351,1.65154,-0.685835
0,250,4.20372,30.1294,1.99899,-1.72141
0,250,4.52243,30.7808,2.32398,-2.25047
0,250,4.67304,31.2426,3.98339,-0.35221
0,250,4.48385,31.6283,2.20808,-0.232995
0,250,5.05826,31.6219,0.780829,-0.191243
0,250,4.76353,32.0578,3.92567,-0.432054
0,250,4.08324,21.654,0.0895989,1.99704
0,250,4.16008,22.1818,0.767648,1.52229
0,250,4.13481,22.7412,-0.286114,1.50372
0,250,4.36492,23.0884,0.713794,2.72588
0,250,3.97502,23.7628,0.325703,2.61882
0,250,4.49211,23.8524,0.549442,1.11666
0,250,4.36152,24.3589,1.60056,2.00704
0,250,4.68279,24.7923,1.49326,1.52192
0,250,4.48401,25.2376,2.05526,2.99668
0,250,4.33011,25.7945,0.942705,1.73171
0,250,4.78939,26.1159,1.32867,1.20953
0,250,4.32493,26.4553,0.149199,2.17186
0,250,4.57305,26.8076,0.26323,1.84207
0,250,4.13772,27.065,-0.9922,2.3318
0,250,4.57146,27.3947,0.13926,1.31941
0,250,4.19866,27.65,-0.645458,0.476425
0,250,4.68393,28.0206,0.967117,1.38423
0,250,4.46069,28.5602,1.14313,0.110263
0,250,4.67476,29.0765,2.01231,1.67503
0,250,5.08322,29.4072,2.62028,0.24696
0,250,5.07166,29.8963,2.19602,1.26199
0,250,5.55479,29.5496,0.799245,0.721479
0,250,5.5928,30.1284,1.08379,-0.142054
0,250,6.03102,30.3415,2.6676,-0.548451
0,250,5.25262,30.482,2.26764,-0.725689
0,250,5.05475,30.8921,0.03757,1.03027
0,250,5.99483,31.0885,2.26612,0.700448
0,250,5.42967,31.2231,3.04738,-1.02195
0,250,5.69787,31.5974,2.57935,-1.84346
0,250,5.33516,31.9591,2.23015,-0.25972
0,250,4.60524,21.2919,-0.297385,1.82298
0,250,4.91882,21.6326,1.23698,2.40785
0,250,4.65457,22.2854,1.43514,2.90929
0,250,4.85611,22.5751,0.790088,2.41422
0,250,5.03861,23.1105,1.74321,1.54594
0,250,4.58307,23.37,0.220926,2.07847
0,250,4.97756,23.8784,0.925649,2.21657
0,250,4.92844,24.302,0.465343,0.980905
0,250,5.12459,24.7314,1.49434,2.16166
0,250,5.12507,25.2777,0.517368,2.35216
0,250,4.80918,25.6602,0.396889,1.41038
0,250,5.41154,26.0276,0.47219,1.1781
0,250,5.03281,26.4475,1.71217,2.02241
0,250,5.39901,26.7389,1.5938,1.97223
0,250,5.01973,27.0493,-0.0207722,1.64199
0,250,5.4247,27.3841,1.24167,0.909658
0,250,4.9966,27.6067,0.109546,1.35547
0,250,5.15419,28.1506,0.928175,-0.143664
0,250,4.97378,28.5542,0.892815,2.20392
0,250,5.68677,28.7922,3.11563,1.07596
0,250,5.22639,28.9321,0.462526,-0.822469
0,250,5.86116,29.2285,1.44169,0.265586
0,250,6.36939,29.3819,2.31053,-1.11268
0,250,5.98355,29.8098,2.17085,-0.165303
0,250,6.32531,30.586,0.945537,-0.924144
0,250,5.6434,30.785,1.65413,-1.76524
0,250,6.41989,31.1355,4.43641,-0.631576
0,250,6.22213,31.6222,0.770402,0.231054
0,250,5.84676,32.0693,0.238465,2.3685
0,250,6.45574,31.9914,3.95383,-1.45092
0,250,5.41587,21.7736,0.344829,2.73715
0,250,5.23147,22.2318,-0.0785426,2.88013
0,250,5.58395,22.6213,0.676796,1.71942
0,250,5.49029,23.0502,0.737194,0.816851
0,250,5.23048,23.5246,1.07971,1.33236
0,250,5.76544,23.7149,1.48352,2.09308
0,250,5.56742,24.1541,0.126708,0.972227
0,250,5.75004,24.4545,1.26432,1.45743
0,250,5.55303,24.9265,2.46951,1.2615
0,250,5.81279,25.3003,0.479319,1.71668
0,250,5.46353,25.6275,-0.154178,1.27178
0,250,6.04532,25.9583,1.95007,-0.192698
0,250,5.73833,26.3522,1.56955,1.44851
0,250,5.99244,26.7705,0.169696,0.832287
0,250,5.82446,27.1575,1.70966,1.14467
0,250,6.04496,27.628,1.33339,1.56276
0,250,5.59627,27.8846,-0.495966,1.11507
0,250,6.10893,28.1001,1.16775,0.251981
0,250,5.67225,28.3771,1.64463,0.990311
0,250,6.27748,28.5325,-0.615504,0.7547
0,250,6.39158,28.9876,1.56167,0.533112
0,250,6.8574,29.4425,2.77785,0.488644
0,250,6.87508,30.0003,1.95534,-0.900982
0,250,6.47022,29.9636,2.14792,-0.489252
0,250,6.80754,30.4693,2.85171,0.859438
0,250,6.89292,30.913,2.74458,0.0258915
0,250,7.88046,31.1025,3.10877,-1.62684
0,250,7.20039,31.3849,4.86084,0.668446
0,250,6.75793,31.5425,2.12122,0.86804
0,250,6.96707,32.0441,2.05417,-1.32323
0,250,5.72433,21.6402,0.629613,2.74448
0,250,6.17481,21.6969,2.1134,1.63819
0,250,5.93802,22.3816,-0.264049,2.23155
0,250,6.21149,22.8207,0.932952,1.84244
0,250,5.96482,23.2449,0.135549,1.81715
0,250,6.22691,23.6586,1.19214,1.14522
0,250,6.20869,24.0949,0.383576,1.42264
0,250,6.35708,24.6047,1.81675,2.43189
0,250,6.1736,24.9387,1.15988,1.83113
0,250,6.66411,25.4871,2.1814,2.40977
0,250,6.19833,25.6388,1.64764,1.06348
0,250,6.67214,26.1836,1.39633,1.00181
0,250,6.37741,26.4733,1.60621,1.28251
0,250,6.5763,27.0012,0.822194,0.55616
0,250,6.44327,27.3542,2.23739,1.03804
0,250,7.01966,27.4721,2.03497,1.17684
0,250,6.63599,27.879,0.430964,1.52501
0,250,6.92585,28.0888,-0.213267,-0.390945
0,250,6.72495,28.5183,2.25317,1.45733
0,250,7.44841,28.7521,1.42183,1.65817
0,250,7.02661,28.8875,1.34734,0.102677
0,250,7.25423,29.3128,0.944195,0.29806
0,250,7.93753,29.7044,4.30835,1.03535
0,250,7.40494,29.8305,3.19864,-0.731347
0,250,7.36423,30.2631,2.39178,0.56995
0,250,7.32558,30.8622,1.89964,1.08866
0,250,7.72828,30.6505,1.26282,0.48991
0,250,8.2953,30.9836,2.93169,0.650093
0,250,7.60828,31.5313,4.82253,-0.144887
0,250,7.38603,31.9395,3.33806,-0.975126
0,250,6.66236,21.7006,0.730105,1.63063
0,250,6.3541,22.1686,0.358949,2.50728
0,250,6.67563,22.5522,1.28226,1.62616
0,250,6.61321,23.0712,1.23434,2.81323
0,250,6.74395,23.4958,1.56731,1.34787
0,250,6.90807,23.928,1.55841,2.31983
0,250,6.7385,24.3282,2.12162,2.50809
0,250,7.08239,24.746,1.62773,2.4655
0,250,6.78142,25.055,1.44099,1.87181
0,250,7.25337,25.3548,1.41024,0.244489
0,250,6.94725,25.7786,1.28957,1.6947
0,250,7.36777,26.2285,0.166586,0.815808
0,250,6.93007,26.5516,1.04312,1.65039
0,250,7.54508,26.6978,2.19391,0.0871429
0,250,7.13491,27.0014,1.09858,0.918045
0,250,7.47234,27.4411,1.19286,1.27404
0,250,7.4918,27.9157,3.12472,0.0238497
0,250,8.15008,28.3735,1.0897,0.0888103
0,250,7.45816,28.3672,0.921012,0.837677
0,250,8.31946,29.2677,0.782193,0.351213
0,250,7.80305,29.3036,3.06248,0.616726
0,250,8.76262,29.5078,2.95555,-0.557097
0,250,8.39611,29.9324,2.26396,-0.653856
0,250,7.89588,30.1925,3.22755,-0.33375
0,250,9.11789,30.6746,1.76295,0.0534935
0,250,8.33547,30.529,2.24891,1.09487
0,250,8.80277,30.9183,2.47484,-1.17607
0,250,8.5974,31.4838,0.900088,2.15172
0,250,8.15386,31.6559,1.95889,0.610097
0,250,7.97192,32.0628,1.5631,-0.76803
0,250,7.00081,21.8067,1.95939,1.8914
0,250,7.12783,22.195,1.2209,2.55174
0,250,7.16879,22.629,1.18501,2.30572
0,250,7.35093,23.1012,1.78136,2.01445
0,250,7.28816,23.5231,0.94369,1.87345
0,250,7.44302,23.9636,1.37111,1.82074
0,250,7.37161,24.3821,0.421852,2.26265
0,250,7.67558,24.8282,1.58324,2.44155
0,250,7.67483,25.2552,2.28259,2.55153
0,250,8.08454,25.764,2.33973,2.46727
0,250,7.52875,25.8551,0.150057,0.303446
0,250,7.93795,26.1604,1.76694,1.90123
0,250,8.07712,26.7057,2.04631,1.00437
0,250,8.38632,27.131,2.03708,1.02927
0,250,7.80854,27.1187,1.29382,1.27905
0,250,8.12321,27.5758,1.27247,1.25706
0,250,7.96993,27.9679,1.95697,1.84392
0,250,8.97049,28.4117,2.4336,1.40456
0,250,8.01549,28.8142,2.92423,0.628074
0,250,8.87543,29.0985,1.94113,0.920177
0,250,9.31011,29.3899,3.14153,0.0957178
0,250,9.1078,29.9468,2.86521,1.0455
0,250,10.1259,30.151,2.65853,0.135102
0,250,8.68929,30.204,1.29172,1.02503
0,250,9.39888,30.3534,3.13983,0.982709
0,250,9.2044,31.2434,3.29897,-0.852926
0,250,9.1441,31.6939,0.529684,-0.55232
0,250,9.62924,31.5454,2.07591,-0.273972
0,250,8.56641,31.9317,1.58316,2.42474
0,250,9.11031,32.0956,-1.82818,-1.16274
0,250,7.74122,21.8792,1.71725,2.78989
0,250,7.6991,22.3174,1.63103,2.30143
0,250,7.7755,22.8059,1.23699,2.68278
0,250,7.87856,23.2529,1.22126,2.01865
0,250,7.96341,23.6661,2.09604,2.11236
0,250,8.10322,24.1158,1.51471,2.77665
0,250,8.01523,24.4787,1.51052,2.05149
0,250,8.34768,24.8938,1.87971,2.87691
0,250,8.21545,25.2047,2.0377,1.45966
0,250,8.58792,25.5926,0.774129,0.969177
0,250,8.57776,26.0556,1.49559,0.22935
0,250,8.9253,26.7323,1.61475,1.16995
0,250,8.48099,26.5394,1.98762,1.68448
0,250,8.85519,27.2101,1.67437,2.14469
0,250,8.64917,27.6812,0.968319,1.98163
0,250,9.10079,27.8294,1.86902,1.55096
0,250,8.62086,28.1489,2.38895,2.12278
0,250,9.47575,28.1446,3.59451,0.826241
0,250,8.47967,28.7684,2.35518,-0.266692
0,250,9.26818,28.72,2.03142,1.66452
0,250,9.74465,29.4334,2.40795,0.129493
0,250,9.56767,29.9167,2.50501,1.81774
0,250,10.163,29.662,3.10619,-0.385699
0,250,10.3707,30.5908,0.516191,2.4478
0,250,10.1461,31.0457,3.05461,0.852558
0,250,10.5976,31.2246,3.26611,-1.43357
0,250,9.86429,30.5902,2.84601,-0.183927
0,250,9.64358,31.0231,1.22085,0.588267
0,250,10.0966,31.6185,1.90719,1.62057
0,250,9.76787,32.1271,1.46895,-0.385123
0,250,8.13811,21.9753,1.25756,2.30042
0,250,8.27758,22.4177,1.47482,2.31362
0,250,8.3564,22.8697,1.53179,2.52559
0,250,8.51,23.27,1.464,1.81643
0,250,8.50396,23.7532,1.23408,2.18813
0,250,8.69892,24.1909,1.76855,2.17369
0,250,8.79419,24.57,1.70975,1.91072
0,250,8.95423,25.0503,1.05129,1.75241
0,250,9.04142,25.4765,2.42569,2.3116
0,250,9.37802,25.7969,2.17794,1.89599
0,250,9.00766,26.1497,2.06529,2.19391
0,250,9.50033,26.3126,1.80456,1.93534
0,250,9.40355,26.7738,2.33167,0.681544
0,250,10.0455,27.2452,1.7731,1.68907
0,250,9.33711,27.3374,2.10517,1.18063
0,250,9.66167,27.5679,1.30855,0.962171
0,250,10.0068,27.9541,2.64128,0.258085
0,250,10.3548,28.522,0.443232,0.72697
0,250,9.83079,28.4376,0.893059,1.3999
0,250,10.1576,28.9708,1.17018,0.219105
0,250,9.66092,28.9145,2.41863,0.414261
0,250,10.538,29.2759,1.95371,0.112039
0,250,10.5491,29.9165,3.64091,1.617
0,250,10.9307,30.1867,3.79498,-0.567024
0,250,10.8092,30.7539,2.6278,0.609195
0,250,11.5827,31.3222,5.36915,1.8212
0,250,11.11,31.2295,3.96884,-0.528395
0,250,10.7424,31.6668,2.92247,-0.769709
0,250,10.949,32.046,1.89527,-2.42409
0,250,10.2666,31.9721,3.76626,1.12171
0,250,8.76873,22.1125,1.68784,2.94578
0,250,8.90611,22.509,1.30329,2.33938
0,250,8.93097,22.9994,1.84635,2.50112
0,250,9.1365,23.4295,1.92848,1.39936
0,250,9.17555,23.8404,2.01005,2.19842
0,250,9.31984,24.2291,1.76466,2.05559
0,250,9.32004,24.6547,2.01907,1.50274
0,250,9.56404,25.0359,1.90682,0.87574
0,250,9.69558,25.406,2.34241,1.45339
0,250,9.9136,26.0134,2.78794,2.77937
0,250,10.1106,26.408,3.43385,1.38367
0,250,10.4502,26.9183,3.54179,1.80373
0,250,9.84538,26.8537,1.73024,1.12958
0,250,10.6476,27.3373,3.05342,2.44127
0,250,10.3678,27.7567,2.15428,2.04267
0,250,11.063,27.9322,4.10657,1.65946
0,250,10.6859,28.166,3.46627,1.32325
0,250,11.1547,28.4492,3.77652,0.317195
0,250,10.6984,28.811,2.38649,0.31554
0,250,11.1681,29.0938,4.00651,-1.13886
0,250,10.9654,29.5254,2.9801,0.0515426
0,250,11.2483,29.9196,3.57406,0.681233
0,250,11.6267,30.433,4.646,0.871308
0,250,11.7843,30.928,2.99882,0.850914
0,250,11.2456,30.6653,2.47787,0.586729
0,250,12.0405,31.4895,3.00167,1.37601
0,250,11.3538,31.7572,4.59255,-0.93993
0,250,11.7194,32.0996,4.93861,3.88413
0,250,13.0754,31.8195,5.64045,1.31993
0,250,12.622,31.9257,5.63448,0.819924
0,250,9.28864,22.1531,1.52607,2.40557
0,250,9.51206,22.6715,1.74643,2.30549
0,250,9.55978,23.1416,1.60662,3.00681
0,250,9.77988,23.5361,2.32905,2.49929
0,250,9.87592,24.012,2.26782,1.52711
0,250,9.95791,24.3929,1.8093,2.32987
0,250,10.0846,24.8029,2.36406,1.87958
0,250,10.2952,25.197,2.38053,1.53888
0,250,10.2008,25.6601,1.77868,1.94649
0,250,10.6602,25.8572,2.56472,1.90303
0,250,10.5606,26.3387,1.45386,1.71635
0,250,10.8821,26.7189,3.40769,2.23039
0,250,11.2923,26.9973,3.3236,0.774023
0,250,11.6819,27.805,4.46396,2.47578
0,250,11.0318,27.4828,4.07382,1.23799
0,250,12.1663,27.9962,4.57156,0.379796
0,250,11.6113,28.2238,3.45468,1.78383
0,250,11.9827,28.9653,2.78401,2.18992
0,250,11.4869,28.7373,2.47015,2.21551
0,250,11.5646,29.341,1.24597,-0.765186
0,250,11.6981,29.8376,4.41367,0.390393
0,250,12.2301,29.8242,6.39847,0.428684
0,250,12.0207,30.2821,2.84282,1.98376
0,250,12.4942,30.4263,4.64147,0.102768
0,250,12.2384,30.8501,5.71101,0.538714
0,250,12.4773,31.3788,2.52241,3.42352
0,250,12.1747,31.9452,4.44918,0.445741
0,250,12.9524,31.3458,6.01539,-0.856412
0,250,13.5415,31.4665,4.79463,-2.13377
0,250,13.4077,32.0511,4.42071,-0.520345
0,250,9.91063,22.3078,1.95447,2.54184
0,250,10.063,22.7519,1.82226,2.58554
0,250,10.2006,23.2423,2.32448,2.64244
0,250,10.3347,23.6911,1.58496,2.42605
0,250,10.5064,24.0983,2.59088,2.31748
0,250,10.5704,24.5741,2.02353,1.61764
0,250,10.7958,24.949,1.69791,1.29034
0,250,10.7895,25.4234,2.403,2.2581
0,250,11.2411,25.7237,2.91192,1.52452
0,250,11.1252,26.2161,1.52849,1.71829
0,250,11.4547,26.5299,2.12615,1.76285
0,250,11.8398,26.8437,4.18945,2.43244
0,250,11.621,27.4027,3.21398,1.35942
0,250,12.1027,27.2421,2.71447,0.111225
0,250,12.4239,27.6003,3.43225,0.61504
0,250,12.5137,28.6551,3.98842,3.01778
0,250,12.127,28.4733,4.88301,0.695122
0,250,12.631,29.1292,3.12482,2.89874
0,250,12.1115,29.334,3.69937,2.14506
0,250,13.1014,28.8845,5.94968,1.28018
0,250,12.6326,29.6085,4.22516,-0.373249
0,250,13.2328,29.8655,5.13063,0.00139508
0,250,12.816,30.0857,4.47779,-0.282523
0,250,13.0518,30.5337,5.06958,-0.325835
0,250,12.7779,30.9336,3.30294,1.20552
0,250,13.9126,30.9726,6.34995,1.40298
0,250,13.4747,31.0415,4.43406,2.16613
0,250,14.084,31.5203,6.56095,-0.12761
0,250,14.3731,32.0786,5.53909,-1.81619
0,250,13.9392,31.9607,5.70089,1.02438
0,250,10.4965,22.4094,2.08432,2.12333
0,250,10.7519,22.9937,2.2842,3.02295
0,250,10.868,23.3321,2.02907,2.74931
0,250,10.9561,23.8616,1.92817,3.38239
0,250,11.0617,24.2399,2.25553,2.17378
0,250,11.3489,24.6216,3.1531,0.545123
0,250,11.308,25.0447,2.58029,1.54807
0,250,11.6232,25.405,2.95636,1.29889
0,250,11.6982,25.9556,3.79961,2.47498
0,250,12.0093,26.2788,4.88376,1.08985
0,250,12.3096,26.657,3.70503,2.85842
0,250,12.612,27.1119,3.80571,1.69528
0,250,12.9084,27.7819,4.35572,2.04854
0,250,13.3761,28.1337,5.21244,3.00414
0,250,12.663,28.163,3.51859,3.40908
0,250,13.1453,28.3917,4.55656,0.987333
0,250,13.7307,28.7386,6.20541,2.63923
0,250,14.2897,29.1369,6.83272,1.80124
0,250,13.6731,29.0797,5.94556,1.85083
0,250,13.5623,29.756,4.21297,2.51916
0,250,13.1179,29.2823,4.87117,0.358384
0,250,13.7818,30.2283,4.64069,2.17342
0,250,13.4666,30.5368,5.14952,1.31019
0,250,14.7061,30.7318,4.62372,2.41934
0,250,14.2157,30.649,5.81968,1.38499
0,250,15.7643,31.0212,5.48048,1.87925
0,250,14.7609,31.6747,8.42087,-0.258882
0,250,15.3601,31.5296,5.08846,0.864612
0,250,15.5025,31.9551,5.73342,-0.917541
0,250,14.9804,32.067,6.0821,-0.714602
0,250,11.075,22.585,2.25209,2.45933
0,250,11.309,23.0345,2.48065,1.76439
0,250,11.5024,23.524,3.16907,3.06949
0,250,11.6175,23.9943,1.98663,2.21164
0,250,11.8371,24.3554,2.31664,2.63777
0,250,11.8831,24.8421,2.30112,1.81299
0,250,12.1579,25.1244,3.10953,0.548168
0,250,12.0864,25.617,2.30417,2.4892
0,250,12.5028,25.8459,2.43566,1.55805
0,250,12.5699,26.2688,4.2413,1.16083
0,250,12.9279,26.7262,4.40215,1.60601
0,250,13.0584,27.3035,5.93814,1.94649
0,250,13.4748,27.5592,4.41779,1.44852
0,250,13.7915,27.8679,6.23843,0.271836
0,250,14.0444,28.3204,6.58905,1.67004
0,250,14.9119,28.9534,6.1512,3.03916
0,250,14.3176,28.6719,6.00863,2.21974
0,250,14.767,29.3822,4.24185,3.57815
0,250,14.0051,29.4694,4.10219,1.33444
0,250,14.5808,29.7478,5.92753,0.983726
0,250,14.1369,29.9759,4.88809,1.40513
0,250,15.036,30.0734,6.39563,1.81074
0,250,14.589,30.2613,5.35986,1.23265
0,250,15.3137,30.9731,5.90833,-0.0176688
0,250,14.4041,31.2499,5.94121,-0.937526
0,250,17.2529,30.9178,6.57288,-1.36513
0,250,14.9109,31.2567,6.39324,1.18498
0,250,15.8583,31.7507,7.34065,0.844995
0,250,16.7222,31.335,5.94228,0.439492
0,250,16.2416,32.0224,3.93213,1.65585
0,250,11.7387,22.7412,2.81229,2.5199
0,250,11.7905,23.3118,2.64248,3.27719
0,250,12.1586,23.75,2.88055,3.06858
0,250,12.2946,24.1518,3.31189,3.00776
0,250,12.5441,24.5643,2.42728,1.55755
0,250,12.6607,25.0085,2.26942,2.11524
0,250,12.7612,25.4396,2.24837,1.27065
0,250,13.1307,25.715,4.55342,2.01649
0,250,13.1214,26.158,2.77682,2.34287
0,250,13.3837,26.5376,4.27176,2.09312
0,250,13.4887,27.0382,3.3271,2.54117
0,250,13.9673,27.1813,4.35042,1.94573
0,250,14.1894,27.5665,5.50428,0.0310474
0,250,14.4269,28.0196,4.48449,1.53851
0,250,14.774,28.3499,5.82983,1.73638
0,250,15.1455,28.6202,5.1503,2.55641
0,250,15.636,28.8281,4.35633,1.56098
0,250,15.9464,29.2797,7.36108,2.69518
0,250,15.3757,29.2996,6.52066,-0.75644
0,250,15.9436,29.7707,3.80549,1.23767
0,250,15.324,29.6651,5.50217,1.55449
0,250,15.6259,30.1377,5.47385,-0.0847061
0,250,15.2235,30.5053,6.92881,1.4311
0,250,15.8196,30.5029,6.03789,0.545882
0,250,16.4189,30.9069,6.61853,1.64181
0,250,17.9101,31.1865,8.97609,0.791784
0,250,16.0943,31.259,2.88252,-2.32004
0,250,16.9436,30.6086,8.49682,1.67241
0,250,17.1267,31.4258,5.41253,-1.21074
0,250,16.5211,31.6827,7.55557,-0.76641
0,250,12.3039,22.9412,2.98558,2.50867
0,250,12.538,23.3633,2.76108,2.62551
0,250,12.7801,23.8941,3.61272,2.59153
0,250,12.9658,24.4431,3.05903,1.88412
0,250,13.1984,24.8295,4.21157,3.52518
0,250,13.3658,25.2604,3.96085,1.7636
0,250,13.7027,25.5582,4.06966,0.953266
0,250,13.702,26.0594,2.82252,1.95015
0,250,13.8888,26.4157,3.38137,3.08266
0,250,14.2359,26.6992,4.35216,2.06097
0,250,14.5899,27.0632,5.11267,1.72811
0,250,14.7026,27.4817,4.23559,2.03765
0,250,15.0037,27.8416,5.02466,1.12462
0,250,15.3518,28.1433,6.72883,1.96265
0,250,15.8645,28.4734,5.29397,1.86332
0,250,16.2272,28.9985,7.07563,2.48807
0,250,16.6351,29.1976,5.79776,2.27415
0,250,17.4015,29.3625,6.49202,2.05909
0,250,16.5039,29.6736,7.26759,2.2033
0,250,17.0197,29.8074,7.2213,1.98719
0,250,16.3147,30.0685,6.85111,0.983187
0,250,16.9514,30.1957,7.05099,-0.922643
0,250,16.3093,30.5447,4.53781,0.712098
0,250,17.8374,30.0972,6.81505,1.03583
0,250,17.496,30.4365,7.81569,-0.12157
0,250,18.4067,31.4599,6.60039,2.01575
0,250,17.6927,31.5015,7.15746,-1.26305
0,250,17.7866,32.0016,7.4433,-1.64028
0,250,18.6562,32.0085,7.22082,0.954196
0,250,16.9603,32.0841,6.16861,-3.74424
0,250,12.8626,23.1657,3.11528,3.26055
0,250,13.1654,23.5276,3.4195,2.47141
0,250,13.4365,24.1435,2.87277,2.52522
0,250,13.724,24.5351,3.72702,2.69103
0,250,13.846,24.9639,3.3236,3.13718
0,250,14.1961,25.3882,4.39434,2.43186
0,250,14.2514,25.8102,4.00997,2.45939
0,250,14.4961,26.1949,4.0813,2.87344
0,250,14.7999,26.4995,4.93541,2.33999
0,250,15.0681,26.9629,5.20625,1.78656
0,250,15.2798,27.3506,5.02866,3.16163
0,250,15.5991,27.7628,5.14858,1.53866
0,250,16.0287,28.101,7.21265,2.35569
0,250,16.4908,28.3609,6.01839,2.87993
0,250,16.7996,28.617,6.65942,1.8573
0,250,17.058,29.1795,4.47005,1.26957
0,250,18.0847,29.4763,6.18699,1.32577
0,250,18.5248,29.767,7.08256,1.53401
0,250,17.6232,29.777,6.18432,1.8407
0,250,18.9915,29.951,8.41027,0.900078
0,250,18.2781,30.2003,6.91402,2.60396
0,250,19.4442,30.7465,7.81155,0.976596
0,250,18.7474,30.4316,7.8954,1.11083
0,250,18.3055,30.7887,7.05921,0.798288
0,250,17.7553,30.7521,4.66531,-0.992351
0,250,18.8718,31.5163,4.66597,-0.648785
0,250,18.1994,31.8205,11.7034,1.50876
0,250,19.9828,32.1737,8.37292,2.37925
0,250,19.5145,31.7336,7.30785,-0.720274
0,250,17.2915,31.8733,3.71757,-0.0943855
0,250,13.5082,23.3665,2.99147,3.22133
0,250,13.8561,23.8239,3.58398,2.71696
0,250,14.1431,24.3835,5.21838,3.11545
0,250,14.3994,24.867,3.64457,2.46349
0,250,14.718,25.3583,4.20088,3.80088
0,250,14.8831,25.7743,3.43002,2.51122
0,250,15.2547,26.1077,5.03928,2.87612
0,250,15.3485,26.5293,2.97459,3.44246
0,250,15.7373,26.8495,5.01273,3.28019
0,250,15.8573,27.2961,4.90809,2.88749
0,250,16.1847,27.6105,4.43296,3.13811
0,250,16.6118,27.8236,6.05976,1.61643
0,250,17.0625,28.2961,5.44182,3.56976
0,250,17.4087,28.6757,6.49922,3.01397
0,250,17.8397,29.0526,7.89301,3.21799
0,250,18.3241,29.0745,6.90233,2.25466
0,250,18.7864,29.4242,8.99969,0.215074
0,250,19.3893,29.7241,8.1945,1.28305
0,250,19.7745,30.3024,7.06077,2.81847
0,250,20.362,30.5805,8.53226,2.21708
0,250,19.2248,30.3955,8.78278,0.914705
0,250,20.0057,30.7922,8.31781,4.08739
0,250,19.6501,31.2278,5.7113,0.929138
0,250,19.9956,31.636,6.92882,1.66487
0,250,18.6419,30.9173,8.05798,0.891164
0,250,19.1527,31.2168,6.74763,0.454709
0,250,20.4761,31.7697,7.49735,1.40398
0,250,21.4173,31.2844,7.34789,-1.33199
0,250,21.0266,31.6472,7.75894,-3.54251
0,250,19.211,32.0677,7.44655,0.687749
0,250,14.0917,23.5834,3.65998,3.16227
0,250,14.4502,24.013,3.97455,3.26679
0,250,14.6728,24.6063,3.26965,2.7163
0,250,15.0691,25.0272,4.40999,2.5224
0,250,15.3339,25.4263,4.30182,2.59514
0,250,15.746,25.8654,3.94461,2.97438
0,250,15.8913,26.2985,4.91232,2.20162
0,250,16.208,26.6241,4.48673,3.07393
0,250,16.3854,27.0347,5.10251,3.13021
0,250,16.7468,27.3792,5.78185,2.68691
0,250,17.1251,27.7826,6.67815,2.59013
0,250,17.6148,27.9643,6.8179,2.30855
0,250,17.7924,28.5618,7.56323,2.86204
0,250,18.4198,28.6313,7.18208,1.58716
0,250,19.2374,29.23,8.82299,3.14657
0,250,19.7413,29.4608,9.22095,1.46048
0,250,19.9637,30.0036,10.3519,-0.516779
0,250,20.5513,30.1637,9.79155,1.19773
0,250,21.4031,30.4797,10.7183,0.701065
0,250,21.8737,30.4427,9.64403,-1.19782
0,250,20.8273,30.6753,7.26567,1.11552
0,250,21.1529,30.8815,7.48277,0.115931
0,250,20.2425,31.2258,9.10527,2.5656
0,250,21.838,31.1397,8.45567,0.00258658
0,250,20.685,31.2861,8.70834,0.992887
0,250,22.1436,31.4609,9.05889,0.227685
0,250,21.5679,31.7355,8.7043,1.23822
0,250,22.495,31.7392,11.6729,1.52018
0,250,22.2353,32.0748,8.75841,-2.51983
0,250,20.8246,32.0281,6.75063,-1.38621
0,250,14.8332,23.8971,3.59453,3.47637
0,250,15.2143,24.4145,4.23082,4.03796
0,250,15.5485,24.9206,4.63037,3.01381
0,250,15.7851,25.4442,4.77102,3.70582
0,250,16.353,25.8777,5.98163,2.41075
0,250,16.6492,26.3285,6.46742,2.36531
0,250,16.9064,26.6233,4.90989,3.41819
0,250,17.0941,27.0734,5.28584,2.26966
0,250,17.4731,27.4749,5.79825,2.88894
0,250,18.0144,27.7798,7.64273,3.88921
0,250,18.1392,28.1464,6.19108,2.08365
0,250,18.7064,28.2965,6.63395,2.34882
0,250,18.9206,28.8169,6.31204,3.12765
0,250,19.6691,28.9557,6.84394,2.94412
0,250,20.2223,29.4967,9.70164,2.95349
0,250,20.5856,29.7539,8.26696,2.27263
0,250,21.0831,30.072,8.80952,3.58581
0,250,21.5012,29.9533,7.70022,0.0844979
0,250,22.4705,30.1573,11.7797,-0.431878
0,250,22.6908,30.5818,13.1763,-0.110985
0,250,22.0996,30.7365,10.9884,-2.24068
0,250,23.3144,31.0838,10.2226,-0.274171
0,250,22.5128,31.0034,12.1189,3.28771
0,250,23.9999,31.0503,14.0847,-1.00977
0,250,22.9404,31.1372,9.58851,-1.66238
0,250,23.6547,31.4796,11.1463,2.07411
0,250,23.1688,31.6203,12.3301,-0.942086
0,250,24.6665,31.7684,9.76189,0.923601
0,250,24.2691,32.0252,11.7958,-2.29966
0,250,21.5274,32.1041,10.3572,-1.69107
0,250,15.3008,24.0844,4.05201,2.36879
0,250,15.7921,24.4929,4.47591,2.97926
0,250,16.216,25.1899,6.38942,2.96314
0,250,16.548,25.5818,4.41206,3.75867
0,250,17.0589,26.0109,6.13161,3.11755
0,250,17.4766,26.6627,6.12281,3.02004
0,250,17.7033,27.0247,5.05664,3.43946
0,250,18.1496,27.2472,6.65912,2.3462
0,250,18.6222,27.6336,5.43533,3.02165
0,250,18.9659,27.9342,7.53197,2.21997
0,250,19.292,28.6072,7.48705,3.51479
0,250,19.9053,28.4981,9.43989,2.5383
0,250,20.2182,28.8651,9.02577,2.64611
0,250,20.6532,29.182,8.68465,0.829423
0,250,21.105,29.5065,9.06386,2.03777
0,250,21.7287,29.552,10.1216,1.20989
0,250,22.1286,29.9256,10.2021,1.21173
0,250,23.2328,30.508,10.7578,2.43861
0,250,23.6659,30.6388,11.8522,2.0224
0,250,24.4401,30.7754,9.5535,0.333215
0,250,24.3513,31.313,8.91996,-0.59407
0,250,24.9025,30.6793,11.9215,-0.519889
0,250,23.9388,31.8005,6.9991,0.314856
0,250,25.1545,31.4378,10.3813,-1.91696
0,250,23.4519,32.0567,9.67294,-0.499498
0,250,24.8713,31.2293,11.426,-3.14667
0,250,25.3966,31.7887,8.38674,1.17856
0,250,24.8928,32.1032,8.60852,-0.354621
0,250,26.6058,31.8869,4.52882,-0.370058
0,250,22.9732,32.033,7.23781,1.49575
0,250,16.2427,24.5958,5.00107,4.08799
0,250,16.7772,25.1016,6.29523,3.5517
0,250,17.1786,25.6368,6.61203,2.97517
0,250,17.4779,26.2469,5.84008,4.43446
0,250,18.1242,26.5761,6.43556,3.83955
0,250,18.4637,26.9256,7.20467,3.09117
0,250,18.9214,27.3127,7.49867,2.3773
0,250,19.3432,27.6394,7.8193,3.21139
0,250,19.534,28.1069,5.62529,1.61338
0,250,20.2073,28.1283,8.72657,1.92532
0,250,20.6052,28.5757,6.46586,2.42156
0,250,21.0018,28.86,8.75654,2.93093
0,250,21.4407,29.2002,9.04048,1.58621
0,250,22.2514,29.4115,9.35113,1.68924
0,250,22.7002,29.633,10.741,3.12991
0,250,22.9749,30.1055,8.70669,4.82363
0,250,23.7167,30.2512,12.3445,2.08975
0,250,24.5081,30.3837,10.6141,-0.0952752
0,250,25.2824,30.4136,11.1169,-1.07232
0,250,25.592,30.9777,8.14272,-1.01027
0,250,26.4562,30.562,8.80317,0.414741
0,250,25.8334,31.4065,11.3129,0.823001
0,250,26.0774,30.928,7.51307,-2.76572
0,250,26.7443,30.9163,7.72823,-5.92336
0,250,26.1887,31.5227,5.44318,-1.28426
0,250,27.9961,31.4216,14.2559,-2.73706
0,250,26.261,32.0895,9.25524,0.926939
0,250,26.7066,31.4554,9.69879,-1.76897
0,250,28.4319,31.0556,7.37361,-3.69394
0,250,25.8273,31.9038,12.2595,1.56619
0,250,16.4753,24.7063,4.54784,4.42967
0,250,17.1388,25.0787,6.06392,3.23368
0,250,17.8161,25.8619,6.24061,3.31896
0,250,18.1903,26.1346,6.43424,3.06486
0,250,18.8742,26.8006,7.25582,3.50271
0,250,19.7212,27.2965,8.81255,3.57859
0,250,19.9771,27.8059,7.56423,3.24364
0,250,20.865,28.1452,9.12626,3.17167
0,250,21.2806,28.4584,9.55712,2.45561
0,250,21.6512,28.6863,8.54845,2.30772
0,250,22.0572,29.0142,8.64182,2.5168
0,250,22.6553,29.0129,10.4609,0.708005
0,250,23.0554,29.4187,11.4588,1.5743
0,250,23.3873,29.7884,10.2219,2.01283
0,250,23.8468,29.7994,10.5078,-0.0403522
0,250,24.4143,29.9181,10.7568,0.944892
0,250,24.9057,29.9583,10.9786,-0.231454
0,250,25.6222,30.5782,12.0786,-0.862681
0,250,26.1831,30.3105,6.55157,-1.54379
0,250,27.1281,30.8399,14.2085,-2.29284
0,250,27.1171,31.423,9.16123,-0.249664
0,250,27.4961,31.1919,5.1294,-1.07815
0,250,27.24,31.9851,3.66386,0.794032
0,250,28.831,30.949,8.7459,-2.10444
0,250,27.886,30.9071,11.5176,-1.26537
0,250,29.4179,30.9209,4.18453,-2.67324
0,250,28.6503,30.4821,8.03838,-1.59514
0,250,27.9355,31.8648,10.7235,-2.64788
0,250,28.394,31.7392,10.0493,-2.04852
0,250,27.6116,31.944,13.275,-1.3132
0,250,17.5806,25.2805,5.01378,4.42472
0,250,18.5953,25.8863,7.53421,3.70235
0,250,19.139,26.4745,7.04266,3.42504
0,250,19.4177,27.0143,7.1841,3.49373
0,250,20.4531,27.3666,9.35503,3.67817
0,250,20.6689,27.8066,8.47661,2.67593
0,250,21.6759,27.997,10.623,3.47926
0,250,22.0501,28.4655,9.77405,2.43822
0,250,22.5215,28.6201,10.0129,1.65473
0,250,23.3214,29.0557,11.5123,1.54561
0,250,23.8451,29.3136,11.2487,2.98944
0,250,24.3878,29.413,12.0569,2.79196
0,250,24.9191,29.4684,12.9107,1.11828
0,250,25.4935,29.9396,12.5438,1.34469
0,250,25.8525,29.8098,11.3539,0.0277135
0,250,26.4876,29.9518,11.0898,-1.10641
0,250,26.8764,30.2488,6.59394,-3.06039
0,250,27.412,29.6945,13.9005,-3.52768
0,250,27.2858,30.4224,4.15397,-0.779513
0,250,28.6828,29.9797,5.16686,-9.89308
0,250,28.1867,30.4852,9.5496,-3.01316
0,250,29.4173,30.179,6.57668,-7.98795
0,250,30.1564,30.3627,10.3166,-10.8722
0,250,30.5548,30.0663,1.9373,-3.77066
0,250,29.1278,32.109,1.45036,2.47582
0,250,29.6278,30.6715,1.79956,-10.2484
0,250,28.6592,31.9925,4.35618,9.52497
0,250,28.9923,31.4835,9.23882,-1.53469
0,250,30.15,30.8004,3.4322,-7.44629
0,250,29.2977,31.4047,5.52474,-4.39316
0,250,17.9721,25.4739,5.96347,3.45138
0,250,18.7714,26.0456,7.44702,4.29771
0,250,19.8373,26.5393,7.42033,2.67259
0,250,20.1071,27.0314,8.29846,4.62806
0,250,21.4332,27.8567,8.22146,3.54191
0,250,22.4086,28.067,10.0306,3.45642
0,250,23.2331,28.6385,11.8446,4.59972
0,250,23.7308,28.6931,11.5872,3.10038
0,250,24.1991,28.9838,10.5381,3.43973
0,250,24.7761,29.0132,9.29455,1.78894
0,250,25.3962,29.4536,11.2038,1.86084
0,250,25.9746,29.3746,10.1888,2.45125
0,250,26.3912,29.5224,9.73255,-2.71495
0,250,26.9842,29.6227,6.38944,-0.649863
0,250,27.7781,29.8187,10.3477,-1.4249
0,250,28.2252,29.9974,11.3972,-3.31848
0,250,27.7365,30.3176,10.3989,-3.58226
0,250,29.6422,29.6415,9.52237,-6.99183
0,250,29.0731,30.2253,7.47713,-2.96967
0,250,29.8925,29.7925,9.67206,-6.18596
0,250,30.2848,29.8014,-2.21133,-13.39
0,250,30.0024,31.7693,-1.23295,-0.561277
0,250,30.9351,29.4987,4.18174,-13.6516
0,250,30.6507,28.5063,-5.12557,-3.94068
0,250,30.5371,30.7839,8.11558,-9.52417
0,250,31.6212,32.1945,10.7128,8.83139
0,250,30.7017,32.0648,1.83914,8.11373
0,250,30.4764,31.5576,8.24207,-1.99441
0,250,30.0007,32.0787,3.7703,2.16856
0,250,29.8047,31.2161,0.266097,-3.33729
0,250,19.4341,26.1912,7.5839,3.69708
0,250,20.9334,26.7278,9.23179,3.6582
0,250,20.8999,27.3198,7.82886,3.87118
0,250,22.3194,27.5988,9.82445,2.84389
0,250,22.9736,28.3357,10.3296,4.5266
0,250,23.9199,28.3616,11.0815,2.8657
0,250,24.5643,28.5072,12.734,1.75477
0,250,25.665,28.9768,12.596,1.43249
0,250,26.585,29.0378,13.5561,0.995302
0,250,26.9905,29.1753,11.1873,-6.74598
0,250,27.6764,29.289,10.8447,-3.45918
0,250,28.2942,29.1964,14.4219,-6.08392
0,250,28.4501,29.5066,7.56779,-6.93699
0,250,29.2224,28.9821,14.1084,-7.90205
0,250,29.1083,29.5515,11.975,-9.73531
0,250,29.6152,29.0441,8.54112,-10.9566
0,250,30.0759,29.0866,10.4711,-10.8151
0,250,30.0156,28.2978,4.40098,-13.9426
0,250,30.4053,29.0502,8.37998,-10.4699
0,250,30.9647,30.2507,12.6888,-1.89323
0,250,30.992,30.8681,1.0325,-1.34985
0,250,30.9508,28.9321,5.37698,-11.2302
0,250,31.9258,29.2162,-14.5715,7.24074
0,250,32.2392,25.3188,-9.58727,-24.6501
0,250,31.7115,26.7482,-15.3987,-15.083
0,250,32,31.7611,8.51547,-8.73672
0,250,30.6988,31.2589,-1.43782,4.90039
0,250,31.8997,28.494,2.34835,-5.99763
0,250,32.0153,29.9413,10.2137,-29.5898
0,250,31.3839,31.4649,11.225,-1.35302
0,250,20.3315,26.5856,9.59675,3.59152
0,250,21.4865,27.225,9.64744,4.84397
0,250,22.7037,27.7216,9.60282,3.21568
0,250,23.5023,27.8203,10.0212,2.30393
0,250,24.9225,28.2526,12.2459,2.30011
0,250,25.2548,28.7198,11.1632,2.01703
0,250,26.457,28.4482,12.7933,-0.838746
0,250,26.8531,28.6765,13.377,-3.89407
0,250,27.607,28.8636,9.49116,-6.44697
0,250,28.418,28.4184,12.9039,-11.4947
0,250,28.7003,28.939,11.9913,-5.47308
0,250,29.462,28.6113,10.6058,-6.68326
0,250,30.1878,26.7747,3.15,-30.1076
0,250,29.6824,27.8725,5.65443,-17.8321
0,250,31.0208,25.8648,5.29715,-28.2976
0,250,30.2472,28.5099,-0.621261,-7.81893
0,250,30.9466,27.9533,9.14134,-16.7301
0,250,30.5528,27.2854,1.06037,-18.5753
0,250,31.8154,25.9352,-0.637975,-32.8987
0,250,31.8701,26.5156,-4.81844,-24.2957
0,250,31.7281,29.2772,20.3559,-11.4175
0,250,31.3122,27.737,-2.29493,-17.1861
0,250,31.7872,30.8402,2.42916,-7.13316
0,250,31.1434,29.2912,7.51937,-19.8523
0,250,31.5045,30.4285,8.78685,-11.3745
0,250,30.8589,26.7927,-4.37981,-22.4422
0,250,31.5994,31.103,11.9776,-13.8497
0,250,31.9573,27.3908,-7.35513,-11.8122
0,250,31.8976,28.3214,-6.90939,-20.1027
0,250,31.3979,28.7224,1.75989,-11.2382
0,250,21.7788,27.4288,9.11676,2.96233
0,250,23.2129,27.7778,11.0973,2.78129
0,250,23.8651,27.903,11.7725,2.13539
0,250,25.2395,28.3143,12.9905,1.43539
0,250,26.0891,28.6414,12.0674,1.36035
0,250,27.3987,28.659,12.8283,-2.66528
0,250,28.1734,28.6027,12.7858,-5.65783
0,250,29.0836,28.3873,14.6843,-9.69025
0,250,29.0997,28.0122,6.3694,-15.3353
0,250,29.8552,27.5985,2.48557,-14.5839
0,250,30.2859,27.4141,3.2867,-13.7895
0,250,30.5425,26.4199,-0.695488,-32.0289
0,250,31.9104,25.7961,7.13189,-28.1806
0,250,30.4635,25.7634,-5.08638,-21.503
0,250,30.655,24.7942,-2.61326,-25.6191
0,250,31.067,24.8922,-0.671756,-26.3515
0,250,31.0497,24.2568,-1.17,-25.9248
0,250,31.949,23.4147,-6.70279,-23.6588
0,250,31.6066,24.1371,-0.664206,-31.3602
0,250,31.8471,22.9939,-5.82685,-26.8465
0,250,31.1367,29.8982,2.87487,-19.3867
0,250,31.9136,21.768,0.575259,-28.3209
0,250,31.8136,22.5601,-3.69712,-26.3151
0,250,31.1032,20.1438,-2.45775,-31.8233
0,250,30.7131,23.4068,-8.36494,-29.2387
0,250,25.1057,18.7769,-23.1317,-34.1316
0,250,31.4207,23.6325,-5.50603,-33.3621
0,250,32.094,31.2467,6.21251,-11.9441
0,250,28.687,16.1097,-7.49099,-37.3624
0,250,30.2424,23.156,-6.86148,-23.8745
1,250,1.5,1.5,0,0
1,250,1.5,2,0,0
1,250,32.5,1.5,0,0
1,250,33,1.5,0,0
1,250,2.5,32.5,0,0
1,250,2.5,33,0,0
1,250,1.5,2.5,0,0
1,250,2,2.5,0,0
1,250,2,1.5,0,0
1,250,2,2,0,0
1,250,32.5,2,0,0
1,250,33,2,0,0
1,250,3,32.5,0,0
1,250,3,33,0,0
1,250,1.5,3,0,0
1,250,2,3,0,0
1,250,2.5,1.5,0,0
1,250,2.5,2,0,0
1,250,32.5,2.5,0,0
1,250,33,2.5,0,0
1,250,3.5,32.5,0,0
1,250,3.5,33,0,0
1,250,1.5,3.5,0,0
1,250,2,3.5,0,0
1,250,3,1.5,0,0
1,250,3,2,0,0
1,250,32.5,3,0,0
1,250,33,3,0,0
1,250,4,32.5,0,0
1,250,4,33,0,0
1,250,1.5,4,0,0
1,250,2,4,0,0
1,250,3.5,1.5,0,0
1,250,3.5,2,0,0
1,250,32.5,3.5,0,0
1,250,33,3.5,0,0
1,250,4.5,32.5,0,0
1,250,4.5,33,0,0
1,250,1.5,4.5,0,0
1,250,2,4.5,0,0
1,250,4,1.5,0,0
1,250,4,2,0,0
1,250,32.5,4,0,0
1,250,33,4,0,0
1,250,5,32.5,0,0
1,250,5,33,0,0
1,250,1.5,5,0,0
1,250,2,5,0,0
1,250,4.5,1.5,0,0
1,250,4.5,2,0,0
1,250,32.5,4.5,0,0
1,250,33,4.5,0,0
1,250,5.5,32.5,0,0
1,250,5.5,33,0,0
1,250,1.5,5.5,0,0
1,250,2,5.5,0,0
1,250,5,1.5,0,0
1,250,5,2,0,0
1,250,32.5,5,0,0
1,250,33,5,0,0
1,250,6,32.5,0,0
1,250,6,33,0,0
1,250,1.5,6,0,0
1,250,2,6,0,0
1,250,5.5,1.5,0,0
1,250,5.5,2,0,0
1,250,32.5,5.5,0,0
1,250,33,5.5,0,0
1,250,6.5,32.5,0,0
1,250,6.5,33,0,0
1,250,1.5,6.5,0,0
1,250,2,6.5,0,0
1,250,6,1.5,0,0
1,250,6,2,0,0
1,250,32.5,6,0,0
1,250,33,6,0,0
1,250,7,32.5,0,0
1,250,7,33,0,0
1,250,1.5,7,0,0
1,250,2,7,0,0
1,250,6.5,1.5,0,0
1,250,6.5,2,0,0
1,250,32.5,6.5,0,0
1,250,33,6.5,0,0
1,250,7.5,32.5,0,0
1,250,7.5,33,0,0
1,250,1.5,7.5,0,0
1,250,2,7.5,0,0
1,250,7,1.5,0,0
1,250,7,2,0,0
1,250,32.5,7,0,0
1,250,33,7,0,0
1,250,8,32.5,0,0
1,250,8,33,0,0
1,250,1.5,8,0,0
1,250,2,8,0,0
1,250,7.5,1.5,0,0
1,250,7.5,2,0,0
1,250,32.5,7.5,0,0
1,250,33,7.5,0,0
1,250,8.5,32.5,0,0
1,250,8.5,33,0,0
1,250,1.5,8.5,0,0
1,250,2,8.5,0,0
1,250,8,1.5,0,0
1,250,8,2,0,0
1,250,32.5,8,0,0
1,250,33,8,0,0
1,250,9,32.5,0,0
1,250,9,33,0,0
1,250,1.5,9,0,0
1,250,2,9,0,0
1,250,8.5,1.5,0,0
1,250,8.5,2,0,0
1,250,32.5,8.5,0,0
1,250,33,8.5,0,0
1,250,9.5,32.5,0,0
1,250,9.5,33,0,0
1,250,1.5,9.5,0,0
1,250,2,9.5,0,0
1,250,9,1.5,0,0
1,250,9,2,0,0
1,250,32.5,9,0,0
1,250,33,9,0,0
1,250,10,32.5,0,0
1,250,10,33,0,0
1,250,1.5,10,0,0
1,250,2,10,0,0
1,250,9.5,1.5,0,0
1,250,9.5,2,0,0
1,250,32.5,9.5,0,0
1,250,33,9.5,0,0
1,250,10.5,32.5,0,0
1,250,10.5,33,0,0
1,250,1.5,10.5,0,0
1,250,2,10.5,0,0
1,250,10,1.5,0,0
1,250,10,2,0,0
1,250,32.5,10,0,0
1,250,33,10,0,0
1,250,11,32.5,0,0
1,250,11,33,0,0
1,250,1.5,11,0,0
1,250,2,11,0,0
1,250,10.5,1.5,0,0
1,250,10.5,2,0,0
1,250,32.5,10.5,0,0
1,250,33,10.5,0,0
1,250,11.5,32.5,0,0
1,250,11.5,33,0,0
1,250,1.5,11.5,0,0
1,250,2,11.5,0,0
1,250,11,1.5,0,0
1,250,11,2,0,0
1,250,32.5,11,0,0
1,250,33,11,0,0
1,250,12,32.5,0,0
1,250,12,33,0,0
1,250,1.5,12,0,0
1,250,2,12,0,0
1,250,11.5,1.5,0,0
1,250,11.5,2,0,0
1,250,32.5,11.5,0,0
1,250,33,11.5,0,0
1,250,12.5,32.5,0,0
1,250,12.5,33,0,0
1,250,1.5,12.5,0,0
1,250,2,12.5,0,0
1,250,12,1.5,0,0
1,250,12,2,0,0
1,250,32.5,12,0,0
1,250,33,12,0,0
1,250,13,32.5,0,0
1,250,13,33,0,0
1,250,1.5,13,0,0
1,250,2,13,0,0
1,250,12.5,1.5,0,0
1,250,12.5,2,0,0
1,250,32.5,12.5,0,0
1,250,33,12.5,0,0
1,250,13.5,32.5,0,0
1,250,13.5,33,0,0
1,250,1.5,13.5,0,0
1,250,2,13.5,0,0
1,250,13,1.5,0,0
1,250,13,2,0,0
1,250,32.5,13,0,0
1,250,33,13,0,0
1,250,14,32.5,0,0
1,250,14,33,0,0
1,250,1.5,14,0,0
1,250,2,14,0,0
1,250,13.5,1.5,0,0
1,250,13.5,2,0,0
1,250,32.5,13.5,0,0
1,250,33,13.5,0,0
1,250,14.5,32.5,0,0
1,250,14.5,33,0,0
1,250,1.5,14.5,0,0
1,250,2,14.5,0,0
1,250,14,1.5,0,0
1,250,14,2,0,0
1,250,32.5,14,0,0
1,250,33,14,0,0
1,250,15,32.5,0,0
1,250,15,33,0,0
1,250,1.5,15,0,0
1,250,2,15,0,0
1,250,14.5,1.5,0,0
1,250,14.5,2,0,0
1,250,32.5,14.5,0,0
1,250,33,14.5,0,0
1,250,15.5,32.5,0,0
1,250,15.5,33,0,0
1,250,1.5,15.5,0,0
1,250,2,15.5,0,0
1,250,15,1.5,0,0
1,250,15,2,0,0
1,250,32.5,15,0,0
1,250,33,15,0,0
1,250,16,32.5,0,0
1,250,16,33,0,0
1,250,1.5,16,0,0
1,250,2,16,0,0
1,250,15.5,1.5,0,0
1,250,15.5,2,0,0
1,250,32.5,15.5,0,0
1,250,33,15.5,0,0
1,250,16.5,32.5,0,0
1,250,16.5,33,0,0
1,250,1.5,16.5,0,0
1,250,2,16.5,0,0
1,250,16,1.5,0,0
1,250,16,2,0,0
1,250,32.5,16,0,0
1,250,33,16,0,0
1,250,17,32.5,0,0
1,250,17,33,0,0
1,250,1.5,17,0,0
1,250,2,17,0,0
1,250,16.5,1.5,0,0
1,250,16.5,2,0,0
1,250,32.5,16.5,0,0
1,250,33,16.5,0,0
1,250,17.5,32.5,0,0
1,250,17.5,33,0,0
1,250,1.5,17.5,0,0
1,250,2,17.5,0,0
1,250,17,1.5,0,0
1,250,17,2,0,0
1,250,32.5,17,0,0
1,250,33,17,0,0
1,250,18,32.5,0,0
1,250,18,33,0,0
1,250,1.5,18,0,0
1,250,2,18,0,0
1,250,17.5,1.5,0,0
1,250,17.5,2,0,0
1,250,32.5,17.5,0,0
1,250,33,17.5,0,0
1,250,18.5,32.5,0,0
1,250,18.5,33,0,0
1,250,1.5,18.5,0,0
1,250,2,18.5,0,0
1,250,18,1.5,0,0
1,250,18,2,0,0
1,250,32.5,18,0,0
1,250,33,18,0,0
1,250,19,32.5,0,0
1,250,19,33,0,0
1,250,1.5,19,0,0
1,250,2,19,0,0
1,250,18.5,1.5,0,0
1,250,18.5,2,0,0
1,250,32.5,18.5,0,0
1,250,33,18.5,0,0
1,250,19.5,32.5,0,0
1,250,19.5,33,0,0
1,250,1.5,19.5,0,0
1,250,2,19.5,0,0
1,250,19,1.5,0,0
1,250,19,2,0,0
1,250,32.5,19,0,0
1,250,33,19,0,0
1,250,20,32.5,0,0
1,250,20,33,0,0
1,250,1.5,20,0,0
1,250,2,20,0,0
1,250,19.5,1.5,0,0
1,250,19.5,2,0,0
1,250,32.5,19.5,0,0
1,250,33,19.5,0,0
1,250,20.5,32.5,0,0
1,250,20.5,33,0,0
1,250,1.5,20.5,0,0
1,250,2,20.5,0,0
1,250,20,1.5,0,0
1,250,20,2,0,0
1,250,32.5,20,0,0
1,250,33,20,0,0
1,250,21,32.5,0,0
1,250,21,33,0,0
1,250,1.5,21,0,0
1,250,2,21,0,0
1,250,20.5,1.5,0,0
1,250,20.5,2,0,0
1,250,32.5,20.5,0,0
1,250,33,20.5,0,0
1,250,21.5,32.5,0,0
1,250,21.5,33,0,0
1,250,1.5,21.5,0,0
1,250,2,21.5,0,0
1,250,21,1.5,0,0
1,250,21,2,0,0
1,250,32.5,21,0,0
1,250,33,21,0,0
1,250,22,32.5,0,0
1,250,22,33,0,0
1,250,1.5,22,0,0
1,250,2,22,0,0
1,250,21.5,1.5,0,0
1,250,21.5,2,0,0
1,250,32.5,21.5,0,0
1,250,33,21.5,0,0
1,250,22.5,32.5,0,0
1,250,22.5,33,0,0
1,250,1.5,22.5,0,0
1,250,2,22.5,0,0
1,250,22,1.5,0,0
1,250,22,2,0,0
1,250,32.5,22,0,0
1,250,33,22,0,0
1,250,23,32.5,0,0
1,250,23,33,0,0
1,250,1.5,23,0,0
1,250,2,23,0,0
1,250,22.5,1.5,0,0
1,250,22.5,2,0,0
1,250,32.5,22.5,0,0
1,250,33,22.5,0,0
1,250,23.5,32.5,0,0
1,250,23.5,33,0,0
1,250,1.5,23.5,0,0
1,250,2,23.5,0,0
1,250,23,1.5,0,0
1,250,23,2,0,0
1,250,32.5,23,0,0
1,250,33,23,0,0
1,250,24,32.5,0,0
1,250,24,33,0,0
1,250,1.5,24,0,0
1,250,2,24,0,0
1,250,23.5,1.5,0,0
1,250,23.5,2,0,0
1,250,32.5,23.5,0,0
1,250,33,23.5,0,0
1,250,24.5,32.5,0,0
1,250,24.5,33,0,0
1,250,1.5,24.5,0,0
1,250,2,24.5,0,0
1,250,24,1.5,0,0
1,250,24,2,0,0
1,250,32.5,24,0,0
1,250,33,24,0,0
1,250,25,32.5,0,0
1,250,25,33,0,0
1,250,1.5,25,0,0
1,250,2,25,0,0
1,250,24.5,1.5,0,0
1,250,24.5,2,0,0
1,250,32.5,24.5,0,0
1,250,33,24.5,0,0
1,250,25.5,32.5,0,0
1,250,25.5,33,0,0
1,250,1.5,25.5,0,0
1,250,2,25.5,0,0
1,250,25,1.5,0,0
1,250,25,2,0,0
1,250,32.5,25,0,0
1,250,33,25,0,0
1,250,26,32.5,0,0
1,250,26,33,0,0
1,250,1.5,26,0,0
1,250,2,26,0,0
1,250,25.5,1.5,0,0
1,250,25.5,2,0,0
1,250,32.5,25.5,0,0
1,250,33,25.5,0,0
1,250,26.5,32.5,0,0
1,250,26.5,33,0,0
1,250,1.5,26.5,0,0
1,250,2,26.5,0,0
1,250,26,1.5,0,0
1,250,26,2,0,0
1,250,32.5,26,0,0
1,250,33,26,0,0
1,250,27,32.5,0,0
1,250,27,33,0,0
1,250,1.5,27,0,0
1,250,2,27,0,0
1,250,26.5,1.5,0,0
1,250,26.5,2,0,0
1,250,32.5,26.5,0,0
1,250,33,26.5,0,0
1,250,27.5,32.5,0,0
1,250,27.5,33,0,0
1,250,1.5,27.5,0,0
1,250,2,27.5,0,0
1,250,27,1.5,0,0
1,250,27,2,0,0
1,250,32.5,27,0,0
1,250,33,27,0,0
1,250,28,32.5,0,0
1,250,28,33,0,0
1,250,1.5,28,0,0
1,250,2,28,0,0
1,250,27.5,1.5,0,0
1,250,27.5,2,0,0
1,250,32.5,27.5,0,0
1,250,33,27.5,0,0
1,250,28.5,32.5,0,0
1,250,28.5,33,0,0
1,250,1.5,28.5,0,0
1,250,2,28.5,0,0
1,250,28,1.5,0,0
1,250,28,2,0,0
1,250,32.5,28,0,0
1,250,33,28,0,0
1,250,29,32.5,0,0
1,250,29,33,0,0
1,250,1.5,29,0,0
1,250,2,29,0,0
1,250,28.5,1.5,0,0
1,250,28.5,2,0,0
1,250,32.5,28.5,0,0
1,250,33,28.5,0,0
1,250,29.5,32.5,0,0
1,250,29.5,33,0,0
1,250,1.5,29.5,0,0
1,250,2,29.5,0,0
1,250,29,1.5,0,0
1,250,29,2,0,0
1,250,32.5,29,0,0
1,250,33,29,0,0
1,250,30,32.5,0,0
1,250,30,33,0,0
1,250,1.5,30,0,0
1,250,2,30,0,0
1,250,29.5,1.5,0,0
1,250,29.5,2,0,0
1,250,32.5,29.5,0,0
1,250,33,29.5,0,0
1,250,30.5,32.5,0,0
1,250,30.5,33,0,0
1,250,1.5,30.5,0,0
1,250,2,30.5,0,0
1,250,30,1.5,0,0
1,250,30,2,0,0
1,250,32.5,30,0,0
1,250,33,30,0,0
1,250,31,32.5,0,0
1,250,31,33,0,0
1,250,1.5,31,0,0
1,250,2,31,0,0
1,250,30.5,1.5,0,0
1,250,30.5,2,0,0
1,250,32.5,30.5,0,0
1,250,33,30.5,0,0
1,250,31.5,32.5,0,0
1,250,31.5,33,0,0
1,250,1.5,31.5,0,0
1,250,2,31.5,0,0
1,250,31,1.5,0,0
1,250,31,2,0,0
1,250,32.5,31,0,0
1,250,33,31,0,0
1,250,32,32.5,0,0
1,250,32,33,0,0
1,250,1.5,32,0,0
1,250,2,32,0,0
1,250,31.5,1.5,0,0
1,250,31.5,2,0,0
1,250,32.5,31.5,0,0
1,250,33,31.5,0,0
1,250,32.5,32.5,0,0
1,250,32.5,33,0,0
1,250,1.5,32.5,0,0
1,250,2,32.5,0,0
1,250,32,1.5,0,0
1,250,32,2,0,0
1,250,32.5,32,0,0
1,250,33,32,0,0
1,250,33,32.5,0,0
1,250,33,33,0,0
1,250,1.5,33,0,0
1,250,2,33,0,0
