1396 2 0.5 5e+06 0.05 2 0 0.001 0 9.81 35 35
0,250,2.35888,19.8916,0.0139577,3.00863
0,250,2.55432,20.4421,-0.344151,2.4873
0,250,2.54399,20.8906,0.234203,2.68737
0,250,2.53224,21.4637,-0.297381,3.24552
0,250,2.44496,21.9091,-0.0946274,2.30825
0,250,2.56101,22.4304,0.260277,3.03041
0,250,2.44003,22.8994,0.289239,2.63678
0,250,2.51053,23.3855,-0.246635,3.30513
0,250,2.46402,23.863,-0.729479,1.95888
0,250,2.48958,24.3507,0.974718,2.58742
0,250,2.47949,24.8313,-0.239624,1.98819
0,250,2.52809,25.295,1.37103,2.70309
0,250,2.51767,25.7773,-0.714611,2.42442
0,250,2.55479,26.1965,0.757339,2.21839
0,250,2.55581,26.6475,-0.701325,1.97553
0,250,2.54702,27.0596,0.546913,0.951488
0,250,2.59387,27.501,0.233111,2.38423
0,250,2.46827,27.9141,-1.16597,1.62594
0,250,2.63425,28.3292,0.702542,1.43262
0,250,2.42732,28.7413,-0.509755,2.31619
0,250,2.57985,29.1857,-0.607701,1.22787
0,250,2.47718,29.6251,0.986504,0.231913
0,250,2.58083,30.0526,-0.0569898,1.13402
0,250,2.4829,30.5112,0.0370449,1.07751
0,250,2.99424,30.5929,0.773571,0.0987581
0,250,2.51073,30.9973,-0.288914,1.02233
0,250,2.9588,31.1151,0.947362,-0.57913
0,250,2.47175,31.5149,0.748655,-0.503988
0,250,2.90754,31.7197,0.394889,0.299638
0,250,2.53959,32.0662,0.828686,0.47265
0,250,2.99519,19.6288,-0.0116705,2.91826
0,250,2.92893,20.054,-0.497854,2.27672
0,250,3.09805,20.5035,-0.129547,1.33591
0,250,2.93863,21.0407,0.0377934,2.02562
0,250,3.03441,21.488,-0.532344,1.50192
0,250,3.03443,21.9396,-0.180324,1.985
0,250,3.04199,22.3832,-0.194474,1.28999
0,250,3.03606,22.8424,0.256014,1.24032
0,250,3.01595,23.2609,-0.0111145,1.17803
0,250,3.07807,23.6915,0.242109,0.672168
0,250,3.00178,24.0873,-0.0359638,-0.376707
0,250,3.05135,24.5327,0.334208,1.23703
0,250,3.05307,24.9365,0.158934,-0.121119
0,250,3.04878,25.398,0.57529,1.47958
0,250,3.09906,25.8193,0.126279,0.838848
0,250,3.09085,26.2672,0.439359,1.29401
0,250,3.11857,26.7147,-0.190332,1.85763
0,250,3.12643,27.1363,0.506589,1.02473
0,250,3.12306,27.6067,0.294708,1.68739
0,250,3.18016,27.9992,0.0736918,1.70989
0,250,3.09141,28.4424,-0.0873421,1.10197
0,250,3.30743,28.8274,1.26631,1.68392
0,250,3.02077,29.1538,-0.440887,0.0832771
0,250,3.16743,29.5807,-1.15732,-0.130456
0,250,3.02932,30.019,0.942096,0.624833
0,250,3.40187,30.4387,0.79353,0.187924
0,250,3.54358,30.9251,1.03839,0.696121
0,250,3.34489,31.3703,1.713,0.358653
0,250,3.60596,31.7924,1.05504,0.464186
0,250,3.21997,32.0633,0.636214,1.741
0,250,3.55437,19.6744,-0.044635,2.93432
0,250,3.55681,20.1671,-0.591104,2.18339
0,250,3.5146,20.6878,0.0436012,2.42835
0,250,3.59559,21.1655,-0.382082,1.99782
0,250,3.62299,21.6123,0.464688,2.56645
0,250,3.58147,22.1036,-0.109315,1.75438
0,250,3.65195,22.5531,0.183253,2.66189
0,250,3.60683,23.0061,-0.279359,1.24435
0,250,3.65428,23.4328,-0.256568,1.22079
0,250,3.62645,23.8798,-0.234737,1.35304
0,250,3.63638,24.3059,-0.292401,0.716577
0,250,3.63496,24.7178,-0.301758,0.78294
0,250,3.62503,25.1684,-0.167474,0.829154
0,250,3.65003,25.5631,-0.164696,1.39961
0,250,3.65343,26.0151,0.359304,1.169
0,250,3.66517,26.4284,0.169714,0.708488
0,250,3.6964,26.8576,0.598126,1.60642
0,250,3.68284,27.2831,-0.466771,0.970055
0,250,3.73531,27.6921,0.484164,1.14266
0,250,3.72186,28.1311,-0.132258,1.19244
0,250,3.73801,28.5319,0.923393,1.63179
0,250,3.87958,29.0268,0.776208,1.97495
0,250,3.65565,29.3395,0.113002,1.21616
0,250,4.04461,29.7296,1.37301,0.588034
0,250,3.56603,29.8934,0.365057,-0.177455
0,250,3.8845,30.2851,1.26415,-0.870488
0,250,4.00465,30.7489,0.272234,-0.871828
0,250,3.89898,31.3083,2.40971,0.866311
0,250,4.23704,31.6558,1.13066,0.648485
0,250,3.9736,32.0767,2.18518,1.27953
0,250,4.02535,19.6792,-0.00556658,2.00551
0,250,4.01958,20.1723,-0.362449,2.6366
0,250,4.04263,20.6471,-0.588075,2.55314
0,250,4.06685,21.1057,0.162088,2.56945
0,250,4.1015,21.634,0.261453,2.63031
0,250,4.10043,22.1309,0.265694,2.50707
0,250,4.14631,22.6205,0.0140173,2.10803
0,250,4.14749,23.096,-0.0298352,2.64411
0,250,4.18706,23.592,0.482871,2.27701
0,250,4.1701,24.0403,-0.160606,1.91671
0,250,4.22206,24.501,0.381488,1.53429
0,250,4.17845,24.9351,0.201422,2.26663
0,250,4.24169,25.3624,0.669769,0.963582
0,250,4.21552,25.7863,0.112786,1.47499
0,250,4.25798,26.204,0.388126,1.20419
0,250,4.27478,26.6197,0.298552,1.4129
0,250,4.27747,27.0481,0.256645,0.794136
0,250,4.32767,27.4425,0.312056,1.33065
0,250,4.30419,27.8728,0.52551,1.38012
0,250,4.36194,28.2789,0.0635969,1.68639
0,250,4.2874,28.7091,0.340719,1.80498
0,250,4.56662,29.0632,2.18947,0.526905
0,250,4.36286,29.4226,2.06994,0.959435
0,250,4.74737,29.8727,1.8732,1.17083
0,250,4.36596,30.1178,1.13589,0.0615853
0,250,4.51498,30.5971,0.700685,-0.14597
0,250,4.91881,31.0501,1.83429,0.848453
0,250,4.38555,31.0899,0.941519,-1.39525
0,250,4.67247,31.5109,1.44648,-1.3603
0,250,4.60568,32.0987,0.480352,0.276857
0,250,4.54682,19.7095,0.336312,2.43031
0,250,4.58476,20.1885,0.530137,1.57939
0,250,4.58162,20.6519,0.296841,1.9873
0,250,4.6306,21.1199,0.523411,1.82895
0,250,4.61623,21.5414,-0.15669,1.97036
0,250,4.62432,22.0118,-0.127463,1.40765
0,250,4.69179,22.4268,0.281971,0.937909
0,250,4.66578,22.898,0.296802,1.52743
0,250,4.70563,23.3149,-0.00946556,1.19945
0,250,4.71308,23.7802,0.174394,0.569199
0,250,4.74184,24.2086,0.414765,1.23796
0,250,4.767,24.653,0.576526,0.750341
0,250,4.76708,25.0775,0.0690748,0.83605
0,250,4.82747,25.5023,0.541511,0.903542
0,250,4.79363,25.9254,0.175898,0.651489
0,250,4.87631,26.339,0.615684,0.877149
0,250,4.82914,26.7558,0.0700283,0.243168
0,250,4.93423,27.1618,0.82517,0.840988
0,250,4.85834,27.5813,0.364695,1.28975
0,250,5.01899,27.9761,0.625721,0.549221
0,250,4.85898,28.3539,0.0187174,0.336684
0,250,5.08648,28.7198,0.578809,0.41512
0,250,5.10259,29.1349,2.68253,0.621173
0,250,5.00148,29.5608,0.621806,0.125522
0,250,5.2679,30.1734,1.27181,1.0461
0,250,4.92416,30.4613,0.0408109,0.473001
0,250,5.34432,30.8433,0.472768,-1.04787
0,250,5.26737,31.4046,2.11534,0.953186
0,250,5.06911,31.8635,0.0347238,0.578566
0,250,5.43012,32.0214,0.838254,-0.205104
0,250,5.04517,19.7242,0.0857042,2.44277
0,250,5.08533,20.2291,-0.0152585,2.50726
0,250,5.11033,20.7235,0.155934,3.05774
0,250,5.16966,21.2267,0.34154,2.42846
0,250,5.17958,21.7333,0.160463,2.78766
0,250,5.22811,22.1859,0.199361,2.32037
0,250,5.2316,22.6751,0.281195,1.92804
0,250,5.27259,23.103,-0.081342,1.70323
0,250,5.2711,23.5683,0.0774296,1.92937
0,250,5.313,23.9789,0.333812,1.62118
0,250,5.31704,24.4267,0.19816,1.15047
0,250,5.35806,24.8436,0.528688,1.25807
0,250,5.36012,25.2742,0.350184,1.23428
0,250,5.42085,25.6933,0.887521,0.966374
0,250,5.40109,26.1066,0.332449,0.882817
0,250,5.49102,26.5276,1.06736,0.69601
0,250,5.4354,26.9386,0.234688,0.921897
0,250,5.56858,27.3378,1.73359,0.836428
0,250,5.46849,27.741,0.248952,0.352694
0,250,5.6587,28.1452,2.14947,1.16213
0,250,5.55934,28.5493,0.785012,0.33712
0,250,5.74864,28.9919,1.9863,0.231767
0,250,5.69818,29.3671,0.935687,0.982361
0,250,5.50991,29.779,0.0456207,0.440683
0,250,5.92343,30.1178,1.3466,-0.648026
0,250,5.63556,30.5131,1.26214,-0.219126
0,250,6.10146,30.9831,3.48751,0.421002
0,250,5.74313,31.198,0.375286,-1.92265
0,250,5.85191,31.6382,1.292,0.0322106
0,250,6.02691,32.0348,3.67307,0.259018
0,250,5.56842,19.7593,0.300616,2.13479
0,250,5.60219,20.225,0.487299,1.33662
0,250,5.61369,20.6961,0.000333321,2.16901
0,250,5.66093,21.1702,0.145491,2.56342
0,250,5.65719,21.6307,0.109329,1.805
0,250,5.741,22.1039,0.321338,2.12146
0,250,5.74368,22.5683,0.271279,1.79758
0,250,5.80477,23.0369,0.652327,1.73186
0,250,5.82782,23.4881,0.586024,1.68641
0,250,5.86368,23.9391,0.358905,1.29481
0,250,5.88944,24.3729,0.455746,1.62821
0,250,5.92479,24.8102,0.797269,0.885719
0,250,5.94262,25.2326,0.690484,1.4203
0,250,6.00049,25.6632,0.762733,0.785634
0,250,5.99262,26.0891,0.372171,0.815776
0,250,6.08347,26.5044,1.27168,0.857148
0,250,6.03685,26.9191,0.531903,0.768217
0,250,6.17771,27.3399,1.64982,1.37968
0,250,6.06592,27.7377,0.261814,1.24906
0,250,6.30762,28.1474,2.55142,0.84434
0,250,6.12415,28.5344,0.969292,0.648391
0,250,6.30974,28.9405,1.75801,0.956184
0,250,6.41428,29.3575,2.41227,0.608066
0,250,6.11897,29.7,0.389866,0.389812
0,250,6.53538,30.1477,1.5457,0.397088
0,250,6.21115,30.532,1.04905,0.39093
0,250,6.63067,30.7749,2.87785,-1.10096
0,250,6.61683,31.2571,2.12083,-0.159901
0,250,6.38071,31.6153,0.00354057,-0.186755
0,250,6.63611,32.0542,2.09073,-0.476242
0,250,6.06704,19.8049,0.376491,2.80268
0,250,6.13618,20.3063,0.519507,2.31111
0,250,6.1761,20.798,0.585965,2.39141
0,250,6.22845,21.282,-0.0233783,2.36618
0,250,6.2388,21.7521,0.0178258,2.0998
0,250,6.29295,22.2,0.471091,2.22396
0,250,6.29985,22.6545,0.28135,1.67827
0,250,6.36402,23.0988,0.606179,1.8916
0,250,6.38467,23.549,0.344562,1.5801
0,250,6.43345,23.99,0.903225,1.5617
0,250,6.45802,24.4363,0.688911,1.85731
0,250,6.51284,24.8628,0.712751,0.965154
0,250,6.51933,25.2906,0.309292,1.10061
0,250,6.5925,25.7078,1.00201,0.749902
0,250,6.56859,26.1277,0.830706,1.7427
0,250,6.69035,26.545,1.71616,1.48915
0,250,6.61833,26.9611,0.781671,0.895511
0,250,6.80728,27.3684,2.09042,1.12013
0,250,6.65501,27.7621,0.265442,0.711563
0,250,6.94503,28.1729,2.7022,1.18745
0,250,6.74967,28.5421,0.484675,0.321439
0,250,6.91206,28.9455,1.86927,0.0735932
0,250,6.99089,29.3827,1.07725,0.529079
0,250,6.72371,29.7844,1.332,0.793662
0,250,7.3859,30.1054,2.94421,0.0915386
0,250,7.01001,30.3163,2.11469,-1.02323
0,250,7.14648,30.7905,2.17215,-0.0959034
0,250,7.10483,31.2894,1.57826,0.480413
0,250,6.99127,31.7739,1.79466,0.152351
0,250,7.35927,32.04,1.10574,0.017263
0,250,6.58307,19.8326,0.173852,2.22979
0,250,6.63115,20.3032,0.271686,1.94173
0,250,6.64902,20.8019,0.272117,2.11605
0,250,6.73003,21.2772,0.75232,2.52092
0,250,6.7597,21.7579,0.922554,2.55231
0,250,6.83808,22.2382,0.538325,2.34241
0,250,6.8604,22.703,0.56368,2.13576
0,250,6.91469,23.1519,0.658246,1.53367
0,250,6.93454,23.6071,0.650723,2.08853
0,250,7.00333,24.0331,0.971663,1.98287
0,250,7.01882,24.485,0.627714,1.24498
0,250,7.10006,24.9099,1.18598,1.50208
0,250,7.1004,25.3431,1.06129,1.29901
0,250,7.20072,25.7675,1.5979,1.6177
0,250,7.16761,26.1772,0.756631,1.18054
0,250,7.30558,26.5942,1.62277,0.583618
0,250,7.21263,26.9904,0.347513,1.53172
0,250,7.42415,27.4141,2.5124,1.17633
0,250,7.28035,27.8157,0.888699,1.1948
0,250,7.529,28.2537,2.74477,1.58239
0,250,7.43594,28.6308,1.61157,1.2485
0,250,7.45526,29.0459,1.51863,1.56821
0,250,7.82935,29.4373,3.63945,1.40247
0,250,7.37876,29.6525,1.90978,-0.274828
0,250,7.85467,29.9674,2.23936,0.364112
0,250,7.62551,30.6196,2.4627,1.61715
0,250,7.60701,31.1128,3.20783,2.04393
0,250,8.05937,31.4133,3.48484,1.01291
0,250,7.59481,31.5859,1.79093,-0.773962
0,250,7.88576,32.0521,1.21154,-0.867869
0,250,7.09704,19.9052,0.565181,2.78521
0,250,7.1799,20.3933,0.585683,2.26685
0,250,7.21332,20.8721,0.488357,2.1448
0,250,7.26789,21.3512,0.442523,2.48735
0,250,7.28503,21.8132,0.148039,2.10314
0,250,7.36186,22.2681,0.599761,2.04095
0,250,7.39383,22.7372,0.746008,2.39456
0,250,7.484,23.1847,0.859591,1.8306
0,250,7.50187,23.639,0.887189,1.91316
0,250,7.5825,24.0846,0.574153,1.35953
0,250,7.58969,24.514,0.61453,1.90296
0,250,7.68506,24.9452,1.05227,1.63851
0,250,7.67499,25.3675,0.921526,1.45769
0,250,7.80287,25.7912,1.78444,1.56331
0,250,7.75026,26.2045,0.854205,0.956042
0,250,7.92889,26.618,2.36563,1.69988
0,250,7.80982,27.017,0.773487,1.04358
0,250,8.06489,27.4266,2.56188,0.604332
0,250,7.8726,27.7913,-0.186481,0.513937
0,250,8.11035,28.2063,2.60978,0.847008
0,250,8.11944,28.5973,2.08987,1.65135
0,250,8.01063,28.9919,1.67084,0.224853
0,250,8.42157,29.2824,2.66818,-1.13719
0,250,8.31665,29.7251,4.45666,0.121227
0,250,8.3702,30.163,2.04398,-0.59931
0,250,8.54946,30.6429,2.98273,1.3109
0,250,8.0172,30.547,1.72565,-1.03083
0,250,8.26409,31.0226,1.72396,-1.96857
0,250,8.55757,31.5566,2.09829,-1.23211
0,250,8.33074,31.9339,1.5217,2.19837
0,250,7.59572,19.9427,0.208457,2.45128
0,250,7.66993,20.4153,0.320078,2.23015
0,250,7.70475,20.9302,0.57128,2.6512
0,250,7.80568,21.395,0.882458,2.51344
0,250,7.84242,21.8917,0.989509,2.35926
0,250,7.92024,22.344,0.881869,2.38107
0,250,7.94308,22.8058,0.609409,2.06654
0,250,8.0218,23.2548,0.993607,2.18445
0,250,8.05389,23.7045,0.99115,1.94749
0,250,8.15885,24.1478,1.49801,1.77621
0,250,8.1706,24.5781,1.17186,1.5044
0,250,8.28367,25.0175,1.52473,1.73861
0,250,8.26894,25.4335,1.09853,2.10917
0,250,8.41088,25.8533,1.74433,1.16593
0,250,8.35527,26.2583,0.994258,1.46089
0,250,8.56376,26.6721,2.45408,1.39242
0,250,8.43518,27.0658,0.684916,0.407235
0,250,8.69653,27.4738,3.12746,1.34681
0,250,8.50941,27.8385,0.55387,0.890464
0,250,8.7925,28.2066,3.68197,-0.276529
0,250,8.68757,28.6153,1.17566,-0.457451
0,250,8.81935,28.9754,3.60474,0.0726301
0,250,8.93724,29.4564,2.86998,0.909424
0,250,8.91409,29.9236,2.22027,1.22989
0,250,8.97402,30.3008,2.78586,2.08272
0,250,9.30914,30.6573,2.70042,0.195998
0,250,8.8471,31.0189,3.66452,1.35568
0,250,9.01907,31.4055,3.93646,1.17639
0,250,9.26646,31.8404,2.86653,0.637665
0,250,8.8474,32.0574,0.396997,-2.63712
0,250,8.1211,20.0156,0.573941,2.50217
0,250,8.20992,20.5049,0.500725,2.25216
0,250,8.24551,20.98,0.429941,2.66996
0,250,8.32562,21.4596,0.301886,2.70173
0,250,8.36343,21.9367,0.50078,2.63725
0,250,8.46026,22.3988,0.677346,2.22017
0,250,8.51246,22.8702,0.950728,2.47817
0,250,8.60586,23.3159,0.71182,1.73862
0,250,8.62717,23.7628,0.585422,2.17436
0,250,8.72857,24.1984,1.10691,2.03733
0,250,8.74421,24.6392,1.17551,2.06617
0,250,8.87537,25.0659,1.86163,2.05811
0,250,8.8649,25.4933,1.08711,1.33339
0,250,9.02107,25.9149,2.01094,1.85909
0,250,8.96963,26.3175,1.19054,1.52114
0,250,9.17806,26.7484,2.7289,1.87073
0,250,9.06669,27.1196,1.50987,0.974821
0,250,9.33496,27.5388,3.46628,0.87381
0,250,9.18938,27.9251,1.0929,1.75872
0,250,9.44008,28.3425,2.81699,1.81092
0,250,9.29693,28.7347,0.442621,1.06993
0,250,9.56262,29.1202,3.39208,1.13972
0,250,9.36734,29.5556,1.73779,1.47342
0,250,9.73221,29.8872,3.2402,0.168838
0,250,9.51064,30.2568,2.90255,0.175275
0,250,10.0124,30.6395,3.36534,0.27878
0,250,9.47154,31.0511,4.46728,1.32552
0,250,9.62874,31.4493,2.11396,2.08018
0,250,10.0182,31.7276,4.59671,2.22474
0,250,9.66381,32.104,5.78156,2.36239
0,250,8.61859,20.0769,0.49388,2.57277
0,250,8.72247,20.5582,0.881468,2.54151
0,250,8.76604,21.067,0.688474,2.36744
0,250,8.87472,21.5378,0.864374,2.65587
0,250,8.91379,22.0114,0.702002,2.43542
0,250,9.01001,22.4746,0.967361,2.58281
0,250,9.04477,22.9346,0.834082,2.47457
0,250,9.15887,23.3923,1.53266,2.32206
0,250,9.2025,23.8412,1.43792,2.35634
0,250,9.31557,24.283,1.46187,1.89877
0,250,9.33838,24.7131,1.23858,2.23139
0,250,9.462,25.1384,1.69127,1.84952
0,250,9.46203,25.5598,1.69287,1.99405
0,250,9.63238,25.9844,2.55213,1.88616
0,250,9.58999,26.3909,1.62237,1.65882
0,250,9.80445,26.8032,2.76356,1.88704
0,250,9.69926,27.1952,1.27491,1.39283
0,250,9.97259,27.6097,3.53923,1.89454
0,250,9.79711,27.9957,1.37462,1.33671
0,250,10.1161,28.3893,4.28191,1.22066
0,250,9.8726,28.7701,1.02077,0.936011
0,250,10.2785,29.1816,3.15356,1.13673
0,250,9.96065,29.5057,2.25389,0.14577
0,250,10.4594,29.9384,3.25051,0.759687
0,250,10.1414,30.2635,4.70613,0.483534
0,250,10.6503,30.6572,2.93879,-0.463824
0,250,10.0481,31.0371,2.82217,0.616241
0,250,10.3954,31.2891,3.42521,0.0380561
0,250,10.6676,31.6768,2.21437,-0.417405
0,250,10.3587,31.9779,3.14624,-0.0573558
0,250,9.14289,20.1566,0.605987,2.61558
0,250,9.24278,20.6341,0.557833,2.36245
0,250,9.29166,21.1282,0.811844,2.83902
0,250,9.39705,21.6119,1.19082,2.95202
0,250,9.45646,22.0927,0.98425,2.45361
0,250,9.56724,22.5576,1.23575,2.66071
0,250,9.62534,23.0246,1.1222,2.34636
0,250,9.72515,23.4713,1.16527,2.35827
0,250,9.76922,23.9144,1.29454,2.34126
0,250,9.88919,24.3575,1.97988,2.4867
0,250,9.93113,24.7856,1.8509,2.17801
0,250,10.0662,25.2243,1.94568,2.27188
0,250,10.076,25.6369,1.57427,2.03228
0,250,10.2357,26.0569,2.43103,1.82639
0,250,10.2013,26.4638,2.02542,1.92344
0,250,10.4305,26.8802,3.47807,1.71351
0,250,10.325,27.2685,2.33084,1.82076
0,250,10.6179,27.6788,3.76595,1.96499
0,250,10.4143,28.0446,1.52268,0.914908
0,250,10.792,28.4706,3.28964,1.97228
0,250,10.4954,28.799,2.22708,0.490117
0,250,10.9574,29.2088,4.10858,1.04992
0,250,10.5853,29.5536,3.43403,1.00026
0,250,11.1187,29.9255,3.42238,0.0544532
0,250,10.7986,30.3045,5.29057,1.32758
0,250,11.4038,30.6853,3.46306,0.9462
0,250,10.8459,31.0087,5.33387,0.357812
0,250,11.0813,31.3766,2.47566,-0.900846
0,250,11.3674,31.7737,6.69426,-0.365528
0,250,11.0652,32.1085,4.72371,-1.61217
0,250,9.64099,20.2368,0.645605,2.76128
0,250,9.76864,20.7305,0.85533,2.67479
0,250,9.82157,21.2273,0.780092,2.99669
0,250,9.94163,21.6991,0.806235,2.44588
0,250,9.99835,22.177,1.19345,3.00072
0,250,10.1102,22.6408,1.29372,2.73954
0,250,10.1792,23.103,1.39776,2.54677
0,250,10.2985,23.5569,1.71777,2.73389
0,250,10.3623,24.0032,1.58421,2.58614
0,250,10.472,24.4449,1.57245,2.4424
0,250,10.5227,24.8808,1.61143,2.10918
0,250,10.652,25.302,2.30898,2.33994
0,250,10.6884,25.7234,2.19763,2.48785
0,250,10.8544,26.1435,2.61276,2.44913
0,250,10.8404,26.5421,1.98149,1.91949
0,250,11.0529,26.9592,3.05696,2.41402
0,250,10.9587,27.3447,1.56831,1.97572
0,250,11.2858,27.7575,4.13144,1.7374
0,250,11.0542,28.1124,2.05572,1.34091
0,250,11.4891,28.5112,4.9917,1.70133
0,250,11.1439,28.851,2.57973,1.81538
0,250,11.6358,29.2481,2.87792,0.465054
0,250,11.2768,29.5855,3.61724,0.805611
0,250,11.8233,29.9748,3.62041,0.674126
0,250,11.4762,30.2983,4.86169,-1.05163
0,250,12.3435,30.6905,7.96105,0.0733107
0,250,11.5362,31.0085,5.72644,0.222134
0,250,11.7292,31.4239,4.24519,1.07288
0,250,12.1048,31.7617,3.50171,1.65085
0,250,11.7491,32.076,7.11829,4.63195
0,250,10.1653,20.3208,0.676248,2.6525
0,250,10.2789,20.8157,0.963728,2.83246
0,250,10.3441,21.3109,1.01656,3.08731
0,250,10.4793,21.7971,1.12667,3.22541
0,250,10.5495,22.2728,1.20171,2.68048
0,250,10.6747,22.7422,1.30507,2.67792
0,250,10.7462,23.2061,1.51052,2.93194
0,250,10.8621,23.6621,1.6988,2.77592
0,250,10.9391,24.1024,1.95256,2.71991
0,250,11.0678,24.5386,2.18548,2.52596
0,250,11.1346,24.9648,2.37144,2.65042
0,250,11.2646,25.3993,2.42561,2.34851
0,250,11.3051,25.8107,2.03309,1.9892
0,250,11.4638,26.2392,2.83545,2.63487
0,250,11.4669,26.6345,2.48484,2.23617
0,250,11.6983,27.0555,3.84656,2.17819
0,250,11.6075,27.4291,2.91456,2.09528
0,250,11.9485,27.8375,4.92459,2.15519
0,250,11.7182,28.1785,3.02957,1.8069
0,250,12.1856,28.5927,3.77713,1.6223
0,250,11.8371,28.8869,3.35996,0.803183
0,250,12.3548,29.3024,3.75348,1.4578
0,250,11.9726,29.6073,5.10738,0.960679
0,250,12.4335,30.0023,2.85285,1.1916
0,250,12.0462,30.4138,3.61882,1.25737
0,250,13.1348,30.6987,8.63451,0.468561
0,250,12.1162,31.0288,3.59498,0.0976782
0,250,12.4344,31.3921,3.64936,-0.594475
0,250,12.8235,31.6581,3.40772,-1.419
0,250,12.524,32.0227,5.66437,-1.89584
0,250,10.6682,20.4257,0.928752,3.06035
0,250,10.8093,20.9182,1.12355,2.94238
0,250,10.8723,21.4151,1.11572,2.77507
0,250,11.0144,21.9011,1.44773,3.16805
0,250,11.0888,22.378,1.48718,3.29123
0,250,11.2232,22.8504,1.82608,2.94405
0,250,11.314,23.3025,2.03069,2.9288
0,250,11.444,23.758,1.88988,2.73059
0,250,11.528,24.2023,1.89474,2.94588
0,250,11.6504,24.6502,2.03934,2.95809
0,250,11.7324,25.0741,2.07283,2.91704
0,250,11.8648,25.5051,2.36641,2.3676
0,250,11.9358,25.9126,2.75843,2.8491
0,250,12.0908,26.3279,3.04722,2.38394
0,250,12.1151,26.7324,2.7098,2.48246
0,250,12.3399,27.129,3.92566,2.95301
0,250,12.2657,27.5203,2.51388,2.23579
0,250,12.6419,27.9192,4.54674,2.78742
0,250,12.4194,28.2506,3.14504,1.59106
0,250,12.9185,28.6698,5.3694,2.19996
0,250,12.54,28.9793,3.64453,2.52607
0,250,13.039,29.3592,3.36163,0.738071
0,250,12.6968,29.6965,4.87654,1.94704
0,250,13.1312,30.0761,1.8731,1.11469
0,250,12.7653,30.3822,3.72093,0.797909
0,250,13.6938,30.7514,4.79092,-0.156925
0,250,12.824,31.0493,3.96369,-1.37625
0,250,13.2118,31.2597,3.52395,-3.56287
0,250,13.5523,31.5703,2.48853,-4.14401
0,250,13.1395,32.0301,4.24647,0.13647
0,250,11.1851,20.5162,0.744431,3.13911
0,250,11.3194,21.0322,0.950523,3.31379
0,250,11.4093,21.5264,1.41557,3.35309
0,250,11.5577,22.0151,1.64504,3.06812
0,250,11.6448,22.4933,1.60009,2.9387
0,250,11.7898,22.9595,1.8127,3.57739
0,250,11.8809,23.4324,1.85443,2.81123
0,250,12.0204,23.884,2.22849,3.25421
0,250,12.1217,24.3272,2.49218,2.80926
0,250,12.2566,24.7568,2.37613,2.70082
0,250,12.3524,25.1856,2.71342,2.96041
0,250,12.4909,25.6068,2.74737,2.60635
0,250,12.5679,26.0215,2.62809,2.9514
0,250,12.7252,26.4382,3.08949,2.80035
0,250,12.7669,26.837,3.04409,2.99371
0,250,12.9951,27.241,4.20648,2.06318
0,250,12.9513,27.6212,4.08992,2.53931
0,250,13.3437,28.0096,5.8881,2.43988
0,250,13.1388,28.3521,4.93566,1.58739
0,250,13.6422,28.7595,5.07797,2.88201
0,250,13.2664,29.0187,3.92613,2.10712
0,250,13.7463,29.4554,4.10312,1.34385
0,250,13.4472,29.7145,4.74234,1.93846
0,250,13.915,30.0526,3.2375,-0.245368
0,250,13.5466,30.3405,4.53912,0.192985
0,250,14.326,30.8023,3.21034,-0.428793
0,250,13.8141,31.0983,7.9976,-0.796192
0,250,14.0403,31.4416,6.23534,-1.60902
0,250,14.4558,31.7588,5.67353,0.499557
0,250,13.6502,31.9878,3.95523,-1.60829
0,250,11.6915,20.6434,0.879095,3.25455
0,250,11.8466,21.1317,1.24844,3.4817
0,250,11.9286,21.6394,1.22967,3.64244
0,250,12.0958,22.14,1.60164,3.60828
0,250,12.1896,22.6156,1.95435,3.30168
0,250,12.3473,23.0929,1.8803,3.23325
0,250,12.4586,23.5501,2.45262,3.42369
0,250,12.603,24.0025,2.44023,3.08426
0,250,12.7213,24.4495,2.57227,3.10957
0,250,12.8573,24.8835,2.97089,3.35142
0,250,12.9756,25.3153,2.82061,2.75327
0,250,13.1094,25.7327,3.21891,2.99791
0,250,13.2196,26.1467,3.43735,2.88024
0,250,13.3636,26.5552,3.59151,3.07121
0,250,13.4394,26.9459,3.41342,2.77965
0,250,13.656,27.3436,4.54523,2.73415
0,250,13.645,27.7253,3.80083,3.29427
0,250,14.0354,28.1134,5.69919,2.66012
0,250,13.8834,28.4584,5.40907,2.74184
0,250,14.3937,28.8827,4.20191,3.26224
0,250,14.0333,29.1192,5.86117,0.816009
0,250,14.5859,29.5935,5.2953,4.08946
0,250,14.2419,29.7339,5.12516,2.6254
0,250,14.663,30.217,4.40609,0.398552
0,250,14.2361,30.4335,4.53128,-1.06279
0,250,14.8991,30.8468,6.54963,0.502771
0,250,14.5516,31.2091,5.42845,-0.72419
0,250,14.9386,31.4211,8.34417,-0.640011
0,250,15.2361,31.8569,7.40222,0.889983
0,250,14.1413,31.9903,4.2977,-1.68963
0,250,12.2081,20.7444,1.11592,3.57628
0,250,12.3619,21.2925,1.57479,3.66969
0,250,12.4748,21.7713,1.46125,3.45534
0,250,12.638,22.2745,1.70314,3.69881
0,250,12.7483,22.7516,2.16725,3.42772
0,250,12.9193,23.2276,2.45732,3.66823
0,250,13.0393,23.694,2.26528,3.38287
0,250,13.1961,24.1483,2.54986,3.55279
0,250,13.3267,24.5958,2.88594,3.48951
0,250,13.477,25.0321,2.84038,3.20466
0,250,13.6085,25.4562,3.51878,3.50788
0,250,13.7524,25.8685,3.40815,3.08289
0,250,13.8735,26.2746,3.57777,2.73932
0,250,14.0277,26.6713,3.93999,3.28423
0,250,14.1198,27.0651,3.98608,2.86283
0,250,14.326,27.4566,4.43557,2.31344
0,250,14.3754,27.8416,5.32433,3.25376
0,250,14.7195,28.2336,5.9579,2.53412
0,250,14.6327,28.5922,6.03731,2.65532
0,250,15.2071,28.9978,8.2041,3.60575
0,250,14.8183,29.1967,6.43049,1.44146
0,250,15.2682,29.5884,3.96914,1.60967
0,250,15.0173,29.9307,6.55669,2.1833
0,250,15.5152,30.2928,5.65304,0.0314869
0,250,15.1169,30.5101,3.93608,1.74544
0,250,15.5514,30.8776,5.7835,0.318835
0,250,15.3843,31.3108,7.62134,1.26149
0,250,15.8882,31.3349,7.89078,-1.12492
0,250,16.0974,31.8092,5.54813,1.10292
0,250,14.8336,32.0682,5.43292,-5.33475
0,250,12.7181,20.8927,0.905449,4.14858
0,250,12.8925,21.3803,1.07231,3.78143
0,250,12.9913,21.91,1.76344,4.03245
0,250,13.1848,22.4056,1.79613,4.01833
0,250,13.3023,22.8965,1.98735,3.87838
0,250,13.4837,23.384,2.18097,3.6125
0,250,13.6236,23.8426,2.97348,3.91676
0,250,13.7954,24.3007,2.97028,3.38267
0,250,13.9435,24.7422,3.24901,3.85179
0,250,14.0991,25.17,3.60041,3.41536
0,250,14.2525,25.5976,3.67689,3.45832
0,250,14.4017,26.0075,4.13905,3.47926
0,250,14.5446,26.4185,4.27971,3.3108
0,250,14.6911,26.8162,4.25971,3.19596
0,250,14.8232,27.2052,4.50695,2.56297
0,250,14.9986,27.5832,4.89257,2.69148
0,250,15.0949,27.9642,5.32779,2.78942
0,250,15.3982,28.3226,5.27157,2.72246
0,250,15.4359,28.7113,7.70433,2.9564
0,250,15.9096,29.0848,7.53311,3.00211
0,250,15.715,29.3997,6.74917,2.83752
0,250,16.1852,29.9045,5.64254,4.35715
0,250,15.7069,29.8972,4.86824,0.988736
0,250,16.2302,30.3263,6.24146,1.94639
0,250,15.9473,30.7134,6.56845,0.499458
0,250,16.3782,30.8966,7.71771,0.464852
0,250,16.3418,31.4057,7.37633,2.25049
0,250,16.8165,31.5516,5.94916,0.546463
0,250,16.9992,31.9877,6.11841,-1.18314
0,250,15.6505,31.9054,5.81738,-0.684887
0,250,13.2339,21.0205,1.02516,4.0686
0,250,13.4104,21.5843,1.47604,4.41494
0,250,13.5461,22.058,1.55798,3.98029
0,250,13.7238,22.5819,1.84977,4.04437
0,250,13.8803,23.0588,2.35557,4.15683
0,250,14.0677,23.5399,2.75842,4.30198
0,250,14.2259,24.01,2.76793,3.82321
0,250,14.4026,24.4651,3.104,4.23437
0,250,14.5774,24.9178,3.62762,4.23148
0,250,14.7444,25.3537,3.75133,4.32907
0,250,14.9102,25.7751,4.27865,3.9566
0,250,15.0674,26.1913,4.24464,3.50589
0,250,15.2365,26.5823,4.89935,3.43574
0,250,15.3816,26.9669,4.42926,2.55717
0,250,15.5423,27.3529,5.08025,3.27746
0,250,15.7103,27.7049,5.08435,2.59431
0,250,15.8406,28.1083,5.94913,2.39529
0,250,16.0915,28.4789,5.69169,3.90435
0,250,16.2572,28.8386,8.90347,3.631
0,250,16.6445,29.2694,8.18369,3.28926
0,250,16.4888,29.5515,8.61241,3.25045
0,250,17.1048,29.8326,6.99782,0.409364
0,250,16.7121,30.1148,7.16348,1.87332
0,250,17.0936,30.3377,9.04803,-0.759058
0,250,16.759,30.7796,6.61628,1.59804
0,250,17.1223,30.9472,6.62146,-0.579466
0,250,17.2087,31.4453,8.73038,0.545902
0,250,17.6738,31.5337,9.13103,-0.221914
0,250,17.9484,31.9529,7.0052,-2.29462
0,250,16.4539,32.0682,4.52188,1.03699
0,250,13.7343,21.1766,1.10683,4.4773
0,250,13.9412,21.6722,1.22477,4.4816
0,250,14.0677,22.2213,1.81553,4.40963
0,250,14.2848,22.7263,2.1441,4.53419
0,250,14.4345,23.2264,2.6074,4.48775
0,250,14.6499,23.7203,2.71486,4.26636
0,250,14.8254,24.1882,3.53497,4.49652
0,250,15.0226,24.6476,3.5452,4.38417
0,250,15.2058,25.0891,4.02673,4.35829
0,250,15.3968,25.5137,4.42935,4.4172
0,250,15.5805,25.9384,4.83608,4.3243
0,250,15.7529,26.3341,4.88888,3.72958
0,250,15.94,26.746,5.24457,3.47872
0,250,16.0885,27.1031,5.44519,2.79363
0,250,16.2697,27.5197,5.63169,3.09599
0,250,16.4175,27.846,5.97547,2.99604
0,250,16.6022,28.2553,7.13514,2.53172
0,250,16.814,28.5811,6.53628,2.95167
0,250,17.0507,28.9747,10.4821,2.78414
0,250,17.2593,29.3439,6.2526,4.78773
0,250,17.5752,29.7488,9.34381,3.31271
0,250,17.96,29.9666,8.75908,1.4581
0,250,17.5574,30.3575,5.92144,2.23827
0,250,18.1041,30.3771,9.19918,0.190945
0,250,17.5707,30.8666,6.41558,1.93812
0,250,17.9834,30.8134,8.85295,-1.04221
0,250,18.0573,31.3637,10.6038,-0.0458397
0,250,18.387,31.8313,11.6143,1.59591
0,250,19.3489,32.0767,10.0781,4.99579
0,250,17.4563,32.0632,6.67019,1.6227
0,250,14.2669,21.3435,1.19763,4.56737
0,250,14.4616,21.9242,1.57185,4.93249
0,250,14.6242,22.4058,1.8482,4.79346
0,250,14.8408,22.9372,2.25426,4.79885
0,250,15.0354,23.4299,2.50965,4.868
0,250,15.2476,23.9161,3.18244,4.75215
0,250,15.453,24.3861,3.49356,4.93615
0,250,15.6649,24.8504,4.0465,5.15771
0,250,15.875,25.2967,4.61097,5.4518
0,250,16.069,25.724,4.80924,4.77614
0,250,16.2855,26.1526,5.14993,4.83026
0,250,16.4684,26.5349,5.52847,4.39731
0,250,16.6633,26.9479,5.32328,3.83581
0,250,16.8336,27.3002,5.62413,3.21952
0,250,17.019,27.6988,6.01446,3.67138
0,250,17.1702,28.0108,6.26448,2.6332
0,250,17.3794,28.4205,7.12095,2.84558
0,250,17.5756,28.7223,8.56767,3.75049
0,250,17.7757,29.1573,8.84592,2.50145
0,250,18.0481,29.4223,9.03553,3.17757
0,250,18.5053,29.7421,11.8629,1.55809
0,250,18.614,30.151,8.9592,2.15655
0,250,18.7146,30.5427,9.90458,1.7612
0,250,19.0265,30.8455,10.1181,3.23387
0,250,18.4919,30.9914,7.90038,0.841167
0,250,19.2773,31.3281,11.4796,1.83561
0,250,18.5861,31.372,8.75784,1.82869
0,250,19.0969,31.6194,10.6728,0.772326
0,250,19.8521,31.6407,10.5823,-1.24784
0,250,18.7727,32.0479,8.93508,-2.48843
0,250,14.7397,21.4985,1.25584,4.97867
0,250,15.005,22.024,1.69451,4.92667
0,250,15.1531,22.5917,2.14763,5.1446
0,250,15.4036,23.1057,2.64501,5.01005
0,250,15.6031,23.6127,3.23686,5.13533
0,250,15.8513,24.1119,3.46066,5.38132
0,250,16.0659,24.5828,4.48316,5.11928
0,250,16.3157,25.0396,4.59269,5.44776
0,250,16.5287,25.4913,5.02246,5.51251
0,250,16.7755,25.9155,5.52274,4.98123
0,250,16.968,26.3391,5.04443,4.9133
0,250,17.2167,26.7154,6.00949,4.18029
0,250,17.3858,27.1192,5.83194,4.2565
0,250,17.6129,27.4607,6.87215,4.00524
0,250,17.786,27.8472,6.33812,3.64905
0,250,17.9794,28.1654,7.6737,3.45771
0,250,18.1479,28.5684,7.09514,3.93736
0,250,18.3767,28.8212,8.46042,3.06978
0,250,18.5686,29.2219,7.74864,1.58015
0,250,18.9506,29.461,10.415,1.99919
0,250,19.1394,29.8989,9.19376,3.45152
0,250,19.4521,30.0859,10.3165,1.76024
0,250,19.4417,30.539,9.39284,1.23766
0,250,20.0592,30.5296,11.9819,1.56628
0,250,19.5742,30.9382,8.96936,0.815058
0,250,20.3406,30.9668,10.8241,0.822353
0,250,19.9626,31.2341,11.9346,-1.04064
0,250,20.4274,31.9212,10.5869,2.13511
0,250,20.8551,31.9152,11.3783,-1.26437
0,250,19.9184,32.012,9.48799,-1.30144
0,250,15.3225,21.7314,1.42128,5.47194
0,250,15.5234,22.3291,1.92656,5.72228
0,250,15.7452,22.8348,2.29714,5.6525
0,250,16.0052,23.3831,2.82165,5.55536
0,250,16.2289,23.8723,3.60528,5.98384
0,250,16.4956,24.3655,4.21131,5.83985
0,250,16.7377,24.8381,4.77586,5.98233
0,250,16.9916,25.2968,5.4979,6.09212
0,250,17.239,25.7337,5.61598,5.31889
0,250,17.4924,26.1694,6.34933,5.66883
0,250,17.7337,26.5659,7.1553,5.14588
0,250,17.9721,26.9761,6.96252,4.94398
0,250,18.2081,27.3356,7.56797,4.7222
0,250,18.4365,27.7071,7.64265,4.39057
0,250,18.6278,28.0632,7.77508,4.62015
0,250,18.8734,28.3747,8.18043,3.82656
0,250,19.0181,28.7633,7.98923,3.67792
0,250,19.3246,28.9959,9.63991,2.0707
0,250,19.5127,29.4368,10.2297,2.58357
0,250,19.8927,29.6418,10.929,2.52753
0,250,20.0409,30.1428,10.4243,3.68985
0,250,20.5563,30.1648,11.7235,1.88158
0,250,20.671,30.64,12.8559,0.741832
0,250,21.2813,30.6701,12.5011,3.3792
0,250,20.9316,31.1279,11.4993,1.76779
0,250,21.5452,31.1077,12.9989,1.00945
0,250,20.4941,31.4509,10.6631,0.545073
0,250,21.1324,31.4602,8.88611,2.12652
0,250,21.809,31.5095,12.5791,-0.430037
0,250,21.3158,31.9597,11.7485,2.27157
0,250,15.7279,21.9039,1.15129,5.74341
0,250,16.0808,22.4632,1.89765,5.84998
0,250,16.28,23.0313,2.46172,6.09336
0,250,16.588,23.5793,3.42617,6.25392
0,250,16.8397,24.0807,3.93037,6.22636
0,250,17.1301,24.57,4.97966,6.34766
0,250,17.3832,25.0384,5.6421,6.28555
0,250,17.6776,25.482,6.10213,5.64239
0,250,17.9233,25.9237,6.8871,5.89091
0,250,18.2026,26.3373,7.00242,5.43232
0,250,18.4695,26.7581,7.93403,5.3247
0,250,18.7496,27.1562,8.30496,5.46615
0,250,19.0148,27.5439,8.77235,5.08988
0,250,19.2962,27.921,9.09709,5.06778
0,250,19.5076,28.2975,9.02488,4.97295
0,250,19.7874,28.6098,9.09016,4.41435
0,250,19.9094,29.0253,9.13688,4.53038
0,250,20.3184,29.2182,10.5812,2.71362
0,250,20.3966,29.6715,11.4118,3.67652
0,250,20.903,29.6962,11.7711,2.1193
0,250,21.072,30.2647,12.1143,1.68651
0,250,21.6167,30.3014,13.3951,2.20269
0,250,21.856,30.8164,13.0053,1.46018
0,250,22.3953,31.0134,14.1464,2.40422
0,250,22.3273,31.4388,11.3576,1.76917
0,250,22.9777,31.2266,15.2453,0.85841
0,250,22.6895,31.7804,13.1825,1.11085
0,250,23.247,31.6278,15.399,0.272187
0,250,22.2602,31.9591,12.0418,2.06411
0,250,21.7685,31.9451,11.0591,-1.67605
0,250,16.3814,22.2048,1.86358,6.48657
0,250,16.6485,22.832,2.55858,6.66059
0,250,16.929,23.3764,3.19907,7.08604
0,250,17.254,23.9061,4.30408,7.00644
0,250,17.5251,24.3851,5.2837,7.0729
0,250,17.8394,24.8733,5.74464,7.01322
0,250,18.1098,25.327,6.08162,6.66107
0,250,18.4057,25.7841,7.21873,6.63956
0,250,18.6912,26.217,7.58029,6.38241
0,250,18.9858,26.6417,8.73312,6.09122
0,250,19.2717,27.0648,8.55617,5.99542
0,250,19.5835,27.4672,10.0984,6.15126
0,250,19.8689,27.869,9.53448,5.41153
0,250,20.1931,28.2228,10.9951,4.97871
0,250,20.4265,28.5717,10.1122,4.34637
0,250,20.7555,28.8618,11.0478,3.19428
0,250,20.923,29.2121,10.1641,3.37155
0,250,21.343,29.5071,12.7327,3.10394
0,250,21.5282,29.8481,12.2431,3.34483
0,250,22.048,29.9172,12.9094,1.84037
0,250,22.1952,30.496,13.1013,2.06285
0,250,22.6176,30.3456,13.8876,1.64815
0,250,22.8245,30.8514,15.4448,0.796846
0,250,23.5941,30.996,14.9702,0.928351
0,250,23.5635,31.3853,15.426,2.35425
0,250,24.0912,31.6285,14.1259,2.29176
0,250,23.6877,32.2244,12.8994,0.989884
0,250,24.9711,32.0401,15.395,-0.0222844
0,250,24.1954,31.8849,14.4455,0.564117
0,250,23.0047,32.0919,12.1762,-1.16674
0,250,16.732,22.4412,1.158,7.03201
0,250,17.2755,23.0389,2.92011,7.25163
0,250,17.5361,23.6089,4.03496,7.58929
0,250,17.9274,24.1315,4.64513,8.12311
0,250,18.1699,24.6039,5.58417,7.27777
0,250,18.529,25.0783,6.03784,7.75183
0,250,18.7782,25.5151,7.70578,6.98316
0,250,19.1148,25.9649,7.68242,6.90281
0,250,19.3841,26.3865,9.01344,6.23152
0,250,19.711,26.8053,9.00519,6.04345
0,250,20.0197,27.2162,10.4732,5.96743
0,250,20.3262,27.6105,10.2887,5.8905
0,250,20.6983,27.9925,12.0859,5.43506
0,250,21.0012,28.3641,11.6605,4.87592
0,250,21.4447,28.6811,12.5968,3.7142
0,250,21.707,29.083,12.0425,4.79579
0,250,22.0749,29.3291,12.7921,2.75476
0,250,22.3785,29.7652,14.2884,3.36772
0,250,22.8159,29.9856,14.9782,2.00918
0,250,23.3137,30.2393,15.8955,1.64594
0,250,23.3423,30.6498,14.312,3.23642
0,250,24.0647,30.6558,16.0892,-0.080709
0,250,24.2722,31.1424,17.0755,1.55165
0,250,24.6986,31.2065,15.0784,0.706182
0,250,24.7386,31.7908,15.7413,1.89566
0,250,25.1361,31.2967,15.9351,0.0540404
0,250,25.8217,31.7823,15.86,-1.86227
0,250,26.1052,32.0759,16.1879,-3.22392
0,250,26.624,31.8105,16.287,-1.85488
0,250,25.4627,31.7884,13.2128,-0.478209
0,250,17.5093,22.8935,3.00554,7.96058
0,250,17.9467,23.581,3.56291,8.89322
0,250,18.3098,23.9086,5.15292,8.11905
0,250,18.621,24.5222,5.4818,8.32192
0,250,18.9497,24.8396,7.1401,7.58847
0,250,19.2418,25.432,7.18198,7.97078
0,250,19.5727,25.7601,8.58783,7.32234
0,250,19.863,26.3067,8.85037,6.98184
0,250,20.215,26.6532,10.4484,6.74191
0,250,20.519,27.141,10.6444,6.03117
0,250,20.8923,27.5066,11.7984,6.43736
0,250,21.2245,27.9445,11.8035,5.44744
0,250,21.596,28.3082,12.6509,5.50059
0,250,21.9849,28.6879,13.7008,3.90647
0,250,22.3677,29.0128,14.1896,4.07421
0,250,22.8429,29.2988,15.2615,3.16684
0,250,23.2635,29.6914,14.5102,2.97559
0,250,23.6326,29.8836,15.9246,2.04534
0,250,23.9719,30.2335,14.3425,1.90673
0,250,24.4193,30.1689,15.1528,0.544138
0,250,24.6004,30.6465,15.1448,1.42378
0,250,25.0957,30.7148,15.4743,0.744673
0,250,25.5334,30.9062,15.7048,0.838388
0,250,25.6733,31.3484,15.4293,-1.56114
0,250,26.2868,31.2188,16.167,0.561812
0,250,26.5144,31.2899,15.4346,0.573939
0,250,27.4751,31.5044,16.2275,0.290825
0,250,26.8484,32.0387,15.5022,-2.82393
0,250,28.0091,31.4619,16.2509,-1.46171
0,250,27.1326,31.4463,16.8275,-0.686576
1,250,1.5,1.5,0,0
1,250,1.5,2,0,0
1,250,32.5,1.5,0,0
1,250,33,1.5,0,0
1,250,2.5,32.5,0,0
1,250,2.5,33,0,0
1,250,1.5,2.5,0,0
1,250,2,2.5,0,0
1,250,2,1.5,0,0
1,250,2,2,0,0
1,250,32.5,2,0,0
1,250,33,2,0,0
1,250,3,32.5,0,0
1,250,3,33,0,0
1,250,1.5,3,0,0
1,250,2,3,0,0
1,250,2.5,1.5,0,0
1,250,2.5,2,0,0
1,250,32.5,2.5,0,0
1,250,33,2.5,0,0
1,250,3.5,32.5,0,0
1,250,3.5,33,0,0
1,250,1.5,3.5,0,0
1,250,2,3.5,0,0
1,250,3,1.5,0,0
1,250,3,2,0,0
1,250,32.5,3,0,0
1,250,33,3,0,0
1,250,4,32.5,0,0
1,250,4,33,0,0
1,250,1.5,4,0,0
1,250,2,4,0,0
1,250,3.5,1.5,0,0
1,250,3.5,2,0,0
1,250,32.5,3.5,0,0
1,250,33,3.5,0,0
1,250,4.5,32.5,0,0
1,250,4.5,33,0,0
1,250,1.5,4.5,0,0
1,250,2,4.5,0,0
1,250,4,1.5,0,0
1,250,4,2,0,0
1,250,32.5,4,0,0
1,250,33,4,0,0
1,250,5,32.5,0,0
1,250,5,33,0,0
1,250,1.5,5,0,0
1,250,2,5,0,0
1,250,4.5,1.5,0,0
1,250,4.5,2,0,0
1,250,32.5,4.5,0,0
1,250,33,4.5,0,0
1,250,5.5,32.5,0,0
1,250,5.5,33,0,0
1,250,1.5,5.5,0,0
1,250,2,5.5,0,0
1,250,5,1.5,0,0
1,250,5,2,0,0
1,250,32.5,5,0,0
1,250,33,5,0,0
1,250,6,32.5,0,0
1,250,6,33,0,0
1,250,1.5,6,0,0
1,250,2,6,0,0
1,250,5.5,1.5,0,0
1,250,5.5,2,0,0
1,250,32.5,5.5,0,0
1,250,33,5.5,0,0
1,250,6.5,32.5,0,0
1,250,6.5,33,0,0
1,250,1.5,6.5,0,0
1,250,2,6.5,0,0
1,250,6,1.5,0,0
1,250,6,2,0,0
1,250,32.5,6,0,0
1,250,33,6,0,0
1,250,7,32.5,0,0
1,250,7,33,0,0
1,250,1.5,7,0,0
1,250,2,7,0,0
1,250,6.5,1.5,0,0
1,250,6.5,2,0,0
1,250,32.5,6.5,0,0
1,250,33,6.5,0,0
1,250,7.5,32.5,0,0
1,250,7.5,33,0,0
1,250,1.5,7.5,0,0
1,250,2,7.5,0,0
1,250,7,1.5,0,0
1,250,7,2,0,0
1,250,32.5,7,0,0
1,250,33,7,0,0
1,250,8,32.5,0,0
1,250,8,33,0,0
1,250,1.5,8,0,0
1,250,2,8,0,0
1,250,7.5,1.5,0,0
1,250,7.5,2,0,0
1,250,32.5,7.5,0,0
1,250,33,7.5,0,0
1,250,8.5,32.5,0,0
1,250,8.5,33,0,0
1,250,1.5,8.5,0,0
1,250,2,8.5,0,0
1,250,8,1.5,0,0
1,250,8,2,0,0
1,250,32.5,8,0,0
1,250,33,8,0,0
1,250,9,32.5,0,0
1,250,9,33,0,0
1,250,1.5,9,0,0
1,250,2,9,0,0
1,250,8.5,1.5,0,0
1,250,8.5,2,0,0
1,250,32.5,8.5,0,0
1,250,33,8.5,0,0
1,250,9.5,32.5,0,0
1,250,9.5,33,0,0
1,250,1.5,9.5,0,0
1,250,2,9.5,0,0
1,250,9,1.5,0,0
1,250,9,2,0,0
1,250,32.5,9,0,0
1,250,33,9,0,0
1,250,10,32.5,0,0
1,250,10,33,0,0
1,250,1.5,10,0,0
1,250,2,10,0,0
1,250,9.5,1.5,0,0
1,250,9.5,2,0,0
1,250,32.5,9.5,0,0
1,250,33,9.5,0,0
1,250,10.5,32.5,0,0
1,250,10.5,33,0,0
1,250,1.5,10.5,0,0
1,250,2,10.5,0,0
1,250,10,1.5,0,0
1,250,10,2,0,0
1,250,32.5,10,0,0
1,250,33,10,0,0
1,250,11,32.5,0,0
1,250,11,33,0,0
1,250,1.5,11,0,0
1,250,2,11,0,0
1,250,10.5,1.5,0,0
1,250,10.5,2,0,0
1,250,32.5,10.5,0,0
1,250,33,10.5,0,0
1,250,11.5,32.5,0,0
1,250,11.5,33,0,0
1,250,1.5,11.5,0,0
1,250,2,11.5,0,0
1,250,11,1.5,0,0
1,250,11,2,0,0
1,250,32.5,11,0,0
1,250,33,11,0,0
1,250,12,32.5,0,0
1,250,12,33,0,0
1,250,1.5,12,0,0
1,250,2,12,0,0
1,250,11.5,1.5,0,0
1,250,11.5,2,0,0
1,250,32.5,11.5,0,0
1,250,33,11.5,0,0
1,250,12.5,32.5,0,0
1,250,12.5,33,0,0
1,250,1.5,12.5,0,0
1,250,2,12.5,0,0
1,250,12,1.5,0,0
1,250,12,2,0,0
1,250,32.5,12,0,0
1,250,33,12,0,0
1,250,13,32.5,0,0
1,250,13,33,0,0
1,250,1.5,13,0,0
1,250,2,13,0,0
1,250,12.5,1.5,0,0
1,250,12.5,2,0,0
1,250,32.5,12.5,0,0
1,250,33,12.5,0,0
1,250,13.5,32.5,0,0
1,250,13.5,33,0,0
1,250,1.5,13.5,0,0
1,250,2,13.5,0,0
1,250,13,1.5,0,0
1,250,13,2,0,0
1,250,32.5,13,0,0
1,250,33,13,0,0
1,250,14,32.5,0,0
1,250,14,33,0,0
1,250,1.5,14,0,0
1,250,2,14,0,0
1,250,13.5,1.5,0,0
1,250,13.5,2,0,0
1,250,32.5,13.5,0,0
1,250,33,13.5,0,0
1,250,14.5,32.5,0,0
1,250,14.5,33,0,0
1,250,1.5,14.5,0,0
1,250,2,14.5,0,0
1,250,14,1.5,0,0
1,250,14,2,0,0
1,250,32.5,14,0,0
1,250,33,14,0,0
1,250,15,32.5,0,0
1,250,15,33,0,0
1,250,1.5,15,0,0
1,250,2,15,0,0
1,250,14.5,1.5,0,0
1,250,14.5,2,0,0
1,250,32.5,14.5,0,0
1,250,33,14.5,0,0
1,250,15.5,32.5,0,0
1,250,15.5,33,0,0
1,250,1.5,15.5,0,0
1,250,2,15.5,0,0
1,250,15,1.5,0,0
1,250,15,2,0,0
1,250,32.5,15,0,0
1,250,33,15,0,0
1,250,16,32.5,0,0
1,250,16,33,0,0
1,250,1.5,16,0,0
1,250,2,16,0,0
1,250,15.5,1.5,0,0
1,250,15.5,2,0,0
1,250,32.5,15.5,0,0
1,250,33,15.5,0,0
1,250,16.5,32.5,0,0
1,250,16.5,33,0,0
1,250,1.5,16.5,0,0
1,250,2,16.5,0,0
1,250,16,1.5,0,0
1,250,16,2,0,0
1,250,32.5,16,0,0
1,250,33,16,0,0
1,250,17,32.5,0,0
1,250,17,33,0,0
1,250,1.5,17,0,0
1,250,2,17,0,0
1,250,16.5,1.5,0,0
1,250,16.5,2,0,0
1,250,32.5,16.5,0,0
1,250,33,16.5,0,0
1,250,17.5,32.5,0,0
1,250,17.5,33,0,0
1,250,1.5,17.5,0,0
1,250,2,17.5,0,0
1,250,17,1.5,0,0
1,250,17,2,0,0
1,250,32.5,17,0,0
1,250,33,17,0,0
1,250,18,32.5,0,0
1,250,18,33,0,0
1,250,1.5,18,0,0
1,250,2,18,0,0
1,250,17.5,1.5,0,0
1,250,17.5,2,0,0
1,250,32.5,17.5,0,0
1,250,33,17.5,0,0
1,250,18.5,32.5,0,0
1,250,18.5,33,0,0
1,250,1.5,18.5,0,0
1,250,2,18.5,0,0
1,250,18,1.5,0,0
1,250,18,2,0,0
1,250,32.5,18,0,0
1,250,33,18,0,0
1,250,19,32.5,0,0
1,250,19,33,0,0
1,250,1.5,19,0,0
1,250,2,19,0,0
1,250,18.5,1.5,0,0
1,250,18.5,2,0,0
1,250,32.5,18.5,0,0
1,250,33,18.5,0,0
1,250,19.5,32.5,0,0
1,250,19.5,33,0,0
1,250,1.5,19.5,0,0
1,250,2,19.5,0,0
1,250,19,1.5,0,0
1,250,19,2,0,0
1,250,32.5,19,0,0
1,250,33,19,0,0
1,250,20,32.5,0,0
1,250,20,33,0,0
1,250,1.5,20,0,0
1,250,2,20,0,0
1,250,19.5,1.5,0,0
1,250,19.5,2,0,0
1,250,32.5,19.5,0,0
1,250,33,19.5,0,0
1,250,20.5,32.5,0,0
1,250,20.5,33,0,0
1,250,1.5,20.5,0,0
1,250,2,20.5,0,0
1,250,20,1.5,0,0
1,250,20,2,0,0
1,250,32.5,20,0,0
1,250,33,20,0,0
1,250,21,32.5,0,0
1,250,21,33,0,0
1,250,1.5,21,0,0
1,250,2,21,0,0
1,250,20.5,1.5,0,0
1,250,20.5,2,0,0
1,250,32.5,20.5,0,0
1,250,33,20.5,0,0
1,250,21.5,32.5,0,0
1,250,21.5,33,0,0
1,250,1.5,21.5,0,0
1,250,2,21.5,0,0
1,250,21,1.5,0,0
1,250,21,2,0,0
1,250,32.5,21,0,0
1,250,33,21,0,0
1,250,22,32.5,0,0
1,250,22,33,0,0
1,250,1.5,22,0,0
1,250,2,22,0,0
1,250,21.5,1.5,0,0
1,250,21.5,2,0,0
1,250,32.5,21.5,0,0
1,250,33,21.5,0,0
1,250,22.5,32.5,0,0
1,250,22.5,33,0,0
1,250,1.5,22.5,0,0
1,250,2,22.5,0,0
1,250,22,1.5,0,0
1,250,22,2,0,0
1,250,32.5,22,0,0
1,250,33,22,0,0
1,250,23,32.5,0,0
1,250,23,33,0,0
1,250,1.5,23,0,0
1,250,2,23,0,0
1,250,22.5,1.5,0,0
1,250,22.5,2,0,0
1,250,32.5,22.5,0,0
1,250,33,22.5,0,0
1,250,23.5,32.5,0,0
1,250,23.5,33,0,0
1,250,1.5,23.5,0,0
1,250,2,23.5,0,0
1,250,23,1.5,0,0
1,250,23,2,0,0
1,250,32.5,23,0,0
1,250,33,23,0,0
1,250,24,32.5,0,0
1,250,24,33,0,0
1,250,1.5,24,0,0
1,250,2,24,0,0
1,250,23.5,1.5,0,0
1,250,23.5,2,0,0
1,250,32.5,23.5,0,0
1,250,33,23.5,0,0
1,250,24.5,32.5,0,0
1,250,24.5,33,0,0
1,250,1.5,24.5,0,0
1,250,2,24.5,0,0
1,250,24,1.5,0,0
1,250,24,2,0,0
1,250,32.5,24,0,0
1,250,33,24,0,0
1,250,25,32.5,0,0
1,250,25,33,0,0
1,250,1.5,25,0,0
1,250,2,25,0,0
1,250,24.5,1.5,0,0
1,250,24.5,2,0,0
1,250,32.5,24.5,0,0
1,250,33,24.5,0,0
1,250,25.5,32.5,0,0
1,250,25.5,33,0,0
1,250,1.5,25.5,0,0
1,250,2,25.5,0,0
1,250,25,1.5,0,0
1,250,25,2,0,0
1,250,32.5,25,0,0
1,250,33,25,0,0
1,250,26,32.5,0,0
1,250,26,33,0,0
1,250,1.5,26,0,0
1,250,2,26,0,0
1,250,25.5,1.5,0,0
1,250,25.5,2,0,0
1,250,32.5,25.5,0,0
1,250,33,25.5,0,0
1,250,26.5,32.5,0,0
1,250,26.5,33,0,0
1,250,1.5,26.5,0,0
1,250,2,26.5,0,0
1,250,26,1.5,0,0
1,250,26,2,0,0
1,250,32.5,26,0,0
1,250,33,26,0,0
1,250,27,32.5,0,0
1,250,27,33,0,0
1,250,1.5,27,0,0
1,250,2,27,0,0
1,250,26.5,1.5,0,0
1,250,26.5,2,0,0
1,250,32.5,26.5,0,0
1,250,33,26.5,0,0
1,250,27.5,32.5,0,0
1,250,27.5,33,0,0
1,250,1.5,27.5,0,0
1,250,2,27.5,0,0
1,250,27,1.5,0,0
1,250,27,2,0,0
1,250,32.5,27,0,0
1,250,33,27,0,0
1,250,28,32.5,0,0
1,250,28,33,0,0
1,250,1.5,28,0,0
1,250,2,28,0,0
1,250,27.5,1.5,0,0
1,250,27.5,2,0,0
1,250,32.5,27.5,0,0
1,250,33,27.5,0,0
1,250,28.5,32.5,0,0
1,250,28.5,33,0,0
1,250,1.5,28.5,0,0
1,250,2,28.5,0,0
1,250,28,1.5,0,0
1,250,28,2,0,0
1,250,32.5,28,0,0
1,250,33,28,0,0
1,250,29,32.5,0,0
1,250,29,33,0,0
1,250,1.5,29,0,0
1,250,2,29,0,0
1,250,28.5,1.5,0,0
1,250,28.5,2,0,0
1,250,32.5,28.5,0,0
1,250,33,28.5,0,0
1,250,29.5,32.5,0,0
1,250,29.5,33,0,0
1,250,1.5,29.5,0,0
1,250,2,29.5,0,0
1,250,29,1.5,0,0
1,250,29,2,0,0
1,250,32.5,29,0,0
1,250,33,29,0,0
1,250,30,32.5,0,0
1,250,30,33,0,0
1,250,1.5,30,0,0
1,250,2,30,0,0
1,250,29.5,1.5,0,0
1,250,29.5,2,0,0
1,250,32.5,29.5,0,0
1,250,33,29.5,0,0
1,250,30.5,32.5,0,0
1,250,30.5,33,0,0
1,250,1.5,30.5,0,0
1,250,2,30.5,0,0
1,250,30,1.5,0,0
1,250,30,2,0,0
1,250,32.5,30,0,0
1,250,33,30,0,0
1,250,31,32.5,0,0
1,250,31,33,0,0
1,250,1.5,31,0,0
1,250,2,31,0,0
1,250,30.5,1.5,0,0
1,250,30.5,2,0,0
1,250,32.5,30.5,0,0
1,250,33,30.5,0,0
1,250,31.5,32.5,0,0
1,250,31.5,33,0,0
1,250,1.5,31.5,0,0
1,250,2,31.5,0,0
1,250,31,1.5,0,0
1,250,31,2,0,0
1,250,32.5,31,0,0
1,250,33,31,0,0
1,250,32,32.5,0,0
1,250,32,33,0,0
1,250,1.5,32,0,0
1,250,2,32,0,0
1,250,31.5,1.5,0,0
1,250,31.5,2,0,0
1,250,32.5,31.5,0,0
1,250,33,31.5,0,0
1,250,32.5,32.5,0,0
1,250,32.5,33,0,0
1,250,1.5,32.5,0,0
1,250,2,32.5,0,0
1,250,32,1.5,0,0
1,250,32,2,0,0
1,250,32.5,32,0,0
1,250,33,32,0,0
1,250,33,32.5,0,0
1,250,33,33,0,0
1,250,1.5,33,0,0
1,250,2,33,0,0
