2452 2 0.5 2e+06 0.2 50 2 0 0.001 0 9.81 35 49
0,250,2.95841,17.6481,0.29559,2.79165
0,250,2.31471,17.7306,0.107709,3.16238
0,250,3.14549,17.6355,-0.163152,2.94088
0,250,2.69607,18.1285,0.161004,2.97026
0,250,2.49616,18.4818,-0.120281,3.26624
0,250,2.92213,18.8903,-0.278961,3.1219
0,250,2.49942,19.0217,-0.519669,3.16514
0,250,2.46108,19.7896,-0.122722,2.86408
0,250,2.42018,20.4301,0.343104,2.47236
0,250,2.49913,20.997,-0.401295,2.89541
0,250,2.4359,21.5523,-0.333906,2.53382
0,250,2.42847,22.2527,-0.311647,2.67594
0,250,2.42657,22.8716,0.298562,3.30689
0,250,2.48029,23.4956,0.620306,3.34082
0,250,2.41282,24.4202,-0.2138,3.95476
0,250,2.46306,25.0968,-0.525082,4.26054
0,250,2.40319,25.6554,0.177153,3.81189
0,250,2.40404,26.466,-0.426158,5.6078
0,250,2.5249,27.7484,-1.01607,6.2686
0,250,2.42774,30.3028,1.084,8.25614
0,250,2.72091,34.5321,2.6911,12.3881
0,250,2.81223,35.2874,3.34245,12.0962
0,250,5.87785,40.1767,15.1429,16.5121
0,250,8.40253,42.7226,16.9414,6.71266
0,250,12.7359,44.135,23.2546,4.7433
0,250,17.2642,45.0556,23.749,5.08155
0,250,12.863,45.1472,16.0193,7.68704
0,250,22.9477,43.7738,7.35667,-4.35256
0,250,24.4324,42.9876,9.76962,-6.28545
0,250,23.9769,43.2605,7.63094,-8.79027
0,250,26.1405,41.2632,8.88758,-6.62022
0,250,28.7832,37.7441,4.7083,-3.3229
0,250,28.1526,38.8492,4.19795,-3.71768
0,250,28.73,39.5322,3.28078,-11.9788
0,250,28.91,34.9424,3.03988,-7.94113
0,250,29.1137,33.3421,5.38047,-11.8497
0,250,29.8192,33.6306,-1.02525,-12.3095
0,250,24.1941,22.4408,-6.22877,-5.81247
0,250,24.665,21.7106,-8.09935,-6.76434
0,250,28.6441,24.4292,-3.42559,-10.8186
0,250,28.0338,23.8966,-2.68626,-8.24061
0,250,24.713,20.4286,-6.0425,-3.57339
0,250,30.5742,27.356,-2.339,-4.28045
0,250,22.1798,11.8511,2.29494,7.97802
0,250,30.0428,23.6966,-0.344392,-1.46261
0,250,25.2862,20.5926,-5.7427,-4.63995
0,250,21.8683,21.4379,-8.74407,-3.01202
0,250,26.115,11.2614,-2.15933,0.447305
0,250,24.9498,17.609,-3.28978,-0.454061
0,250,23.2683,15.3943,-3.6033,0.43589
0,250,28.837,18.6282,0.467478,-2.14252
0,250,27.3347,15.9059,-1.76117,1.82907
0,250,30.3617,22.9989,-0.671385,-4.5084
0,250,29.6912,23.0732,-1.41744,-0.051887
0,250,27.562,15.8915,-1.97853,1.87968
0,250,30.8552,24.4473,-0.891137,0.495898
0,250,3.99063,17.6494,-0.187911,2.88515
0,250,3.85302,17.6585,-0.13494,2.80869
0,250,3.46379,18.0461,-0.249077,3.26308
0,250,3.12473,18.4059,-0.0227684,3.02808
0,250,3.37326,18.8977,-0.137981,3.0112
0,250,2.71642,19.446,-0.157747,2.40991
0,250,2.82657,20.144,-0.223129,2.31047
0,250,2.85219,20.7318,-0.0076388,3.19782
0,250,3.1609,22.0524,0.0954993,3.18626
0,250,2.88966,21.3777,-0.203379,2.31876
0,250,2.74567,21.9371,0.125841,2.88949
0,250,2.81641,22.6069,0.264131,2.93619
0,250,2.8358,23.2239,-0.133652,2.95017
0,250,2.5816,23.9338,-0.490096,3.84353
0,250,2.76055,24.7961,-0.627179,3.67185
0,250,2.84553,25.5716,-0.317102,3.82088
0,250,2.66874,26.1813,-0.378543,4.50899
0,250,2.47146,27.2084,0.27681,7.14338
0,250,2.49921,28.6834,-2.09437,6.1493
0,250,2.57577,32.0375,-0.415077,12.0726
0,250,3.35923,35.0479,4.22157,16.7461
0,250,6.81822,41.2894,15.4121,9.17533
0,250,8.78396,43.2165,14.7421,10.6832
0,250,11.9412,44.641,10.4139,-0.795034
0,250,15.8438,44.9201,23.4832,0.116864
0,250,21.6415,42.1536,16.5645,-8.24576
0,250,23.226,42.6238,14.1131,-7.61728
0,250,22.9518,44.2236,4.8854,-16.3492
0,250,24.0831,42.4127,5.69525,-3.17096
0,250,28.2047,35.4845,7.78455,-8.78301
0,250,27.1053,38.679,-0.622381,-7.12718
0,250,26.4676,41.6285,6.13168,-7.46473
0,250,29.7719,31.986,3.42894,-10.3244
0,250,28.9751,38.4843,4.86251,-3.62078
0,250,30.4219,33.8297,3.66847,-8.95392
0,250,30.7586,33.4262,2.76923,-2.6783
0,250,28.8898,30.1055,-2.57032,-13.8013
0,250,30.761,34.1817,5.09918,-4.17993
0,250,23.1817,22.1854,-9.63813,-3.69947
0,250,29.6361,23.4945,-6.39866,-7.44486
0,250,30.7629,26.7611,-3.47667,-4.04554
0,250,31.1256,30.1478,-5.57307,-5.85555
0,250,28.9852,19.3722,1.87157,-1.34412
0,250,26.0056,18,-1.55315,-0.072213
0,250,23.7807,21.4367,-7.91662,-3.59247
0,250,30.2453,24.1148,-4.36608,-2.1802
0,250,24.9746,9.33744,-2.57803,0.840788
0,250,23.3712,20.2126,-5.75065,-1.84006
0,250,30.478,22.4021,1.58288,-0.769986
0,250,26.2007,9.63089,-2.06415,1.24521
0,250,26.0033,8.22127,-2.26254,1.99953
0,250,27.6793,21.068,-3.54657,-3.8115
0,250,28.3346,21.6758,-3.12403,-3.96287
0,250,22.6556,21.0229,-7.35248,-3.63105
0,250,17.3578,8.18724,-1.47433,7.79956
0,250,26.7725,8.51576,-1.91289,1.02032
0,250,4.61684,17.6316,-0.0527303,2.78381
0,250,4.42075,18.1646,-0.276591,3.25709
0,250,4.15863,18.4364,-0.00585909,2.97466
0,250,3.67533,18.4423,-0.170778,2.95341
0,250,3.46509,19.3996,-0.297107,2.74175
0,250,3.11974,19.6742,-0.190048,2.75523
0,250,3.21971,20.3332,0.0385611,2.39697
0,250,3.25554,20.993,-0.105232,2.41081
0,250,3.58706,22.1801,-0.00140559,2.93295
0,250,3.21087,22.6302,0.394184,3.43641
0,250,3.22669,23.278,0.0645073,3.27807
0,250,3.08123,23.804,-0.502406,3.42623
0,250,2.94725,24.2774,-0.529683,3.17519
0,250,3.09858,25.2174,-0.411587,3.33903
0,250,3.12189,26.0421,0.453327,4.37102
0,250,2.79549,26.9939,0.544701,5.22275
0,250,2.91694,27.6482,-1.45011,5.5985
0,250,2.41944,28.2203,0.635331,7.96868
0,250,2.48284,29.75,-1.57492,9.13192
0,250,3.41994,36.3664,2.29124,11.5675
0,250,5.27713,39.2762,13.4689,16.828
0,250,4.33625,38.3174,8.22743,15.1823
0,250,7.27887,42.1139,12.8714,10.6912
0,250,11.715,44.1008,17.3861,6.28448
0,250,19.4318,45.4205,18.6357,-5.71344
0,250,15.986,45.8503,18.3321,-4.90338
0,250,20.3813,44.6509,19.4193,-3.00798
0,250,22.0029,42.8042,10.6403,-9.60111
0,250,23.5626,42.4007,11.3464,-11.1085
0,250,26.6553,36.3455,-0.168463,-5.92548
0,250,27.4746,40.0517,4.69311,-7.9502
0,250,27.3897,40.9188,1.76224,-9.05217
0,250,29.5152,32.341,3.13676,-9.49482
0,250,29.2692,38.1694,1.44236,-1.1972
0,250,29.6341,33.904,3.65288,-12.6326
0,250,26.1738,23.4048,-6.33496,-8.02696
0,250,30.9344,30.608,2.87887,-6.7347
0,250,23.173,22.2354,-8.74804,-3.58806
0,250,29.355,26.0688,-2.84098,-10.0857
0,250,30.0643,27.1846,-2.22479,-7.32114
0,250,29.6919,29.9314,-3.99915,-10.8566
0,250,21.7746,23.788,-6.68023,-0.707585
0,250,29.5463,24.1091,-0.863851,-6.86487
0,250,28.5768,19.2693,-0.352228,-0.177888
0,250,23.2309,8.51334,-4.23578,0.946801
0,250,29.9004,21.924,-2.27277,2.18102
0,250,27.0986,20.0643,-2.204,-4.01777
0,250,30.3427,21.2844,0.214825,0.424731
0,250,26.243,20.4188,-4.09186,-4.35175
0,250,29.8987,22.768,1.03496,-1.26767
0,250,26.8364,17.7314,-2.42118,1.38299
0,250,27.2507,8.10695,0.179032,3.68641
0,250,27.4413,18.3268,-1.8694,-0.12516
0,250,25.4321,15.191,-2.39159,0.76688
0,250,25.8028,11.7485,-2.06838,0.139018
0,250,18.6044,6.75118,1.58239,8.9452
0,250,5.44507,17.5066,-0.0754169,2.44886
0,250,4.82271,17.6103,-0.0558184,2.85866
0,250,4.96923,18.1343,-0.0982545,2.64754
0,250,3.88149,18.9386,-0.365906,2.93475
0,250,3.93875,19.4649,-0.0215947,2.84509
0,250,3.55609,19.9341,-0.301315,2.73616
0,250,3.60966,20.566,0.120661,2.53132
0,250,3.31895,21.5418,-0.302467,3.04704
0,250,3.98682,22.3896,0.10311,2.96994
0,250,3.61892,22.7864,0.0772544,2.9387
0,250,3.53898,23.7976,-0.214703,3.32053
0,250,3.49873,24.2819,-0.751882,3.64678
0,250,3.45273,25.7047,-0.450776,3.64679
0,250,3.02252,26.6004,-0.971222,3.89591
0,250,3.05247,28.1797,-1.32462,6.55764
0,250,2.92784,28.5435,-1.2624,6.77125
0,250,2.46791,29.2491,1.12787,7.42223
0,250,2.50133,31.0376,4.87665,10.0546
0,250,2.28534,32.8469,0.418336,8.42626
0,250,3.14994,35.7521,8.18911,13.8736
0,250,3.62582,36.4934,9.0207,11.1852
0,250,5.5786,40.1884,10.7859,11.6572
0,250,9.02501,43.3452,16.1159,9.78558
0,250,13.9908,45.2816,16.6791,5.31309
0,250,18.5487,45.5495,15.7949,-1.46156
0,250,20.1553,45.3325,20.6751,-1.72974
0,250,21.9627,43.4957,11.3275,-11.5438
0,250,27.1743,36.66,8.98863,-8.57177
0,250,28.3508,39.3472,7.15696,-13.4964
0,250,27.3689,38.0738,4.98225,-7.79212
0,250,28.5423,36.9648,7.65125,-8.00603
0,250,30.2334,35.2977,-1.44523,-1.7582
0,250,29.1824,34.8081,6.80736,-5.06713
0,250,28.0308,26.2583,-4.0167,-11.1652
0,250,29.1499,30.6179,-0.605041,-12.7992
0,250,30.0897,31.2012,-0.381104,-8.34646
0,250,29.4996,25.6127,-3.11466,-9.22174
0,250,30.3165,30.3498,-1.45601,-6.83664
0,250,26.0085,22.453,-5.05464,-6.20718
0,250,29.5355,27.0175,-1.29589,-12.1634
0,250,29.0388,25.1134,-1.81445,-9.18479
0,250,26.6267,19,-4.03789,-2.39242
0,250,30.3068,28.0072,-0.203257,-8.33439
0,250,26.0109,16.8484,-2.57665,0.805517
0,250,27.3317,19.1588,-1.84908,-2.60125
0,250,29.5782,21.6231,-2.83418,-1.48554
0,250,24.6345,20.7051,-5.43214,-4.97548
0,250,29.1043,22.9121,-1.29475,-7.06221
0,250,29.261,17.3936,-1.12967,5.95403
0,250,28.5369,20.6426,-1.30353,-2.68956
0,250,28.0284,19.6609,-1.67517,-1.0779
0,250,30.8434,23.1169,1.88326,-4.23897
0,250,22.8354,8.18514,-5.39657,3.66793
0,250,18.5256,10.1182,3.00967,11.8051
0,250,20.7011,7.74249,3.52564,10.1157
0,250,17.8571,7.8311,1.8934,6.94726
0,250,5.54147,17.5262,-0.664963,2.22776
0,250,5.3868,18.2486,-0.328774,2.38667
0,250,4.74679,18.5808,-0.438729,2.92459
0,250,4.34835,18.9708,-0.432247,3.07859
0,250,4.33183,19.6185,-0.366047,2.61588
0,250,3.9665,20.0861,-0.339902,2.53497
0,250,3.71401,21.1106,-0.244675,2.57429
0,250,3.76403,21.6783,-0.487822,2.89977
0,250,3.71099,23.2779,-0.0441502,2.695
0,250,3.97078,24.0573,-0.663511,3.64533
0,250,3.83233,24.7207,-0.848437,3.90991
0,250,3.28123,24.7023,-1.03624,3.46523
0,250,3.57292,26.8283,-0.706531,5.23462
0,250,3.23629,27.1604,-0.606607,5.84339
0,250,2.83863,29.232,-1.59078,7.80783
0,250,2.86557,30.0031,-0.864169,7.45585
0,250,2.70304,30.6427,-0.180757,9.85606
0,250,3.24407,32.4481,1.11501,14.0575
0,250,2.59218,33.5719,0.341788,11.3112
0,250,4.71899,38.6228,7.78441,17.4522
0,250,4.09348,37.8483,7.88963,15.105
0,250,7.75133,42.2423,13.0456,13.4947
0,250,10.3088,44.1624,9.78913,6.62825
0,250,14.0527,45.5842,15.918,4.11188
0,250,15.1585,45.6251,19.8292,0.804853
0,250,18.6896,45.1345,18.0718,-8.25124
0,250,23.2931,40.075,-0.00634462,-16.0009
0,250,25.636,40.1863,4.01931,-9.63741
0,250,26.7737,41.4467,-0.932993,4.61142
0,250,28.5446,35.9828,3.10881,-11.7456
0,250,26.9793,40.9227,1.13153,-2.44507
0,250,29.0979,39.0988,5.91416,-4.99602
0,250,26.9297,26.5402,-3.37253,-8.30357
0,250,29.6381,29.6315,0.0343803,-12.1624
0,250,29.8794,24.7318,-0.479419,-10.5881
0,250,28.3707,24.0833,-4.74569,-6.11404
0,250,29.5119,28.1496,-1.1791,-9.8577
0,250,25.9428,21.4376,-5.70151,-6.56055
0,250,31.1783,22.6034,-0.624977,0.916786
0,250,22.2968,22.8741,-7.30177,-1.78577
0,250,28.5236,23.463,-6.77272,-4.44312
0,250,28.9412,19.7708,-0.707861,-2.04554
0,250,27.9249,19.9566,-1.2755,-3.23552
0,250,25.1472,19.2806,-5.39731,-3.55236
0,250,27.7185,22.0533,-3.95644,-6.47007
0,250,25.424,20.6742,-4.76153,-6.06631
0,250,30.1168,21.4917,0.246601,0.778561
0,250,28.8882,15.6639,-1.30147,2.67303
0,250,25.3008,8.80226,-2.48661,1.30543
0,250,27.5538,8.49939,-1.20534,2.36624
0,250,19.2623,5.90554,-2.23412,0.292713
0,250,31.3492,6.54075,2.80566,6.67869
0,250,20.8479,6.16029,-0.330942,7.32735
0,250,27.7193,8.04031,-1.28536,1.37889
0,250,18.1196,22.9905,2.64118,17.9369
0,250,31.2615,17.8633,1.65273,4.48685
0,250,6.10623,17.7278,-0.1103,2.22356
0,250,5.76091,18.1925,-0.420237,2.48459
0,250,5.17333,18.7834,-0.546194,2.97107
0,250,4.70981,19.1968,-0.041625,2.94417
0,250,4.39635,20.1791,-0.169422,2.6803
0,250,4.054,20.6583,-0.0209721,2.58995
0,250,4.17927,21.2105,-0.302773,2.54704
0,250,4.15751,21.8085,-0.534624,2.95934
0,250,4.11778,22.8814,0.011062,2.956
0,250,4.09966,23.4848,-0.720978,2.97433
0,250,4.04467,25.2591,-0.21037,4.44928
0,250,3.57033,25.1762,-0.339308,3.11475
0,250,3.49183,26.3393,-0.636914,5.08385
0,250,3.37261,27.7656,-1.43048,6.75964
0,250,3.16219,29.5426,-3.51971,10.9636
0,250,3.22541,30.8286,-0.693482,11.163
0,250,2.83053,31.251,-0.342499,13.4516
0,250,2.6333,32.3373,0.401281,14.3377
0,250,4.09054,37.0635,7.52693,14.066
0,250,4.72484,38.9113,3.74152,13.0769
0,250,7.30234,41.7385,16.2519,16.4266
0,250,8.27568,43.0053,16.0496,4.43121
0,250,9.13841,42.7882,14.2244,10.4429
0,250,17.2039,45.4007,20.6767,-0.857695
0,250,21.0519,43.9652,23.7503,-2.69349
0,250,21.9173,43.8285,17.4538,-6.13227
0,250,24.0973,42.7605,12.3617,-8.64219
0,250,25.4168,42.7205,3.07249,-8.85024
0,250,25.2464,42.5157,9.11456,-5.57548
0,250,26.1993,41.9745,8.40535,-6.72153
0,250,26.5633,40.8052,2.6335,-8.3512
0,250,28.3032,39.8669,8.97578,-4.7806
0,250,28.2866,28.9111,-1.90921,-12.1486
0,250,29.9563,31.6171,-0.0953378,-9.08063
0,250,25.7957,26.575,-4.14705,-5.71541
0,250,27.1474,22.8253,-4.44859,-6.51593
0,250,30.5852,32.6942,3.69587,-11.0183
0,250,30.7383,30.8668,4.36849,-5.54952
0,250,30.8555,31.9784,2.42884,-7.40213
0,250,30.689,25.845,-4.01198,-1.50946
0,250,23.6945,21.2846,-6.06413,-3.34786
0,250,27.2562,22.3135,-4.19587,-8.56114
0,250,22.6062,24.0838,-5.97206,-0.756815
0,250,29.5346,20.4228,0.822,-0.716553
0,250,28.026,20.3516,-0.541918,-1.71759
0,250,30.0382,22.3385,0.937517,-4.65169
0,250,28.378,15.6181,-4.26634,2.26903
0,250,30.8015,25.0956,-4.2009,0.814939
0,250,26.9733,14.9772,-1.40182,1.13678
0,250,30.5697,20.6851,-0.386452,0.447543
0,250,30.5605,17.6429,-2.42278,8.17079
0,250,29.0123,20.9603,-1.7645,-0.0334878
0,250,19.5159,4.69934,1.27005,5.21697
0,250,18.6681,6.69167,-1.97637,11.2847
0,250,27.8205,4.78245,0.820249,3.01881
0,250,29.6099,17.8543,-3.56438,9.24149
0,250,6.34639,17.5925,0.0434578,2.16258
0,250,5.59628,18.8455,-0.287033,2.78367
0,250,5.19048,19.3253,-0.18143,3.06752
0,250,4.80327,19.7273,-0.0911336,2.49495
0,250,4.85109,20.2811,-0.383413,2.75971
0,250,4.50999,20.7449,-0.296262,2.79754
0,250,4.56961,21.3709,-0.228268,2.78127
0,250,4.44472,22.4112,0.0855418,2.82561
0,250,4.49363,23.1873,-0.43706,2.96143
0,250,4.18589,24.5236,-1.31475,4.17014
0,250,4.441,25.0529,-0.81959,3.39048
0,250,3.8749,25.7608,-0.325211,3.93796
0,250,3.92464,26.3138,-0.776282,5.43915
0,250,3.64446,27.4161,-1.17398,6.21437
0,250,3.26007,28.9807,-0.33661,7.23414
0,250,2.93107,32.8872,-0.961571,14.3246
0,250,3.14358,33.2751,0.0830748,12.6414
0,250,3.05783,33.8198,-0.626609,12.8796
0,250,4.00479,37.5048,7.02442,15.7778
0,250,4.93442,40.0138,9.4166,10.278
0,250,6.29806,40.8727,10.6524,13.6632
0,250,11.421,44.717,12.6762,9.46932
0,250,9.8579,44.0348,12.7662,8.21851
0,250,16.185,44.9429,19.0458,-1.10065
0,250,20.8779,44.6544,17.8791,-9.57531
0,250,21.1649,44.8843,14.9449,-11.3696
0,250,25.2646,40.1132,5.3273,-12.9502
0,250,27.8013,39.6439,6.85235,-9.33195
0,250,25.8104,42.1035,3.29417,-0.759884
0,250,27.0235,38.4865,6.81616,-12.3316
0,250,28.7384,38.4961,6.41462,-2.23995
0,250,28.875,29.1922,-0.609516,-14.3669
0,250,26.7254,26.6815,-4.33146,-8.20608
0,250,29.4425,31.2756,2.74629,-11.9248
0,250,28.0464,29.2903,-3.66554,-11.8506
0,250,28.7132,26.4766,-2.27204,-9.80507
0,250,30.3387,35.8169,3.11039,1.59275
0,250,26.6599,25.0054,-2.99137,-7.60218
0,250,27.7167,21.7381,-4.21124,-6.71714
0,250,25.7393,19.6405,-4.7853,-5.2757
0,250,30.0271,25.6147,-3.07588,-8.09978
0,250,25.5719,17.9091,-1.92826,0.272134
0,250,28.7382,22.0642,-2.88689,-2.68461
0,250,27.724,22.5406,-4.47865,-6.04635
0,250,25.1038,19.2956,-4.20204,-3.37683
0,250,22.7669,20.8338,-7.46572,-2.92359
0,250,24.4684,9.84763,-3.76785,1.2075
0,250,30.7452,24.6427,-5.61852,-2.87488
0,250,21.5997,4.29433,-2.19354,2.28939
0,250,26.8993,8.59632,-1.78389,1.57996
0,250,27.835,19.213,-1.77223,-1.29848
0,250,17.3508,3.94231,-0.520486,5.85603
0,250,24.565,5.8112,-4.0894,1.44016
0,250,21.012,5.57659,-2.28946,1.16107
0,250,17.2941,4.40935,-6.85125,7.02187
0,250,21.4623,4.5546,-3.16633,3.8019
0,250,6.82013,17.4742,-0.144377,2.04907
0,250,6.05731,18.499,-0.285442,2.58007
0,250,5.62114,19.4574,-0.691301,3.05122
0,250,5.25769,19.8932,-0.228275,2.42239
0,250,5.29762,20.4528,-0.564786,2.96078
0,250,4.92203,20.8726,-0.609617,2.86362
0,250,5.02974,21.4311,-0.703477,2.79404
0,250,4.58874,21.9464,-0.484592,2.6846
0,250,4.7544,22.7429,-0.584961,2.89516
0,250,4.38735,23.913,-0.540794,3.06691
0,250,4.66723,24.627,-0.0713083,3.39195
0,250,4.34014,25.7644,-0.283235,3.62941
0,250,4.01992,26.9138,-0.732893,5.47143
0,250,3.66623,28.1151,-1.97794,6.38026
0,250,3.49996,28.5572,-3.33176,9.18407
0,250,3.10649,30.2873,-2.41429,11.9034
0,250,3.54597,33.6061,0.763083,15.3264
0,250,3.41935,34.811,2.2371,16.4351
0,250,2.78224,34.1136,-0.883475,11.9033
0,250,5.58381,39.5399,5.55178,13.5437
0,250,5.83925,40.7642,9.83071,12.148
0,250,9.79756,43.6228,10.7094,9.13449
0,250,12.6244,45.0392,15.6124,7.93252
0,250,11.8949,44.9013,12.3513,2.76238
0,250,18.1743,45.6875,7.5795,2.9087
0,250,22.4225,44.6138,11.6708,-5.2268
0,250,25.062,40.7062,1.23023,-9.49985
0,250,26.0757,41.0955,14.4397,-9.15937
0,250,27.0359,37.854,7.39033,-9.55613
0,250,24.7409,43.2775,2.52837,-2.2429
0,250,27.583,40.4431,0.730681,-2.91228
0,250,28.0941,37.1383,4.85659,-9.3827
0,250,28.2442,38.4855,1.82155,-3.27426
0,250,29.6597,34.9243,0.480303,-10.2429
0,250,29.0148,37.0936,-1.19539,-6.64343
0,250,30.1806,32.0688,-0.730021,-11.81
0,250,31.1807,29.5292,2.44924,-7.63667
0,250,30.2023,24.8955,-4.74664,-11.1498
0,250,23.7542,29.7027,-3.84536,4.16179
0,250,22.7514,21.7087,-7.97573,-3.75927
0,250,27.5439,20.3177,-3.05222,-3.02413
0,250,30.9313,28.1757,0.369665,-1.97509
0,250,30.2716,28.1703,0.444111,-8.6548
0,250,30.406,23.4677,0.163669,-3.65086
0,250,25.4881,17.4049,-2.95823,0.550847
0,250,26.9801,20.5852,-2.85781,-5.04286
0,250,24.9394,9.52062,-3.37753,0.837887
0,250,26.15,9.78661,-1.96112,0.841293
0,250,28.743,21.5064,-0.453824,-2.35191
0,250,25.4418,7.10138,-2.21421,1.11051
0,250,25.9068,13.3582,-2.29493,0.94792
0,250,23.9478,8.52618,-0.710132,-0.156
0,250,17.1598,6.64628,0.295581,6.83523
0,250,19.6718,6.08117,-1.92372,7.79538
0,250,18.8981,4.25457,1.82853,7.17653
0,250,21.5792,11.0577,-0.886626,1.33047
0,250,7.01013,17.5512,-0.105273,2.08312
0,250,6.48009,18.1529,-0.354382,2.46303
0,250,6.00541,19.0694,0.104056,3.01336
0,250,5.7136,20.0279,-0.703485,2.53888
0,250,5.77169,20.518,-0.733198,2.75769
0,250,5.3843,21.0118,-0.611679,2.78036
0,250,5.46513,21.5678,-0.511214,3.33944
0,250,5.02789,21.9622,-0.503893,2.64365
0,250,5.13145,22.4677,-0.645642,2.73269
0,250,4.78192,23.5285,-1.49192,3.59172
0,250,4.75352,24.1619,-0.975353,3.46819
0,250,4.69587,25.4435,-0.326582,4.01733
0,250,4.32513,26.3363,-1.26186,5.07341
0,250,4.10554,27.4405,-1.96682,5.79593
0,250,4.1813,27.8283,-2.31602,6.13015
0,250,3.5843,29.4185,-2.28498,9.84999
0,250,2.95903,31.9209,-0.879823,14.9792
0,250,3.65059,33.1923,2.48414,15.061
0,250,3.58139,37.2203,1.56301,15.4134
0,250,5.38859,38.8448,9.22532,15.7011
0,250,4.90281,39.2562,9.66029,13.0293
0,250,9.51342,43.2148,16.2069,9.70431
0,250,12.5186,44.5181,20.3674,4.0007
0,250,17.8429,45.9575,17.2176,-8.24326
0,250,19.5597,44.4029,22.1701,-10.4012
0,250,21.51,43.4108,16.7903,-9.61959
0,250,22.6694,42.9079,14.3026,-12.4937
0,250,22.8644,42.8502,13.0556,-7.83205
0,250,26.3239,39.9232,8.42465,-12.4072
0,250,25.5505,39.4072,5.61452,-5.47348
0,250,27.2225,41.4298,-2.72038,-6.02483
0,250,28.0187,33.0681,0.317696,-8.40426
0,250,30.1243,33.5913,2.34897,-5.97976
0,250,30.1053,34.356,-2.28304,-5.95153
0,250,28.4428,37.8554,3.08966,-8.54367
0,250,30.2404,32.7702,-0.0655048,-12.8158
0,250,30.0217,30.6751,-1.86312,-7.86262
0,250,28.6425,25.3735,-3.78658,-11.9079
0,250,31.1431,27.517,1.61044,-0.564281
0,250,30.2448,25.4787,-3.10411,-6.33017
0,250,21.7909,23.7218,-6.56863,-0.219777
0,250,27.8362,21.2587,-3.80584,-4.99522
0,250,30.5713,26.1165,-4.66442,-0.360556
0,250,28.7319,18.6403,-0.184773,-2.24117
0,250,22.7807,21.4771,-6.44196,-2.7691
0,250,23.952,8.59671,-0.87707,0.181935
0,250,30.8576,23.6934,-4.4264,-5.20396
0,250,27.5001,15.4644,-2.07063,1.69053
0,250,29.6933,20.2365,-0.0458807,0.607673
0,250,26.9909,5.75475,-0.874154,3.95257
0,250,22.5573,5.38659,-2.16634,5.67187
0,250,26.3854,9.0799,-2.18641,1.01842
0,250,27.0553,4.69773,2.97627,4.24694
0,250,21.4342,11.3807,-6.00004,7.58199
0,250,26.0247,4.80429,-3.28832,2.62994
0,250,25.9586,7.65883,-2.42741,2.89407
0,250,6.90614,18.1474,-0.552026,2.21753
0,250,6.52543,18.649,-0.605678,2.3801
0,250,6.44218,19.2127,-0.46689,2.79945
0,250,6.08843,19.6305,-0.651818,2.71559
0,250,6.26155,20.1018,-0.432137,3.11752
0,250,5.84147,21.033,-0.720015,2.83322
0,250,5.91888,21.5581,-0.883565,3.01165
0,250,5.50334,22.1365,-0.612801,3.25444
0,250,5.56524,22.7347,-0.712965,2.98758
0,250,5.11203,23.0575,-0.958192,3.05479
0,250,5.19689,23.6367,-1.04092,3.09735
0,250,5.09666,24.7869,0.237547,3.56932
0,250,5.14732,25.2127,-1.27514,4.05068
0,250,4.44819,26.8681,-2.22221,5.6259
0,250,4.64566,27.3003,-1.02565,4.99048
0,250,4.02394,28.3679,-3.38039,6.27912
0,250,3.18014,31.4077,-1.88307,16.5534
0,250,3.62514,34.1652,2.68491,17.0713
0,250,3.48812,35.7549,5.30344,13.6614
0,250,4.8444,38.0837,10.5496,17.9058
0,250,9.05917,42.0224,17.3843,14.3772
0,250,7.86183,41.7616,11.0228,11.0867
0,250,14.041,43.8911,22.0405,0.460116
0,250,19.1169,44.5746,15.6532,-7.90751
0,250,13.5168,44.9565,21.0267,4.99174
0,250,23.4612,41.0938,-1.15894,-9.6541
0,250,18.6094,44.5789,22.2729,-7.16374
0,250,26.2644,38.6827,7.37189,-8.85241
0,250,25.1979,42.0811,9.9686,-12.823
0,250,24.9964,43.0521,2.66734,-6.72894
0,250,26.5944,42.1864,3.42648,-10.7491
0,250,26.5879,37.4835,3.12039,-5.46288
0,250,29.6879,36.7725,4.76418,-4.88294
0,250,28.6935,34.4974,-1.92837,-14.5111
0,250,28.7571,28.9719,-0.518225,-10.7907
0,250,27.2907,28.8311,-5.27924,-6.57483
0,250,28.4951,26.7646,-3.33856,-9.38331
0,250,29.217,23.5996,-2.30844,-6.72195
0,250,29.3852,25.281,-4.85289,-9.38921
0,250,28.7759,23.1762,-4.47065,-7.42135
0,250,29.3951,22.4377,-2.04824,-2.82604
0,250,30.9576,29.0497,2.48277,-9.95335
0,250,30.7938,22.2864,-0.487517,1.08041
0,250,29.7907,19.2545,2.98227,-3.08956
0,250,28.9129,22.544,-0.854978,-4.38965
0,250,22.6501,10.1956,-3.3614,0.0355722
0,250,25.0857,11.825,-2.06267,0.513936
0,250,22.9436,9.85382,-2.90863,0.153695
0,250,25.65,10.072,-2.56221,0.733
0,250,25.3266,8.88379,-2.04181,0.505878
0,250,20.9863,6.16274,-4.02177,5.78133
0,250,18.1466,10.3343,2.54455,4.39564
0,250,23.7583,3.26452,0.690612,1.88979
0,250,27.4384,4.55818,1.49571,4.29363
0,250,19.9308,2.21618,7.92208,-4.27528
0,250,23.051,7.71571,6.00529,9.6767
0,250,7.56756,17.4972,-0.0851569,1.84982
0,250,7.26647,18.2729,-0.296528,2.07022
0,250,6.88434,18.904,-0.246623,2.47004
0,250,6.61688,19.6873,-0.383215,2.36512
0,250,6.26604,20.5678,-0.881204,2.91157
0,250,6.32401,21.0751,-0.948648,2.9569
0,250,6.39562,21.601,-0.96933,2.98488
0,250,5.94148,22.0693,-0.47503,2.78826
0,250,5.98769,22.5982,-0.72307,2.9778
0,250,5.56734,23.2313,-1.23226,2.86894
0,250,5.7367,23.7039,-0.939767,2.73925
0,250,5.2156,24.1035,-0.938334,2.91826
0,250,5.47323,24.4439,-0.860904,2.71406
0,250,4.79154,25.9543,-1.97648,4.49311
0,250,4.78901,26.4839,-1.73081,5.2965
0,250,4.67156,27.7694,-1.14991,5.69877
0,250,3.53926,30.0814,-3.47745,9.98796
0,250,3.43075,31.8842,-1.73291,14.5833
0,250,3.96115,35.8688,5.52655,15.203
0,250,5.20958,38.1078,9.85609,16.217
0,250,6.02252,39.6651,11.7803,9.31204
0,250,8.72338,42.1378,19.1735,11.8197
0,250,11.4859,43.6493,21.1552,7.24232
0,250,15.0605,44.3799,19.7491,1.23685
0,250,13.6011,44.7685,18.9008,4.99314
0,250,20.2547,44.4955,21.2216,-2.78183
0,250,14.5187,45.5385,9.98436,6.42061
0,250,22.6662,43.4379,16.7672,-3.40524
0,250,23.7943,40.6162,8.04401,-21.0974
0,250,25.6147,41.0124,13.4121,-12.1269
0,250,28.1958,35.1387,1.26979,-9.22033
0,250,27.7709,36.8263,3.27065,-6.65556
0,250,29.9705,35.2628,1.66269,-6.12971
0,250,29.2036,33.735,3.45261,-16.0306
0,250,28.8485,28.3334,-1.78571,-12.3554
0,250,29.0537,37.515,1.30372,-4.913
0,250,30.2909,29.4381,-0.825031,-7.23425
0,250,29.4226,37.8684,2.64945,-0.753564
0,250,29.4362,27.7399,-5.08956,-11.1471
0,250,26.7277,20.9295,-3.6844,-5.58908
0,250,22.4503,24.0673,-4.90923,-0.461751
0,250,30.8559,25.3139,-0.30821,-0.635922
0,250,27.9894,18.8249,0.725528,0.128036
0,250,26.1103,19.6655,-4.89642,-5.24788
0,250,25.4952,15.4891,-2.40538,0.784525
0,250,29.1799,17.3094,-1.70002,5.63106
0,250,27.3489,17.8703,-1.0484,0.0905211
0,250,26.3643,8.95268,-1.62516,0.723757
0,250,23.2673,8.49142,-3.45343,0.195106
0,250,23.7821,6.46447,-2.96608,2.32242
0,250,25.4385,6.83925,-1.56774,2.21422
0,250,26.5205,5.42035,-0.908651,5.45872
0,250,29.4398,3.52929,2.29455,2.50273
0,250,23.8252,3.03679,0.97084,4.60932
0,250,24.0942,6.44038,-3.07545,2.31707
0,250,28.1108,4.17171,3.63398,4.17533
0,250,7.79241,17.4844,-0.132071,1.63537
0,250,7.64653,18.063,-0.36097,1.92431
0,250,7.32247,18.8149,-0.354642,2.29319
0,250,7.0495,19.379,-0.693034,2.51531
0,250,6.84169,20.0678,-0.599597,2.97925
0,250,6.74223,20.5781,-0.955424,2.83323
0,250,6.77805,21.1603,-0.650269,2.87077
0,250,6.81806,21.7874,-0.874686,2.60604
0,250,6.41693,22.1555,-0.527816,2.80534
0,250,6.06286,23.1164,-1.04578,2.77075
0,250,6.2688,23.5203,-0.75829,2.79585
0,250,5.8768,24.0656,-1.5961,3.35296
0,250,6.07395,24.5286,-0.999197,3.09252
0,250,5.69968,24.88,-0.30825,2.75191
0,250,5.2471,25.6578,-1.46452,3.88228
0,250,5.03392,26.8874,-1.56541,4.59875
0,250,4.52687,28.3101,-4.10875,6.83862
0,250,3.82175,28.9579,-3.59721,6.86667
0,250,4.10827,33.747,5.39361,16.1183
0,250,4.64277,37.2853,9.26927,17.7334
0,250,7.17328,40.9347,15.0188,10.19
0,250,6.45432,41.1323,13.7809,15.907
0,250,7.61405,42.7546,12.719,13.6338
0,250,14.1456,44.606,25.932,6.07309
0,250,9.171,43.7203,11.1538,1.0035
0,250,16.5465,44.1126,16.9654,-5.27337
0,250,16.6871,45.2676,19.8795,2.03709
0,250,23.8479,41.6303,9.52758,-10.5587
0,250,23.3717,44.1709,14.9484,-9.85144
0,250,25.6149,41.8139,4.95493,-8.33197
0,250,25.9956,42.6435,5.62108,-7.49815
0,250,27.9909,40.2596,-1.63639,-5.79743
0,250,27.1916,35.8293,6.35961,-7.00722
0,250,29.1368,34.2487,2.47979,-6.33892
0,250,30.1116,36.1034,4.00102,-6.79234
0,250,28.3503,36.5627,5.336,-4.72088
0,250,29.4494,28.4715,-2.81297,-11.1146
0,250,27.5069,23.2483,-5.30063,-8.55792
0,250,25.7357,21.7403,-5.67841,-6.29329
0,250,26.9408,22.1163,-5.16928,-8.27839
0,250,30.6794,23.9951,-7.37421,-2.51196
0,250,30.8448,33.2194,1.51116,-5.76181
0,250,28.3179,20.7529,-1.25033,-3.83674
0,250,23.4249,20.6636,-6.63322,-4.50113
0,250,24.2547,20.4781,-4.30622,-4.30704
0,250,25.5386,13.5499,-2.02328,0.223388
0,250,29.0996,21.487,-2.98689,-0.895675
0,250,26.7905,17.7751,-2.38891,1.754
0,250,29.2101,15.0939,0.377185,0.826458
0,250,18.9783,5.98885,-2.29524,0.521826
0,250,23.9324,6.71554,-2.94052,2.27766
0,250,24.0396,3.8973,-2.09871,5.4279
0,250,26.905,5.80765,-0.815878,3.54842
0,250,18.5302,9.51826,3.22729,4.69815
0,250,31.1941,5.37949,-5.77805,1.78144
0,250,30.5063,17.0244,-2.36841,7.28029
0,250,8.09817,17.8864,-0.00653633,2.07491
0,250,7.79082,18.597,-0.457737,2.7857
0,250,7.67217,19.1186,-0.278128,2.35066
0,250,7.39256,19.6009,-0.431143,2.43577
0,250,7.2822,20.0931,-0.647435,2.59791
0,250,7.15492,20.6651,-1.00731,2.78648
0,250,7.17565,21.2739,-0.92618,2.743
0,250,6.9075,22.3165,-1.11646,2.6423
0,250,6.48287,22.6578,-0.727201,3.2203
0,250,6.59772,23.0858,-1.13488,2.97813
0,250,6.40572,23.9817,-1.13626,3.21648
0,250,6.52154,24.4582,-0.846481,3.28753
0,250,6.25498,25.028,-0.77631,3.56716
0,250,5.69641,25.3067,-1.39845,3.67925
0,250,5.21817,26.207,-1.86616,3.81442
0,250,5.21947,27.2293,-2.1643,4.93936
0,250,5.13579,27.7395,-2.55706,4.90339
0,250,4.23328,28.8058,-4.01708,8.22119
0,250,3.90111,29.7921,-3.2885,9.14476
0,250,3.6166,30.9268,-2.40202,12.3344
0,250,6.3541,39.5323,13.1919,10.9194
0,250,5.97283,39.0963,8.45202,15.8397
0,250,8.36403,41.8917,17.9673,14.9462
0,250,11.0603,43.9997,18.0286,6.86688
0,250,6.59729,41.6582,9.53856,10.6289
0,250,15.0025,44.963,14.5766,-1.4626
0,250,14.4068,45.0139,18.2256,2.62336
0,250,20.9269,43.069,12.7438,-8.23693
0,250,17.8089,44.8939,20.17,2.82185
0,250,24.4086,42.0833,12.6265,-1.53396
0,250,24.8292,39.4361,12.5569,-4.78821
0,250,26.6625,40.3545,5.25846,-10.7247
0,250,26.1634,40.44,4.7234,-10.6425
0,250,29.0926,36.7507,2.82753,-6.71305
0,250,28.703,32.2468,1.86355,-10.9884
0,250,29.4336,35.3711,3.02047,-6.32587
0,250,29.0959,25.9904,-4.05862,-11.5905
0,250,28.8259,27.9749,-2.19768,-11.6617
0,250,28.3624,27.8533,-3.29028,-11.8998
0,250,28.0228,27.0124,-2.7222,-12.4782
0,250,31.1023,32.6916,-3.33487,-5.24855
0,250,27.3516,20.7229,-3.17342,-4.11741
0,250,23.2715,21.0047,-6.18324,-4.03604
0,250,25.2668,21.285,-3.3678,-4.75697
0,250,21.4704,21.9769,-7.63828,-1.33007
0,250,24.3163,19.8072,-6.00103,-3.11167
0,250,23.3066,15.4119,-3.79486,0.44829
0,250,23.1821,10.3354,-3.54465,-0.214167
0,250,21.4831,22.0768,-7.29936,-1.41727
0,250,27.0637,19.8064,-1.67495,-4.10837
0,250,25.6554,10.0623,-2.21162,0.576702
0,250,21.7827,4.67464,-3.43129,5.23356
0,250,25.9774,7.59839,-1.55253,1.55702
0,250,21.3456,5.10046,-3.84696,0.870963
0,250,27.8438,8.35121,-0.923881,1.51028
0,250,27.0429,15.4245,-2.48793,1.70071
0,250,8.50667,17.6507,-0.603095,1.94175
0,250,8.66241,18.2064,-0.302685,1.95739
0,250,8.19523,18.9137,-0.519898,2.74113
0,250,7.98217,19.4936,-0.91931,2.21933
0,250,7.84221,19.9138,-0.662887,2.66686
0,250,7.68529,20.3772,-1.02455,2.81675
0,250,7.59087,20.8752,-1.11403,2.47459
0,250,7.27702,21.7746,-0.967015,2.63351
0,250,7.47959,22.2185,-0.95038,2.62839
0,250,7.12975,22.6776,-1.21359,2.57223
0,250,7.01526,23.2123,-0.886246,2.27677
0,250,6.79679,23.7177,-1.04466,2.25173
0,250,6.95107,24.5125,-0.878549,2.55557
0,250,6.67746,25.0188,-1.64933,3.0333
0,250,5.70158,25.8325,-1.70447,2.86785
0,250,5.50577,26.518,-1.14842,3.68533
0,250,5.92303,26.2124,-2.08274,3.05655
0,250,5.70869,26.9228,-2.399,3.66008
0,250,5.65066,27.4474,-1.46148,4.19178
0,250,4.16488,29.4157,-3.56192,5.38143
0,250,4.66973,28.9355,-2.60658,4.8621
0,250,3.75274,32.7607,1.82432,15.0881
0,250,4.03377,36.3547,4.40277,18.4187
0,250,6.41959,40.3635,11.7923,8.66682
0,250,6.99525,40.292,11.7897,15.1071
0,250,11.0026,43.0915,14.6215,6.91823
0,250,10.3824,43.3711,18.4152,11.2588
0,250,11.0315,44.3395,16.1059,3.88589
0,250,19.4165,43.7032,16.2902,-5.20545
0,250,20.4723,45.3318,10.6796,0.186542
0,250,23.8915,40.748,8.528,1.32256
0,250,23.6103,43.2445,9.42953,-9.7328
0,250,25.8169,39.9071,8.18538,-14.051
0,250,27.1913,37.3479,5.24402,-4.91695
0,250,28.6445,33.4448,3.77387,-11.3479
0,250,28.7938,30.8936,-2.27514,-14.5354
0,250,30.0557,32.9945,1.23513,-10.6152
0,250,29.9678,26.4316,-3.18768,-7.99294
0,250,28.4585,25.7745,-1.15406,-11.0357
0,250,27.5021,24.0647,-4.65784,-8.33014
0,250,27.1441,23.973,-5.57493,-8.05761
0,250,26.3252,20.1595,-4.1949,-5.67035
0,250,28.4477,22.7196,-2.51149,-3.56038
0,250,25.9374,22.1952,-5.80194,-6.77814
0,250,26.5417,19.6874,-3.49738,-3.61843
0,250,25.5132,19.801,-5.14521,-3.82569
0,250,27.4626,18.8301,-1.57061,-0.431561
0,250,26.3897,13.5701,-2.50064,0.917842
0,250,22.883,10.716,-3.49429,0.589793
0,250,24.4584,9.83924,-3.13979,0.527384
0,250,30.6935,21.7216,-0.580757,0.386967
0,250,25.4688,8.14646,-2.31207,1.17044
0,250,28.3474,15.6948,-3.511,4.28658
0,250,21.0106,3.75241,1.0112,2.93026
0,250,24.1557,3.30541,-0.773532,4.18817
0,250,29.3019,15.1218,0.59984,1.78086
0,250,8.76178,17.3859,-0.409579,1.61526
0,250,8.2483,18.3688,-0.516088,2.70695
0,250,8.6819,18.7695,-0.492558,2.65924
0,250,8.44905,19.3223,-0.237355,2.28403
0,250,8.55992,19.7915,-0.368889,2.83066
0,250,8.28873,20.1662,-0.710893,2.57289
0,250,8.11225,20.6442,-0.938164,2.38886
0,250,7.71434,21.3145,-1.04327,2.79989
0,250,7.80564,21.7476,-1.10617,2.9308
0,250,7.83406,22.4262,-0.510617,1.81462
0,250,7.52327,22.9122,-0.61051,2.30739
0,250,7.41214,23.431,-1.11154,2.15479
0,250,7.11686,23.956,-1.28608,2.22361
0,250,7.39814,24.3084,-0.984795,2.38566
0,250,7.23889,24.9306,-1.06147,2.4746
0,250,6.14092,25.5497,-0.7651,3.59411
0,250,6.583,25.6188,-1.48093,2.9173
0,250,6.12323,26.6921,-1.89479,3.74131
0,250,6.17163,27.2218,-2.56292,4.24825
0,250,4.89795,28.3145,-4.2166,6.76045
0,250,5.35665,28.4075,-2.95482,4.36616
0,250,3.68038,32.4056,-0.50475,15.2756
0,250,3.88003,35.3101,3.81265,18.575
0,250,5.96756,38.4802,10.618,16.2188
0,250,5.38961,38.5552,5.81723,16.2349
0,250,9.297,42.5542,15.8606,10.9522
0,250,12.2704,43.1435,21.1775,6.856
0,250,13.9151,43.5683,18.49,7.76444
0,250,15.8703,44.4598,23.1885,4.60764
0,250,15.8573,45.5596,21.3119,0.866393
0,250,21.5374,43.1717,19.7148,-7.21029
0,250,23.5527,43.8144,11.8387,-3.66553
0,250,27.3213,39.4205,7.91853,-14.4662
0,250,27.8661,39.2399,10.5034,-8.04826
0,250,25.7928,38.092,8.86365,0.479796
0,250,29.0323,31.8461,0.0483591,-12.5794
0,250,27.8246,32.0389,-4.75522,-10.0284
0,250,27.8009,25.6028,-3.32838,-10.696
0,250,29.1884,24.2691,-0.373771,-9.24362
0,250,30.5865,32.068,4.38862,-8.10879
0,250,28.0544,23.4943,-2.91478,-5.63059
0,250,25.4194,22.6276,-8.75552,-7.44883
0,250,24.0326,21.9776,-7.07444,-6.38662
0,250,22.323,22.4294,-8.78786,-1.81534
0,250,22.0444,22.7,-8.50379,-0.972654
0,250,23.5102,20.1672,-5.75416,-3.0545
0,250,29.3907,22.0088,0.276575,-1.10293
0,250,25.0918,11.7846,-2.44459,-0.245691
0,250,22.6587,10.6382,-3.4763,0.470477
0,250,30.1264,17.5424,-1.1047,8.79283
0,250,21.5049,12.04,-5.61503,12.0763
0,250,26.8008,15.0715,-1.17403,1.62983
0,250,25.6402,11.8789,-2.58246,-0.0652347
0,250,23.205,9.93011,-3.13264,0.024701
0,250,26.0885,11.2876,-2.18555,0.586221
0,250,25.327,8.18539,-2.47495,1.48919
0,250,9.003,17.4864,-0.41766,1.92429
0,250,9.07872,18.1478,-0.65133,1.73359
0,250,9.09604,18.8062,-0.514395,2.44324
0,250,8.94145,19.3182,-0.664257,2.37635
0,250,8.9126,20.1563,-0.695801,2.32985
0,250,8.61874,20.5655,-0.97076,2.195
0,250,8.21728,21.1064,-1.00695,2.57819
0,250,8.43139,21.4338,-0.967446,2.63377
0,250,8.19315,21.9589,-0.92301,2.42118
0,250,8.44698,22.2906,-0.560171,2.31724
0,250,8.00548,22.8669,-0.585986,2.20487
0,250,7.99473,23.3246,-1.43361,2.47722
0,250,7.70691,23.7494,-1.64632,1.92764
0,250,7.88275,24.1584,-1.32857,2.66953
0,250,7.70745,24.725,-1.13499,2.3623
0,250,7.03668,25.3645,-1.59769,2.49233
0,250,7.38905,25.7069,-1.84041,3.20916
0,250,6.37626,26.0768,-2.50306,3.24671
0,250,6.58062,26.5097,-2.54837,2.64945
0,250,5.55304,27.9143,-4.42981,4.50722
0,250,5.90601,28.1717,-4.06572,4.3879
0,250,4.29348,30.1831,-5.02528,12.4276
0,250,3.78676,30.3995,-3.3059,10.0567
0,250,4.20436,33.4024,2.40717,17.2452
0,250,4.40751,36.8865,6.92559,18.4858
0,250,7.47626,41.4772,13.5225,15.0739
0,250,7.16501,39.6963,13.9156,15.1158
0,250,11.9877,44.0068,17.133,7.87327
0,250,10.5551,43.6759,16.4885,7.28207
0,250,18.5575,44.1253,20.3853,-0.813357
0,250,18.939,45.1253,16.4628,-6.86832
0,250,24.3868,41.54,11.0715,-12.6597
0,250,25.3063,41.1955,9.14068,-5.28101
0,250,26.7294,38.0366,8.87259,-9.93014
0,250,26.3676,39.3383,0.498313,-11.1561
0,250,28.0781,34.6002,1.97947,-8.6248
0,250,27.7963,34.6008,1.63392,-9.67679
0,250,29.9225,36.5291,3.3482,-4.96791
0,250,28.0135,30.2248,-2.44235,-10.509
0,250,30.4592,34.663,1.01813,-7.51969
0,250,25.5007,22.9694,-8.80792,-9.61704
0,250,25.7754,23.2647,-5.22295,-5.61538
0,250,26.7175,21.7808,-3.88922,-5.31247
0,250,30.6849,31.2641,-3.04152,-9.99156
0,250,25.0902,21.9748,-6.80536,-5.38805
0,250,26.356,26.5635,-4.40645,-7.79245
0,250,21.8871,18.4925,-4.30735,-0.541401
0,250,23.0289,17.2787,-3.80027,0.92777
0,250,26.1198,16.9144,-1.12682,0.579155
0,250,25.7877,17.2876,-1.88432,0.291097
0,250,28.3224,22.2029,-4.1402,-4.15428
0,250,25.7314,15.2802,-2.52167,0.743309
0,250,27.6614,18.0835,-1.45253,-0.860877
0,250,25.4856,13.3627,-2.03591,0.467946
0,250,22.2904,11.2634,12.2132,0.751869
0,250,26.3879,13.5308,-2.02431,0.794284
0,250,9.56681,17.5616,-0.0745281,1.99847
0,250,9.42085,18.1131,-0.203494,1.93216
0,250,9.54111,18.7216,-0.78611,2.67533
0,250,9.44972,19.2693,-0.363253,2.47098
0,250,9.17706,19.7391,-0.440702,2.58038
0,250,9.24509,20.5015,-0.605257,2.27642
0,250,8.80709,20.9633,-1.13034,2.27024
0,250,9.05499,21.291,-1.26086,2.61984
0,250,8.74421,21.7784,-0.723245,2.4693
0,250,9.05064,22.0844,-0.89164,2.28121
0,250,8.4913,22.7491,-1.40259,2.28185
0,250,8.6241,23.1688,-1.7513,2.49459
0,250,8.34357,23.5999,-1.04867,2.0768
0,250,8.377,24.0684,-1.48347,1.9442
0,250,8.16069,24.5983,-1.41983,3.17333
0,250,7.64905,25.246,-2.54292,2.78734
0,250,7.91653,25.668,-1.8458,2.6733
0,250,6.92825,25.9581,-2.00717,3.00835
0,250,7.04024,26.4212,-2.56277,3.19255
0,250,6.15178,27.6378,-2.78635,4.65946
0,250,6.54811,27.8082,-2.82363,3.21309
0,250,4.5344,29.5051,-4.75683,7.2062
0,250,4.08265,31.0325,-3.81092,14.0485
0,250,3.67886,31.4406,-2.67877,12.9357
0,250,4.38563,34.1686,3.31522,14.7076
0,250,5.09608,36.8136,7.83913,17.8788
0,250,4.7212,33.7677,2.96584,17.6231
0,250,9.66213,42.2829,18.8777,14.0622
0,250,9.26803,41.7359,15.0948,11.4804
0,250,13.2232,43.8415,21.7368,7.761
0,250,20.0396,43.7456,20.5981,-7.81552
0,250,21.956,41.903,16.3185,-12.1937
0,250,17.1698,45.9542,13.1674,-6.77166
0,250,25.7546,39.4314,9.7552,-9.98431
0,250,26.3987,38.845,2.83879,-6.06975
0,250,27.832,37.5741,2.83854,-6.45803
0,250,27.7835,36.186,1.3312,-9.85655
0,250,28.5305,35.1208,4.66968,-5.9256
0,250,28.2757,30.3408,-0.84815,-13.2417
0,250,29.3964,36.0441,3.9286,-5.2726
0,250,29.4892,29.0918,-0.93367,-14.1776
0,250,27.0994,28.5491,-5.70547,-7.33036
0,250,29.5792,35.6204,2.37422,-6.65067
0,250,24.82,22.9772,-7.17519,-4.4632
0,250,24.771,22.8288,-7.36716,-7.17678
0,250,30.6479,28.923,-0.240664,-6.35007
0,250,24.4307,21.5504,-6.46676,-5.49356
0,250,21.617,18.2861,-4.77053,-0.863586
0,250,22.4874,24.6452,-6.06741,-0.743499
0,250,21.8748,18.1645,-5.12266,-0.50237
0,250,26.7703,19.259,-2.98211,-1.62401
0,250,29.1579,20.083,0.395407,0.0442262
0,250,30.2219,26.3389,-5.64914,-5.30261
0,250,24.9574,17.598,-2.71513,0.46578
0,250,22.996,17.2429,-3.1532,0.404286
0,250,25.8838,18.168,-2.2167,-0.783335
0,250,9.79928,17.5556,0.129377,2.51867
0,250,9.86492,18.3937,-0.163154,2.13419
0,250,9.94641,19.0555,-0.397564,2.44426
0,250,9.80618,19.5956,-0.506926,2.59302
0,250,9.55583,20.0485,-0.278054,2.41153
0,250,9.82784,20.3983,-0.861588,2.3946
0,250,9.44315,20.8691,-1.17679,2.07631
0,250,9.76401,21.1629,-0.869415,2.51924
0,250,9.34964,21.6176,-1.2116,2.64223
0,250,9.61229,22.0114,-0.862457,2.42702
0,250,8.97514,22.5471,-1.83534,2.69944
0,250,9.18199,22.9575,-2.06736,2.88074
0,250,8.89728,23.5223,-1.31934,2.67103
0,250,8.8778,23.9877,-1.98061,2.44395
0,250,8.64232,24.5085,-1.11938,2.35258
0,250,8.14011,25.1131,-1.82839,2.54568
0,250,8.62655,25.0305,-1.52561,2.02503
0,250,7.48536,26.174,-1.75178,3.21457
0,250,7.99043,26.1404,-1.67176,2.29356
0,250,6.63506,27.0028,-2.58995,2.9577
0,250,6.83181,27.3492,-2.49765,3.52747
0,250,5.11211,28.8231,-3.82945,5.18842
0,250,4.98587,29.318,-5.09244,5.14302
0,250,4.22967,30.6989,-6.057,12.7841
0,250,5.72373,29.1056,-4.64918,5.86865
0,250,3.97555,31.9215,-2.15331,14.402
0,250,4.25239,31.6789,-2.33686,15.6836
0,250,6.75351,39.6443,14.2309,13.7192
0,250,4.56164,37.7038,5.30608,18.3118
0,250,5.3068,37.6539,8.19271,16.852
0,250,14.5548,44.5253,19.8457,3.60992
0,250,18.2276,44.8418,16.333,-6.80373
0,250,21.6884,44.1187,15.2522,-2.20952
0,250,22.9602,42.2392,13.116,-9.69649
0,250,22.5463,44.4286,5.67288,-4.55429
0,250,24.0401,44.0754,6.75259,-12.7703
0,250,27.5362,35.1387,3.15714,-12.7014
0,250,29.3726,33.0686,5.44548,-7.98158
0,250,28.0271,37.6945,7.17474,-7.49446
0,250,28.2689,31.9232,2.69577,-9.25088
0,250,28.1408,36.2653,6.63804,-9.81846
0,250,30.021,28.6799,-1.31508,-8.9018
0,250,27.7921,30.9218,-4.7901,-6.56685
0,250,28.7598,24.8432,-3.83986,-11.0186
0,250,27.777,25.4123,-3.34026,-9.8007
0,250,25.3045,22.1208,-8.40176,-4.91205
0,250,30.8002,27.0296,-1.02122,-4.75262
0,250,27.0726,21.5498,-1.6331,-8.09477
0,250,28.8944,23.8799,-2.93029,-5.10603
0,250,26.0168,20.7203,-6.23084,-5.23995
0,250,30.199,29.8004,-0.563537,-9.00444
0,250,27.847,22.8764,-2.73221,-6.8677
0,250,25.0839,21.2814,-6.16803,-6.82425
0,250,22.5165,24.7116,-6.49508,-1.70652
0,250,21.9305,21.6507,-9.2612,-3.79375
0,250,30.5936,30.0973,-0.75946,-5.203
0,250,10.0729,17.9204,-0.429656,2.40535
0,250,10.3237,18.3585,-0.590051,2.37122
0,250,10.3689,18.8705,-0.719942,2.79039
0,250,10.335,19.3918,-0.467061,2.33267
0,250,10.1645,19.9165,-0.768567,2.47061
0,250,10.4511,20.2562,-0.822997,2.27941
0,250,10.0932,20.735,-0.787576,1.98439
0,250,10.3262,21.1314,-1.12493,2.33769
0,250,9.91559,21.6001,-1.0283,2.7338
0,250,10.2288,21.9413,-1.11507,2.2059
0,250,9.5035,22.4958,-2.01565,2.6502
0,250,9.73464,22.9297,-2.17028,2.16054
0,250,9.38379,23.3751,-1.20382,2.10553
0,250,9.52198,23.791,-1.72324,2.39944
0,250,9.22312,24.217,-1.45378,2.44606
0,250,9.04728,24.7748,-1.34907,2.73172
0,250,9.22445,25.2107,-1.38978,2.62469
0,250,8.39879,25.5509,-1.51382,2.02955
0,250,8.88447,25.5494,-1.45426,2.41204
0,250,7.20083,26.8541,-3.05385,3.25537
0,250,7.69181,26.6061,-2.88773,2.72482
0,250,5.67168,28.736,-2.62823,4.23841
0,250,7.43801,27.1935,-2.8467,2.78571
0,250,7.15604,27.6669,-2.89338,3.18823
0,250,6.25062,28.3287,-3.38972,3.83371
0,250,4.6661,30.0318,-6.52871,9.01346
0,250,5.25071,29.5688,-6.61432,6.84399
0,250,4.46836,35.218,4.63229,16.6868
0,250,4.26019,32.9683,0.0304183,15.1662
0,250,4.40052,35.8609,5.18873,17.651
0,250,5.57955,37.2933,6.83109,15.8881
0,250,9.87473,43.0883,13.2614,10.9503
0,250,13.0288,43.8694,26.8217,4.45299
0,250,14.8591,45.4735,11.5555,0.30763
0,250,19.5946,44.7717,23.2756,-6.99435
0,250,24.948,40.9465,7.06248,-10.614
0,250,20.74,41.897,-11.0173,4.88223
0,250,28.0683,34.0463,-0.564108,-11.4796
0,250,26.7351,39.7587,8.7499,-5.39567
0,250,26.1024,37.73,6.72842,-10.9991
0,250,28.6555,34.0667,5.94641,-7.49909
0,250,28.7249,29.6855,-1.08315,-15.7238
0,250,29.8557,34.4896,1.58979,-4.46041
0,250,26.4378,22.6045,-5.18712,-8.52435
0,250,28.9982,26.7634,-3.1598,-11.4108
0,250,24.1461,22.5539,-7.76914,-6.10693
0,250,28.3708,27.3687,-3.38703,-10.8602
0,250,26.9316,24.8592,-4.48533,-7.92479
0,250,26.8888,23.1379,-4.97822,-8.34504
0,250,27.294,23.6279,-6.70051,-6.90282
0,250,25.5658,26.5274,-3.74108,-3.27536
0,250,26.6259,21.1726,-4.79733,-5.48418
0,250,26.3237,23.0762,-6.03707,-8.10737
0,250,27.284,24.9982,-4.30435,-11.0452
0,250,26.261,21.611,-6.00946,-5.94924
0,250,24.7511,23.4671,-4.35865,-4.88676
0,250,10.4784,17.4848,-0.773639,2.80775
0,250,10.7304,18.1227,-0.169215,2.13601
0,250,10.8461,18.7303,-0.500088,2.48209
0,250,10.8507,19.2202,-0.389251,2.76399
0,250,10.7063,19.7296,-0.399065,2.39329
0,250,11.0088,20.1075,-0.652443,2.40697
0,250,10.6921,20.6299,-0.951837,2.20033
0,250,10.8837,21.0297,-0.748329,2.07341
0,250,10.5391,21.511,-1.00097,2.60201
0,250,10.8542,21.881,-1.16108,2.4441
0,250,10.0065,22.3963,-2.11886,2.46621
0,250,10.2772,22.8125,-1.81997,2.61508
0,250,9.95905,23.3155,-1.79718,2.1644
0,250,10.1563,23.6994,-1.69347,2.12195
0,250,9.82917,24.1012,-1.1105,1.67898
0,250,9.5037,24.614,-1.39984,2.37948
0,250,10.004,24.534,-1.39356,1.57475
0,250,9.76157,25.0327,-0.921588,1.94798
0,250,9.62481,25.478,-1.14153,2.10333
0,250,8.49212,26.0255,-1.45724,2.33653
0,250,9.1111,25.9187,-2.03763,3.03234
0,250,8.27903,26.5337,-2.079,2.2566
0,250,7.94506,26.9692,-3.07409,2.09693
0,250,7.81788,27.4661,-3.30105,2.34184
0,250,6.84626,28.1206,-3.08491,2.96052
0,250,6.21951,28.7999,-4.43436,3.97821
0,250,6.21821,29.3136,-4.96113,4.75484
0,250,4.67485,31.0486,-4.11198,15.0918
0,250,5.72642,29.5542,-7.44482,5.40795
0,250,3.88251,34.8492,2.659,18.5145
0,250,7.28193,39.9017,10.9607,16.4164
0,250,6.53899,40.1419,11.6423,19.0661
0,250,7.39264,40.7211,11.6354,16.3204
0,250,8.34316,42.4232,13.0917,10.8983
0,250,13.8139,44.0622,21.2607,3.30503
0,250,18.2504,43.9793,23.3794,-4.4169
0,250,20.7935,44.1711,18.1115,-6.55109
0,250,23.6485,41.8434,12.0252,-8.13112
0,250,25.6346,38.6671,4.68049,-11.1069
0,250,27.2061,37.1484,8.08207,-2.96337
0,250,26.5648,36.8866,7.90214,-1.31814
0,250,28.2511,31.2473,0.77757,-12.7699
0,250,28.7718,35.7313,3.18148,-6.43517
0,250,27.4639,35.2791,2.3921,-12.4484
0,250,26.4972,37.2535,0.596931,-1.71291
0,250,30.0964,28.9979,-0.960927,-11.6383
0,250,29.6074,32.6793,2.48176,-9.91951
0,250,29.1869,29.7891,-2.96228,-11.5521
0,250,27.6777,28.4987,-4.46111,-10.785
0,250,29.5963,26.7965,-0.930133,-11.6099
0,250,28.7335,31.546,4.65729,-13.2683
0,250,29.6347,30.7805,-0.526475,-11.4333
0,250,28.4722,30.7621,-1.2664,-11.3429
0,250,29.9324,27.4921,-2.82411,-11.159
0,250,27.9786,27.458,-1.63895,-10.1847
0,250,29.2354,31.3596,1.50741,-13.5027
0,250,10.6257,17.4955,-1.12171,2.52038
0,250,11.0668,18.1386,0.0324685,2.4629
0,250,11.2843,18.6804,-0.720881,2.07072
0,250,11.4131,19.1378,-0.538835,2.67969
0,250,11.2214,19.6014,-0.547409,2.54444
0,250,11.5298,20.0327,-0.993345,2.58193
0,250,11.2329,20.5215,-0.746916,2.66901
0,250,11.4617,20.9332,-0.875275,2.36793
0,250,11.1323,21.4003,-0.928475,2.08186
0,250,11.3955,21.8099,-1.02752,2.50239
0,250,10.549,22.3135,-1.68303,2.46231
0,250,10.8315,22.7285,-1.75859,2.54261
0,250,10.5224,23.1974,-1.6487,2.1669
0,250,11.1675,23.0347,-1.25372,2.02708
0,250,10.7969,23.5182,-1.00244,2.06759
0,250,10.4536,24.0136,-0.951079,1.92548
0,250,10.5022,24.4731,-1.25307,1.29863
0,250,10.2684,24.9792,-0.823182,1.5874
0,250,10.9129,24.598,-1.36772,1.43679
0,250,10.645,25.1724,-0.597793,1.61671
0,250,10.1691,25.4958,-1.28116,1.81507
0,250,8.85514,26.3208,-2.32456,2.57633
0,250,8.58839,26.8419,-2.53777,1.90182
0,250,8.35836,27.2817,-3.14456,2.24389
0,250,7.41827,27.9929,-2.47204,2.42032
0,250,6.67782,28.5946,-4.33537,3.71777
0,250,8.61574,27.5812,-3.31884,1.79006
0,250,7.97705,27.8176,-3.62976,2.94506
0,250,7.30567,28.4287,-4.13202,2.27078
0,250,4.388,32.3686,-0.513622,15.4134
0,250,4.20387,34.6238,4.40909,17.9419
0,250,4.37454,36.373,6.72279,17.9138
0,250,8.47598,41.3483,14.7952,12.7867
0,250,8.09495,40.8921,15.3707,13.4459
0,250,11.0259,42.6171,16.7434,10.3912
0,250,16.559,44.7252,22.1311,0.777659
0,250,16.1924,44.13,21.2495,-0.686917
0,250,24.6254,39.9153,-1.43928,-5.46181
0,250,22.3375,42.1713,13.9229,-10.205
0,250,24.7217,42.4186,3.94244,-2.29712
0,250,23.3721,41.2431,7.90645,-11.622
0,250,24.5549,39.818,-4.21106,3.77888
0,250,21.5218,44.6809,12.8451,-6.12148
0,250,24.1893,41.364,8.78225,-7.00619
0,250,27.0895,40.3208,3.81043,-7.34812
0,250,25.0323,39.2364,12.2284,-7.77156
0,250,24.7116,41.7616,14.0021,-4.43639
0,250,27.651,29.2211,-2.53979,-10.7026
0,250,27.5565,33.5667,1.38354,0.286381
0,250,28.6405,32.6653,6.25871,-10.3531
0,250,28.2277,33.1442,1.73199,-12.5895
0,250,20.3438,41.9602,-5.76852,2.45088
0,250,22.2498,41.5303,-4.77865,1.069
0,250,27.9683,28.7014,-2.56955,-11.174
0,250,29.0356,32.7527,2.64764,-8.94745
0,250,26.9863,39.5362,4.64429,-2.90197
0,250,11.2413,17.4859,-0.229453,2.80943
0,250,11.5791,18.1822,-1.14924,2.10792
0,250,11.8098,18.6907,-0.460615,2.75156
0,250,12.0258,19.1062,-0.227539,2.78352
0,250,11.7619,19.5357,-0.61617,2.23053
0,250,12.0524,19.932,-0.628107,2.57366
0,250,11.7908,20.4475,-0.88586,2.63397
0,250,12.0148,20.848,-0.915885,2.54545
0,250,11.6866,21.3401,-0.878073,2.00894
0,250,11.9958,21.7077,-0.548825,2.17276
0,250,11.1099,22.2899,-1.42895,2.52104
0,250,11.7223,22.1543,-0.901343,1.7487
0,250,11.4755,22.6062,-1.43417,1.9804
0,250,11.7256,23.0355,-1.40962,2.05201
0,250,11.3288,23.4733,-0.966202,1.766
0,250,10.9478,23.9565,-0.893421,1.92414
0,250,11.6009,23.8314,-0.437644,1.46623
0,250,11.2936,24.2408,-0.638828,1.44519
0,250,11.5928,24.5689,-0.423433,1.3268
0,250,11.1203,24.9734,-0.752821,1.23042
0,250,11.6326,25.0257,-0.783502,1.82559
0,250,10.7696,25.6263,-1.4097,1.38461
0,250,9.59743,25.9243,-1.73321,1.91926
0,250,9.24432,26.5245,-2.32247,2.56541
0,250,9.72052,26.3379,-1.77733,1.82839
0,250,8.98445,27.0381,-2.09569,1.62517
0,250,9.52064,26.8891,-1.94981,2.10019
0,250,8.93671,27.8625,-2.66708,1.90536
0,250,8.37902,28.0797,-2.39211,1.09164
0,250,6.98259,28.8527,-4.26903,3.20899
0,250,8.48261,28.4548,-2.75526,1.53398
0,250,6.66573,29.2417,-4.85063,2.33005
0,250,5.90951,37.9765,7.82016,17.338
0,250,7.92254,40.5886,11.1986,18.6246
0,250,5.14753,35.9374,3.22645,17.3796
0,250,10.0176,42.5624,16.7117,14.2928
0,250,6.38822,38.8493,11.7746,15.2963
0,250,17.8715,44.3634,22.2101,2.02649
0,250,11.1159,43.3806,16.9589,5.95097
0,250,20.6216,43.689,23.3561,-6.29657
0,250,11.9146,43.0272,17.6641,4.61275
0,250,17.5806,44.2108,17.0857,0.119553
0,250,23.2373,41.8692,12.6054,-12.1296
0,250,25.1475,41.6867,12.2784,-2.58764
0,250,20.8165,43.4482,19.7431,-4.97721
0,250,24.9103,40.1892,8.09773,-10.1068
0,250,24.0527,39.6733,1.18757,-7.78764
0,250,26.2054,38.1898,6.13785,-7.84703
0,250,18.2017,45.2786,13.719,3.91694
0,250,28.0687,33.6401,-3.92085,-8.57218
0,250,22.0418,42.5892,20.683,-8.09952
0,250,28.8966,36.1431,2.69875,-1.63152
0,250,27.8353,38.2093,4.54838,-5.75304
0,250,27.3835,36.4535,5.99531,-9.53071
0,250,27.5702,35.7888,11.0543,-8.65055
0,250,25.413,38.6171,6.70152,-6.82728
0,250,11.3025,17.5291,-0.835864,2.76593
0,250,11.9006,18.129,-0.402936,2.27917
0,250,12.331,18.602,0.49911,1.8698
0,250,12.6308,19.0692,-0.769479,1.78871
0,250,12.346,19.4697,-0.832923,2.53394
0,250,12.6351,19.879,-0.538619,2.16291
0,250,12.3321,20.3216,-0.535795,2.31041
0,250,12.5775,20.6841,-0.312158,2.2962
0,250,12.2441,21.2326,-0.793916,1.76117
0,250,12.8159,21.0684,-0.551767,2.11383
0,250,12.5745,21.5746,-0.620166,1.83411
0,250,12.338,22.0471,-0.774803,2.09077
0,250,12.0234,22.5249,-0.870319,1.3653
0,250,12.5826,22.4258,-0.466664,1.7283
0,250,12.2511,22.9342,-1.02952,1.67826
0,250,11.955,23.4323,-1.35606,1.49383
0,250,12.4042,23.508,-0.798519,1.54116
0,250,12.0144,24.0251,-0.49489,1.52592
0,250,12.5043,23.9863,-0.427858,1.48228
0,250,12.0629,24.4786,-0.712195,1.30696
0,250,12.3491,24.7927,-0.685199,1.36735
0,250,11.9674,25.2401,-0.530223,1.4412
0,250,11.2335,25.4507,-0.995237,1.42675
0,250,10.1619,25.8996,-1.40578,1.94187
0,250,10.294,26.3448,-1.73696,1.30681
0,250,10.0183,26.7354,-2.01101,1.69072
0,250,10.1712,27.2118,-2.86968,2.00638
0,250,9.21382,27.3815,-3.12141,1.7852
0,250,9.47472,27.8049,-2.49771,2.1817
0,250,7.86296,28.2849,-3.7691,2.54391
0,250,8.9994,28.6737,-3.21068,1.52639
0,250,7.56118,28.8026,-3.03701,1.11889
0,250,4.87445,30.359,-7.55273,14.0061
0,250,4.95126,34.0495,2.58892,15.9597
0,250,5.2597,30.0721,-8.35617,6.57525
0,250,4.66476,31.8849,-1.35395,16.1963
0,250,6.67728,29.6797,-3.66626,1.38379
0,250,9.66856,41.8173,14.9971,12.2001
0,250,5.18132,36.9011,8.17639,15.4578
0,250,4.75073,35.4242,3.77339,15.07
0,250,5.85231,37.7967,5.61896,15.1207
0,250,8.64736,41.4979,15.7643,14.6001
0,250,4.76339,31.5531,-4.05209,15.7198
0,250,14.7392,44.1575,19.204,3.92021
0,250,11.5011,43.0632,20.5173,11.3216
0,250,19.4064,43.9545,17.7722,-4.60771
0,250,4.84479,34.4248,3.80071,17.8159
0,250,12.4145,43.7494,21.6092,6.29309
0,250,4.88836,36.1986,5.23579,18.5067
0,250,17.1514,43.9691,20.5955,-3.17154
0,250,7.97754,41.3,13.8172,9.46802
0,250,21.0646,45.1568,15.3643,-8.57271
0,250,12.1612,43.4097,18.7282,6.27282
0,250,15.4999,44.2174,22.2175,1.93343
0,250,13.2807,44.482,19.0564,5.91743
0,250,15.3197,44.835,19.7037,-3.29285
0,250,12.0676,17.4463,0.174782,2.75196
0,250,12.3781,18.1938,-0.20466,2.72857
0,250,12.842,18.6543,-0.893005,1.87481
0,250,13.1801,19.0621,-0.563488,2.53591
0,250,12.9944,19.5046,-0.650364,2.74174
0,250,13.3562,19.751,-0.676482,2.1895
0,250,12.9404,20.1915,-0.581457,2.39053
0,250,13.4941,20.234,-0.435031,2.38387
0,250,13.1407,20.6295,-0.357761,2.69301
0,250,13.4905,20.9346,-0.316724,2.46616
0,250,13.1529,21.369,-0.698405,1.85409
0,250,13.5263,21.5642,-0.602224,1.7914
0,250,12.9048,21.885,-0.686511,2.27689
0,250,13.2184,22.1396,-0.492155,1.93976
0,250,12.9485,22.636,-0.256246,1.41409
0,250,12.6963,23.0785,-0.480391,1.4396
0,250,13.206,23.1781,-0.814435,1.23921
0,250,12.9288,23.5977,-0.505059,1.51481
0,250,13.1046,24.0248,-0.490201,1.87492
0,250,12.709,24.3782,-0.777672,1.70848
0,250,12.9536,24.7553,-0.80791,1.83667
0,250,12.5222,25.1955,-0.881637,1.62406
0,250,11.542,25.7119,-0.590878,1.04446
0,250,10.7212,26.0281,-1.07883,1.87751
0,250,11.2361,26.1185,-1.07001,1.11288
0,250,10.8572,26.4948,-1.35915,1.95459
0,250,10.5442,26.8585,-2.2871,1.1949
0,250,9.75345,27.3314,-2.52809,1.68593
0,250,10.7861,27.3481,-2.37563,0.968018
0,250,9.10257,28.2789,-2.41342,1.3175
0,250,9.62605,28.2536,-1.77194,1.76919
0,250,8.46739,28.956,-3.04049,1.02032
0,250,10.6869,27.9893,-1.55891,1.04819
0,250,6.01002,29.855,-7.49821,4.99381
0,250,9.93864,28.6295,-1.77702,0.950703
0,250,7.18393,29.3243,-2.88806,0.619759
0,250,8.07629,28.7473,-2.73141,0.943857
0,250,7.66241,29.2047,-2.6523,1.51858
0,250,9.47729,28.8075,-3.4558,0.313298
0,250,5.59167,30.2844,-8.29516,5.35388
0,250,4.88177,33.0464,-0.380605,15.0503
0,250,6.95285,30.0902,-4.13198,-0.750103
0,250,6.30071,30.0602,-5.73596,1.42133
0,250,7.62006,40.3214,12.4463,17.6049
0,250,7.85476,29.6819,-2.89555,1.50151
0,250,4.94422,30.9663,-6.17633,11.9338
0,250,8.5591,29.5156,-3.75581,1.14835
0,250,8.1705,30.0834,-2.12973,-0.843471
0,250,9.86105,30.0871,-2.57486,1.25288
0,250,7.61048,30.0934,-2.39131,1.16379
0,250,9.0068,29.691,-1.39306,-1.29546
0,250,8.63468,30.0333,-1.34244,0.0732312
0,250,6.52712,38.9786,10.7816,16.7038
0,250,10.8077,42.7305,16.4103,10.7704
0,250,9.24261,30.0739,-2.57083,-0.773605
0,250,4.55429,32.6593,-2.10796,15.4091
0,250,12.1802,17.4649,-0.798973,2.83585
0,250,12.679,17.7959,-1.11349,2.74934
0,250,13.1599,18.156,-0.549585,2.62063
0,250,13.354,18.6103,-1.21465,2.05778
0,250,13.7941,18.3801,-0.608182,2.04836
0,250,13.7513,19.0171,-0.485061,2.52918
0,250,13.7364,19.4625,-0.373135,2.24155
0,250,13.93,19.9349,-0.474559,2.43273
0,250,13.8386,20.5519,-0.198143,2.3249
0,250,14.302,20.7162,-0.0102531,2.46096
0,250,13.9303,21.1235,-0.374542,2.11926
0,250,14.3191,21.3323,-0.224922,1.46765
0,250,13.9058,21.7353,-0.0364678,1.3505
0,250,14.1864,22.1911,-0.0351865,1.47372
0,250,13.6549,22.2097,0.0685081,0.997287
0,250,13.4209,22.7036,-0.0622129,1.08688
0,250,13.7553,23.141,-0.552414,1.4997
0,250,13.5043,23.5774,-0.748654,1.22518
0,250,13.6326,24.0193,-0.428002,1.66327
0,250,13.364,24.4567,-0.735475,1.85804
0,250,13.6532,24.9148,-0.412566,1.52959
0,250,13.2176,25.1059,-0.342492,1.35743
0,250,12.1287,25.6426,-0.565128,2.00166
0,250,11.7931,26.0902,-1.45473,1.32222
0,250,12.4054,25.9397,-0.407101,1.46903
0,250,11.4261,26.5388,-1.06233,1.60475
0,250,12.6214,26.335,-0.601586,1.12718
0,250,12.0595,26.433,-0.64844,1.25278
0,250,12.3726,26.7826,-0.976927,1.32116
0,250,9.96917,27.8579,-2.22274,1.0619
0,250,11.0662,26.9374,-2.11139,1.37752
0,250,10.4008,27.6348,-2.21297,1.80869
0,250,11.4699,27.2051,-1.82529,1.13911
0,250,10.2484,28.2655,-1.60393,0.930155
0,250,11.1815,27.5914,-1.08857,0.892868
0,250,11.1818,28.0256,-1.04978,0.400084
0,250,11.702,28.0255,-0.559767,0.540056
0,250,10.7447,28.4535,-1.47693,1.05783
0,250,10.9603,28.8444,-1.55952,-0.10059
0,250,10.3952,28.8415,-2.4436,1.48903
0,250,11.5472,28.8703,-1.1909,0.965116
0,250,7.2311,29.7449,-3.01975,1.28829
0,250,8.93343,29.1578,-2.78588,1.81135
0,250,8.13793,29.395,-2.68208,0.161847
0,250,10.0695,29.579,-2.48751,0.574112
0,250,9.40323,29.2646,-2.53415,0.116455
0,250,10.5989,29.638,-1.6751,-0.0905195
0,250,9.59884,29.6882,-1.19394,0.817409
0,250,11.7092,29.3567,-0.392156,0.319477
0,250,12.2074,29.5478,-0.0780969,-0.542934
0,250,11.1958,29.6419,-1.11485,0.314206
0,250,10.9415,30.0689,-1.8288,0.332601
0,250,12.886,30.0747,-0.815273,0.183699
0,250,11.8565,29.8583,-1.06874,-0.027816
0,250,12.2799,30.1134,-0.78349,-0.381766
0,250,11.4912,30.0426,-1.32686,-0.137108
0,250,13.0545,17.3445,-0.788661,3.22812
0,250,13.6923,17.4495,-0.369927,2.82883
0,250,13.513,17.922,-0.962638,2.68743
0,250,14.0622,17.9068,-0.517701,2.60619
0,250,14.9401,18.3996,0.121906,2.39509
0,250,14.1647,18.7188,-1.00112,2.00372
0,250,14.2461,19.2136,-0.314411,2.58505
0,250,14.3525,19.6606,-0.403072,2.35448
0,250,14.3208,20.2301,-0.382669,2.12687
0,250,14.7772,20.109,-0.0249797,2.20651
0,250,14.9662,20.553,0.235181,2.02086
0,250,14.7265,20.9246,0.154903,2.09133
0,250,14.8215,21.4083,-0.0945587,1.60749
0,250,14.4636,21.8295,0.00403913,1.6346
0,250,14.9695,21.8769,0.14106,1.781
0,250,14.4379,22.6211,-0.312566,1.5206
0,250,13.9202,22.6699,0.275559,0.988746
0,250,14.0847,23.525,-0.592443,1.30621
0,250,14.6583,23.39,-0.374153,1.33365
0,250,14.1713,23.9519,-0.552159,1.40353
0,250,13.8897,24.4567,-0.398887,1.6461
0,250,14.1942,24.8803,0.0256936,1.04144
0,250,14.4052,24.3846,-0.279063,1.17901
0,250,13.9013,25.3283,0.0153771,1.39284
0,250,12.81,25.4833,-0.724585,1.4069
0,250,13.3776,25.5568,-0.565314,1.13596
0,250,12.9715,25.9057,-0.44614,1.23299
0,250,14.3219,25.6655,0.382912,1.32371
0,250,13.7698,25.7817,-0.447019,0.816013
0,250,13.3039,26.1984,0.316741,0.807128
0,250,12.9796,26.6081,-0.960495,0.983281
0,250,12.6577,27.1212,-0.310492,0.518343
0,250,11.7728,26.8373,-1.33375,0.830401
0,250,13.2423,26.9183,-0.246654,0.430782
0,250,12.0962,27.245,-0.491993,1.02155
0,250,13.1005,27.3622,-0.941781,0.0733126
0,250,11.8107,27.5652,-1.30029,0.475019
0,250,12.5373,27.5782,-0.711662,0.957582
0,250,12.2099,27.9062,-1.34848,0.878252
0,250,11.338,28.4657,-1.14825,0.53476
0,250,11.8939,28.4188,-1.76851,0.960585
0,250,10.5591,29.2458,-2.04367,0.558629
0,250,12.3232,28.6079,-0.714216,0.288219
0,250,9.93606,29.1392,-2.59944,0.334872
0,250,12.567,28.1777,-0.723001,0.260457
0,250,11.1914,29.256,-0.759333,0.274734
0,250,12.8054,28.6929,-1.06448,-0.053653
0,250,12.5073,29.1462,-0.438924,0.323041
0,250,13.261,28.824,-1.12572,-0.274876
0,250,10.3978,30.0474,-2.31106,-0.631725
0,250,12.0395,28.9878,-0.553281,0.0915255
0,250,12.664,29.6915,0.0111556,-0.12112
0,250,13.2132,29.6725,-0.33435,0.388538
0,250,13.7887,29.7118,-0.799276,0.218437
0,250,14.7641,30.0331,-1.44934,-0.0464097
0,250,13.4818,30.0664,-0.968492,0.325617
0,250,12.9241,17.3513,-0.486638,2.36627
0,250,13.9438,17.443,-0.582877,2.53874
0,250,14.7483,17.9606,-0.824273,2.55141
0,250,14.3665,18.2736,-1.0668,2.41552
0,250,15.5967,18.056,-0.475947,2.26032
0,250,15.4301,18.5218,-0.169509,2.35168
0,250,14.7066,18.7939,-0.555365,2.48617
0,250,14.8312,19.1909,-0.373286,2.27427
0,250,14.8589,19.6601,-0.211019,1.99955
0,250,15.3765,19.3805,0.0130914,2.18532
0,250,15.3969,19.8366,0.183367,2.44942
0,250,15.3838,20.2602,0.0698071,2.29768
0,250,15.4776,20.7501,0.0680355,2.10585
0,250,15.2984,21.1456,0.0313494,2.23373
0,250,15.4485,21.5461,0.17883,2.17762
0,250,15.4584,22.0404,0.175088,1.89593
0,250,14.8348,22.3238,-0.336594,1.32318
0,250,14.3207,23.0862,-0.21367,1.73225
0,250,15.5355,22.8991,0.302021,1.54643
0,250,15.125,23.2085,-0.379001,1.20151
0,250,14.6674,23.8636,-0.71754,1.50699
0,250,14.9303,24.2798,0.170715,1.11626
0,250,15.5202,24.0416,0.0865766,0.555322
0,250,14.7634,24.7415,0.169584,1.18502
0,250,14.5206,25.2206,0.126901,1.05366
0,250,15.5702,24.8698,0.653593,0.697571
0,250,15.0822,25.0622,0.541315,0.824371
0,250,14.8924,25.5336,-0.0528579,0.607897
0,250,14.2696,26.0917,0.0877362,1.18978
0,250,14.8496,25.9936,0.0814646,0.812332
0,250,13.7422,26.2852,-0.147794,0.527952
0,250,14.2518,26.5349,0.00752397,1.02671
0,250,13.6987,26.7316,-0.274973,0.341773
0,250,14.802,26.4051,0.206747,0.849611
0,250,14.252,26.9649,-0.683397,0.636819
0,250,13.7836,27.205,-0.245289,0.363398
0,250,14.7623,27.2465,-0.38417,0.436589
0,250,14.2528,27.4485,0.0688464,0.612468
0,250,14.749,27.7033,-0.559921,0.291698
0,250,13.009,27.821,-0.465224,0.558841
0,250,13.5528,27.5782,-0.580821,-0.152723
0,250,13.0748,28.2487,-0.644414,0.321688
0,250,14.0792,27.8529,-0.600983,0.3621
0,250,13.6044,28.0247,-1.01273,-0.0491956
0,250,15.0928,28.506,-0.1463,0.672906
0,250,14.4225,28.1409,-0.772892,-0.0466681
0,250,13.565,28.4639,-0.316807,0.338058
0,250,13.8396,28.9369,-0.931562,0.345941
0,250,14.5973,28.5878,-0.424605,-0.0585067
0,250,14.3424,28.959,-0.858373,-0.141458
0,250,12.9636,29.2407,0.30707,0.00357973
0,250,14.1026,29.3985,-0.886909,-0.206858
0,250,13.5177,29.2661,-0.425239,0.100896
0,250,14.4494,29.7597,-1.32954,0.234763
0,250,15.0891,29.5717,-0.863046,0.398694
0,250,14.1067,30.116,-1.79833,-0.0819863
0,250,15.6929,17.4336,-0.341374,2.06727
0,250,14.5776,17.3996,-0.498542,2.53888
0,250,14.713,17.4107,-0.540509,2.3446
0,250,15.5106,17.4182,-0.60443,2.17057
0,250,15.2076,17.8415,-0.158026,2.11479
0,250,16.142,17.7341,-0.525389,1.84602
0,250,16.015,18.2868,-0.437425,2.21414
0,250,15.958,18.7507,-0.0316378,2.43393
0,250,15.3817,18.9343,-0.114488,1.85683
0,250,15.9224,19.1949,-0.0850756,2.45083
0,250,15.9582,19.6217,-0.188497,2.65141
0,250,15.9511,20.0679,-0.135581,1.97221
0,250,15.976,20.4972,-0.0640358,1.94062
0,250,15.9572,20.9625,-0.00153028,2.23608
0,250,15.9614,21.3836,0.243579,2.21218
0,250,15.9582,21.8361,0.278096,1.71316
0,250,15.9895,22.2791,0.560663,1.51555
0,250,15.3522,22.4648,-0.0521138,1.4521
0,250,14.9149,22.8086,0.0612995,1.25453
0,250,15.962,22.7117,0.486246,1.60597
0,250,16.0392,23.2079,0.229892,1.58288
0,250,15.5714,23.4458,-0.810222,0.854483
0,250,15.1552,23.7429,-0.107361,0.905907
0,250,15.9854,23.6962,0.218598,0.869131
0,250,15.9902,24.17,-0.10463,0.847478
0,250,15.3654,24.4828,0.237977,0.263951
0,250,16.0225,24.6156,0.000682232,1.09932
0,250,16.029,25.1346,0.337634,1.26362
0,250,15.5121,25.367,0.0697986,0.619011
0,250,15.9997,25.6181,-0.225837,0.59386
0,250,15.3684,25.776,0.479806,1.04178
0,250,15.9147,26.0319,0.27278,1.50182
0,250,15.406,26.2314,-0.0422814,0.971764
0,250,16.0026,26.4495,0.111353,0.995011
0,250,15.3545,26.6303,0.0520368,1.07645
0,250,14.8342,26.8388,-0.00441004,0.79779
0,250,15.9059,26.8614,0.309725,1.10503
0,250,15.4075,27.0774,0.132073,1.17692
0,250,15.2861,27.4714,-0.543935,0.973216
0,250,15.9742,27.2789,-0.334772,1.16166
0,250,15.4795,27.8413,0.145383,0.780416
0,250,15.965,27.6968,0.264547,0.926734
0,250,14.9895,28.0624,-0.167151,0.724207
0,250,16.0152,28.171,0.117956,0.74013
0,250,15.5617,28.3311,-0.028837,0.214809
0,250,16.0618,28.6783,-0.185428,1.13621
0,250,15.5624,28.8273,-0.0401001,-0.143059
0,250,14.0542,28.4674,-0.53435,0.0484244
0,250,15.9983,29.1581,-0.393082,0.565224
0,250,15.4561,29.2606,-0.255714,0.353117
0,250,14.9966,28.9724,-0.370872,0.294126
0,250,16.0527,29.6137,0.176748,0.582201
0,250,14.6913,29.3206,-0.826629,-0.239267
0,250,15.5958,29.7568,-1.14247,-0.115626
0,250,15.9631,30.1112,-0.738085,-0.318677
0,250,15.2709,30.0729,-1.63887,-0.00832172
1,250,16.5,1.5,0,0
1,250,17,1.5,0,0
1,250,31.5,1.5,0,0
1,250,32,1.5,0,0
1,250,1.5,1.5,0,0
1,250,2,1.5,0,0
1,250,16.5,2,0,0
1,250,17,2,0,0
1,250,31.5,2,0,0
1,250,32,2,0,0
1,250,1.5,2,0,0
1,250,2,2,0,0
1,250,16.5,2.5,0,0
1,250,17,2.5,0,0
1,250,31.5,2.5,0,0
1,250,32,2.5,0,0
1,250,1.5,2.5,0,0
1,250,2,2.5,0,0
1,250,16.5,3,0,0
1,250,17,3,0,0
1,250,31.5,3,0,0
1,250,32,3,0,0
1,250,1.5,3,0,0
1,250,2,3,0,0
1,250,16.5,3.5,0,0
1,250,17,3.5,0,0
1,250,31.5,3.5,0,0
1,250,32,3.5,0,0
1,250,1.5,3.5,0,0
1,250,2,3.5,0,0
1,250,16.5,4,0,0
1,250,17,4,0,0
1,250,31.5,4,0,0
1,250,32,4,0,0
1,250,1.5,4,0,0
1,250,2,4,0,0
1,250,16.5,4.5,0,0
1,250,17,4.5,0,0
1,250,31.5,4.5,0,0
1,250,32,4.5,0,0
1,250,1.5,4.5,0,0
1,250,2,4.5,0,0
1,250,16.5,5,0,0
1,250,17,5,0,0
1,250,31.5,5,0,0
1,250,32,5,0,0
1,250,1.5,5,0,0
1,250,2,5,0,0
1,250,16.5,5.5,0,0
1,250,17,5.5,0,0
1,250,31.5,5.5,0,0
1,250,32,5.5,0,0
1,250,1.5,5.5,0,0
1,250,2,5.5,0,0
1,250,16.5,6,0,0
1,250,17,6,0,0
1,250,31.5,6,0,0
1,250,32,6,0,0
1,250,1.5,6,0,0
1,250,2,6,0,0
1,250,16.5,6.5,0,0
1,250,17,6.5,0,0
1,250,31.5,6.5,0,0
1,250,32,6.5,0,0
1,250,1.5,6.5,0,0
1,250,2,6.5,0,0
1,250,16.5,7,0,0
1,250,17,7,0,0
1,250,31.5,7,0,0
1,250,32,7,0,0
1,250,1.5,7,0,0
1,250,2,7,0,0
1,250,16.5,7.5,0,0
1,250,17,7.5,0,0
1,250,31.5,7.5,0,0
1,250,32,7.5,0,0
1,250,1.5,7.5,0,0
1,250,2,7.5,0,0
1,250,16.5,8,0,0
1,250,17,8,0,0
1,250,31.5,8,0,0
1,250,32,8,0,0
1,250,1.5,8,0,0
1,250,2,8,0,0
1,250,16.5,8.5,0,0
1,250,17,8.5,0,0
1,250,31.5,8.5,0,0
1,250,32,8.5,0,0
1,250,1.5,8.5,0,0
1,250,2,8.5,0,0
1,250,16.5,9,0,0
1,250,17,9,0,0
1,250,31.5,9,0,0
1,250,32,9,0,0
1,250,1.5,9,0,0
1,250,2,9,0,0
1,250,16.5,9.5,0,0
1,250,17,9.5,0,0
1,250,31.5,9.5,0,0
1,250,32,9.5,0,0
1,250,1.5,9.5,0,0
1,250,2,9.5,0,0
1,250,16.5,10,0,0
1,250,17,10,0,0
1,250,31.5,10,0,0
1,250,32,10,0,0
1,250,1.5,10,0,0
1,250,2,10,0,0
1,250,16.5,10.5,0,0
1,250,17,10.5,0,0
1,250,31.5,10.5,0,0
1,250,32,10.5,0,0
1,250,1.5,10.5,0,0
1,250,2,10.5,0,0
1,250,16.5,11,0,0
1,250,17,11,0,0
1,250,31.5,11,0,0
1,250,32,11,0,0
1,250,1.5,11,0,0
1,250,2,11,0,0
1,250,16.5,11.5,0,0
1,250,17,11.5,0,0
1,250,31.5,11.5,0,0
1,250,32,11.5,0,0
1,250,1.5,11.5,0,0
1,250,2,11.5,0,0
1,250,16.5,12,0,0
1,250,17,12,0,0
1,250,31.5,12,0,0
1,250,32,12,0,0
1,250,1.5,12,0,0
1,250,2,12,0,0
1,250,16.5,12.5,0,0
1,250,17,12.5,0,0
1,250,31.5,12.5,0,0
1,250,32,12.5,0,0
1,250,1.5,12.5,0,0
1,250,2,12.5,0,0
1,250,16.5,13,0,0
1,250,17,13,0,0
1,250,31.5,13,0,0
1,250,32,13,0,0
1,250,1.5,13,0,0
1,250,2,13,0,0
1,250,16.5,13.5,0,0
1,250,17,13.5,0,0
1,250,31.5,13.5,0,0
1,250,32,13.5,0,0
1,250,1.5,13.5,0,0
1,250,2,13.5,0,0
1,250,16.5,14,0,0
1,250,17,14,0,0
1,250,31.5,14,0,0
1,250,32,14,0,0
1,250,1.5,14,0,0
1,250,2,14,0,0
1,250,16.5,14.5,0,0
1,250,17,14.5,0,0
1,250,31.5,14.5,0,0
1,250,32,14.5,0,0
1,250,1.5,14.5,0,0
1,250,2,14.5,0,0
1,250,16.5,15,0,0
1,250,17,15,0,0
1,250,31.5,15,0,0
1,250,32,15,0,0
1,250,1.5,15,0,0
1,250,2,15,0,0
1,250,16.5,15.5,0,0
1,250,17,15.5,0,0
1,250,31.5,15.5,0,0
1,250,32,15.5,0,0
1,250,1.5,15.5,0,0
1,250,2,15.5,0,0
1,250,16.5,16,0,0
1,250,17,16,0,0
1,250,31.5,16,0,0
1,250,32,16,0,0
1,250,1.5,16,0,0
1,250,2,16,0,0
1,250,16.5,16.5,0,0
1,250,17,16.5,0,0
1,250,31.5,16.5,0,0
1,250,32,16.5,0,0
1,250,1.5,16.5,0,0
1,250,2,16.5,0,0
1,250,16.5,17,0,0
1,250,17,17,0,0
1,250,31.5,17,0,0
1,250,32,17,0,0
1,250,1.5,17,0,0
1,250,2,17,0,0
1,250,16.5,17.5,0,0
1,250,17,17.5,0,0
1,250,31.5,17.5,0,0
1,250,32,17.5,0,0
1,250,1.5,17.5,0,0
1,250,2,17.5,0,0
1,250,16.5,18,0,0
1,250,17,18,0,0
1,250,31.5,18,0,0
1,250,32,18,0,0
1,250,1.5,18,0,0
1,250,2,18,0,0
1,250,16.5,18.5,0,0
1,250,17,18.5,0,0
1,250,31.5,18.5,0,0
1,250,32,18.5,0,0
1,250,1.5,18.5,0,0
1,250,2,18.5,0,0
1,250,16.5,19,0,0
1,250,17,19,0,0
1,250,31.5,19,0,0
1,250,32,19,0,0
1,250,1.5,19,0,0
1,250,2,19,0,0
1,250,16.5,19.5,0,0
1,250,17,19.5,0,0
1,250,31.5,19.5,0,0
1,250,32,19.5,0,0
1,250,1.5,19.5,0,0
1,250,2,19.5,0,0
1,250,16.5,20,0,0
1,250,17,20,0,0
1,250,31.5,20,0,0
1,250,32,20,0,0
1,250,1.5,20,0,0
1,250,2,20,0,0
1,250,16.5,20.5,0,0
1,250,17,20.5,0,0
1,250,31.5,20.5,0,0
1,250,32,20.5,0,0
1,250,1.5,20.5,0,0
1,250,2,20.5,0,0
1,250,16.5,21,0,0
1,250,17,21,0,0
1,250,31.5,21,0,0
1,250,32,21,0,0
1,250,1.5,21,0,0
1,250,2,21,0,0
1,250,16.5,21.5,0,0
1,250,17,21.5,0,0
1,250,31.5,21.5,0,0
1,250,32,21.5,0,0
1,250,1.5,21.5,0,0
1,250,2,21.5,0,0
1,250,16.5,22,0,0
1,250,17,22,0,0
1,250,31.5,22,0,0
1,250,32,22,0,0
1,250,1.5,22,0,0
1,250,2,22,0,0
1,250,16.5,22.5,0,0
1,250,17,22.5,0,0
1,250,31.5,22.5,0,0
1,250,32,22.5,0,0
1,250,1.5,22.5,0,0
1,250,2,22.5,0,0
1,250,16.5,23,0,0
1,250,17,23,0,0
1,250,31.5,23,0,0
1,250,32,23,0,0
1,250,1.5,23,0,0
1,250,2,23,0,0
1,250,16.5,23.5,0,0
1,250,17,23.5,0,0
1,250,31.5,23.5,0,0
1,250,32,23.5,0,0
1,250,1.5,23.5,0,0
1,250,2,23.5,0,0
1,250,16.5,24,0,0
1,250,17,24,0,0
1,250,31.5,24,0,0
1,250,32,24,0,0
1,250,1.5,24,0,0
1,250,2,24,0,0
1,250,16.5,24.5,0,0
1,250,17,24.5,0,0
1,250,31.5,24.5,0,0
1,250,32,24.5,0,0
1,250,1.5,24.5,0,0
1,250,2,24.5,0,0
1,250,16.5,25,0,0
1,250,17,25,0,0
1,250,31.5,25,0,0
1,250,32,25,0,0
1,250,1.5,25,0,0
1,250,2,25,0,0
1,250,16.5,25.5,0,0
1,250,17,25.5,0,0
1,250,31.5,25.5,0,0
1,250,32,25.5,0,0
1,250,1.5,25.5,0,0
1,250,2,25.5,0,0
1,250,16.5,26,0,0
1,250,17,26,0,0
1,250,31.5,26,0,0
1,250,32,26,0,0
1,250,1.5,26,0,0
1,250,2,26,0,0
1,250,16.5,26.5,0,0
1,250,17,26.5,0,0
1,250,31.5,26.5,0,0
1,250,32,26.5,0,0
1,250,1.5,26.5,0,0
1,250,2,26.5,0,0
1,250,16.5,27,0,0
1,250,17,27,0,0
1,250,31.5,27,0,0
1,250,32,27,0,0
1,250,1.5,27,0,0
1,250,2,27,0,0
1,250,16.5,27.5,0,0
1,250,17,27.5,0,0
1,250,31.5,27.5,0,0
1,250,32,27.5,0,0
1,250,1.5,27.5,0,0
1,250,2,27.5,0,0
1,250,16.5,28,0,0
1,250,17,28,0,0
1,250,31.5,28,0,0
1,250,32,28,0,0
1,250,1.5,28,0,0
1,250,2,28,0,0
1,250,16.5,28.5,0,0
1,250,17,28.5,0,0
1,250,31.5,28.5,0,0
1,250,32,28.5,0,0
1,250,1.5,28.5,0,0
1,250,2,28.5,0,0
1,250,16.5,29,0,0
1,250,17,29,0,0
1,250,31.5,29,0,0
1,250,32,29,0,0
1,250,1.5,29,0,0
1,250,2,29,0,0
1,250,16.5,29.5,0,0
1,250,17,29.5,0,0
1,250,31.5,29.5,0,0
1,250,32,29.5,0,0
1,250,1.5,29.5,0,0
1,250,2,29.5,0,0
1,250,16.5,30,0,0
1,250,17,30,0,0
1,250,31.5,30,0,0
1,250,32,30,0,0
1,250,1.5,30,0,0
1,250,2,30,0,0
1,250,16.5,30.5,0,0
1,250,17,30.5,0,0
1,250,31.5,30.5,0,0
1,250,32,30.5,0,0
1,250,1.5,30.5,0,0
1,250,2,30.5,0,0
1,250,16.5,31,0,0
1,250,17,31,0,0
1,250,31.5,31,0,0
1,250,32,31,0,0
1,250,1.5,31,0,0
1,250,2,31,0,0
1,250,2.5,1.5,0,0
1,250,2.5,2,0,0
1,250,3,1.5,0,0
1,250,3,2,0,0
1,250,3.5,1.5,0,0
1,250,3.5,2,0,0
1,250,4,1.5,0,0
1,250,4,2,0,0
1,250,4.5,1.5,0,0
1,250,4.5,2,0,0
1,250,5,1.5,0,0
1,250,5,2,0,0
1,250,5.5,1.5,0,0
1,250,5.5,2,0,0
1,250,6,1.5,0,0
1,250,6,2,0,0
1,250,6,30.5,0,0
1,250,6,31,0,0
1,250,6.5,1.5,0,0
1,250,6.5,2,0,0
1,250,6.5,30.5,0,0
1,250,6.5,31,0,0
1,250,7,1.5,0,0
1,250,7,2,0,0
1,250,7,30.5,0,0
1,250,7,31,0,0
1,250,7.5,1.5,0,0
1,250,7.5,2,0,0
1,250,7.5,30.5,0,0
1,250,7.5,31,0,0
1,250,8,1.5,0,0
1,250,8,2,0,0
1,250,8,30.5,0,0
1,250,8,31,0,0
1,250,8.5,1.5,0,0
1,250,8.5,2,0,0
1,250,8.5,30.5,0,0
1,250,8.5,31,0,0
1,250,9,1.5,0,0
1,250,9,2,0,0
1,250,9,30.5,0,0
1,250,9,31,0,0
1,250,9.5,1.5,0,0
1,250,9.5,2,0,0
1,250,9.5,30.5,0,0
1,250,9.5,31,0,0
1,250,10,1.5,0,0
1,250,10,2,0,0
1,250,10,30.5,0,0
1,250,10,31,0,0
1,250,10.5,1.5,0,0
1,250,10.5,2,0,0
1,250,10.5,30.5,0,0
1,250,10.5,31,0,0
1,250,11,1.5,0,0
1,250,11,2,0,0
1,250,11,30.5,0,0
1,250,11,31,0,0
1,250,11.5,1.5,0,0
1,250,11.5,2,0,0
1,250,11.5,30.5,0,0
1,250,11.5,31,0,0
1,250,12,1.5,0,0
1,250,12,2,0,0
1,250,12,30.5,0,0
1,250,12,31,0,0
1,250,12.5,1.5,0,0
1,250,12.5,2,0,0
1,250,12.5,30.5,0,0
1,250,12.5,31,0,0
1,250,13,1.5,0,0
1,250,13,2,0,0
1,250,13,30.5,0,0
1,250,13,31,0,0
1,250,13.5,1.5,0,0
1,250,13.5,2,0,0
1,250,13.5,30.5,0,0
1,250,13.5,31,0,0
1,250,14,1.5,0,0
1,250,14,2,0,0
1,250,14,30.5,0,0
1,250,14,31,0,0
1,250,14.5,1.5,0,0
1,250,14.5,2,0,0
1,250,14.5,30.5,0,0
1,250,14.5,31,0,0
1,250,15,1.5,0,0
1,250,15,2,0,0
1,250,15,30.5,0,0
1,250,15,31,0,0
1,250,15.5,1.5,0,0
1,250,15.5,2,0,0
1,250,15.5,30.5,0,0
1,250,15.5,31,0,0
1,250,16,1.5,0,0
1,250,16,2,0,0
1,250,16,30.5,0,0
1,250,16,31,0,0
1,250,17.5,1.5,0,0
1,250,17.5,2,0,0
1,250,17.5,30.5,0,0
1,250,17.5,31,0,0
1,250,18,1.5,0,0
1,250,18,2,0,0
1,250,18,30.5,0,0
1,250,18,31,0,0
1,250,18.5,1.5,0,0
1,250,18.5,2,0,0
1,250,18.5,30.5,0,0
1,250,18.5,31,0,0
1,250,19,1.5,0,0
1,250,19,2,0,0
1,250,19,30.5,0,0
1,250,19,31,0,0
1,250,19.5,1.5,0,0
1,250,19.5,2,0,0
1,250,19.5,30.5,0,0
1,250,19.5,31,0,0
1,250,20,1.5,0,0
1,250,20,2,0,0
1,250,20,30.5,0,0
1,250,20,31,0,0
1,250,20.5,1.5,0,0
1,250,20.5,2,0,0
1,250,20.5,30.5,0,0
1,250,20.5,31,0,0
1,250,21,1.5,0,0
1,250,21,2,0,0
1,250,21,30.5,0,0
1,250,21,31,0,0
1,250,21.5,1.5,0,0
1,250,21.5,2,0,0
1,250,21.5,30.5,0,0
1,250,21.5,31,0,0
1,250,22,1.5,0,0
1,250,22,2,0,0
1,250,22,30.5,0,0
1,250,22,31,0,0
1,250,22.5,1.5,0,0
1,250,22.5,2,0,0
1,250,22.5,30.5,0,0
1,250,22.5,31,0,0
1,250,23,1.5,0,0
1,250,23,2,0,0
1,250,23,30.5,0,0
1,250,23,31,0,0
1,250,23.5,1.5,0,0
1,250,23.5,2,0,0
1,250,23.5,30.5,0,0
1,250,23.5,31,0,0
1,250,24,1.5,0,0
1,250,24,2,0,0
1,250,24,30.5,0,0
1,250,24,31,0,0
1,250,24.5,1.5,0,0
1,250,24.5,2,0,0
1,250,24.5,30.5,0,0
1,250,24.5,31,0,0
1,250,25,1.5,0,0
1,250,25,2,0,0
1,250,25,30.5,0,0
1,250,25,31,0,0
1,250,25.5,1.5,0,0
1,250,25.5,2,0,0
1,250,25.5,30.5,0,0
1,250,25.5,31,0,0
1,250,26,1.5,0,0
1,250,26,2,0,0
1,250,26,30.5,0,0
1,250,26,31,0,0
1,250,26.5,1.5,0,0
1,250,26.5,2,0,0
1,250,26.5,30.5,0,0
1,250,26.5,31,0,0
1,250,27,1.5,0,0
1,250,27,2,0,0
1,250,27,30.5,0,0
1,250,27,31,0,0
1,250,27.5,1.5,0,0
1,250,27.5,2,0,0
1,250,27.5,30.5,0,0
1,250,27.5,31,0,0
1,250,28,1.5,0,0
1,250,28,2,0,0
1,250,28.5,1.5,0,0
1,250,28.5,2,0,0
1,250,29,1.5,0,0
1,250,29,2,0,0
1,250,29.5,1.5,0,0
1,250,29.5,2,0,0
1,250,30,1.5,0,0
1,250,30,2,0,0
1,250,30.5,1.5,0,0
1,250,30.5,2,0,0
1,250,31,1.5,0,0
1,250,31,2,0,0
1,250,32,31.5,0,0
1,250,31.9918,31.9999,0,0
1,250,31.9672,32.4993,0,0
1,250,31.9263,32.9976,0,0
1,250,31.869,33.4943,0,0
1,250,31.7955,33.9888,0,0
1,250,31.7059,34.4807,0,0
1,250,31.6001,34.9694,0,0
1,250,31.4784,35.4543,0,0
1,250,31.3409,35.935,0,0
1,250,31.1876,36.4109,0,0
1,250,31.0189,36.8815,0,0
1,250,30.8348,37.3464,0,0
1,250,30.6356,37.805,0,0
1,250,30.4215,38.2568,0,0
1,250,30.1926,38.7013,0,0
1,250,29.9493,39.1381,0,0
1,250,29.6918,39.5667,0,0
1,250,29.4205,39.9866,0,0
1,250,29.1354,40.3974,0,0
1,250,28.8371,40.7986,0,0
1,250,28.5258,41.1898,0,0
1,250,28.2018,41.5706,0,0
1,250,27.8656,41.9406,0,0
1,250,27.5173,42.2994,0,0
1,250,27.1575,42.6466,0,0
1,250,26.7865,42.9817,0,0
1,250,26.4048,43.3046,0,0
1,250,26.0126,43.6147,0,0
1,250,25.6105,43.9119,0,0
1,250,25.1989,44.1956,0,0
1,250,24.7781,44.4658,0,0
1,250,24.3488,44.722,0,0
1,250,23.9113,44.964,0,0
1,250,23.4661,45.1915,0,0
1,250,23.0136,45.4043,0,0
1,250,22.5545,45.6021,0,0
1,250,22.0891,45.7848,0,0
1,250,21.6179,45.9522,0,0
1,250,21.1416,46.104,0,0
1,250,20.6605,46.2401,0,0
1,250,20.1752,46.3604,0,0
1,250,19.6862,46.4647,0,0
1,250,19.1941,46.5529,0,0
1,250,18.6993,46.6249,0,0
1,250,18.2024,46.6807,0,0
1,250,17.704,46.7201,0,0
1,250,17.2046,46.7432,0,0
1,250,16.7046,46.7499,0,0
1,250,16.2048,46.7402,0,0
1,250,15.7055,46.7142,0,0
1,250,15.2073,46.6718,0,0
1,250,14.7108,46.613,0,0
1,250,14.2164,46.5381,0,0
1,250,13.7248,46.4469,0,0
1,250,13.2365,46.3397,0,0
1,250,12.7519,46.2166,0,0
1,250,12.2716,46.0776,0,0
1,250,11.7962,45.923,0,0
1,250,11.326,45.7528,0,0
1,250,10.8617,45.5674,0,0
1,250,10.4038,45.3668,0,0
1,250,9.9526,45.1513,0,0
1,250,9.50875,44.9211,0,0
1,250,9.07269,44.6765,0,0
1,250,8.64487,44.4178,0,0
1,250,8.22577,44.1452,0,0
1,250,7.81583,43.8589,0,0
1,250,7.41549,43.5594,0,0
1,250,7.02519,43.2469,0,0
1,250,6.64534,42.9218,0,0
1,250,6.27635,42.5845,0,0
1,250,5.91862,42.2352,0,0
1,250,5.57253,41.8743,0,0
1,250,5.23846,41.5023,0,0
1,250,4.91676,41.1196,0,0
1,250,4.60778,40.7265,0,0
1,250,4.31185,40.3235,0,0
1,250,4.02929,39.9111,0,0
1,250,3.7604,39.4895,0,0
1,250,3.50548,39.0594,0,0
1,250,3.26479,38.6212,0,0
1,250,3.0386,38.1753,0,0
1,250,2.82714,37.7223,0,0
1,250,2.63065,37.2625,0,0
1,250,2.44934,36.7966,0,0
1,250,2.2834,36.3249,0,0
1,250,2.13301,35.8481,0,0
1,250,1.99833,35.3666,0,0
1,250,1.87951,34.881,0,0
1,250,1.77667,34.3917,0,0
1,250,1.68992,33.8993,0,0
1,250,1.61936,33.4043,0,0
1,250,1.56507,32.9073,0,0
1,250,1.5271,32.4087,0,0
1,250,1.50549,31.9092,0,0
1,250,1.50027,31.4093,0,0
1,250,31.5,31.5,0,0
1,250,31.4918,31.9916,0,0
1,250,31.4672,32.4826,0,0
1,250,31.4263,32.9725,0,0
1,250,31.3691,33.4608,0,0
1,250,31.2956,33.947,0,0
1,250,31.206,34.4304,0,0
1,250,31.1003,34.9105,0,0
1,250,30.9787,35.3869,0,0
1,250,30.8412,35.8589,0,0
1,250,30.6881,36.3261,0,0
1,250,30.5195,36.788,0,0
1,250,30.3356,37.2439,0,0
1,250,30.1367,37.6935,0,0
1,250,29.9228,38.1362,0,0
1,250,29.6943,38.5715,0,0
1,250,29.4515,38.999,0,0
1,250,29.1945,39.4181,0,0
1,250,28.9237,39.8285,0,0
1,250,28.6394,40.2296,0,0
1,250,28.3418,40.621,0,0
1,250,28.0314,41.0022,0,0
1,250,27.7085,41.3729,0,0
1,250,27.3734,41.7326,0,0
1,250,27.0264,42.081,0,0
1,250,26.6681,42.4176,0,0
1,250,26.2987,42.7421,0,0
1,250,25.9187,43.0541,0,0
1,250,25.5286,43.3532,0,0
1,250,25.1287,43.6392,0,0
1,250,24.7195,43.9117,0,0
1,250,24.3014,44.1704,0,0
1,250,23.8749,44.415,0,0
1,250,23.4405,44.6453,0,0
1,250,22.9987,44.861,0,0
1,250,22.55,45.0618,0,0
1,250,22.0948,45.2476,0,0
1,250,21.6336,45.4181,0,0
1,250,21.1671,45.5731,0,0
1,250,20.6956,45.7125,0,0
1,250,20.2198,45.8361,0,0
1,250,19.74,45.9438,0,0
1,250,19.257,46.0354,0,0
1,250,18.7712,46.1109,0,0
1,250,18.2831,46.1701,0,0
1,250,17.7934,46.2131,0,0
1,250,17.3024,46.2397,0,0
1,250,16.8109,46.2499,0,0
1,250,16.3193,46.2437,0,0
1,250,15.8282,46.2212,0,0
1,250,15.3381,46.1823,0,0
1,250,14.8495,46.1271,0,0
1,250,14.3631,46.0556,0,0
1,250,13.8794,45.968,0,0
1,250,13.3988,45.8643,0,0
1,250,12.9219,45.7446,0,0
1,250,12.4493,45.6091,0,0
1,250,11.9815,45.4579,0,0
1,250,11.5189,45.2913,0,0
1,250,11.0622,45.1093,0,0
1,250,10.6118,44.9121,0,0
1,250,10.1683,44.7001,0,0
1,250,9.73199,44.4734,0,0
1,250,9.30352,44.2323,0,0
1,250,8.88332,43.9771,0,0
1,250,8.47187,43.708,0,0
1,250,8.06961,43.4253,0,0
1,250,7.67699,43.1294,0,0
1,250,7.29446,42.8206,0,0
1,250,6.92243,42.4992,0,0
1,250,6.56132,42.1655,0,0
1,250,6.21153,41.82,0,0
1,250,5.87344,41.4631,0,0
1,250,5.54744,41.0951,0,0
1,250,5.23389,40.7164,0,0
1,250,4.93313,40.3275,0,0
1,250,4.6455,39.9287,0,0
1,250,4.37132,39.5206,0,0
1,250,4.11089,39.1036,0,0
1,250,3.8645,38.6782,0,0
1,250,3.63243,38.2448,0,0
1,250,3.41494,37.8039,0,0
1,250,3.21225,37.3559,0,0
1,250,3.02461,36.9015,0,0
1,250,2.85222,36.4411,0,0
1,250,2.69527,35.9752,0,0
1,250,2.55393,35.5043,0,0
1,250,2.42837,35.0289,0,0
1,250,2.31871,34.5497,0,0
1,250,2.22509,34.067,0,0
1,250,2.14761,33.5815,0,0
1,250,2.08635,33.0937,0,0
1,250,2.04138,32.6041,0,0
1,250,2.01276,32.1133,0,0
1,250,2.0005,31.6218,0,0
1,250,2.00464,31.1302,0,0
1,250,27.5,31.5,0,0
1,250,27.4884,31.9998,0,0
1,250,27.4535,32.4986,0,0
1,250,27.3955,32.9951,0,0
1,250,27.3145,33.4885,0,0
1,250,27.2106,33.9775,0,0
1,250,27.0841,34.4612,0,0
1,250,26.9352,34.9385,0,0
1,250,26.7644,35.4083,0,0
1,250,26.5718,35.8697,0,0
1,250,26.358,36.3217,0,0
1,250,26.1234,36.7632,0,0
1,250,25.8686,37.1933,0,0
1,250,25.594,37.6111,0,0
1,250,25.3003,38.0157,0,0
1,250,24.9881,38.4062,0,0
1,250,24.6581,38.7818,0,0
1,250,24.311,39.1416,0,0
1,250,23.9475,39.4849,0,0
1,250,23.5685,39.8109,0,0
1,250,23.1747,40.1189,0,0
1,250,22.767,40.4083,0,0
1,250,22.3463,40.6784,0,0
1,250,21.9135,40.9287,0,0
1,250,21.4696,41.1586,0,0
1,250,21.0154,41.3676,0,0
1,250,20.552,41.5552,0,0
1,250,20.0803,41.7211,0,0
1,250,19.6015,41.8649,0,0
1,250,19.1165,41.9863,0,0
1,250,18.6264,42.085,0,0
1,250,18.1322,42.1608,0,0
1,250,17.6351,42.2135,0,0
1,250,17.136,42.2431,0,0
1,250,16.6361,42.2494,0,0
1,250,16.1364,42.2325,0,0
1,250,15.6381,42.1923,0,0
1,250,15.1421,42.1291,0,0
1,250,14.6497,42.0428,0,0
1,250,14.1617,41.9338,0,0
1,250,13.6794,41.8021,0,0
1,250,13.2037,41.6482,0,0
1,250,12.7357,41.4724,0,0
1,250,12.2764,41.2749,0,0
1,250,11.8268,41.0564,0,0
1,250,11.3878,40.8171,0,0
1,250,10.9604,40.5577,0,0
1,250,10.5455,40.2788,0,0
1,250,10.144,39.9808,0,0
1,250,9.75687,39.6645,0,0
1,250,9.38483,39.3305,0,0
1,250,9.02872,38.9796,0,0
1,250,8.6893,38.6125,0,0
1,250,8.36733,38.23,0,0
1,250,8.06348,37.833,0,0
1,250,7.77842,37.4223,0,0
1,250,7.51277,36.9987,0,0
1,250,7.2671,36.5633,0,0
1,250,7.04194,36.1169,0,0
1,250,6.83777,35.6606,0,0
1,250,6.65505,35.1952,0,0
1,250,6.49416,34.7218,0,0
1,250,6.35545,34.2415,0,0
1,250,6.23923,33.7552,0,0
1,250,6.14574,33.2641,0,0
1,250,6.07518,32.7692,0,0
1,250,6.02772,32.2715,0,0
1,250,6.00344,31.7721,0,0
1,250,6.00242,31.2721,0,0
1,250,27,31.5,0,0
1,250,26.9878,31.9998,0,0
1,250,26.9513,32.4984,0,0
1,250,26.8904,32.9947,0,0
1,250,26.8055,33.4873,0,0
1,250,26.6966,33.9753,0,0
1,250,26.5641,34.4574,0,0
1,250,26.4082,34.9324,0,0
1,250,26.2294,35.3992,0,0
1,250,26.028,35.8568,0,0
1,250,25.8045,36.3041,0,0
1,250,25.5595,36.7398,0,0
1,250,25.2935,37.1632,0,0
1,250,25.0072,37.573,0,0
1,250,24.7012,37.9684,0,0
1,250,24.3764,38.3484,0,0
1,250,24.0333,38.7122,0,0
1,250,23.673,39.0587,0,0
1,250,23.2962,39.3873,0,0
1,250,22.9038,39.6971,0,0
1,250,22.4968,39.9875,0,0
1,250,22.0761,40.2576,0,0
1,250,21.6427,40.5069,0,0
1,250,21.1977,40.7347,0,0
1,250,20.7421,40.9406,0,0
1,250,20.2771,41.124,0,0
1,250,19.8036,41.2846,0,0
1,250,19.3228,41.4218,0,0
1,250,18.836,41.5355,0,0
1,250,18.3442,41.6253,0,0
1,250,17.8485,41.691,0,0
1,250,17.3503,41.7324,0,0
1,250,16.8507,41.7495,0,0
1,250,16.3508,41.7422,0,0
1,250,15.8518,41.7106,0,0
1,250,15.355,41.6546,0,0
1,250,14.8615,41.5745,0,0
1,250,14.3725,41.4705,0,0
1,250,13.8892,41.3427,0,0
1,250,13.4126,41.1915,0,0
1,250,12.944,41.0172,0,0
1,250,12.4845,40.8203,0,0
1,250,12.0351,40.6012,0,0
1,250,11.5969,40.3605,0,0
1,250,11.171,40.0987,0,0
1,250,10.7584,39.8164,0,0
1,250,10.36,39.5144,0,0
1,250,9.97678,39.1932,0,0
1,250,9.60971,38.8538,0,0
1,250,9.25962,38.4969,0,0
1,250,8.92735,38.1233,0,0
1,250,8.6137,37.734,0,0
1,250,8.3194,37.3299,0,0
1,250,8.04515,36.9119,0,0
1,250,7.79162,36.481,0,0
1,250,7.5594,36.0382,0,0
1,250,7.34904,35.5847,0,0
1,250,7.16105,35.1214,0,0
1,250,6.99588,34.6495,0,0
1,250,6.8539,34.1702,0,0
1,250,6.73547,33.6844,0,0
1,250,6.64087,33.1935,0,0
1,250,6.57032,32.6986,0,0
1,250,6.52398,32.2008,0,0
1,250,6.50198,31.7013,0,0
1,250,6.50435,31.2014,0,0
