2451 2 0.5 2e+06 0.2 50 2 0 0.001 0 9.81 35 49
0,250,2.54069,27.4923,-0.41516,0.940493
0,250,2.92103,27.7915,-0.421242,0.208398
0,250,3.52301,26.9669,-1.23234,-0.332882
0,250,3.80281,29.643,0.094539,-2.43805
0,250,2.61397,33.3874,-0.914196,-1.78254
0,250,2.74903,34.3354,-0.993158,-1.86486
0,250,2.53442,31.9982,0.274513,-2.33105
0,250,2.99625,35.3618,-0.710545,-1.48892
0,250,6.4898,40.0431,-1.60131,-2.07834
0,250,5.91527,36.7778,-1.06655,-2.04795
0,250,12.2692,45.0526,-0.646451,-0.250524
0,250,13.9541,43.1013,-2.57703,-0.672768
0,250,14.0788,43.6055,-2.58361,-1.00285
0,250,13.7153,43.9171,-2.78665,-0.605109
0,250,16.6741,45.319,-2.87869,-0.106849
0,250,20.871,44.7587,-1.29812,0.817736
0,250,20.1406,43.5747,-2.78655,0.355207
0,250,22.0533,42.9172,-1.84735,1.16799
0,250,22.1643,42.398,-1.27241,1.20998
0,250,25.0969,42.0479,-1.04434,0.950031
0,250,12.3669,29.983,-0.496913,-1.49435
0,250,27.1502,36.7242,-0.32854,1.47679
0,250,29.2644,36.1623,-0.480433,1.79844
0,250,29.4115,34.2511,0.153798,1.16053
0,250,29.8379,27.3347,0.522766,-0.542637
0,250,28.9188,34.405,-0.0897729,1.32328
0,250,29.7594,29.118,0.57441,0.710855
0,250,30.1583,28.3275,0.665114,0.819423
0,250,30.569,32.3668,0.775116,0.538721
0,250,21.7337,25.7243,0.0605777,-0.262801
0,250,17.4235,29.4005,-1.03376,0.176087
0,250,28.5377,28.3311,-0.397512,-0.937353
0,250,28.6729,23.4878,-0.626101,-0.18944
0,250,24.8395,25.0147,-0.426127,-0.757508
0,250,24.7972,26.3335,0.329531,-0.828033
0,250,23.3753,24.9897,-0.108065,-0.424464
0,250,28.1965,29.5705,-0.534966,-0.328396
0,250,22.2114,27.4064,0.584295,-0.15641
0,250,26.787,29.9804,-0.343348,0.170079
0,250,21.7344,27.5744,0.667881,-0.06171
0,250,28.1156,27.9221,-0.0859995,-1.58769
0,250,24.9403,19.5481,-0.534248,-1.83179
0,250,27.2001,21.3244,-1.32427,-0.912763
0,250,24.6575,20.0939,-0.0586049,-1.60031
0,250,22.8713,22.1289,0.559325,-0.589579
0,250,29.3045,18.2802,0.20648,-1.89372
0,250,28.0187,29.1268,0.169623,-0.555848
0,250,31.0546,19.8,-0.646233,-0.74112
0,250,18.6055,23.7166,-0.831428,0.0686919
0,250,22.5441,21.3617,-0.116531,-0.231698
0,250,30.2281,26.0353,0.401227,-0.756257
0,250,18.0043,27.3581,0.710755,0.640388
0,250,19.747,28.5461,0.29263,-0.0156622
0,250,22.6166,22.7106,-0.406819,-0.493039
0,250,30.5325,20.4609,0.0642223,-0.466915
0,250,18.708,24.1461,0.209797,-0.335595
0,250,3.16896,26.3214,-0.592214,-0.0219226
0,250,2.45441,28.1688,-2.23406,-1.30468
0,250,2.95088,28.7033,1.07712,-1.34529
0,250,3.28487,29.4721,0.653386,-2.80633
0,250,2.74686,33.822,-0.978455,-1.83844
0,250,2.85277,34.8134,-0.616528,-1.92878
0,250,5.33698,40.0339,-1.53775,-2.07951
0,250,8.93214,41.9041,-2.84059,-0.999749
0,250,13.8381,44.475,-1.83978,-0.565902
0,250,8.05378,42.3534,-1.43425,-1.54067
0,250,9.7331,42.4893,-1.48573,-1.22499
0,250,9.04466,41.3888,-2.29823,-0.957231
0,250,13.1758,42.0998,-0.665301,-0.0424689
0,250,17.4369,44.8632,-3.33561,-0.343511
0,250,16.4064,44.869,-3.02268,-0.109209
0,250,20.4398,44.4169,-1.43645,0.669394
0,250,12.6561,41.9035,-0.593452,-0.195846
0,250,21.933,43.4571,-2.44892,1.13091
0,250,24.0928,43.239,-1.85201,0.925708
0,250,23.7511,42.9656,-1.89579,0.782218
0,250,25.7423,42.1016,-0.618117,0.494559
0,250,29.4677,35.6583,-0.631499,1.63188
0,250,29.7481,34.6312,-0.215174,1.72691
0,250,27.9833,40.3454,-0.896471,1.24388
0,250,23.0944,23.5763,-0.604118,-0.442646
0,250,22.104,24.872,-0.419822,0.0631073
0,250,30.6664,28.1196,-0.0647667,-0.135366
0,250,27.2375,23.8262,-0.130531,-1.11111
0,250,28.3738,25.501,0.252708,-1.12927
0,250,25.9588,25.1332,-0.587009,-1.34876
0,250,25.4675,27.5424,0.234399,-0.00985891
0,250,19.5929,26.0292,-0.318734,0.398574
0,250,18.0912,28.683,-0.257773,0.324242
0,250,29.5092,24.6479,-0.0567237,-0.446984
0,250,25.0051,25.86,0.0972393,-0.513085
0,250,19.0671,29.08,-0.43179,-0.016545
0,250,17.555,28.9107,0.0421229,0.21141
0,250,19.7608,29.9521,0.877576,1.3065
0,250,23.7311,28.3039,0.505802,-0.513607
0,250,23.4931,22.397,-0.447294,-0.48425
0,250,19.1182,23.6204,-0.267115,-0.327825
0,250,18.3524,23.3967,-0.54121,0.267022
0,250,21.29,23.0062,0.362897,-0.0826607
0,250,27.9289,22.7592,-0.215855,-1.08174
0,250,20.4267,27.8255,0.643348,0.108331
0,250,21.3196,28.8048,0.807099,-0.989014
0,250,21.7681,21.7548,0.33848,-0.753052
0,250,18.5609,21.3767,0.238677,-0.317237
0,250,30.13,27.085,-0.0468191,-1.21866
0,250,31.0818,24.8423,0.199999,0.564585
0,250,29.4305,21.76,-0.0686721,-1.05425
0,250,29.1739,23.1032,-0.174071,-0.303997
0,250,18.0912,22.8896,-0.165828,-0.293057
0,250,25.3593,30.0422,1.23953,0.622456
0,250,27.7595,20.1561,-0.308434,-0.559936
0,250,29.0459,21.149,-0.52128,-0.974897
0,250,2.4334,26.2766,-0.218717,0.928112
0,250,2.56658,30.5048,-1.5912,-0.796858
0,250,2.43118,28.578,1.57968,0.0887953
0,250,3.11586,29.9683,-0.840685,-1.81461
0,250,3.91832,32.2541,-0.906903,-3.38622
0,250,3.50307,36.6967,-0.718363,-1.56233
0,250,6.68927,41.0545,-2.31732,-1.88525
0,250,7.27788,40.3708,-1.49228,-2.44605
0,250,10.4472,40.7529,-2.12653,-1.64637
0,250,11.6975,41.5147,-1.28013,-0.680443
0,250,16.201,45.3223,-2.95052,-0.0406621
0,250,16.8418,45.777,-1.05168,-0.330898
0,250,19.323,45.6069,-2.15117,-0.23388
0,250,18.7925,45.6851,-1.69512,-0.0372039
0,250,13.3266,42.5669,-2.22315,-0.196595
0,250,14.9556,43.8768,-2.63927,-0.927036
0,250,21.0002,43.772,-3.06219,0.621101
0,250,24.6084,41.8763,-1.33477,1.28611
0,250,24.2427,42.6861,-1.51149,0.886172
0,250,24.9847,41.5694,-1.01507,1.10363
0,250,27.4269,40.3359,-1.19295,1.06518
0,250,25.7938,42.6181,-1.53775,0.721832
0,250,28.054,39.496,-1.56123,1.36286
0,250,29.2244,29.079,0.165259,-0.0419945
0,250,26.8103,25.847,-0.290548,-0.941781
0,250,29.0704,28.2297,-0.212749,-0.0931757
0,250,29.3825,26.125,0.0712012,-1.36602
0,250,26.7698,38.1268,-1.21998,2.0024
0,250,18.527,27.5753,0.32852,1.30212
0,250,25.6962,24.5516,-1.71644,-1.47558
0,250,30.5647,30.8899,0.283036,0.237364
0,250,30.9898,30.5701,0.130132,0.963655
0,250,19.3201,30.0552,-0.307805,-1.20364
0,250,30.9929,28.4679,-0.0508744,-0.0571566
0,250,22.7497,28.4085,0.875185,-1.12358
0,250,25.8168,26.6084,0.0893277,-0.165122
0,250,23.261,29.2329,0.837528,-0.608256
0,250,23.5866,25.6592,0.122743,-0.0702622
0,250,17.4439,26.6391,-0.0228326,0.936173
0,250,17.5025,22.1624,-0.447277,-0.591785
0,250,18.0334,23.8618,-0.63635,0.207389
0,250,20.248,24.5504,-0.126579,0.275951
0,250,21.8584,24.4014,-0.816773,-0.206826
0,250,21.7594,23.0643,-0.674163,-0.71324
0,250,25.9991,19.2717,0.355988,-1.9514
0,250,22.1964,23.0526,-0.684895,-0.53429
0,250,30.0608,20.148,-0.114628,-0.644002
0,250,20.3975,22.7226,0.420499,-0.526904
0,250,28.5298,20.0862,-0.304791,-0.682276
0,250,25.1927,20.1748,-0.0236748,-1.23429
0,250,30.2651,17.8673,1.18159,-0.573024
0,250,28.6311,21.3206,-0.925258,-0.00853081
0,250,30.1625,23.428,0.0542709,0.495213
0,250,18.7791,22.5705,0.329055,-0.473388
0,250,23.0102,23.0845,-0.558608,-0.473684
0,250,22.5173,20.5991,-0.466702,-1.0572
0,250,3.6163,26.5606,-0.285224,-0.200018
0,250,2.45527,29.3672,0.507128,-1.28053
0,250,3.30874,30.7989,-0.50553,-2.95559
0,250,3.22687,34.1808,-1.7641,-3.15087
0,250,3.64563,37.1306,-1.38876,-1.07072
0,250,4.38649,38.7142,-0.207905,-1.06159
0,250,7.32299,41.723,-1.52017,-1.04316
0,250,11.1301,43.6694,-2.08983,-0.830541
0,250,9.4924,40.6457,-2.47551,-1.40779
0,250,13.1448,44.7291,-1.8854,-1.26408
0,250,14.0952,44.9334,-1.77219,-1.84825
0,250,14.1761,44.1333,-2.62868,-1.14816
0,250,19.4947,45.1358,-1.42353,-0.216742
0,250,14.8995,42.5255,-1.20255,-0.154179
0,250,24.3214,41.5305,-1.29396,1.46081
0,250,24.9731,40.3917,-1.87028,1.48054
0,250,23.058,41.9674,-1.73994,1.01289
0,250,24.704,41.2064,-1.64133,1.49755
0,250,25.0846,40.8787,-2.00401,1.75409
0,250,25.8859,41.4098,-1.03923,1.15289
0,250,27.7735,35.189,-0.109103,1.44882
0,250,29.1034,36.7035,0.277284,1.67496
0,250,28.3744,39.0512,-1.39999,1.43776
0,250,28.9363,25.4512,-0.157435,-1.59818
0,250,27.547,23.1837,-0.446543,-1.10718
0,250,18.5856,25.493,-0.16485,0.357286
0,250,21.2221,26.8782,0.314505,0.219919
0,250,24.9215,27.6446,0.5383,0.0741915
0,250,18.512,24.5648,-0.0605963,0.668839
0,250,26.5135,27.6732,-0.318314,-0.0876453
0,250,21.0885,28.2639,0.75746,0.201273
0,250,21.7004,29.6994,1.37492,-0.667079
0,250,23.2,25.4953,-0.636912,-0.0835218
0,250,27.9364,30.7357,1.45709,-0.607564
0,250,20.7769,21.8289,0.747243,-0.526949
0,250,23.8206,25.0886,-0.0786204,-0.349356
0,250,21.6059,28.4304,0.9768,-0.425768
0,250,22.3001,29.6328,1.19417,0.20279
0,250,20.4367,21.2744,-0.00253757,-1.496
0,250,21.3446,21.9291,0.567917,0.00125689
0,250,20.2232,30.017,0.853321,-0.2136
0,250,24.9113,22.0664,0.347549,-0.687221
0,250,25.8085,21.9744,-0.802398,-1.45266
0,250,30.9504,18.9578,1.92961,-0.918828
0,250,30.5119,24.0602,0.419925,0.506191
0,250,22.2354,22.4545,0.175475,-0.190889
0,250,24.0281,20.8126,0.708574,-1.69135
0,250,25.6528,20.4169,-0.0387162,-1.0944
0,250,30.5554,27.5613,-0.315986,-0.70986
0,250,21.4402,23.5717,-0.666892,-0.122627
0,250,21.4737,24.1204,-0.344367,0.0611412
0,250,28.5489,29.0125,0.265723,0.148544
0,250,30.6554,21.6205,-0.61792,-0.732698
0,250,18.3985,29.9371,-0.0311851,0.0902618
0,250,19.2482,22.2978,0.055285,-0.625882
0,250,29.1771,19.3756,0.627017,-0.606126
0,250,2.75905,29.0586,-0.799771,-0.384913
0,250,2.98844,30.584,0.381482,-3.28754
0,250,2.56189,31.5448,0.510303,-1.94355
0,250,3.28627,34.7199,-0.896987,-3.76739
0,250,6.26241,41.271,-1.14529,-0.698491
0,250,5.98401,40.8245,-1.65283,-1.52453
0,250,11.8396,44.9197,-1.254,-0.100905
0,250,11.9253,44.3573,-1.58805,-0.553902
0,250,15.1651,45.2692,-2.20042,0.396163
0,250,16.909,44.8447,-3.19577,0.115505
0,250,19.0225,45.2114,-1.80331,-0.380428
0,250,13.4189,42.9988,-2.42492,-0.59092
0,250,23.6401,43.493,-2.1321,0.799989
0,250,24.1298,40.536,-1.69132,1.36505
0,250,24.1197,43.7362,-0.724053,0.346187
0,250,24.5393,42.9812,-1.9013,0.860907
0,250,21.7653,42.0708,-2.31498,1.42699
0,250,27.2218,39.8996,-1.88497,1.59459
0,250,24.0608,39.9939,-2.19923,1.70007
0,250,27.8925,39.0248,-1.89129,1.69167
0,250,25.4991,41.735,-1.19178,1.17045
0,250,29.0315,33.8958,0.59142,0.864311
0,250,29.794,31.2865,0.0506427,0.957947
0,250,28.4297,38.1439,0.0123154,1.47271
0,250,30.0347,35.4515,0.0927641,0.986318
0,250,24.0914,23.2571,-0.785998,-1.05334
0,250,26.2238,25.7536,-0.686718,-0.720752
0,250,23.0582,26.0277,0.232556,-0.573702
0,250,26.5587,23.9322,-1.2326,-1.48459
0,250,27.5291,27.7702,-0.632798,-1.00957
0,250,25.7025,25.5107,-0.683087,-1.32155
0,250,24.0732,28.7301,1.14884,-0.518292
0,250,21.2833,27.3315,0.412728,0.0509307
0,250,19.7901,29.0468,-0.0723007,0.913815
0,250,27.2298,19.6766,0.596205,-0.620087
0,250,26.8241,26.7458,-0.641773,-0.852548
0,250,22.9916,28.8579,1.17579,-0.94713
0,250,27.4122,18.9482,-0.805738,-0.502552
0,250,22.4273,28.8618,1.48561,-0.114032
0,250,22.8289,27.9238,1.05855,-0.767844
0,250,18.8013,29.9531,-0.515566,-0.172943
0,250,29.6395,23.6203,0.0786602,0.155866
0,250,29.9778,23.9158,-0.401666,0.675697
0,250,30.6832,19.9404,-0.862566,-1.43784
0,250,17.5303,24.2109,0.0176853,0.518074
0,250,22.9293,20.6693,-0.372467,-0.716458
0,250,20.5294,23.7581,0.0845059,-0.462341
0,250,30.4153,24.8231,0.173837,0.178435
0,250,28.8309,20.5091,-1.76922,-1.17256
0,250,31.0676,26.1837,0.951416,0.191357
0,250,28.8515,18.5484,0.414883,-0.42046
0,250,23.7188,22.7947,-0.225593,-0.443829
0,250,28.0056,19.9332,-0.529789,-0.486114
0,250,26.5851,23.1881,-1.23095,-1.10537
0,250,8.0158,38.467,-0.863084,-0.760271
0,250,30.6126,23.5631,0.0699999,0.0969921
0,250,2.45686,30.1005,-0.803188,-2.35991
0,250,6.60251,28.9993,1.55829,0.399495
0,250,3.15637,33.664,-0.894364,-3.02164
0,250,3.8376,36.2416,-1.00802,-2.54025
0,250,10.3086,44.3083,-1.46354,-0.258497
0,250,10.1936,43.3135,-2.30478,-0.934818
0,250,9.1688,43.694,-0.78279,-0.0117111
0,250,10.7978,42.0363,-1.89105,-1.59922
0,250,8.60317,39.2599,-1.91491,-0.691282
0,250,18.5484,45.2499,-1.85994,-0.475541
0,250,20.384,42.0784,-1.87201,0.544736
0,250,19.9837,44.5537,-1.5157,0.180155
0,250,16.0569,42.6719,-1.65952,-0.765804
0,250,22.6146,42.209,-1.66237,0.906609
0,250,25.814,40.1619,-2.37842,2.07196
0,250,27.0547,39.4476,-2.13935,1.77193
0,250,22.5555,41.1147,-2.34594,1.40768
0,250,26.1226,41.7958,-0.52333,0.535578
0,250,28.7906,36.3184,-0.31864,2.03229
0,250,5.62454,36.3104,-1.15861,-2.54538
0,250,29.3849,37.2436,0.320143,0.157799
0,250,28.2742,39.9394,-1.06062,1.14293
0,250,29.6754,28.2634,0.443856,-0.151053
0,250,30.2499,36.2412,-0.104836,1.55347
0,250,20.4797,25.7286,0.0426606,0.333352
0,250,29.4283,25.6479,0.239112,-0.814077
0,250,29.6763,26.6612,0.17208,-1.4818
0,250,28.0591,24.1694,-0.988478,-0.757126
0,250,27.902,25.2524,-0.0195367,-1.11702
0,250,28.2072,23.689,0.171552,-1.09883
0,250,25.291,29.0767,0.916228,0.811061
0,250,29.4855,25.1483,0.324153,-0.546533
0,250,22.6872,25.6295,-0.384532,-0.377694
0,250,18.1499,27.823,0.111845,0.524985
0,250,19.3831,27.4906,0.247738,0.902989
0,250,17.8356,21.9901,-0.530795,-0.191641
0,250,22.1336,26.7122,0.394235,-0.496129
0,250,25.4391,25.0217,-0.800943,-0.927634
0,250,19.0935,25.4083,0.0102725,0.0133092
0,250,26.0158,20.1244,0.527484,-1.10085
0,250,23.6282,24.5024,-0.823253,-0.152991
0,250,17.4449,23.6942,-0.476271,0.0787047
0,250,21.1358,29.6042,1.1918,0.111072
0,250,25.1766,20.9273,0.475141,-1.27582
0,250,29.6966,19.8583,0.628113,-1.25578
0,250,19.6743,24.4913,-0.00695715,-0.0018303
0,250,23.3411,21.8483,0.13225,-1.10598
0,250,22.3995,24.3403,-0.948794,0.160837
0,250,26.584,21.1594,-0.0318024,-0.564977
0,250,24.4988,21.1234,0.0911503,-1.55629
0,250,27.6153,21.5655,-0.434825,-1.76326
0,250,21.8815,23.5716,-0.744982,-0.429114
0,250,30.324,17.5763,-0.640839,-1.3918
0,250,19.6164,21.1508,0.560319,-0.528052
0,250,30.2878,18.5262,-0.561588,0.00303249
0,250,20.9663,23.4438,-0.0553965,-0.313072
0,250,4.04287,26.4687,-0.443738,-0.50989
0,250,3.51591,32.6398,-1.09726,-2.77777
0,250,4.82983,36.8868,-0.719381,-3.03723
0,250,4.07076,37.2211,-1.07787,-1.83841
0,250,6.5536,39.4903,-1.30619,-2.16951
0,250,12.7016,45.1927,-0.760742,0.0952094
0,250,5.33329,35.9146,-1.36248,-2.93008
0,250,12.2934,42.2204,-1.55261,-0.944099
0,250,15.9086,45.7556,-1.2041,-0.0461836
0,250,17.785,45.7926,-1.20773,-0.550649
0,250,19.1258,44.2928,-2.05541,0.337344
0,250,21.3925,44.1174,-2.22493,0.744032
0,250,14.2983,42.4041,-1.18537,-0.547823
0,250,22.5218,42.7347,-1.67762,1.43021
0,250,24.2006,41.0439,-1.82524,1.36264
0,250,26.5479,38.5283,-1.22,1.82758
0,250,24.6996,42.3722,-1.20992,0.963371
0,250,25.455,40.5321,-2.27214,1.88278
0,250,28.3001,36.4021,-0.340207,1.6589
0,250,25.384,42.9364,-1.37158,0.662085
0,250,29.704,36.3364,0.403327,0.242343
0,250,27.1066,35.8326,-0.640565,1.9768
0,250,26.9093,36.2902,-1.08131,2.67426
0,250,27.0526,24.7784,-0.713479,-1.18881
0,250,19.0925,25.8961,-0.0900941,0.507633
0,250,21.232,25.0967,-0.20867,0.100531
0,250,21.5211,29.2307,-0.0821084,-1.02366
0,250,26.2531,23.629,-0.555725,-1.70454
0,250,21.8131,25.2621,-0.820595,-0.377761
0,250,25.6888,23.2249,-0.628743,-0.649975
0,250,19.6056,21.8013,1.04962,-1.4154
0,250,17.5498,23.0367,-0.542481,-0.210414
0,250,25.3346,26.753,0.0866128,-0.421631
0,250,27.2064,29.9125,-0.275076,0.0860477
0,250,27.7962,26.8853,-0.293019,-0.791735
0,250,17.5183,25.6362,-0.304235,0.467135
0,250,27.3078,27.2422,0.174155,-1.07202
0,250,28.7744,30.3807,0.36736,-0.0992213
0,250,17.4743,28.4814,-0.116879,0.517995
0,250,17.9446,26.3043,-0.290506,0.787909
0,250,23.5554,28.7858,0.804847,-0.55965
0,250,19.8111,22.2356,0.257257,-0.911505
0,250,27.1646,20.0443,0.387153,-0.658565
0,250,26.2799,19.2067,-0.0478172,-1.04685
0,250,24.1917,22.0822,-0.321773,-1.20701
0,250,18.1117,29.5397,-0.235771,-0.148894
0,250,21.4458,22.3846,0.0356896,-0.29264
0,250,18.4468,25.0823,-0.0229238,-0.213396
0,250,29.778,18.2025,-0.0352462,-2.0292
0,250,29.3254,19.8876,-0.974512,-1.65944
0,250,30.651,26.4205,0.0502649,-0.868663
0,250,21.0874,21.4924,0.734439,-0.616988
0,250,27.6197,22.4992,-0.913276,-1.27686
0,250,27.7148,18.5536,-0.0450381,-0.561882
0,250,27.0907,21.7934,-0.776807,-0.635038
0,250,29.5234,17.6246,1.20202,-1.38407
0,250,2.79358,27.1978,1.24264,0.135854
0,250,3.85613,30.2917,0.137359,-3.73006
0,250,5.00428,39.6524,-0.996838,-1.51125
0,250,5.67842,38.1514,-2.08072,-2.32126
0,250,11.5074,44.3095,-1.63844,-0.383066
0,250,8.56596,41.5843,-2.23844,-1.06057
0,250,8.44556,42.7256,-2.00015,-1.19815
0,250,11.3824,44.7851,-0.864378,-0.206291
0,250,13.9102,42.684,-1.51076,-0.545488
0,250,18.2916,45.729,-1.25321,-0.463741
0,250,20.5341,43.9241,-2.41615,0.77248
0,250,21.8606,43.9626,-2.55785,0.834593
0,250,21.4686,43.6188,-2.77519,0.893176
0,250,24.4317,39.6806,-2.1623,1.79405
0,250,22.8312,44.4724,-0.819255,0.311159
0,250,23.4712,41.6784,-1.55604,1.29381
0,250,26.8875,40.3076,-1.61128,1.52185
0,250,27.7401,39.9272,-1.30384,1.36545
0,250,25.7315,38.1995,-1.73985,2.62382
0,250,27.5789,34.2919,-0.134849,1.77284
0,250,28.394,37.2947,-0.449294,1.61465
0,250,28.5669,39.5348,-1.06842,1.132
0,250,30.5509,35.1964,0.0338467,0.980227
0,250,30.4282,35.7234,-0.326112,1.39229
0,250,28.8783,26.9293,-0.0634267,-1.1205
0,250,26.9136,23.505,-0.733597,-0.714701
0,250,18.6134,22.1168,0.389447,-1.16003
0,250,26.5994,26.2599,-0.56054,-1.10822
0,250,26.45,25.4142,-1.13531,-1.14434
0,250,29.1383,23.5966,-0.25424,-0.0977746
0,250,28.5788,24.0233,-0.455398,-0.762541
0,250,24.8286,23.6872,-0.894049,-0.993264
0,250,22.0259,29.2756,0.932309,-0.258551
0,250,17.9698,25.3056,-0.00854935,0.438341
0,250,21.6213,26.5956,0.369911,0.409351
0,250,26.0565,29.4999,0.770112,0.5001
0,250,19.3294,24.0507,-0.00524506,-0.389896
0,250,23.7974,22.0139,-0.40926,-1.26121
0,250,19.7813,27.1887,0.127701,0.104534
0,250,28.4163,25.043,-0.456935,-1.1337
0,250,29.9045,21.6284,-0.250893,-0.346913
0,250,22.536,23.3347,-0.4432,-0.00113553
0,250,23.7305,21.39,0.997716,-1.09613
0,250,22.6742,29.2587,1.188,-0.0151756
0,250,23.9085,20.0727,-0.118209,-1.99924
0,250,22.0986,21.8894,-0.20748,-1.04643
0,250,20.7017,21.1766,1.17434,-0.178985
0,250,30.2531,21.3176,0.449388,0.323285
0,250,28.147,22.2533,-0.730351,-0.426017
0,250,29.8764,22.1083,0.285977,-0.379202
0,250,28.3475,21.8125,-0.842731,-0.675432
0,250,31.0091,20.9283,0.787904,-0.771593
0,250,29.2013,20.3546,-0.524923,-1.42509
0,250,28.4347,19.402,0.0479528,-0.876203
0,250,19.5807,23.121,-0.489034,-0.273116
0,250,28.8531,19.0832,1.00709,-2.12971
0,250,2.61021,25.4609,-0.00908767,0.165136
0,250,2.54137,31.0288,-0.00428234,-3.12412
0,250,3.30729,36.2795,-0.897436,-2.1508
0,250,5.6116,40.4945,-1.29996,-2.12416
0,250,9.75359,43.5149,-2.15676,-1.39871
0,250,6.43954,36.8189,-1.21075,-1.91275
0,250,12.6171,43.6041,-2.74069,-0.672916
0,250,10.4029,41.2661,-2.12426,-1.71346
0,250,5.87474,35.86,-0.808957,-2.09943
0,250,17.2965,45.7757,-1.06519,-0.375366
0,250,18.509,44.8139,-2.84319,-0.198106
0,250,20.8984,45.222,-2.4556,1.07306
0,250,19.932,42.6744,-1.95603,0.238741
0,250,26.0188,39.3152,-2.1095,1.71494
0,250,25.347,41.272,-1.17433,1.06853
0,250,25.6845,40.9587,-1.08407,1.27793
0,250,19.8666,42.2236,-2.1512,1.03066
0,250,28.6689,38.5984,-0.850878,1.37032
0,250,26.5537,40.6826,-1.36969,1.41081
0,250,28.9387,38.1439,-0.0239635,0.972248
0,250,27.1153,40.728,-0.686681,0.916248
0,250,30.1574,31.5846,0.564671,0.659881
0,250,29.5205,33.7553,0.103736,0.773594
0,250,29.8788,37.2231,-0.359449,1.61993
0,250,23.3637,27.8787,1.27245,-0.824251
0,250,19.8814,24.9746,0.267031,0.400669
0,250,19.96,24.1318,0.332599,-0.487839
0,250,30.6061,29.2029,0.654703,-0.0257322
0,250,25.0993,29.562,1.42723,0.451441
0,250,17.5424,24.6376,-0.307403,0.923832
0,250,29.5404,24.205,0.534055,-0.186014
0,250,28.7711,27.3902,0.0226052,-0.776557
0,250,23.4906,23.213,-0.335359,-0.539988
0,250,28.5702,29.8881,-0.0748778,-0.476717
0,250,27.0071,25.3729,-0.783413,-0.960691
0,250,17.5192,26.1122,0.225761,0.95527
0,250,27.665,28.6887,0.406259,-0.84096
0,250,21.2033,20.9493,0.574713,-0.788939
0,250,24.5621,28.6872,0.708635,-0.300455
0,250,18.6879,28.6077,0.252229,0.437289
0,250,28.5737,26.3957,-0.0828195,-1.01267
0,250,21.5605,24.7785,-0.607507,-0.536081
0,250,22.5283,21.9625,0.464554,-1.46963
0,250,28.5784,23.0411,-0.66693,-0.220021
0,250,20.0989,26.0725,0.211533,0.298159
0,250,29.021,22.6571,-0.696117,-0.0521483
0,250,27.089,28.6033,-0.0637805,-0.769954
0,250,29.6225,22.6046,-0.497642,-0.379927
0,250,23.4476,29.6461,1.83832,-0.321889
0,250,26.25,22.0409,-1.20515,-0.313544
0,250,25.4019,21.9256,-0.050995,-1.33289
0,250,29.886,20.523,-0.312835,-0.500116
0,250,28.3315,18.876,0.00159177,-1.11189
0,250,18.2969,21.8721,-0.92544,-0.585176
0,250,30.8568,17.8858,-1.30439,-1.78481
0,250,29.971,20.9555,0.549058,-1.20191
0,250,4.37488,28.8398,0.724192,-3.09699
0,250,3.05311,32.5097,-1.24245,-3.14493
0,250,3.50704,33.1829,-0.622661,-2.58865
0,250,4.82005,38.5979,-0.742119,-1.1423
0,250,6.82096,40.5005,-1.34406,-2.39981
0,250,10.9785,43.1929,-2.47745,-0.843085
0,250,10.833,41.562,-1.86196,-1.5381
0,250,7.73781,38.798,-0.86995,-1.02444
0,250,12.8803,42.873,-2.37058,-0.228191
0,250,14.9536,44.8428,-2.07236,-0.338727
0,250,15.6979,45.2839,-2.70182,-0.392214
0,250,16.3901,43.4652,-2.94101,-0.231321
0,250,17.9448,43.0902,-3.39585,0.354959
0,250,22.3079,44.2484,-2.00502,1.3588
0,250,21.3132,42.2444,-1.87127,1.3967
0,250,24.5364,43.497,-1.00981,0.419711
0,250,26.1792,39.8025,-2.40308,1.97117
0,250,26.3294,38.9456,-1.59405,1.98124
0,250,24.7732,39.3431,-2.10625,1.98106
0,250,29.5634,33.2369,0.353732,0.167068
0,250,29.7048,27.8016,0.63512,-0.258855
0,250,30.0672,36.7236,-0.415723,1.6473
0,250,20.0445,25.4989,0.141588,0.655275
0,250,21.0443,23.9735,-0.19676,-0.267253
0,250,30.1264,34.9603,0.00453625,1.04815
0,250,19.644,43.6866,-2.53064,0.392851
0,250,27.6953,23.6213,-0.795301,-0.542426
0,250,24.792,28.1822,0.607576,-0.0902848
0,250,24.5786,29.6261,1.81254,-0.0182824
0,250,25.2985,23.582,-0.993171,-1.1224
0,250,26.1049,23.0623,-0.749293,-1.0566
0,250,20.2693,27.328,-0.116544,0.0165892
0,250,18.4868,25.96,-0.50223,0.722775
0,250,22.6243,26.6268,0.735531,-0.532723
0,250,17.9591,29.1945,-0.128728,-0.112153
0,250,28.5636,27.8328,0.998262,-0.52648
0,250,29.2934,30.4664,0.24929,0.34846
0,250,26.3475,29.9942,0.327848,0.418081
0,250,23.0875,22.5983,0.194659,-0.0525052
0,250,18.6577,28.1511,-0.419527,0.983949
0,250,20.0816,23.648,-0.302731,-0.232006
0,250,22.2502,28.3914,1.4151,-0.151642
0,250,26.064,26.1902,-0.449558,-0.767146
0,250,18.9496,24.9156,-0.0827039,-0.0750562
0,250,27.1504,23.0585,-0.636453,-0.855256
0,250,26.6439,20.1134,-0.088214,-1.45244
0,250,17.8855,21.06,1.01046,-0.564837
0,250,25.8503,21.2679,0.00495451,-1.74278
0,250,29.6422,19.1442,-0.27193,-0.902766
0,250,29.3357,22.267,0.168574,-0.077841
0,250,30.7676,19.344,0.199564,-0.639499
0,250,17.9968,24.7688,-0.57621,0.523585
0,250,30.6975,25.2192,0.207873,0.21493
0,250,30.9465,24.0515,-0.200864,0.56863
0,250,30.8009,24.4774,0.224129,0.569439
0,250,19.3031,22.7724,-0.523548,-0.90919
0,250,2.47183,26.8474,1.16713,-0.696428
0,250,3.05218,28.1851,-0.672163,-0.0324789
0,250,3.1778,35.8147,-1.70533,-1.7926
0,250,4.12274,35.6902,-1.21648,-2.8758
0,250,7.86191,41.513,-2.30817,-1.51132
0,250,10.1559,42.7293,-1.54801,-1.21821
0,250,6.76033,38.0768,-1.4415,-2.02872
0,250,13.5457,44.8713,-2.02165,-0.394856
0,250,12.3584,42.6899,-1.87501,-0.404633
0,250,17.1484,45.2881,-2.32594,0.0144045
0,250,15.6442,44.3916,-2.36039,-0.439562
0,250,16.6011,44.4315,-3.50241,-0.376188
0,250,20.0587,44.0508,-2.21373,0.47661
0,250,17.3185,44.0015,-3.02749,0.533113
0,250,22.3493,44.6922,-1.00126,0.771813
0,250,23.2936,44.2362,-0.498899,0.554105
0,250,18.4547,42.9534,-3.1748,0.423242
0,250,26.0041,40.6126,-1.73882,1.54779
0,250,26.9913,41.5344,-1.00366,1.58015
0,250,30.0803,32.5502,0.876721,0.150274
0,250,27.787,36.4828,-0.487821,1.79219
0,250,29.4044,38.2068,-0.653967,1.35247
0,250,28.2695,33.0651,0.310905,0.702412
0,250,23.3632,24.0295,-0.24158,-0.385872
0,250,29.6029,32.2774,0.285939,0.854612
0,250,31.096,29.0033,0.657427,0.552176
0,250,29.6534,37.7178,-0.646304,1.39768
0,250,30.9907,32.7023,-0.0720726,1.29844
0,250,18.9216,27.2578,0.484008,0.896904
0,250,23.9046,27.837,0.941758,-0.675177
0,250,22.6098,26.1931,-0.223984,-0.0371074
0,250,28.2952,30.4439,0.654992,-1.0039
0,250,20.2179,21.7928,0.751667,-0.185754
0,250,26.5262,29.4779,0.19395,0.488975
0,250,24.8974,20.6449,0.404113,-1.14911
0,250,26.7267,28.1647,0.0905943,-0.108178
0,250,17.4814,29.9051,0.224183,0.350251
0,250,19.2939,26.4671,-0.708829,0.727633
0,250,18.9873,21.4384,-0.714021,-0.358537
0,250,27.4734,18.5768,0.426626,-0.450159
0,250,25.7924,23.7365,-0.937007,-1.25449
0,250,20.5885,23.2091,0.304234,-0.0101737
0,250,27.8337,21.0418,-0.519368,0.16491
0,250,24.1734,20.0429,-0.0275661,-1.77525
0,250,20.8314,28.7126,-0.00811139,0.641641
0,250,29.9626,24.9123,0.772374,-0.732065
0,250,30.0676,19.343,-0.324648,-1.68565
0,250,27.7567,21.9821,-0.661838,-0.0670481
0,250,21.6691,21.247,0.39234,-0.870065
0,250,26.6607,22.185,-1.41944,-1.27524
0,250,26.9895,22.6407,-0.54199,-0.728735
0,250,31.0305,22.072,-0.196227,-0.797708
0,250,31.032,25.5353,0.0418923,0.392202
0,250,30.6412,23.0591,-0.17479,0.634642
0,250,29.3775,17.6411,0.780292,-0.635418
0,250,30.7724,22.4554,-0.282407,0.561111
0,250,3.72552,25.1422,0.958806,0.651211
0,250,3.25266,27.2592,0.17379,-0.467304
0,250,3.46298,30.1248,-0.284231,-2.11055
0,250,3.62945,35.7953,-0.591476,-2.4545
0,250,5.73773,39.8798,-1.13657,-1.52244
0,250,10.1678,43.863,-0.768972,-0.739079
0,250,6.92536,39.946,-1.78248,-2.41975
0,250,7.25215,38.8762,-2.27499,-2.80013
0,250,13.8914,45.2754,-1.18646,-1.03166
0,250,9.61377,40.17,-2.30659,-1.54899
0,250,14.3906,44.5898,-1.34992,-1.74493
0,250,14.5809,45.0911,-2.2822,-0.900515
0,250,20.4235,44.9065,-1.26929,0.546788
0,250,19.5941,44.1778,-2.23045,0.382873
0,250,18.749,43.8643,-2.63918,0.437898
0,250,7.61773,37.9138,-0.581899,-1.27674
0,250,19.1933,43.7787,-2.61511,0.245891
0,250,8.68462,40.0593,-2.16699,-0.691364
0,250,28.6121,36.8179,-0.271659,1.67616
0,250,25.6328,39.0626,-1.66853,1.28135
0,250,29.1866,31.7423,0.622619,0.62737
0,250,27.6734,40.7427,-0.740731,1.36147
0,250,28.6599,33.5201,0.638433,1.28308
0,250,30.2005,29.4607,1.05004,0.911996
0,250,29.9391,30.487,0.426821,1.23236
0,250,26.848,37.18,-1.03308,1.97582
0,250,19.8044,26.5151,-0.901828,0.879267
0,250,22.8819,24.1366,-0.540958,-0.203144
0,250,31.0466,30.0586,0.212587,1.18334
0,250,31.048,32.1695,0.466805,1.50747
0,250,30.937,33.2178,0.184238,1.11744
0,250,30.0577,24.4351,0.308494,0.0831919
0,250,25.0701,28.602,0.5726,0.0652649
0,250,25.1869,24.6081,-0.629494,-0.92024
0,250,20.2499,28.7381,0.107435,0.109026
0,250,24.0858,24.5785,-0.53818,-0.483987
0,250,18.5728,22.9633,-0.225621,-0.451763
0,250,24.2927,30.0524,2.07869,-0.702811
0,250,28.0477,26.4818,-0.659776,-0.503125
0,250,19.1522,21.8623,-0.0109411,-0.920686
0,250,20.6006,29.6429,0.545438,-0.903567
0,250,26.163,24.7391,-1.55389,-0.758423
0,250,24.1481,22.6853,-0.578993,-1.22626
0,250,27.0465,29.4407,0.453397,-0.347411
0,250,18.319,21.143,0.582534,0.881618
0,250,28.0719,21.438,-0.894152,-1.1317
0,250,22.0862,23.9548,-1.02141,-0.0116834
0,250,30.2706,25.4654,-0.0658196,-0.42589
0,250,23.5895,20.3516,-0.0337085,-1.43983
0,250,21.8092,22.5186,-0.30996,-0.383522
0,250,28.7645,22.1375,-0.671331,-1.06134
0,250,28.4946,20.8774,-0.593532,-1.09816
0,250,30.539,20.8646,0.200767,-0.173599
0,250,19.9496,21.3897,0.762835,-1.02468
0,250,31.012,21.4473,0.253412,-0.614063
0,250,30.6569,25.824,0.37298,-0.386929
0,250,3.93145,28.4134,1.47281,-2.34606
0,250,3.78069,28.8413,1.02486,-2.11994
0,250,3.43631,32.1382,-0.336383,-2.76026
0,250,4.03718,36.6863,-1.13788,-1.78604
0,250,4.68263,39.1892,-1.06551,-1.47489
0,250,6.6789,41.701,-0.143593,-0.889092
0,250,7.48725,39.3028,-1.48373,-2.58684
0,250,12.9475,44.1847,-2.46226,-0.565103
0,250,14.7088,44.3255,-1.76903,-1.15574
0,250,9.25523,39.8628,-2.26191,-1.59256
0,250,14.9828,45.727,-1.89246,-0.139311
0,250,18.0665,45.2971,-1.77251,-0.267377
0,250,20.9168,44.2684,-1.49653,0.669772
0,250,19.4766,42.7826,-2.3384,0.714749
0,250,17.1692,42.7028,-1.91946,-0.360077
0,250,22.3271,43.7709,-2.48941,1.56858
0,250,26.5352,39.4151,-2.34134,2.25333
0,250,16.4065,43.924,-2.79239,-0.371639
0,250,24.9631,43.2311,-1.18945,0.572388
0,250,26.7008,39.8657,-2.47335,1.89693
0,250,28.5462,34.0313,0.375193,0.652215
0,250,30.1022,32.0735,0.758635,0.739817
0,250,29.2716,31.2611,0.647131,0.622401
0,250,27.6083,35.7138,-0.288922,1.06504
0,250,28.8528,39.1096,-0.846501,1.00596
0,250,27.4475,34.8344,-0.190289,1.67578
0,250,30.6526,34.712,-0.314039,0.312245
0,250,27.2693,35.346,-0.721763,1.90707
0,250,30.5643,31.366,0.193252,0.677285
0,250,21.9052,28.8063,1.42039,-0.259491
0,250,28.3392,31.4824,0.269178,0.115339
0,250,19.4205,24.994,-0.00273102,-0.381313
0,250,26.3161,27.1703,-0.139353,0.234349
0,250,27.1824,20.4955,0.285507,-0.686018
0,250,27.3517,25.7843,-0.555827,-1.33523
0,250,23.1222,30.0549,1.53306,-0.74592
0,250,27.8395,25.7454,0.157445,-1.07878
0,250,18.1803,22.4,0.221183,-0.538695
0,250,25.6003,25.9445,0.0291849,-0.73498
0,250,27.0243,27.726,-1.07401,-1.02282
0,250,23.0787,21.5557,0.172635,-1.65561
0,250,24.9367,21.3517,-0.596146,-0.686306
0,250,26.9484,19.1299,-0.0265895,-0.0436128
0,250,25.2693,28.0619,0.275166,0.617279
0,250,21.015,26.4239,-0.242307,0.595264
0,250,21.5033,20.9212,0.281101,-0.956124
0,250,20.1091,23.1289,-0.37101,-0.550773
0,250,27.7063,20.6545,-0.982758,-0.569554
0,250,27.8071,33.2292,0.599488,1.50163
0,250,26.0094,22.5656,-1.04714,-1.10926
0,250,28.7679,19.8371,-1.08855,-1.13273
0,250,30.8604,18.3936,0.376679,0.363186
0,250,29.4375,20.7662,-0.433584,-0.230092
0,250,30.246,19.6661,-0.763771,-1.6037
0,250,31.0686,22.8406,0.661909,-0.565274
0,250,26.4705,22.6693,-0.864153,-1.58279
0,250,2.75151,25.3897,-0.491434,0.353939
0,250,3.98887,27.1199,0.402865,-1.14634
0,250,2.64883,32.925,-0.927825,-1.82812
0,250,3.78818,31.7374,-0.344934,-2.57775
0,250,4.13937,38.2004,0.777763,-0.93212
0,250,6.99258,41.4203,-1.30816,-2.33013
0,250,7.64825,42.0244,-2.12871,-1.52652
0,250,7.7439,40.2365,-1.90426,-1.90641
0,250,12.5319,44.0465,-2.02252,-0.16379
0,250,14.1795,45.6348,-1.48048,-0.980607
0,250,7.36263,39.8369,-1.60409,-2.47606
0,250,14.4252,43.238,-2.4849,-1.01022
0,250,16.372,45.8034,-1.07396,-0.267186
0,250,19.8595,45.5016,-2.51924,0.376038
0,250,14.5431,42.8112,-1.33365,-0.253907
0,250,16.1995,43.0632,-2.27572,-0.568353
0,250,8.61011,40.5672,-1.85379,-0.362486
0,250,22.3867,43.2611,-2.38911,1.54227
0,250,23.7258,40.8463,-2.18537,1.52857
0,250,21.7464,41.5522,-2.34049,1.32877
0,250,22.982,41.4471,-2.11076,1.40598
0,250,25.6715,39.6596,-2.01246,1.73457
0,250,28.6767,37.6936,0.00146713,1.38596
0,250,28.1316,35.5037,0.230266,1.13509
0,250,30.3598,33.9153,-0.389063,0.768224
0,250,28.7349,31.8471,0.49511,0.545759
0,250,29.5336,30.8488,0.173999,0.202063
0,250,30.5633,28.6913,0.740521,0.489673
0,250,28.799,25.8937,0.0372687,-1.16101
0,250,30.8745,33.7506,-0.386507,0.603296
0,250,20.767,24.7616,0.287415,0.472502
0,250,18.3268,26.5324,-0.186961,1.12521
0,250,24.5995,27.2363,0.273297,-0.29007
0,250,22.3577,27.8733,0.626994,-0.0900111
0,250,23.9287,26.0697,-0.11349,-0.510912
0,250,22.8675,27.4734,0.755721,-0.4066
0,250,24.5806,21.7416,-0.332347,-0.832538
0,250,17.7645,23.3957,0.0100339,-0.860693
0,250,26.1581,21.4801,-0.19843,-0.841327
0,250,22.8506,25.1338,-0.151605,-0.145649
0,250,24.4326,25.9327,-0.0484468,-0.813544
0,250,19.3106,21.1679,0.227714,-0.877743
0,250,22.2777,20.7414,0.243005,-1.35134
0,250,28.0583,19.2617,1.0549,-1.22479
0,250,20.3786,22.2194,-0.0789289,-0.194411
0,250,27.2127,22.266,-0.711229,-0.908904
0,250,23.6992,23.6409,-0.595701,-0.276494
0,250,30.2657,22.4872,-0.0174746,-0.397972
0,250,28.2456,18.3811,0.614761,0.0159428
0,250,31.1135,23.4506,0.567258,0.521196
0,250,30.6431,27.0483,-0.100873,-0.388386
0,250,25.3265,22.9418,-0.894795,-0.82834
0,250,28.5162,22.5823,-0.382911,-1.08979
0,250,25.0933,22.4934,-0.555554,-1.32325
0,250,30.3917,22.0158,-0.412978,0.473261
0,250,30.4751,18.9884,0.569268,-0.602928
0,250,2.76539,26.3424,-0.350173,0.256743
0,250,3.32699,29.1032,0.642956,-1.72089
0,250,5.67008,28.398,1.29691,-2.15941
0,250,3.2751,31.5358,-0.238527,-2.81922
0,250,3.08993,33.0901,-0.688616,-3.09129
0,250,4.54797,37.2471,-0.546725,-2.97135
0,250,6.38985,40.6364,-1.55878,-1.54558
0,250,6.13479,39.6233,-1.45247,-1.26632
0,250,9.30713,43.2762,-1.76788,-1.58485
0,250,9.9154,41.411,-2.16442,-1.45775
0,250,9.43102,41.656,-2.6077,-1.3966
0,250,10.8637,41.0339,-1.66934,-1.01228
0,250,8.90562,39.6002,-1.45527,-1.46117
0,250,15.4589,45.7131,-1.23323,-0.244684
0,250,18.2676,43.9316,-2.85352,0.163412
0,250,22.7727,44.0224,-1.72327,1.03919
0,250,15.6281,43.0271,-1.89702,-0.513074
0,250,16.6319,42.68,-2.1017,-0.242182
0,250,21.3852,45.0519,-2.06616,0.921161
0,250,23.6918,40.3042,-1.85134,1.8496
0,250,23.8316,41.3576,-1.42335,1.36146
0,250,16.1199,44.3718,-2.72692,-0.727003
0,250,21.2318,42.764,-1.68073,1.18924
0,250,29.5519,36.7837,0.48114,0.225779
0,250,27.3388,41.1402,-0.958603,1.43226
0,250,29.1757,37.6954,0.262663,0.437
0,250,28.7082,32.981,0.059768,0.736191
0,250,30.1695,30.0782,0.162199,0.835255
0,250,20.4629,26.3277,0.0119182,0.722108
0,250,30.2278,27.8315,-0.0117566,0.371327
0,250,28.9657,24.554,-0.354133,-0.664863
0,250,27.596,24.176,-0.433486,-0.993934
0,250,31.0922,27.8668,0.0990807,0.352972
0,250,23.8057,29.2106,1.092,-0.797339
0,250,23.4492,27.454,1.23201,-0.522841
0,250,28.7405,29.4023,0.0546452,0.188026
0,250,26.2982,26.687,-0.154821,-0.288374
0,250,19.8928,27.7113,0.185308,0.143948
0,250,26.5847,20.6697,-0.301363,-0.899895
0,250,25.7328,20.8538,0.520461,-2.03234
0,250,21.3374,30.0533,1.6579,-0.0568234
0,250,28.045,30.0615,-0.272931,0.203279
0,250,29.031,26.3596,-0.125821,-1.28851
0,250,20.6392,26.801,0.382552,0.780327
0,250,24.0716,27.4155,0.494317,-0.540688
0,250,24.736,19.6213,0.605764,-1.12531
0,250,24.1642,21.5005,0.215414,-1.22319
0,250,22.9531,21.1394,0.604159,-1.81415
0,250,18.0413,25.8023,-0.161959,0.292524
0,250,30.2287,26.6377,0.120741,-1.0165
0,250,27.2738,28.2041,0.039397,-0.970311
0,250,28.9216,21.7215,-0.211678,-0.742146
0,250,29.3428,18.9132,0.428597,-0.83847
0,250,26.662,21.5994,-0.549149,-0.675986
0,250,31.0369,20.4034,-1.59316,0.146222
0,250,29.4947,21.2734,-0.341119,-0.746215
0,250,5.86428,25.1612,1.17545,-0.131145
0,250,3.23231,25.8999,-0.835131,-0.590115
0,250,3.43703,28.4627,0.708627,-1.4309
0,250,4.73277,28.5986,0.869154,-2.44669
0,250,3.65814,34.2229,-1.36257,-3.01212
0,250,5.09896,39.029,-1.07365,-1.80877
0,250,4.99387,34.1179,-0.972907,-3.00584
0,250,8.87608,43.0405,-1.5571,-0.920562
0,250,8.17523,41.8252,-2.24569,-1.477
0,250,5.09328,34.6557,-0.877138,-2.5588
0,250,12.1509,41.7189,-0.945687,-0.565591
0,250,10.3314,41.7353,-2.31437,-1.92927
0,250,11.7756,42.0391,-1.79923,-1.0636
0,250,18.1723,44.4144,-2.493,-0.0814111
0,250,5.03961,35.5987,-1.05,-2.94042
0,250,16.9094,43.5045,-2.89707,-0.255374
0,250,16.79,43.0841,-2.63589,-0.145008
0,250,6.479,35.9677,-1.06285,-2.27615
0,250,17.1441,44.4457,-3.59214,0.149921
0,250,22.9363,40.8773,-2.13406,1.58766
0,250,26.346,40.2522,-1.9856,1.66913
0,250,26.0543,37.7159,-1.44266,2.48495
0,250,27.6378,38.5823,-0.872957,1.398
0,250,10.8495,44.591,-1.07672,-0.641213
0,250,27.5843,37.7569,-0.690522,2.04358
0,250,28.7895,31.2836,0.857994,0.0842092
0,250,29.1182,33.3676,0.363399,0.544691
0,250,29.8745,35.9037,0.263057,0.685763
0,250,29.282,34.7781,0.134299,1.61122
0,250,28.2843,35.02,0.139578,0.862566
0,250,24.8781,23.1891,-0.948731,-0.849062
0,250,23.2314,28.3716,0.856773,-0.577081
0,250,25.1508,27.1843,0.211123,-0.51594
0,250,24.046,25.5502,0.0999894,-0.507034
0,250,23.0892,27.0446,0.652309,0.250547
0,250,24.2121,26.9205,1.0798,-0.336176
0,250,26.0778,24.2003,-1.17465,-1.12142
0,250,29.2541,29.5459,0.335475,0.528333
0,250,24.9662,24.1466,-0.507211,-1.42645
0,250,18.9952,27.7975,-0.183678,1.15573
0,250,20.8033,30.0848,1.43413,-0.00150836
0,250,29.1473,27.8083,0.426075,-0.563134
0,250,27.6725,19.4858,0.690108,-0.628862
0,250,22.8674,29.6887,0.627182,-0.125638
0,250,27.904,31.3353,-0.108576,-0.799543
0,250,28.2618,25.9903,-0.195411,-0.731696
0,250,29.9446,18.5978,0.4567,-1.23703
0,250,26.3774,19.8959,-0.0884902,-0.852858
0,250,24.5597,22.434,-0.312442,-0.811548
0,250,22.209,21.1882,0.222697,-0.743475
0,250,17.6493,22.5861,-0.665184,-0.246873
0,250,24.5812,22.9449,-1.10099,-0.450882
0,250,31.0092,27.3314,0.251639,-0.680408
0,250,26.2228,20.6845,-0.119305,-1.22058
0,250,31.0419,26.7398,-0.165451,-0.709473
0,250,30.1349,22.9216,0.0164052,-0.327616
0,250,3.79078,25.1187,-0.379791,-0.222992
0,250,4.08319,25.8925,0.496364,-0.910035
0,250,4.31822,26.751,0.0373963,-1.01866
0,250,3.96735,29.2632,0.644984,-3.14929
0,250,2.99053,31.9596,0.355242,-2.18851
0,250,4.56137,38.1371,-0.521537,-2.72661
0,250,6.45456,37.6913,-1.00365,-1.40314
0,250,6.24699,39.0219,-1.72106,-1.53162
0,250,5.23461,32.7309,-0.686184,-3.23929
0,250,7.98553,39.2696,-1.36668,-1.74391
0,250,6.74879,37.3199,-1.49212,-1.74945
0,250,13.5613,43.4485,-2.41212,-0.567513
0,250,6.12641,36.3227,-1.67431,-2.11266
0,250,10.6138,42.4315,-2.07049,-1.70409
0,250,14.6043,45.4917,-1.67884,-0.714069
0,250,19.5158,44.6609,-1.81676,0.209473
0,250,20.3863,45.3711,-2.5579,0.718192
0,250,14.53,43.7821,-2.86658,-0.905236
0,250,15.9434,44.8464,-2.69869,-0.367704
0,250,23.4804,42.1786,-1.75328,1.31989
0,250,23.9319,41.862,-1.66565,1.25357
0,250,9.08012,40.3478,-2.24912,-1.38354
0,250,27.0279,37.7294,-0.928919,2.23595
0,250,26.5346,37.6617,-1.14349,1.83396
0,250,28.728,32.4456,0.421202,0.772922
0,250,27.5591,36.922,-0.814545,1.93214
0,250,24.9622,42.7034,-1.49695,0.871603
0,250,28.9011,30.8245,0.764058,-0.181779
0,250,27.7235,33.7578,-0.3058,1.90524
0,250,27.4338,25.1963,-0.0697793,-1.47131
0,250,28.9605,35.7985,-0.297757,1.75614
0,250,29.8526,26.1994,0.179574,-0.98634
0,250,20.8789,27.7281,1.15477,0.900425
0,250,25.9929,27.5435,-0.14758,-0.370477
0,250,19.5518,28.0229,0.434407,0.290348
0,250,26.5377,28.5951,-0.173751,0.336982
0,250,27.3998,29.0514,0.295764,-0.921494
0,250,18.0967,24.2494,-0.373977,-0.177111
0,250,25.8774,30.0381,0.958846,0.51802
0,250,26.2123,28.0681,-0.0128908,-0.32512
0,250,27.1638,20.9098,-0.465659,-0.256136
0,250,21.3378,27.8866,0.668422,0.251654
0,250,19.3089,28.7415,0.517262,-0.0614016
0,250,26.0121,28.5369,0.0588718,0.317146
0,250,24.7662,26.7847,0.475652,-0.48582
0,250,24.3095,25.0483,0.313451,-0.572197
0,250,26.8169,29.0421,0.0127676,-0.72064
0,250,28.3511,30.9735,0.487948,1.13109
0,250,25.7307,28.0098,0.243009,0.361704
0,250,28.9666,18.023,0.31007,-0.747254
0,250,25.5687,22.5202,-0.51589,-0.512396
0,250,25.3521,21.4673,0.050565,-1.52891
0,250,19.6387,23.6371,-0.198016,-0.251423
0,250,28.2188,20.6162,-0.321969,-0.931211
0,250,28.4464,18.1678,-0.549972,-0.636896
0,250,20.8863,22.3203,0.489577,-0.27934
0,250,4.5437,25.0113,-0.577214,0.194563
0,250,3.22491,25.6321,-1.01612,-0.204419
0,250,5.16929,26.4312,0.699428,-1.08722
0,250,6.17792,28.2213,0.0201199,-2.13886
0,250,3.73858,30.8088,0.377295,-3.68747
0,250,3.82641,37.714,-0.186824,-0.434064
0,250,5.96444,38.592,-1.13599,-1.686
0,250,5.8229,39.2306,-1.24403,-1.73266
0,250,4.55044,34.0952,-1.44311,-3.6574
0,250,7.01506,39.3969,-1.30983,-2.48042
0,250,7.67602,40.7523,-1.97534,-1.51994
0,250,11.283,41.8373,-1.88323,-0.967623
0,250,9.9638,40.9276,-2.05528,-1.82846
0,250,9.79742,41.9366,-2.50186,-0.974482
0,250,7.62622,42.5214,-0.671873,-1.23419
0,250,7.17307,40.8815,-2.41962,-1.63822
0,250,17.6166,45.3212,-1.97758,-0.515808
0,250,20.2665,43.0779,-2.53949,0.239256
0,250,19.3107,43.2622,-2.92279,0.554013
0,250,22.1908,41.8688,-2.54534,1.17752
0,250,23.716,43.9774,-0.505216,0.286461
0,250,26.8548,38.9965,-1.94498,2.25834
0,250,27.3783,39.0078,-1.64252,1.50335
0,250,25.2574,39.4623,-1.66693,1.59476
0,250,23.3062,40.5976,-2.03412,1.86451
0,250,27.8748,38.1593,-0.278698,1.60551
0,250,28.6501,35.3957,-0.238757,1.46932
0,250,27.9731,36.0053,-0.25007,1.24929
0,250,29.9972,33.5382,-0.444268,0.681722
0,250,28.0638,34.1185,0.241602,1.31121
0,250,30.2318,34.4507,0.00399658,0.881464
0,250,25.542,28.5556,0.323784,0.620894
0,250,30.622,31.8805,0.418716,0.656055
0,250,25.7631,27.0945,0.037024,0.0638575
0,250,27.5613,24.7006,-1.19342,-0.795544
0,250,30.7421,34.2478,0.251348,0.546088
0,250,23.15,26.6239,0.867507,-0.0918207
0,250,19.1711,28.2904,0.253454,0.375006
0,250,26.644,24.9527,-1.28565,-0.94318
0,250,27.9064,31.9812,0.915729,0.275486
0,250,25.5849,29.5692,0.88122,1.09323
0,250,27.6391,26.2258,-0.219776,-1.42667
0,250,29.0803,29.9677,0.241975,-0.174961
0,250,26.772,19.3421,0.358577,-1.4785
0,250,25.3168,26.2783,0.262111,-0.528049
0,250,27.8265,28.25,-0.059858,-1.27685
0,250,18.1397,28.2942,-0.411146,0.804593
0,250,23.3266,20.5371,-0.0229976,-1.99135
0,250,22.5766,23.7519,-0.803447,-0.00898202
0,250,19.0348,23.1848,-0.0367239,-0.523381
0,250,23.7057,30.0741,1.42881,-0.0270176
0,250,24.4224,20.6244,-0.0476402,-1.84434
0,250,25.4178,19.8309,-0.165918,-1.16999
0,250,20.5798,28.3007,-0.0999912,-0.186289
0,250,23.934,24.0495,-0.331461,-0.307597
0,250,24.2825,26.417,0.270471,-0.720074
0,250,6.4618,25.8915,1.48146,0.411098
0,250,5.2424,25.7179,0.72428,-1.01869
0,250,4.61505,26.2235,0.265861,-0.0429626
0,250,3.66895,27.9741,1.55018,-1.31331
0,250,2.964,31.2597,-0.304872,-2.32523
0,250,4.55249,29.2742,0.768819,-3.3032
0,250,3.76241,34.7601,-1.01427,-2.93679
0,250,4.25372,34.9954,-1.30612,-3.37189
0,250,5.28088,38.4247,-1.13808,-1.40746
0,250,5.45982,37.7124,-1.34268,-1.72389
0,250,9.27973,42.7356,-1.68476,-1.82497
0,250,8.21107,40.1608,-1.73208,-1.52993
0,250,5.95437,37.6971,-1.37015,-1.93221
0,250,5.96841,34.6057,-0.447297,-1.95092
0,250,11.0311,42.6776,-2.01019,-1.37692
0,250,10.5568,42.9633,-1.90708,-1.32753
0,250,6.65885,36.4324,-1.50631,-1.63609
0,250,18.6498,44.3438,-2.21254,0.224272
0,250,17.9791,44.8532,-3.07461,-0.290659
0,250,23.2619,43.2462,-2.03742,1.22817
0,250,21.6916,42.5907,-1.24797,1.08715
0,250,15.1648,44.3993,-2.11483,-0.4418
0,250,19.7954,43.2014,-2.58545,0.282761
0,250,22.7889,43.5292,-2.42595,1.59122
0,250,15.1091,42.9615,-1.77533,0.109933
0,250,28.0962,36.8908,-0.50878,1.87475
0,250,18.8548,43.3354,-3.16509,0.604229
0,250,29.1388,35.2862,-0.368714,1.66831
0,250,26.6091,41.924,-1.42652,1.4857
0,250,26.2243,41.0554,-1.0379,1.2892
0,250,25.4483,38.6175,-1.88974,2.32701
0,250,29.1296,32.8074,0.234236,0.714998
0,250,26.6473,36.738,-0.903201,2.69725
0,250,28.9577,25.0219,0.305846,-1.5027
0,250,30.9779,29.5503,0.00828612,0.949677
0,250,21.7805,27.0838,0.251294,-0.249066
0,250,15.4365,43.9491,-2.69736,-0.556532
0,250,20.1322,29.5322,0.094839,0.0424721
0,250,27.8,27.3885,-0.31401,-1.21201
0,250,22.0032,26.2486,-0.0373177,-0.374395
0,250,28.3856,26.8896,-0.674081,-0.983002
0,250,19.619,29.4117,0.201773,0.105117
0,250,25.8222,19.6059,-0.202382,-1.6281
0,250,17.5351,27.6904,0.111174,0.648557
0,250,17.4616,27.2086,0.401212,1.46719
0,250,27.6431,29.4566,0.140341,0.052931
0,250,17.8645,21.3964,0.804113,-0.252974
0,250,28.5011,24.5292,-0.274857,-0.898272
0,250,17.618,28.0509,0.185257,0.175989
0,250,28.2597,27.3499,0.175206,-0.767413
0,250,24.4488,27.7821,0.778868,-0.409079
0,250,19.8927,22.6431,0.155837,-0.236404
0,250,22.5067,30.0565,1.2,0.617414
0,250,25.1533,25.439,-0.291007,-0.67316
0,250,23.6321,21.0179,0.583148,-0.962128
0,250,27.8594,32.6721,-0.625393,0.564419
0,250,4.58294,25.1075,-0.518392,-0.856021
0,250,4.09668,25.6122,-0.10768,-0.0480995
0,250,5.45035,26.2547,0.445428,0.0719618
0,250,4.20619,27.4529,0.485652,-1.01891
0,250,2.7518,29.6809,0.800082,-0.923746
0,250,5.18645,28.3302,0.209916,-1.80995
0,250,2.55684,32.4864,-0.79624,-1.35629
0,250,3.6915,31.2618,-0.239834,-3.58646
0,250,4.07724,33.901,-1.12847,-3.4606
0,250,5.03479,38.0139,-1.58107,-1.63781
0,250,5.76448,33.6029,-0.21691,-3.05885
0,250,4.46619,36.6147,-1.35009,-2.45933
0,250,7.53008,41.2071,-1.82867,-2.04827
0,250,5.22269,35.1326,-1.27755,-2.97513
0,250,9.3371,42.1877,-2.09063,-1.68117
0,250,5.54935,38.8153,-0.915232,-1.60033
0,250,13.0187,43.3404,-2.1815,-0.20998
0,250,9.02388,40.8579,-1.59049,-0.785752
0,250,12.7081,44.6493,-1.90678,-0.0875582
0,250,18.4105,43.4438,-3.09187,0.423568
0,250,13.4113,44.2839,-1.95083,-0.70213
0,250,15.8432,43.4593,-2.42196,-0.761796
0,250,21.8222,44.4363,-1.59217,1.03129
0,250,21.1041,43.2696,-2.25532,0.926469
0,250,17.9143,43.5212,-3.1339,0.122566
0,250,21.3123,41.7433,-2.49803,1.07113
0,250,27.8518,37.3342,-0.457664,1.99311
0,250,26.7898,41.0962,-0.514483,0.880701
0,250,18.1754,42.6025,-2.086,0.18284
0,250,28.9096,37.2132,-0.0711482,1.48286
0,250,29.1305,38.6672,-0.852578,1.16388
0,250,29.6525,31.7813,0.738742,1.02139
0,250,29.3488,26.8698,0.0383644,-1.1548
0,250,30.4893,33.416,-0.542703,0.621363
0,250,30.5671,30.3781,0.2961,0.407359
0,250,20.7934,25.342,-0.0836058,0.203117
0,250,21.8952,28.0589,1.02591,-0.170173
0,250,17.8424,26.8641,0.0973118,0.74947
0,250,28.9441,28.6732,-0.0171722,0.0375647
0,250,27.1356,26.2797,-0.196716,-0.959651
0,250,24.8501,30.0378,1.4212,0.451255
0,250,19.1992,29.5821,-0.324429,-0.573781
0,250,24.0002,29.6634,1.63635,-0.97805
0,250,24.3086,29.2144,1.36922,-0.394981
0,250,21.4307,26.0981,-0.415157,-0.10122
0,250,17.8877,30.0162,0.484192,-0.484788
0,250,25.76,29.0412,0.073089,0.485557
0,250,18.5158,29.0047,-0.451677,-0.152393
0,250,24.427,24.106,-0.254736,-0.851095
0,250,29.6462,23.0987,0.413818,-0.00916675
0,250,21.9474,30.09,0.24369,-0.664651
0,250,24.6151,24.554,-0.426064,-0.491373
0,250,26.2565,29.0033,0.302951,0.284358
0,250,20.9683,22.7513,-0.629324,-0.49311
0,250,26.5796,24.3985,-0.94134,-1.47077
0,250,17.526,25.1469,0.373682,1.20075
0,250,5.80614,25.2048,1.03735,-0.495714
0,250,5.97615,25.7879,1.52512,-0.0252162
0,250,4.57931,25.9262,0.081568,-0.395971
0,250,6.53607,26.7561,0.899906,-1.35014
0,250,4.40893,28.2376,1.01629,-2.38137
0,250,6.11273,28.7928,1.48681,-2.29171
0,250,4.62119,29.6735,0.143615,-3.5952
0,250,4.18129,29.865,0.0677795,-3.11508
0,250,4.79472,30.1773,1.29628,-4.12847
0,250,3.88004,35.2843,-1.25954,-2.71767
0,250,6.05815,40.2408,-1.78747,-1.20095
0,250,5.8469,34.1193,-1.2076,-2.57865
0,250,8.50939,42.1939,-1.718,-0.632319
0,250,3.96195,32.8391,-1.21111,-3.007
0,250,4.32526,36.1408,-0.902447,-2.42426
0,250,11.1119,44.185,-1.55597,-0.542604
0,250,7.82679,39.7284,-1.52785,-1.98132
0,250,5.34897,33.8151,-0.671095,-2.35067
0,250,6.12342,35.1132,-0.909827,-2.72214
0,250,4.31952,32.5008,-0.331507,-2.77366
0,250,9.7425,43.0039,-2.10814,-1.69182
0,250,5.4513,34.3677,-0.963436,-2.8464
0,250,21.329,44.5974,-1.41614,0.985891
0,250,17.7873,43.9855,-2.93917,0.214694
0,250,21.8558,44.8665,-1.62391,0.917213
0,250,22.6064,41.6803,-2.46283,1.23801
0,250,6.21736,35.5417,-1.40515,-2.26285
0,250,23.2103,43.7711,-1.80212,0.984666
0,250,22.9963,42.4835,-1.94826,1.30209
0,250,28.1371,37.7409,-0.297914,1.80494
0,250,28.7825,34.8925,0.163386,1.32225
0,250,26.2014,42.2874,-1.47272,1.25457
0,250,31.0498,31.1023,-0.161077,1.22586
0,250,30.063,33.0578,0.216753,0.267393
0,250,22.3158,25.3183,-0.612253,-0.0885712
0,250,20.752,27.2419,0.16648,0.714434
0,250,28.4675,35.896,-0.369397,1.71927
0,250,23.4424,26.2516,0.189372,-0.192264
0,250,21.2561,25.5909,0.0300163,0.387617
0,250,30.5753,29.8072,0.89717,-0.0614433
0,250,24.2637,28.2609,0.503402,-0.393111
0,250,20.4176,29.1144,0.146158,-0.664033
0,250,23.1174,24.5634,-0.422764,-0.50801
0,250,27.341,26.7314,-0.807489,-1.37688
0,250,24.6107,25.4653,-0.0773012,-0.522278
0,250,18.3538,27.0263,0.514124,0.82964
0,250,20.3721,25.0969,-0.112271,0.487621
0,250,29.335,27.3749,0.514732,-1.02353
0,250,26.8193,27.2176,-0.204426,-0.860391
0,250,20.1332,26.8215,-0.0512441,0.161834
0,250,27.0591,24.2647,-1.68428,-0.948599
0,250,29.1265,32.2503,0.326881,0.681429
0,250,8.05918,42.9057,-1.67785,-0.598826
0,250,27.6362,29.9499,-0.460266,0.567011
0,250,20.9293,29.2091,0.419433,-0.00965757
0,250,23.6674,27.0519,1.21345,-0.767949
0,250,7.04139,25.5703,0.812509,0.00253369
0,250,7.85639,25.7339,1.81246,-0.0670251
0,250,7.22064,26.0225,1.35456,0.296816
0,250,5.1962,25.5654,0.671025,-0.0495464
0,250,7.14386,27.3544,0.860705,-1.19859
0,250,4.26312,27.8097,1.12416,-1.62503
0,250,6.63962,29.6032,-0.128751,0.844024
0,250,5.00017,29.0568,0.360984,-2.96525
0,250,5.12363,29.7948,-0.00941324,-2.15702
0,250,5.36615,28.8245,0.752708,-1.75732
0,250,5.6567,33.0436,-1.68849,-2.05525
0,250,6.26977,29.435,0.91808,-0.783913
0,250,4.86458,30.5863,-1.06788,-2.08006
0,250,4.20206,31.3872,-0.806597,-3.69961
0,250,4.01425,33.3219,-0.839021,-2.57688
0,250,5.04275,36.4211,-0.512953,-3.04659
0,250,4.64626,31.6679,-0.605226,-3.58121
0,250,3.65857,33.6752,-1.28664,-2.75425
0,250,4.22686,30.826,-0.00520948,-3.54819
0,250,5.21318,37.2207,-1.25836,-1.68311
0,250,4.3143,37.6793,-1.46848,-3.09139
0,250,13.1108,45.2431,-0.651636,-0.471561
0,250,11.3087,42.2925,-1.49539,-0.916751
0,250,4.60596,34.6037,-1.33898,-3.62062
0,250,8.90403,42.4574,-1.7105,-0.9614
0,250,20.3834,42.5579,-1.46798,0.400398
0,250,6.75187,31.7753,-2.25649,2.66087
0,250,17.3856,43.1126,-3.44984,0.077212
0,250,19.9621,45.0396,-1.3927,-0.0418466
0,250,6.97417,36.9037,-1.03741,-1.74511
0,250,12.7985,42.4073,-1.95038,-0.604375
0,250,13.7202,42.2548,-1.28148,0.199303
0,250,30.1077,30.9044,0.361993,1.63949
0,250,29.6313,35.1622,-0.0789286,1.82541
0,250,18.7504,42.4859,-1.89344,0.793867
0,250,20.8494,42.4172,-1.48606,1.28434
0,250,27.9167,34.6498,-0.423803,1.24153
0,250,20.9115,25.9736,0.319666,0.864282
0,250,29.7546,29.6389,0.769086,0.612899
0,250,21.1112,24.5043,-0.746214,-0.388528
0,250,30.52,32.8718,-0.0935544,1.24368
0,250,19.3724,26.9272,-0.248999,0.547814
0,250,29.8528,25.5149,-0.0900894,-1.19102
0,250,31.0475,31.6089,0.218382,0.856657
0,250,20.0878,28.2182,0.952052,-0.0155672
0,250,22.5155,27.1109,0.399902,0.00583445
0,250,18.808,26.8206,-0.558956,1.01585
0,250,23.7772,26.6205,1.00241,-0.791429
0,250,22.2207,25.8664,-0.150478,0.248468
0,250,24.7898,29.1197,0.529957,0.0934527
0,250,19.5911,25.5526,0.321474,0.669738
0,250,28.2083,28.6458,0.00334967,-1.03804
0,250,19.1357,24.4492,-0.205887,-0.39954
0,250,18.6981,29.4318,-0.221519,-0.0980338
0,250,25.4727,24.1022,-1.00881,-0.998091
0,250,28.0766,23.201,-0.621533,-0.88676
0,250,6.85058,25.4799,1.51769,-0.171038
0,250,7.72885,26.2635,1.20738,-0.531943
0,250,6.71451,26.1716,1.40935,-0.224454
0,250,7.23304,26.4706,1.06512,-0.180658
0,250,6.94413,26.8194,0.993769,-0.611992
0,250,4.73849,27.1973,1.47522,-0.735763
0,250,4.8362,27.9341,1.17439,-2.08034
0,250,4.87154,26.8606,1.01024,-1.83586
0,250,5.5206,27.9749,1.34868,-2.24984
0,250,7.47002,27.0078,1.36289,-0.438877
0,250,3.48205,27.6923,1.00077,-1.41377
0,250,7.03011,28.5951,0.96381,-0.312539
0,250,5.39386,30.3999,0.325447,-2.36955
0,250,7.89048,27.5874,1.60638,-0.63423
0,250,7.09418,29.2215,0.810139,0.996686
0,250,4.34412,30.3718,0.658641,-3.56392
0,250,6.62907,27.9515,0.897732,-1.29766
0,250,5.46984,30.8362,1.61753,-2.2693
0,250,5.5493,26.7971,0.46911,-0.64502
0,250,5.49416,31.4152,0.125081,-2.74697
0,250,4.59564,31.0918,0.159587,-3.59302
0,250,4.12337,34.4401,-1.21956,-3.64037
0,250,7.13439,42.1831,-1.25614,-0.387241
0,250,11.8355,42.4939,-1.4892,-0.889211
0,250,10.1896,42.1861,-2.06698,-1.95344
0,250,8.31118,38.9211,-0.619195,-2.14074
0,250,11.4636,42.832,-2.44404,-0.843668
0,250,7.12093,37.8304,-0.361614,-1.21463
0,250,12.0345,43.4279,-2.92635,-0.498044
0,250,7.23072,37.4085,-1.34228,-1.29573
0,250,13.5011,45.4715,-0.768897,-0.275361
0,250,24.2316,42.1884,-1.49105,1.12801
0,250,23.3522,42.732,-2.26857,1.36975
0,250,26.4752,41.458,-0.258762,0.488373
0,250,23.3492,41.168,-1.93185,1.69365
0,250,27.089,38.5814,-1.23064,2.07011
0,250,27.5562,39.4692,-2.02865,1.67846
0,250,30.1279,28.8619,-0.100111,0.371156
0,250,29.5927,32.7486,0.452394,0.0384542
0,250,26.3634,37.2208,-1.43022,2.56111
0,250,15.93,43.9084,-3.01823,-0.719439
0,250,28.1956,33.5835,-0.307048,0.93209
0,250,24.8945,39.8608,-1.60618,1.4602
0,250,20.5541,24.2251,-0.627259,0.218525
0,250,29.6273,30.0812,0.961194,0.900635
0,250,18.83,26.2946,-0.26574,0.0318307
0,250,27.2956,37.3331,-0.97823,2.31266
0,250,28.0067,24.705,-0.244734,-1.7887
0,250,11.4785,43.3261,-2.53806,-0.788803
0,250,29.0844,24.0679,-0.26255,-0.0557995
0,250,28.2607,32.5243,-0.151516,1.03049
0,250,29.5252,28.6522,0.63537,0.00751513
0,250,28.3048,32.0269,0.538808,0.382138
0,250,22.617,24.7495,-0.353501,0.108617
0,250,24.311,23.5886,-0.9377,-0.885594
0,250,29.9026,34.0869,0.0080684,1.10281
0,250,8.84291,25.9926,0.9977,-0.589299
0,250,8.59732,25.9741,1.04558,-0.59416
0,250,8.24209,26.3484,1.28582,-1.33642
0,250,9.47432,26.7939,1.22444,-0.662629
0,250,9.02782,26.5012,1.1185,-1.00774
0,250,9.63316,27.6221,1.17726,0.214088
0,250,6.06767,26.2381,1.40009,0.00484391
0,250,8.91994,27.4777,0.420541,0.136228
0,250,9.33457,27.2567,0.676726,0.0794843
0,250,9.90484,27.149,1.07625,0.439094
0,250,9.21308,27.9441,0.743081,0.348085
0,250,10.3788,27.2193,0.846816,0.369487
0,250,8.45763,26.7023,0.885711,-1.01052
0,250,9.73143,28.1157,0.612614,0.628769
0,250,8.74802,28.0214,1.09641,0.499724
0,250,8.85609,26.8621,0.797639,-0.23964
0,250,8.48299,27.3677,1.38252,-0.700771
0,250,4.99439,27.626,1.25077,-1.31801
0,250,6.75134,27.5327,0.346446,-0.494489
0,250,5.81589,29.5897,0.680253,-1.44636
0,250,6.10802,27.8228,-0.123829,-2.1841
0,250,3.41822,35.2325,-1.25596,-2.72636
0,250,5.39846,39.4197,-1.30731,-1.95649
0,250,10.6856,44.0209,-1.19357,-0.412507
0,250,19.8219,40.8136,-5.8449,13.2167
0,250,4.71291,35.1054,-1.73606,-3.84257
0,250,13.1827,43.7786,-2.6393,-0.472032
0,250,17.6723,44.4555,-2.77606,-0.0658346
0,250,8.14454,41.1412,-1.89927,-1.22372
0,250,14.888,43.3534,-2.40543,-0.22837
0,250,17.4008,43.5276,-2.76606,0.434737
0,250,20.8613,41.9301,-2.04815,1.27729
0,250,5.63999,34.9338,-0.86845,-2.56993
0,250,27.3176,38.1683,-1.07582,2.20469
0,250,19.0199,44.7572,-2.2439,0.0159396
0,250,8.32944,39.6771,-1.5399,-1.29445
0,250,21.5867,43.111,-2.08737,0.944605
0,250,23.8095,42.4584,-1.62187,0.98013
0,250,19.3298,42.3584,-2.17595,0.63858
0,250,25.3301,40.0303,-1.82685,1.54488
0,250,28.1705,38.5761,-0.823414,1.59549
0,250,17.6775,42.6802,-2.18721,0.29433
0,250,24.5897,40.7273,-2.0201,1.33862
0,250,25.9694,38.6405,-1.26656,1.76962
0,250,24.5119,40.21,-1.67458,1.20406
0,250,25.36,42.4048,-1.12834,0.706919
0,250,15.4531,44.8631,-2.64037,-0.601725
0,250,7.49123,38.3189,-0.463746,-1.4982
0,250,11.6249,43.7862,-2.33337,-0.443619
0,250,15.4857,42.6039,-1.92971,-0.413149
0,250,18.9738,42.8384,-2.67139,0.841693
0,250,20.7492,42.9192,-2.02392,0.940059
0,250,28.4018,34.5214,0.0905771,1.12113
0,250,27.4137,36.2311,-0.213678,0.89778
0,250,4.54035,35.5578,-1.17406,-3.58129
0,250,25.1134,38.9817,-2.28954,2.27403
0,250,8.01939,25.7491,0.913014,-0.464237
0,250,9.43393,25.7057,1.87328,-0.665228
0,250,9.5535,26.3357,0.901831,-1.10766
0,250,9.92611,26.2574,0.690188,-0.509194
0,250,10.2637,25.7129,1.23862,-0.702185
0,250,11.4336,26.3018,1.22725,-1.25395
0,250,11.1604,26.5436,0.631035,-0.297815
0,250,10.1064,26.7366,0.384773,-0.0948978
0,250,10.6525,26.7016,0.85685,-0.10571
0,250,11.3663,27.0521,0.929115,1.36014
0,250,10.8757,27.1699,1.21212,0.660653
0,250,12.3591,27.0665,0.668041,0.132883
0,250,11.5746,27.6386,0.340378,-0.291903
0,250,12.0747,27.4789,-0.0942216,-0.464039
0,250,11.1496,27.5951,0.274948,0.0724324
0,250,10.1351,27.705,0.632395,0.00392344
0,250,9.08945,28.4415,0.268783,0.134423
0,250,7.81112,26.7356,0.221855,-0.352664
0,250,8.65032,28.6146,0.685284,-0.201268
0,250,8.22904,28.376,0.896883,-0.0221257
0,250,9.99535,28.6435,0.290176,0.521106
0,250,9.52902,28.5931,0.158387,0.346773
0,250,4.46406,33.0816,-1.62384,-3.75571
0,250,5.40418,36.7473,-1.11348,-2.18046
0,250,5.25758,33.2681,-1.40371,-2.75154
0,250,5.68799,37.2297,-1.77271,-2.19956
0,250,5.0568,31.0612,1.13354,-3.19722
0,250,4.48861,33.5976,-0.54572,-3.38937
0,250,5.62159,32.4495,-0.300888,-2.41794
0,250,15.3564,43.4816,-2.28328,-0.40226
0,250,11.2747,41.3052,-1.22607,-0.904546
0,250,12.0909,43.8736,-1.95928,-0.709937
0,250,8.59204,41.0941,-2.40189,-1.26439
0,250,16.8538,43.9908,-2.59752,-0.286556
0,250,11.9337,42.9848,-2.50225,-0.911703
0,250,6.74661,38.968,-2.03017,-2.58661
0,250,4.79415,36.069,-1.60823,-2.9324
0,250,12.2986,44.5287,-2.19791,-0.000230908
0,250,9.48722,41.1318,-1.96874,-0.815511
0,250,5.63056,35.4409,-1.42639,-2.90723
0,250,5.53155,31.912,-0.13636,-2.60414
0,250,22.1654,41.3427,-2.50134,1.2758
0,250,20.6239,43.4183,-3.05521,0.456443
0,250,22.8703,43.0247,-2.35638,1.76714
0,250,6.21826,37.231,-1.50895,-1.44418
0,250,8.59568,43.3021,-0.238559,-1.09065
0,250,7.03063,38.4605,-0.992691,-2.32229
0,250,10.6081,43.5377,-2.38528,-0.998163
0,250,4.75043,32.3029,-0.36788,-3.73103
0,250,7.161,29.6742,0.497855,-0.319504
0,250,26.2181,38.153,-1.46191,1.90721
0,250,9.69608,43.979,-0.495019,-1.58982
0,250,8.58516,30.0427,0.884859,-0.967146
0,250,5.07407,31.6152,-0.0195574,-3.44739
0,250,7.34843,30.037,0.269201,-0.172522
0,250,4.78482,32.8293,-0.832124,-3.10276
0,250,10.1746,25.6781,1.06416,-1.15025
0,250,10.8513,26.0891,0.731707,-0.807847
0,250,10.4645,26.2933,0.878449,-1.43694
0,250,11.2412,25.648,0.445763,-0.637594
0,250,14.8694,24.9207,0.566161,-0.761498
0,250,11.8422,25.9363,0.353505,-0.215496
0,250,12.3101,26.062,1.22265,-0.776787
0,250,11.8249,26.5691,0.522066,-0.284517
0,250,11.7967,27.0664,0.0222492,-0.0488344
0,250,12.6816,25.7773,0.646993,-0.764934
0,250,13.3772,26.0078,0.699259,-0.717856
0,250,12.2541,26.5735,0.80287,-0.623026
0,250,12.9051,26.2023,1.00398,-0.802683
0,250,13.2556,25.5407,0.666296,-0.772463
0,250,13.8243,25.8733,0.275432,-0.882131
0,250,11.7441,28.1842,-0.263852,0.0100337
0,250,10.6281,27.7166,0.935962,0.454598
0,250,10.2192,28.2138,0.366399,0.234264
0,250,12.1535,27.9622,0.460863,0.0681314
0,250,11.2721,28.1199,0.31571,-0.0801348
0,250,10.5856,28.6325,0.584543,0.0924382
0,250,11.1357,28.5975,0.0486486,-0.424775
0,250,11.765,28.6363,-0.413351,0.471751
0,250,12.2555,28.5278,0.240942,0.00455641
0,250,5.79635,29.048,1.08912,-2.08857
0,250,8.28151,29.1481,0.880751,0.239187
0,250,5.99688,27.2293,0.640736,-0.494059
0,250,12.9677,28.2898,0.00276192,0.639227
0,250,11.2575,29.0196,0.384179,0.345268
0,250,10.2054,29.1349,-0.0622261,0.703113
0,250,5.31946,27.1839,1.4306,-0.398777
0,250,4.29044,31.9082,-0.501095,-3.19655
0,250,4.91128,33.4981,-1.12453,-3.01281
0,250,8.77752,29.0865,0.61416,1.05913
0,250,4.89135,37.6027,-1.65461,-2.17123
0,250,7.82118,29.2568,1.25322,-0.51229
0,250,23.682,33.0826,4.52087,-2.00592
0,250,6.38384,27.1979,1.49617,-0.331519
0,250,7.44331,27.7243,1.00988,-0.150864
0,250,6.21345,38.1525,-1.80379,-1.72932
0,250,5.34778,29.4334,1.93901,-2.8966
0,250,6.49728,38.5569,-2.16654,-2.1011
0,250,7.43548,28.9591,1.32077,-0.308005
0,250,10.018,40.4511,-2.58245,-1.61356
0,250,5.11786,32.1822,-0.359502,-3.20148
0,250,8.13498,40.6666,-2.15897,-1.84339
0,250,7.10046,28.0442,1.08897,-0.748739
0,250,6.58988,28.5491,0.863517,-1.14414
0,250,5.66135,27.5371,1.07897,-1.48676
0,250,12.4685,43.161,-2.41712,-0.442256
0,250,5.55953,30.0356,1.00643,-3.46063
0,250,8.00306,30.0631,0.52322,0.363183
0,250,9.34432,29.5716,0.327672,0.11294
0,250,9.66737,30.0777,-0.0367708,1.59034
0,250,10.7434,30.0225,-0.465374,-0.387788
0,250,9.15371,30.0343,1.03792,-0.0765817
0,250,9.43291,25.7003,1.33035,-1.08023
0,250,11.1088,25.6769,0.134045,-0.343755
0,250,13.3992,25.0319,0.666739,-0.739066
0,250,11.9686,25.5921,0.507757,-0.696819
0,250,14.9984,25.9362,0.213991,-0.682309
0,250,15.1643,24.2726,-0.0311614,-1.43845
0,250,13.1479,25.1091,0.33827,-0.757433
0,250,14.5689,24.6287,-0.110901,-0.647732
0,250,13.8531,25.369,0.605302,-1.27178
0,250,15.6679,25.0765,0.472161,-0.538692
0,250,14.4344,25.4032,0.369568,-0.924333
0,250,15.4251,26.1194,0.0810498,-0.405544
0,250,15.9096,25.7603,0.272072,0.423611
0,250,14.8276,25.537,0.943372,-0.884404
0,250,14.9811,26.4805,0.467928,-1.00397
0,250,14.2644,25.9427,0.457876,-0.761444
0,250,12.7603,26.5894,0.62322,-0.60128
0,250,10.7585,28.1499,0.760081,-0.425761
0,250,14.2019,26.6277,0.757289,-1.1984
0,250,12.9086,27.0624,-0.0108228,-0.175787
0,250,12.5885,27.5388,0.444002,0.291025
0,250,13.753,27.4455,-0.119957,-0.897779
0,250,15.4224,28.0705,0.115042,1.02624
0,250,13.3877,27.0921,0.562023,0.199924
0,250,12.6332,28.0606,0.55215,0.167558
0,250,14.7672,27.5163,-0.0713405,-0.27742
0,250,13.4301,28.3234,0.119844,-0.167718
0,250,13.0588,27.5789,0.24703,0.319079
0,250,13.5291,28.8722,0.0706411,0.0600484
0,250,13.4332,27.8054,0.617629,0.443457
0,250,11.7748,29.1269,0.109459,0.938968
0,250,12.2313,29.0594,0.413415,0.429143
0,250,10.7266,29.0381,0.125333,0.395557
0,250,14.2161,27.6927,-0.0887192,-0.533187
0,250,11.4533,29.5771,0.0265281,-0.179692
0,250,9.20413,29.0603,0.189069,0.246707
0,250,13.099,28.8515,-0.544625,0.520787
0,250,9.71918,29.1554,0.378075,0.5988
0,250,11.9804,29.6216,-0.531152,0.284704
0,250,6.12053,30.0237,0.483501,1.41056
0,250,7.79892,28.1343,1.33199,-1.00074
0,250,6.0088,26.635,1.6105,-0.211997
0,250,7.70429,29.7049,-0.370299,-0.283454
0,250,7.48613,28.4293,1.06506,-0.170157
0,250,14.162,29.0021,-1.02884,0.276617
0,250,10.4682,29.5918,0.332771,-0.560135
0,250,8.0382,27.1756,1.05625,-1.0804
0,250,6.60819,30.1449,-1.16893,0.5542
0,250,12.4593,29.4879,0.867035,0.363323
0,250,9.92668,29.5715,-0.124937,-0.148938
0,250,8.33952,27.8303,0.872018,-0.0155209
0,250,8.32408,29.6551,0.844535,-0.147538
0,250,8.0073,28.7552,1.04952,-0.200734
0,250,11.0142,29.5008,-0.321374,-0.0468659
0,250,11.8203,30.0884,-0.901912,0.205307
0,250,10.2401,30.0212,-0.559968,-1.31184
0,250,15.2577,25.0798,0.302995,-0.297232
0,250,12.286,25.3335,0.56918,-0.611808
0,250,12.6026,25.334,0.614762,-0.618537
0,250,14.2687,24.7177,0.248845,-0.266984
0,250,13.9759,24.9858,0.30431,-0.534433
0,250,15.8126,24.4865,0.766016,-1.44979
0,250,15.1964,24.278,-0.668894,-0.735147
0,250,16.0259,26.2257,-0.293441,-0.350451
0,250,15.4343,25.5591,0.596801,0.208031
0,250,16.0595,25.3268,0.453631,-0.148175
0,250,15.627,27.0642,-0.0487214,0.05663
0,250,15.9916,24.4108,1.26203,0.00713388
0,250,16.0644,27.5359,1.09738,0.425273
0,250,16.0641,26.9404,-0.33393,-0.202373
0,250,15.7304,26.5356,-0.234599,0.21566
0,250,15.5903,27.6314,-0.569739,-0.983653
0,250,15.1593,27.4146,0.0728682,-0.380775
0,250,13.7273,26.3992,0.28715,-0.746434
0,250,13.3226,26.5895,0.813207,-0.457863
0,250,14.4793,26.2537,0.593968,-1.09451
0,250,15.982,28.0624,-1.69561,-0.0858395
0,250,15.2034,26.8549,-0.519252,-0.469201
0,250,13.888,26.9517,0.315843,0.0955192
0,250,15.789,28.4527,-0.735443,0.973877
0,250,16.0768,28.8371,-1.18964,0.0648543
0,250,14.6935,26.9055,0.188436,-0.598122
0,250,16.0829,29.3743,0.129325,1.09534
0,250,15.5581,29.0722,-1.54754,0.68446
0,250,14.3681,27.2019,-0.0225163,-0.979596
0,250,15.5603,29.5598,-0.526544,-0.033314
0,250,14.974,28.029,-1.1996,-0.0381211
0,250,15.3616,28.7028,-0.236634,0.761264
0,250,14.4792,28.1138,-0.731203,0.509704
0,250,16.1135,29.9152,0.287913,-0.151825
0,250,14.9145,28.5187,-0.450129,-0.356362
0,250,13.8998,28.0383,0.466183,-0.100396
0,250,15.0978,29.3936,-0.99686,0.419514
0,250,13.9083,28.5629,-0.597508,0.319008
0,250,13.2196,29.5035,-0.233443,0.535284
0,250,14.4196,28.5692,-0.64754,0.359151
0,250,13.6744,29.3539,-0.399982,0.565915
0,250,15.1059,29.9536,-0.338683,0.946018
0,250,12.6556,28.7259,0.458467,-0.252699
0,250,14.7047,29.8989,0.138456,-0.291932
0,250,14.825,29.0462,-0.301668,0.136792
0,250,15.5809,30.0105,-0.627091,-0.31902
0,250,14.5069,29.3524,-0.106104,-0.0659827
0,250,8.84144,29.5892,0.222661,0.773396
0,250,14.0467,29.5665,-0.49153,0.252937
0,250,13.7316,30.0238,0.0127234,0.797617
0,250,13.2866,29.986,-1.01002,0.1931
0,250,14.2653,30.0316,-1.31462,0.340613
0,250,11.2699,30.0176,-0.827133,-1.13967
0,250,12.8866,29.3275,0.16548,0.216196
0,250,12.8253,30.0442,-0.115139,1.85254
1,250,6.50435,31.2014,0,0
1,250,16.5,1.5,0,0
1,250,17,1.5,0,0
1,250,31.5,1.5,0,0
1,250,32,1.5,0,0
1,250,1.5,1.5,0,0
1,250,2,1.5,0,0
1,250,16.5,2,0,0
1,250,17,2,0,0
1,250,31.5,2,0,0
1,250,32,2,0,0
1,250,1.5,2,0,0
1,250,2,2,0,0
1,250,16.5,2.5,0,0
1,250,17,2.5,0,0
1,250,31.5,2.5,0,0
1,250,32,2.5,0,0
1,250,1.5,2.5,0,0
1,250,2,2.5,0,0
1,250,16.5,3,0,0
1,250,17,3,0,0
1,250,31.5,3,0,0
1,250,32,3,0,0
1,250,1.5,3,0,0
1,250,2,3,0,0
1,250,16.5,3.5,0,0
1,250,17,3.5,0,0
1,250,31.5,3.5,0,0
1,250,32,3.5,0,0
1,250,1.5,3.5,0,0
1,250,2,3.5,0,0
1,250,16.5,4,0,0
1,250,17,4,0,0
1,250,31.5,4,0,0
1,250,32,4,0,0
1,250,1.5,4,0,0
1,250,2,4,0,0
1,250,16.5,4.5,0,0
1,250,17,4.5,0,0
1,250,31.5,4.5,0,0
1,250,32,4.5,0,0
1,250,1.5,4.5,0,0
1,250,2,4.5,0,0
1,250,16.5,5,0,0
1,250,17,5,0,0
1,250,31.5,5,0,0
1,250,32,5,0,0
1,250,1.5,5,0,0
1,250,2,5,0,0
1,250,16.5,5.5,0,0
1,250,17,5.5,0,0
1,250,31.5,5.5,0,0
1,250,32,5.5,0,0
1,250,1.5,5.5,0,0
1,250,2,5.5,0,0
1,250,16.5,6,0,0
1,250,17,6,0,0
1,250,31.5,6,0,0
1,250,32,6,0,0
1,250,1.5,6,0,0
1,250,2,6,0,0
1,250,16.5,6.5,0,0
1,250,17,6.5,0,0
1,250,31.5,6.5,0,0
1,250,32,6.5,0,0
1,250,1.5,6.5,0,0
1,250,2,6.5,0,0
1,250,16.5,7,0,0
1,250,17,7,0,0
1,250,31.5,7,0,0
1,250,32,7,0,0
1,250,1.5,7,0,0
1,250,2,7,0,0
1,250,16.5,7.5,0,0
1,250,17,7.5,0,0
1,250,31.5,7.5,0,0
1,250,32,7.5,0,0
1,250,1.5,7.5,0,0
1,250,2,7.5,0,0
1,250,16.5,8,0,0
1,250,17,8,0,0
1,250,31.5,8,0,0
1,250,32,8,0,0
1,250,1.5,8,0,0
1,250,2,8,0,0
1,250,16.5,8.5,0,0
1,250,17,8.5,0,0
1,250,31.5,8.5,0,0
1,250,32,8.5,0,0
1,250,1.5,8.5,0,0
1,250,2,8.5,0,0
1,250,16.5,9,0,0
1,250,17,9,0,0
1,250,31.5,9,0,0
1,250,32,9,0,0
1,250,1.5,9,0,0
1,250,2,9,0,0
1,250,16.5,9.5,0,0
1,250,17,9.5,0,0
1,250,31.5,9.5,0,0
1,250,32,9.5,0,0
1,250,1.5,9.5,0,0
1,250,2,9.5,0,0
1,250,16.5,10,0,0
1,250,17,10,0,0
1,250,31.5,10,0,0
1,250,32,10,0,0
1,250,1.5,10,0,0
1,250,2,10,0,0
1,250,16.5,10.5,0,0
1,250,17,10.5,0,0
1,250,31.5,10.5,0,0
1,250,32,10.5,0,0
1,250,1.5,10.5,0,0
1,250,2,10.5,0,0
1,250,16.5,11,0,0
1,250,17,11,0,0
1,250,31.5,11,0,0
1,250,32,11,0,0
1,250,1.5,11,0,0
1,250,2,11,0,0
1,250,16.5,11.5,0,0
1,250,17,11.5,0,0
1,250,31.5,11.5,0,0
1,250,32,11.5,0,0
1,250,1.5,11.5,0,0
1,250,2,11.5,0,0
1,250,16.5,12,0,0
1,250,17,12,0,0
1,250,31.5,12,0,0
1,250,32,12,0,0
1,250,1.5,12,0,0
1,250,2,12,0,0
1,250,16.5,12.5,0,0
1,250,17,12.5,0,0
1,250,31.5,12.5,0,0
1,250,32,12.5,0,0
1,250,1.5,12.5,0,0
1,250,2,12.5,0,0
1,250,16.5,13,0,0
1,250,17,13,0,0
1,250,31.5,13,0,0
1,250,32,13,0,0
1,250,1.5,13,0,0
1,250,2,13,0,0
1,250,16.5,13.5,0,0
1,250,17,13.5,0,0
1,250,31.5,13.5,0,0
1,250,32,13.5,0,0
1,250,1.5,13.5,0,0
1,250,2,13.5,0,0
1,250,16.5,14,0,0
1,250,17,14,0,0
1,250,31.5,14,0,0
1,250,32,14,0,0
1,250,1.5,14,0,0
1,250,2,14,0,0
1,250,16.5,14.5,0,0
1,250,17,14.5,0,0
1,250,31.5,14.5,0,0
1,250,32,14.5,0,0
1,250,1.5,14.5,0,0
1,250,2,14.5,0,0
1,250,16.5,15,0,0
1,250,17,15,0,0
1,250,31.5,15,0,0
1,250,32,15,0,0
1,250,1.5,15,0,0
1,250,2,15,0,0
1,250,16.5,15.5,0,0
1,250,17,15.5,0,0
1,250,31.5,15.5,0,0
1,250,32,15.5,0,0
1,250,1.5,15.5,0,0
1,250,2,15.5,0,0
1,250,16.5,16,0,0
1,250,17,16,0,0
1,250,31.5,16,0,0
1,250,32,16,0,0
1,250,1.5,16,0,0
1,250,2,16,0,0
1,250,16.5,16.5,0,0
1,250,17,16.5,0,0
1,250,31.5,16.5,0,0
1,250,32,16.5,0,0
1,250,1.5,16.5,0,0
1,250,2,16.5,0,0
1,250,16.5,17,0,0
1,250,17,17,0,0
1,250,31.5,17,0,0
1,250,32,17,0,0
1,250,1.5,17,0,0
1,250,2,17,0,0
1,250,16.5,17.5,0,0
1,250,17,17.5,0,0
1,250,31.5,17.5,0,0
1,250,32,17.5,0,0
1,250,1.5,17.5,0,0
1,250,2,17.5,0,0
1,250,16.5,18,0,0
1,250,17,18,0,0
1,250,31.5,18,0,0
1,250,32,18,0,0
1,250,1.5,18,0,0
1,250,2,18,0,0
1,250,16.5,18.5,0,0
1,250,17,18.5,0,0
1,250,31.5,18.5,0,0
1,250,32,18.5,0,0
1,250,1.5,18.5,0,0
1,250,2,18.5,0,0
1,250,16.5,19,0,0
1,250,17,19,0,0
1,250,31.5,19,0,0
1,250,32,19,0,0
1,250,1.5,19,0,0
1,250,2,19,0,0
1,250,16.5,19.5,0,0
1,250,17,19.5,0,0
1,250,31.5,19.5,0,0
1,250,32,19.5,0,0
1,250,1.5,19.5,0,0
1,250,2,19.5,0,0
1,250,16.5,20,0,0
1,250,17,20,0,0
1,250,31.5,20,0,0
1,250,32,20,0,0
1,250,1.5,20,0,0
1,250,2,20,0,0
1,250,16.5,20.5,0,0
1,250,17,20.5,0,0
1,250,31.5,20.5,0,0
1,250,32,20.5,0,0
1,250,1.5,20.5,0,0
1,250,2,20.5,0,0
1,250,16.5,21,0,0
1,250,17,21,0,0
1,250,31.5,21,0,0
1,250,32,21,0,0
1,250,1.5,21,0,0
1,250,2,21,0,0
1,250,16.5,21.5,0,0
1,250,17,21.5,0,0
1,250,31.5,21.5,0,0
1,250,32,21.5,0,0
1,250,1.5,21.5,0,0
1,250,2,21.5,0,0
1,250,16.5,22,0,0
1,250,17,22,0,0
1,250,31.5,22,0,0
1,250,32,22,0,0
1,250,1.5,22,0,0
1,250,2,22,0,0
1,250,16.5,22.5,0,0
1,250,17,22.5,0,0
1,250,31.5,22.5,0,0
1,250,32,22.5,0,0
1,250,1.5,22.5,0,0
1,250,2,22.5,0,0
1,250,16.5,23,0,0
1,250,17,23,0,0
1,250,31.5,23,0,0
1,250,32,23,0,0
1,250,1.5,23,0,0
1,250,2,23,0,0
1,250,16.5,23.5,0,0
1,250,17,23.5,0,0
1,250,31.5,23.5,0,0
1,250,32,23.5,0,0
1,250,1.5,23.5,0,0
1,250,2,23.5,0,0
1,250,16.5,24,0,0
1,250,17,24,0,0
1,250,31.5,24,0,0
1,250,32,24,0,0
1,250,1.5,24,0,0
1,250,2,24,0,0
1,250,16.5,24.5,0,0
1,250,17,24.5,0,0
1,250,31.5,24.5,0,0
1,250,32,24.5,0,0
1,250,1.5,24.5,0,0
1,250,2,24.5,0,0
1,250,16.5,25,0,0
1,250,17,25,0,0
1,250,31.5,25,0,0
1,250,32,25,0,0
1,250,1.5,25,0,0
1,250,2,25,0,0
1,250,16.5,25.5,0,0
1,250,17,25.5,0,0
1,250,31.5,25.5,0,0
1,250,32,25.5,0,0
1,250,1.5,25.5,0,0
1,250,2,25.5,0,0
1,250,16.5,26,0,0
1,250,17,26,0,0
1,250,31.5,26,0,0
1,250,32,26,0,0
1,250,1.5,26,0,0
1,250,2,26,0,0
1,250,16.5,26.5,0,0
1,250,17,26.5,0,0
1,250,31.5,26.5,0,0
1,250,32,26.5,0,0
1,250,1.5,26.5,0,0
1,250,2,26.5,0,0
1,250,16.5,27,0,0
1,250,17,27,0,0
1,250,31.5,27,0,0
1,250,32,27,0,0
1,250,1.5,27,0,0
1,250,2,27,0,0
1,250,16.5,27.5,0,0
1,250,17,27.5,0,0
1,250,31.5,27.5,0,0
1,250,32,27.5,0,0
1,250,1.5,27.5,0,0
1,250,2,27.5,0,0
1,250,16.5,28,0,0
1,250,17,28,0,0
1,250,31.5,28,0,0
1,250,32,28,0,0
1,250,1.5,28,0,0
1,250,2,28,0,0
1,250,16.5,28.5,0,0
1,250,17,28.5,0,0
1,250,31.5,28.5,0,0
1,250,32,28.5,0,0
1,250,1.5,28.5,0,0
1,250,2,28.5,0,0
1,250,16.5,29,0,0
1,250,17,29,0,0
1,250,31.5,29,0,0
1,250,32,29,0,0
1,250,1.5,29,0,0
1,250,2,29,0,0
1,250,16.5,29.5,0,0
1,250,17,29.5,0,0
1,250,31.5,29.5,0,0
1,250,32,29.5,0,0
1,250,1.5,29.5,0,0
1,250,2,29.5,0,0
1,250,16.5,30,0,0
1,250,17,30,0,0
1,250,31.5,30,0,0
1,250,32,30,0,0
1,250,1.5,30,0,0
1,250,2,30,0,0
1,250,16.5,30.5,0,0
1,250,17,30.5,0,0
1,250,31.5,30.5,0,0
1,250,32,30.5,0,0
1,250,1.5,30.5,0,0
1,250,2,30.5,0,0
1,250,16.5,31,0,0
1,250,17,31,0,0
1,250,31.5,31,0,0
1,250,32,31,0,0
1,250,1.5,31,0,0
1,250,2,31,0,0
1,250,2.5,1.5,0,0
1,250,2.5,2,0,0
1,250,3,1.5,0,0
1,250,3,2,0,0
1,250,3.5,1.5,0,0
1,250,3.5,2,0,0
1,250,4,1.5,0,0
1,250,4,2,0,0
1,250,4.5,1.5,0,0
1,250,4.5,2,0,0
1,250,5,1.5,0,0
1,250,5,2,0,0
1,250,5.5,1.5,0,0
1,250,5.5,2,0,0
1,250,6,1.5,0,0
1,250,6,2,0,0
1,250,6,30.5,0,0
1,250,6,31,0,0
1,250,6.5,1.5,0,0
1,250,6.5,2,0,0
1,250,6.5,30.5,0,0
1,250,6.5,31,0,0
1,250,7,1.5,0,0
1,250,7,2,0,0
1,250,7,30.5,0,0
1,250,7,31,0,0
1,250,7.5,1.5,0,0
1,250,7.5,2,0,0
1,250,7.5,30.5,0,0
1,250,7.5,31,0,0
1,250,8,1.5,0,0
1,250,8,2,0,0
1,250,8,30.5,0,0
1,250,8,31,0,0
1,250,8.5,1.5,0,0
1,250,8.5,2,0,0
1,250,8.5,30.5,0,0
1,250,8.5,31,0,0
1,250,9,1.5,0,0
1,250,9,2,0,0
1,250,9,30.5,0,0
1,250,9,31,0,0
1,250,9.5,1.5,0,0
1,250,9.5,2,0,0
1,250,9.5,30.5,0,0
1,250,9.5,31,0,0
1,250,10,1.5,0,0
1,250,10,2,0,0
1,250,10,30.5,0,0
1,250,10,31,0,0
1,250,10.5,1.5,0,0
1,250,10.5,2,0,0
1,250,10.5,30.5,0,0
1,250,10.5,31,0,0
1,250,11,1.5,0,0
1,250,11,2,0,0
1,250,11,30.5,0,0
1,250,11,31,0,0
1,250,11.5,1.5,0,0
1,250,11.5,2,0,0
1,250,11.5,30.5,0,0
1,250,11.5,31,0,0
1,250,12,1.5,0,0
1,250,12,2,0,0
1,250,12,30.5,0,0
1,250,12,31,0,0
1,250,12.5,1.5,0,0
1,250,12.5,2,0,0
1,250,12.5,30.5,0,0
1,250,12.5,31,0,0
1,250,13,1.5,0,0
1,250,13,2,0,0
1,250,13,30.5,0,0
1,250,13,31,0,0
1,250,13.5,1.5,0,0
1,250,13.5,2,0,0
1,250,13.5,30.5,0,0
1,250,13.5,31,0,0
1,250,14,1.5,0,0
1,250,14,2,0,0
1,250,14,30.5,0,0
1,250,14,31,0,0
1,250,14.5,1.5,0,0
1,250,14.5,2,0,0
1,250,14.5,30.5,0,0
1,250,14.5,31,0,0
1,250,15,1.5,0,0
1,250,15,2,0,0
1,250,15,30.5,0,0
1,250,15,31,0,0
1,250,15.5,1.5,0,0
1,250,15.5,2,0,0
1,250,15.5,30.5,0,0
1,250,15.5,31,0,0
1,250,16,1.5,0,0
1,250,16,2,0,0
1,250,16,30.5,0,0
1,250,16,31,0,0
1,250,17.5,1.5,0,0
1,250,17.5,2,0,0
1,250,17.5,30.5,0,0
1,250,17.5,31,0,0
1,250,18,1.5,0,0
1,250,18,2,0,0
1,250,18,30.5,0,0
1,250,18,31,0,0
1,250,18.5,1.5,0,0
1,250,18.5,2,0,0
1,250,18.5,30.5,0,0
1,250,18.5,31,0,0
1,250,19,1.5,0,0
1,250,19,2,0,0
1,250,19,30.5,0,0
1,250,19,31,0,0
1,250,19.5,1.5,0,0
1,250,19.5,2,0,0
1,250,19.5,30.5,0,0
1,250,19.5,31,0,0
1,250,20,1.5,0,0
1,250,20,2,0,0
1,250,20,30.5,0,0
1,250,20,31,0,0
1,250,20.5,1.5,0,0
1,250,20.5,2,0,0
1,250,20.5,30.5,0,0
1,250,20.5,31,0,0
1,250,21,1.5,0,0
1,250,21,2,0,0
1,250,21,30.5,0,0
1,250,21,31,0,0
1,250,21.5,1.5,0,0
1,250,21.5,2,0,0
1,250,21.5,30.5,0,0
1,250,21.5,31,0,0
1,250,22,1.5,0,0
1,250,22,2,0,0
1,250,22,30.5,0,0
1,250,22,31,0,0
1,250,22.5,1.5,0,0
1,250,22.5,2,0,0
1,250,22.5,30.5,0,0
1,250,22.5,31,0,0
1,250,23,1.5,0,0
1,250,23,2,0,0
1,250,23,30.5,0,0
1,250,23,31,0,0
1,250,23.5,1.5,0,0
1,250,23.5,2,0,0
1,250,23.5,30.5,0,0
1,250,23.5,31,0,0
1,250,24,1.5,0,0
1,250,24,2,0,0
1,250,24,30.5,0,0
1,250,24,31,0,0
1,250,24.5,1.5,0,0
1,250,24.5,2,0,0
1,250,24.5,30.5,0,0
1,250,24.5,31,0,0
1,250,25,1.5,0,0
1,250,25,2,0,0
1,250,25,30.5,0,0
1,250,25,31,0,0
1,250,25.5,1.5,0,0
1,250,25.5,2,0,0
1,250,25.5,30.5,0,0
1,250,25.5,31,0,0
1,250,26,1.5,0,0
1,250,26,2,0,0
1,250,26,30.5,0,0
1,250,26,31,0,0
1,250,26.5,1.5,0,0
1,250,26.5,2,0,0
1,250,26.5,30.5,0,0
1,250,26.5,31,0,0
1,250,27,1.5,0,0
1,250,27,2,0,0
1,250,27,30.5,0,0
1,250,27,31,0,0
1,250,27.5,1.5,0,0
1,250,27.5,2,0,0
1,250,27.5,30.5,0,0
1,250,27.5,31,0,0
1,250,28,1.5,0,0
1,250,28,2,0,0
1,250,28.5,1.5,0,0
1,250,28.5,2,0,0
1,250,29,1.5,0,0
1,250,29,2,0,0
1,250,29.5,1.5,0,0
1,250,29.5,2,0,0
1,250,30,1.5,0,0
1,250,30,2,0,0
1,250,30.5,1.5,0,0
1,250,30.5,2,0,0
1,250,31,1.5,0,0
1,250,31,2,0,0
1,250,32,31.5,0,0
1,250,31.9918,31.9999,0,0
1,250,31.9672,32.4993,0,0
1,250,31.9263,32.9976,0,0
1,250,31.869,33.4943,0,0
1,250,31.7955,33.9888,0,0
1,250,31.7059,34.4807,0,0
1,250,31.6001,34.9694,0,0
1,250,31.4784,35.4543,0,0
1,250,31.3409,35.935,0,0
1,250,31.1876,36.4109,0,0
1,250,31.0189,36.8815,0,0
1,250,30.8348,37.3464,0,0
1,250,30.6356,37.805,0,0
1,250,30.4215,38.2568,0,0
1,250,30.1926,38.7013,0,0
1,250,29.9493,39.1381,0,0
1,250,29.6918,39.5667,0,0
1,250,29.4205,39.9866,0,0
1,250,29.1354,40.3974,0,0
1,250,28.8371,40.7986,0,0
1,250,28.5258,41.1898,0,0
1,250,28.2018,41.5706,0,0
1,250,27.8656,41.9406,0,0
1,250,27.5173,42.2994,0,0
1,250,27.1575,42.6466,0,0
1,250,26.7865,42.9817,0,0
1,250,26.4048,43.3046,0,0
1,250,26.0126,43.6147,0,0
1,250,25.6105,43.9119,0,0
1,250,25.1989,44.1956,0,0
1,250,24.7781,44.4658,0,0
1,250,24.3488,44.722,0,0
1,250,23.9113,44.964,0,0
1,250,23.4661,45.1915,0,0
1,250,23.0136,45.4043,0,0
1,250,22.5545,45.6021,0,0
1,250,22.0891,45.7848,0,0
1,250,21.6179,45.9522,0,0
1,250,21.1416,46.104,0,0
1,250,20.6605,46.2401,0,0
1,250,20.1752,46.3604,0,0
1,250,19.6862,46.4647,0,0
1,250,19.1941,46.5529,0,0
1,250,18.6993,46.6249,0,0
1,250,18.2024,46.6807,0,0
1,250,17.704,46.7201,0,0
1,250,17.2046,46.7432,0,0
1,250,16.7046,46.7499,0,0
1,250,16.2048,46.7402,0,0
1,250,15.7055,46.7142,0,0
1,250,15.2073,46.6718,0,0
1,250,14.7108,46.613,0,0
1,250,14.2164,46.5381,0,0
1,250,13.7248,46.4469,0,0
1,250,13.2365,46.3397,0,0
1,250,12.7519,46.2166,0,0
1,250,12.2716,46.0776,0,0
1,250,11.7962,45.923,0,0
1,250,11.326,45.7528,0,0
1,250,10.8617,45.5674,0,0
1,250,10.4038,45.3668,0,0
1,250,9.9526,45.1513,0,0
1,250,9.50875,44.9211,0,0
1,250,9.07269,44.6765,0,0
1,250,8.64487,44.4178,0,0
1,250,8.22577,44.1452,0,0
1,250,7.81583,43.8589,0,0
1,250,7.41549,43.5594,0,0
1,250,7.02519,43.2469,0,0
1,250,6.64534,42.9218,0,0
1,250,6.27635,42.5845,0,0
1,250,5.91862,42.2352,0,0
1,250,5.57253,41.8743,0,0
1,250,5.23846,41.5023,0,0
1,250,4.91676,41.1196,0,0
1,250,4.60778,40.7265,0,0
1,250,4.31185,40.3235,0,0
1,250,4.02929,39.9111,0,0
1,250,3.7604,39.4895,0,0
1,250,3.50548,39.0594,0,0
1,250,3.26479,38.6212,0,0
1,250,3.0386,38.1753,0,0
1,250,2.82714,37.7223,0,0
1,250,2.63065,37.2625,0,0
1,250,2.44934,36.7966,0,0
1,250,2.2834,36.3249,0,0
1,250,2.13301,35.8481,0,0
1,250,1.99833,35.3666,0,0
1,250,1.87951,34.881,0,0
1,250,1.77667,34.3917,0,0
1,250,1.68992,33.8993,0,0
1,250,1.61936,33.4043,0,0
1,250,1.56507,32.9073,0,0
1,250,1.5271,32.4087,0,0
1,250,1.50549,31.9092,0,0
1,250,1.50027,31.4093,0,0
1,250,31.5,31.5,0,0
1,250,31.4918,31.9916,0,0
1,250,31.4672,32.4826,0,0
1,250,31.4263,32.9725,0,0
1,250,31.3691,33.4608,0,0
1,250,31.2956,33.947,0,0
1,250,31.206,34.4304,0,0
1,250,31.1003,34.9105,0,0
1,250,30.9787,35.3869,0,0
1,250,30.8412,35.8589,0,0
1,250,30.6881,36.3261,0,0
1,250,30.5195,36.788,0,0
1,250,30.3356,37.2439,0,0
1,250,30.1367,37.6935,0,0
1,250,29.9228,38.1362,0,0
1,250,29.6943,38.5715,0,0
1,250,29.4515,38.999,0,0
1,250,29.1945,39.4181,0,0
1,250,28.9237,39.8285,0,0
1,250,28.6394,40.2296,0,0
1,250,28.3418,40.621,0,0
1,250,28.0314,41.0022,0,0
1,250,27.7085,41.3729,0,0
1,250,27.3734,41.7326,0,0
1,250,27.0264,42.081,0,0
1,250,26.6681,42.4176,0,0
1,250,26.2987,42.7421,0,0
1,250,25.9187,43.0541,0,0
1,250,25.5286,43.3532,0,0
1,250,25.1287,43.6392,0,0
1,250,24.7195,43.9117,0,0
1,250,24.3014,44.1704,0,0
1,250,23.8749,44.415,0,0
1,250,23.4405,44.6453,0,0
1,250,22.9987,44.861,0,0
1,250,22.55,45.0618,0,0
1,250,22.0948,45.2476,0,0
1,250,21.6336,45.4181,0,0
1,250,21.1671,45.5731,0,0
1,250,20.6956,45.7125,0,0
1,250,20.2198,45.8361,0,0
1,250,19.74,45.9438,0,0
1,250,19.257,46.0354,0,0
1,250,18.7712,46.1109,0,0
1,250,18.2831,46.1701,0,0
1,250,17.7934,46.2131,0,0
1,250,17.3024,46.2397,0,0
1,250,16.8109,46.2499,0,0
1,250,16.3193,46.2437,0,0
1,250,15.8282,46.2212,0,0
1,250,15.3381,46.1823,0,0
1,250,14.8495,46.1271,0,0
1,250,14.3631,46.0556,0,0
1,250,13.8794,45.968,0,0
1,250,13.3988,45.8643,0,0
1,250,12.9219,45.7446,0,0
1,250,12.4493,45.6091,0,0
1,250,11.9815,45.4579,0,0
1,250,11.5189,45.2913,0,0
1,250,11.0622,45.1093,0,0
1,250,10.6118,44.9121,0,0
1,250,10.1683,44.7001,0,0
1,250,9.73199,44.4734,0,0
1,250,9.30352,44.2323,0,0
1,250,8.88332,43.9771,0,0
1,250,8.47187,43.708,0,0
1,250,8.06961,43.4253,0,0
1,250,7.67699,43.1294,0,0
1,250,7.29446,42.8206,0,0
1,250,6.92243,42.4992,0,0
1,250,6.56132,42.1655,0,0
1,250,6.21153,41.82,0,0
1,250,5.87344,41.4631,0,0
1,250,5.54744,41.0951,0,0
1,250,5.23389,40.7164,0,0
1,250,4.93313,40.3275,0,0
1,250,4.6455,39.9287,0,0
1,250,4.37132,39.5206,0,0
1,250,4.11089,39.1036,0,0
1,250,3.8645,38.6782,0,0
1,250,3.63243,38.2448,0,0
1,250,3.41494,37.8039,0,0
1,250,3.21225,37.3559,0,0
1,250,3.02461,36.9015,0,0
1,250,2.85222,36.4411,0,0
1,250,2.69527,35.9752,0,0
1,250,2.55393,35.5043,0,0
1,250,2.42837,35.0289,0,0
1,250,2.31871,34.5497,0,0
1,250,2.22509,34.067,0,0
1,250,2.14761,33.5815,0,0
1,250,2.08635,33.0937,0,0
1,250,2.04138,32.6041,0,0
1,250,2.01276,32.1133,0,0
1,250,2.0005,31.6218,0,0
1,250,2.00464,31.1302,0,0
1,250,27.5,31.5,0,0
1,250,27.4884,31.9998,0,0
1,250,27.4535,32.4986,0,0
1,250,27.3955,32.9951,0,0
1,250,27.3145,33.4885,0,0
1,250,27.2106,33.9775,0,0
1,250,27.0841,34.4612,0,0
1,250,26.9352,34.9385,0,0
1,250,26.7644,35.4083,0,0
1,250,26.5718,35.8697,0,0
1,250,26.358,36.3217,0,0
1,250,26.1234,36.7632,0,0
1,250,25.8686,37.1933,0,0
1,250,25.594,37.6111,0,0
1,250,25.3003,38.0157,0,0
1,250,24.9881,38.4062,0,0
1,250,24.6581,38.7818,0,0
1,250,24.311,39.1416,0,0
1,250,23.9475,39.4849,0,0
1,250,23.5685,39.8109,0,0
1,250,23.1747,40.1189,0,0
1,250,22.767,40.4083,0,0
1,250,22.3463,40.6784,0,0
1,250,21.9135,40.9287,0,0
1,250,21.4696,41.1586,0,0
1,250,21.0154,41.3676,0,0
1,250,20.552,41.5552,0,0
1,250,20.0803,41.7211,0,0
1,250,19.6015,41.8649,0,0
1,250,19.1165,41.9863,0,0
1,250,18.6264,42.085,0,0
1,250,18.1322,42.1608,0,0
1,250,17.6351,42.2135,0,0
1,250,17.136,42.2431,0,0
1,250,16.6361,42.2494,0,0
1,250,16.1364,42.2325,0,0
1,250,15.6381,42.1923,0,0
1,250,15.1421,42.1291,0,0
1,250,14.6497,42.0428,0,0
1,250,14.1617,41.9338,0,0
1,250,13.6794,41.8021,0,0
1,250,13.2037,41.6482,0,0
1,250,12.7357,41.4724,0,0
1,250,12.2764,41.2749,0,0
1,250,11.8268,41.0564,0,0
1,250,11.3878,40.8171,0,0
1,250,10.9604,40.5577,0,0
1,250,10.5455,40.2788,0,0
1,250,10.144,39.9808,0,0
1,250,9.75687,39.6645,0,0
1,250,9.38483,39.3305,0,0
1,250,9.02872,38.9796,0,0
1,250,8.6893,38.6125,0,0
1,250,8.36733,38.23,0,0
1,250,8.06348,37.833,0,0
1,250,7.77842,37.4223,0,0
1,250,7.51277,36.9987,0,0
1,250,7.2671,36.5633,0,0
1,250,7.04194,36.1169,0,0
1,250,6.83777,35.6606,0,0
1,250,6.65505,35.1952,0,0
1,250,6.49416,34.7218,0,0
1,250,6.35545,34.2415,0,0
1,250,6.23923,33.7552,0,0
1,250,6.14574,33.2641,0,0
1,250,6.07518,32.7692,0,0
1,250,6.02772,32.2715,0,0
1,250,6.00344,31.7721,0,0
1,250,6.00242,31.2721,0,0
1,250,27,31.5,0,0
1,250,26.9878,31.9998,0,0
1,250,26.9513,32.4984,0,0
1,250,26.8904,32.9947,0,0
1,250,26.8055,33.4873,0,0
1,250,26.6966,33.9753,0,0
1,250,26.5641,34.4574,0,0
1,250,26.4082,34.9324,0,0
1,250,26.2294,35.3992,0,0
1,250,26.028,35.8568,0,0
1,250,25.8045,36.3041,0,0
1,250,25.5595,36.7398,0,0
1,250,25.2935,37.1632,0,0
1,250,25.0072,37.573,0,0
1,250,24.7012,37.9684,0,0
1,250,24.3764,38.3484,0,0
1,250,24.0333,38.7122,0,0
1,250,23.673,39.0587,0,0
1,250,23.2962,39.3873,0,0
1,250,22.9038,39.6971,0,0
1,250,22.4968,39.9875,0,0
1,250,22.0761,40.2576,0,0
1,250,21.6427,40.5069,0,0
1,250,21.1977,40.7347,0,0
1,250,20.7421,40.9406,0,0
1,250,20.2771,41.124,0,0
1,250,19.8036,41.2846,0,0
1,250,19.3228,41.4218,0,0
1,250,18.836,41.5355,0,0
1,250,18.3442,41.6253,0,0
1,250,17.8485,41.691,0,0
1,250,17.3503,41.7324,0,0
1,250,16.8507,41.7495,0,0
1,250,16.3508,41.7422,0,0
1,250,15.8518,41.7106,0,0
1,250,15.355,41.6546,0,0
1,250,14.8615,41.5745,0,0
1,250,14.3725,41.4705,0,0
1,250,13.8892,41.3427,0,0
1,250,13.4126,41.1915,0,0
1,250,12.944,41.0172,0,0
1,250,12.4845,40.8203,0,0
1,250,12.0351,40.6012,0,0
1,250,11.5969,40.3605,0,0
1,250,11.171,40.0987,0,0
1,250,10.7584,39.8164,0,0
1,250,10.36,39.5144,0,0
1,250,9.97678,39.1932,0,0
1,250,9.60971,38.8538,0,0
1,250,9.25962,38.4969,0,0
1,250,8.92735,38.1233,0,0
1,250,8.6137,37.734,0,0
1,250,8.3194,37.3299,0,0
1,250,8.04515,36.9119,0,0
1,250,7.79162,36.481,0,0
1,250,7.5594,36.0382,0,0
1,250,7.34904,35.5847,0,0
1,250,7.16105,35.1214,0,0
1,250,6.99588,34.6495,0,0
1,250,6.8539,34.1702,0,0
1,250,6.73547,33.6844,0,0
1,250,6.64087,33.1935,0,0
1,250,6.57032,32.6986,0,0
1,250,6.52398,32.2008,0,0
1,250,6.50198,31.7013,0,0
