2452 2 0.5 2e+06 0.2 50 2 0 0.001 0 9.81 35 49
0,250,2.94618,13.6066,-0.143394,2.33138
0,250,2.38577,13.5511,-1.34445,1.86411
0,250,3.13806,13.5902,-0.3902,1.69423
0,250,2.58054,14.0645,0.404592,1.47419
0,250,2.7703,14.3376,-0.33553,1.32231
0,250,2.83063,14.8944,-0.195078,1.60771
0,250,2.38437,14.8446,-0.220876,2.05232
0,250,2.45122,15.6176,1.21775,1.82292
0,250,2.44627,16.2227,-0.567789,2.1004
0,250,2.46697,16.7791,0.595176,1.78485
0,250,2.45079,17.3548,0.441519,2.44299
0,250,2.41707,17.9371,0.0541137,2.06397
0,250,2.4806,18.5657,0.40422,1.80041
0,250,2.44067,19.1513,-0.239295,1.99493
0,250,2.49027,19.6906,-0.217178,1.8325
0,250,2.43333,20.2501,-0.152514,1.84498
0,250,2.45928,20.8114,0.237643,2.00264
0,250,2.4475,21.3532,-0.0510537,2.46739
0,250,2.45353,21.967,0.381771,2.41117
0,250,2.3945,22.8175,0.380357,3.5357
0,250,2.43253,23.5105,-0.313822,3.91836
0,250,2.4075,24.138,-0.61422,3.3045
0,250,2.38004,25.5273,-0.29735,5.20297
0,250,2.4646,26.2727,1.35379,5.80187
0,250,2.35712,26.8078,-2.63234,5.83688
0,250,2.49532,28.0588,1.89074,7.54534
0,250,2.4364,29.1677,0.477484,9.24125
0,250,2.76005,31.5847,1.21382,13.0313
0,250,3.0879,33.3304,1.97118,18.8919
0,250,3.27921,36.5128,1.93493,17.3413
0,250,5.10756,39.9052,11.6817,12.689
0,250,8.73565,42.7171,11.631,11.8452
0,250,10.1511,43.9571,12.7261,5.22209
0,250,10.4179,44.268,19.9512,4.33202
0,250,13.9371,45.0407,20.9584,6.18713
0,250,13.5235,45.3444,18.7527,3.47384
0,250,19.2553,44.9731,18.463,-2.7439
0,250,24.1914,41.9361,16.1868,-8.23419
0,250,24.8367,41.8252,15.9265,-9.88117
0,250,26.4067,40.7529,10.9842,-10.2715
0,250,25.7599,42.066,10.2034,-10.5161
0,250,28.7057,33.6936,7.55439,-15.821
0,250,29.3354,37.5596,5.78476,-11.6015
0,250,27.6472,23.547,-2.92352,-15.9202
0,250,28.8742,36.5077,3.20166,-10.5207
0,250,30.712,33.5393,-7.40013,-13.9201
0,250,28.8256,36.2471,3.62447,-11.0352
0,250,29.4201,22.8875,-3.25555,-15.2151
0,250,28.7122,29.6752,-2.46052,-14.9606
0,250,28.7877,26.6119,-3.74244,-13.6684
0,250,30.2,27.7725,-1.75548,-13.0602
0,250,29.931,26.3153,-2.38337,-13.6376
0,250,30.7954,29.1926,2.3571,-9.71739
0,250,30.7427,32.9419,0.656453,-9.834
0,250,30.0294,26.3011,-0.366553,-17.076
0,250,30.2026,34.4295,-2.0058,-8.70948
0,250,4.02108,13.6574,-0.0373791,1.01182
0,250,3.776,13.6339,0.105895,1.48472
0,250,3.54247,13.9987,-0.0570869,1.08883
0,250,3.24296,14.3383,-0.00548237,1.63658
0,250,3.32371,14.8683,-0.074111,1.51209
0,250,2.79051,15.3335,0.0326021,1.333
0,250,2.8553,15.9255,0.291677,1.84283
0,250,2.89977,16.4897,0.262252,1.06803
0,250,3.26978,17.293,0.35597,2.20279
0,250,2.88609,17.0331,0.773464,1.99753
0,250,2.86178,17.6361,0.261877,2.49989
0,250,2.81569,18.2452,0.246002,2.16943
0,250,2.85,18.8895,-0.311461,2.0621
0,250,2.92439,19.4341,-0.157938,1.74493
0,250,2.88318,19.9643,-0.0266449,1.88121
0,250,2.86846,20.5329,0.205509,2.10232
0,250,2.93734,21.0505,0.274677,2.47074
0,250,2.84395,21.5688,0.197057,2.35399
0,250,2.60977,22.3954,-0.420111,3.01074
0,250,2.77627,23.248,-0.219076,4.04337
0,250,2.79816,23.8527,-0.4192,3.81591
0,250,2.70508,25.8886,-0.738795,3.92428
0,250,2.86908,26.5077,0.410373,5.45703
0,250,2.47833,27.5157,1.44953,6.57939
0,250,2.4253,28.5951,-2.37742,7.93966
0,250,2.37839,29.9978,-0.806285,10.5867
0,250,2.74425,32.382,-0.74834,11.3545
0,250,3.00054,35.4404,4.74553,19.3173
0,250,4.36526,38.3166,10.9076,15.7532
0,250,7.15193,42.1777,12.054,15.1749
0,250,7.62868,42.4801,11.8368,8.68499
0,250,8.93677,43.3705,14.4278,5.26955
0,250,11.1128,44.1891,19.9204,3.95489
0,250,12.6788,45.0074,15.2093,1.14106
0,250,17.1197,45.5731,12.3224,-2.6012
0,250,22.285,43.9498,17.2043,-6.07191
0,250,22.1989,44.5935,12.5237,-8.2404
0,250,22.6431,44.2272,12.6126,-9.72041
0,250,23.7447,41.7845,13.1481,-11.991
0,250,28.0839,39.1228,3.76209,-15.3093
0,250,28.2838,39.8141,1.94312,-7.09945
0,250,26.8531,41.6458,4.56144,-3.72479
0,250,29.387,30.0253,-0.000933448,-13.1533
0,250,28.0254,32.5535,3.31331,-19.8574
0,250,29.1286,35.5106,1.21316,-9.32729
0,250,29.8253,37.621,8.55397,-6.32529
0,250,29.1462,20.8254,-2.771,-15.5585
0,250,29.057,33.1433,-2.69926,-11.7362
0,250,30.2494,30.1806,-0.792448,-10.2695
0,250,29.5389,20.1662,-2.78892,-14.8778
0,250,29.3891,18.3755,-0.773243,-15.3502
0,250,29.6478,36.414,4.80406,-12.0266
0,250,30.377,34.0234,-1.86837,-8.91467
0,250,29.258,33.9596,0.0602118,-15.8632
0,250,25.4159,11.3865,-5.00685,-14.4603
0,250,29.4635,18.689,-1.00338,-15.9404
0,250,4.54351,13.6977,0.126115,1.19686
0,250,4.36608,14.1813,-0.18696,1.47942
0,250,4.20057,14.5176,-0.379929,1.35314
0,250,3.71562,14.5259,-0.341029,1.43139
0,250,3.49241,15.3014,0.266088,1.31445
0,250,3.25145,15.6563,-0.015789,1.4991
0,250,3.3465,16.2111,0.192805,1.57939
0,250,3.36095,16.7007,-0.161435,1.88021
0,250,3.63953,17.5715,-0.0492783,2.71026
0,250,3.23158,17.9337,0.255816,2.8898
0,250,3.24113,18.4933,-0.0301443,2.55148
0,250,3.32408,19.0351,-0.12865,2.12579
0,250,3.41676,19.5358,-0.493959,2.12844
0,250,3.38515,19.9876,0.301526,2.29159
0,250,3.30261,20.451,0.244305,2.05361
0,250,3.41611,21.0123,-0.106179,2.59344
0,250,3.3395,21.4766,-0.00592635,3.07098
0,250,2.99197,22.0284,-0.408798,2.92316
0,250,2.9497,22.8201,-0.705825,3.23295
0,250,3.11617,24.191,-0.729845,4.41605
0,250,2.41605,24.807,0.338875,3.45188
0,250,2.71133,25.2351,-0.635728,4.65968
0,250,3.13344,25.9892,-0.862947,3.67622
0,250,2.7399,27.2158,-0.374472,4.95701
0,250,2.97168,30.079,-2.31008,9.77972
0,250,2.60586,29.6597,-2.19425,11.1821
0,250,2.43853,30.5762,0.774222,10.0184
0,250,2.91155,33.7501,5.17221,12.3483
0,250,3.1436,35.9574,6.11472,11.2912
0,250,6.19884,40.2396,11.253,15.9102
0,250,8.14885,42.4732,15.9117,12.6526
0,250,9.69617,44.0621,8.85622,8.44103
0,250,14.1586,44.6553,20.8317,2.56736
0,250,12.1949,44.5654,19.8151,6.64343
0,250,17.9364,45.813,12.2986,3.98572
0,250,20.0747,44.2914,19.9573,-7.6717
0,250,20.5759,44.2769,24.7359,-5.77959
0,250,26.3976,38.9928,10.8495,-11.1722
0,250,27.2104,40.4753,7.02042,-8.45179
0,250,27.7555,40.1513,4.84751,-8.18716
0,250,26.1094,41.5583,10.7421,-7.02605
0,250,27.8877,34.9544,2.15323,-11.5242
0,250,28.7865,39.035,-1.86153,-0.76214
0,250,29.0783,30.4019,-1.90233,-14.3624
0,250,28.0742,21.2658,-3.40833,-16.822
0,250,30.3306,28.64,1.25533,-12.0925
0,250,30.2326,33.0192,-0.536351,-9.91369
0,250,30.5205,23.6769,0.569748,-10.5902
0,250,29.7402,33.9498,-6.07431,-9.1119
0,250,30.9173,28.2729,0.853868,-10.3084
0,250,30.2684,27.04,-2.64199,-12.6023
0,250,28.6399,17.3028,-2.63472,-15.8585
0,250,29.8563,27.7428,-1.03631,-14.1335
0,250,29.5037,25.7478,-2.36296,-15.4094
0,250,30.0569,22.1977,-5.01676,-10.9569
0,250,22.4011,9.19477,-7.51456,-11.9609
0,250,5.33428,13.7755,-0.423179,1.64098
0,250,4.80583,13.7509,-0.0511816,1.57715
0,250,4.89819,14.3235,-0.273416,1.4606
0,250,3.89553,14.9878,-0.126079,1.55822
0,250,4.00796,15.5449,-0.115147,1.40047
0,250,3.73618,15.9368,-0.0489604,1.40658
0,250,3.88348,16.4622,-0.105499,1.8138
0,250,3.73478,17.0063,-0.0768849,1.92153
0,250,4.07564,17.903,0.262415,2.13295
0,250,3.66579,18.1618,0.22797,2.16117
0,250,3.70578,18.6839,0.01238,2.16599
0,250,3.82017,19.2485,-0.301781,1.93058
0,250,3.87233,20.1569,0.0130442,2.64013
0,250,3.75919,20.6693,-0.126652,2.90523
0,250,3.80726,21.5702,0.0252866,2.8921
0,250,3.49426,21.985,-0.193671,2.96647
0,250,3.23083,22.4685,-0.48928,3.13802
0,250,3.40967,23.0313,-1.08298,3.9706
0,250,3.18666,23.5311,-0.67901,3.79204
0,250,3.51434,24.2377,-1.07764,4.13135
0,250,2.74242,24.5083,-0.867003,3.5151
0,250,3.09873,25.4418,-0.129793,3.92791
0,250,3.02308,26.8823,-1.18157,6.5793
0,250,2.84095,28.0205,0.873277,9.18866
0,250,2.82595,30.5477,1.00661,11.8189
0,250,2.58634,32.1153,-6.794,11.403
0,250,2.90835,34.9452,2.90468,15.5342
0,250,4.29526,37.1025,4.53833,14.7441
0,250,6.76596,41.1106,16.0793,12.5073
0,250,6.02374,40.9098,13.1921,18.3671
0,250,11.8418,44.0877,15.3399,5.2847
0,250,15.9142,44.7655,22.5638,2.13248
0,250,12.3627,44.946,16.7071,6.73124
0,250,17.4374,44.7642,17.0173,-13.382
0,250,15.7421,45.5384,18.2969,1.81021
0,250,18.6499,45.0986,16.0265,-4.04533
0,250,25.0704,43.2725,11.1215,-2.15363
0,250,23.5665,43.9787,1.02823,-14.2108
0,250,25.2857,42.2892,9.10813,-16.1536
0,250,27.2092,40.745,10.7836,-7.14271
0,250,26.2409,42.446,7.66974,-9.66372
0,250,29.1351,31.6867,0.692427,-14.641
0,250,28.476,39.2254,10.7121,-13.7884
0,250,29.512,26.8568,-0.81779,-14.8052
0,250,30.1788,30.0043,-3.86758,-8.37288
0,250,30.7576,28.5113,-0.0707495,-10.975
0,250,29.8688,35.2487,-1.93946,-8.39981
0,250,30.7938,32.6457,0.0946032,-0.939058
0,250,30.4107,25.317,-2.41528,-13.3132
0,250,31.0427,29.4368,1.56853,-9.71084
0,250,29.9708,30.6167,0.37308,-11.4528
0,250,30.971,30.0018,3.04072,-8.84847
0,250,27.9871,13.8501,-3.63537,-12.709
0,250,25.4791,13.2632,-6.76993,-12.9462
0,250,22.9207,9.52182,-6.66526,-12.1395
0,250,25.4597,13.1594,-6.54562,-13.6517
0,250,5.57901,13.6977,-0.251566,1.91359
0,250,5.34139,14.3764,-0.0343795,2.1036
0,250,4.68802,14.7656,-0.0937788,1.40467
0,250,4.35556,15.191,0.0761826,1.53157
0,250,4.51339,15.6774,-0.136891,2.16641
0,250,4.23724,16.1373,-0.0156781,1.88033
0,250,4.23134,16.8444,-0.611031,1.87549
0,250,4.11206,17.3666,-0.163839,2.48462
0,250,4.2297,18.3276,-0.183703,2.21062
0,250,4.14975,18.8328,-0.239655,2.24776
0,250,4.33296,19.3153,-0.49687,2.1749
0,250,4.00975,19.7426,-0.489803,2.46297
0,250,4.22107,20.5629,-0.186313,3.10788
0,250,3.99443,21.1221,-0.113236,2.68716
0,250,4.31156,21.6535,0.0364542,3.00869
0,250,4.00108,22.079,-0.196106,3.38401
0,250,3.70244,22.4946,-0.988929,3.44947
0,250,3.7998,23.1349,-0.958485,3.53138
0,250,3.55362,23.6756,-0.766133,3.91597
0,250,3.43736,24.7963,-0.452691,3.86858
0,250,3.06592,24.8757,-0.340366,4.29644
0,250,3.42922,26.2208,-1.19687,5.37381
0,250,3.11181,27.592,-0.480254,6.5008
0,250,2.96072,28.555,-3.40087,7.99944
0,250,2.88069,28.9519,-1.26957,7.9809
0,250,2.65829,31.0433,-1.62208,10.1131
0,250,2.56945,33.3079,7.79692,19.069
0,250,4.86024,37.1235,10.3506,19.1169
0,250,4.54893,39.0157,7.45786,17.9867
0,250,6.49504,41.483,10.8966,12.6578
0,250,7.90026,42.8518,20.3115,1.61199
0,250,9.27295,43.5683,16.717,9.36771
0,250,18.2053,43.9502,16.2547,-4.80584
0,250,14.8858,44.6993,26.6818,4.41287
0,250,20.0892,44.8458,19.9857,-8.17518
0,250,23.8781,43.5115,11.2133,-19.2427
0,250,19.9023,45.3905,14.3908,-7.52662
0,250,26.7398,38.0446,7.34811,-12.9274
0,250,28.8241,32.6101,3.06487,-15.0003
0,250,28.0854,36.1704,3.86539,-10.277
0,250,28.5196,37.651,12.4139,-8.31719
0,250,29.9595,29.2351,-0.744448,-11.543
0,250,29.4392,31.7768,-1.4683,-13.4533
0,250,29.3352,31.0297,-3.15145,-11.181
0,250,30.3065,36.1023,-1.09713,-8.69016
0,250,28.5835,36.8568,3.93836,-9.53988
0,250,31.3067,24.5364,1.96369,-6.59433
0,250,30.7001,23.0784,2.23335,-10.5792
0,250,28.8612,18.5572,-2.33699,-14.4564
0,250,30.2156,18.025,-0.579085,-14.1013
0,250,26.047,17.3363,-5.33685,-14.3164
0,250,25.688,6.59427,-4.22538,-16.529
0,250,23.1475,11.2264,-7.49194,-12.936
0,250,29.8877,16.6255,-0.958676,-12.2369
0,250,23.4102,4.24756,-6.55037,-14.2298
0,250,31.0158,15.6989,-2.29821,-1.2387
0,250,6.03603,13.7983,0.188678,1.5391
0,250,5.81492,14.2897,-0.547856,1.59552
0,250,5.1851,14.841,-0.23709,1.7962
0,250,4.8667,15.2714,-0.142779,1.74805
0,250,4.85147,16.0242,-0.32859,2.25918
0,250,4.56916,16.487,-0.289478,2.29909
0,250,4.61524,17.1875,0.0652703,2.39803
0,250,4.55658,17.6873,0.11841,1.85738
0,250,4.70812,18.3029,-0.0426468,2.28036
0,250,4.6405,18.8012,0.0726283,1.93026
0,250,4.74559,19.4468,-0.704657,2.32338
0,250,4.42426,19.9397,-0.428336,2.46063
0,250,4.6135,20.4407,-0.18413,2.37854
0,250,4.43055,21.1529,-0.372581,2.79117
0,250,4.73655,21.7677,-0.180831,3.33403
0,250,4.42693,22.2486,-0.665331,3.18137
0,250,4.09937,22.7097,-1.22807,3.54194
0,250,4.15416,23.422,-0.955455,3.06903
0,250,3.95522,23.887,-1.26652,3.9236
0,250,3.87657,24.5159,-0.936771,4.02175
0,250,3.51212,25.5071,-0.278086,5.12108
0,250,3.85162,25.792,-0.911862,5.83927
0,250,3.46795,26.749,-2.01506,4.63571
0,250,3.023,29.3914,-2.50411,8.6439
0,250,3.15662,30.9275,-4.48726,14.3025
0,250,2.47669,32.6862,-3.31351,8.42792
0,250,4.01159,36.8803,7.95479,17.5547
0,250,4.38991,37.6588,8.85469,15.3816
0,250,4.0529,37.5784,6.22436,15.5592
0,250,6.58356,40.852,9.64057,15.1335
0,250,7.00033,41.799,14.8636,14.1595
0,250,8.45529,42.9648,11.9291,10.0759
0,250,13.5202,44.78,25.7464,3.562
0,250,19.579,44.6671,17.2264,-1.12862
0,250,19.1457,44.1901,18.5315,-9.5802
0,250,22.169,43.4777,21.2277,-9.68654
0,250,23.4066,43.9024,13.9982,-6.19083
0,250,24.6915,42.4121,12.5881,-13.2763
0,250,26.2986,41.5765,7.04576,-10.6711
0,250,29.6682,37.0848,3.85465,-6.63673
0,250,28.0649,37.9357,5.52256,-14.7883
0,250,28.2312,38.5953,6.51411,-12.9807
0,250,29.1112,35.2168,3.01889,-12.8119
0,250,30.7091,25.7955,3.49335,-12.6194
0,250,29.6009,34.1528,-0.144729,-12.113
0,250,30.4434,31.8276,-5.09583,-6.5671
0,250,29.741,23.0403,0.713817,-12.7603
0,250,30.6658,35.481,0.17459,-2.11139
0,250,29.8454,24.6473,-3.46049,-13.1363
0,250,30.6644,26.651,-2.11178,-9.7133
0,250,30.5671,17.9669,-1.70153,-12.8009
0,250,31.102,30.3678,-2.86774,-4.57581
0,250,23.0823,11.3221,-6.48218,-13.9045
0,250,22.3779,9.3069,-6.52209,-13.0082
0,250,28.7802,6.13316,-0.663219,-15.1488
0,250,28.7416,6.15582,-2.25743,-16.9478
0,250,6.3413,13.8581,0.00399018,1.98718
0,250,5.82636,14.7612,-0.30293,1.88262
0,250,5.55295,15.1787,-0.328149,2.18342
0,250,5.19436,15.6119,-0.443875,2.18208
0,250,5.2817,16.1449,-0.0863451,2.24805
0,250,4.96536,16.6929,0.0655675,2.35274
0,250,5.06414,17.222,0.0782269,2.2744
0,250,4.93395,17.8688,-0.0201435,2.1984
0,250,5.18582,18.432,0.138234,2.43908
0,250,5.04807,18.9674,-0.58732,2.45098
0,250,5.21515,19.4933,-0.557821,2.45888
0,250,4.90151,19.9633,-0.63152,2.32987
0,250,5.10531,20.4884,-0.584514,2.24974
0,250,4.80926,20.9428,-0.423898,2.32602
0,250,5.01597,21.3907,-0.556916,3.09035
0,250,4.82148,22.3806,-0.725279,3.53375
0,250,4.47478,22.8905,-1.0643,4.15568
0,250,4.56309,23.436,-0.934098,3.4357
0,250,4.26224,24.1766,-0.822932,4.27746
0,250,4.19614,24.8845,-1.19283,4.06307
0,250,3.76401,25.1392,-0.265005,5.03716
0,250,3.81751,26.4493,-0.836515,6.19735
0,250,3.44704,27.3044,-0.746017,6.08721
0,250,3.38141,28.3409,-1.66582,7.46138
0,250,3.31038,29.8741,-1.53845,12.0176
0,250,3.05621,31.5917,-1.82103,14.6837
0,250,3.57829,36.0683,9.88864,20.365
0,250,4.96792,37.9854,10.6187,18.8542
0,250,3.61447,37.2384,3.91306,17.9978
0,250,5.86995,40.5843,15.2949,12.254
0,250,9.21009,43.0255,14.6465,7.96739
0,250,12.6901,44.063,18.5452,4.17022
0,250,14.8503,44.3597,23.2891,3.45596
0,250,14.5912,45.113,20.5291,1.25464
0,250,16.6051,45.0726,21.2013,2.36426
0,250,21.8897,44.1683,18.5218,-9.55643
0,250,21.8438,44.6641,10.529,-4.70305
0,250,24.1901,43.6403,18.8565,-10.7655
0,250,27.2837,38.5994,11.5351,-11.5674
0,250,27.5885,34.3115,0.246004,-12.1662
0,250,27.095,41.2025,4.98153,-7.71485
0,250,28.7703,30.5644,-0.809267,-15.6987
0,250,30.2168,35.8886,4.62296,-14.5567
0,250,30.1219,36.8597,2.73026,-9.11594
0,250,30.2446,30.9282,-2.4444,-13.6411
0,250,28.6949,33.9212,4.95685,-14.5791
0,250,28.9606,21.9731,-2.07013,-15.9346
0,250,30.3522,34.7106,-2.20735,-7.34064
0,250,26.3005,14.211,-3.9633,-16.5209
0,250,29.9134,18.1365,-0.0883849,-14.4621
0,250,29.3614,29.6959,-3.14502,-13.5542
0,250,26.8012,12.6524,-3.41955,-13.9416
0,250,29.3436,15.212,-1.55842,-12.5216
0,250,27.8349,14.495,-3.55029,-14.294
0,250,26.9963,12.6859,-4.89617,-15.5559
0,250,26.7732,13.5521,-4.15321,-14.7965
0,250,6.83405,13.7128,0.161368,1.95875
0,250,6.31661,14.4832,0.114263,1.84437
0,250,6.03947,15.2743,-0.00237528,2.15528
0,250,5.67349,15.6882,-0.181949,2.19777
0,250,5.77734,16.241,0.056524,2.2613
0,250,5.40862,16.678,-0.194695,2.0073
0,250,5.58644,17.165,-0.126062,2.11872
0,250,5.36246,17.6274,0.000960981,2.06977
0,250,5.50473,18.1172,-0.313737,1.99487
0,250,5.49497,18.899,-0.206869,2.20377
0,250,5.66094,19.4783,-0.375727,2.15093
0,250,5.38782,20.0185,-0.603139,2.66804
0,250,5.58282,20.5372,-0.698541,2.28306
0,250,5.34341,20.9784,-0.775415,2.55983
0,250,5.50544,21.5538,-0.741181,2.70804
0,250,5.1756,21.951,-0.22904,3.32986
0,250,4.89762,22.9527,-1.19037,3.72295
0,250,5.04163,23.5388,-0.501304,3.12972
0,250,4.65959,23.9279,-1.30315,3.52715
0,250,4.53341,24.5498,-1.32149,4.94926
0,250,4.21704,25.4154,-0.798083,4.89527
0,250,4.2271,25.9449,-1.77451,5.0523
0,250,3.85498,27.1474,-1.54154,6.47474
0,250,3.43852,27.9255,-1.60556,6.47873
0,250,3.40907,29.201,-2.62311,8.13141
0,250,3.4703,31.3836,-1.30702,14.7927
0,250,3.35107,32.3773,3.68473,17.0808
0,250,3.87775,36.2557,5.88138,19.3743
0,250,4.19514,38.0801,7.33072,9.62099
0,250,4.94146,39.4465,6.57776,16.7514
0,250,7.77192,42.1837,17.5893,12.9834
0,250,9.58585,43.0096,16.9728,17.2
0,250,10.9895,44.5235,12.8394,8.8744
0,250,14.802,45.3131,21.3709,0.24657
0,250,14.5325,45.7191,18.437,4.5385
0,250,20.5054,44.7776,24.2002,-5.09966
0,250,21.1258,43.9973,16.6684,-6.71275
0,250,25.307,41.8757,11.7736,-13.6273
0,250,27.272,36.4884,9.82621,-14.0198
0,250,27.8725,38.0019,6.47413,-13.1546
0,250,29.763,32.4535,4.04969,-14.8421
0,250,29.4902,38.2884,-1.51315,-6.42754
0,250,27.8948,40.2032,-0.137267,-11.8878
0,250,29.8565,34.7356,1.57392,-11.566
0,250,29.4981,27.8436,-1.37792,-14.3159
0,250,30.1596,35.1991,2.11679,-0.89261
0,250,29.2013,20.2121,-3.14832,-13.6759
0,250,29.5667,19.8479,-1.26054,-12.6908
0,250,30.6062,30.7743,-1.43031,-12.3864
0,250,28.6279,17.2889,-2.10844,-14.6384
0,250,29.3605,24.5981,-1.20337,-14.6707
0,250,28.3837,20.3661,-2.69097,-14.8862
0,250,25.3031,11.4682,-5.40937,-15.1067
0,250,28.2926,11.2443,-3.78836,-15.3682
0,250,17.1714,7.67375,9.99032,-9.81527
0,250,25.7971,7.93037,-5.42242,-14.9663
0,250,7.07596,13.7146,-0.0217845,1.99249
0,250,6.73183,14.2707,-0.0662288,1.99606
0,250,6.38828,14.9293,-0.0901358,2.04527
0,250,6.1491,15.8304,-0.198963,2.36216
0,250,6.26596,16.3526,-0.187354,2.13385
0,250,5.93397,16.7438,-0.0738834,2.12687
0,250,6.1688,17.1448,-0.165283,2.09752
0,250,5.87911,17.5997,-0.162138,1.63835
0,250,6.05501,18.0297,-0.458547,1.81544
0,250,5.79667,18.5165,-0.44718,1.9279
0,250,5.95554,19.0736,-0.458197,2.41573
0,250,5.85304,20.0023,-0.428903,2.31215
0,250,6.0216,20.5225,-0.773004,2.36619
0,250,5.77643,21.1746,-0.531406,2.82451
0,250,5.947,21.7731,-0.700237,2.99401
0,250,5.58748,22.1488,-0.590177,2.97422
0,250,5.23964,22.5643,-0.635057,3.68339
0,250,5.33222,23.1575,-0.741321,3.39963
0,250,5.06185,24.1172,-0.987499,3.43133
0,250,4.9556,24.6133,-0.996744,3.17958
0,250,4.62609,25.1796,-1.10365,4.58505
0,250,4.63483,26.1475,-1.50265,5.82966
0,250,4.20721,26.5221,-1.26444,5.79331
0,250,3.86719,27.6607,-1.60193,6.66702
0,250,3.92389,28.239,-1.47346,9.07147
0,250,3.70501,29.6672,-2.5995,9.35272
0,250,3.34739,32.0699,0.49111,20.9147
0,250,3.02231,34.0837,4.14564,14.3482
0,250,5.6936,38.2118,10.5192,16.0423
0,250,5.08855,39.0774,8.40746,21.248
0,250,7.62564,41.6887,14.3045,16.6155
0,250,9.04837,42.3642,16.7702,10.434
0,250,10.6742,44.0488,15.3281,10.7842
0,250,15.5146,45.1932,19.7793,4.29056
0,250,13.0773,45.2696,15.2813,6.71829
0,250,18.1919,44.8123,21.5842,-3.22718
0,250,22.8821,43.8961,14.1003,-9.54169
0,250,24.4267,43.0357,12.1762,-11.7486
0,250,26.529,39.9424,13.4672,-11.8722
0,250,27.3896,39.6046,10.7697,-11.1353
0,250,28.6237,35.8382,3.24371,-15.0267
0,250,27.8475,38.5105,6.0758,-11.7073
0,250,28.929,38.179,2.77829,-6.3889
0,250,29.4325,28.5586,-0.0882749,-14.7158
0,250,29.6962,33.4326,-2.79443,-11.1822
0,250,28.0705,20.4311,-2.88554,-14.8528
0,250,30.9653,30.9523,1.83886,-13.6338
0,250,30.1636,23.3792,-0.695394,-12.23
0,250,30.8094,26.6443,-1.20101,-11.5706
0,250,28.1507,13.6681,0.802458,-12.8619
0,250,27.1441,13.0447,-4.18666,-15.7685
0,250,29.0089,19.7541,-1.73872,-14.822
0,250,28.3732,11.1616,-3.59461,-15.1846
0,250,25.7197,7.8769,-6.12855,-15.9454
0,250,29.6156,12.5855,-2.39589,-10.9584
0,250,25.5517,7.02333,-4.12417,-16.6308
0,250,7.34132,14.156,-0.269357,2.30444
0,250,7.00479,14.6307,-0.313715,2.24645
0,250,6.86293,15.086,-0.356563,2.42736
0,250,6.55197,15.5081,-0.523839,2.41539
0,250,6.67097,15.9913,0.0435711,2.11901
0,250,6.61532,16.6723,-0.0992458,2.36028
0,250,6.67908,17.1151,-0.397416,2.00421
0,250,6.41946,17.5962,-0.403537,1.93641
0,250,6.62711,18.0376,-0.336703,1.66404
0,250,6.29303,18.4685,-0.590631,1.85609
0,250,6.38912,18.9653,-0.420869,1.86868
0,250,6.16049,19.6044,-0.339813,2.18442
0,250,6.37001,20.108,-0.476766,2.17319
0,250,6.1895,20.9852,-0.591553,2.3098
0,250,6.29952,21.4859,-0.780554,2.7504
0,250,6.03264,22.3345,-0.631916,2.63356
0,250,5.66652,22.7288,-0.534511,3.40318
0,250,5.7437,23.3108,-0.858262,3.52976
0,250,5.44669,23.824,-0.634607,4.06053
0,250,5.4162,24.4619,-0.929363,4.08383
0,250,4.74134,25.6298,-1.99546,5.49783
0,250,5.0813,25.9163,-2.87206,4.71263
0,250,4.65905,26.6613,-0.988255,5.61002
0,250,4.25748,27.9006,-3.71789,4.95309
0,250,3.56903,28.7539,-3.74463,7.7068
0,250,3.37771,30.3357,-3.09493,11.0536
0,250,3.88644,29.2094,-3.80096,8.2053
0,250,3.59684,33.8297,4.14371,17.1342
0,250,3.56362,35.545,2.88445,17.9596
0,250,5.07907,38.3833,8.82454,19.8056
0,250,5.41742,40.4138,15.8083,10.7323
0,250,7.27561,41.5462,14.4332,18.3436
0,250,10.187,42.9718,17.7672,13.0707
0,250,11.6808,44.5559,15.2306,7.71532
0,250,15.2745,45.0323,22.2853,4.16025
0,250,15.0973,45.7331,17.7954,4.43044
0,250,18.7979,44.6686,20.797,-7.30918
0,250,22.2571,42.993,23.5715,-11.2465
0,250,23.2401,43.2312,14.5214,-9.46922
0,250,29.2923,37.0412,6.05544,-8.27467
0,250,29.6161,36.0276,3.30641,-11.6183
0,250,26.7384,40.9481,9.85886,-13.0235
0,250,30.088,31.5733,-0.535024,-11.9462
0,250,29.6914,29.3977,0.280881,-14.1491
0,250,29.4185,35.7232,8.38727,-12.3872
0,250,27.7015,21.5196,-1.97762,-15.7021
0,250,28.6266,24.0638,-2.25957,-18.2998
0,250,27.3747,19.3999,-2.8804,-12.7374
0,250,29.4473,21.4805,-2.54271,-14.23
0,250,29.1469,18.8476,-1.9803,-12.7557
0,250,27.6706,14.909,-3.78379,-15.4319
0,250,24.3807,15.8896,-5.77769,-11.8784
0,250,25.9297,10.7967,-3.42031,-14.4543
0,250,29.0675,12.0874,-0.812546,-14.1942
0,250,25.382,6.93807,-4.8675,-17.4837
0,250,22.941,9.61724,-6.48599,-12.9899
0,250,7.68126,13.7176,-0.195768,2.4056
0,250,7.63925,14.4301,-0.366922,2.04035
0,250,7.37703,14.9449,-0.342243,2.27874
0,250,7.06487,15.5732,-0.306512,2.24082
0,250,7.03955,16.2276,-0.436999,2.59344
0,250,7.11348,16.7429,-0.270208,2.1633
0,250,7.20606,17.2697,-0.153482,1.95984
0,250,6.96449,17.6497,-0.356792,1.90354
0,250,7.16878,18.1598,-0.332035,2.09722
0,250,6.79604,18.541,-0.783413,1.86319
0,250,6.94063,18.983,-0.491863,2.00643
0,250,6.58793,19.4238,-0.606406,2.16025
0,250,6.78913,19.8794,-0.433841,2.38014
0,250,6.54132,20.5493,-0.70777,2.36815
0,250,6.67059,21.1392,-0.566072,2.6926
0,250,6.42618,22.0035,-0.613704,2.49697
0,250,6.11081,22.8695,-0.909537,3.12867
0,250,6.18006,23.3941,-0.775189,2.88154
0,250,5.84854,23.8795,-0.294298,3.33158
0,250,5.8574,24.3858,-0.952729,4.03061
0,250,5.08487,25.0911,-1.91047,3.54224
0,250,5.35654,25.373,-2.13411,4.49224
0,250,5.16092,26.4071,-0.368421,4.83019
0,250,4.25043,27.0567,-1.52383,5.45783
0,250,4.4741,27.3659,-2.13054,6.37906
0,250,4.04853,28.6811,-4.41155,7.70012
0,250,4.45755,28.386,-2.89947,5.34341
0,250,3.81009,31.9871,-0.41012,17.1724
0,250,3.04692,32.9105,-0.542611,15.1952
0,250,4.3722,36.4617,8.24034,15.7451
0,250,6.48458,40.3638,13.8837,15.7706
0,250,7.40817,40.9161,15.6897,15.13
0,250,8.75791,42.1443,14.1631,11.642
0,250,10.9989,43.6661,16.3905,2.07316
0,250,13.5538,44.2526,21.9498,5.17788
0,250,14.1354,45.573,15.7828,5.91902
0,250,19.3964,45.2374,5.5346,-2.26344
0,250,18.487,45.4653,8.36571,-5.99153
0,250,25.6548,41.5578,10.3711,-5.04445
0,250,27.567,36.8498,10.6753,-11.7784
0,250,27.0795,37.0836,6.63796,-10.5842
0,250,28.3194,37.0894,9.1552,-8.1407
0,250,28.9292,28.8523,0.0213235,-14.679
0,250,30.2356,33.4213,-3.31388,-11.7875
0,250,29.035,26.1183,-2.0085,-14.654
0,250,30.239,25.4655,-1.20736,-14.3326
0,250,30.9259,25.6042,4.41107,-11.1013
0,250,29.1717,19.5485,-1.02679,-15.0775
0,250,28.286,20.7912,-2.91614,-14.6952
0,250,28.4108,14.8509,-2.39663,-15.5596
0,250,28.8593,16.8386,-0.970161,-14.3395
0,250,28.6248,13.8059,-1.01857,-14.8382
0,250,29.2727,12.1709,-2.50174,-13.4506
0,250,26.0917,10.9567,-3.8948,-15.0385
0,250,28.9526,14.3297,-4.47619,-10.5174
0,250,25.5986,10.9705,-4.40071,-15.2589
0,250,7.923,13.6753,-0.168614,2.3014
0,250,8.1275,14.1055,-0.262072,2.33896
0,250,7.91195,14.7933,-0.422318,2.48859
0,250,7.598,15.3314,-0.330217,2.13241
0,250,7.43415,15.818,-0.546174,2.38629
0,250,7.52164,16.3402,-0.524421,2.4258
0,250,7.59496,16.8981,-0.107101,2.35615
0,250,7.72677,17.443,-0.0651623,1.90621
0,250,7.51069,17.8322,-0.495913,1.84767
0,250,7.37208,18.5665,-0.931318,2.54501
0,250,7.46228,19.0418,-0.118417,2.64287
0,250,7.12343,19.4474,-0.460503,2.32633
0,250,7.38964,19.8835,-0.585846,2.11103
0,250,7.06593,20.2538,-0.174422,2.1404
0,250,6.96828,20.7308,-1.19543,2.13738
0,250,6.82919,21.6281,-0.373659,2.46286
0,250,6.52319,22.5008,-0.792286,2.50605
0,250,6.59359,22.9738,-0.706857,2.46211
0,250,6.34181,23.877,-0.408186,3.10456
0,250,6.31024,24.3758,-1.18618,3.92795
0,250,5.62934,24.8939,-1.39479,4.1245
0,250,5.88251,25.3914,-1.85537,4.41424
0,250,5.52876,25.8151,-2.28695,3.64835
0,250,4.96304,26.9183,-2.33538,5.15719
0,250,4.97058,27.4163,-2.21355,6.74992
0,250,4.7193,27.8234,-2.9925,4.55793
0,250,4.95835,28.2237,-5.16253,8.65015
0,250,3.93042,30.11,-3.63232,11.316
0,250,3.62934,30.7609,-3.91497,11.6779
0,250,3.24862,34.801,2.18079,17.734
0,250,3.99988,35.7297,8.60743,19.2764
0,250,6.15752,38.8478,13.5942,20.2519
0,250,8.27639,41.9124,17.047,15.6539
0,250,10.3217,43.4498,16.8012,5.39309
0,250,12.1187,43.8797,21.9489,7.85458
0,250,12.6472,43.6093,20.9473,6.94399
0,250,16.3595,44.6815,20.2857,1.13074
0,250,22.6293,43.4569,12.2765,-4.56788
0,250,25.89,39.6754,12.3944,-13.9588
0,250,27.1508,39.9447,10.6756,-7.49961
0,250,28.9335,37.3952,11.8421,-8.95041
0,250,25.7272,42.6093,14.385,-5.4506
0,250,30.3529,32.0833,-1.37085,-5.4071
0,250,29.3977,34.8301,5.21378,-12.4175
0,250,28.5686,33.1812,2.16786,-15.8929
0,250,28.7615,24.8377,-1.82949,-13.9494
0,250,30.2372,29.0347,0.726813,-9.78992
0,250,30.2896,27.2564,-1.98873,-13.5396
0,250,29.8948,21.0418,-0.100757,-11.0931
0,250,25.8797,17.481,-4.68105,-15.1182
0,250,28.4736,14.9771,-3.20829,-13.1746
0,250,27.5051,14.3292,-2.9204,-14.0424
0,250,28.5341,14.2522,-1.35885,-13.0234
0,250,24.4571,15.9826,-5.49708,-11.2655
0,250,29.389,15.1247,-2.9455,-13.9973
0,250,30.7983,15.8639,-3.2265,-5.34378
0,250,8.52269,13.653,0.0659745,2.36599
0,250,8.34826,14.4675,-0.414331,2.16931
0,250,8.20687,15.1284,-0.470652,2.48957
0,250,8.01737,15.5894,-0.406344,2.36576
0,250,7.96844,16.0331,-0.486167,2.47391
0,250,7.98964,16.5418,-0.468741,2.31881
0,250,8.05652,17.1304,0.0236196,1.98856
0,250,8.18064,17.8344,-0.252993,2.49688
0,250,7.87013,18.1634,-0.529091,1.82254
0,250,7.87889,18.6315,-0.568398,1.79436
0,250,7.6968,19.4941,-0.278653,2.27762
0,250,7.97507,19.9194,-0.234858,2.56607
0,250,7.63242,20.3145,-0.336379,2.28747
0,250,7.44239,20.7611,-1.02361,2.02578
0,250,7.18097,21.2679,-0.544369,2.21862
0,250,6.92589,22.1006,-0.646568,2.30524
0,250,7.05936,22.5766,-0.768664,2.48953
0,250,7.13827,22.9828,-0.706833,2.12126
0,250,6.68777,23.4338,-1.0788,2.57259
0,250,6.81569,23.9268,-0.821197,3.55064
0,250,6.09917,24.912,-1.70773,4.52178
0,250,6.51547,24.9307,-1.25142,3.46895
0,250,6.22519,25.5734,-1.9297,4.82432
0,250,5.5441,26.4996,-1.83114,3.95854
0,250,5.84921,26.0852,-2.08163,3.15825
0,250,5.42511,27.0451,-3.18744,5.34901
0,250,5.36261,27.586,-3.60612,6.34464
0,250,4.3193,29.2001,-4.56282,8.10845
0,250,4.60189,28.827,-4.00818,5.96818
0,250,4.00015,30.6545,-1.8251,14.4471
0,250,3.5455,32.9956,1.56794,18.1959
0,250,5.12086,37.7748,11.4996,22.0276
0,250,6.04573,39.8908,10.1542,16.2568
0,250,7.07176,40.6087,18.2212,15.7772
0,250,8.31672,41.4587,17.744,18.2028
0,250,12.7782,44.3438,18.5208,7.69755
0,250,15.9406,44.2786,22.7393,5.15485
0,250,18.0807,45.271,28.188,1.74358
0,250,17.4736,45.4444,20.476,-1.79833
0,250,20.4569,45.3145,20.7195,0.136093
0,250,21.26,44.5889,15.2169,-2.17696
0,250,27.4874,37.4664,8.97732,-14.6994
0,250,27.6114,36.4538,8.16124,-11.452
0,250,27.1531,37.997,5.68061,-13.1962
0,250,28.3703,35.5518,4.31057,-15.2655
0,250,28.8058,32.3235,1.11166,-15.1027
0,250,28.8687,26.6321,-3.22383,-15.4423
0,250,28.8197,22.9167,-3.5354,-15.6898
0,250,29.6686,32.8616,-3.55412,-8.73684
0,250,29.8085,32.2361,-1.15411,-11.3228
0,250,29.3329,21.3335,-2.64571,-14.8761
0,250,27.1493,14.2073,-3.31898,-16.8638
0,250,29.6807,16.7593,-2.30124,-11.3557
0,250,27.7117,15.1001,-3.58378,-15.4471
0,250,29.624,16.387,-0.995765,-12.6709
0,250,30.2202,22.2839,-3.12926,-10.4293
0,250,8.71027,13.6544,0.0323211,2.52733
0,250,9.07546,14.022,-0.175914,2.39452
0,250,8.66923,14.8816,-0.295145,2.3321
0,250,8.61139,15.4371,-0.100352,2.46752
0,250,8.53201,15.8796,-0.0850186,2.38354
0,250,8.47512,16.3322,-0.381238,2.41021
0,250,8.44212,16.8304,0.175926,2.28298
0,250,8.45925,17.4751,-0.12348,2.22397
0,250,8.62017,18.0411,-0.447286,2.34367
0,250,8.35998,18.487,-0.319629,2.33705
0,250,8.02292,19.0942,-0.475458,1.87522
0,250,8.27978,19.4843,-0.563301,2.02492
0,250,8.23874,20.2771,-0.289411,2.62204
0,250,7.9443,20.73,-0.909194,2.52153
0,250,7.65802,21.2346,-0.877222,2.42275
0,250,7.35831,21.75,-0.479111,2.32909
0,250,7.8465,21.6829,-0.49539,2.13074
0,250,7.44129,22.2388,-0.43438,2.61382
0,250,7.7066,22.6257,-0.614593,2.62503
0,250,7.16843,23.4886,-1.3427,2.98245
0,250,7.54695,23.6081,-0.736275,2.20001
0,250,6.77199,24.4393,-1.3422,3.38799
0,250,7.06488,24.7704,-1.25676,3.21708
0,250,6.69201,25.3259,-2.23262,4.3102
0,250,6.98523,25.5441,-1.93528,3.64074
0,250,6.39295,25.9671,-2.31249,4.72844
0,250,6.07067,26.4825,-3.73527,5.06025
0,250,5.76612,27.5451,-3.74006,4.16054
0,250,5.32007,28.1585,-3.29867,4.97795
0,250,4.20334,29.8122,-5.43336,11.0696
0,250,3.95311,32.929,2.64623,20.4711
0,250,3.42165,34.6587,0.474506,16.4337
0,250,3.803,35.242,4.67122,18.7098
0,250,5.48415,39.4202,8.66921,18.59
0,250,7.61853,40.4914,15.5024,16.7488
0,250,10.6299,42.7513,19.6401,11.3558
0,250,11.5389,44.8185,20.5136,6.75677
0,250,19.4686,44.3191,14.924,-7.54492
0,250,18.6884,44.3554,22.9112,-4.5667
0,250,21.2864,44.7126,20.7278,-2.22431
0,250,21.7464,43.6242,16.2481,-9.12452
0,250,26.5963,39.0613,10.3555,-14.5902
0,250,26.6679,39.8224,10.0688,-12.3957
0,250,27.4642,39.3021,6.33067,-13.1433
0,250,27.8818,33.1529,1.44789,-20.8973
0,250,28.6619,34.8674,2.8071,-9.83146
0,250,29.2173,28.9879,-1.4193,-13.141
0,250,29.1811,23.5434,-0.710885,-13.319
0,250,28.3056,22.3764,-4.23975,-13.7521
0,250,28.8182,21.8809,-3.20037,-16.9261
0,250,30.887,23.4768,2.07785,-9.05898
0,250,28.3124,18.9072,-1.32821,-15.9837
0,250,30.0218,22.7123,-1.20582,-11.2086
0,250,26.4713,14.2528,-4.32254,-14.8214
0,250,26.9079,14.5151,-2.94197,-17.743
0,250,29.9887,20.9316,-0.188929,-11.3334
0,250,9.40173,13.5937,-0.0706058,2.07358
0,250,8.79942,14.3621,-0.228002,2.31641
0,250,9.22306,14.6727,-0.308545,2.16348
0,250,9.05614,15.1763,-0.158075,2.15327
0,250,9.15205,15.6879,0.0176599,2.33056
0,250,9.02243,16.1328,-0.166313,2.15519
0,250,8.94999,16.6316,-0.2255,2.46102
0,250,8.83747,17.1516,-0.159514,2.13019
0,250,8.96782,17.6473,0.096209,2.2409
0,250,8.8534,18.4936,-0.353139,2.23349
0,250,8.52284,18.9586,-0.655395,2.22303
0,250,8.81945,19.3499,-0.481542,2.32507
0,250,8.59807,19.8413,-0.624048,2.09244
0,250,8.79307,20.2772,-0.390366,1.88798
0,250,8.46732,20.7117,-0.626304,1.86608
0,250,8.15866,21.1799,-0.727129,2.3054
0,250,8.37027,21.5954,-0.706352,2.03573
0,250,7.94689,22.1211,-0.751229,2.38124
0,250,8.27969,22.4417,-0.226817,2.21833
0,250,7.64116,23.0373,-0.78145,2.63551
0,250,8.02003,23.3542,-0.546855,3.09345
0,250,7.23219,24.117,-0.669531,2.90826
0,250,7.51307,24.3474,-1.66626,3.67292
0,250,7.34451,25.0102,-1.72245,4.32427
0,250,7.47315,25.4869,-1.76233,4.37234
0,250,6.77228,26.052,-1.8802,3.33463
0,250,6.91273,26.4611,-2.84125,4.15231
0,250,5.84438,26.995,-1.05888,4.44548
0,250,6.26697,27.1905,-1.55915,3.73272
0,250,5.75179,28.1052,-4.45674,3.36547
0,250,4.96995,28.808,-4.77024,6.2489
0,250,3.80103,31.3122,-2.46344,15.7035
0,250,4.02279,33.8104,2.17042,17.5431
0,250,6.42321,38.1146,13.3387,17.9276
0,250,4.66477,36.3992,6.69114,17.104
0,250,8.4963,41.1955,16.1734,16.1498
0,250,9.12741,41.9219,16.8083,14.5044
0,250,16.9753,44.9214,19.284,0.763799
0,250,17.1982,43.9649,21.0529,-3.34344
0,250,19.2965,45.6476,11.6006,6.13843
0,250,22.0644,42.6516,19.7947,-14.3799
0,250,23.1307,42.7722,12.6986,-16.9222
0,250,24.1035,40.8793,12.581,-12.6397
0,250,25.8853,40.2208,16.1354,-10.9707
0,250,27.9048,35.4491,5.68337,-10.3251
0,250,28.1264,34.515,3.06539,-14.717
0,250,29.9488,31.2695,2.03495,-12.9783
0,250,28.8274,23.9391,-1.86584,-16.9643
0,250,28.6271,22.3719,-3.84557,-13.5623
0,250,31.1563,23.0082,2.42227,-9.11499
0,250,27.7156,23.4993,-2.63707,-15.6734
0,250,29.7652,24.88,-1.59156,-14.4532
0,250,28.8464,23.3277,-2.18925,-15.242
0,250,27.7462,21.7349,-3.85449,-15.2392
0,250,29.5531,22.3576,-2.0433,-14.8934
0,250,28.4369,18.6193,-2.83488,-14.8574
0,250,9.57583,13.5953,-0.225619,2.45319
0,250,9.54565,14.2746,-0.0216429,2.22174
0,250,9.64786,14.8171,-0.059084,2.26255
0,250,9.52634,15.3678,-0.204471,2.2129
0,250,9.58816,15.9978,-0.189436,2.48032
0,250,9.42707,16.4955,-0.240843,2.25291
0,250,9.31687,17.068,-0.299811,2.4071
0,250,9.49637,17.5253,-0.327871,2.35178
0,250,9.20397,18.0445,-0.355879,2.24923
0,250,9.42219,18.4692,-0.3999,2.06295
0,250,9.08244,18.9213,-0.339877,1.96859
0,250,9.36517,19.351,-0.342084,2.209
0,250,9.11805,19.8124,-0.549805,1.94882
0,250,9.33459,20.243,-0.387064,2.02356
0,250,9.02274,20.7027,-0.639738,2.00802
0,250,8.69959,21.1373,-0.404825,1.64118
0,250,8.93327,21.531,-0.60575,2.35581
0,250,8.51915,21.9937,-0.640498,2.08827
0,250,8.84354,22.3696,0.150201,2.34272
0,250,8.20532,22.8861,-1.30397,2.39826
0,250,8.52776,23.2856,-0.908117,2.5879
0,250,7.89823,23.8908,-1.75918,3.22745
0,250,7.99953,24.3706,-1.25844,3.33838
0,250,7.78971,24.8181,-1.578,2.73474
0,250,7.91497,25.272,-1.88301,2.68032
0,250,7.30251,25.9759,-2.63989,4.74714
0,250,7.69257,26.0012,-1.98238,2.62619
0,250,6.38545,26.6565,-3.05571,3.78189
0,250,6.72678,26.9554,-3.05822,4.14768
0,250,6.16113,27.7394,-4.21978,5.03071
0,250,5.38388,28.7409,-3.67028,5.30227
0,250,4.30501,30.5678,-4.5541,15.1925
0,250,3.69669,33.4167,0.426842,19.6773
0,250,4.41054,35.2802,6.06531,19.52
0,250,3.85466,34.4902,2.91469,19.9427
0,250,5.34455,38.6718,8.94812,18.1875
0,250,7.27302,40.1846,14.4387,15.9439
0,250,11.5925,43.7273,23.2479,10.8532
0,250,11.7745,43.2649,22.4286,5.5045
0,250,15.8291,45.8366,17.9383,-4.91555
0,250,20.3302,43.7475,22.5064,-8.82385
0,250,21.0214,43.1435,21.4671,-7.89468
0,250,25.3916,40.9834,13.1947,-15.4818
0,250,23.9378,43.154,12.1709,-7.61965
0,250,24.3842,42.2307,17.4195,-12.9566
0,250,24.9653,42.6975,11.7834,-7.67026
0,250,28.5295,30.9526,-1.33548,-16.9271
0,250,28.4939,27.9497,-3.22737,-13.6325
0,250,29.4726,27.0489,-0.497332,-15.2292
0,250,29.2702,27.5689,-1.68616,-16.4929
0,250,30.7269,33.7812,-0.00868626,-2.70289
0,250,29.4038,25.4038,-2.06653,-12.594
0,250,29.3269,28.369,0.133527,-14.4692
0,250,28.9045,24.5176,-0.61731,-16.2839
0,250,27.1589,23.3642,-3.70112,-16.2284
0,250,29.5485,23.6521,-1.19312,-14.015
0,250,10.1855,13.6735,-0.085997,1.94276
0,250,9.93777,14.1071,0.252871,2.28345
0,250,10.1248,14.6074,-0.110469,2.27025
0,250,10.0276,15.1569,-0.155267,2.28283
0,250,9.93289,15.6571,-0.280228,2.11938
0,250,9.92901,16.4059,-0.492656,2.42711
0,250,9.76666,16.9256,-0.399175,2.53009
0,250,9.9631,17.4736,-0.446168,2.27544
0,250,9.72018,17.9845,-0.516229,2.01727
0,250,9.95679,18.4387,-0.416112,2.08963
0,250,9.6428,18.8928,-0.368784,1.93377
0,250,9.93545,19.2859,-0.168079,2.08113
0,250,9.65758,19.7463,-0.292666,2.0071
0,250,9.88259,20.1627,-0.161109,1.98057
0,250,9.58597,20.6386,-0.456569,1.98884
0,250,9.27101,21.1016,-0.412132,1.71865
0,250,9.4856,21.5073,-0.712661,1.97232
0,250,9.09327,21.9455,-0.618126,2.05829
0,250,9.4019,22.3296,-0.162244,2.27206
0,250,8.73773,22.8172,-1.59355,2.76605
0,250,9.06179,23.2473,-0.756932,2.80264
0,250,8.34187,23.7998,-1.52134,2.71616
0,250,8.51697,24.2354,-1.55276,2.50122
0,250,8.32946,24.7351,-0.991861,2.82509
0,250,8.44129,25.1475,-1.84146,3.16753
0,250,8.12649,25.6364,-1.32823,2.17715
0,250,8.7497,25.4143,-1.04088,2.87743
0,250,7.31933,26.5904,-2.08839,3.63414
0,250,7.83508,26.4363,-3.05893,2.98473
0,250,6.86335,27.3104,-4.64504,6.01216
0,250,6.00821,28.353,-4.59222,3.68661
0,250,5.61335,28.9549,-4.97843,6.77205
0,250,4.61942,29.4621,-7.11793,9.77072
0,250,3.97051,32.4537,-0.90718,18.62
0,250,4.37598,33.6101,3.28936,20.8244
0,250,5.00791,35.3049,5.8798,17.6185
0,250,4.98709,37.0818,13.8738,18.3587
0,250,10.6493,43.2148,14.7097,11.4436
0,250,9.91761,42.3725,18.2419,11.735
0,250,13.159,44.5752,22.0619,5.80386
0,250,13.8264,43.5103,20.0397,9.39081
0,250,15.1285,43.8385,22.7548,5.04488
0,250,16.6248,45.8799,15.7863,3.92692
0,250,23.3634,41.9939,16.5047,-11.244
0,250,23.7369,41.0894,18.6042,-14.3248
0,250,28.184,37.352,9.85059,-9.60893
0,250,26.5045,36.8133,2.40747,-11.8207
0,250,28.4835,30.0394,-1.96735,-12.1498
0,250,26.867,35.7541,5.79996,-11.8592
0,250,28.5868,32.0442,-0.874128,-14.0704
0,250,28.301,32.7974,-0.737532,-15.3651
0,250,29.3627,33.0721,1.27287,-11.1402
0,250,26.1702,40.4845,12.2382,-9.39279
0,250,28.4126,29.5489,-2.01971,-13.3035
0,250,28.309,28.0604,-3.73176,-15.4427
0,250,29.1581,31.1,-0.454151,-13.6376
0,250,10.4588,13.5873,-0.060315,1.9777
0,250,10.4503,14.2898,-0.0425236,2.14121
0,250,10.5109,14.9757,-0.20972,1.92412
0,250,10.4921,15.4836,-0.171879,2.29649
0,250,10.2552,16.0253,-0.526225,2.27386
0,250,10.4616,16.4733,-0.44636,2.40152
0,250,10.22,16.954,-0.330357,2.31369
0,250,10.4633,17.4346,-0.365498,2.30965
0,250,10.2277,17.9409,-0.236902,2.02812
0,250,10.5024,18.3498,-0.120327,1.95033
0,250,10.2242,18.8311,-0.258659,1.76301
0,250,10.4876,19.2345,-0.206026,1.87546
0,250,10.2059,19.7044,-0.293019,1.94773
0,250,10.4998,20.0567,-0.106809,2.13293
0,250,10.1708,20.5099,-0.438575,1.97141
0,250,9.84502,20.9963,-0.305222,1.6223
0,250,10.0076,21.4005,-0.37553,1.76839
0,250,9.67394,21.9055,-0.211379,2.00016
0,250,9.99564,22.2424,-0.455968,2.03227
0,250,9.25006,22.7994,-1.05394,2.46671
0,250,9.6119,23.2237,-0.362626,2.44651
0,250,8.82763,23.6973,-0.906078,2.5746
0,250,9.07348,24.0824,-1.3038,2.91741
0,250,8.84274,24.5673,-0.981787,2.53847
0,250,9.40211,24.3526,-0.565591,2.38453
0,250,9.04227,24.9168,-1.70967,2.47642
0,250,9.27644,25.3346,-0.844201,2.17242
0,250,8.24553,26.0583,-2.26887,2.46563
0,250,8.70033,25.868,-2.04143,3.05876
0,250,8.46004,26.4537,-2.29226,1.96571
0,250,6.61758,27.6934,-3.16048,3.49404
0,250,6.4854,28.1935,-3.23676,3.66005
0,250,6.19945,28.7213,-5.99931,2.95857
0,250,5.02291,29.4423,-6.77751,6.87108
0,250,4.18516,31.4327,-0.12347,18.7524
0,250,4.18792,32.0004,2.63461,15.3323
0,250,5.63529,37.5657,11.8829,18.0349
0,250,9.68319,42.3869,14.244,13.9881
0,250,7.79493,41.1594,14.7714,16.0238
0,250,10.6349,42.2536,21.4657,13.4968
0,250,9.88143,43.4153,15.0198,9.72105
0,250,14.3951,44.3662,22.0266,2.37081
0,250,14.2012,43.7663,24.1036,4.17233
0,250,21.4371,43.9629,20.9125,-9.1288
0,250,22.3564,42.3387,14.7483,-10.5057
0,250,27.4399,38.7856,10.9107,-11.7855
0,250,23.8994,42.5596,18.8314,-16.3894
0,250,25.6633,41.1578,15.1903,-13.6754
0,250,23.4864,42.0902,17.3665,-8.40321
0,250,26.7942,37.7598,8.01935,-12.1679
0,250,20.6397,43.939,23.5719,-8.55355
0,250,26.9853,39.1977,8.65022,-13.1913
0,250,25.8224,39.7416,13.3153,-12.2996
0,250,26.8055,36.6306,9.35172,-5.09959
0,250,28.0087,35.957,5.81751,-8.17038
0,250,28.6545,38.296,8.3653,-6.04771
0,250,10.805,13.7623,0.176971,1.7436
0,250,10.8938,14.2568,-0.244449,2.06631
0,250,10.9204,14.7782,-0.263128,2.03069
0,250,10.9491,15.3587,-0.37733,1.96159
0,250,10.7616,15.9107,-0.294778,2.5229
0,250,10.9618,16.4003,-0.419931,2.36308
0,250,10.7258,16.9319,-0.472335,2.28804
0,250,10.9944,17.3481,-0.395712,2.23153
0,250,10.7479,17.848,-0.168958,2.02978
0,250,11.044,18.2434,-0.256012,1.74254
0,250,10.7739,18.7525,-0.141619,1.886
0,250,11.0551,19.119,0.0376779,1.68828
0,250,10.7903,19.5946,0.0967987,2.06765
0,250,11.0804,19.952,-0.374266,1.91206
0,250,10.7585,20.4374,-0.386949,2.11118
0,250,10.3957,20.8842,-0.282413,1.99624
0,250,10.5767,21.2802,-0.174024,1.9815
0,250,10.253,21.7606,-0.0843876,1.73325
0,250,10.5357,22.1258,-0.278604,2.09846
0,250,9.74433,22.7044,-1.2673,2.43857
0,250,10.107,23.0546,-0.451742,1.87723
0,250,9.39519,23.6408,-1.64822,2.61452
0,250,10.1189,23.4774,-1.4253,2.34057
0,250,9.75526,23.8702,-1.43103,2.04632
0,250,9.88309,24.2944,-1.04927,2.1237
0,250,9.53215,24.8313,-1.41739,2.39985
0,250,9.78776,25.2681,-0.31578,1.82068
0,250,9.20867,25.7934,-2.35021,2.13807
0,250,9.49718,26.2083,-1.63246,2.18405
0,250,8.97404,26.2734,-0.518499,2.0634
0,250,8.72915,26.7741,-2.71497,1.99253
0,250,7.41599,26.96,-2.00485,2.95077
0,250,7.27468,27.4406,-2.87558,3.28754
0,250,6.97072,28.0207,-3.85809,3.2693
0,250,5.23854,29.5685,-7.67125,9.96675
0,250,4.59892,30.0013,-6.94459,6.26919
0,250,4.7449,33.6687,6.10856,19.0495
0,250,6.84139,39.9671,14.3523,15.862
0,250,4.47419,35.7995,5.16264,21.3157
0,250,6.15016,39.0856,11.1658,20.7073
0,250,8.37058,40.621,14.3013,15.1465
0,250,10.566,42.1603,21.2805,11.4834
0,250,11.1245,43.4275,18.6348,10.8533
0,250,21.4083,43.069,21.5101,-7.10626
0,250,16.7544,44.237,22.2223,1.04148
0,250,22.5827,42.5388,18.7734,-11.313
0,250,19.171,43.7275,23.7848,-4.18187
0,250,21.5493,42.8547,15.4762,-10.4176
0,250,17.9762,43.9975,20.5787,-4.86704
0,250,18.904,43.5495,25.1315,-7.26884
0,250,19.7712,43.6579,20.6646,-8.66573
0,250,24.3596,40.6168,11.9127,-16.3533
0,250,23.7916,42.7219,17.7281,-13.89
0,250,17.885,44.501,23.4538,-5.1361
0,250,25.0218,41.1879,14.1474,-11.0583
0,250,25.2736,40.5269,14.9218,-11.9121
0,250,11.2992,13.669,-0.0781236,1.85989
0,250,11.3553,14.35,-0.0547207,1.954
0,250,11.3568,14.9367,-0.277052,2.01389
0,250,11.4672,15.4197,-0.516081,1.77542
0,250,11.2367,15.8874,-0.370138,2.03311
0,250,11.4658,16.3682,-0.274437,1.87381
0,250,11.2463,16.8378,-0.288743,2.29358
0,250,11.5444,17.2456,-0.315382,2.15464
0,250,11.2903,17.739,-0.242149,2.06195
0,250,11.5795,18.1265,-0.207845,2.0507
0,250,11.3188,18.6228,-0.0959481,1.98755
0,250,11.6431,18.9579,-0.0280637,1.98113
0,250,11.3723,19.4594,-0.156928,1.90182
0,250,11.6087,19.8792,-0.16383,2.08056
0,250,11.291,20.3759,-0.441159,2.06535
0,250,10.9738,20.8497,-0.347508,1.96704
0,250,11.2311,21.1578,-0.671469,2.26967
0,250,10.8241,21.6148,-0.496338,2.16396
0,250,11.0174,22.0894,-0.08888,2.19003
0,250,10.3064,22.5851,-0.993315,2.13156
0,250,10.941,22.5318,-0.513427,1.8682
0,250,10.6483,22.9193,-0.558802,2.12355
0,250,10.7425,23.3121,-0.843801,1.9084
0,250,10.3563,23.8127,-0.90967,1.95375
0,250,10.405,24.2458,-1.08804,1.97842
0,250,10.0119,24.7507,-1.21155,2.00628
0,250,10.3057,25.1477,-0.874173,1.53222
0,250,9.73573,25.7215,-1.95649,2.01827
0,250,10.2518,25.6229,-1.97409,2.77668
0,250,9.33186,26.6453,-2.35006,2.3041
0,250,9.03979,27.095,-2.2293,2.30377
0,250,8.01389,26.7967,-2.07808,2.34086
0,250,8.40961,27.1336,-1.75841,2.01844
0,250,7.86446,27.2254,-2.36913,1.93753
0,250,7.52334,27.7209,-2.8613,3.20222
0,250,6.81519,28.5405,-4.53289,4.46782
0,250,6.34299,29.0375,-7.25822,6.5285
0,250,4.86782,30.3133,-8.96807,11.6314
0,250,4.46272,33.1342,4.43957,16.3185
0,250,4.9549,36.0657,5.74226,20.5566
0,250,5.46276,36.7518,10.9244,20.2288
0,250,9.66721,41.8465,20.3214,13.5058
0,250,6.50307,38.4635,9.58568,17.7442
0,250,6.70094,38.8177,11.5649,19.3339
0,250,5.7083,36.4179,7.20358,18.1679
0,250,13.423,43.4343,21.0986,3.91305
0,250,9.88457,41.6791,15.2447,11.7484
0,250,13.8851,44.2139,24.8212,8.27817
0,250,13.1855,43.6934,20.3037,2.78863
0,250,16.5418,44.1535,23.5709,2.60381
0,250,12.7164,43.087,19.208,6.4823
0,250,15.6035,44.4389,24.0269,4.9585
0,250,9.23086,41.2587,17.6692,12.8712
0,250,17.5297,44.4824,22.7612,-0.672919
0,250,14.9801,43.9077,24.5331,2.9652
0,250,12.0023,43.2605,20.9567,1.95657
0,250,11.5076,13.6772,-0.0830943,1.75763
0,250,11.7289,14.3546,-0.325225,2.0598
0,250,11.8355,14.898,-0.134382,1.98646
0,250,12.0254,15.3262,-0.290241,1.46667
0,250,11.7467,15.825,-0.213364,1.55982
0,250,11.9698,16.2687,-0.365224,2.00739
0,250,11.7993,16.7877,-0.256206,1.93595
0,250,12.1138,17.1796,-0.293743,2.03978
0,250,11.836,17.6365,-0.351546,2.29059
0,250,12.1645,17.9739,-0.431629,1.94071
0,250,11.9042,18.4577,-0.0508742,1.82377
0,250,12.1577,18.8578,-0.147437,1.92131
0,250,11.8847,19.3736,-0.114692,2.02687
0,250,12.2579,19.6068,-0.178054,2.09092
0,250,11.9648,20.0958,-0.177094,1.99678
0,250,11.6248,20.6175,-0.336191,2.03686
0,250,11.7218,21.0782,-0.772369,2.30998
0,250,11.3304,21.6318,-0.541802,2.13441
0,250,11.7897,21.6009,-0.31903,2.12855
0,250,11.5085,22.1267,0.0687424,1.80113
0,250,11.583,22.5686,-0.424633,1.84633
0,250,11.2387,22.8977,-0.464858,1.8003
0,250,11.3388,23.3429,-1.07489,2.09358
0,250,10.8783,23.7001,-0.75103,2.08962
0,250,10.9227,24.1777,-1.11903,1.53221
0,250,10.5271,24.6679,-0.714081,1.51595
0,250,11.1013,24.563,-0.575288,1.47086
0,250,10.8499,25.0182,-0.721981,1.52895
0,250,10.7189,25.4933,-2.49244,1.50748
0,250,9.98645,26.1542,-1.8085,2.37823
0,250,9.87351,26.6528,-2.9238,2.54106
0,250,9.59891,27.0487,-3.05934,2.09938
0,250,8.67239,27.5122,-2.53344,2.51923
0,250,8.12333,27.5886,-3.2806,0.978196
0,250,7.87966,28.0221,-2.49906,1.89359
0,250,7.35981,28.2201,-4.96851,2.62139
0,250,7.83046,28.5028,-2.69846,1.49767
0,250,4.74873,31.9991,0.132891,16.2358
0,250,5.88926,29.2393,-5.64024,3.68987
0,250,5.37632,30.1796,-6.72486,9.16577
0,250,5.62904,29.7443,-10.3057,7.46382
0,250,4.51602,31.1552,-1.69847,14.1663
0,250,6.01771,29.8733,-9.31351,1.42843
0,250,4.68043,34.1683,4.07046,19.5198
0,250,4.45657,32.7484,1.79678,18.436
0,250,5.67705,39.6164,7.84048,19.5514
0,250,4.12044,34.9919,5.45403,20.2105
0,250,11.1771,42.8169,17.801,6.36672
0,250,7.15946,39.5425,13.341,16.7368
0,250,8.38707,40.6762,15.0009,14.1835
0,250,9.01323,41.3638,14.297,15.0798
0,250,11.3709,42.8642,24.618,5.82676
0,250,6.34958,39.5485,12.117,18.6139
0,250,12.7971,43.0622,20.8595,6.06361
0,250,7.60888,39.6761,14.859,16.8843
0,250,6.03841,37.998,10.4454,18.7043
0,250,11.9989,13.8151,-0.248224,1.85258
0,250,12.2025,14.4132,-0.165595,1.37528
0,250,12.3666,14.8709,-0.294631,1.62294
0,250,12.5638,15.3408,-0.562487,1.8303
0,250,12.2743,15.7785,-0.161729,1.73931
0,250,12.5089,16.1694,-0.341807,1.62879
0,250,12.3097,16.6724,-0.58002,2.00333
0,250,12.6655,17.0337,-0.602981,1.94479
0,250,12.4587,17.5165,-0.3701,2.09217
0,250,12.7317,17.9231,-0.425347,2.26364
0,250,12.4509,18.359,-0.555064,2.03074
0,250,12.7865,18.6714,-0.180988,1.94255
0,250,12.5198,19.1227,-0.22394,1.41926
0,250,12.7716,19.5558,-0.304701,1.86615
0,250,12.4696,20.0527,-0.335246,2.08568
0,250,12.1146,20.5549,-0.548606,2.14523
0,250,12.5294,20.6959,-0.305324,1.76957
0,250,12.1706,21.1365,-0.597876,1.61126
0,250,12.2922,21.6271,-0.235072,1.52953
0,250,11.9882,22.0819,0.052792,1.67042
0,250,12.3794,22.2914,0.010712,1.45846
0,250,12.0327,22.6805,-0.230574,1.40874
0,250,11.7518,23.1259,-0.836876,1.37007
0,250,11.3755,23.8179,-0.428898,1.693
0,250,11.8295,23.7585,-0.500537,1.9003
0,250,11.5315,24.2694,-1.20075,1.99109
0,250,11.7243,24.6625,-0.743655,1.50984
0,250,11.3247,25.0343,-1.04184,2.00717
0,250,11.2646,25.4884,-1.5491,1.22296
0,250,10.4576,26.0731,-0.929157,1.68107
0,250,10.9032,26.3485,-0.818479,1.39899
0,250,10.3577,26.5748,-1.11042,0.975197
0,250,9.24233,27.5003,-2.44962,2.85233
0,250,8.92886,27.8952,-1.71725,2.44242
0,250,9.51784,27.8806,-1.65684,1.75747
0,250,8.41623,27.9855,-3.2125,0.4466
0,250,9.24651,28.3198,-3.02516,1.27395
0,250,7.18922,28.6696,-5.65062,2.91328
0,250,8.29202,28.4366,-4.61886,0.0354922
0,250,6.84829,29.1563,-3.13489,2.43576
0,250,8.53809,28.8301,-4.68973,0.751505
0,250,7.59128,28.8882,-4.96514,1.9473
0,250,6.39546,29.4881,-9.9353,3.63126
0,250,4.81814,31.4628,-0.364688,17.6024
0,250,6.72797,29.7388,-4.88602,-0.113374
0,250,5.19015,30.484,-12.6763,9.78212
0,250,4.69574,30.8435,-7.76206,13.6923
0,250,4.49791,34.5705,3.71038,22.1559
0,250,7.29617,29.7609,-4.63727,2.03758
0,250,7.81987,40.0688,12.9061,16.8739
0,250,7.03985,30.1017,-4.41376,1.08832
0,250,6.86153,39.1864,11.8005,20.4111
0,250,5.59337,37.3136,12.5215,22.6715
0,250,5.0339,35.6408,6.31506,18.4734
0,250,5.52884,36.1585,6.68059,19.5764
0,250,4.57894,32.2745,0.379705,15.5093
0,250,12.2766,13.7056,-0.420031,1.8203
0,250,12.5867,14.2131,-0.312302,1.59621
0,250,12.8851,14.8985,-0.173278,1.66134
0,250,13.2337,15.2527,-0.462131,1.676
0,250,12.905,15.6644,-0.557829,1.62804
0,250,13.0497,16.0546,-0.252259,1.71424
0,250,12.8457,16.5451,-0.173549,1.83857
0,250,13.2158,16.9198,-0.128408,2.05019
0,250,12.9938,17.4092,-0.374543,2.23253
0,250,13.3359,17.7251,-0.213302,1.82856
0,250,13.1126,18.1838,-0.493562,1.73994
0,250,13.3022,18.5929,-0.586272,1.85985
0,250,13.0568,19.0954,-0.401037,1.70276
0,250,13.4195,19.3975,-0.0178924,1.53672
0,250,13.1375,19.8227,-0.0282625,1.21765
0,250,12.8458,20.2764,-0.0628662,1.45429
0,250,13.0647,20.7199,-0.61367,1.97566
0,250,12.6718,21.1764,-0.549269,1.94344
0,250,12.9918,21.4459,-0.550458,1.74675
0,250,12.6599,21.8542,0.111652,1.51722
0,250,13.0206,22.2044,0.20957,1.6439
0,250,12.7522,22.585,-0.0115285,1.35627
0,250,12.4032,22.9574,-0.382483,1.24604
0,250,12.1473,23.376,-1.0922,1.26592
0,250,12.3666,23.8294,-0.77765,1.25127
0,250,12.0599,24.2364,-0.881935,1.55445
0,250,12.2764,24.6636,-0.494606,0.930155
0,250,11.8087,25.1345,-1.07312,1.10277
0,250,11.838,25.5898,-1.50408,1.32653
0,250,10.9555,25.8959,-0.987426,1.09675
0,250,11.4115,26.3668,-1.01825,1.36784
0,250,10.8167,26.7962,-1.57884,1.51184
0,250,10.2278,27.0347,-2.70874,0.932681
0,250,9.81602,27.419,-2.33461,1.84552
0,250,10.3636,27.4603,-2.38586,0.737132
0,250,10.0293,27.861,-0.578874,1.31796
0,250,10.5168,27.9463,-1.77501,1.36536
0,250,8.79889,28.4188,-2.32227,2.00537
0,250,9.74473,28.3062,-3.48335,1.63417
0,250,9.40509,28.7625,-1.11161,1.45289
0,250,9.63225,29.1059,-1.92941,0.875278
0,250,8.96183,28.9923,-2.73077,0.424041
0,250,10.0802,29.0136,-1.91998,0.969029
0,250,8.06833,29.0336,-2.22089,-0.510017
0,250,8.94601,29.366,-3.15594,-0.0739462
0,250,7.18905,29.2734,-5.00442,3.1953
0,250,10.2555,29.4181,-2.09204,0.495502
0,250,8.3855,29.3361,-3.28726,0.400858
0,250,9.93172,29.7547,-2.15459,0.202976
0,250,7.66882,29.4033,-3.55799,0.270649
0,250,9.17924,29.7953,-3.2138,-0.344563
0,250,6.35066,30.1022,-3.3463,-0.0910834
0,250,8.52776,29.7394,-3.61026,0.610188
0,250,7.9096,29.7045,-3.81959,-0.116453
0,250,8.27196,30.0739,-3.86973,-0.194184
0,250,7.69112,30.1263,-3.96274,-0.386916
0,250,12.7224,13.6139,-0.39912,1.53028
0,250,12.9707,14.4557,-0.179767,1.61225
0,250,13.4532,14.8,-0.477474,1.61332
0,250,13.8214,15.2323,-0.551701,1.85894
0,250,13.5274,15.645,-0.439253,1.61802
0,250,13.7104,16.0142,-0.152847,1.74007
0,250,13.3971,16.4213,-0.126106,1.92295
0,250,13.7642,16.6882,0.00205346,1.99401
0,250,13.5662,17.2245,-0.222079,1.93855
0,250,13.9292,17.5871,-0.324012,2.16825
0,250,13.7008,18.0249,-0.299159,1.96912
0,250,13.848,18.4282,-0.400858,1.92125
0,250,13.6477,18.9276,-0.424004,1.63467
0,250,13.9749,19.2834,-0.198406,1.8276
0,250,13.7194,19.7866,-0.311648,1.77769
0,250,13.3846,20.2362,-0.306623,1.65251
0,250,13.6924,20.539,-0.34364,1.57926
0,250,13.3488,21.0115,-0.188435,1.55243
0,250,13.6123,21.3585,-0.343371,1.60721
0,250,13.2912,21.8026,0.09242,1.45491
0,250,13.5487,22.2385,0.144462,2.03538
0,250,13.3442,22.6752,-0.162109,1.66533
0,250,12.9789,23.0129,-0.648648,1.59609
0,250,12.689,23.4011,-1.37285,1.62563
0,250,12.925,23.7977,-0.804476,1.84403
0,250,12.6163,24.2524,-0.406255,1.34388
0,250,12.7975,24.6888,-0.93915,1.26358
0,250,12.288,25.1331,-1.35745,0.981464
0,250,12.7792,25.1667,-1.07188,1.33127
0,250,11.5003,25.9277,-0.469389,1.17117
0,250,12.0206,26.0682,-0.814222,0.85018
0,250,11.3976,26.7736,-1.22125,1.28494
0,250,12.5038,26.0599,-1.08395,0.708179
0,250,10.8093,27.2096,-2.29491,1.60422
0,250,11.9142,26.9119,-1.41095,1.2944
0,250,10.9303,27.6461,-1.97041,1.38179
0,250,11.3562,27.1888,-2.06623,1.00255
0,250,11.5333,27.5628,-1.89065,0.809625
0,250,12.0101,27.3272,-1.5083,1.56368
0,250,10.4221,28.34,-2.38679,1.47789
0,250,10.0449,28.591,-2.63683,0.580767
0,250,10.9655,28.3936,-2.28248,1.08827
0,250,10.7287,28.7657,-1.94676,1.07178
0,250,9.5281,29.5271,-3.22769,0.754743
0,250,11.2931,28.8193,-2.01767,0.324207
0,250,10.6402,29.1253,-2.10662,1.22031
0,250,11.279,29.2391,-1.68693,0.394786
0,250,10.9597,29.5356,-1.3055,0.3515
0,250,11.7709,29.5575,-1.16725,-0.19317
0,250,10.5933,29.794,-2.03753,0.457131
0,250,11.3842,29.818,-1.33399,-0.225285
0,250,11.0253,30.1095,-1.75297,-0.148682
0,250,9.65892,30.1193,-2.81257,-0.439765
0,250,8.91347,30.0847,-3.6773,0.73115
0,250,11.755,30.1122,-0.865966,-0.222875
0,250,10.308,30.1006,-2.32628,0.476043
0,250,13.0026,13.6177,-0.111184,1.45289
0,250,13.2264,14.0403,-0.448989,1.84164
0,250,13.6253,14.3643,-0.244639,1.9015
0,250,14.0018,14.7511,-0.0327788,1.61263
0,250,14.475,14.7419,-0.206431,1.55733
0,250,14.2364,15.3639,-0.347846,1.91221
0,250,14.199,15.8511,-0.0272599,1.71123
0,250,14.1379,16.3592,0.00372757,2.06931
0,250,14.0858,17.0773,0.156256,1.877
0,250,14.4733,17.3442,-0.0105771,2.30903
0,250,14.3586,17.8318,-0.168729,2.42266
0,250,14.3166,18.2935,-0.309059,2.27039
0,250,14.208,18.8373,-0.336061,2.17514
0,250,14.5872,19.2652,0.111103,2.00224
0,250,14.2752,19.6612,-0.302092,1.74732
0,250,14.0274,20.1243,-0.163013,1.54638
0,250,14.35,20.478,-0.221226,1.55474
0,250,13.9663,20.875,-0.167342,1.5418
0,250,14.1604,21.2665,-0.180461,1.36815
0,250,13.843,21.7551,-0.543025,1.80645
0,250,14.1117,22.1253,-0.236769,1.87276
0,250,13.9345,22.5702,0.0279763,1.9331
0,250,13.6753,22.9974,-0.544955,1.63013
0,250,13.293,23.3701,-0.986993,1.73609
0,250,13.5451,23.6933,-0.159713,1.31379
0,250,13.1782,24.1545,-0.557147,1.55484
0,250,13.7138,24.1163,-1.03064,1.73738
0,250,13.2924,24.567,-0.364672,1.73071
0,250,13.696,24.8219,-0.149525,1.03266
0,250,12.3582,25.6082,-1.30307,0.881036
0,250,13.2551,25.0863,-1.23909,1.06606
0,250,12.8835,25.6274,-0.963577,0.973987
0,250,13.1107,26.0065,-0.456855,0.42739
0,250,11.9922,26.4768,0.311552,1.1396
0,250,12.7356,26.4114,-0.432095,0.799511
0,250,12.439,26.7621,-1.214,0.506346
0,250,13.0438,26.7938,-0.827782,1.20818
0,250,12.5517,27.1658,-0.784526,0.330505
0,250,12.7679,27.6425,-1.0747,1.51388
0,250,12.2868,27.6615,-0.209575,0.0853083
0,250,13.2644,27.6901,-0.926548,1.24649
0,250,11.1728,27.9817,-2.33234,1.08306
0,250,11.7773,27.9258,-1.73298,0.338377
0,250,11.5148,28.3432,-2.20514,0.744124
0,250,12.3706,28.5263,-0.831292,0.911799
0,250,11.8327,28.6283,-1.4255,-0.224657
0,250,12.7779,28.8461,-1.80717,0.456872
0,250,11.7765,29.0988,-1.36268,-0.558642
0,250,12.9371,29.2627,-0.471654,0.0554367
0,250,13.5423,29.2828,-0.195976,0.376289
0,250,12.3018,29.4085,-0.668672,0.934409
0,250,12.18,29.8783,-0.345248,0.490946
0,250,13.6399,30.0698,0.191876,-0.320791
0,250,12.7839,29.6279,-0.0312891,0.2152
0,250,13.0901,30.0762,0.702966,0.409973
0,250,12.5603,30.0562,0.287963,-0.33016
0,250,13.8136,13.6204,-0.484583,1.15042
0,250,14.2969,13.7749,-0.819884,1.23757
0,250,14.0498,14.2044,-0.48053,1.4271
0,250,14.5688,14.2721,0.0663926,1.33227
0,250,15.1618,14.8992,-0.222435,1.80899
0,250,14.7093,15.1269,-0.26225,1.30678
0,250,14.7152,15.6349,-0.400824,1.66531
0,250,14.6107,16.1668,-0.123532,1.48676
0,250,14.4709,16.7468,0.287237,2.34699
0,250,14.902,16.8925,-0.268218,1.74853
0,250,14.9998,17.3679,-0.229952,1.78743
0,250,14.8829,17.8206,-0.268742,2.09996
0,250,14.8575,18.2815,-0.345528,1.9353
0,250,14.6712,18.7346,-0.459174,1.85924
0,250,15.0104,19.1417,-0.135478,1.88162
0,250,14.9899,19.6966,0.066236,2.0898
0,250,14.6156,19.9799,-0.0192172,1.62433
0,250,14.5846,20.861,0.248157,1.67942
0,250,15.1713,20.6946,0.415573,1.51403
0,250,14.714,21.2997,-0.335448,1.79259
0,250,14.4079,21.6897,-0.426604,1.61926
0,250,14.5059,22.5045,0.0894938,1.80102
0,250,14.7035,22.0827,-0.13057,1.85565
0,250,14.3154,22.9218,-0.498114,1.84791
0,250,13.9939,23.3225,-0.767523,1.67923
0,250,14.5895,23.2971,-0.824537,1.41013
0,250,14.1253,23.7245,-0.859944,1.83168
0,250,14.7946,23.6509,-0.774561,1.20945
0,250,14.4351,24.0209,-0.180655,1.13383
0,250,14.0043,24.409,-0.00469337,1.14784
0,250,14.2205,24.865,-0.17764,1.11955
0,250,13.8149,25.2931,-0.781108,0.550677
0,250,13.4097,25.5581,-0.624094,0.592717
0,250,13.994,25.7068,-0.417052,0.643824
0,250,13.6361,26.0362,-0.498644,0.574148
0,250,14.1978,26.1568,-0.858908,1.17862
0,250,13.344,26.4323,-0.88259,0.381315
0,250,13.915,26.5052,-1.14947,0.933732
0,250,13.6092,26.8804,-1.36252,0.603098
0,250,13.0785,27.2243,-1.14512,1.58401
0,250,13.6179,27.2913,-1.25353,0.842615
0,250,12.7196,28.0871,-2.10282,1.67951
0,250,13.3601,28.0914,-0.927446,0.898233
0,250,12.1728,28.1575,-2.3683,0.0920832
0,250,13.8483,27.6957,-0.406507,0.850978
0,250,12.9806,28.4347,-0.627549,0.36043
0,250,13.9336,28.0867,-0.644904,0.52105
0,250,13.558,28.4944,0.626365,0.779449
0,250,14.1295,28.5219,0.973651,0.103128
0,250,12.2849,29.0022,-1.56249,1.06315
0,250,13.3235,28.8834,-1.47805,0.111889
0,250,13.3499,29.6589,-0.0365332,-0.125318
0,250,13.924,29.6941,0.75389,0.234241
0,250,14.4843,29.6236,0.429469,-0.225834
0,250,15.1526,29.9399,0.109136,0.6521
0,250,14.2231,30.0707,0.187329,-0.0299528
0,250,13.5849,13.6184,-1.08786,1.7829
0,250,14.6287,13.652,-0.775996,1.02696
0,250,15.1089,13.9893,-0.777536,1.34525
0,250,15.0226,14.4253,-0.394421,1.25423
0,250,15.6014,14.5789,-0.00947601,0.919317
0,250,15.6824,15.0619,-0.437632,1.96272
0,250,15.2256,15.3919,-0.581126,1.40776
0,250,15.1511,15.9025,-0.668981,1.93332
0,250,15.0184,16.4019,0.20296,1.73845
0,250,15.5813,16.2396,-0.13807,1.56363
0,250,15.4381,16.7213,-0.0946267,1.99529
0,250,15.4945,17.2041,-0.0591909,1.90132
0,250,15.4557,17.6976,-0.40199,1.82769
0,250,15.4195,18.1785,0.01054,1.95115
0,250,15.2909,18.5761,-0.235468,1.6074
0,250,15.5131,18.9578,-0.147784,1.7661
0,250,15.449,19.4559,-0.139256,1.60144
0,250,14.8807,20.3804,-0.296025,2.00663
0,250,15.5846,20.351,0.316911,1.78254
0,250,15.6446,20.9233,0.363035,1.53373
0,250,15.1691,21.177,-0.48336,1.42616
0,250,15.03,21.7443,-0.517735,1.53353
0,250,15.4189,21.9634,-0.174444,0.871095
0,250,15.0851,22.4378,0.398327,1.37577
0,250,14.9172,22.8627,-0.105617,1.49883
0,250,15.534,22.956,-0.380434,0.879678
0,250,15.1957,23.2344,-0.659605,1.32921
0,250,15.3531,23.7173,-0.660167,1.47981
0,250,15.0255,24.0916,0.0826663,1.06305
0,250,15.0676,24.5328,-0.0602248,1.12376
0,250,14.5437,24.462,-0.512997,0.806709
0,250,14.7669,24.93,-0.0691646,0.885634
0,250,14.393,25.2969,-0.0647882,0.769409
0,250,15.318,25.0064,-0.317191,0.854022
0,250,14.9495,25.4001,-0.658257,1.55438
0,250,14.5585,25.7257,-0.514956,1.14372
0,250,15.0363,25.9282,0.427303,1.28142
0,250,14.6406,26.2537,-0.885331,0.374958
0,250,15.1196,26.4361,-0.981686,0.651555
0,250,14.1991,26.8618,-0.897862,0.965494
0,250,14.6367,26.7319,-1.11625,0.812201
0,250,14.1795,27.3115,-1.04126,0.686007
0,250,15.0533,26.9617,-0.31802,0.0207921
0,250,14.6772,27.2826,-0.243026,0.189962
0,250,15.4594,27.8168,0.0911928,0.0416643
0,250,15.03,27.5622,-0.256136,0.220355
0,250,14.4341,27.7347,0.0660447,-0.263377
0,250,14.493,28.1904,-0.168958,-0.490328
0,250,14.9903,28.5225,0.142449,0.370044
0,250,14.5661,28.7338,0.383122,-0.132674
0,250,13.9158,28.9054,-0.553137,-0.105335
0,250,14.645,29.1699,-0.175955,0.515181
0,250,14.1373,29.2637,-0.328376,-0.643262
0,250,15.038,29.4821,0.570308,0.215853
0,250,15.5605,29.6027,-0.515744,-0.130035
0,250,14.7418,30.0369,0.17896,0.0425105
0,250,16.042,13.4965,-0.0307283,1.31337
0,250,15.0153,13.3966,-0.612925,0.785321
0,250,15.2623,13.401,-0.747756,1.11715
0,250,15.7361,13.5896,-0.453689,0.680915
0,250,15.5752,14.103,-0.304233,1.62781
0,250,16.0671,14.1097,0.356111,1.67675
0,250,16.0658,14.7212,-0.340428,1.40102
0,250,16.0911,15.3747,-0.196877,2.13336
0,250,15.6243,15.6575,-0.718227,1.45748
0,250,16.0271,15.9464,-0.168538,1.45463
0,250,15.989,16.493,-0.488735,1.04316
0,250,15.9631,16.9648,-0.250065,1.57914
0,250,15.9981,17.4533,-0.37333,1.51237
0,250,15.9303,17.9183,-0.175389,1.53917
0,250,16.011,18.3704,0.454781,1.69331
0,250,15.969,18.8013,-0.0343422,1.54551
0,250,16.0373,19.2966,-0.248996,1.71995
0,250,15.8555,19.7122,-0.195144,1.97291
0,250,15.3342,20.0096,0.275118,1.90852
0,250,16.0441,20.1245,0.244239,1.85406
0,250,16.0267,20.6607,0.569468,1.35753
0,250,16.0515,21.2321,0.00717898,1.25933
0,250,15.5392,21.4761,-0.286318,1.13082
0,250,15.9671,21.7202,-0.121253,0.957839
0,250,15.991,22.1465,0.601511,0.891762
0,250,15.5394,22.4508,0.315834,0.321274
0,250,16.012,22.6326,-0.207668,1.38851
0,250,16.0479,23.1395,-0.181441,1.36567
0,250,15.7691,23.4817,-0.778987,0.888327
0,250,16.0562,23.8514,0.0629103,0.530592
0,250,15.5824,24.1295,0.0200619,1.23817
0,250,16.0313,24.3592,-0.10947,0.342943
0,250,15.5845,24.6227,0.279829,0.853821
0,250,16.0012,24.8912,-0.0589016,0.606835
0,250,15.9266,25.2868,0.0318399,0.535776
0,250,15.4437,25.4609,-0.320297,0.309101
0,250,16.0273,25.7268,-0.138187,0.56535
0,250,15.5076,25.9206,0.333856,1.27389
0,250,15.5795,26.4264,-0.0521913,0.830303
0,250,16.0018,26.1918,0.818211,0.87008
0,250,15.5297,26.9053,-0.12843,0.616443
0,250,16.056,26.7012,-0.255775,0.76824
0,250,15.4979,27.3534,0.237701,0.564745
0,250,16.002,27.1777,-0.123485,0.997911
0,250,16.03,27.627,0.710915,1.30118
0,250,15.9419,28.0474,-0.0509079,0.94088
0,250,15.4253,28.2717,0.043962,0.0544623
0,250,14.9211,28.0215,0.114051,0.247993
0,250,16.0388,28.4584,0.257474,0.726184
0,250,15.5404,28.6901,-0.444102,0.0358342
0,250,15.1211,28.9971,-0.225536,0.390711
0,250,16.0385,28.9353,-0.136015,0.861624
0,250,15.5979,29.1748,0.250411,-0.262833
0,250,16.0648,29.4481,0.334146,0.768183
0,250,16.0827,29.9716,-0.0144406,-0.187574
0,250,15.6343,30.0736,0.498528,-0.418545
1,250,16.5,1.5,0,0
1,250,17,1.5,0,0
1,250,31.5,1.5,0,0
1,250,32,1.5,0,0
1,250,1.5,1.5,0,0
1,250,2,1.5,0,0
1,250,16.5,2,0,0
1,250,17,2,0,0
1,250,31.5,2,0,0
1,250,32,2,0,0
1,250,1.5,2,0,0
1,250,2,2,0,0
1,250,16.5,2.5,0,0
1,250,17,2.5,0,0
1,250,31.5,2.5,0,0
1,250,32,2.5,0,0
1,250,1.5,2.5,0,0
1,250,2,2.5,0,0
1,250,16.5,3,0,0
1,250,17,3,0,0
1,250,31.5,3,0,0
1,250,32,3,0,0
1,250,1.5,3,0,0
1,250,2,3,0,0
1,250,16.5,3.5,0,0
1,250,17,3.5,0,0
1,250,31.5,3.5,0,0
1,250,32,3.5,0,0
1,250,1.5,3.5,0,0
1,250,2,3.5,0,0
1,250,16.5,4,0,0
1,250,17,4,0,0
1,250,31.5,4,0,0
1,250,32,4,0,0
1,250,1.5,4,0,0
1,250,2,4,0,0
1,250,16.5,4.5,0,0
1,250,17,4.5,0,0
1,250,31.5,4.5,0,0
1,250,32,4.5,0,0
1,250,1.5,4.5,0,0
1,250,2,4.5,0,0
1,250,16.5,5,0,0
1,250,17,5,0,0
1,250,31.5,5,0,0
1,250,32,5,0,0
1,250,1.5,5,0,0
1,250,2,5,0,0
1,250,16.5,5.5,0,0
1,250,17,5.5,0,0
1,250,31.5,5.5,0,0
1,250,32,5.5,0,0
1,250,1.5,5.5,0,0
1,250,2,5.5,0,0
1,250,16.5,6,0,0
1,250,17,6,0,0
1,250,31.5,6,0,0
1,250,32,6,0,0
1,250,1.5,6,0,0
1,250,2,6,0,0
1,250,16.5,6.5,0,0
1,250,17,6.5,0,0
1,250,31.5,6.5,0,0
1,250,32,6.5,0,0
1,250,1.5,6.5,0,0
1,250,2,6.5,0,0
1,250,16.5,7,0,0
1,250,17,7,0,0
1,250,31.5,7,0,0
1,250,32,7,0,0
1,250,1.5,7,0,0
1,250,2,7,0,0
1,250,16.5,7.5,0,0
1,250,17,7.5,0,0
1,250,31.5,7.5,0,0
1,250,32,7.5,0,0
1,250,1.5,7.5,0,0
1,250,2,7.5,0,0
1,250,16.5,8,0,0
1,250,17,8,0,0
1,250,31.5,8,0,0
1,250,32,8,0,0
1,250,1.5,8,0,0
1,250,2,8,0,0
1,250,16.5,8.5,0,0
1,250,17,8.5,0,0
1,250,31.5,8.5,0,0
1,250,32,8.5,0,0
1,250,1.5,8.5,0,0
1,250,2,8.5,0,0
1,250,16.5,9,0,0
1,250,17,9,0,0
1,250,31.5,9,0,0
1,250,32,9,0,0
1,250,1.5,9,0,0
1,250,2,9,0,0
1,250,16.5,9.5,0,0
1,250,17,9.5,0,0
1,250,31.5,9.5,0,0
1,250,32,9.5,0,0
1,250,1.5,9.5,0,0
1,250,2,9.5,0,0
1,250,16.5,10,0,0
1,250,17,10,0,0
1,250,31.5,10,0,0
1,250,32,10,0,0
1,250,1.5,10,0,0
1,250,2,10,0,0
1,250,16.5,10.5,0,0
1,250,17,10.5,0,0
1,250,31.5,10.5,0,0
1,250,32,10.5,0,0
1,250,1.5,10.5,0,0
1,250,2,10.5,0,0
1,250,16.5,11,0,0
1,250,17,11,0,0
1,250,31.5,11,0,0
1,250,32,11,0,0
1,250,1.5,11,0,0
1,250,2,11,0,0
1,250,16.5,11.5,0,0
1,250,17,11.5,0,0
1,250,31.5,11.5,0,0
1,250,32,11.5,0,0
1,250,1.5,11.5,0,0
1,250,2,11.5,0,0
1,250,16.5,12,0,0
1,250,17,12,0,0
1,250,31.5,12,0,0
1,250,32,12,0,0
1,250,1.5,12,0,0
1,250,2,12,0,0
1,250,16.5,12.5,0,0
1,250,17,12.5,0,0
1,250,31.5,12.5,0,0
1,250,32,12.5,0,0
1,250,1.5,12.5,0,0
1,250,2,12.5,0,0
1,250,16.5,13,0,0
1,250,17,13,0,0
1,250,31.5,13,0,0
1,250,32,13,0,0
1,250,1.5,13,0,0
1,250,2,13,0,0
1,250,16.5,13.5,0,0
1,250,17,13.5,0,0
1,250,31.5,13.5,0,0
1,250,32,13.5,0,0
1,250,1.5,13.5,0,0
1,250,2,13.5,0,0
1,250,16.5,14,0,0
1,250,17,14,0,0
1,250,31.5,14,0,0
1,250,32,14,0,0
1,250,1.5,14,0,0
1,250,2,14,0,0
1,250,16.5,14.5,0,0
1,250,17,14.5,0,0
1,250,31.5,14.5,0,0
1,250,32,14.5,0,0
1,250,1.5,14.5,0,0
1,250,2,14.5,0,0
1,250,16.5,15,0,0
1,250,17,15,0,0
1,250,31.5,15,0,0
1,250,32,15,0,0
1,250,1.5,15,0,0
1,250,2,15,0,0
1,250,16.5,15.5,0,0
1,250,17,15.5,0,0
1,250,31.5,15.5,0,0
1,250,32,15.5,0,0
1,250,1.5,15.5,0,0
1,250,2,15.5,0,0
1,250,16.5,16,0,0
1,250,17,16,0,0
1,250,31.5,16,0,0
1,250,32,16,0,0
1,250,1.5,16,0,0
1,250,2,16,0,0
1,250,16.5,16.5,0,0
1,250,17,16.5,0,0
1,250,31.5,16.5,0,0
1,250,32,16.5,0,0
1,250,1.5,16.5,0,0
1,250,2,16.5,0,0
1,250,16.5,17,0,0
1,250,17,17,0,0
1,250,31.5,17,0,0
1,250,32,17,0,0
1,250,1.5,17,0,0
1,250,2,17,0,0
1,250,16.5,17.5,0,0
1,250,17,17.5,0,0
1,250,31.5,17.5,0,0
1,250,32,17.5,0,0
1,250,1.5,17.5,0,0
1,250,2,17.5,0,0
1,250,16.5,18,0,0
1,250,17,18,0,0
1,250,31.5,18,0,0
1,250,32,18,0,0
1,250,1.5,18,0,0
1,250,2,18,0,0
1,250,16.5,18.5,0,0
1,250,17,18.5,0,0
1,250,31.5,18.5,0,0
1,250,32,18.5,0,0
1,250,1.5,18.5,0,0
1,250,2,18.5,0,0
1,250,16.5,19,0,0
1,250,17,19,0,0
1,250,31.5,19,0,0
1,250,32,19,0,0
1,250,1.5,19,0,0
1,250,2,19,0,0
1,250,16.5,19.5,0,0
1,250,17,19.5,0,0
1,250,31.5,19.5,0,0
1,250,32,19.5,0,0
1,250,1.5,19.5,0,0
1,250,2,19.5,0,0
1,250,16.5,20,0,0
1,250,17,20,0,0
1,250,31.5,20,0,0
1,250,32,20,0,0
1,250,1.5,20,0,0
1,250,2,20,0,0
1,250,16.5,20.5,0,0
1,250,17,20.5,0,0
1,250,31.5,20.5,0,0
1,250,32,20.5,0,0
1,250,1.5,20.5,0,0
1,250,2,20.5,0,0
1,250,16.5,21,0,0
1,250,17,21,0,0
1,250,31.5,21,0,0
1,250,32,21,0,0
1,250,1.5,21,0,0
1,250,2,21,0,0
1,250,16.5,21.5,0,0
1,250,17,21.5,0,0
1,250,31.5,21.5,0,0
1,250,32,21.5,0,0
1,250,1.5,21.5,0,0
1,250,2,21.5,0,0
1,250,16.5,22,0,0
1,250,17,22,0,0
1,250,31.5,22,0,0
1,250,32,22,0,0
1,250,1.5,22,0,0
1,250,2,22,0,0
1,250,16.5,22.5,0,0
1,250,17,22.5,0,0
1,250,31.5,22.5,0,0
1,250,32,22.5,0,0
1,250,1.5,22.5,0,0
1,250,2,22.5,0,0
1,250,16.5,23,0,0
1,250,17,23,0,0
1,250,31.5,23,0,0
1,250,32,23,0,0
1,250,1.5,23,0,0
1,250,2,23,0,0
1,250,16.5,23.5,0,0
1,250,17,23.5,0,0
1,250,31.5,23.5,0,0
1,250,32,23.5,0,0
1,250,1.5,23.5,0,0
1,250,2,23.5,0,0
1,250,16.5,24,0,0
1,250,17,24,0,0
1,250,31.5,24,0,0
1,250,32,24,0,0
1,250,1.5,24,0,0
1,250,2,24,0,0
1,250,16.5,24.5,0,0
1,250,17,24.5,0,0
1,250,31.5,24.5,0,0
1,250,32,24.5,0,0
1,250,1.5,24.5,0,0
1,250,2,24.5,0,0
1,250,16.5,25,0,0
1,250,17,25,0,0
1,250,31.5,25,0,0
1,250,32,25,0,0
1,250,1.5,25,0,0
1,250,2,25,0,0
1,250,16.5,25.5,0,0
1,250,17,25.5,0,0
1,250,31.5,25.5,0,0
1,250,32,25.5,0,0
1,250,1.5,25.5,0,0
1,250,2,25.5,0,0
1,250,16.5,26,0,0
1,250,17,26,0,0
1,250,31.5,26,0,0
1,250,32,26,0,0
1,250,1.5,26,0,0
1,250,2,26,0,0
1,250,16.5,26.5,0,0
1,250,17,26.5,0,0
1,250,31.5,26.5,0,0
1,250,32,26.5,0,0
1,250,1.5,26.5,0,0
1,250,2,26.5,0,0
1,250,16.5,27,0,0
1,250,17,27,0,0
1,250,31.5,27,0,0
1,250,32,27,0,0
1,250,1.5,27,0,0
1,250,2,27,0,0
1,250,16.5,27.5,0,0
1,250,17,27.5,0,0
1,250,31.5,27.5,0,0
1,250,32,27.5,0,0
1,250,1.5,27.5,0,0
1,250,2,27.5,0,0
1,250,16.5,28,0,0
1,250,17,28,0,0
1,250,31.5,28,0,0
1,250,32,28,0,0
1,250,1.5,28,0,0
1,250,2,28,0,0
1,250,16.5,28.5,0,0
1,250,17,28.5,0,0
1,250,31.5,28.5,0,0
1,250,32,28.5,0,0
1,250,1.5,28.5,0,0
1,250,2,28.5,0,0
1,250,16.5,29,0,0
1,250,17,29,0,0
1,250,31.5,29,0,0
1,250,32,29,0,0
1,250,1.5,29,0,0
1,250,2,29,0,0
1,250,16.5,29.5,0,0
1,250,17,29.5,0,0
1,250,31.5,29.5,0,0
1,250,32,29.5,0,0
1,250,1.5,29.5,0,0
1,250,2,29.5,0,0
1,250,16.5,30,0,0
1,250,17,30,0,0
1,250,31.5,30,0,0
1,250,32,30,0,0
1,250,1.5,30,0,0
1,250,2,30,0,0
1,250,16.5,30.5,0,0
1,250,17,30.5,0,0
1,250,31.5,30.5,0,0
1,250,32,30.5,0,0
1,250,1.5,30.5,0,0
1,250,2,30.5,0,0
1,250,16.5,31,0,0
1,250,17,31,0,0
1,250,31.5,31,0,0
1,250,32,31,0,0
1,250,1.5,31,0,0
1,250,2,31,0,0
1,250,2.5,1.5,0,0
1,250,2.5,2,0,0
1,250,3,1.5,0,0
1,250,3,2,0,0
1,250,3.5,1.5,0,0
1,250,3.5,2,0,0
1,250,4,1.5,0,0
1,250,4,2,0,0
1,250,4.5,1.5,0,0
1,250,4.5,2,0,0
1,250,5,1.5,0,0
1,250,5,2,0,0
1,250,5.5,1.5,0,0
1,250,5.5,2,0,0
1,250,6,1.5,0,0
1,250,6,2,0,0
1,250,6,30.5,0,0
1,250,6,31,0,0
1,250,6.5,1.5,0,0
1,250,6.5,2,0,0
1,250,6.5,30.5,0,0
1,250,6.5,31,0,0
1,250,7,1.5,0,0
1,250,7,2,0,0
1,250,7,30.5,0,0
1,250,7,31,0,0
1,250,7.5,1.5,0,0
1,250,7.5,2,0,0
1,250,7.5,30.5,0,0
1,250,7.5,31,0,0
1,250,8,1.5,0,0
1,250,8,2,0,0
1,250,8,30.5,0,0
1,250,8,31,0,0
1,250,8.5,1.5,0,0
1,250,8.5,2,0,0
1,250,8.5,30.5,0,0
1,250,8.5,31,0,0
1,250,9,1.5,0,0
1,250,9,2,0,0
1,250,9,30.5,0,0
1,250,9,31,0,0
1,250,9.5,1.5,0,0
1,250,9.5,2,0,0
1,250,9.5,30.5,0,0
1,250,9.5,31,0,0
1,250,10,1.5,0,0
1,250,10,2,0,0
1,250,10,30.5,0,0
1,250,10,31,0,0
1,250,10.5,1.5,0,0
1,250,10.5,2,0,0
1,250,10.5,30.5,0,0
1,250,10.5,31,0,0
1,250,11,1.5,0,0
1,250,11,2,0,0
1,250,11,30.5,0,0
1,250,11,31,0,0
1,250,11.5,1.5,0,0
1,250,11.5,2,0,0
1,250,11.5,30.5,0,0
1,250,11.5,31,0,0
1,250,12,1.5,0,0
1,250,12,2,0,0
1,250,12,30.5,0,0
1,250,12,31,0,0
1,250,12.5,1.5,0,0
1,250,12.5,2,0,0
1,250,12.5,30.5,0,0
1,250,12.5,31,0,0
1,250,13,1.5,0,0
1,250,13,2,0,0
1,250,13,30.5,0,0
1,250,13,31,0,0
1,250,13.5,1.5,0,0
1,250,13.5,2,0,0
1,250,13.5,30.5,0,0
1,250,13.5,31,0,0
1,250,14,1.5,0,0
1,250,14,2,0,0
1,250,14,30.5,0,0
1,250,14,31,0,0
1,250,14.5,1.5,0,0
1,250,14.5,2,0,0
1,250,14.5,30.5,0,0
1,250,14.5,31,0,0
1,250,15,1.5,0,0
1,250,15,2,0,0
1,250,15,30.5,0,0
1,250,15,31,0,0
1,250,15.5,1.5,0,0
1,250,15.5,2,0,0
1,250,15.5,30.5,0,0
1,250,15.5,31,0,0
1,250,16,1.5,0,0
1,250,16,2,0,0
1,250,16,30.5,0,0
1,250,16,31,0,0
1,250,17.5,1.5,0,0
1,250,17.5,2,0,0
1,250,17.5,30.5,0,0
1,250,17.5,31,0,0
1,250,18,1.5,0,0
1,250,18,2,0,0
1,250,18,30.5,0,0
1,250,18,31,0,0
1,250,18.5,1.5,0,0
1,250,18.5,2,0,0
1,250,18.5,30.5,0,0
1,250,18.5,31,0,0
1,250,19,1.5,0,0
1,250,19,2,0,0
1,250,19,30.5,0,0
1,250,19,31,0,0
1,250,19.5,1.5,0,0
1,250,19.5,2,0,0
1,250,19.5,30.5,0,0
1,250,19.5,31,0,0
1,250,20,1.5,0,0
1,250,20,2,0,0
1,250,20,30.5,0,0
1,250,20,31,0,0
1,250,20.5,1.5,0,0
1,250,20.5,2,0,0
1,250,20.5,30.5,0,0
1,250,20.5,31,0,0
1,250,21,1.5,0,0
1,250,21,2,0,0
1,250,21,30.5,0,0
1,250,21,31,0,0
1,250,21.5,1.5,0,0
1,250,21.5,2,0,0
1,250,21.5,30.5,0,0
1,250,21.5,31,0,0
1,250,22,1.5,0,0
1,250,22,2,0,0
1,250,22,30.5,0,0
1,250,22,31,0,0
1,250,22.5,1.5,0,0
1,250,22.5,2,0,0
1,250,22.5,30.5,0,0
1,250,22.5,31,0,0
1,250,23,1.5,0,0
1,250,23,2,0,0
1,250,23,30.5,0,0
1,250,23,31,0,0
1,250,23.5,1.5,0,0
1,250,23.5,2,0,0
1,250,23.5,30.5,0,0
1,250,23.5,31,0,0
1,250,24,1.5,0,0
1,250,24,2,0,0
1,250,24,30.5,0,0
1,250,24,31,0,0
1,250,24.5,1.5,0,0
1,250,24.5,2,0,0
1,250,24.5,30.5,0,0
1,250,24.5,31,0,0
1,250,25,1.5,0,0
1,250,25,2,0,0
1,250,25,30.5,0,0
1,250,25,31,0,0
1,250,25.5,1.5,0,0
1,250,25.5,2,0,0
1,250,25.5,30.5,0,0
1,250,25.5,31,0,0
1,250,26,1.5,0,0
1,250,26,2,0,0
1,250,26,30.5,0,0
1,250,26,31,0,0
1,250,26.5,1.5,0,0
1,250,26.5,2,0,0
1,250,26.5,30.5,0,0
1,250,26.5,31,0,0
1,250,27,1.5,0,0
1,250,27,2,0,0
1,250,27,30.5,0,0
1,250,27,31,0,0
1,250,27.5,1.5,0,0
1,250,27.5,2,0,0
1,250,27.5,30.5,0,0
1,250,27.5,31,0,0
1,250,28,1.5,0,0
1,250,28,2,0,0
1,250,28.5,1.5,0,0
1,250,28.5,2,0,0
1,250,29,1.5,0,0
1,250,29,2,0,0
1,250,29.5,1.5,0,0
1,250,29.5,2,0,0
1,250,30,1.5,0,0
1,250,30,2,0,0
1,250,30.5,1.5,0,0
1,250,30.5,2,0,0
1,250,31,1.5,0,0
1,250,31,2,0,0
1,250,32,31.5,0,0
1,250,31.9918,31.9999,0,0
1,250,31.9672,32.4993,0,0
1,250,31.9263,32.9976,0,0
1,250,31.869,33.4943,0,0
1,250,31.7955,33.9888,0,0
1,250,31.7059,34.4807,0,0
1,250,31.6001,34.9694,0,0
1,250,31.4784,35.4543,0,0
1,250,31.3409,35.935,0,0
1,250,31.1876,36.4109,0,0
1,250,31.0189,36.8815,0,0
1,250,30.8348,37.3464,0,0
1,250,30.6356,37.805,0,0
1,250,30.4215,38.2568,0,0
1,250,30.1926,38.7013,0,0
1,250,29.9493,39.1381,0,0
1,250,29.6918,39.5667,0,0
1,250,29.4205,39.9866,0,0
1,250,29.1354,40.3974,0,0
1,250,28.8371,40.7986,0,0
1,250,28.5258,41.1898,0,0
1,250,28.2018,41.5706,0,0
1,250,27.8656,41.9406,0,0
1,250,27.5173,42.2994,0,0
1,250,27.1575,42.6466,0,0
1,250,26.7865,42.9817,0,0
1,250,26.4048,43.3046,0,0
1,250,26.0126,43.6147,0,0
1,250,25.6105,43.9119,0,0
1,250,25.1989,44.1956,0,0
1,250,24.7781,44.4658,0,0
1,250,24.3488,44.722,0,0
1,250,23.9113,44.964,0,0
1,250,23.4661,45.1915,0,0
1,250,23.0136,45.4043,0,0
1,250,22.5545,45.6021,0,0
1,250,22.0891,45.7848,0,0
1,250,21.6179,45.9522,0,0
1,250,21.1416,46.104,0,0
1,250,20.6605,46.2401,0,0
1,250,20.1752,46.3604,0,0
1,250,19.6862,46.4647,0,0
1,250,19.1941,46.5529,0,0
1,250,18.6993,46.6249,0,0
1,250,18.2024,46.6807,0,0
1,250,17.704,46.7201,0,0
1,250,17.2046,46.7432,0,0
1,250,16.7046,46.7499,0,0
1,250,16.2048,46.7402,0,0
1,250,15.7055,46.7142,0,0
1,250,15.2073,46.6718,0,0
1,250,14.7108,46.613,0,0
1,250,14.2164,46.5381,0,0
1,250,13.7248,46.4469,0,0
1,250,13.2365,46.3397,0,0
1,250,12.7519,46.2166,0,0
1,250,12.2716,46.0776,0,0
1,250,11.7962,45.923,0,0
1,250,11.326,45.7528,0,0
1,250,10.8617,45.5674,0,0
1,250,10.4038,45.3668,0,0
1,250,9.9526,45.1513,0,0
1,250,9.50875,44.9211,0,0
1,250,9.07269,44.6765,0,0
1,250,8.64487,44.4178,0,0
1,250,8.22577,44.1452,0,0
1,250,7.81583,43.8589,0,0
1,250,7.41549,43.5594,0,0
1,250,7.02519,43.2469,0,0
1,250,6.64534,42.9218,0,0
1,250,6.27635,42.5845,0,0
1,250,5.91862,42.2352,0,0
1,250,5.57253,41.8743,0,0
1,250,5.23846,41.5023,0,0
1,250,4.91676,41.1196,0,0
1,250,4.60778,40.7265,0,0
1,250,4.31185,40.3235,0,0
1,250,4.02929,39.9111,0,0
1,250,3.7604,39.4895,0,0
1,250,3.50548,39.0594,0,0
1,250,3.26479,38.6212,0,0
1,250,3.0386,38.1753,0,0
1,250,2.82714,37.7223,0,0
1,250,2.63065,37.2625,0,0
1,250,2.44934,36.7966,0,0
1,250,2.2834,36.3249,0,0
1,250,2.13301,35.8481,0,0
1,250,1.99833,35.3666,0,0
1,250,1.87951,34.881,0,0
1,250,1.77667,34.3917,0,0
1,250,1.68992,33.8993,0,0
1,250,1.61936,33.4043,0,0
1,250,1.56507,32.9073,0,0
1,250,1.5271,32.4087,0,0
1,250,1.50549,31.9092,0,0
1,250,1.50027,31.4093,0,0
1,250,31.5,31.5,0,0
1,250,31.4918,31.9916,0,0
1,250,31.4672,32.4826,0,0
1,250,31.4263,32.9725,0,0
1,250,31.3691,33.4608,0,0
1,250,31.2956,33.947,0,0
1,250,31.206,34.4304,0,0
1,250,31.1003,34.9105,0,0
1,250,30.9787,35.3869,0,0
1,250,30.8412,35.8589,0,0
1,250,30.6881,36.3261,0,0
1,250,30.5195,36.788,0,0
1,250,30.3356,37.2439,0,0
1,250,30.1367,37.6935,0,0
1,250,29.9228,38.1362,0,0
1,250,29.6943,38.5715,0,0
1,250,29.4515,38.999,0,0
1,250,29.1945,39.4181,0,0
1,250,28.9237,39.8285,0,0
1,250,28.6394,40.2296,0,0
1,250,28.3418,40.621,0,0
1,250,28.0314,41.0022,0,0
1,250,27.7085,41.3729,0,0
1,250,27.3734,41.7326,0,0
1,250,27.0264,42.081,0,0
1,250,26.6681,42.4176,0,0
1,250,26.2987,42.7421,0,0
1,250,25.9187,43.0541,0,0
1,250,25.5286,43.3532,0,0
1,250,25.1287,43.6392,0,0
1,250,24.7195,43.9117,0,0
1,250,24.3014,44.1704,0,0
1,250,23.8749,44.415,0,0
1,250,23.4405,44.6453,0,0
1,250,22.9987,44.861,0,0
1,250,22.55,45.0618,0,0
1,250,22.0948,45.2476,0,0
1,250,21.6336,45.4181,0,0
1,250,21.1671,45.5731,0,0
1,250,20.6956,45.7125,0,0
1,250,20.2198,45.8361,0,0
1,250,19.74,45.9438,0,0
1,250,19.257,46.0354,0,0
1,250,18.7712,46.1109,0,0
1,250,18.2831,46.1701,0,0
1,250,17.7934,46.2131,0,0
1,250,17.3024,46.2397,0,0
1,250,16.8109,46.2499,0,0
1,250,16.3193,46.2437,0,0
1,250,15.8282,46.2212,0,0
1,250,15.3381,46.1823,0,0
1,250,14.8495,46.1271,0,0
1,250,14.3631,46.0556,0,0
1,250,13.8794,45.968,0,0
1,250,13.3988,45.8643,0,0
1,250,12.9219,45.7446,0,0
1,250,12.4493,45.6091,0,0
1,250,11.9815,45.4579,0,0
1,250,11.5189,45.2913,0,0
1,250,11.0622,45.1093,0,0
1,250,10.6118,44.9121,0,0
1,250,10.1683,44.7001,0,0
1,250,9.73199,44.4734,0,0
1,250,9.30352,44.2323,0,0
1,250,8.88332,43.9771,0,0
1,250,8.47187,43.708,0,0
1,250,8.06961,43.4253,0,0
1,250,7.67699,43.1294,0,0
1,250,7.29446,42.8206,0,0
1,250,6.92243,42.4992,0,0
1,250,6.56132,42.1655,0,0
1,250,6.21153,41.82,0,0
1,250,5.87344,41.4631,0,0
1,250,5.54744,41.0951,0,0
1,250,5.23389,40.7164,0,0
1,250,4.93313,40.3275,0,0
1,250,4.6455,39.9287,0,0
1,250,4.37132,39.5206,0,0
1,250,4.11089,39.1036,0,0
1,250,3.8645,38.6782,0,0
1,250,3.63243,38.2448,0,0
1,250,3.41494,37.8039,0,0
1,250,3.21225,37.3559,0,0
1,250,3.02461,36.9015,0,0
1,250,2.85222,36.4411,0,0
1,250,2.69527,35.9752,0,0
1,250,2.55393,35.5043,0,0
1,250,2.42837,35.0289,0,0
1,250,2.31871,34.5497,0,0
1,250,2.22509,34.067,0,0
1,250,2.14761,33.5815,0,0
1,250,2.08635,33.0937,0,0
1,250,2.04138,32.6041,0,0
1,250,2.01276,32.1133,0,0
1,250,2.0005,31.6218,0,0
1,250,2.00464,31.1302,0,0
1,250,27.5,31.5,0,0
1,250,27.4884,31.9998,0,0
1,250,27.4535,32.4986,0,0
1,250,27.3955,32.9951,0,0
1,250,27.3145,33.4885,0,0
1,250,27.2106,33.9775,0,0
1,250,27.0841,34.4612,0,0
1,250,26.9352,34.9385,0,0
1,250,26.7644,35.4083,0,0
1,250,26.5718,35.8697,0,0
1,250,26.358,36.3217,0,0
1,250,26.1234,36.7632,0,0
1,250,25.8686,37.1933,0,0
1,250,25.594,37.6111,0,0
1,250,25.3003,38.0157,0,0
1,250,24.9881,38.4062,0,0
1,250,24.6581,38.7818,0,0
1,250,24.311,39.1416,0,0
1,250,23.9475,39.4849,0,0
1,250,23.5685,39.8109,0,0
1,250,23.1747,40.1189,0,0
1,250,22.767,40.4083,0,0
1,250,22.3463,40.6784,0,0
1,250,21.9135,40.9287,0,0
1,250,21.4696,41.1586,0,0
1,250,21.0154,41.3676,0,0
1,250,20.552,41.5552,0,0
1,250,20.0803,41.7211,0,0
1,250,19.6015,41.8649,0,0
1,250,19.1165,41.9863,0,0
1,250,18.6264,42.085,0,0
1,250,18.1322,42.1608,0,0
1,250,17.6351,42.2135,0,0
1,250,17.136,42.2431,0,0
1,250,16.6361,42.2494,0,0
1,250,16.1364,42.2325,0,0
1,250,15.6381,42.1923,0,0
1,250,15.1421,42.1291,0,0
1,250,14.6497,42.0428,0,0
1,250,14.1617,41.9338,0,0
1,250,13.6794,41.8021,0,0
1,250,13.2037,41.6482,0,0
1,250,12.7357,41.4724,0,0
1,250,12.2764,41.2749,0,0
1,250,11.8268,41.0564,0,0
1,250,11.3878,40.8171,0,0
1,250,10.9604,40.5577,0,0
1,250,10.5455,40.2788,0,0
1,250,10.144,39.9808,0,0
1,250,9.75687,39.6645,0,0
1,250,9.38483,39.3305,0,0
1,250,9.02872,38.9796,0,0
1,250,8.6893,38.6125,0,0
1,250,8.36733,38.23,0,0
1,250,8.06348,37.833,0,0
1,250,7.77842,37.4223,0,0
1,250,7.51277,36.9987,0,0
1,250,7.2671,36.5633,0,0
1,250,7.04194,36.1169,0,0
1,250,6.83777,35.6606,0,0
1,250,6.65505,35.1952,0,0
1,250,6.49416,34.7218,0,0
1,250,6.35545,34.2415,0,0
1,250,6.23923,33.7552,0,0
1,250,6.14574,33.2641,0,0
1,250,6.07518,32.7692,0,0
1,250,6.02772,32.2715,0,0
1,250,6.00344,31.7721,0,0
1,250,6.00242,31.2721,0,0
1,250,27,31.5,0,0
1,250,26.9878,31.9998,0,0
1,250,26.9513,32.4984,0,0
1,250,26.8904,32.9947,0,0
1,250,26.8055,33.4873,0,0
1,250,26.6966,33.9753,0,0
1,250,26.5641,34.4574,0,0
1,250,26.4082,34.9324,0,0
1,250,26.2294,35.3992,0,0
1,250,26.028,35.8568,0,0
1,250,25.8045,36.3041,0,0
1,250,25.5595,36.7398,0,0
1,250,25.2935,37.1632,0,0
1,250,25.0072,37.573,0,0
1,250,24.7012,37.9684,0,0
1,250,24.3764,38.3484,0,0
1,250,24.0333,38.7122,0,0
1,250,23.673,39.0587,0,0
1,250,23.2962,39.3873,0,0
1,250,22.9038,39.6971,0,0
1,250,22.4968,39.9875,0,0
1,250,22.0761,40.2576,0,0
1,250,21.6427,40.5069,0,0
1,250,21.1977,40.7347,0,0
1,250,20.7421,40.9406,0,0
1,250,20.2771,41.124,0,0
1,250,19.8036,41.2846,0,0
1,250,19.3228,41.4218,0,0
1,250,18.836,41.5355,0,0
1,250,18.3442,41.6253,0,0
1,250,17.8485,41.691,0,0
1,250,17.3503,41.7324,0,0
1,250,16.8507,41.7495,0,0
1,250,16.3508,41.7422,0,0
1,250,15.8518,41.7106,0,0
1,250,15.355,41.6546,0,0
1,250,14.8615,41.5745,0,0
1,250,14.3725,41.4705,0,0
1,250,13.8892,41.3427,0,0
1,250,13.4126,41.1915,0,0
1,250,12.944,41.0172,0,0
1,250,12.4845,40.8203,0,0
1,250,12.0351,40.6012,0,0
1,250,11.5969,40.3605,0,0
1,250,11.171,40.0987,0,0
1,250,10.7584,39.8164,0,0
1,250,10.36,39.5144,0,0
1,250,9.97678,39.1932,0,0
1,250,9.60971,38.8538,0,0
1,250,9.25962,38.4969,0,0
1,250,8.92735,38.1233,0,0
1,250,8.6137,37.734,0,0
1,250,8.3194,37.3299,0,0
1,250,8.04515,36.9119,0,0
1,250,7.79162,36.481,0,0
1,250,7.5594,36.0382,0,0
1,250,7.34904,35.5847,0,0
1,250,7.16105,35.1214,0,0
1,250,6.99588,34.6495,0,0
1,250,6.8539,34.1702,0,0
1,250,6.73547,33.6844,0,0
1,250,6.64087,33.1935,0,0
1,250,6.57032,32.6986,0,0
1,250,6.52398,32.2008,0,0
1,250,6.50198,31.7013,0,0
1,250,6.50435,31.2014,0,0
