2451 2 0.5 2e+06 0.2 50 2 0 0.001 0 9.81 35 49
0,250,2.79917,25.8467,0.265513,-2.10346
0,250,2.78436,26.54,-0.832164,-0.889107
0,250,2.73106,25.8266,-0.738831,-1.11032
0,250,3.04519,31.7711,1.0452,1.66288
0,250,2.90995,34.0439,0.771198,-3.19916
0,250,2.89074,34.9616,1.81449,0.309128
0,250,2.7974,33.1289,0.162452,-2.99512
0,250,3.41654,36.514,0.590417,-1.38179
0,250,8.21611,41.7369,1.25765,-0.119823
0,250,7.15328,39.6588,-0.126338,0.452904
0,250,12.4748,45.1452,1.60698,1.46328
0,250,16.6923,43.7641,1.85943,0.289924
0,250,17.0969,44.0962,1.33171,0.984112
0,250,16.5589,44.5048,0.422339,1.18429
0,250,18.7465,45.2311,0.938982,1.39479
0,250,22.6307,44.0887,0.782343,-0.120389
0,250,22.469,42.592,0.4353,-0.582779
0,250,24.2748,41.7499,-0.205792,-1.73643
0,250,24.116,41.3355,-0.22662,-0.939479
0,250,26.6233,40.6018,2.76856,-1.89867
0,250,11.6036,30.0163,-0.654779,0.734012
0,250,27.7282,35.086,1.35255,-2.79746
0,250,29.8203,34.3675,-0.0413098,-2.1603
0,250,29.8703,32.1344,0.207711,-1.62317
0,250,29.0673,28.7148,-1.65787,-2.19866
0,250,29.1799,32.6328,-1.59667,-2.97282
0,250,28.6809,29.602,-1.54661,-3.4665
0,250,29.4191,28.9807,-1.79552,-1.9615
0,250,30.601,30.5476,1.73461,-2.54841
0,250,24.9871,24.5861,-1.69536,-2.6961
0,250,17.4547,26.8864,0.0226483,-0.30259
0,250,23.9106,29.0468,3.25819,-1.05806
0,250,28.4338,25.9547,-1.33374,-1.03912
0,250,24.9727,27.6356,-1.12774,0.038179
0,250,22.8916,27.1371,0.383417,-0.223624
0,250,25.5807,26.316,-1.11897,-1.95696
0,250,24.3041,29.4755,0.763295,0.538153
0,250,22.4605,25.4028,-2.50892,-1.00228
0,250,20.5008,30.1594,1.55672,1.04095
0,250,22.1974,24.9813,-3.39108,0.212798
0,250,23.0618,29.8653,1.82218,-0.74442
0,250,20.8934,18.469,-0.310397,-2.84663
0,250,23.4566,19.353,-0.309563,1.74653
0,250,20.7947,19.7098,-1.04559,-3.07028
0,250,22.1124,20.9987,-2.06241,-1.86381
0,250,25.0115,19.0096,1.01636,0.112985
0,250,23.4038,30.0188,1.2257,-0.780206
0,250,30.0728,21.4199,-3.7638,1.25432
0,250,19.0423,22.4703,-1.20873,-2.85712
0,250,19.4029,20.2688,-1.071,-3.89003
0,250,30.5176,24.9835,-0.189868,1.18165
0,250,19.2104,23.926,-2.19683,0.330236
0,250,18.4125,25.2006,-0.994632,-0.294408
0,250,23.1825,21.4383,-2.62118,-0.593735
0,250,30.8248,15.9143,-2.00385,7.52886
0,250,19.8683,22.1749,-1.76586,-0.915123
0,250,2.53744,24.6197,1.03153,-0.195036
0,250,2.42664,27.6994,-1.25144,1.15119
0,250,2.7208,27.9132,-1.35608,-0.976837
0,250,2.6613,31.8182,2.63196,0.95469
0,250,2.84101,34.4172,-0.303947,1.92445
0,250,3.20795,35.6609,-0.255129,1.64168
0,250,6.11993,41.0196,-1.67181,0.0345981
0,250,11.6534,43.7722,-0.10293,1.52188
0,250,16.7438,44.9824,1.365,1.93776
0,250,9.42482,42.7745,-1.36738,1.53736
0,250,12.47,43.7976,-0.58828,1.7565
0,250,12.2365,43.0465,-1.04412,-0.167663
0,250,15.4147,42.6273,0.483177,0.527744
0,250,20.1745,44.5702,-0.0982726,-1.50702
0,250,19.2786,44.7438,0.980198,-1.59342
0,250,22.8798,43.4115,-0.107137,-1.62417
0,250,15.229,43.0923,-0.229741,1.05943
0,250,23.9625,42.1322,-0.494369,-0.70995
0,250,25.7526,42.177,1.03163,-1.91396
0,250,25.6334,41.6788,0.968723,-1.43524
0,250,27.1723,40.725,1.3477,0.156097
0,250,29.8759,33.8476,-1.18752,-2.36771
0,250,30.0146,32.6681,-1.32462,-1.43479
0,250,29.2807,38.5495,-0.208207,0.640134
0,250,26.37,24.6166,-3.01333,-1.95805
0,250,25.9618,24.2542,-2.70458,-1.1273
0,250,30.1119,26.8854,-0.902059,-1.91737
0,250,27.9095,26.2311,-1.51459,-1.24706
0,250,28.3233,27.9958,-1.42536,-1.86764
0,250,25.8265,27.9676,0.192262,-2.40985
0,250,21.3332,26.7958,-0.74368,0.640897
0,250,21.9394,23.1688,-3.49713,-0.929985
0,250,17.6742,26.0567,0.800702,-0.309551
0,250,29.4173,25.6692,-0.796196,-1.57591
0,250,23.9489,27.7267,2.6011,-1.34038
0,250,18.1598,27.3157,-0.0641361,1.52305
0,250,17.5016,25.6144,1.51733,0.404451
0,250,17.8444,27.6339,-1.15555,0.889405
0,250,20.4559,25.5547,-1.05159,1.62671
0,250,24.7957,22.2851,-1.9776,-1.12224
0,250,20.3231,22.0787,-1.498,-1.1305
0,250,18.4474,22.4432,-0.67101,-2.56992
0,250,22.2128,21.547,-1.5359,-1.18855
0,250,27.7022,23.6308,-2.96268,-1.83502
0,250,20.8257,24.3391,-3.26879,0.218674
0,250,18.7623,27.242,0.0925395,0.280028
0,250,19.8115,20.368,-0.952364,-2.99574
0,250,17.5141,18.4966,2.46715,-4.86607
0,250,29.9872,26.404,0.153584,-0.677301
0,250,31.1528,23.0579,-5.59246,-0.663736
0,250,28.1066,22.4651,-1.45273,0.509986
0,250,28.284,23.687,-0.530234,1.13424
0,250,18.4106,21.4764,-0.854063,-3.07756
0,250,19.3081,30.2397,-0.81584,2.79641
0,250,23.5456,19.6552,-0.254996,0.315575
0,250,27.9201,21.6854,0.850616,-0.126645
0,250,2.5663,24.5113,-0.697987,-1.92154
0,250,2.69198,31.2653,-1.07776,-0.379421
0,250,2.64684,26.8335,-0.23048,-0.650488
0,250,2.32611,30.5561,-1.96427,-1.1049
0,250,3.93816,35.7231,1.13016,-0.0628692
0,250,3.91993,37.7293,0.891399,0.495837
0,250,7.90607,42.1089,4.33542,-0.0330852
0,250,9.40586,42.3779,-2.28809,1.41984
0,250,13.3127,42.1021,-1.64403,0.976507
0,250,14.367,42.3834,-0.597429,1.15992
0,250,18.22,45.3091,-0.363959,0.233829
0,250,18.5538,45.7164,0.252798,0.526085
0,250,21.3182,45.0834,-0.203208,-1.06956
0,250,20.8243,45.2957,-0.511989,0.601249
0,250,16.3026,42.9804,-0.296322,0.63112
0,250,17.7977,43.766,0.588829,0.998205
0,250,23.3225,42.7393,-0.942164,-1.82793
0,250,26.0257,40.6257,2.51951,-0.782475
0,250,25.8679,41.2178,1.52547,-0.409523
0,250,26.5111,40.1985,1.24588,-1.52981
0,250,28.601,38.7751,1.68763,-1.15363
0,250,27.2465,41.2062,0.360233,0.346397
0,250,29.0957,37.9326,-0.0703561,-1.54337
0,250,27.4051,29.0919,-0.854489,-1.75121
0,250,23.7324,28.55,3.31546,-0.123447
0,250,27.0829,28.7963,-1.00948,-1.84102
0,250,29.8124,27.8154,-0.584371,-0.854701
0,250,27.8316,36.6226,0.145603,-1.05165
0,250,19.8376,24.4224,-2.11811,0.607665
0,250,25.8479,27.4552,0.637683,-0.645566
0,250,30.8121,28.3222,-1.5235,-1.08599
0,250,31.0082,27.8894,-0.622211,-0.21243
0,250,18.1657,29.0424,-0.0170333,1.7244
0,250,30.5853,26.9543,-0.561702,-2.35116
0,250,19.2867,26.1081,0.213106,0.784132
0,250,22.69,27.522,1.87323,-0.363571
0,250,18.9406,28.3422,-1.41031,0.488058
0,250,24.7798,26.6187,-2.17563,-1.48903
0,250,17.4188,23.5896,-0.584981,0.292801
0,250,17.9764,20.7282,-0.201776,-2.60481
0,250,18.0139,22.4559,-0.953705,-2.67983
0,250,22.6192,22.6597,-3.73722,-0.467638
0,250,25.229,23.6211,-3.29529,-2.01306
0,250,23.1126,21.8921,-2.3706,-1.92045
0,250,21.5631,18.6579,-2.18614,-2.21016
0,250,23.5544,22.2138,-2.4129,-1.98859
0,250,30.4079,22.8747,0.121966,-0.561912
0,250,21.2777,21.1322,-1.60341,-1.5095
0,250,24.4287,19.631,1.16522,-0.829678
0,250,23.1414,21.017,-1.67913,-1.29161
0,250,26.3153,20.056,-0.325997,-1.7548
0,250,27.7677,21.0872,-5.66686,6.0616
0,250,29.8152,24.0655,-2.43173,1.4094
0,250,18.8534,21.3542,-0.248379,-3.04564
0,250,25.446,23.1525,-4.11286,-2.86627
0,250,19.4288,18.3156,0.910362,-4.44656
0,250,3.3548,26.1753,0.926706,-0.915268
0,250,2.59372,28.3944,0.315021,-0.394814
0,250,2.50264,32.8053,-0.204154,1.1925
0,250,3.20776,36.0047,0.797335,-0.490266
0,250,4.105,38.3781,0.939755,3.2591
0,250,5.22964,39.7079,1.80359,1.01583
0,250,8.60112,42.8045,-0.247147,2.58462
0,250,13.5273,44.6937,0.538661,1.97163
0,250,12.3737,42.2677,-1.54994,-1.11258
0,250,15.2956,45.5444,0.281219,0.0871701
0,250,16.4353,45.5125,-0.415289,1.84282
0,250,17.0879,44.5711,1.53669,0.504719
0,250,21.3829,44.5596,0.775848,-0.874222
0,250,17.0792,42.6533,0.29284,0.229419
0,250,26.0003,40.2234,0.696443,-1.55955
0,250,26.0393,38.8984,2.31552,-1.27269
0,250,24.6181,40.5472,0.322789,0.871524
0,250,26.3297,39.7816,2.81994,-1.39673
0,250,26.1169,39.3834,3.19395,-1.44241
0,250,27.3023,39.7188,2.1785,-0.858913
0,250,28.1061,33.6153,0.517205,-2.24809
0,250,29.709,34.9416,0.224366,-1.56143
0,250,29.3013,37.441,0.548858,-1.33309
0,250,29.2723,28.0177,-1.36754,-0.607686
0,250,27.9335,24.6835,-1.66735,-2.32518
0,250,20.4999,22.9672,-3.09526,-0.442306
0,250,23.5173,24.8345,-4.21694,-1.43192
0,250,21.8644,26.5228,-1.13636,-0.733288
0,250,20.2777,22.5491,-2.20042,-0.97655
0,250,21.6133,27.3867,1.09162,0.812303
0,250,21.1221,24.9713,-2.94947,0.444203
0,250,18.5488,28.0627,-0.150689,0.674368
0,250,25.0675,26.0415,-2.63801,-2.08804
0,250,25.3563,29.9815,0.714134,1.40337
0,250,18.5695,20.0403,-0.991917,-3.38285
0,250,25.2044,26.6436,-2.89677,-1.23248
0,250,19.2012,24.9468,-0.610704,1.71066
0,250,18.4865,29.3809,-1.55186,2.05241
0,250,18.1448,18.2317,0.274564,-5.43818
0,250,19.0293,20.118,-0.21061,-3.46474
0,250,17.9922,28.0258,-0.239952,1.60536
0,250,25.7593,22.4848,-2.41081,-1.51614
0,250,25.7233,21.9338,-1.18704,-1.4938
0,250,30.5809,15.8035,-1.99139,9.58151
0,250,30.1114,23.6307,1.093,-0.235374
0,250,22.6688,21.6307,-3.03368,-1.77786
0,250,20.9433,20.3269,-2.85731,-1.42523
0,250,24.0961,21.479,-0.285504,0.701981
0,250,30.474,26.4983,0.526147,-0.71723
0,250,23.0377,22.3701,-4.38448,-1.86025
0,250,24.393,22.7444,-3.55525,-1.53759
0,250,24.8107,28.9978,0.750441,1.26162
0,250,29.5368,22.7007,-4.08592,0.781957
0,250,17.4836,29.5521,2.24866,1.54812
0,250,19.2494,21.4209,-2.36229,-2.09362
0,250,25.0234,19.3959,1.69683,-0.638499
0,250,2.40872,29.007,-1.40843,1.29301
0,250,3.50741,32.1409,0.41915,0.908197
0,250,2.999,32.3026,1.72593,2.9649
0,250,3.77776,36.1824,1.17033,-0.635064
0,250,7.17805,42.0409,1.86876,0.251415
0,250,6.83355,41.7501,3.05515,2.89844
0,250,12.0194,44.9101,-0.388821,1.62098
0,250,13.8718,45.2125,0.683419,1.30508
0,250,17.2907,45.5308,-0.0657798,0.196444
0,250,19.7307,44.6509,-0.843287,-1.32295
0,250,20.9653,44.7632,0.929696,-1.54315
0,250,16.187,43.8317,1.2743,1.29392
0,250,25.3114,42.5471,2.13147,-1.48288
0,250,25.5777,38.9004,1.34985,-1.29474
0,250,25.7792,42.6398,1.22105,-0.936549
0,250,26.0688,41.7324,1.32052,-1.62673
0,250,23.4032,40.8335,-0.193224,-0.164936
0,250,28.3883,38.2827,0.741686,0.338734
0,250,25.5154,38.4324,1.32206,-0.984509
0,250,28.8461,37.3589,0.810226,-0.449189
0,250,27.0593,40.2634,1.65245,-0.954363
0,250,29.0319,32.2475,0.0106236,-2.59887
0,250,29.7981,29.7881,-0.691683,-1.95246
0,250,29.2024,36.5185,0.194681,0.29632
0,250,30.3007,33.5472,-1.39809,-0.551344
0,250,26.9633,24.6646,-2.96292,-1.94765
0,250,24.0412,28.2332,2.49214,-0.670235
0,250,24.5863,26.1788,-2.89028,-2.18339
0,250,27.5371,26.4099,-2.33141,-2.37333
0,250,21.6976,29.2839,3.12206,-0.804315
0,250,23.5234,28.0526,2.69292,-1.3929
0,250,20.4304,26.1083,-0.785206,0.842512
0,250,22.6796,24.8421,-4.87353,-1.40974
0,250,18.0962,25.7657,2.11695,-0.306389
0,250,22.5281,20.6133,-2.43731,-2.49088
0,250,22.0987,28.3484,1.91526,-0.382561
0,250,19.6508,27.668,0.223055,0.34927
0,250,22.3004,19.4475,-0.516675,-0.667157
0,250,19.1301,26.8785,-0.706162,0.987768
0,250,19.9768,25.1754,-0.285643,1.84045
0,250,17.4481,29.9865,1.89807,0.87951
0,250,28.8459,24.9137,-0.96415,-1.43993
0,250,29.4091,24.7424,-1.03379,-0.207789
0,250,27.2855,20.6924,-0.155693,-2.21253
0,250,17.3637,22.241,0.149076,-1.23695
0,250,19.2293,18.256,0.52915,-5.21066
0,250,22.0547,22.2096,-2.16501,-1.5963
0,250,30.0259,24.5203,-0.251668,1.16753
0,250,26.4953,20.9109,-0.299294,-1.59339
0,250,30.4289,24.5112,-1.90851,0.360012
0,250,24.189,18.7266,3.21745,-0.87273
0,250,25.2727,22.8043,-3.47311,-3.26295
0,250,22.9851,19.0633,-0.0964449,-0.75751
0,250,27.6975,24.1597,-1.52743,-1.50931
0,250,10.5662,40.8238,-3.37572,-2.05574
0,250,30.885,23.9421,0.189572,2.1703
0,250,2.60579,29.3653,-0.945078,0.448356
0,250,3.52913,31.7397,1.97278,0.689689
0,250,3.30825,35.2134,0.954716,1.21277
0,250,4.34764,37.8431,1.36202,-0.983077
0,250,10.3803,44.269,-1.48612,2.82053
0,250,12.5159,44.2693,0.0526739,1.47363
0,250,9.43135,43.7922,-0.526528,0.222536
0,250,14.102,43.5449,-0.121309,1.35157
0,250,11.2599,41.1619,-2.16129,-1.01791
0,250,20.5709,44.9553,1.51148,-0.120182
0,250,21.7984,41.4613,0.94919,-0.566162
0,250,22.4678,43.6627,0.423693,-1.3719
0,250,18.121,42.9302,0.695218,0.512537
0,250,24.3938,40.9506,-0.112139,-0.38124
0,250,26.8836,38.7087,2.31757,-1.59533
0,250,28.0061,38.1459,1.72178,0.149665
0,250,23.8932,40.0609,0.826605,-0.321098
0,250,27.4923,40.3053,0.884047,-1.03766
0,250,29.3798,34.5273,0.513569,-2.42556
0,250,7.67882,39.4863,0.0308849,-2.08851
0,250,30.0594,35.5756,1.37729,-0.771057
0,250,29.5152,38.0136,0.0573902,-0.237759
0,250,28.9436,29.2385,-1.69354,-2.73555
0,250,30.804,33.9192,-0.866319,-1.35567
0,250,23.461,23.8394,-3.21423,-1.86956
0,250,29.4089,26.9293,-1.14195,-1.69314
0,250,29.8055,27.2552,-0.591766,-2.48878
0,250,28.5409,27.073,-2.12546,-1.92019
0,250,27.9414,27.6717,-1.75751,-0.312054
0,250,28.336,26.5168,-2.21788,-1.52891
0,250,20.1438,27.74,0.102995,0.139779
0,250,29.1626,26.2322,-1.66844,-2.019
0,250,25.4007,25.4784,-2.80719,-3.8263
0,250,18.1699,24.4074,0.294803,-0.484373
0,250,20.5026,23.8653,-2.04136,-0.737925
0,250,17.7255,19.7575,-0.803456,-3.21967
0,250,23.4673,25.3233,-2.72483,-1.61777
0,250,24.8837,28.1667,0.883164,-1.33068
0,250,21.0442,23.0723,-3.55821,-0.562523
0,250,22.4947,20.2009,-1.0204,-1.82493
0,250,26.1366,26.147,-1.82797,-4.13128
0,250,17.7425,21.9051,-0.664524,-2.05115
0,250,18.2646,28.4574,0.568276,0.873148
0,250,23.7862,21.1777,-2.0567,-1.42603
0,250,29.5142,21.3396,-6.87083,-0.0481488
0,250,21.676,22.5849,-3.316,-0.791852
0,250,23.6633,21.7981,-2.8727,-1.32365
0,250,25.5993,23.8927,-2.72545,-1.94549
0,250,24.9046,20.6911,0.0175152,-0.440249
0,250,22.5858,21.1489,-2.1266,-1.27162
0,250,28.2536,21.1685,-4.44538,-1.53621
0,250,23.7672,22.6368,-3.59174,-3.23941
0,250,25.8101,19.1985,1.7979,-1.12708
0,250,18.0832,17.739,-0.108849,-3.87702
0,250,26.4973,20.4886,0.771319,-2.96876
0,250,22.5107,22.1447,-3.29318,-1.24837
0,250,3.06999,26.8844,0.733327,-0.0205405
0,250,3.76323,35.4084,0.799855,-0.0182716
0,250,5.58031,39.6367,0.228105,0.744733
0,250,4.69103,38.4377,1.33587,1.79798
0,250,8.57232,41.4897,-0.785118,2.1466
0,250,12.9478,45.3395,1.26138,1.14637
0,250,7.29449,39.2499,0.22852,-3.04068
0,250,14.9502,43.2376,-0.803464,0.354124
0,250,17.5364,45.8514,-1.43617,1.11915
0,250,19.63,45.6332,-0.0267267,-1.0805
0,250,21.4695,43.5804,-0.33033,-1.11227
0,250,23.7735,42.9981,0.45077,-1.42434
0,250,16.5194,42.696,1.55731,0.87873
0,250,24.6484,41.4055,1.08491,-0.840754
0,250,25.7795,39.8229,1.24337,-2.23552
0,250,27.5134,36.9568,1.94849,-0.763909
0,250,26.2679,40.9987,2.12528,-1.48354
0,250,26.4979,38.9456,2.82243,-1.08872
0,250,28.9672,34.6952,1.07763,-2.11162
0,250,26.9301,41.5437,0.759766,0.138859
0,250,30.2616,34.5777,0.775047,-0.613739
0,250,27.6345,33.8882,0.790852,-4.36062
0,250,27.7619,34.3216,2.06401,-2.39234
0,250,27.4359,27.3717,-1.36855,-1.21847
0,250,21.5619,23.674,-3.26546,-0.459427
0,250,24.611,23.7272,-2.89367,-1.19524
0,250,19.0976,27.4951,1.80201,0.926174
0,250,27.4665,25.8528,-0.297578,-2.43848
0,250,25.4891,24.4033,-2.30606,-1.9497
0,250,27.424,24.4566,-2.30172,-1.65485
0,250,18.7548,20.7824,-0.564623,-2.82163
0,250,17.6089,21.5444,0.27358,-1.66336
0,250,22.4028,27.0174,-0.369245,-0.930903
0,250,21.4678,29.9688,3.13439,-2.23455
0,250,23.4198,29.3789,2.89799,-0.49862
0,250,17.5151,23.1653,-0.0825605,-1.88638
0,250,21.8452,28.8375,2.87168,-1.57453
0,250,24.8926,30.0273,1.67914,-0.148275
0,250,17.4855,25.215,-1.58675,-0.234468
0,250,18.9562,23.4278,-2.00596,-0.293592
0,250,19.7134,26.0785,-1.06093,1.12668
0,250,19.5393,20.9439,-1.48617,-2.15172
0,250,23.1943,20.2287,-0.361036,-1.24571
0,250,20.7457,18.3344,-0.696254,-2.79609
0,250,25.0331,21.8504,-1.55244,-1.21074
0,250,17.4287,27.9322,-0.976212,1.32772
0,250,20.4888,20.8269,-2.0951,-1.26979
0,250,19.2628,23.0725,-2.28598,-2.44512
0,250,25.7383,20.0134,-0.665314,-0.654084
0,250,27.2026,21.0427,-1.2245,-0.459628
0,250,30.4162,25.4443,-0.176319,0.187214
0,250,18.82,18.8923,-0.301788,-3.24006
0,250,27.6079,22.622,-1.51569,-0.00626649
0,250,22.7132,19.4972,-0.554728,-1.47933
0,250,26.6407,21.7355,-4.24015,-0.567809
0,250,25.8807,20.5379,1.23554,-2.10792
0,250,3.24251,25.2591,0.0164137,-0.762164
0,250,3.22229,33.0334,0.486481,0.145512
0,250,5.82679,40.6269,2.32164,0.220155
0,250,7.8162,40.6606,0.643623,-2.63431
0,250,13.2758,45.0122,0.460468,0.499842
0,250,11.2157,43.4148,-0.201337,0.679229
0,250,9.93035,43.5071,-0.277587,2.01238
0,250,11.5074,44.8791,-0.674308,0.22536
0,250,16.6984,43.3177,0.635879,0.257016
0,250,20.2253,45.4476,-1.30629,-1.09162
0,250,22.8777,42.9056,0.39525,-0.443757
0,250,24.079,42.6416,0.650609,-3.14432
0,250,23.6353,42.4494,-0.645107,-1.20631
0,250,25.832,37.9608,0.64512,-1.38807
0,250,24.3584,43.6158,1.45501,-2.17009
0,250,24.9193,40.1737,-0.63139,-0.366892
0,250,28.1226,38.7306,1.80768,0.376355
0,250,28.8904,38.3918,0.710741,-0.0733612
0,250,26.8969,36.2427,1.82417,-0.323432
0,250,27.8664,32.2679,-1.28591,-2.26777
0,250,29.2391,35.6252,0.164362,-0.175259
0,250,29.7399,37.5375,0.0256356,0.402102
0,250,30.9361,33.0502,-0.984469,-1.71013
0,250,30.8377,33.4708,-0.666613,-1.49503
0,250,27.4981,28.3828,-1.96266,-0.816744
0,250,27.7239,25.2398,-0.818642,-2.06957
0,250,18.1483,21.1367,-0.783434,-3.70192
0,250,23.1244,28.4215,2.12846,-0.764579
0,250,24.5246,28.5226,1.61954,-2.33351
0,250,28.3011,25.4403,-1.41916,-1.50027
0,250,28.7731,26.4566,-2.2943,-0.471709
0,250,26.6104,26.7105,0.424602,-2.29398
0,250,19.5292,27.1862,0.143727,2.3009
0,250,18.4002,23.1201,-0.711198,-1.19325
0,250,23.9366,25.3591,-3.86436,-1.43906
0,250,19.9042,29.2764,-0.00884503,0.465685
0,250,20.7985,22.0793,-2.49712,-1.57771
0,250,24.1347,21.9238,-2.23862,-0.102054
0,250,22.2266,24.2096,-3.48345,-1.18206
0,250,28.7975,27.9364,-0.378279,-1.71612
0,250,29.2569,23.014,-1.46791,-2.95397
0,250,24.3386,22.2772,-2.69873,-2.91976
0,250,21.7099,19.9564,-0.571063,-0.668722
0,250,19.2335,27.9493,-1.52115,0.916511
0,250,19.5881,18.738,-0.832103,-4.05822
0,250,20.2389,19.9736,-1.01873,-2.64507
0,250,18.3246,19.0128,0.250961,-2.89656
0,250,31.0881,22.1553,0.103922,0.591516
0,250,28.1955,24.0794,-2.57271,-2.14199
0,250,28.9071,22.1032,-0.851831,3.05591
0,250,28.355,23.2559,-2.04701,-1.6712
0,250,30.2586,22.5233,-3.77611,-0.14112
0,250,26.3807,21.4034,-1.15944,-2.1748
0,250,23.3799,18.7822,1.18951,-1.392
0,250,20.1909,21.5758,-2.36098,-1.45768
0,250,24.2265,19.2334,1.42393,-1.31243
0,250,3.61283,23.9373,-0.624746,-3.21897
0,250,2.4732,32.4511,0.444605,1.46271
0,250,3.76907,37.3465,2.36762,1.50464
0,250,6.34526,41.4688,2.25663,-0.0623319
0,250,11.2729,44.5244,0.85812,0.194409
0,250,8.68114,39.8672,-3.24511,-5.11274
0,250,15.4883,44.6507,1.46946,-0.308586
0,250,13.4804,42.5794,-0.931579,0.920275
0,250,7.7256,38.9097,1.12737,-2.18621
0,250,19.0171,45.6117,0.967943,-0.244627
0,250,20.9871,44.2634,0.130394,-1.39766
0,250,22.6411,44.556,0.828899,-0.835163
0,250,21.7962,42.0149,1.38472,-0.502603
0,250,27.1389,37.7441,-0.351913,-0.615302
0,250,26.8692,39.8209,2.74429,-1.32969
0,250,26.6456,39.3847,2.43457,-1.2588
0,250,21.4017,41.6784,1.45362,-1.29667
0,250,29.4527,36.9953,0.604419,0.497288
0,250,27.9215,39.0535,1.7168,-2.16451
0,250,29.7143,36.6159,0.166323,0.0359792
0,250,28.4467,39.2344,3.05276,-1.74756
0,250,29.7993,30.2341,0.56556,-3.48706
0,250,29.497,32.1022,-1.18838,-2.07351
0,250,30.6475,34.9349,0.376496,-0.452402
0,250,21.105,25.6035,-1.55081,0.928452
0,250,22.8443,23.0805,-3.86515,-1.09766
0,250,21.3278,21.8835,-2.23296,-1.45377
0,250,30.4759,27.9425,-0.102525,-1.30576
0,250,20.1336,28.5299,-0.120356,0.304571
0,250,17.9854,23.0494,-1.75766,-1.28633
0,250,28.7846,25.4169,0.563153,-0.881201
0,250,26.2425,28.9198,-0.639969,-1.06466
0,250,25.9589,22.6987,-2.16423,-0.567592
0,250,24.6927,29.4271,2.13691,1.3585
0,250,26.7452,27.9096,-0.565109,-0.296409
0,250,18.0707,23.5851,-1.85623,-2.00535
0,250,21.7454,29.7706,3.18983,0.346749
0,250,18.4715,18.068,-0.518862,-4.8224
0,250,20.1199,26.4076,-1.13834,2.76368
0,250,17.8727,24.7861,0.0982273,-0.897036
0,250,26.6947,28.7623,-0.248018,-0.842047
0,250,25.07,24.1436,-5.15827,-2.1061
0,250,21.3951,20.2494,-0.699013,-1.81663
0,250,28.8972,24.4728,-1.82763,-1.21575
0,250,22.9957,23.5749,-3.94493,-2.38686
0,250,28.7215,23.1561,-2.50234,1.46363
0,250,21.2489,28.7833,2.04639,0.954134
0,250,29.3624,23.7976,-2.32844,0.314875
0,250,19.4153,28.4086,0.105038,0.831765
0,250,27.2324,21.8923,-2.98436,0.117241
0,250,26.5203,22.1478,-4.06308,-1.22752
0,250,29.9838,23.2158,-0.392317,1.91847
0,250,22.4304,15.2378,-1.96145,16.0662
0,250,17.9373,19.1889,0.899943,-2.55732
0,250,26.1834,19.3307,2.47874,-3.04582
0,250,29.339,22.3869,-2.72928,2.10241
0,250,2.81779,30.9478,1.53163,0.942343
0,250,3.61869,34.0927,1.85247,0.09119
0,250,4.35381,35.8842,-1.26767,-0.196113
0,250,6.23359,40.4485,-0.482961,-0.230834
0,250,8.57323,42.0292,0.761721,1.38177
0,250,13.7828,44.3427,0.0569025,1.00826
0,250,13.8391,43.0352,-2.03433,0.411671
0,250,10.2069,41.3267,-0.441147,-0.69825
0,250,16.1652,43.4375,-0.0988367,1.97038
0,250,17.7394,44.9612,1.54167,1.92337
0,250,17.7495,45.3652,-1.30724,0.521998
0,250,19.1127,43.2834,0.890319,1.30701
0,250,19.6449,42.5688,1.61716,-0.0602531
0,250,23.9132,43.3903,1.7397,-1.41357
0,250,23.0165,41.2539,-1.5523,-0.018608
0,250,26.214,42.261,0.945984,-1.08164
0,250,27.0994,38.2926,0.487572,-0.87576
0,250,27.517,37.4531,1.87038,-0.364447
0,250,26.1482,37.5125,0.838075,0.280036
0,250,29.5958,31.5608,-0.52205,-2.21572
0,250,28.5194,29.0886,-2.14059,-2.5159
0,250,30.7303,34.3854,0.690307,-1.68229
0,250,22.4122,23.2924,-3.36523,-0.721748
0,250,24.0323,22.9153,-4.22784,-2.30389
0,250,30.3843,33.0632,-2.23259,-1.14369
0,250,22.0523,42.8723,-0.682818,0.0656937
0,250,27.8949,25.718,-0.32134,-0.861491
0,250,21.2343,26.3458,-1.3521,1.12705
0,250,19.7913,28.1299,-1.01566,-0.580744
0,250,27.1157,25.4065,-1.93,-2.36893
0,250,27.4373,25.0398,-1.76588,-1.58952
0,250,21.8691,24.6508,-3.39363,-1.8857
0,250,19.7848,22.7485,-2.70041,-0.256779
0,250,24.3885,25.5343,-3.06652,-2.59107
0,250,17.5398,26.4093,0.814295,-0.167613
0,250,24.2806,28.8755,3.44298,-0.654444
0,250,26.6131,29.3201,-0.148391,-0.683434
0,250,20.2591,29.6909,1.17223,-0.0908788
0,250,24.822,22.8792,-2.28279,-2.4368
0,250,18.6752,24.0886,-0.564439,-0.812676
0,250,21.7577,21.8789,-1.5687,-2.14912
0,250,19.6079,25.2887,-1.08618,0.789595
0,250,22.6093,28.4271,1.91592,0.194509
0,250,20.8548,22.6219,-2.81787,-1.3649
0,250,27.7397,23.2176,-3.02633,-1.43566
0,250,23.0441,19.7823,-0.370899,-0.855155
0,250,18.1684,19.7561,-0.674313,-3.26856
0,250,25.1014,21.2421,-2.0362,-0.933721
0,250,25.4807,20.3625,1.58176,-0.377603
0,250,28.9257,23.6175,-2.53893,1.76281
0,250,26.8009,19.2642,2.26106,-0.675104
0,250,19.46,22.4251,-1.35613,-1.67493
0,250,30.2997,23.9305,0.51549,0.0137196
0,250,30.4309,16.104,-1.58117,10.7984
0,250,30.8172,23.5393,-2.50105,1.06067
0,250,19.1199,21.9083,-1.39181,-2.58227
0,250,3.12976,25.217,-1.23713,-1.94334
0,250,3.30191,27.9443,-0.656501,-0.585961
0,250,3.72953,36.7987,0.666661,0.982994
0,250,4.78423,37.9549,3.29237,2.66331
0,250,9.66028,43.1384,-0.0784305,3.20137
0,250,12.9113,43.8672,0.658712,2.17429
0,250,9.09206,40.5351,-2.8099,-1.47154
0,250,15.9273,45.4186,0.765188,1.30235
0,250,15.6396,43.4408,0.170209,0.448309
0,250,19.2868,45.272,-0.111656,0.75921
0,250,18.521,44.4864,1.07281,-1.22436
0,250,19.5761,44.2224,1.80375,-1.62781
0,250,22.477,43.1255,-0.271731,-1.99062
0,250,20.0133,43.2729,0.225764,0.618797
0,250,23.9342,43.8852,1.54676,-1.25097
0,250,24.8155,43.384,1.4519,-0.670428
0,250,20.2929,42.4924,1.12182,-1.2237
0,250,27.0642,39.2197,2.63138,-2.00317
0,250,28.216,40.0497,1.40078,-0.127406
0,250,29.7507,30.753,-0.33035,-2.49749
0,250,28.4953,34.9112,1.35661,-2.44888
0,250,30.3518,35.9962,-0.0778373,-1.30945
0,250,27.1972,30.0247,-1.77308,0.900478
0,250,26.2966,25.224,-1.8971,-1.50617
0,250,29.0758,30.9348,-0.150884,-2.07021
0,250,31.0422,26.7524,-0.760533,-3.80943
0,250,30.4994,35.4273,1.07959,-0.169798
0,250,31.0724,30.3915,1.08026,-2.13403
0,250,21.7079,24.1739,-3.12098,-0.125182
0,250,21.6146,26.0559,-2.56066,-0.447739
0,250,24.9106,25.6436,-3.86498,-2.71666
0,250,24.4732,30.0316,0.787437,-1.66437
0,250,18.4228,20.603,-0.859784,-3.34795
0,250,20.4882,29.365,0.123861,0.541097
0,250,21.0153,18.9612,-0.526324,-2.2151
0,250,21.0218,28.2149,1.37898,-0.602584
0,250,17.5002,27.3223,-0.43237,0.187278
0,250,21.136,23.6859,-2.13972,0.217673
0,250,18.5596,19.4076,-0.330879,-4.69783
0,250,22.6377,18.7604,-1.32937,-0.5375
0,250,27.0482,26.1191,-1.82345,-1.96389
0,250,21.6879,21.4178,-2.4347,-1.0462
0,250,25.9632,21.0725,-1.714,-0.545025
0,250,20.1348,18.1644,-0.847519,-4.00677
0,250,19.2757,25.5699,0.399103,1.12212
0,250,29.8822,25.3874,0.218917,-1.08647
0,250,31.2858,19.5875,0.056705,4.96879
0,250,27.5602,21.458,-1.92926,0.0228213
0,250,18.9441,19.6661,-1.44544,-3.35226
0,250,27.2657,22.2926,-1.69366,0.581273
0,250,27.1877,23.104,-0.62767,0.0537564
0,250,31.0314,20.8436,1.21762,-1.27976
0,250,30.9212,24.2952,-0.687763,0.852321
0,250,30.597,21.5434,0.902666,6.43988
0,250,24.567,18.9251,1.51977,-1.01019
0,250,31.2835,18.5266,-0.262474,4.70401
0,250,3.58944,25.9624,0.490119,-2.68727
0,250,3.51651,26.6109,0.913149,-1.47604
0,250,3.30205,32.6323,-0.704638,-0.365968
0,250,4.4852,37.3366,0.450323,1.28013
0,250,6.94797,41.2684,1.71289,-0.171987
0,250,11.7234,44.3575,0.722432,1.56657
0,250,9.03356,41.9319,-1.16215,0.762523
0,250,10.2226,41.904,-0.654891,-1.16917
0,250,14.5222,45.5592,0.147477,0.402735
0,250,12.4759,41.7559,-4.29114,-0.295379
0,250,17.2343,45.0363,-0.472153,-0.295071
0,250,16.8613,45.4411,1.05078,0.41111
0,250,22.1957,44.1538,1.25295,-1.10043
0,250,22.073,43.3988,-1.34043,-1.53875
0,250,21.2123,43.0203,0.248024,-1.35439
0,250,10.0984,40.5386,-2.12803,-1.35885
0,250,21.6538,43.1455,-0.859577,-1.73254
0,250,11.4531,41.7419,-1.21278,-0.458335
0,250,29.2858,35.1003,1.74346,-0.262687
0,250,27.0308,37.2333,2.04661,-0.850519
0,250,28.7634,30.44,0.90696,-3.58465
0,250,28.9703,39.0635,1.71785,-0.21233
0,250,28.2387,31.2991,1.28841,-2.83734
0,250,29.8296,28.6018,-1.12993,-1.54854
0,250,30.1603,29.4254,-1.34517,-3.63619
0,250,27.6173,35.5695,0.495502,-1.5539
0,250,22.4938,23.828,-3.66413,-0.60968
0,250,26.1611,23.8076,-3.56246,-2.03968
0,250,30.7062,27.4892,-1.7937,0.95193
0,250,31.1069,29.7657,0.026684,-0.645512
0,250,31.0903,30.9341,-1.27756,-2.19734
0,250,29.3378,25.1996,-0.516083,-1.23648
0,250,20.7587,26.6067,-0.806257,0.802041
0,250,25.3973,27.6393,-1.00871,-0.0964784
0,250,18.8422,25.6836,-0.835372,0.484952
0,250,25.7134,26.8383,-1.059,-1.97258
0,250,18.659,21.9932,-0.138466,-1.84416
0,250,18.9542,29.727,1.36702,1.63679
0,250,26.026,28.4171,1.84784,-0.134582
0,250,17.4818,20.1696,-0.00530774,-4.35772
0,250,18.6164,27.6966,-1.76994,-0.515438
0,250,26.2707,27.7869,-0.518489,-1.44659
0,250,26.5658,23.7286,-2.47919,-1.15825
0,250,20.9963,29.972,2.52927,1.23153
0,250,17.6717,18.6465,1.07213,-3.73423
0,250,27.8914,22.001,-1.48125,0.752245
0,250,24.8544,23.3112,-3.87795,-2.1236
0,250,29.8718,24.9745,-0.79948,-0.831987
0,250,20.2139,18.4627,-1.09737,-4.1041
0,250,20.5159,20.262,-0.666935,-1.65564
0,250,28.8561,22.6572,-0.354009,1.73278
0,250,25.4307,20.836,-0.104132,-2.41059
0,250,30.3369,20.751,2.55672,9.00843
0,250,17.9849,20.2266,0.60672,-2.63557
0,250,30.424,20.7968,0.319936,7.71654
0,250,31.0204,24.8263,-0.956979,1.4735
0,250,3.04552,29.3594,-0.41341,0.483919
0,250,3.24043,30.7644,1.12604,-1.71878
0,250,4.05482,34.5015,1.9669,-0.647117
0,250,5.23673,38.2625,2.05057,0.796135
0,250,5.46943,40.2686,0.37039,3.96896
0,250,7.49289,42.3819,1.14788,2.26409
0,250,10.6192,42.2386,-1.65574,-1.54551
0,250,15.767,45.0764,1.49073,1.94473
0,250,17.4857,44.534,1.5335,1.69496
0,250,11.9994,41.8787,-4.11112,-1.09187
0,250,16.1809,45.8795,-0.789925,2.00411
0,250,20.1247,45.0692,-0.0889115,-1.1878
0,250,23.3263,43.2235,-0.0527612,-2.4309
0,250,21.3238,42.1227,-0.323596,-1.43839
0,250,18.7932,42.4525,1.22617,0.287968
0,250,24.4916,42.7328,0.910366,-2.34028
0,250,27.5195,38.0387,0.983253,0.405074
0,250,19.295,43.8805,1.07259,0.110528
0,250,26.5591,41.9157,1.80888,-1.20001
0,250,27.642,38.5062,1.56953,-2.51628
0,250,28.6391,32.5951,-0.0257576,-2.36686
0,250,30.2359,30.6589,-0.662568,-2.5933
0,250,29.2599,30.0837,-0.19078,-2.6744
0,250,28.202,34.0982,0.92985,-3.04759
0,250,29.952,37.0592,-0.000887947,-1.3987
0,250,27.8819,32.8022,2.28228,-1.83426
0,250,30.9824,32.4958,-1.4236,-1.24294
0,250,27.7905,33.3421,0.911262,-2.79919
0,250,30.607,29.5192,0.121014,-1.15275
0,250,18.9551,26.3752,-0.355492,0.248797
0,250,27.02,29.4851,-0.787856,0.0658435
0,250,21.4379,23.059,-3.44515,-1.31834
0,250,22.1369,27.4085,-0.637795,0.103225
0,250,23.7166,20.7474,-0.995094,-0.559883
0,250,25.379,28.2137,-0.370431,-0.320207
0,250,19.2721,28.9229,-0.697883,0.139886
0,250,26.4653,28.2937,0.031327,-1.97545
0,250,17.4855,21.1979,1.80725,-3.87857
0,250,23.0066,27.9442,1.01302,-0.761843
0,250,21.5128,27.9881,0.87941,0.0564062
0,250,21.0399,20.933,-1.50046,-2.14104
0,250,24.7235,21.1803,-2.56284,-1.17053
0,250,21.4024,19.1899,-0.267986,-2.18851
0,250,21.0654,27.1605,0.288928,1.07862
0,250,24.0255,24.9117,-4.54837,-3.41923
0,250,18.6154,18.4554,0.440155,-4.32812
0,250,20.5736,21.3214,-1.37736,-1.54613
0,250,24.0237,19.9323,-0.347283,0.390747
0,250,26.7741,29.9345,-0.158205,-0.858192
0,250,27.0714,24.0871,-1.51415,-0.917946
0,250,25.1495,19.8623,0.360747,-1.42881
0,250,26.3401,19.7191,1.72652,-1.88091
0,250,29.7067,21.877,-4.05764,-2.2416
0,250,27.0125,20.4987,-0.181285,-2.26069
0,250,30.9826,22.357,-0.588277,-0.149792
0,250,27.23,23.6187,-1.83369,-1.35962
0,250,3.62816,24.0459,-0.92815,-2.9895
0,250,3.19226,27.5212,-1.15622,0.946791
0,250,3.14409,33.5887,3.06359,0.32982
0,250,3.69242,34.7601,3.55142,0.184064
0,250,5.14024,38.8877,0.00570006,0.687095
0,250,8.30642,42.4624,2.23426,0.0580489
0,250,9.00324,43.0027,-0.573644,1.7152
0,250,10.2953,42.559,-1.67058,-0.861576
0,250,15.2916,45.1117,2.57199,1.03837
0,250,14.9468,45.6568,2.13906,0.0644101
0,250,9.86244,42.0529,-2.21585,0.31287
0,250,17.1712,43.6217,0.379474,0.117744
0,250,18.0637,45.7562,0.17582,-0.263463
0,250,21.7851,44.889,-0.343733,-1.27537
0,250,16.998,43.0164,0.740377,-0.225789
0,250,18.5495,43.3279,0.885986,0.312768
0,250,11.7294,42.7811,-2.99867,0.161892
0,250,24.4252,42.2048,0.84633,-2.10013
0,250,25.1917,39.3649,1.77596,-1.67114
0,250,22.9955,40.7771,0.428122,1.08844
0,250,24.3624,40.161,0.0309621,-0.0318175
0,250,26.7374,38.0458,1.20466,-0.848966
0,250,29.4604,36.1252,0.643052,0.205221
0,250,28.6354,33.8294,-0.0582264,-3.05196
0,250,30.6127,31.911,-0.339563,-2.44163
0,250,28.3074,30.6823,0.525021,-2.25662
0,250,29.5879,29.3563,-0.543762,-1.65051
0,250,30.0253,28.1342,0.694089,-2.62491
0,250,28.0177,28.3188,-1.0617,-0.464993
0,250,31.0827,31.4928,-0.920812,-0.974627
0,250,23.8175,23.4607,-3.24552,-1.35161
0,250,19.6587,23.1976,-1.66073,-1.67183
0,250,22.7113,26.3719,-1.10395,-0.791937
0,250,20.732,25.2859,-1.35875,0.514593
0,250,23.4846,27.2219,0.593059,-1.78292
0,250,21.4757,25.5308,-1.85609,-0.196829
0,250,24.6774,21.6757,-2.33084,-2.01113
0,250,18.2141,21.8736,-0.181149,-2.35167
0,250,25.9631,21.7457,-1.05087,-1.07864
0,250,25.6517,25.8822,-0.562097,-4.78518
0,250,23.9904,27.2771,0.326681,-2.18061
0,250,17.7556,17.7296,0.607143,-4.83027
0,250,19.1868,19.1476,-0.255937,-4.05718
0,250,22.0558,18.933,-0.593126,-1.65938
0,250,20.14,20.7814,-1.87295,-1.19805
0,250,27.039,21.4935,-3.83943,0.609883
0,250,26.6702,24.2049,-2.50324,-2.40232
0,250,29.3402,24.2691,-1.29701,0.673006
0,250,23.2005,18.4203,-0.204132,-0.120812
0,250,30.8709,21.4314,0.963007,0.626711
0,250,30.6046,25.9261,1.98296,0.215879
0,250,26.8405,23.361,-2.25437,0.52307
0,250,28.3576,24.4964,-1.04246,-0.903786
0,250,26.464,22.4636,-3.19496,0.151651
0,250,29.5341,23.3545,0.400027,1.44033
0,250,29.6595,21.2643,0.36381,-0.076344
0,250,3.87101,25.1366,-0.489532,-1.56786
0,250,2.60708,29.8891,0.440559,-0.125119
0,250,3.21413,30.2828,-1.64257,-0.624185
0,250,3.66272,33.7742,-0.232847,0.610004
0,250,3.34411,34.6041,2.47479,-0.322544
0,250,5.53696,38.5013,-1.08327,-1.27178
0,250,7.68306,41.7877,1.9707,0.0167541
0,250,8.14671,41.1962,0.682355,0.337491
0,250,10.8135,44.0964,0.101245,1.41566
0,250,13.2916,43.0392,-2.83577,1.70653
0,250,12.6431,43.3134,-0.946587,1.4929
0,250,13.8159,42.2868,-1.93057,-1.46097
0,250,11.8556,41.4944,-1.74118,-2.53634
0,250,16.8426,45.9107,-0.673788,0.339607
0,250,20.983,43.3765,-0.994503,-0.995384
0,250,24.3395,43.1644,0.390848,-1.78894
0,250,18.0137,43.321,0.986691,-0.448907
0,250,18.2517,42.5153,0.0909966,1.73223
0,250,23.1013,44.3389,1.35457,-1.09977
0,250,25.1094,38.8827,0.306198,-0.909563
0,250,25.2541,39.8468,0.147227,-0.685954
0,250,19.0842,44.3355,-0.019746,-0.202965
0,250,23.2158,41.6125,-0.944239,-0.57066
0,250,30.1199,35.0268,1.33786,-0.664973
0,250,28.5387,39.6304,-0.435311,-1.30475
0,250,29.8748,36.0749,0.602968,-1.4736
0,250,27.8734,31.0195,-0.964333,-0.896843
0,250,30.0324,29.0017,-0.0270378,-2.01244
0,250,23.5899,24.3145,-4.89405,-1.47587
0,250,30.2306,27.447,-1.09183,-0.662678
0,250,28.9648,26.9533,-1.86703,-2.00258
0,250,27.9894,26.8316,-0.88192,-1.28075
0,250,30.959,26.3293,0.797354,0.18997
0,250,19.5498,26.6607,-2.45458,2.48814
0,250,22.0362,25.5994,-2.90683,-0.947
0,250,25.3368,29.0693,-0.935114,-2.7013
0,250,22.4938,27.9575,0.835895,0.397829
0,250,21.1974,24.1391,-1.80203,-0.222568
0,250,23.1028,20.6111,-1.7023,-1.6041
0,250,24.2415,20.8984,0.812583,0.0884234
0,250,17.9228,30.0508,1.51342,2.28241
0,250,23.9626,29.9993,0.559559,0.627261
0,250,28.7466,28.4332,-0.843722,-3.4828
0,250,22.9975,24.0539,-5.11863,-1.32625
0,250,22.5763,25.8739,-2.45215,-0.474568
0,250,21.824,18.593,-0.185556,-2.77352
0,250,21.959,20.5136,-1.49602,-0.720009
0,250,20.0887,19.4537,-0.400597,-2.29289
0,250,18.5607,23.6233,-1.19136,0.0727941
0,250,30.1713,25.8802,0.321279,-1.60396
0,250,21.556,28.4431,0.800391,-0.912269
0,250,28.1021,22.8138,-1.33563,0.876109
0,250,24.6447,19.9382,0.290887,-0.283605
0,250,25.6241,21.3853,-2.18625,-1.08275
0,250,28.5556,22.1746,-2.27125,-0.0853633
0,250,30.0531,22.2771,-2.96685,2.90626
0,250,3.91697,25.779,-0.541811,-2.37523
0,250,3.77292,26.8696,-0.748355,-0.788107
0,250,2.85457,28.5024,0.114174,-0.6853
0,250,3.58481,31.3523,1.28261,-1.69099
0,250,4.11343,36.4653,3.18438,0.67451
0,250,6.55221,40.9769,0.61473,1.22901
0,250,6.29753,37.6362,2.15437,-4.12407
0,250,10.2996,43.8206,0.212524,3.27352
0,250,10.7205,43.0818,-0.527562,2.29701
0,250,6.76785,38.4934,-0.690319,-0.954729
0,250,14.9698,42.5391,-2.5289,0.782581
0,250,13.6165,43.3969,-0.301571,1.48115
0,250,14.6384,42.8379,0.679203,0.683207
0,250,20.512,43.9763,0.688382,-0.485271
0,250,7.41999,38.7134,-2.28138,-0.924163
0,250,19.5791,43.0797,0.441994,-0.131157
0,250,18.6303,42.9226,0.59235,-0.0320092
0,250,8.34657,39.0868,0.403446,-0.394487
0,250,20.023,43.725,0.814727,0.758203
0,250,24.2746,39.6781,1.2851,-0.747285
0,250,27.3508,38.8,2.52719,-0.971578
0,250,27.0993,35.8233,0.29657,-3.2672
0,250,28.4119,37.1018,1.88742,-1.64466
0,250,10.8299,44.5374,0.623704,-0.233447
0,250,28.4893,36.0705,0.70089,-0.3365
0,250,28.1951,30.0381,-0.469951,-2.57854
0,250,28.6682,31.9528,0.680345,-1.84072
0,250,30.3054,34.0551,-0.310809,0.0203729
0,250,29.6617,32.7628,-1.79302,-2.29838
0,250,28.4864,33.3449,0.757053,-3.25592
0,250,26.7279,24.9947,-1.02958,-2.53422
0,250,19.9999,25.7656,-1.1139,2.58758
0,250,22.3578,26.5895,-2.4312,-0.273853
0,250,24.314,26.9474,-1.85151,-1.51086
0,250,24.1558,25.9276,-3.58269,-2.44815
0,250,23.1228,26.152,-1.87162,-1.1259
0,250,26.9566,27.0476,-1.35309,-1.81244
0,250,25.8148,29.1093,-0.0560508,0.0709465
0,250,26.1155,26.5769,-0.353332,-1.36765
0,250,19.0426,24.3815,-1.0262,-0.293517
0,250,17.8603,29.3532,-0.689828,1.84003
0,250,27.8245,28.8143,-0.98197,-0.29594
0,250,22.8174,18.2696,0.259353,0.976661
0,250,18.6454,28.73,0.0895865,-0.270133
0,250,26.1994,29.4598,1.39288,0.773732
0,250,27.0879,28.272,-0.740515,-1.83976
0,250,25.5573,19.5059,-0.137864,-0.161353
0,250,21.801,19.326,-2.45528,-2.04245
0,250,26.1865,23.1926,-1.84049,-3.44912
0,250,19.4746,19.4423,0.326791,-3.42868
0,250,17.5037,20.665,-1.74278,-2.0076
0,250,26.5028,22.9361,-3.78357,-0.645949
0,250,31.1042,25.8207,0.768204,0.801438
0,250,24.1592,20.4547,0.0708182,0.470742
0,250,30.9263,25.3404,-0.474173,1.19286
0,250,30.7692,23.1675,-2.63397,-3.66624
0,250,4.00852,25.0628,-1.13459,-2.16133
0,250,3.4573,27.3264,-0.568624,0.0596601
0,250,3.79897,27.772,-1.4353,-1.5562
0,250,2.8618,30.2459,-1.17008,-0.64511
0,250,4.29179,33.7524,1.29973,-0.906985
0,250,5.91287,40.0404,-0.837123,1.74414
0,250,8.72342,40.4619,-2.81966,0.390843
0,250,9.0688,41.4808,-1.21422,1.20229
0,250,6.12348,35.6727,0.546982,-1.30948
0,250,10.6336,41.7245,-3.07192,-0.844447
0,250,9.30298,40.0727,-0.909734,-2.92885
0,250,16.5416,44.211,0.844358,0.782809
0,250,8.11065,39.4039,1.16081,0.404141
0,250,13.8735,43.9,-0.672547,0.262991
0,250,15.6325,45.8238,2.72637,0.995976
0,250,21.8826,43.8154,0.376918,-1.22289
0,250,22.2083,44.7141,-1.45634,-1.85725
0,250,17.5869,44.0689,1.63505,0.86032
0,250,18.8698,44.8167,0.916292,0.785842
0,250,25.1299,40.6193,1.03513,-0.378625
0,250,25.48,40.2519,0.742172,-1.07804
0,250,11.7782,42.2795,-2.45534,-0.876556
0,250,28.0222,36.2064,1.60697,-0.884919
0,250,27.5954,36.0017,-0.770332,-0.547053
0,250,28.8269,31.3944,-0.133284,-2.44676
0,250,28.1654,35.2465,1.59484,-2.26159
0,250,26.4288,41.4341,0.92827,-1.74899
0,250,27.5287,29.5203,-2.58629,-0.401076
0,250,27.8797,31.659,1.54247,-0.721824
0,250,27.5407,27.9258,-1.03853,-0.535032
0,250,29.3867,34.0281,0.747158,-2.63711
0,250,29.5513,26.5315,-1.5825,-1.50367
0,250,21.3752,24.695,-3.46343,-0.11983
0,250,21.2072,27.6228,0.272857,0.263269
0,250,20.1899,24.2348,-1.13005,0.530921
0,250,20.8507,28.9937,2.06067,-0.603708
0,250,21.3257,29.2654,2.90793,0.781345
0,250,18.7815,22.8379,-1.38678,-1.77374
0,250,19.9387,30.0057,1.30976,-0.439723
0,250,20.7618,27.8726,0.13191,0.666349
0,250,23.6941,20.1895,-1.01914,-0.84774
0,250,21.7315,25.1495,-3.51519,-0.166719
0,250,18.0282,25.285,-1.99449,0.406414
0,250,20.3876,28.1942,0.647569,0.368093
0,250,23.0657,26.7486,-1.11324,-1.81185
0,250,24.8298,27.1175,-1.34437,-2.28957
0,250,20.908,29.5898,3.74393,-0.300411
0,250,25.6762,29.6016,0.842837,-1.21703
0,250,20.6206,27.4125,-0.987076,0.18757
0,250,23.8796,18.7797,1.82466,0.126798
0,250,27.0606,22.6749,-3.07691,1.53287
0,250,25.2702,22.2064,-3.53369,-2.19799
0,250,20.88,21.6689,-2.5872,-1.30763
0,250,24.6641,20.4667,1.34214,-0.835166
0,250,22.4829,18.3599,0.130611,0.0975775
0,250,19.168,20.7709,-0.624646,-3.11812
0,250,4.14064,24.2513,0.399091,-2.21234
0,250,4.24187,26.4742,-0.0324972,-0.503366
0,250,4.25346,27.818,0.508149,-0.147464
0,250,3.62217,30.9559,0.673364,-0.172124
0,250,4.44595,34.7576,0.186954,-1.10186
0,250,4.65011,38.8377,1.62826,0.0559344
0,250,7.76902,41.1996,1.00789,-0.0854345
0,250,7.35676,40.9755,0.0987723,0.0648807
0,250,5.86202,37.4252,2.30474,-1.24762
0,250,9.4812,41.8042,-0.0995261,-0.154183
0,250,10.1141,42.9891,-0.0318487,2.44885
0,250,14.381,43.1573,1.06944,0.539312
0,250,12.9971,42.5446,-2.9686,-1.96953
0,250,13.0014,43.2998,-0.283824,1.35378
0,250,8.31511,43.1298,0.310106,2.00073
0,250,8.89392,42.4084,-0.421682,0.627832
0,250,19.677,45.1357,0.0911663,-1.07292
0,250,22.4494,42.1577,-0.212974,0.399467
0,250,21.5842,42.634,0.252919,-1.97578
0,250,23.8598,40.8778,-0.851395,-0.63646
0,250,25.3121,43.0223,0.958313,-0.591674
0,250,27.9036,37.6591,0.839692,0.129949
0,250,28.3531,37.6046,1.41897,-0.411992
0,250,26.6736,37.5128,1.06737,-1.28935
0,250,24.736,39.2977,0.943101,-1.15735
0,250,28.7325,36.4735,1.39917,-1.22486
0,250,29.0027,33.5429,0.617223,-1.39319
0,250,28.5036,34.4279,1.68003,-3.32687
0,250,30.0567,31.6382,-2.02649,-1.99598
0,250,28.2892,32.2721,0.233738,-1.27455
0,250,30.5806,32.6391,-2.18607,-2.77242
0,250,20.5578,26.9305,0.410926,1.99039
0,250,30.6719,30.023,0.723132,-2.36399
0,250,21.8018,26.9753,0.0528225,0.55177
0,250,27.796,27.1367,-0.772636,-0.857751
0,250,31.0729,32.004,-0.601086,-1.58519
0,250,24.1866,26.4449,-2.38601,-3.0999
0,250,18.8277,25.106,-1.18661,-0.323864
0,250,27.0548,27.6093,-1.02106,-1.81895
0,250,25.9006,30.0037,0.143199,0.497546
0,250,19.609,29.7,0.103373,1.42402
0,250,23.3653,28.8277,3.60458,-1.16743
0,250,25.1826,29.5252,1.39733,0.24288
0,250,20.6354,19.3012,-1.17033,-2.87735
0,250,23.327,27.5868,0.99123,-1.18196
0,250,22.4534,29.5917,1.45457,-2.40043
0,250,18.5617,24.581,-0.29583,-1.47935
0,250,19.7868,19.8135,-0.818536,-2.75641
0,250,25.8301,23.393,-3.55177,-1.86355
0,250,19.6032,21.7611,-2.06649,-1.2369
0,250,18.8664,29.1273,0.821631,1.5155
0,250,20.3925,18.9367,0.366584,-3.72907
0,250,21.2422,19.7365,-0.944035,-2.03685
0,250,20.2374,24.8668,-1.46157,1.27078
0,250,26.3183,25.7419,-0.517896,-2.98518
0,250,23.4468,26.535,0.0805635,-0.991483
0,250,4.33092,25.6556,-0.589742,-2.45136
0,250,4.39544,26.8576,0.0239662,-0.763158
0,250,4.0806,27.263,-0.753587,-0.576918
0,250,3.30624,29.0071,-0.70536,-0.320969
0,250,3.71763,33.3613,-0.862015,0.541575
0,250,4.18324,32.0845,-0.135442,-0.191985
0,250,4.7201,36.901,0.0425271,-2.16893
0,250,5.80785,37.8901,0.560673,-0.831431
0,250,6.61869,40.285,-0.730509,0.773659
0,250,7.48518,40.0846,-0.113964,-0.412153
0,250,11.3265,44.0091,2.17359,0.948533
0,250,11.383,42.4053,-0.88588,0.140131
0,250,8.0556,40.4042,-0.534543,-0.351807
0,250,7.00717,37.1635,1.24227,-3.38839
0,250,14.4069,44.0187,-1.43708,1.37718
0,250,13.3034,44.1894,1.65341,-0.176521
0,250,8.73471,39.2208,0.27269,-4.07114
0,250,21.0023,43.7857,-0.0104259,-1.11701
0,250,20.5694,44.4231,-0.437498,-0.162499
0,250,25.2785,42.0542,1.15601,-1.68788
0,250,23.5844,41.287,-0.421707,-0.198707
0,250,17.965,44.5561,0.308397,-0.944093
0,250,21.9638,42.4012,-0.654928,-0.118199
0,250,24.8664,42.3641,1.23529,-1.15908
0,250,17.5711,42.9878,0.532065,0.721355
0,250,28.8352,35.2398,1.02237,-2.30484
0,250,21.1174,42.5296,1.42415,0.642693
0,250,29.476,33.5462,-0.486144,-2.18406
0,250,27.923,40.3784,1.53592,-0.458827
0,250,27.5088,39.2803,2.66732,-1.385
0,250,26.6365,36.6975,0.155721,-0.239582
0,250,29.1327,31.6839,0.414309,-3.33466
0,250,27.4252,34.716,0.629506,-1.99949
0,250,29.3776,27.46,-1.48166,-1.32051
0,250,31.0991,27.2352,-0.331492,1.40716
0,250,23.0333,25.0692,-3.35313,-0.971185
0,250,18.1479,44.1489,0.958397,0.680564
0,250,18.2959,26.9571,0.35662,2.11509
0,250,22.2748,29.3339,1.08142,-0.650525
0,250,24.6569,25.1647,-4.91641,-2.05918
0,250,25.092,28.6057,-0.26873,0.158193
0,250,18.2286,26.2565,-0.765531,1.55237
0,250,22.234,19.8983,-0.124241,-1.74397
0,250,17.484,24.1534,0.905872,-1.18124
0,250,17.971,23.9916,0.172426,-0.463807
0,250,22.1141,30.0843,2.16805,1.44806
0,250,17.5239,19.2612,0.484945,-3.05622
0,250,28.9326,27.4872,-1.62479,-1.79181
0,250,17.5096,24.5742,0.562106,-0.0745146
0,250,23.0171,29.3055,2.65992,-0.20331
0,250,22.0658,26.0537,-1.67421,-0.197371
0,250,19.8918,21.2568,-2.48476,-1.60179
0,250,18.6564,30.038,1.85655,0.536039
0,250,24.4289,27.9789,0.692776,-0.904557
0,250,19.8818,19.0259,0.284184,-2.85154
0,250,26.3447,29.9614,-0.484391,0.487963
0,250,4.23989,24.4124,-1.04692,-3.43008
0,250,4.42524,26.1966,-1.20767,-0.46943
0,250,4.55624,27.3503,-0.714029,-1.00293
0,250,3.88231,29.0099,0.0866875,-0.418265
0,250,3.36364,28.5574,-1.68523,0.784167
0,250,3.82827,30.3799,0.80267,-0.75471
0,250,2.65669,33.6739,3.15059,-2.25399
0,250,4.65177,35.2067,-0.164998,-1.00653
0,250,5.65427,36.9722,2.5803,-1.15877
0,250,6.41203,39.7716,-0.257249,0.71023
0,250,6.64915,36.0263,-2.22996,-0.0459058
0,250,6.44173,38.4842,-1.42111,-1.59451
0,250,9.89326,42.5357,-1.2391,0.867471
0,250,7.2186,38.3122,-1.60147,-4.47311
0,250,12.1033,43.4693,-2.74366,1.88227
0,250,7.33959,40.4365,0.0528683,-0.164298
0,250,15.8839,44.3148,1.493,0.2503
0,250,12.2122,42.5674,-1.74165,-1.33741
0,250,14.7965,45.0913,-0.433366,2.41081
0,250,20.7208,42.8275,0.0847824,-1.44647
0,250,16.2932,45.0437,-0.866269,3.16396
0,250,18.8968,43.6872,1.11391,-0.763619
0,250,23.4787,43.6347,0.478594,-1.96286
0,250,23.3929,42.075,-0.721467,-1.89562
0,250,20.4842,43.0909,0.809827,-0.790133
0,250,22.5681,41.0791,-0.427918,-1.32821
0,250,28.615,35.597,0.0401236,-1.62675
0,250,28.021,39.549,0.171699,-2.30713
0,250,19.8784,42.1525,1.27137,-0.116004
0,250,29.6593,35.5032,0.475483,-2.35034
0,250,30.164,36.504,0.356312,-1.36808
0,250,29.3038,30.4952,0.00911027,-1.00373
0,250,29.4411,28.389,0.481618,-1.30289
0,250,30.4775,31.452,0.0452837,-2.19838
0,250,30.6243,28.9674,-0.642158,-1.30579
0,250,24.0802,23.8997,-3.50591,-1.26298
0,250,20.5873,24.6951,-2.18319,0.998364
0,250,19.5295,23.7315,-2.23284,-0.052111
0,250,25.6478,28.6302,1.12797,-0.304554
0,250,22.83,28.9069,3.05149,-1.49883
0,250,19.3008,29.4872,-0.169767,0.346046
0,250,17.7962,28.6916,0.221317,1.51604
0,250,19.6454,28.8545,0.141124,-0.0823846
0,250,19.9458,26.8482,-0.719553,1.89497
0,250,24.4775,24.7378,-2.98081,-3.57424
0,250,17.5541,28.4259,1.83913,-0.677018
0,250,20.2485,28.9283,2.70295,-0.0253984
0,250,17.9477,26.648,1.6854,0.571988
0,250,26.7036,26.2345,-1.3134,-3.07559
0,250,28.7814,23.986,0.188606,-0.536926
0,250,18.2532,29.7768,0.562106,0.675025
0,250,25.332,27.1283,-0.82481,-1.85256
0,250,20.7171,28.5732,1.12847,-0.386721
0,250,21.6244,20.7781,-0.823788,-1.13289
0,250,26.5633,27.3034,0.602894,-1.05499
0,250,17.6073,22.6602,-0.959079,-0.930641
0,250,4.54003,25.3254,-0.588972,-2.11678
0,250,4.97053,25.8631,-2.00211,-2.2987
0,250,4.95889,26.7948,-0.322401,-0.584959
0,250,4.58559,27.9994,1.24048,-0.535525
0,250,3.3086,29.7134,-0.941539,-1.47821
0,250,4.11157,31.6902,2.95783,0.182353
0,250,4.49643,33.4173,0.984595,-0.328887
0,250,4.09882,33.1225,0.116799,-0.87639
0,250,4.9895,33.6253,0.888529,-0.600941
0,250,4.94748,37.4599,1.26769,0.748403
0,250,7.35159,41.5285,2.05243,1.3114
0,250,6.67246,36.6358,1.97375,-0.570615
0,250,10.4448,43.3861,-1.40758,3.58215
0,250,5.22671,36.3396,0.00111796,-0.860254
0,250,5.9338,38.7471,-0.622952,0.490008
0,250,12.7341,44.7123,1.38665,0.548653
0,250,11.0765,42.1281,-3.18576,-0.797813
0,250,6.66673,37.1881,2.01685,-2.94093
0,250,7.52952,37.9791,0.33831,-4.26948
0,250,4.74309,36.0652,1.40219,-1.24253
0,250,12.0483,43.9922,-0.117614,1.19101
0,250,6.9784,37.8858,-2.27545,-3.55163
0,250,23.0341,43.84,-0.148195,-1.76932
0,250,20.5064,43.5522,1.27771,-0.821154
0,250,23.4978,44.107,0.798851,-0.529181
0,250,24.0567,40.533,-0.402439,0.178663
0,250,8.13085,38.6559,3.48841,-0.877909
0,250,24.8802,42.9021,1.06736,-0.886153
0,250,24.8984,41.0138,1.10126,-0.257809
0,250,28.9902,35.9912,1.2978,-0.71376
0,250,29.3322,33.1168,-1.48789,-2.77305
0,250,27.6538,40.856,1.93646,-0.788401
0,250,31.0909,28.6364,-0.437789,-1.05127
0,250,30.0508,31.1339,0.948444,-3.42395
0,250,25.5406,24.9544,-3.16388,-1.15374
0,250,23.132,24.5258,-3.96977,-0.660888
0,250,28.9481,34.1662,0.137505,-2.97527
0,250,23.8105,26.7899,-1.25706,-2.24124
0,250,24.5586,24.2323,-3.43506,-2.45051
0,250,30.3794,28.5663,0.342902,-2.1369
0,250,20.8628,26.0563,-1.42122,0.922648
0,250,18.5478,25.915,0.223347,1.52348
0,250,25.9013,25.4524,-1.57577,-2.73394
0,250,22.3289,28.8637,2.98325,-0.718416
0,250,24.5132,27.484,0.644106,-1.4344
0,250,19.9904,23.7501,-0.730554,-0.699971
0,250,23.3683,23.2871,-4.65312,-1.91043
0,250,28.3766,28.631,-1.7815,-2.04498
0,250,21.9865,27.8597,1.25923,-0.177217
0,250,22.5796,24.4205,-2.82042,-2.07173
0,250,27.2222,26.7254,-0.23909,-1.95256
0,250,28.619,30.9921,-0.10723,-3.00505
0,250,8.7722,43.4485,0.180569,3.13329
0,250,22.6357,30.0113,2.52493,-1.32975
0,250,18.6413,26.632,0.73868,-0.375229
0,250,23.4519,25.7776,-2.6557,-0.778746
0,250,4.80971,24.8991,-1.38496,-1.50555
0,250,5.46737,25.3146,-1.44504,-2.38591
0,250,5.36307,25.9228,-1.25061,-1.1616
0,250,4.93621,26.3522,-1.54533,-0.550873
0,250,5.08123,27.8464,-1.26767,-0.352094
0,250,3.68872,29.4852,-1.01951,-2.15113
0,250,4.13076,31.124,0.718729,0.12204
0,250,3.81357,32.6802,1.52689,0.79299
0,250,4.82777,33.0328,0.951571,0.0631389
0,250,4.49007,32.2819,0.468467,0.206233
0,250,6.02758,35.4002,2.59259,0.669894
0,250,5.60242,31.545,1.19848,-1.68996
0,250,5.13144,34.5302,1.98394,0.683802
0,250,4.15465,35.1354,1.39724,-2.19534
0,250,5.35571,37.2216,-0.279218,-2.23652
0,250,5.54417,39.1536,-0.431021,0.912677
0,250,4.83023,35.5498,-0.322766,-1.81751
0,250,4.55126,36.4773,-0.447134,0.866532
0,250,5.09236,34.9122,1.03568,-2.17041
0,250,6.91575,40.0654,0.793337,-0.103949
0,250,4.81013,39.329,-3.08823,-0.860843
0,250,13.4778,45.4522,1.29376,0.485667
0,250,14.6257,43.5878,-0.767814,-0.543669
0,250,6.61496,37.8452,1.93281,-3.49329
0,250,10.9332,43.6239,-1.62352,2.47926
0,250,22.2097,41.8013,0.473929,-0.350373
0,250,18.9152,35.7298,0.2817,13.8215
0,250,19.1271,42.8703,0.729081,-0.447257
0,250,21.8005,44.3832,-0.725534,-1.22572
0,250,8.96785,39.7177,-0.983608,-0.975728
0,250,15.7543,43.0274,0.530027,-0.693805
0,250,15.9031,42.6033,2.56802,1.84662
0,250,30.2435,30.0341,0.319938,-1.814
0,250,29.9346,33.267,-0.570288,-2.73541
0,250,20.4076,42.0377,-0.143437,-0.903783
0,250,22.6698,41.6214,-0.990695,0.292138
0,250,28.2255,32.8825,0.224017,-0.8859
0,250,24.0527,24.3991,-3.61195,-2.42127
0,250,28.6785,30.0949,-0.011446,-2.61095
0,250,24.2724,23.4267,-2.21468,-3.27499
0,250,30.6841,31.1163,0.147162,-2.05417
0,250,22.0244,23.6536,-2.88077,-1.2857
0,250,29.6713,25.9694,0.0907804,-1.1291
0,250,31.0171,29.203,-0.0897132,-0.923875
0,250,19.506,24.5767,-2.44356,0.30766
0,250,22.9359,25.6243,-2.74737,-1.13912
0,250,20.1614,23.3184,-2.17979,-1.27848
0,250,23.7366,26.1144,-2.43802,-1.49756
0,250,25.0994,25.083,-1.95129,-2.95607
0,250,20.1128,27.3075,-1.25814,0.901186
0,250,22.1537,22.7244,-2.56108,-0.677276
0,250,23.8177,29.5891,1.38153,-0.687668
0,250,21.2736,22.4326,-3.62384,-0.36839
0,250,17.3632,29.0453,1.64952,1.22882
0,250,26.1718,27.1405,-0.340392,-1.86703
0,250,28.3151,24.9727,-1.10161,-1.56001
0,250,4.71813,24.7971,-0.986595,-1.85134
0,250,5.77631,26.1385,-1.03067,-0.127623
0,250,5.45746,26.5742,-1.52621,-1.47336
0,250,5.85169,27.0299,-1.54396,-0.240965
0,250,5.01445,27.343,-1.30286,-0.544865
0,250,3.66791,28.3016,-1.10757,-1.31804
0,250,3.82295,29.9779,-0.266867,-1.7814
0,250,4.6246,28.4564,-1.46561,-0.55124
0,250,4.19449,29.6914,-1.34766,-1.43819
0,250,5.47063,27.7343,-1.0966,-0.935222
0,250,4.08029,28.6446,-1.37246,0.211638
0,250,4.68054,31.4788,1.94035,-0.889984
0,250,5.57328,32.8724,0.115678,-2.49564
0,250,5.48464,28.2863,0.127418,0.321523
0,250,5.27415,31.3723,2.17739,-1.5173
0,250,4.47142,34.3351,1.45872,-0.0870986
0,250,4.58365,30.5229,1.6074,-2.04302
0,250,5.26486,33.164,1.14727,-0.692867
0,250,5.18505,29.4629,0.954115,-1.73334
0,250,5.87804,33.7817,-0.428412,0.780394
0,250,4.91066,34.1237,-0.138177,0.768226
0,250,5.30386,37.7703,-0.300742,-2.12819
0,250,7.89816,42.6535,0.955072,2.42538
0,250,15.2544,43.7295,-0.486519,0.388267
0,250,13.3574,43.7673,0.477512,1.22345
0,250,10.7,41.2361,-3.32954,-1.57987
0,250,14.9645,43.9445,0.119771,1.34192
0,250,9.5094,40.7442,-1.85648,-2.26878
0,250,14.7027,44.4329,0.975695,0.843021
0,250,9.74384,40.181,-1.68223,-1.93259
0,250,14.0453,45.6303,1.50333,-1.00174
0,250,25.5645,40.7596,2.15211,-1.07447
0,250,25.1445,41.5518,1.1734,-2.34702
0,250,27.7161,39.8293,3.3681,0.162691
0,250,24.726,39.759,-0.185172,-0.859397
0,250,27.9666,37.144,2.2279,-0.686244
0,250,28.6651,37.8828,-0.395133,-0.951843
0,250,29.1856,29.653,-0.556359,-2.6226
0,250,29.4784,31.1495,-0.54421,-2.15813
0,250,27.2438,35.2887,1.97542,-1.9344
0,250,18.6819,44.0797,1.17608,-1.80456
0,250,28.3064,31.7464,0.297661,0.0503009
0,250,26.3228,37.9579,1.06609,-1.44067
0,250,23.3275,22.7849,-3.3456,-1.72175
0,250,28.1475,29.6223,-1.50557,-2.66557
0,250,20.6859,23.4762,-3.11251,-0.598128
0,250,28.1167,35.6855,1.7659,-1.04427
0,250,28.3818,27.4695,-0.818942,-0.802469
0,250,14.2676,44.4045,0.786085,0.493338
0,250,28.869,25.8675,0.0321483,-2.01534
0,250,27.9446,30.4485,0.0428517,-2.48585
0,250,28.0089,29.1764,-2.92031,-1.41426
0,250,27.68,29.9527,-1.7409,-1.40407
0,250,25.9386,24.7813,-3.12751,-2.41537
0,250,26.7716,25.5884,0.199121,-2.9242
0,250,30.3333,32.2198,-1.42564,-2.39026
0,250,6.21681,25.5041,-1.13225,-1.30978
0,250,6.18773,26.0485,-2.06882,-0.951756
0,250,6.06659,26.6415,-1.38582,-0.588638
0,250,6.93111,26.8993,-1.38941,0.207255
0,250,6.50279,26.8129,-1.31551,-0.597425
0,250,7.20455,27.3124,-0.428039,-0.639493
0,250,5.37317,27.0748,-1.30542,-1.07852
0,250,6.91166,27.7423,-0.917681,0.394765
0,250,6.6065,27.3216,-0.438506,-1.73905
0,250,7.58686,27.2534,-1.68185,-0.563742
0,250,7.44821,27.9129,-0.883776,0.263563
0,250,7.97683,27.4755,-1.08624,0.258044
0,250,6.66837,28.0414,-0.610612,-1.33718
0,250,7.95806,27.9343,-0.782839,0.178269
0,250,7.23511,28.2422,-1.57491,-0.846632
0,250,6.17763,27.3801,-0.524883,-1.56355
0,250,6.45051,28.4788,-0.544811,0.0480956
0,250,4.34493,29.2137,-1.01391,-1.20574
0,250,5.15294,28.5394,0.514947,-0.852803
0,250,5.21547,32.062,0.447765,-1.15168
0,250,4.27355,30.3414,1.14018,0.113001
0,250,4.13085,37.0167,1.58736,1.27954
0,250,6.93547,40.7473,2.0101,-1.43618
0,250,12.1609,44.5383,0.514343,1.20184
0,250,10.6734,38.926,-11.8505,14.3953
0,250,6.84026,38.9718,-1.63827,-0.155972
0,250,16.0293,44.6554,0.949519,1.25282
0,250,20.0087,44.1305,1.00877,-0.499228
0,250,11.2591,42.923,-2.64095,0.0854095
0,250,17.4647,43.3513,1.67653,1.4876
0,250,20.0377,42.7797,1.91408,-0.00608608
0,250,22.2233,41.3134,1.11651,-0.978105
0,250,7.30946,37.4919,0.0498953,-5.70772
0,250,28.3194,36.6495,1.00208,-1.2608
0,250,21.4341,44.0582,-1.15908,-0.921831
0,250,11.1276,41.6269,-3.10575,-2.99124
0,250,23.7401,41.7112,-1.30965,-1.15054
0,250,25.3827,41.1805,1.88458,-1.76474
0,250,20.8962,41.8222,0.692272,0.645432
0,250,26.429,38.4563,1.40748,-0.841937
0,250,28.9267,36.9357,0.499828,-1.78873
0,250,19.3048,42.3907,1.42086,-0.55073
0,250,25.6173,39.3882,1.7574,-1.14747
0,250,27.105,36.766,0.137201,0.258916
0,250,25.9717,38.4094,1.9024,-1.02578
0,250,26.7766,41.035,1.59546,-1.28794
0,250,18.3182,44.9023,1.34718,-0.890777
0,250,10.0052,40.9885,-1.68988,0.600079
0,250,14.0335,44.827,2.02068,1.73881
0,250,17.6763,42.5967,0.776332,-0.183127
0,250,20.7903,42.2779,0.631663,-1.18565
0,250,22.9277,42.0171,0.723613,0.357746
0,250,28.788,33.0198,0.371232,-0.87611
0,250,28.025,34.6794,0.841527,-2.49452
0,250,6.0257,38.2161,0.0391055,0.537053
0,250,26.4632,37.1122,1.03157,0.280147
0,250,5.49266,25.3675,-1.90279,-2.2946
0,250,6.42987,25.4735,-1.53562,-1.18576
0,250,6.59875,26.2657,-1.61136,-0.692755
0,250,7.0542,26.2791,-1.1941,-1.0396
0,250,7.98358,25.9178,-1.35979,-0.643272
0,250,8.33761,26.6171,-1.86502,0.0221081
0,250,7.76673,26.5685,-1.40555,-0.340046
0,250,7.43642,26.6855,-1.34631,-0.678299
0,250,8.14637,27.0015,-0.862486,-0.72286
0,250,9.22247,27.3095,-1.80113,-0.223333
0,250,8.73144,27.3549,-1.13507,-0.281617
0,250,10.9966,27.4344,-1.3584,0.381011
0,250,10.1544,27.4884,-0.699563,0.25503
0,250,10.7574,27.7841,-1.01631,0.289334
0,250,9.67052,27.6671,-1.35103,0.155155
0,250,8.46349,27.691,-0.841328,0.297658
0,250,7.73407,28.4421,-1.55816,1.59439
0,250,5.89569,27.7378,-0.920438,-0.174393
0,250,7.42176,28.8367,-0.703112,0.446717
0,250,7.00038,28.7573,-1.61098,-0.112919
0,250,8.80255,28.6264,-0.679538,0.547619
0,250,8.15866,28.5134,-0.922954,1.33548
0,250,5.45871,36.0107,0.718507,0.493049
0,250,6.6835,39.3458,-0.567731,-0.362012
0,250,6.3177,36.4952,-0.143946,-0.355659
0,250,7.95565,39.873,-1.23906,-2.07484
0,250,5.3846,33.6867,0.491548,-0.380218
0,250,5.12013,36.744,3.20674,-0.845868
0,250,5.85817,34.8696,-0.173579,2.39523
0,250,18.3378,43.7249,0.813403,0.752171
0,250,14.0479,42.7305,-1.44125,-0.986254
0,250,14.9728,44.6895,2.46737,1.91683
0,250,11.7213,43.2132,-1.59797,-0.466155
0,250,19.5806,43.5625,0.403777,-0.217514
0,250,15.3228,44.2797,1.71736,2.03571
0,250,9.69713,41.4509,-0.566274,-0.919812
0,250,6.24129,39.0323,-0.504544,-0.911076
0,250,14.3783,45.069,0.475289,-0.903679
0,250,12.7217,42.7426,-1.52366,0.52409
0,250,7.83796,38.2912,-3.93788,2.92364
0,250,5.71804,34.5489,-0.0638204,2.28961
0,250,23.495,40.3768,-0.211166,-1.27328
0,250,22.9633,42.4404,-1.02315,-0.994669
0,250,24.7943,41.873,1.13313,-1.43634
0,250,8.33959,40.0214,-2.22784,-2.64109
0,250,9.24535,43.4301,-3.86072,2.25125
0,250,9.29911,41.1129,-0.394865,-0.0687967
0,250,13.0271,44.5248,1.14261,1.96884
0,250,5.95269,36.1346,-0.00666537,1.98211
0,250,5.20248,30.6202,1.49263,-2.06258
0,250,27.3426,36.3784,0.652323,-1.93369
0,250,9.88692,44.081,0.15519,0.435784
0,250,8.15437,30.1108,-1.58559,0.00617506
0,250,5.55011,34.1602,-0.0968134,0.519452
0,250,7.09657,30.1845,-0.0882866,1.85045
0,250,5.73307,36.5361,2.38934,-0.241671
0,250,7.19698,25.7953,-1.77103,-0.896783
0,250,8.28084,26.0506,-1.22937,0.134171
0,250,7.56807,26.004,-1.86827,-0.672505
0,250,9.08507,26.1551,-1.31963,-0.693643
0,250,12.8971,26.4858,-0.807712,0.614419
0,250,9.16097,26.6829,-1.34246,0.193691
0,250,9.86377,26.8447,-0.933526,-0.212892
0,250,8.70783,26.8645,-1.52046,-0.016151
0,250,9.64153,27.1526,-2.13037,0.771192
0,250,10.4358,26.7375,-1.45382,0.009877
0,250,11.7698,26.9246,-1.02938,0.461451
0,250,10.4439,27.1667,-1.09008,0.113274
0,250,10.9256,26.9336,-1.19669,0.289249
0,250,11.4797,27.3027,-1.21554,0.0151576
0,250,12.4907,27.1337,-1.56368,0.182836
0,250,10.2191,27.9104,-0.83536,0.398085
0,250,9.0799,27.7719,-1.56876,-0.312603
0,250,8.48106,28.1807,-0.951613,-1.11539
0,250,10.7828,28.1839,-1.85526,0.273282
0,250,9.64841,28.1152,-0.439018,0.0925586
0,250,9.42909,28.4669,-0.692297,-0.0822822
0,250,9.9386,28.6013,-1.51931,0.89591
0,250,10.2912,28.3739,-0.35567,-0.055178
0,250,10.6204,28.7993,-1.19903,0.525573
0,250,4.39161,32.6959,0.560275,0.702288
0,250,6.74428,29.0619,-0.944677,0.163183
0,250,4.71135,29.9824,0.498042,-1.39795
0,250,11.5769,28.7097,-0.437001,-0.251386
0,250,9.76992,29.109,0.517065,0.438782
0,250,8.89733,29.0613,-0.834845,0.167599
0,250,4.64561,28.8312,-0.466338,-0.82805
0,250,5.34519,35.5822,0.751407,-0.811301
0,250,6.23852,37.0611,0.327143,-1.76579
0,250,7.4167,29.3474,-0.566454,0.449583
0,250,6.07733,39.4777,2.2769,1.80877
0,250,5.20592,30.1826,3.41273,-1.5654
0,250,13.6212,31.4843,-12.8077,-4.76547
0,250,5.41915,29.8825,-0.0925006,-1.09731
0,250,5.68258,28.9598,-0.424082,-1.68947
0,250,8.42161,40.8439,-2.35237,-1.34889
0,250,4.97441,32.6185,1.54706,0.163097
0,250,8.79388,40.998,-3.89509,-0.321038
0,250,5.07644,30.9687,-0.0922918,-1.62564
0,250,12.8655,42.0594,-1.95577,-0.637261
0,250,5.54599,35.2078,-0.671783,0.665902
0,250,10.8109,42.6762,-2.03155,-1.71716
0,250,5.72855,29.4675,-1.52168,-1.17169
0,250,4.47717,31.0719,-0.463183,0.215144
0,250,4.70585,29.6,0.129574,-1.0206
0,250,15.7447,43.9261,-1.40845,1.04323
0,250,5.44179,32.3711,0.132748,-2.70329
0,250,7.52717,30.0032,-1.3764,0.90964
0,250,8.22847,29.4578,-1.4816,0.802987
0,250,9.10205,30.0264,-0.566385,-2.03197
0,250,10.0836,30.059,-0.907601,-0.468832
0,250,8.5659,29.924,-1.06033,0.254727
0,250,6.81507,25.7018,-1.28874,-0.883913
0,250,8.66816,26.1815,-1.56584,-0.311009
0,250,11.0997,26.2928,-0.71848,0.655585
0,250,9.37969,26.3049,-1.41068,-0.373395
0,250,13.4447,26.4313,-1.08777,1.16095
0,250,13.9855,26.5265,-0.925529,-0.0335692
0,250,10.93,26.3219,-1.52455,0.0992599
0,250,12.23,26.7084,-0.279771,0.174224
0,250,11.351,26.7551,-1.31288,0.094728
0,250,14.5684,26.9424,0.00476726,0.233371
0,250,12.9185,26.8634,-1.01716,0.53028
0,250,14.4038,27.3189,-0.0460144,0.754226
0,250,15.0288,27.1257,0.0526586,-0.0248949
0,250,13.5879,27.1808,-0.491074,0.628537
0,250,14.0724,27.536,-0.768246,0.0192827
0,250,13.1839,27.2783,-1.5233,0.204724
0,250,11.4101,27.7949,-1.12351,0.367462
0,250,8.99314,28.1493,-0.582145,-0.201321
0,250,13.2361,27.7358,-0.681555,0.327279
0,250,11.9195,27.7793,-1.05976,-0.0532794
0,250,11.36,28.2085,-0.554987,0.131434
0,250,13.0742,28.2005,-1.13211,0.423783
0,250,14.9293,28.4143,-0.245953,0.888897
0,250,12.2418,28.1084,-0.910455,0.127055
0,250,11.0471,28.614,-1.53091,-0.0938532
0,250,14.3463,28.43,-0.0940321,0.246863
0,250,12.843,28.6396,-0.994763,0.00848124
0,250,11.8658,28.3898,-1.49302,0.258064
0,250,12.5693,29.1644,-0.426446,0.474396
0,250,12.4026,28.6072,-0.650846,-0.222818
0,250,10.2574,29.0643,-0.426198,0.674178
0,250,11.1488,29.0975,-0.810202,-0.0466364
0,250,9.34884,28.9405,-0.719484,0.510066
0,250,13.7009,28.8782,-1.12552,0.708264
0,250,10.3809,29.6158,0.432531,0.400222
0,250,7.93919,29.0632,-1.25234,0.785883
0,250,12.1269,28.9754,-0.441315,0.624379
0,250,8.39094,28.9611,-0.439305,-0.407137
0,250,10.725,29.3598,-1.52467,0.802017
0,250,4.90988,31.8468,0.625991,-3.73751
0,250,6.28093,29.1567,-0.595023,-0.617877
0,250,5.24602,29.0092,-1.16514,-2.05176
0,250,6.66142,29.6586,1.31534,-1.18932
0,250,5.8764,30.2865,1.36585,-0.184067
0,250,13.5075,29.7744,-0.180425,0.0300165
0,250,9.29987,29.4978,0.084795,-0.272195
0,250,5.98176,28.176,-1.71622,-1.79777
0,250,6.35581,29.9647,-1.30339,-1.0715
0,250,11.2363,29.5456,-1.06266,0.496961
0,250,8.85787,29.5855,-0.0317718,-1.45784
0,250,6.19184,28.7115,-0.391879,-0.174022
0,250,7.07904,29.5025,-0.604826,0.181406
0,250,6.0891,29.6677,-1.22947,-1.23461
0,250,9.89287,29.5875,-0.968072,-0.132146
0,250,11.1069,29.9638,-0.76066,-1.23569
0,250,9.57345,29.947,0.631432,0.715147
0,250,13.222,26.2788,-0.400012,1.10806
0,250,9.90143,26.3198,-1.53463,0.371942
0,250,10.1649,26.3615,-1.16735,0.336367
0,250,12.0755,26.3181,-0.695936,1.25762
0,250,11.8377,26.3217,-0.764249,0.738256
0,250,14.7401,26.2979,-0.174601,0.764281
0,250,14.3243,26.3893,-0.874603,0.989035
0,250,15.6945,26.7081,0.696832,0.263929
0,250,13.8687,26.9027,-0.281944,0.673266
0,250,15.6385,26.6779,0.0488018,-0.143603
0,250,16.0881,27.2767,-0.086523,-1.16721
0,250,14.8731,26.4996,0.123581,0.501329
0,250,15.8289,27.5808,-0.572352,0.353527
0,250,15.435,27.2124,-0.735723,0.175808
0,250,14.894,27.571,-0.67388,0.498867
0,250,15.4147,27.7703,-0.433576,0.494097
0,250,14.7665,27.9798,-0.108199,0.564882
0,250,12.6426,27.5304,-0.821559,0.160318
0,250,12.0749,27.4007,-0.765669,0.355901
0,250,13.6795,27.7866,-0.770006,0.999722
0,250,16.0642,28.0472,-2.09813,0.522106
0,250,14.2733,28.0006,-1.00556,0.358942
0,250,12.6799,27.9774,-0.648545,0.714755
0,250,15.3794,28.1633,-0.172998,1.34901
0,250,15.9108,28.4466,-0.212163,1.55594
0,250,13.8049,28.2532,-0.422978,0.422632
0,250,16.0783,28.9514,0.343227,1.50807
0,250,15.5379,28.6406,-0.7921,1.39836
0,250,13.4629,28.4986,-0.177144,0.563977
0,250,15.7207,29.2541,-0.263989,0.935675
0,250,14.7674,28.8034,-0.685606,-0.00930652
0,250,15.2483,28.9899,-0.172788,0.643501
0,250,14.1815,28.8688,-0.813672,0.356577
0,250,16.0235,29.623,-0.226027,0.0128877
0,250,14.5045,29.2266,-0.327341,-0.148944
0,250,13.1087,28.9891,-1.13267,-0.047721
0,250,15.2606,29.4243,-0.0992478,0.391234
0,250,13.3416,29.3547,-0.576726,0.32884
0,250,12.3339,29.5806,-0.361901,-0.142898
0,250,13.8729,29.3233,-0.550534,0.0426728
0,250,12.8619,29.5611,0.0434031,0.491962
0,250,15.4396,29.8951,-0.600973,0.0605665
0,250,11.7115,29.1874,-0.934206,-0.167235
0,250,15.0026,29.9847,-0.416372,0.225131
0,250,14.7468,29.5638,-0.0941417,-0.474163
0,250,15.878,30.0278,-0.193777,-0.183183
0,250,14.1664,29.6619,-0.476473,-0.268624
0,250,7.85072,29.6503,-1.15219,0.260278
0,250,13.8963,30.0895,-0.142684,0.109207
0,250,13.1817,30.0422,-0.49049,0.368079
0,250,12.662,30.0017,0.0270605,0.251839
0,250,14.4523,30.063,-0.35044,-0.279043
0,250,10.6625,30.0646,-1.68656,1.88522
0,250,11.8332,29.6001,-0.606773,0.0214183
0,250,12.1506,30.0674,-0.176147,-0.590517
1,250,6.50435,31.2014,0,0
1,250,16.5,1.5,0,0
1,250,17,1.5,0,0
1,250,31.5,1.5,0,0
1,250,32,1.5,0,0
1,250,1.5,1.5,0,0
1,250,2,1.5,0,0
1,250,16.5,2,0,0
1,250,17,2,0,0
1,250,31.5,2,0,0
1,250,32,2,0,0
1,250,1.5,2,0,0
1,250,2,2,0,0
1,250,16.5,2.5,0,0
1,250,17,2.5,0,0
1,250,31.5,2.5,0,0
1,250,32,2.5,0,0
1,250,1.5,2.5,0,0
1,250,2,2.5,0,0
1,250,16.5,3,0,0
1,250,17,3,0,0
1,250,31.5,3,0,0
1,250,32,3,0,0
1,250,1.5,3,0,0
1,250,2,3,0,0
1,250,16.5,3.5,0,0
1,250,17,3.5,0,0
1,250,31.5,3.5,0,0
1,250,32,3.5,0,0
1,250,1.5,3.5,0,0
1,250,2,3.5,0,0
1,250,16.5,4,0,0
1,250,17,4,0,0
1,250,31.5,4,0,0
1,250,32,4,0,0
1,250,1.5,4,0,0
1,250,2,4,0,0
1,250,16.5,4.5,0,0
1,250,17,4.5,0,0
1,250,31.5,4.5,0,0
1,250,32,4.5,0,0
1,250,1.5,4.5,0,0
1,250,2,4.5,0,0
1,250,16.5,5,0,0
1,250,17,5,0,0
1,250,31.5,5,0,0
1,250,32,5,0,0
1,250,1.5,5,0,0
1,250,2,5,0,0
1,250,16.5,5.5,0,0
1,250,17,5.5,0,0
1,250,31.5,5.5,0,0
1,250,32,5.5,0,0
1,250,1.5,5.5,0,0
1,250,2,5.5,0,0
1,250,16.5,6,0,0
1,250,17,6,0,0
1,250,31.5,6,0,0
1,250,32,6,0,0
1,250,1.5,6,0,0
1,250,2,6,0,0
1,250,16.5,6.5,0,0
1,250,17,6.5,0,0
1,250,31.5,6.5,0,0
1,250,32,6.5,0,0
1,250,1.5,6.5,0,0
1,250,2,6.5,0,0
1,250,16.5,7,0,0
1,250,17,7,0,0
1,250,31.5,7,0,0
1,250,32,7,0,0
1,250,1.5,7,0,0
1,250,2,7,0,0
1,250,16.5,7.5,0,0
1,250,17,7.5,0,0
1,250,31.5,7.5,0,0
1,250,32,7.5,0,0
1,250,1.5,7.5,0,0
1,250,2,7.5,0,0
1,250,16.5,8,0,0
1,250,17,8,0,0
1,250,31.5,8,0,0
1,250,32,8,0,0
1,250,1.5,8,0,0
1,250,2,8,0,0
1,250,16.5,8.5,0,0
1,250,17,8.5,0,0
1,250,31.5,8.5,0,0
1,250,32,8.5,0,0
1,250,1.5,8.5,0,0
1,250,2,8.5,0,0
1,250,16.5,9,0,0
1,250,17,9,0,0
1,250,31.5,9,0,0
1,250,32,9,0,0
1,250,1.5,9,0,0
1,250,2,9,0,0
1,250,16.5,9.5,0,0
1,250,17,9.5,0,0
1,250,31.5,9.5,0,0
1,250,32,9.5,0,0
1,250,1.5,9.5,0,0
1,250,2,9.5,0,0
1,250,16.5,10,0,0
1,250,17,10,0,0
1,250,31.5,10,0,0
1,250,32,10,0,0
1,250,1.5,10,0,0
1,250,2,10,0,0
1,250,16.5,10.5,0,0
1,250,17,10.5,0,0
1,250,31.5,10.5,0,0
1,250,32,10.5,0,0
1,250,1.5,10.5,0,0
1,250,2,10.5,0,0
1,250,16.5,11,0,0
1,250,17,11,0,0
1,250,31.5,11,0,0
1,250,32,11,0,0
1,250,1.5,11,0,0
1,250,2,11,0,0
1,250,16.5,11.5,0,0
1,250,17,11.5,0,0
1,250,31.5,11.5,0,0
1,250,32,11.5,0,0
1,250,1.5,11.5,0,0
1,250,2,11.5,0,0
1,250,16.5,12,0,0
1,250,17,12,0,0
1,250,31.5,12,0,0
1,250,32,12,0,0
1,250,1.5,12,0,0
1,250,2,12,0,0
1,250,16.5,12.5,0,0
1,250,17,12.5,0,0
1,250,31.5,12.5,0,0
1,250,32,12.5,0,0
1,250,1.5,12.5,0,0
1,250,2,12.5,0,0
1,250,16.5,13,0,0
1,250,17,13,0,0
1,250,31.5,13,0,0
1,250,32,13,0,0
1,250,1.5,13,0,0
1,250,2,13,0,0
1,250,16.5,13.5,0,0
1,250,17,13.5,0,0
1,250,31.5,13.5,0,0
1,250,32,13.5,0,0
1,250,1.5,13.5,0,0
1,250,2,13.5,0,0
1,250,16.5,14,0,0
1,250,17,14,0,0
1,250,31.5,14,0,0
1,250,32,14,0,0
1,250,1.5,14,0,0
1,250,2,14,0,0
1,250,16.5,14.5,0,0
1,250,17,14.5,0,0
1,250,31.5,14.5,0,0
1,250,32,14.5,0,0
1,250,1.5,14.5,0,0
1,250,2,14.5,0,0
1,250,16.5,15,0,0
1,250,17,15,0,0
1,250,31.5,15,0,0
1,250,32,15,0,0
1,250,1.5,15,0,0
1,250,2,15,0,0
1,250,16.5,15.5,0,0
1,250,17,15.5,0,0
1,250,31.5,15.5,0,0
1,250,32,15.5,0,0
1,250,1.5,15.5,0,0
1,250,2,15.5,0,0
1,250,16.5,16,0,0
1,250,17,16,0,0
1,250,31.5,16,0,0
1,250,32,16,0,0
1,250,1.5,16,0,0
1,250,2,16,0,0
1,250,16.5,16.5,0,0
1,250,17,16.5,0,0
1,250,31.5,16.5,0,0
1,250,32,16.5,0,0
1,250,1.5,16.5,0,0
1,250,2,16.5,0,0
1,250,16.5,17,0,0
1,250,17,17,0,0
1,250,31.5,17,0,0
1,250,32,17,0,0
1,250,1.5,17,0,0
1,250,2,17,0,0
1,250,16.5,17.5,0,0
1,250,17,17.5,0,0
1,250,31.5,17.5,0,0
1,250,32,17.5,0,0
1,250,1.5,17.5,0,0
1,250,2,17.5,0,0
1,250,16.5,18,0,0
1,250,17,18,0,0
1,250,31.5,18,0,0
1,250,32,18,0,0
1,250,1.5,18,0,0
1,250,2,18,0,0
1,250,16.5,18.5,0,0
1,250,17,18.5,0,0
1,250,31.5,18.5,0,0
1,250,32,18.5,0,0
1,250,1.5,18.5,0,0
1,250,2,18.5,0,0
1,250,16.5,19,0,0
1,250,17,19,0,0
1,250,31.5,19,0,0
1,250,32,19,0,0
1,250,1.5,19,0,0
1,250,2,19,0,0
1,250,16.5,19.5,0,0
1,250,17,19.5,0,0
1,250,31.5,19.5,0,0
1,250,32,19.5,0,0
1,250,1.5,19.5,0,0
1,250,2,19.5,0,0
1,250,16.5,20,0,0
1,250,17,20,0,0
1,250,31.5,20,0,0
1,250,32,20,0,0
1,250,1.5,20,0,0
1,250,2,20,0,0
1,250,16.5,20.5,0,0
1,250,17,20.5,0,0
1,250,31.5,20.5,0,0
1,250,32,20.5,0,0
1,250,1.5,20.5,0,0
1,250,2,20.5,0,0
1,250,16.5,21,0,0
1,250,17,21,0,0
1,250,31.5,21,0,0
1,250,32,21,0,0
1,250,1.5,21,0,0
1,250,2,21,0,0
1,250,16.5,21.5,0,0
1,250,17,21.5,0,0
1,250,31.5,21.5,0,0
1,250,32,21.5,0,0
1,250,1.5,21.5,0,0
1,250,2,21.5,0,0
1,250,16.5,22,0,0
1,250,17,22,0,0
1,250,31.5,22,0,0
1,250,32,22,0,0
1,250,1.5,22,0,0
1,250,2,22,0,0
1,250,16.5,22.5,0,0
1,250,17,22.5,0,0
1,250,31.5,22.5,0,0
1,250,32,22.5,0,0
1,250,1.5,22.5,0,0
1,250,2,22.5,0,0
1,250,16.5,23,0,0
1,250,17,23,0,0
1,250,31.5,23,0,0
1,250,32,23,0,0
1,250,1.5,23,0,0
1,250,2,23,0,0
1,250,16.5,23.5,0,0
1,250,17,23.5,0,0
1,250,31.5,23.5,0,0
1,250,32,23.5,0,0
1,250,1.5,23.5,0,0
1,250,2,23.5,0,0
1,250,16.5,24,0,0
1,250,17,24,0,0
1,250,31.5,24,0,0
1,250,32,24,0,0
1,250,1.5,24,0,0
1,250,2,24,0,0
1,250,16.5,24.5,0,0
1,250,17,24.5,0,0
1,250,31.5,24.5,0,0
1,250,32,24.5,0,0
1,250,1.5,24.5,0,0
1,250,2,24.5,0,0
1,250,16.5,25,0,0
1,250,17,25,0,0
1,250,31.5,25,0,0
1,250,32,25,0,0
1,250,1.5,25,0,0
1,250,2,25,0,0
1,250,16.5,25.5,0,0
1,250,17,25.5,0,0
1,250,31.5,25.5,0,0
1,250,32,25.5,0,0
1,250,1.5,25.5,0,0
1,250,2,25.5,0,0
1,250,16.5,26,0,0
1,250,17,26,0,0
1,250,31.5,26,0,0
1,250,32,26,0,0
1,250,1.5,26,0,0
1,250,2,26,0,0
1,250,16.5,26.5,0,0
1,250,17,26.5,0,0
1,250,31.5,26.5,0,0
1,250,32,26.5,0,0
1,250,1.5,26.5,0,0
1,250,2,26.5,0,0
1,250,16.5,27,0,0
1,250,17,27,0,0
1,250,31.5,27,0,0
1,250,32,27,0,0
1,250,1.5,27,0,0
1,250,2,27,0,0
1,250,16.5,27.5,0,0
1,250,17,27.5,0,0
1,250,31.5,27.5,0,0
1,250,32,27.5,0,0
1,250,1.5,27.5,0,0
1,250,2,27.5,0,0
1,250,16.5,28,0,0
1,250,17,28,0,0
1,250,31.5,28,0,0
1,250,32,28,0,0
1,250,1.5,28,0,0
1,250,2,28,0,0
1,250,16.5,28.5,0,0
1,250,17,28.5,0,0
1,250,31.5,28.5,0,0
1,250,32,28.5,0,0
1,250,1.5,28.5,0,0
1,250,2,28.5,0,0
1,250,16.5,29,0,0
1,250,17,29,0,0
1,250,31.5,29,0,0
1,250,32,29,0,0
1,250,1.5,29,0,0
1,250,2,29,0,0
1,250,16.5,29.5,0,0
1,250,17,29.5,0,0
1,250,31.5,29.5,0,0
1,250,32,29.5,0,0
1,250,1.5,29.5,0,0
1,250,2,29.5,0,0
1,250,16.5,30,0,0
1,250,17,30,0,0
1,250,31.5,30,0,0
1,250,32,30,0,0
1,250,1.5,30,0,0
1,250,2,30,0,0
1,250,16.5,30.5,0,0
1,250,17,30.5,0,0
1,250,31.5,30.5,0,0
1,250,32,30.5,0,0
1,250,1.5,30.5,0,0
1,250,2,30.5,0,0
1,250,16.5,31,0,0
1,250,17,31,0,0
1,250,31.5,31,0,0
1,250,32,31,0,0
1,250,1.5,31,0,0
1,250,2,31,0,0
1,250,2.5,1.5,0,0
1,250,2.5,2,0,0
1,250,3,1.5,0,0
1,250,3,2,0,0
1,250,3.5,1.5,0,0
1,250,3.5,2,0,0
1,250,4,1.5,0,0
1,250,4,2,0,0
1,250,4.5,1.5,0,0
1,250,4.5,2,0,0
1,250,5,1.5,0,0
1,250,5,2,0,0
1,250,5.5,1.5,0,0
1,250,5.5,2,0,0
1,250,6,1.5,0,0
1,250,6,2,0,0
1,250,6,30.5,0,0
1,250,6,31,0,0
1,250,6.5,1.5,0,0
1,250,6.5,2,0,0
1,250,6.5,30.5,0,0
1,250,6.5,31,0,0
1,250,7,1.5,0,0
1,250,7,2,0,0
1,250,7,30.5,0,0
1,250,7,31,0,0
1,250,7.5,1.5,0,0
1,250,7.5,2,0,0
1,250,7.5,30.5,0,0
1,250,7.5,31,0,0
1,250,8,1.5,0,0
1,250,8,2,0,0
1,250,8,30.5,0,0
1,250,8,31,0,0
1,250,8.5,1.5,0,0
1,250,8.5,2,0,0
1,250,8.5,30.5,0,0
1,250,8.5,31,0,0
1,250,9,1.5,0,0
1,250,9,2,0,0
1,250,9,30.5,0,0
1,250,9,31,0,0
1,250,9.5,1.5,0,0
1,250,9.5,2,0,0
1,250,9.5,30.5,0,0
1,250,9.5,31,0,0
1,250,10,1.5,0,0
1,250,10,2,0,0
1,250,10,30.5,0,0
1,250,10,31,0,0
1,250,10.5,1.5,0,0
1,250,10.5,2,0,0
1,250,10.5,30.5,0,0
1,250,10.5,31,0,0
1,250,11,1.5,0,0
1,250,11,2,0,0
1,250,11,30.5,0,0
1,250,11,31,0,0
1,250,11.5,1.5,0,0
1,250,11.5,2,0,0
1,250,11.5,30.5,0,0
1,250,11.5,31,0,0
1,250,12,1.5,0,0
1,250,12,2,0,0
1,250,12,30.5,0,0
1,250,12,31,0,0
1,250,12.5,1.5,0,0
1,250,12.5,2,0,0
1,250,12.5,30.5,0,0
1,250,12.5,31,0,0
1,250,13,1.5,0,0
1,250,13,2,0,0
1,250,13,30.5,0,0
1,250,13,31,0,0
1,250,13.5,1.5,0,0
1,250,13.5,2,0,0
1,250,13.5,30.5,0,0
1,250,13.5,31,0,0
1,250,14,1.5,0,0
1,250,14,2,0,0
1,250,14,30.5,0,0
1,250,14,31,0,0
1,250,14.5,1.5,0,0
1,250,14.5,2,0,0
1,250,14.5,30.5,0,0
1,250,14.5,31,0,0
1,250,15,1.5,0,0
1,250,15,2,0,0
1,250,15,30.5,0,0
1,250,15,31,0,0
1,250,15.5,1.5,0,0
1,250,15.5,2,0,0
1,250,15.5,30.5,0,0
1,250,15.5,31,0,0
1,250,16,1.5,0,0
1,250,16,2,0,0
1,250,16,30.5,0,0
1,250,16,31,0,0
1,250,17.5,1.5,0,0
1,250,17.5,2,0,0
1,250,17.5,30.5,0,0
1,250,17.5,31,0,0
1,250,18,1.5,0,0
1,250,18,2,0,0
1,250,18,30.5,0,0
1,250,18,31,0,0
1,250,18.5,1.5,0,0
1,250,18.5,2,0,0
1,250,18.5,30.5,0,0
1,250,18.5,31,0,0
1,250,19,1.5,0,0
1,250,19,2,0,0
1,250,19,30.5,0,0
1,250,19,31,0,0
1,250,19.5,1.5,0,0
1,250,19.5,2,0,0
1,250,19.5,30.5,0,0
1,250,19.5,31,0,0
1,250,20,1.5,0,0
1,250,20,2,0,0
1,250,20,30.5,0,0
1,250,20,31,0,0
1,250,20.5,1.5,0,0
1,250,20.5,2,0,0
1,250,20.5,30.5,0,0
1,250,20.5,31,0,0
1,250,21,1.5,0,0
1,250,21,2,0,0
1,250,21,30.5,0,0
1,250,21,31,0,0
1,250,21.5,1.5,0,0
1,250,21.5,2,0,0
1,250,21.5,30.5,0,0
1,250,21.5,31,0,0
1,250,22,1.5,0,0
1,250,22,2,0,0
1,250,22,30.5,0,0
1,250,22,31,0,0
1,250,22.5,1.5,0,0
1,250,22.5,2,0,0
1,250,22.5,30.5,0,0
1,250,22.5,31,0,0
1,250,23,1.5,0,0
1,250,23,2,0,0
1,250,23,30.5,0,0
1,250,23,31,0,0
1,250,23.5,1.5,0,0
1,250,23.5,2,0,0
1,250,23.5,30.5,0,0
1,250,23.5,31,0,0
1,250,24,1.5,0,0
1,250,24,2,0,0
1,250,24,30.5,0,0
1,250,24,31,0,0
1,250,24.5,1.5,0,0
1,250,24.5,2,0,0
1,250,24.5,30.5,0,0
1,250,24.5,31,0,0
1,250,25,1.5,0,0
1,250,25,2,0,0
1,250,25,30.5,0,0
1,250,25,31,0,0
1,250,25.5,1.5,0,0
1,250,25.5,2,0,0
1,250,25.5,30.5,0,0
1,250,25.5,31,0,0
1,250,26,1.5,0,0
1,250,26,2,0,0
1,250,26,30.5,0,0
1,250,26,31,0,0
1,250,26.5,1.5,0,0
1,250,26.5,2,0,0
1,250,26.5,30.5,0,0
1,250,26.5,31,0,0
1,250,27,1.5,0,0
1,250,27,2,0,0
1,250,27,30.5,0,0
1,250,27,31,0,0
1,250,27.5,1.5,0,0
1,250,27.5,2,0,0
1,250,27.5,30.5,0,0
1,250,27.5,31,0,0
1,250,28,1.5,0,0
1,250,28,2,0,0
1,250,28.5,1.5,0,0
1,250,28.5,2,0,0
1,250,29,1.5,0,0
1,250,29,2,0,0
1,250,29.5,1.5,0,0
1,250,29.5,2,0,0
1,250,30,1.5,0,0
1,250,30,2,0,0
1,250,30.5,1.5,0,0
1,250,30.5,2,0,0
1,250,31,1.5,0,0
1,250,31,2,0,0
1,250,32,31.5,0,0
1,250,31.9918,31.9999,0,0
1,250,31.9672,32.4993,0,0
1,250,31.9263,32.9976,0,0
1,250,31.869,33.4943,0,0
1,250,31.7955,33.9888,0,0
1,250,31.7059,34.4807,0,0
1,250,31.6001,34.9694,0,0
1,250,31.4784,35.4543,0,0
1,250,31.3409,35.935,0,0
1,250,31.1876,36.4109,0,0
1,250,31.0189,36.8815,0,0
1,250,30.8348,37.3464,0,0
1,250,30.6356,37.805,0,0
1,250,30.4215,38.2568,0,0
1,250,30.1926,38.7013,0,0
1,250,29.9493,39.1381,0,0
1,250,29.6918,39.5667,0,0
1,250,29.4205,39.9866,0,0
1,250,29.1354,40.3974,0,0
1,250,28.8371,40.7986,0,0
1,250,28.5258,41.1898,0,0
1,250,28.2018,41.5706,0,0
1,250,27.8656,41.9406,0,0
1,250,27.5173,42.2994,0,0
1,250,27.1575,42.6466,0,0
1,250,26.7865,42.9817,0,0
1,250,26.4048,43.3046,0,0
1,250,26.0126,43.6147,0,0
1,250,25.6105,43.9119,0,0
1,250,25.1989,44.1956,0,0
1,250,24.7781,44.4658,0,0
1,250,24.3488,44.722,0,0
1,250,23.9113,44.964,0,0
1,250,23.4661,45.1915,0,0
1,250,23.0136,45.4043,0,0
1,250,22.5545,45.6021,0,0
1,250,22.0891,45.7848,0,0
1,250,21.6179,45.9522,0,0
1,250,21.1416,46.104,0,0
1,250,20.6605,46.2401,0,0
1,250,20.1752,46.3604,0,0
1,250,19.6862,46.4647,0,0
1,250,19.1941,46.5529,0,0
1,250,18.6993,46.6249,0,0
1,250,18.2024,46.6807,0,0
1,250,17.704,46.7201,0,0
1,250,17.2046,46.7432,0,0
1,250,16.7046,46.7499,0,0
1,250,16.2048,46.7402,0,0
1,250,15.7055,46.7142,0,0
1,250,15.2073,46.6718,0,0
1,250,14.7108,46.613,0,0
1,250,14.2164,46.5381,0,0
1,250,13.7248,46.4469,0,0
1,250,13.2365,46.3397,0,0
1,250,12.7519,46.2166,0,0
1,250,12.2716,46.0776,0,0
1,250,11.7962,45.923,0,0
1,250,11.326,45.7528,0,0
1,250,10.8617,45.5674,0,0
1,250,10.4038,45.3668,0,0
1,250,9.9526,45.1513,0,0
1,250,9.50875,44.9211,0,0
1,250,9.07269,44.6765,0,0
1,250,8.64487,44.4178,0,0
1,250,8.22577,44.1452,0,0
1,250,7.81583,43.8589,0,0
1,250,7.41549,43.5594,0,0
1,250,7.02519,43.2469,0,0
1,250,6.64534,42.9218,0,0
1,250,6.27635,42.5845,0,0
1,250,5.91862,42.2352,0,0
1,250,5.57253,41.8743,0,0
1,250,5.23846,41.5023,0,0
1,250,4.91676,41.1196,0,0
1,250,4.60778,40.7265,0,0
1,250,4.31185,40.3235,0,0
1,250,4.02929,39.9111,0,0
1,250,3.7604,39.4895,0,0
1,250,3.50548,39.0594,0,0
1,250,3.26479,38.6212,0,0
1,250,3.0386,38.1753,0,0
1,250,2.82714,37.7223,0,0
1,250,2.63065,37.2625,0,0
1,250,2.44934,36.7966,0,0
1,250,2.2834,36.3249,0,0
1,250,2.13301,35.8481,0,0
1,250,1.99833,35.3666,0,0
1,250,1.87951,34.881,0,0
1,250,1.77667,34.3917,0,0
1,250,1.68992,33.8993,0,0
1,250,1.61936,33.4043,0,0
1,250,1.56507,32.9073,0,0
1,250,1.5271,32.4087,0,0
1,250,1.50549,31.9092,0,0
1,250,1.50027,31.4093,0,0
1,250,31.5,31.5,0,0
1,250,31.4918,31.9916,0,0
1,250,31.4672,32.4826,0,0
1,250,31.4263,32.9725,0,0
1,250,31.3691,33.4608,0,0
1,250,31.2956,33.947,0,0
1,250,31.206,34.4304,0,0
1,250,31.1003,34.9105,0,0
1,250,30.9787,35.3869,0,0
1,250,30.8412,35.8589,0,0
1,250,30.6881,36.3261,0,0
1,250,30.5195,36.788,0,0
1,250,30.3356,37.2439,0,0
1,250,30.1367,37.6935,0,0
1,250,29.9228,38.1362,0,0
1,250,29.6943,38.5715,0,0
1,250,29.4515,38.999,0,0
1,250,29.1945,39.4181,0,0
1,250,28.9237,39.8285,0,0
1,250,28.6394,40.2296,0,0
1,250,28.3418,40.621,0,0
1,250,28.0314,41.0022,0,0
1,250,27.7085,41.3729,0,0
1,250,27.3734,41.7326,0,0
1,250,27.0264,42.081,0,0
1,250,26.6681,42.4176,0,0
1,250,26.2987,42.7421,0,0
1,250,25.9187,43.0541,0,0
1,250,25.5286,43.3532,0,0
1,250,25.1287,43.6392,0,0
1,250,24.7195,43.9117,0,0
1,250,24.3014,44.1704,0,0
1,250,23.8749,44.415,0,0
1,250,23.4405,44.6453,0,0
1,250,22.9987,44.861,0,0
1,250,22.55,45.0618,0,0
1,250,22.0948,45.2476,0,0
1,250,21.6336,45.4181,0,0
1,250,21.1671,45.5731,0,0
1,250,20.6956,45.7125,0,0
1,250,20.2198,45.8361,0,0
1,250,19.74,45.9438,0,0
1,250,19.257,46.0354,0,0
1,250,18.7712,46.1109,0,0
1,250,18.2831,46.1701,0,0
1,250,17.7934,46.2131,0,0
1,250,17.3024,46.2397,0,0
1,250,16.8109,46.2499,0,0
1,250,16.3193,46.2437,0,0
1,250,15.8282,46.2212,0,0
1,250,15.3381,46.1823,0,0
1,250,14.8495,46.1271,0,0
1,250,14.3631,46.0556,0,0
1,250,13.8794,45.968,0,0
1,250,13.3988,45.8643,0,0
1,250,12.9219,45.7446,0,0
1,250,12.4493,45.6091,0,0
1,250,11.9815,45.4579,0,0
1,250,11.5189,45.2913,0,0
1,250,11.0622,45.1093,0,0
1,250,10.6118,44.9121,0,0
1,250,10.1683,44.7001,0,0
1,250,9.73199,44.4734,0,0
1,250,9.30352,44.2323,0,0
1,250,8.88332,43.9771,0,0
1,250,8.47187,43.708,0,0
1,250,8.06961,43.4253,0,0
1,250,7.67699,43.1294,0,0
1,250,7.29446,42.8206,0,0
1,250,6.92243,42.4992,0,0
1,250,6.56132,42.1655,0,0
1,250,6.21153,41.82,0,0
1,250,5.87344,41.4631,0,0
1,250,5.54744,41.0951,0,0
1,250,5.23389,40.7164,0,0
1,250,4.93313,40.3275,0,0
1,250,4.6455,39.9287,0,0
1,250,4.37132,39.5206,0,0
1,250,4.11089,39.1036,0,0
1,250,3.8645,38.6782,0,0
1,250,3.63243,38.2448,0,0
1,250,3.41494,37.8039,0,0
1,250,3.21225,37.3559,0,0
1,250,3.02461,36.9015,0,0
1,250,2.85222,36.4411,0,0
1,250,2.69527,35.9752,0,0
1,250,2.55393,35.5043,0,0
1,250,2.42837,35.0289,0,0
1,250,2.31871,34.5497,0,0
1,250,2.22509,34.067,0,0
1,250,2.14761,33.5815,0,0
1,250,2.08635,33.0937,0,0
1,250,2.04138,32.6041,0,0
1,250,2.01276,32.1133,0,0
1,250,2.0005,31.6218,0,0
1,250,2.00464,31.1302,0,0
1,250,27.5,31.5,0,0
1,250,27.4884,31.9998,0,0
1,250,27.4535,32.4986,0,0
1,250,27.3955,32.9951,0,0
1,250,27.3145,33.4885,0,0
1,250,27.2106,33.9775,0,0
1,250,27.0841,34.4612,0,0
1,250,26.9352,34.9385,0,0
1,250,26.7644,35.4083,0,0
1,250,26.5718,35.8697,0,0
1,250,26.358,36.3217,0,0
1,250,26.1234,36.7632,0,0
1,250,25.8686,37.1933,0,0
1,250,25.594,37.6111,0,0
1,250,25.3003,38.0157,0,0
1,250,24.9881,38.4062,0,0
1,250,24.6581,38.7818,0,0
1,250,24.311,39.1416,0,0
1,250,23.9475,39.4849,0,0
1,250,23.5685,39.8109,0,0
1,250,23.1747,40.1189,0,0
1,250,22.767,40.4083,0,0
1,250,22.3463,40.6784,0,0
1,250,21.9135,40.9287,0,0
1,250,21.4696,41.1586,0,0
1,250,21.0154,41.3676,0,0
1,250,20.552,41.5552,0,0
1,250,20.0803,41.7211,0,0
1,250,19.6015,41.8649,0,0
1,250,19.1165,41.9863,0,0
1,250,18.6264,42.085,0,0
1,250,18.1322,42.1608,0,0
1,250,17.6351,42.2135,0,0
1,250,17.136,42.2431,0,0
1,250,16.6361,42.2494,0,0
1,250,16.1364,42.2325,0,0
1,250,15.6381,42.1923,0,0
1,250,15.1421,42.1291,0,0
1,250,14.6497,42.0428,0,0
1,250,14.1617,41.9338,0,0
1,250,13.6794,41.8021,0,0
1,250,13.2037,41.6482,0,0
1,250,12.7357,41.4724,0,0
1,250,12.2764,41.2749,0,0
1,250,11.8268,41.0564,0,0
1,250,11.3878,40.8171,0,0
1,250,10.9604,40.5577,0,0
1,250,10.5455,40.2788,0,0
1,250,10.144,39.9808,0,0
1,250,9.75687,39.6645,0,0
1,250,9.38483,39.3305,0,0
1,250,9.02872,38.9796,0,0
1,250,8.6893,38.6125,0,0
1,250,8.36733,38.23,0,0
1,250,8.06348,37.833,0,0
1,250,7.77842,37.4223,0,0
1,250,7.51277,36.9987,0,0
1,250,7.2671,36.5633,0,0
1,250,7.04194,36.1169,0,0
1,250,6.83777,35.6606,0,0
1,250,6.65505,35.1952,0,0
1,250,6.49416,34.7218,0,0
1,250,6.35545,34.2415,0,0
1,250,6.23923,33.7552,0,0
1,250,6.14574,33.2641,0,0
1,250,6.07518,32.7692,0,0
1,250,6.02772,32.2715,0,0
1,250,6.00344,31.7721,0,0
1,250,6.00242,31.2721,0,0
1,250,27,31.5,0,0
1,250,26.9878,31.9998,0,0
1,250,26.9513,32.4984,0,0
1,250,26.8904,32.9947,0,0
1,250,26.8055,33.4873,0,0
1,250,26.6966,33.9753,0,0
1,250,26.5641,34.4574,0,0
1,250,26.4082,34.9324,0,0
1,250,26.2294,35.3992,0,0
1,250,26.028,35.8568,0,0
1,250,25.8045,36.3041,0,0
1,250,25.5595,36.7398,0,0
1,250,25.2935,37.1632,0,0
1,250,25.0072,37.573,0,0
1,250,24.7012,37.9684,0,0
1,250,24.3764,38.3484,0,0
1,250,24.0333,38.7122,0,0
1,250,23.673,39.0587,0,0
1,250,23.2962,39.3873,0,0
1,250,22.9038,39.6971,0,0
1,250,22.4968,39.9875,0,0
1,250,22.0761,40.2576,0,0
1,250,21.6427,40.5069,0,0
1,250,21.1977,40.7347,0,0
1,250,20.7421,40.9406,0,0
1,250,20.2771,41.124,0,0
1,250,19.8036,41.2846,0,0
1,250,19.3228,41.4218,0,0
1,250,18.836,41.5355,0,0
1,250,18.3442,41.6253,0,0
1,250,17.8485,41.691,0,0
1,250,17.3503,41.7324,0,0
1,250,16.8507,41.7495,0,0
1,250,16.3508,41.7422,0,0
1,250,15.8518,41.7106,0,0
1,250,15.355,41.6546,0,0
1,250,14.8615,41.5745,0,0
1,250,14.3725,41.4705,0,0
1,250,13.8892,41.3427,0,0
1,250,13.4126,41.1915,0,0
1,250,12.944,41.0172,0,0
1,250,12.4845,40.8203,0,0
1,250,12.0351,40.6012,0,0
1,250,11.5969,40.3605,0,0
1,250,11.171,40.0987,0,0
1,250,10.7584,39.8164,0,0
1,250,10.36,39.5144,0,0
1,250,9.97678,39.1932,0,0
1,250,9.60971,38.8538,0,0
1,250,9.25962,38.4969,0,0
1,250,8.92735,38.1233,0,0
1,250,8.6137,37.734,0,0
1,250,8.3194,37.3299,0,0
1,250,8.04515,36.9119,0,0
1,250,7.79162,36.481,0,0
1,250,7.5594,36.0382,0,0
1,250,7.34904,35.5847,0,0
1,250,7.16105,35.1214,0,0
1,250,6.99588,34.6495,0,0
1,250,6.8539,34.1702,0,0
1,250,6.73547,33.6844,0,0
1,250,6.64087,33.1935,0,0
1,250,6.57032,32.6986,0,0
1,250,6.52398,32.2008,0,0
1,250,6.50198,31.7013,0,0
