2451 2 0.5 2e+06 0.2 50 2 0 0.001 0 9.81 35 49
0,250,3.77602,23.6584,-0.264033,-0.208932
0,250,3.88225,23.1351,-0.399187,-0.238795
0,250,3.04389,22.8549,-0.568226,-0.0838894
0,250,6.79221,22.2972,-0.161591,-0.340061
0,250,2.51302,27.852,-0.0429944,-0.125718
0,250,2.94251,27.0811,0.228343,0.092617
0,250,4.18616,23.9879,-0.0771528,0.14749
0,250,2.51027,28.8326,0.0460482,-0.491375
0,250,4.0778,26.4527,0.0584462,-0.400347
0,250,7.12559,25.7647,0.170881,-0.358725
0,250,6.30624,41.2723,-0.206171,-0.153234
0,250,5.09206,34.5284,-0.00271032,-0.722682
0,250,4.60406,34.3521,0.0723225,-1.1007
0,250,4.09248,34.2849,-0.208854,-0.64384
0,250,5.87093,39.9809,0.221941,0.0599828
0,250,8.8877,42.896,-0.45764,-0.54882
0,250,8.25881,40.7099,-0.88243,-1.00971
0,250,9.7723,41.9923,-1.04913,-0.784245
0,250,10.2237,41.726,-1.1388,-0.782462
0,250,13.0918,44.486,-1.71797,-0.648217
0,250,11.7826,30.0561,-0.442867,-0.103353
0,250,17.8442,43.1379,-0.594872,0.228083
0,250,19.737,44.6445,0.152477,0.150962
0,250,21.0525,43.7567,-0.272546,0.191658
0,250,28.4137,38.9765,-0.605242,0.128754
0,250,20.4055,43.4914,-0.253816,-0.133231
0,250,25.2054,40.7271,-1.11128,0.466132
0,250,27.5497,40.0867,-0.564634,0.763627
0,250,24.7075,42.7926,-0.131714,0.457934
0,250,23.0303,26.3332,0.366752,-0.121291
0,250,18.8666,30.0035,-0.568404,0.00230859
0,250,26.477,40.0987,-0.473529,0.608758
0,250,29.9257,30.8954,0.265771,0.992465
0,250,26.5587,27.1409,0.637844,0.0739503
0,250,28.7301,31.5986,0.213472,0.652452
0,250,24.0559,25.625,0.642076,0.0259806
0,250,24.2242,40.4625,-0.6979,0.469824
0,250,25.5323,27.9217,0.30904,0.174319
0,250,24.4344,39.6641,-1.09146,0.424755
0,250,24.7119,27.4772,0.280689,-0.385959
0,250,27.1135,39.2139,-0.687291,0.45503
0,250,23.8098,23.0598,0.305713,0.445234
0,250,28.0741,25.6981,0.306108,0.615317
0,250,23.6048,23.0455,0.244338,0.547587
0,250,20.4559,23.8759,-0.428748,0.107811
0,250,30.4458,25.5021,0.187184,0.480611
0,250,25.108,40.2641,-0.826305,0.269984
0,250,31.012,28.9543,0.292461,1.00797
0,250,17.9927,26.9789,-0.166347,0.095309
0,250,20.1779,23.0096,-0.408546,0.195027
0,250,29.3044,37.2094,-0.0192215,0.733289
0,250,19.1083,29.361,-0.153308,0.0464452
0,250,22.8768,29.1439,0.366242,-0.254857
0,250,20.6035,24.3386,-0.0330573,0.0243789
0,250,30.5014,30.2097,0.072797,0.940536
0,250,17.9892,27.4606,-0.185814,0.111931
0,250,2.38445,24.404,-0.603708,0.769234
0,250,2.91223,24.8323,-0.0491489,-0.305672
0,250,3.53651,22.6739,-0.376715,-0.377295
0,250,4.55538,22.7182,-0.266498,-0.358061
0,250,2.4522,28.3571,-0.608027,-0.419649
0,250,3.28299,27.3502,0.486532,-0.549085
0,250,2.65218,33.961,-0.040676,-1.18776
0,250,3.88467,28.2846,-0.239518,-0.766177
0,250,4.20979,34.7436,0.228886,-1.24291
0,250,2.92495,30.4334,-0.119203,-0.519117
0,250,3.68302,29.4545,0.0189982,-0.37897
0,250,4.43901,28.2211,-0.0812673,-0.561948
0,250,6.5372,36.0579,-0.0915536,0.169018
0,250,5.88239,39.2792,-0.827832,-1.12872
0,250,5.1893,38.3955,-1.17059,-0.90476
0,250,8.07879,41.7112,-0.809165,-0.881418
0,250,5.91541,35.6623,-0.428775,-0.800037
0,250,9.3462,42.1689,-0.981714,-1.32436
0,250,12.7134,44.8151,-1.37502,-0.698632
0,250,11.1866,43.7911,-0.261714,-1.47589
0,250,14.5494,44.8229,-1.81832,0.39877
0,250,20.1794,44.5401,0.652305,0.226403
0,250,21.0409,44.2593,0.125197,0.307756
0,250,17.7605,45.8275,-0.824348,-0.789235
0,250,21.2977,25.3275,0.0154813,0.013736
0,250,21.6934,25.7854,0.0849228,0.0599099
0,250,28.0662,40.214,-0.0691415,-0.240703
0,250,28.3544,27.1061,0.372,0.880301
0,250,28.9623,34.1409,0.40952,1.12502
0,250,27.7458,27.5017,0.68622,0.411867
0,250,27.0796,36.9631,0.0657476,0.339188
0,250,20.962,27.759,0.0179294,0.281168
0,250,20.5387,29.5463,-0.232644,-0.0824254
0,250,29.5602,35.3089,0.240543,1.30564
0,250,28.4216,29.3195,0.355745,0.66376
0,250,22.1169,29.5942,0.167776,-0.121446
0,250,18.3462,30.0295,-0.195806,-0.333877
0,250,23.4559,30.0563,0.227802,-0.369476
0,250,29.2016,33.0419,0.230799,0.867634
0,250,20.9786,23.944,-0.399137,0.0654173
0,250,18.4356,26.7265,-0.0994754,0.14862
0,250,17.9401,26.4718,0.0617553,0.203211
0,250,19.8464,25.4875,0.019999,0.201358
0,250,28.8141,28.4016,-0.00815179,0.421391
0,250,23.2732,28.2584,0.317729,-0.158251
0,250,24.8012,28.8479,0.617557,-0.0943115
0,250,20.0291,23.416,-0.405974,-0.17633
0,250,17.5981,23.8841,-0.0690015,0.0753343
0,250,28.6955,38.5764,-0.431505,0.261274
0,250,30.1584,36.3488,0.00387972,1.25788
0,250,30.0051,29.4933,-0.110122,1.09749
0,250,29.5087,30.0914,-0.176723,1.0685
0,250,18.0076,25.8709,0.197905,-0.000468209
0,250,26.5709,37.8406,-0.220996,0.42114
0,250,28.7026,25.311,0.45036,0.368057
0,250,29.7329,28.1376,0.320885,1.02918
0,250,2.87358,24.3948,0.00382266,0.31634
0,250,3.02343,25.7209,0.105037,-0.149713
0,250,2.45724,25.5841,0.639492,0.629512
0,250,4.5826,23.2121,-0.032724,-0.0509873
0,250,9.45121,24.8072,0.0911275,-0.0284213
0,250,2.43706,30.3522,-0.182143,-0.269998
0,250,2.96306,28.1817,0.432402,-0.375713
0,250,4.57311,26.4888,-0.0843888,-0.727839
0,250,5.73356,33.3942,0.369093,0.0613149
0,250,6.1477,35.0334,0.128753,0.172342
0,250,5.58465,39.6214,0.0495487,-0.239841
0,250,8.48501,43.1629,-0.0777699,0.0502287
0,250,10.482,44.2961,0.262942,-0.788771
0,250,10.0523,44.1519,0.501815,-0.824825
0,250,5.58025,34.663,0.0952937,-0.931336
0,250,5.03714,35.747,-0.462631,-0.542829
0,250,8.52641,41.5094,-1.0848,-0.907743
0,250,11.9888,43.6426,-0.528607,-0.857533
0,250,11.6606,43.9864,-0.477949,-0.00140461
0,250,12.4639,43.8199,-1.42997,-0.714025
0,250,17.0763,45.4436,-1.05331,-0.244547
0,250,14.9221,45.7328,-0.63428,-0.330869
0,250,18.0954,45.3842,0.382278,-0.0518365
0,250,25.363,41.1555,-0.130135,-0.00422148
0,250,29.2097,31.9394,0.649046,0.52826
0,250,26.9718,40.122,0.0470577,0.606062
0,250,28.7953,37.3122,0.251834,0.5248
0,250,16.2313,43.5855,-1.1099,-0.172815
0,250,21.3188,29.1178,0.0742077,0.0566546
0,250,26.7865,26.7703,0.7534,0.189985
0,250,25.865,41.8426,-0.959293,0.575497
0,250,26.4535,41.9731,0.259614,-0.167662
0,250,22.8941,30.0456,0.253046,0.167556
0,250,27.778,40.5911,0.0945134,-0.126542
0,250,26.6759,28.7016,0.050604,-0.0547695
0,250,28.0298,34.4656,0.15812,0.339921
0,250,27.9303,30.7621,0.112346,1.49123
0,250,25.4365,26.9694,0.489679,0.476201
0,250,17.4401,29.8317,-0.164884,0.29953
0,250,17.5423,25.7978,0.0437505,0.85025
0,250,18.0138,27.9163,-0.168302,0.0353408
0,250,19.8832,26.9999,0.200141,0.0103838
0,250,21.0881,26.2871,0.324358,0.132397
0,250,19.9016,24.8627,-0.0471198,-0.000400698
0,250,26.2997,23.6472,0.390994,0.430341
0,250,20.0039,24.3624,-0.0930431,0.0433149
0,250,30.1325,27.851,0.247152,0.912896
0,250,19.1124,24.7254,0.0542089,0.0727413
0,250,29.6323,26.0107,0.104109,0.561278
0,250,24.6822,23.2915,0.287261,0.304549
0,250,30.9487,25.4215,-0.112448,0.766971
0,250,29.641,27.0168,0.100189,0.515094
0,250,29.8084,34.2792,0.49041,1.2992
0,250,17.9394,23.9957,-0.0497902,0.16111
0,250,20.9155,24.8395,0.159325,0.0807031
0,250,21.0274,22.5786,-0.351942,0.181271
0,250,3.03615,22.3479,-0.173787,-0.577526
0,250,2.54262,26.0415,0.134543,0.53087
0,250,6.35497,22.6025,0.127387,-0.33071
0,250,2.51659,27.4531,0.293918,-0.472843
0,250,2.58913,30.8098,0.19711,-0.350692
0,250,2.46279,32.2972,-0.639996,-0.245744
0,250,2.91414,29.2122,-0.350021,-0.565047
0,250,3.45837,33.2501,-0.260129,-0.146129
0,250,4.93477,30.6909,0.243208,-0.530325
0,250,3.86046,36.5416,-0.228795,-0.968511
0,250,4.02534,37.0309,-0.217725,-0.894623
0,250,4.71846,34.8291,-0.0119268,-1.07963
0,250,7.74042,42.006,0.0878249,0.253877
0,250,7.2409,37.4142,-0.249486,-0.470984
0,250,11.9143,43.1583,-0.697569,-0.410214
0,250,13.2937,43.1135,-0.784952,-0.958433
0,250,11.078,42.185,-0.883625,0.0967422
0,250,12.4028,43.3478,-0.365034,-1.04885
0,250,12.8741,43.5029,-1.00637,-0.860046
0,250,13.9443,44.2624,-1.30151,-0.580413
0,250,19.1969,42.948,-1.28887,-0.421647
0,250,19.2729,44.7785,-0.273232,-0.224308
0,250,18.5789,45.3059,-0.143567,-0.7082
0,250,28.7945,34.6888,0.642755,1.16634
0,250,28.5119,28.0966,0.169513,0.57484
0,250,19.3554,28.6954,-0.161213,0.117859
0,250,23.6955,27.3577,0.296431,-0.0117239
0,250,27.2933,36.4806,0.26217,0.335596
0,250,19.1923,27.8836,-0.384599,0.217565
0,250,26.8419,37.4124,0.122992,0.38273
0,250,24.2788,28.4178,0.544708,-0.329798
0,250,25.459,29.5996,0.383998,0.250281
0,250,24.4576,26.1423,0.290273,-0.144632
0,250,22.9434,40.8518,-0.840374,0.483252
0,250,18.5043,22.8928,0.162152,-0.55988
0,250,25.2034,26.4482,0.539627,0.466299
0,250,24.7931,28.4063,0.252092,-0.246082
0,250,26.0376,29.603,0.19752,0.149124
0,250,19.2376,22.2554,-0.372787,-0.248363
0,250,19.0602,23.5595,-0.148444,0.158333
0,250,24.0566,30.0775,0.551939,-0.0782031
0,250,23.9908,24.3746,0.21342,0.354144
0,250,25.4069,24.8968,0.609973,0.521793
0,250,31.0419,28.4263,-0.214995,1.40684
0,250,30.4364,35.4955,-0.31952,1.31609
0,250,19.9546,23.913,-0.418749,-0.0859901
0,250,22.9442,23.4924,0.286745,0.486053
0,250,25.4898,24.1327,0.153953,0.532914
0,250,28.1068,39.3491,-0.584993,0.280288
0,250,20.2289,25.8601,0.184968,0.124187
0,250,20.1338,26.4064,0.367924,0.263759
0,250,25.6059,40.3618,-1.12901,0.421578
0,250,31.0141,32.3019,0.382378,0.920924
0,250,21.3068,30.0277,-0.0363823,-0.0207012
0,250,18.0999,23.2132,-0.00105007,0.0264906
0,250,30.0654,26.2637,0.351528,0.797241
0,250,5.1444,23.5347,-0.0803713,-0.261809
0,250,2.91086,25.2812,-0.230589,-0.0749653
0,250,4.7954,23.804,-0.500581,-0.180002
0,250,3.88673,24.3016,-0.282219,-0.390323
0,250,3.04116,35.5294,-0.0450357,-0.121308
0,250,2.87012,35.0245,-0.377312,-0.436526
0,250,6.00736,40.9127,0.188554,-0.350313
0,250,3.35845,35.0979,-0.631774,-0.19216
0,250,5.02617,38.8893,-0.0121647,-0.406766
0,250,5.53961,38.8325,-1.1966,-1.41441
0,250,7.40224,41.6926,0.603176,0.159936
0,250,4.97937,33.9983,-0.445589,-1.19055
0,250,12.2583,44.6494,-1.95355,-0.133939
0,250,13.229,42.6107,0.534999,-0.0786452
0,250,12.6197,44.3021,-0.980221,-0.586044
0,250,13.5848,44.6243,-1.12585,-1.20011
0,250,10.6745,41.487,-0.702956,-0.0648611
0,250,15.9089,44.9323,-1.01158,0.187768
0,250,13.5781,42.2349,-0.554154,-0.325074
0,250,16.8609,44.9711,-0.372824,-0.0555032
0,250,13.4575,44.1531,-1.54069,-0.928123
0,250,20.928,43.3127,-0.316987,0.148806
0,250,23.7408,42.3233,-0.705221,0.643638
0,250,17.8225,44.9859,-0.0861472,0.140713
0,250,22.446,44.0839,0.204649,0.0161436
0,250,22.5941,24.938,0.247815,0.0899367
0,250,29.2606,32.5017,0.442365,0.591992
0,250,25.7383,27.4878,0.508435,0.199591
0,250,27.6353,26.5129,0.571817,0.494887
0,250,27.3689,37.4046,0.0924634,0.672968
0,250,27.555,28.2749,0.166188,0.164755
0,250,28.263,33.4074,0.12463,0.276205
0,250,24.2058,27.4803,0.303875,-0.265984
0,250,23.3943,29.1891,0.621085,-0.190004
0,250,29.2651,24.1393,0.470396,0.259094
0,250,28.3507,34.8813,0.177592,0.562058
0,250,26.88,29.1786,0.000933477,-0.140577
0,250,28.2653,24.4834,0.477314,0.367901
0,250,26.0426,28.7923,-0.0220158,0.235157
0,250,27.7317,29.7587,0.314406,0.287122
0,250,21.8228,30.0349,-0.0859778,-0.0657392
0,250,30.2854,34.1366,0.356394,0.904555
0,250,30.0352,35.1721,-0.0280636,1.08125
0,250,30.5731,28.7367,0.00780437,1.26349
0,250,17.4774,28.2661,0.0927801,0.271878
0,250,20.774,23.063,-0.401189,-0.0744698
0,250,18.8984,26.911,-0.11724,0.134759
0,250,29.695,36.2513,0.0774871,0.72627
0,250,30.0834,27.2815,0.156148,0.735948
0,250,29.451,38.0841,-0.0457105,1.22601
0,250,30.9554,24.3,0.0605242,0.653038
0,250,21.6718,24.4349,0.0549363,0.161343
0,250,28.5775,24.8138,0.58567,0.191318
0,250,26.6357,25.9596,0.584569,0.0883703
0,250,5.48833,29.5064,0.0606398,-0.566427
0,250,30.1469,34.6543,0.430819,1.13825
0,250,2.5067,26.4795,0.463602,0.159454
0,250,8.17993,28.1278,-0.345162,-0.00683397
0,250,3.44398,25.1061,-0.273603,-0.226559
0,250,4.44288,24.6421,0.104402,-0.0479339
0,250,5.12145,39.8232,-0.104384,-0.0602472
0,250,3.34487,32.2439,0.0512279,-0.411533
0,250,4.25013,38.5258,-0.318258,-0.297473
0,250,4.53119,31.5053,-0.539276,-0.811327
0,250,5.55489,30.6391,-0.158029,-0.758057
0,250,7.05798,41.3953,0.104756,0.54749
0,250,9.40561,40.491,-0.194117,0.0563472
0,250,7.66984,41.3459,-1.13522,-1.11025
0,250,7.82347,38.254,-0.0395037,-0.319538
0,250,10.6257,41.9732,-1.17365,-0.261239
0,250,14.1954,43.2825,-0.484191,0.0678281
0,250,15.6974,44.4482,-0.803862,0.056428
0,250,11.8698,41.5925,-1.91551,-0.411546
0,250,15.0043,44.8602,-1.23941,0.934482
0,250,19.2806,44.3114,0.52735,-0.214635
0,250,7.47307,25.4221,0.319779,0.0877705
0,250,20.5996,44.9048,0.101076,0.304887
0,250,18.3458,45.7667,-0.503673,0.290153
0,250,26.6272,40.5675,-0.188215,0.149739
0,250,22.4033,44.623,-0.25242,-0.00286094
0,250,21.8748,26.7888,0.0869587,-0.0834945
0,250,28.5063,36.8726,0.311966,0.480672
0,250,28.3298,38.3314,-0.440231,0.749861
0,250,29.3565,29.6778,0.0838176,0.883193
0,250,29.62,31.6851,0.506245,0.735419
0,250,29.4402,30.5873,0.550401,0.469621
0,250,26.3461,37.3411,0.103974,0.014257
0,250,29.4216,35.8407,-0.117354,1.00619
0,250,23.8869,26.0267,0.360346,-0.0440803
0,250,18.6888,29.5465,-0.0894793,-0.381519
0,250,22.284,28.207,0.269325,-0.180417
0,250,17.9788,24.6829,0.0642819,0.12118
0,250,24.9517,26.9824,0.491388,-0.320189
0,250,27.2315,27.2628,0.481397,0.424868
0,250,20.1548,28.213,-0.145397,0.0458833
0,250,25.9403,23.8525,0.244785,0.135583
0,250,23.5093,25.5477,0.658123,0.170241
0,250,17.4882,27.774,-0.328309,0.401244
0,250,24.9029,29.6121,0.458109,-0.141296
0,250,25.7462,24.4986,0.519003,0.372162
0,250,30.0471,26.7351,0.339331,0.698566
0,250,19.5616,27.4475,-0.127174,-0.144523
0,250,21.5306,23.9753,-0.404564,-0.129123
0,250,21.1761,25.7785,0.237747,-0.0833857
0,250,26.8669,24.7622,0.314395,0.236191
0,250,24.0156,23.5246,0.301799,0.331402
0,250,28.3443,26.1664,0.516734,0.33362
0,250,20.2849,25.2843,-0.162838,-0.00209459
0,250,30.9704,25.8696,0.0430981,0.946332
0,250,18.4627,22.4433,-0.526524,-0.235739
0,250,30.5657,26.5489,0.436765,0.836009
0,250,19.741,25.9869,0.253177,0.423154
0,250,6.98033,22.3253,-0.059293,-0.0846076
0,250,7.35046,22.8215,0.308868,-0.434672
0,250,7.12302,24.2135,0.198653,-0.26454
0,250,5.07778,24.5444,0.1601,-0.604202
0,250,5.39105,25.9077,-0.00585792,-0.877798
0,250,6.63414,41.6308,0.219313,-0.659186
0,250,7.98592,25.291,0.236858,-0.337673
0,250,5.35408,33.6574,-0.122049,-0.609425
0,250,6.5561,40.1259,-0.650609,-0.880031
0,250,9.30076,43.6634,-0.157154,0.360506
0,250,7.03136,40.0769,-0.733144,-1.16456
0,250,8.88743,42.3502,-0.231163,-1.06125
0,250,6.98936,36.9791,-0.483151,-0.235614
0,250,10.1686,42.2666,-0.648313,-1.00941
0,250,12.3756,42.8834,-0.542921,-1.05528
0,250,15.7332,43.4992,-1.43857,0.213593
0,250,12.1211,44.1629,-0.451274,-0.223678
0,250,13.3164,43.6457,-0.893949,-1.10921
0,250,18.3846,44.0465,-0.774821,-0.382831
0,250,14.6622,45.2905,-1.04886,0.531777
0,250,21.5258,44.524,0.141704,0.603202
0,250,18.8712,42.5147,-0.924688,-0.469851
0,250,18.4372,42.6045,-1.37679,-0.354936
0,250,28.4659,30.1681,-0.337561,0.845791
0,250,19.8831,28.6233,-0.0797135,0.0506203
0,250,21.5645,26.2705,0.203243,-0.0266777
0,250,25.134,29.181,0.538736,-0.0397379
0,250,26.0275,25.8473,0.414878,0.244869
0,250,22.0513,26.28,0.173907,-0.176002
0,250,24.8927,24.9902,0.341661,-0.0326352
0,250,18.1652,22.0918,-0.516884,-0.100609
0,250,17.4883,26.7837,-0.125661,0.29756
0,250,28.1447,33.9207,0.382609,0.491825
0,250,24.0669,39.9885,-1.15991,0.711317
0,250,27.5743,36.9166,0.0142035,0.653398
0,250,17.4542,29.2987,-0.287966,0.282773
0,250,28.0487,36.8877,0.391691,0.424668
0,250,23.8143,41.34,-0.659642,0.839429
0,250,19.3106,30.0103,-0.714692,-0.182318
0,250,18.9414,28.916,-0.158796,0.008832
0,250,27.9272,31.9793,0.586448,0.318994
0,250,18.2845,24.3106,-0.0266651,0.164504
0,250,28.1888,23.8921,0.693358,0.194055
0,250,26.5705,23.7395,0.398297,0.716043
0,250,22.8307,23.883,0.204003,0.666336
0,250,20.7953,30.0381,-0.318995,0.0759571
0,250,19.0016,24.1418,-0.404877,0.217173
0,250,19.5601,28.1998,-0.294599,0.0324703
0,250,30.5175,26.0484,0.0209503,0.603797
0,250,29.6227,25.4704,0.207563,0.295309
0,250,28.9258,38.1414,-0.0257605,0.064731
0,250,19.2336,22.8873,-0.422254,-0.0490843
0,250,28.8242,27.7021,0.846358,0.449248
0,250,29.0101,24.0139,0.616547,0.0759119
0,250,27.4846,25.6507,0.416968,0.461479
0,250,31.0773,24.9302,0.2336,0.554358
0,250,4.28275,23.5067,-0.298793,-0.00845741
0,250,8.76507,22.7725,0.24969,-0.184797
0,250,2.58058,33.4214,-0.560183,-0.960746
0,250,6.18816,24.5672,0.0660253,-0.488828
0,250,3.21933,34.5885,-0.245685,-0.283197
0,250,4.12225,27.8242,-0.623409,-0.550636
0,250,3.06595,30.9599,-0.236314,-0.418153
0,250,5.6981,40.5584,-0.15875,-0.0256834
0,250,5.73901,35.1844,-0.316378,-0.59086
0,250,9.67017,43.8933,0.579314,0.243686
0,250,8.13939,41.2075,-1.10193,-0.74424
0,250,9.30129,42.6688,-0.55847,-1.08776
0,250,8.93202,41.8484,-1.23611,-1.42339
0,250,14.0525,42.3555,-0.449609,-0.438782
0,250,13.3116,45.4104,-1.65456,-0.736636
0,250,11.4812,42.4525,-0.693972,0.218793
0,250,15.4386,44.9174,-1.26046,-0.079315
0,250,17.5876,45.477,-0.710834,0.0352576
0,250,16.6274,42.7295,-0.186964,0.170175
0,250,20.215,42.1648,-0.509123,0.450576
0,250,18.2248,44.4839,-0.116904,-0.79931
0,250,18.8833,45.675,-0.598825,-0.323928
0,250,23.1856,44.2201,-0.710496,0.142421
0,250,22.8124,44.4247,-0.304028,0.214043
0,250,28.1237,37.8825,0.013646,0.665394
0,250,28.1258,26.6369,0.757076,0.475736
0,250,17.425,23.402,-0.150538,0.634658
0,250,29.663,32.8327,0.272088,0.908763
0,250,28.2156,28.8312,0.406547,0.486824
0,250,30.4836,32.5045,0.269444,1.07448
0,250,29.9554,31.3808,0.382847,0.897065
0,250,23.5561,24.6524,0.0861473,0.264954
0,250,25.7564,29.2093,0.156796,0.262853
0,250,18.9896,28.337,-0.275391,0.0719477
0,250,23.9203,26.938,0.304674,-0.0809835
0,250,25.1186,38.9564,-0.262321,0.30059
0,250,18.503,27.2441,-0.144364,0.0418341
0,250,22.3416,23.4991,0.176859,0.42426
0,250,22.4954,27.7157,0.202127,-0.333757
0,250,30.0568,31.9541,0.456242,0.92298
0,250,30.0055,29.9387,0.033099,0.713723
0,250,20.3954,24.7595,0.0389503,0.053522
0,250,21.7678,23.3626,-0.160661,0.513677
0,250,26.3503,29.1397,0.275369,-0.0101418
0,250,22.9788,22.9612,0.105681,0.6846
0,250,19.5258,23.4715,-0.46826,0.157989
0,250,18.814,23.1373,-0.0960074,0.0016631
0,250,30.4411,30.6675,0.0541717,0.896757
0,250,29.2311,27.901,0.381309,0.676329
0,250,30.4611,31.1175,0.500662,1.05116
0,250,29.2453,27.3436,0.476299,0.639692
0,250,30.983,30.8981,-0.0703189,0.691958
0,250,29.6716,27.6042,0.540906,0.902969
0,250,29.408,24.8411,0.397421,0.521147
0,250,19.1634,25.4226,0.208235,0.163056
0,250,29.8933,25.0447,0.456317,0.523106
0,250,2.43913,22.5581,0.238936,0.228011
0,250,2.49274,26.9512,-0.592008,0.378503
0,250,2.4859,29.834,-0.0475615,-0.156582
0,250,2.78337,34.4934,-0.228381,-0.666979
0,250,2.89935,32.5234,0.342141,-1.01121
0,250,6.0794,26.4332,-0.303185,-0.373503
0,250,3.8872,33.2353,-0.502342,-0.301336
0,250,5.02676,31.6369,-0.0528492,-1.32406
0,250,7.16715,26.3715,-0.382412,-0.344057
0,250,8.88929,43.4379,0.275507,-0.123263
0,250,6.71306,39.6483,-0.68793,-0.697464
0,250,11.8046,44.9593,-1.97537,-0.714003
0,250,8.40024,40.2525,-0.808585,-1.14059
0,250,15.0453,43.0179,-0.981071,0.0932514
0,250,12.9625,43.9985,-1.19934,-1.25352
0,250,13.7622,43.767,-0.772036,-0.586385
0,250,9.87954,40.3687,-0.730034,-0.298423
0,250,19.0802,45.2344,-0.624621,-0.702586
0,250,14.8019,44.3765,-1.0438,1.37996
0,250,19.6017,45.1408,-0.503804,0.0361565
0,250,16.5972,45.419,-0.961944,-0.509856
0,250,23.6855,42.7951,-0.707974,0.499134
0,250,21.4731,43.5815,-0.497561,0.158604
0,250,21.5279,44.9992,-0.190857,0.622891
0,250,28.432,30.6098,-0.318921,0.63188
0,250,20.6872,27.2844,0.0311743,0.177983
0,250,19.0044,27.4836,-0.0748039,0.0808853
0,250,26.9656,40.8356,-1.06811,1.2252
0,250,27.018,36.0119,0.200577,0.618632
0,250,17.4471,28.7656,-0.0745066,0.547237
0,250,29.674,34.8006,0.557343,1.06321
0,250,27.9899,38.8117,-0.897492,0.584629
0,250,21.464,24.8994,0.163693,0.00493412
0,250,24.2714,40.9824,-0.867246,0.857603
0,250,28.9638,30.6745,0.125882,0.481053
0,250,18.4525,29.1204,-0.229872,0.0532483
0,250,25.9856,39.9822,-0.825966,0.431243
0,250,19.4901,22.3592,-0.474464,-0.228754
0,250,27.3882,35.0256,0.160554,0.487372
0,250,21.8423,29.1196,0.15985,-0.192718
0,250,29.0654,35.4388,0.038936,0.902137
0,250,20.6071,26.3221,0.337225,0.0337329
0,250,20.6315,23.4407,-0.304521,0.046338
0,250,29.2227,28.8998,0.262648,0.834057
0,250,21.6849,27.2827,0.0808901,-0.160377
0,250,29.5785,29.2752,0.284239,0.80038
0,250,25.8441,39.4838,-0.268845,0.472173
0,250,30.528,32.0274,0.600971,0.963709
0,250,27.121,29.6335,-0.272416,0.0698682
0,250,27.1768,25.231,0.711814,0.28673
0,250,24.6722,24.217,0.341656,0.103421
0,250,30.132,28.4503,0.0465142,0.667103
0,250,29.6743,24.4255,0.224114,0.498957
0,250,17.4774,25.289,0.218946,0.677673
0,250,31.0477,26.391,0.0591396,1.3083
0,250,31.0287,29.4733,-0.243991,0.934981
0,250,10.4492,23.4021,0.191065,0.170906
0,250,3.07972,26.2056,0.533976,0.0622867
0,250,6.85446,22.8947,0.31871,-0.289643
0,250,4.04159,25.7728,0.042396,-0.718058
0,250,4.17039,26.9317,0.304929,-0.813355
0,250,3.86323,31.3773,0.190285,-0.793413
0,250,5.07447,32.1254,-0.492427,-1.21457
0,250,5.47165,28.3169,-0.241824,-0.694917
0,250,4.87211,33.4944,-0.0800107,-1.16128
0,250,4.49055,37.0671,-0.209019,-0.870259
0,250,5.29475,39.2662,0.182021,0.0194095
0,250,5.97611,37.0454,-0.795506,-0.961607
0,250,7.28877,38.2752,-0.721389,-0.671139
0,250,10.792,44.0147,-1.29076,-2.19634
0,250,10.2277,41.1941,-0.589718,-0.134527
0,250,13.8245,45.5511,-1.76171,-0.73805
0,250,14.6899,43.366,-1.14176,1.01066
0,250,15.2195,43.5168,-1.23599,-0.011024
0,250,14.5563,42.4438,-0.588914,0.0211513
0,250,21.8936,43.3722,-0.57543,0.469252
0,250,27.2799,39.6722,-0.411687,0.332845
0,250,21.9753,44.8026,0.0143893,0.186813
0,250,21.186,27.2835,0.0584446,0.206852
0,250,19.2482,26.4195,-0.0274402,0.173547
0,250,22.8404,43.8303,0.261133,-0.392361
0,250,7.87742,40.4015,-0.8131,-0.438967
0,250,28.6897,28.8536,0.401236,0.475505
0,250,27.9843,35.9136,0.12423,0.673333
0,250,28.3409,32.8801,0.440193,-0.0341728
0,250,25.0092,25.4171,0.445623,0.325043
0,250,25.6128,25.35,0.409216,0.513784
0,250,22.9977,27.7299,0.293144,-0.309819
0,250,19.6721,29.0771,-0.395998,0.157235
0,250,26.0848,27.9352,0.107265,0.292174
0,250,20.0283,29.5195,-0.290267,-0.136912
0,250,26.647,39.1492,-0.390413,0.340082
0,250,23.8479,41.7987,-0.456068,0.976734
0,250,24.7857,39.3213,-0.560349,0.352039
0,250,21.1521,24.423,-0.0897839,0.0069444
0,250,20.7746,29.1145,-0.14511,-0.154746
0,250,18.8148,26.3209,-0.105666,0.0942736
0,250,25.3044,28.3933,0.0766137,-0.168257
0,250,29.5821,33.376,0.0847098,1.0435
0,250,19.8518,27.8058,-0.480723,0.145268
0,250,28.64,26.5802,0.287204,0.374581
0,250,27.6163,24.3925,0.756197,0.55638
0,250,17.5896,24.8281,0.438406,0.757545
0,250,26.3557,24.708,0.638478,0.283915
0,250,30.508,27.0777,0.102233,0.998052
0,250,29.9574,30.4182,0.375976,0.839392
0,250,31.0189,29.9761,0.173859,0.626834
0,250,17.9859,28.3693,-0.466371,0.205316
0,250,29.9913,36.7793,0.00412407,1.27953
0,250,30.5469,35.0463,0.355954,1.38014
0,250,30.2841,35.9226,0.0922829,1.31465
0,250,18.3463,25.0062,0.262454,0.215985
0,250,2.40387,25.0142,-0.0576819,0.833603
0,250,4.05646,22.7351,-0.479897,-0.043408
0,250,2.45565,29.3297,-0.151584,-0.0120137
0,250,5.24518,24.069,-0.0912687,-0.193174
0,250,3.36821,28.9545,-0.42737,0.0494259
0,250,3.74929,29.986,0.145428,-1.03421
0,250,5.94828,29.4549,-0.174715,0.0674336
0,250,4.17428,36.0924,-0.165326,-1.24978
0,250,4.71263,33.0142,-0.090399,-1.39503
0,250,6.14899,40.339,0.18535,-0.144614
0,250,4.82302,36.6124,-0.619179,-0.871518
0,250,5.17472,37.567,-0.382932,-0.689912
0,250,7.7529,40.8795,-1.30874,-0.709031
0,250,5.96347,37.9652,-0.833191,-0.683163
0,250,12.8006,45.2904,-1.5615,-0.523148
0,250,13.6998,45.0804,-1.34343,-0.398768
0,250,7.58175,38.6786,-0.844679,-0.806967
0,250,14.1843,43.741,-0.410631,0.0791008
0,250,16.0187,45.8299,-0.1346,0.252663
0,250,22.82,43.3137,-0.723152,0.503198
0,250,18.0687,43.6119,-0.0659887,-0.142521
0,250,20.485,45.3448,-1.3664,0.45037
0,250,21.0731,42.3421,-0.0175472,0.00718932
0,250,22.9897,25.3525,0.467356,0.200638
0,250,22.7694,42.8435,-0.541573,0.696654
0,250,27.4666,40.967,0.157747,-0.286531
0,250,21.033,45.1931,-1.02886,0.537378
0,250,25.0719,43.1148,-0.0952691,0.505645
0,250,21.5512,28.6613,-0.0661245,-0.269085
0,250,27.6736,34.0294,0.291086,0.435874
0,250,24.6787,26.574,0.352406,-0.232145
0,250,23.4069,41.0996,-0.715765,0.704251
0,250,18.2929,23.5921,0.032291,0.0670493
0,250,24.9702,39.7909,-1.13559,0.449883
0,250,25.0474,23.8603,0.134494,0.660936
0,250,26.4943,38.6613,-0.698976,0.496405
0,250,19.8154,30.0255,-0.574081,0.429319
0,250,21.474,27.7622,0.0370525,-0.0696646
0,250,17.7241,22.3878,-0.385423,0.186302
0,250,28.644,24.1368,0.698288,0.187872
0,250,25.3753,25.7396,0.157335,0.457117
0,250,19.3035,25.8985,0.0709874,0.277895
0,250,28.9643,26.2325,0.5291,0.652945
0,250,22.7883,22.9218,-0.0218388,0.444915
0,250,24.205,28.8537,0.81844,-0.370671
0,250,29.1976,36.3225,0.20535,0.93151
0,250,30.5453,27.6342,0.27319,1.13607
0,250,28.8135,27.122,0.475033,0.286854
0,250,19.6178,22.974,-0.455865,-0.0739344
0,250,26.8426,25.5725,0.547076,0.346687
0,250,27.2362,26.0335,0.65175,0.541186
0,250,30.9425,32.7772,0.0217855,0.862684
0,250,29.8208,37.1978,-0.187819,1.04119
0,250,30.7677,34.1573,0.0572973,1.19769
0,250,30.6108,24.9487,0.0541222,0.532857
0,250,30.8875,33.2401,-0.00246788,1.10216
0,250,2.77918,22.2961,-0.0852615,-0.186973
0,250,3.38716,23.2361,-0.306581,-0.251247
0,250,7.84948,22.9963,0.396537,0.159792
0,250,3.96884,24.7759,0.21197,-0.240346
0,250,3.66363,27.0154,0.138805,-0.812805
0,250,2.95441,33.0447,-0.318544,-0.511127
0,250,4.90293,25.9794,0.210064,-0.406946
0,250,5.45067,27.3543,-0.154569,-0.342016
0,250,4.546,38.9956,0.0367182,0.124564
0,250,5.56994,32.3918,-0.280127,-0.656345
0,250,4.37494,35.2286,-0.0527755,-1.40122
0,250,4.41545,38.0485,-0.690665,-0.268652
0,250,8.49465,42.6018,0.0836975,-0.233247
0,250,7.37276,40.4897,-0.764071,-1.11076
0,250,7.20206,39.6129,-0.637217,-0.908528
0,250,5.68141,28.9739,-0.288215,-0.494911
0,250,7.53657,40.0252,-0.526253,-0.621282
0,250,5.32204,31.0198,0.0952455,-0.803713
0,250,18.7844,44.4011,0.204336,-1.26294
0,250,15.4474,43.0445,-0.909146,-0.0210988
0,250,22.8618,42.3247,-0.99918,0.689362
0,250,17.1333,45.858,-0.582965,0.37646
0,250,20.9994,42.8348,-0.933789,0.172643
0,250,25.4084,41.6672,-0.763208,0.802186
0,250,24.6142,42.3287,-0.676156,0.483879
0,250,17.3663,43.1786,-0.381766,0.716211
0,250,21.9975,27.7365,0.241121,-0.0857377
0,250,21.8636,25.3381,0.168901,0.00124432
0,250,26.7866,41.6569,0.155562,-0.178359
0,250,25.4347,42.8373,0.30221,0.213351
0,250,24.6975,43.3863,-0.158216,1.03406
0,250,29.87,35.6937,0.100421,1.11793
0,250,26.8035,36.4753,-0.00370625,0.203493
0,250,26.2444,26.6883,0.523319,-0.0977678
0,250,23.6474,28.789,0.705867,0.200053
0,250,24.5848,25.6927,0.690177,-0.0584512
0,250,18.438,25.5337,0.252902,0.137829
0,250,27.8649,33.0068,0.372442,0.412825
0,250,28.8987,35.8951,0.044432,0.857874
0,250,17.8784,22.059,-0.526525,0.00980869
0,250,24.3273,29.686,0.469812,-0.0880809
0,250,27.3272,26.8412,0.308494,0.256808
0,250,21.9557,23.8387,-0.225034,0.280893
0,250,24.6056,40.1356,-0.950726,0.335729
0,250,17.7522,23.0693,0.380081,0.088244
0,250,29.1646,26.7593,0.24178,0.533385
0,250,20.6858,25.7852,0.090651,0.0913436
0,250,29.4878,36.7299,0.238246,0.627883
0,250,21.9425,22.7736,0.0817092,0.555963
0,250,19.4516,23.9934,-0.377167,0.214531
0,250,29.7092,28.7302,0.018182,1.03086
0,250,29.5217,26.4718,0.911612,0.723244
0,250,30.9984,31.3488,0.533717,0.665898
0,250,18.8455,22.379,-0.290881,-0.326964
0,250,31.0074,31.8044,-0.0460426,0.666883
0,250,29.6399,37.6285,-0.175868,0.854433
0,250,8.27467,22.8272,0.152718,-0.0525423
0,250,6.01584,22.2828,-0.141445,0.0830014
0,250,9.49258,24.2732,0.245738,0.104733
0,250,4.83064,24.9806,0.0877068,-0.31926
0,250,2.51482,32.8684,0.11784,-0.815698
0,250,3.19181,36.0258,-0.387586,-0.248107
0,250,5.2195,27.81,-0.0863269,-0.494893
0,250,3.87768,35.1664,-0.215796,-0.836098
0,250,4.5265,35.6733,-0.586583,-1.36676
0,250,5.54204,31.895,-0.22591,-0.779857
0,250,6.76674,41.0564,0.326213,-0.125064
0,250,6.23,39.6961,-1.00644,-1.0153
0,250,8.48664,42.0235,-0.625214,-0.67938
0,250,8.20513,39.456,-0.762764,-0.707247
0,250,8.42685,39.0362,-0.0985131,-0.112328
0,250,9.73752,43.0281,-1.10899,-1.01569
0,250,15.0611,43.9253,-0.65752,0.923995
0,250,5.47817,37.1459,-0.538445,-1.05533
0,250,14.3608,45.6534,-1.2897,0.390411
0,250,15.2693,44.3972,-1.07756,0.487074
0,250,20.5288,43.0209,-0.99614,0.266189
0,250,23.2429,43.0457,-0.394541,0.587899
0,250,23.3592,42.0627,-0.627991,0.589749
0,250,18.7603,43.0603,-1.11626,-0.515861
0,250,19.4142,45.5901,-1.14937,0.122559
0,250,19.7685,42.3218,-0.304267,0.289614
0,250,23.5585,44.0291,-0.945996,0.0777921
0,250,19.326,42.4302,-0.563885,-0.263653
0,250,25.4789,42.1652,-0.442742,0.945492
0,250,25.4529,28.8193,0.49926,-0.00873629
0,250,22.451,41.5972,-0.650318,0.312685
0,250,20.1757,27.3663,-0.134525,0.277788
0,250,28.4601,35.8113,0.220418,0.30695
0,250,27.9328,24.8103,0.319114,0.561535
0,250,29.6646,32.2433,0.637737,1.0283
0,250,26.7901,30.0654,-0.225916,0.513328
0,250,30.0531,32.5542,0.593002,1.01276
0,250,17.9588,25.3294,-0.032536,0.457561
0,250,28.7501,31.0739,0.631502,0.586469
0,250,26.9974,38.7185,-0.403073,0.181502
0,250,21.2217,23.5373,-0.310744,-0.0628
0,250,24.5024,23.7974,0.0661905,0.326195
0,250,27.9852,23.9118,1.04536,0.483464
0,250,26.5858,36.9177,0.236966,0.285887
0,250,22.8541,26.7777,0.249195,-0.364698
0,250,20.0266,22.4811,-0.269935,-0.019953
0,250,19.5192,25.142,-0.000466284,-0.030611
0,250,28.6486,25.7834,0.547694,0.57652
0,250,21.1242,41.8301,-0.859633,0.54159
0,250,25.9453,24.9803,0.672254,0.30955
0,250,29.162,25.2861,0.456235,0.437095
0,250,31.0151,27.3978,-0.380202,1.42557
0,250,30.5609,29.2698,-0.384952,1.08884
0,250,30.5658,28.2052,0.271623,1.37143
0,250,30.8225,33.6972,0.134852,1.28918
0,250,26.1668,25.4578,0.457497,0.0022825
0,250,2.47765,23.6898,0.315962,0.844017
0,250,3.91325,22.2035,-0.545373,-0.209571
0,250,3.06052,26.6242,-0.363159,-0.0259351
0,250,9.94369,24.4937,0.181159,0.0967563
0,250,2.45383,31.7646,0.414801,-0.357351
0,250,2.97717,28.6635,-0.354455,-0.584522
0,250,2.8846,29.8525,0.0965936,-0.58014
0,250,5.29188,26.8815,-0.250393,-0.674636
0,250,3.69671,34.7133,-0.335391,-0.225702
0,250,7.34735,42.2944,-0.0648108,-0.260865
0,250,5.11774,26.4261,-0.0781802,-0.556184
0,250,5.285,35.0487,-0.121514,-1.00489
0,250,8.0955,42.8839,-0.187977,-0.395439
0,250,10.8713,44.5904,-0.708962,-0.829707
0,250,5.61436,36.1247,-0.218875,-1.60635
0,250,6.49353,37.0256,-0.587439,-0.675088
0,250,4.59738,29.1221,-0.353047,-0.709798
0,250,9.75313,42.5258,-0.64468,-1.22981
0,250,12.7662,42.5198,-0.314324,-1.15621
0,250,11.0503,41.1445,-1.273,-0.723378
0,250,11.9611,42.182,-0.825785,-0.616911
0,250,14.6123,42.8769,0.314613,-0.037427
0,250,18.3024,44.8929,-0.396594,-0.435202
0,250,19.0453,43.4685,-0.325325,-0.486316
0,250,23.5987,43.4043,0.735076,-0.53879
0,250,22.4093,42.109,-0.350174,0.601464
0,250,24.2069,42.0698,0.0648891,0.284643
0,250,27.2729,40.465,-0.577025,1.0742
0,250,29.1751,34.9381,0.634968,1.19412
0,250,24.3128,43.6286,-0.877534,0.767247
0,250,20.3952,26.842,0.245061,0.332502
0,250,20.4583,28.6632,-0.101062,-0.0664578
0,250,28.7291,33.2364,0.131918,0.979404
0,250,25.8241,28.3681,0.174493,0.189631
0,250,27.0671,28.2552,0.126867,0.19611
0,250,27.4164,29.2311,0.315405,0.396542
0,250,23.9644,24.0123,0.223136,0.369137
0,250,17.4821,27.284,0.0558719,0.245742
0,250,26.5582,25.1954,0.625733,0.368002
0,250,23.2824,25.9341,0.574716,0.0761955
0,250,27.6903,28.7729,0.321943,0.470465
0,250,17.4419,22.7113,0.456463,0.21498
0,250,20.8501,22.5193,-0.360952,0.160105
0,250,30.0066,24.1821,0.0599322,0.395871
0,250,18.6555,24.497,-0.238755,0.298335
0,250,27.8037,26.0904,0.651635,0.670437
0,250,22.0078,24.9055,0.188685,0.106854
0,250,30.4414,33.0221,0.141509,1.12239
0,250,30.7405,24.2565,0.115282,0.587317
0,250,30.6483,34.6083,0.058172,1.35283
0,250,28.9273,39.0308,-0.523431,0.55516
0,250,24.1097,24.8665,0.257758,-0.0384401
0,250,29.2928,28.3925,0.115173,0.929517
0,250,23.1608,24.3815,0.186265,0.30657
0,250,30.4534,31.5626,0.197247,0.972497
0,250,30.9789,27.906,0.223699,1.43742
0,250,3.29119,23.7295,-0.0684252,-0.303777
0,250,5.33406,22.7596,-0.15308,-0.0019713
0,250,10.0964,26.3641,-0.34578,0.178318
0,250,9.17194,23.4077,0.351014,0.134849
0,250,3.39151,24.1573,0.0883129,-0.125604
0,250,5.8183,24.1636,0.0441814,-0.360242
0,250,3.07129,27.7399,-0.592442,-0.482567
0,250,3.56251,26.5829,-0.217258,-0.644038
0,250,2.91525,32.0101,-0.131012,-0.461883
0,250,4.45163,30.1218,-0.271431,-0.221445
0,250,4.26524,28.6709,-0.340529,-0.559505
0,250,5.84868,33.9551,0.112928,0.039514
0,250,5.48025,31.4352,0.0861573,-0.807011
0,250,7.73035,42.5817,-0.0340653,-0.0672794
0,250,6.54032,38.7545,-0.551849,-0.387605
0,250,11.2574,44.2755,-1.93562,-1.63905
0,250,6.26661,36.5934,-0.480833,-0.177367
0,250,8.13385,38.6536,-0.474522,0.0567867
0,250,10.3198,43.7558,-1.6184,-1.98198
0,250,13.1136,42.1156,-0.837786,-0.276708
0,250,11.9127,42.697,-0.187694,-0.530981
0,250,4.96283,37.1124,-0.161489,-0.934905
0,250,9.4917,41.1301,-1.59799,-0.798127
0,250,21.0626,44.728,0.31648,0.597368
0,250,16.5607,45.8407,-0.499572,-0.530947
0,250,20.0982,45.0284,-0.312184,-0.115211
0,250,21.4817,42.6339,-0.817404,0.232154
0,250,25.0119,42.0064,-0.534544,0.92516
0,250,22.1868,27.2447,0.100082,-0.176062
0,250,27.813,39.7091,-0.663143,0.434265
0,250,29.9355,33.7597,0.188568,1.28835
0,250,28.0829,28.3932,0.0261265,0.614099
0,250,28.3393,39.8395,-0.242316,-0.095403
0,250,28.8125,32.7051,0.497386,0.91843
0,250,27.8913,29.2755,0.501623,0.278976
0,250,24.6977,40.6284,-0.883606,0.454979
0,250,28.6367,33.7735,0.124994,1.01318
0,250,22.7828,28.2012,0.23793,-0.316418
0,250,27.2961,24.6886,0.707337,0.674016
0,250,26.2441,24.2559,0.459727,0.324794
0,250,25.2113,30.0376,0.284389,0.112281
0,250,23.8386,40.8068,-0.460345,0.860408
0,250,28.3108,37.3736,0.324253,0.479666
0,250,23.2065,27.2527,0.0838152,-0.231954
0,250,28.3959,32.3464,0.39348,0.393942
0,250,24.4802,23.2341,0.204442,0.405848
0,250,23.4111,23.987,0.269516,0.415917
0,250,21.3299,23.1034,-0.0529633,0.0399224
0,250,18.4923,28.645,-0.134642,-0.138085
0,250,28.5903,37.815,-0.250063,0.511872
0,250,26.1692,39.0797,-0.444023,0.592175
0,250,30.1069,29.0078,0.332604,0.981089
0,250,30.0658,25.6549,-0.0711441,0.836355
0,250,27.6708,25.1897,0.584283,0.561966
0,250,30.9884,30.4455,-0.0960902,0.657476
0,250,30.514,29.7395,0.305679,0.972417
0,250,11.9476,22.2655,0.354124,0.224727
0,250,3.7433,22.1904,-0.470664,-0.284943
0,250,4.91525,22.157,-0.237261,-0.0530069
0,250,11.0411,23.4693,0.209836,0.18873
0,250,5.64366,23.2213,-0.0608914,0.0226261
0,250,3.66819,26.1252,0.0508954,-0.371413
0,250,8.51885,24.8946,0.270625,0.117882
0,250,2.97442,31.5247,0.258388,-0.250396
0,250,3.25925,29.524,-0.23417,-0.203751
0,250,8.50369,25.3891,-0.0283482,0.026592
0,250,6.33994,35.5583,0.191818,0.143558
0,250,4.43651,30.6743,0.0665244,-1.16055
0,250,5.21519,33.1315,-0.119532,-0.447288
0,250,6.03592,38.8388,-0.98973,-0.997755
0,250,7.29493,23.7714,0.0211811,-0.21454
0,250,6.21019,37.4809,-0.815871,-0.586404
0,250,6.72314,37.451,-0.685149,-0.774302
0,250,6.41131,27.512,-0.351907,-0.529017
0,250,5.44034,37.9834,-0.867163,-0.87336
0,250,12.2863,41.7806,-1.28055,-1.04151
0,250,14.6314,43.8118,-0.266215,1.10842
0,250,17.0724,42.7248,-0.617856,0.453626
0,250,16.6547,44.5204,-0.871509,-0.164158
0,250,5.4095,40.1911,0.218128,-0.257262
0,250,16.976,44.1463,-1.22555,0.0255746
0,250,22.8685,41.8542,-0.477202,0.501202
0,250,21.423,43.1124,-0.637976,0.0426886
0,250,21.9967,44.3044,-0.00650675,0.125357
0,250,20.6194,43.8875,-0.328575,0.0919308
0,250,19.5365,43.3381,-0.698697,-0.0920436
0,250,22.733,24.5199,0.049971,0.225894
0,250,27.9381,30.2641,-0.664613,0.371519
0,250,28.1862,35.4065,-0.0515827,0.52613
0,250,25.9723,27.1018,0.588053,0.354916
0,250,26.3848,28.3692,0.406724,0.00989413
0,250,27.962,31.408,-0.0894489,0.621619
0,250,26.9744,26.3708,0.587928,0.0904033
0,250,24.7709,41.0803,-1.07839,0.474509
0,250,25.6682,26.1366,0.669625,0.364601
0,250,22.0867,28.6798,0.159056,-0.0575952
0,250,24.6674,30.053,0.289289,0.134359
0,250,26.7885,39.6671,-0.480744,0.775592
0,250,29.0061,24.6816,0.497145,0.411997
0,250,26.5674,29.5894,0.0479984,-0.0198302
0,250,22.5075,41.0991,-0.97767,0.463531
0,250,28.6601,35.2612,0.0707027,0.54297
0,250,30.9715,26.9204,0.234356,0.803975
0,250,27.097,23.9401,0.599655,0.247388
0,250,22.3961,24.0714,-0.0353354,0.0740102
0,250,20.2656,22.5123,-0.663032,-0.0730968
0,250,17.4889,26.2606,0.507083,0.0594965
0,250,22.177,24.4725,-0.0773572,-0.0411511
0,250,28.6303,39.4586,-0.447197,0.177628
0,250,26.7753,24.2532,0.716826,0.408995
0,250,29.2099,38.5599,-0.824502,0.81279
0,250,30.3665,33.5895,0.108458,0.825347
0,250,2.43644,23.1107,-0.15713,0.948213
0,250,5.24126,22.3022,-0.267026,-0.0192589
0,250,9.48951,22.3193,0.292629,0.0292514
0,250,9.63383,23.0945,0.466936,0.0525651
0,250,8.73584,23.2584,0.173238,0.0499158
0,250,3.47986,25.6954,-0.0266463,-0.704765
0,250,6.29983,26.981,-0.277873,-0.271049
0,250,5.67611,25.421,0.243855,-0.510995
0,250,8.51424,26.4699,-0.586879,0.215875
0,250,5.2702,28.7673,-0.19947,-0.528424
0,250,6.17357,27.9605,-0.151585,-0.034179
0,250,4.48389,33.8802,-0.331342,-1.3108
0,250,6.97698,26.8408,-0.240205,-0.120781
0,250,4.02242,30.3623,-0.569799,-0.82134
0,250,4.72038,38.4944,-0.765204,0.0922209
0,250,7.27785,40.9531,-1.27152,-0.781491
0,250,11.355,44.7244,-1.38032,-0.993322
0,250,4.90008,35.2728,-0.194423,-0.485207
0,250,4.8955,37.9834,-0.822789,-0.742427
0,250,11.0183,42.7012,-0.798387,-0.476361
0,250,11.4529,42.9394,-0.275226,-0.360984
0,250,4.89273,30.2355,-0.333983,-1.10685
0,250,16.7226,43.6425,-0.895537,-0.228245
0,250,16.8858,43.1904,-1.00593,0.509906
0,250,21.9525,42.3761,-0.516611,0.502303
0,250,17.618,43.6191,-0.117677,0.538864
0,250,14.0933,44.7119,-1.59247,-0.127755
0,250,23.3469,41.6113,-0.613544,0.557033
0,250,20.68,42.0131,-0.799215,0.388328
0,250,29.1612,31.3891,0.398772,0.443483
0,250,19.7362,44.1545,0.398368,0.334435
0,250,29.1174,37.6832,0.122098,0.675293
0,250,23.9796,27.911,0.292318,-0.135039
0,250,27.79,36.4241,0.154616,0.83867
0,250,22.591,28.6772,0.376807,-0.259953
0,250,25.9551,38.6325,-0.61927,0.626626
0,250,25.499,39.8872,-0.634089,0.26728
0,250,18.558,28.1596,-0.518303,0.0553056
0,250,25.4428,38.5633,-0.0814124,0.270173
0,250,27.3455,38.2998,-0.304872,-0.0399536
0,250,28.1998,25.272,0.56,0.518857
0,250,24.4989,27.9499,0.481185,-0.511972
0,250,22.6513,29.6067,0.222454,-0.273688
0,250,26.2607,38.2313,-0.638978,0.429945
0,250,28.3449,31.7989,0.40545,0.30153
0,250,25.7213,26.5877,0.57255,0.441265
0,250,25.3163,39.4318,-0.837921,0.656489
0,250,22.9359,41.3545,-0.843618,0.540118
0,250,27.1193,37.8402,-0.290379,0.502739
0,250,30.2382,24.8895,0.313383,0.679787
0,250,24.5561,24.637,0.30265,0.294586
0,250,25.131,24.4775,0.198532,0.622452
0,250,18.7972,25.7901,0.076315,0.121274
0,250,29.1701,25.8225,0.169351,0.460031
0,250,30.2606,24.2028,0.346764,0.450477
0,250,18.6435,23.7882,-0.375074,-0.024093
0,250,7.63456,22.3742,0.153928,0.0324028
0,250,2.80304,23.9181,0.226037,0.807777
0,250,10.964,22.3524,0.247097,0.145237
0,250,10.5819,26.0122,-0.301405,0.0555742
0,250,9.53855,23.7088,0.289244,0.0386349
0,250,2.5831,31.289,-0.253849,-0.534069
0,250,6.19136,25.3942,0.275332,-0.277843
0,250,4.61066,25.512,0.0404521,-0.026284
0,250,8.63859,24.3201,0.169392,0.0685171
0,250,5.60851,26.3802,-0.184958,-0.433689
0,250,4.76405,26.8959,-0.0200182,-0.529717
0,250,5.13288,32.6158,0.208704,-0.728984
0,250,4.82658,31.1544,-0.672505,-0.8902
0,250,4.1089,29.2015,-0.442099,-0.908408
0,250,3.53792,36.9554,-0.418201,-0.658901
0,250,3.55954,27.8691,-0.491631,-0.599937
0,250,6.45066,40.7006,0.208118,0.155279
0,250,8.79633,40.5427,-1.2388,-0.708298
0,250,7.69673,39.5556,-0.724683,-0.90939
0,250,11.1103,41.7079,-1.07643,0.126416
0,250,13.199,44.9594,-0.987288,-0.90739
0,250,15.5519,43.9354,-1.16915,0.167499
0,250,16.1549,44.4811,-1.34173,-0.19009
0,250,15.0982,42.5163,0.0315558,0.01132
0,250,12.6935,41.9575,-1.06123,-0.586601
0,250,17.1858,44.5852,-0.491639,0.423473
0,250,19.3524,43.8258,0.312771,-0.265044
0,250,18.5403,43.558,-0.044871,-0.0460835
0,250,21.9638,43.8539,-0.731006,0.592966
0,250,20.1279,42.6895,-0.609821,0.19089
0,250,23.2334,43.6145,0.423581,-0.48058
0,250,26.827,38.2581,-0.630717,0.537028
0,250,25.1014,42.496,-0.377297,0.904993
0,250,27.4977,35.9843,0.28142,0.2597
0,250,28.7981,29.7533,0.0958774,0.781964
0,250,23.9345,43.8376,-1.02196,0.534906
0,250,26.6795,27.9814,0.146228,-0.0266159
0,250,22.3619,29.1572,0.354135,-0.237342
0,250,27.9769,27.9138,0.268127,0.654848
0,250,22.0345,41.3556,-1.16861,0.608943
0,250,26.0644,37.7372,0.199345,-0.00367911
0,250,28.4808,34.3042,0.483758,0.967215
0,250,24.2973,41.4367,-0.596377,1.16314
0,250,27.3969,23.9959,0.360819,0.665202
0,250,28.8172,32.1539,0.750308,0.665418
0,250,26.3223,39.5844,-0.211203,0.668305
0,250,19.52,29.5448,-0.032969,0.368441
0,250,21.7043,22.7571,0.0161536,0.525295
0,250,20.7511,25.2888,-0.0769647,-0.0128186
0,250,18.3529,26.1745,0.112652,0.0982979
0,250,27.3512,30.0219,-0.405733,-0.310525
0,250,23.4566,23.5706,0.134492,0.423282
0,250,25.2973,23.4402,0.0545865,0.54222
0,250,23.7673,28.3443,0.367969,0.0062213
0,250,23.7363,25.1646,0.417906,0.0971153
0,250,28.2842,31.1506,0.51769,0.427454
0,250,12.6106,23.1286,0.255528,-0.0459276
0,250,10.1432,22.3417,0.356389,0.158351
0,250,10.3456,22.3393,0.433844,0.116271
0,250,5.76662,22.2658,-0.184883,0.164072
0,250,5.88939,22.859,0.200138,0.0420153
0,250,11.1061,24.0028,0.122884,0.0476469
0,250,6.14152,23.4809,0.235023,-0.315742
0,250,7.33233,23.2631,0.253896,-0.227542
0,250,5.33939,25.0427,0.135534,-0.610184
0,250,6.5953,24.3567,0.241575,-0.13868
0,250,3.4519,31.1879,-0.199183,-0.615117
0,250,4.7854,28.682,-0.316815,-0.535259
0,250,6.48016,24.9826,0.206999,-0.403886
0,250,5.7644,29.9768,-0.478812,-0.0849554
0,250,4.23436,31.0715,-0.061684,-1.00536
0,250,3.82135,30.7851,-0.00333201,-0.217341
0,250,6.54447,26.6079,-0.222915,-0.344268
0,250,6.87798,39.1683,-0.988279,-0.686207
0,250,6.38988,39.2325,-0.928865,-0.75819
0,250,10.7139,43.5011,-1.20061,-1.30561
0,250,9.84383,41.4671,-1.28009,-1.08897
0,250,4.66332,36.1344,-0.432844,-1.31178
0,250,8.03893,39.9251,-0.908829,-0.946656
0,250,10.2488,43.2575,-1.20082,-1.63735
0,250,6.07969,36.1411,0.0710502,-0.656479
0,250,17.9006,44.097,-1.2739,-0.0397965
0,250,7.3786,39.1521,-0.709567,-0.549423
0,250,20.1848,44.0209,-0.0133572,0.0259878
0,250,15.4806,45.7921,-0.285013,0.334342
0,250,14.3885,44.2627,-1.00856,0.203351
0,250,16.1568,42.6592,-0.0481138,-0.122452
0,250,21.906,42.871,-0.764233,0.600702
0,250,17.9887,42.6491,-1.42778,-0.0412863
0,250,29.3096,34.4373,0.394377,0.992309
0,250,27.1296,41.3275,0.24334,-0.0204992
0,250,24.42,27.014,0.375076,-0.275333
0,250,4.34554,36.5754,-0.491873,-1.10428
0,250,23.7407,29.6626,0.589353,-0.25678
0,250,27.635,37.8733,0.137353,-0.0369313
0,250,24.1199,26.5094,0.417901,0.0378644
0,250,27.8459,37.3961,0.321238,0.061391
0,250,23.1842,29.6245,0.0296636,0.0276089
0,250,25.5118,23.5074,0.322858,0.534078
0,250,17.764,30.0677,0.175986,0.206877
0,250,17.9018,29.2917,-0.234992,0.0748807
0,250,23.7042,40.3102,-1.01263,0.905425
0,250,17.412,24.3427,0.168131,0.422333
0,250,29.4638,31.0782,0.202917,0.562137
0,250,18.1448,29.6407,-0.42067,-0.122013
0,250,27.4904,38.7811,-0.709212,0.143877
0,250,27.8647,34.9774,0.13576,0.314833
0,250,18.8069,25.0869,0.20903,0.351533
0,250,26.2716,30.0302,-0.163085,-0.239066
0,250,27.3627,27.8149,0.354958,0.355658
0,250,22.288,23.0978,0.0856399,0.606296
0,250,21.5667,41.6043,-1.11188,0.518566
0,250,7.83197,22.3679,0.290473,-0.111427
0,250,4.63556,22.3128,-0.294681,0.0910478
0,250,11.115,22.3728,0.289481,0.0786662
0,250,8.44976,22.2428,0.223456,0.17542
0,250,5.03048,23.0353,-0.138563,-0.0325444
0,250,11.517,24.253,0.103026,-0.0863913
0,250,3.83976,25.3056,0.0709999,-0.504719
0,250,9.97081,23.965,0.332068,0.140252
0,250,7.77011,23.589,0.104265,0.137943
0,250,5.89755,24.9543,0.316426,-0.208952
0,250,7.19512,27.5132,-0.29821,0.163919
0,250,6.23203,23.9308,0.0459856,-0.365621
0,250,3.43369,28.3723,-0.106881,-0.423627
0,250,8.01807,24.8334,0.0627851,-0.0456421
0,250,3.78762,28.8325,-0.652389,-0.659483
0,250,5.10287,25.4765,0.0839393,-0.596829
0,250,4.35455,33.4026,0.0826668,-0.983295
0,250,5.08468,29.7653,-0.319898,-1.11221
0,250,3.69337,36.0649,-0.0530091,-0.783445
0,250,7.07162,38.727,-0.398566,-0.710915
0,250,3.999,35.6257,-0.684642,-1.35879
0,250,5.76521,36.6137,-0.234805,-1.84289
0,250,9.86048,43.4878,-1.67173,-1.51029
0,250,8.99722,41.3538,-1.17504,-1.12861
0,250,6.76125,38.3215,-1.00155,-0.513267
0,250,10.6406,40.9552,-0.893225,-0.266615
0,250,17.4521,44.132,-1.55285,0.476009
0,250,16.1272,45.3905,-0.921335,-0.514661
0,250,9.11088,39.7122,-0.106981,-0.2865
0,250,18.782,44.8243,-0.478518,-1.40011
0,250,19.9468,45.4814,-1.16069,0.097579
0,250,23.2413,42.5712,-0.952672,0.401516
0,250,27.8466,38.3543,-0.491046,0.261063
0,250,23.9557,43.2121,1.01031,-0.141094
0,250,26.2416,41.5168,-1.04181,0.577408
0,250,21.3953,26.7794,0.030896,0.163836
0,250,25.0197,27.9295,0.222941,-0.202212
0,250,20.2135,29.0677,-0.229458,-0.179614
0,250,25.7525,40.8176,-0.488938,0.106065
0,250,29.1071,33.5814,0.251354,1.05466
0,250,27.7826,33.5173,0.148772,0.636619
0,250,22.3512,30.0488,0.0801056,-0.287401
0,250,27.9417,32.5088,-0.0692988,0.351566
0,250,27.5519,34.5245,-0.0154231,0.468211
0,250,23.4026,26.8143,0.487009,-0.00726988
0,250,20.2986,30.0033,-0.206779,-0.260799
0,250,25.7568,38.1508,-0.133088,-0.00383251
0,250,21.062,29.563,-0.151735,-0.113811
0,250,24.4014,25.2361,0.297078,0.100477
0,250,30.036,33.1796,-0.0338202,1.26389
0,250,25.7317,30.0429,0.0631119,0.359819
0,250,24.9949,26.056,0.401354,0.505523
0,250,25.6351,39.0333,-0.714462,0.790538
0,250,19.4976,24.4982,-0.131497,-0.114793
0,250,27.8403,27.0648,0.702903,0.629069
0,250,17.9729,28.814,0.108385,0.189148
0,250,11.7665,22.2747,0.105369,0.0340352
0,250,12.7807,23.6653,0.292948,0.177523
0,250,8.60288,22.2654,0.478239,-0.0680329
0,250,12.4637,24.5419,-0.0285992,0.137308
0,250,9.95939,22.8486,0.242738,0.0908529
0,250,8.71456,26.8641,-0.645917,0.353517
0,250,10.7038,25.422,-0.413094,0.1904
0,250,10.6392,23.8084,0.220042,-0.0352691
0,250,10.1964,25.8183,-0.503828,0.31567
0,250,5.64297,23.6986,-0.160385,-0.263933
0,250,3.85434,27.4444,0.0878515,-1.01828
0,250,6.70672,27.9325,-0.613717,-0.438862
0,250,3.31665,30.0912,-0.137567,0.0848778
0,250,9.10396,24.0169,0.197774,0.0547916
0,250,4.64027,24.2436,-0.0952807,-0.42936
0,250,3.11113,34.0618,-0.482719,-0.545964
0,250,4.96415,28.2165,-0.325948,-0.521867
0,250,8.11833,26.2477,-0.303051,0.0660066
0,250,7.42056,26.9729,-0.45807,-0.0412834
0,250,9.00256,24.5908,0.221859,-0.0228337
0,250,3.42837,31.7086,0.0374203,-0.833854
0,250,7.61659,26.4335,-0.407905,0.112914
0,250,9.31975,43.1781,-0.868852,-0.784789
0,250,6.23758,38.3567,-0.440887,-0.707851
0,250,12.3025,45.117,-1.43568,-0.822876
0,250,11.5519,41.9687,-0.967801,0.0444902
0,250,6.81596,27.2908,-0.176628,-0.14314
0,250,11.7774,44.4836,-2.00646,-1.01669
0,250,10.61,42.4512,-0.900289,-0.389624
0,250,17.6913,44.5691,-0.0884693,-0.133266
0,250,19.8701,43.6612,-0.0176549,-0.0364188
0,250,15.155,45.3563,-0.466375,0.379911
0,250,26.1091,42.2629,0.393464,-0.229041
0,250,22.3915,43.591,-0.760985,0.896598
0,250,22.7779,25.7838,0.313657,-0.147183
0,250,23.4791,27.7938,0.50149,-0.0112079
0,250,18.8624,43.9461,0.135585,-0.633292
0,250,26.3207,27.5417,0.403146,0.0841758
0,250,22.5398,26.2323,0.410311,-0.277958
0,250,26.6105,41.184,-1.07881,0.79537
0,250,27.6897,35.4774,0.00173533,0.353051
0,250,23.9407,29.26,0.753788,0.031313
0,250,22.431,25.3581,0.188604,-0.118917
0,250,28.6947,36.3709,0.0377299,0.621175
0,250,26.8998,27.5701,0.424857,-0.0405333
0,250,21.0061,28.678,0.120589,0.0632887
0,250,20.9039,26.7961,0.0280963,0.320463
0,250,27.6102,39.2341,-0.687201,0.39722
0,250,28.2579,36.3559,0.0951594,0.216288
0,250,22.6935,27.2423,0.220719,-0.439575
0,250,28.3479,27.5749,0.764664,0.614318
0,250,22.3796,42.604,-1.07683,0.893917
0,250,3.72024,37.4521,-0.218178,-1.06184
0,250,23.3453,40.6006,-0.750349,0.802011
0,250,24.5172,29.25,0.90163,-0.239331
0,250,27.1828,28.7456,0.376655,0.439549
0,250,12.8183,22.3689,0.281459,0.174164
0,250,13.0862,22.5334,0.546573,0.00474579
0,250,13.0545,23.071,0.230036,-0.0306946
0,250,9.3623,22.325,0.139519,0.421822
0,250,10.9806,26.2085,-0.273148,0.0875673
0,250,9.22877,22.847,0.203257,0.200538
0,250,6.6104,28.9809,-0.485705,0.00141081
0,250,11.3792,24.7406,0.0449344,-0.147728
0,250,8.25286,27.0969,-0.619306,0.298047
0,250,9.67013,26.2605,-0.504201,0.530633
0,250,7.73713,27.283,-0.541081,-0.0948898
0,250,7.91437,28.6188,-0.422829,-0.0455106
0,250,9.19209,26.5693,-0.507132,0.361256
0,250,10.3963,24.2253,0.194952,0.348512
0,250,8.20787,23.3426,0.417251,0.136242
0,250,7.53729,24.5035,0.119824,0.150729
0,250,9.85513,25.5763,-0.566353,0.214991
0,250,6.39735,23.1081,0.232436,-0.0711671
0,250,10.0014,23.4765,0.266128,0.224454
0,250,6.9448,24.6923,0.114468,0.0427207
0,250,4.32745,25.1763,0.246251,-0.278067
0,250,4.19042,37.5349,-0.0637957,-0.755011
0,250,4.60706,32.0476,-0.190924,-1.07254
0,250,8.16799,24.3999,0.0711983,0.0603899
0,250,3.41763,30.564,0.1405,-0.468076
0,250,8.9764,40.1402,-0.46115,-0.476293
0,250,17.7925,41.48,-1.02405,-0.115908
0,250,6.99754,37.8694,-0.747788,-0.763491
0,250,8.11952,42.3009,0.275207,-0.327017
0,250,6.1541,28.933,-0.302132,0.17445
0,250,5.46179,34.1679,-0.305639,-0.720198
0,250,6.74435,36.5252,0.204091,-0.0219984
0,250,24.1564,42.5763,-0.976016,0.103449
0,250,20.5994,44.4098,0.494916,0.101567
0,250,8.56671,39.8072,-0.361604,-0.695319
0,250,9.84819,40.8561,0.151002,0.0356899
0,250,19.6587,42.8429,-1.21189,-0.0143008
0,250,22.3704,26.7459,0.0657485,-0.246474
0,250,24.9577,41.4699,0.373733,-0.0660148
0,250,19.6804,26.5572,-0.0377314,0.054899
0,250,24.3258,43.0286,0.765901,0.108287
0,250,21.7753,28.2122,0.256892,-0.192593
0,250,28.9913,36.8149,0.258591,0.550827
0,250,25.7753,42.547,0.328944,0.0455786
0,250,23.1086,28.7052,0.615063,-0.139838
0,250,25.2147,27.4433,0.334544,-0.0521663
0,250,21.2424,28.2265,0.117232,0.0061032
0,250,28.2091,29.7527,0.119662,0.782446
0,250,23.5866,26.3974,0.42443,-0.148756
0,250,27.2095,35.5254,-0.2084,0.521141
0,250,20.4395,27.7892,-0.321993,0.226444
0,250,26.1285,40.4674,-0.632925,0.198109
0,250,18.5387,27.7226,-0.238341,0.0226685
0,250,21.5862,29.5744,0.0272813,-0.191567
0,250,26.3193,26.2705,0.240978,0.0530217
0,250,28.9598,29.3151,0.17113,0.559031
0,250,12.4911,22.4833,0.287968,-0.0589949
0,250,13.4354,23.1626,0.548332,0.275414
0,250,13.2294,23.701,0.186785,0.0691707
0,250,12.9483,24.1977,0.0772687,0.167502
0,250,11.8584,24.9287,-0.189947,0.00565639
0,250,10.8839,22.9365,0.203255,0.185467
0,250,11.5116,23.6158,0.259141,0.0555442
0,250,10.4353,22.9053,0.364225,0.0933356
0,250,11.0741,25.6418,-0.348257,-0.0706836
0,250,12.3293,25.0254,0.0108058,0.0932916
0,250,2.85591,23.2973,-0.26711,0.00879714
0,250,8.64496,28.0627,-0.227054,0.0873862
0,250,7.63311,28.2251,-0.402106,-0.0650592
0,250,11.4836,25.8488,-0.158807,-0.151795
0,250,7.58121,29.0252,-0.84608,0.0623827
0,250,10.9269,24.9539,-0.0992132,0.259248
0,250,9.57139,26.8107,-0.403475,0.48642
0,250,8.96973,26.1822,-0.247767,0.249497
0,250,12.2237,22.8855,0.0474979,-0.0586783
0,250,7.12541,28.03,-0.513899,0.0697651
0,250,10.902,24.4443,0.158179,-0.019769
0,250,8.24585,23.8668,0.157658,0.220786
0,250,3.35874,36.4888,0.0941029,-0.466369
0,250,4.64043,32.5475,0.248601,-1.1752
0,250,4.16244,29.7034,0.119334,-0.854343
0,250,5.38178,30.204,-0.737542,-0.898397
0,250,4.1724,31.7831,-0.599631,-0.536903
0,250,5.93012,27.3852,-0.294195,-0.680277
0,250,3.78323,32.6042,0.110454,-0.244874
0,250,5.90371,28.469,-0.439025,-0.383927
0,250,6.99318,41.97,-0.41997,0.127422
0,250,11.5177,43.4677,-0.394302,-0.247853
0,250,10.645,42.9781,-0.351598,-0.614669
0,250,15.65,45.3778,-0.526112,0.152877
0,250,12.3529,42.3727,-0.692754,-1.01952
0,250,16.0062,43.9982,-0.836639,-0.296216
0,250,16.384,44.9409,-0.645464,-0.826354
0,250,25.824,41.3227,-0.529851,0.397563
0,250,22.3229,43.1224,-0.487412,0.646388
0,250,17.5322,42.6932,-1.01934,0.370722
0,250,5.30456,36.6998,-0.208191,-1.11756
0,250,20.5871,42.5132,-0.225314,0.228339
0,250,14.1281,42.847,0.394243,0.153107
0,250,19.3273,27.023,-0.0626381,0.147776
0,250,24.5788,41.7691,0.443613,0.0239187
0,250,20.7096,28.2268,-0.0138872,-0.183812
0,250,17.1636,43.6729,-0.468144,0.0511754
0,250,28.9987,30.1978,-0.375146,0.549307
0,250,3.78338,32.0222,-0.129641,-0.314395
0,250,29.4517,33.91,0.286016,1.1425
0,250,21.538,42.1223,0.0721035,0.0912675
0,250,26.2311,40.9524,-0.487947,0.0589895
0,250,21.9865,41.862,-0.126659,0.300632
0,250,22.2149,25.7877,0.246354,-0.111671
0,250,23.195,24.9569,0.278046,0.337889
0,250,21.5038,44.0735,-0.445544,0.485315
0,250,14.1865,23.1903,0.948256,0.0842957
0,250,13.7848,22.4274,0.667569,0.178503
0,250,13.8402,23.0591,0.438489,-0.0451434
0,250,13.3776,24.3197,-0.0712877,0.284475
0,250,13.8641,24.2839,0.0311036,0.430495
0,250,10.4609,27.1599,-0.811572,0.136722
0,250,12.2918,23.5403,0.151445,0.045763
0,250,10.9243,26.7554,-0.397999,-0.0295668
0,250,11.8883,26.0591,-0.34549,0.0593611
0,250,12.2814,25.5865,-0.246423,-0.0996439
0,250,10.0772,27.8478,-0.44153,0.327996
0,250,12.7826,25.7279,0.0251046,-0.136459
0,250,12.9226,24.7095,-0.043199,0.25685
0,250,10.2555,28.2974,-0.53151,0.104025
0,250,9.99599,27.3946,-0.616805,0.0562708
0,250,12.7337,25.2485,0.0765036,0.147409
0,250,11.4006,26.3995,-0.316753,-0.102133
0,250,11.3191,23.0375,0.226866,0.176736
0,250,10.0402,26.8934,-0.371913,0.0819115
0,250,7.07606,29.055,-0.680593,0.0566389
0,250,11.972,24.4339,0.0805556,0.074207
0,250,3.43719,24.6429,0.101796,-0.216454
0,250,4.39854,26.0122,-0.120587,-0.49206
0,250,3.04133,33.5545,0.0273069,-0.65796
0,250,18.6855,41.3462,-0.683389,0.901682
0,250,7.75297,24.0843,0.0725856,0.0827198
0,250,3.99796,33.7832,-0.234884,-0.436559
0,250,5.71369,38.4143,-0.449551,-1.23869
0,250,4.39808,27.322,0.0712471,-0.279264
0,250,5.43955,35.6107,-0.437684,-1.22459
0,250,6.48085,37.9021,-0.513022,-0.919187
0,250,10.2913,40.6475,-0.800134,-0.755268
0,250,8.04149,25.7544,-0.100298,-0.146148
0,250,16.4843,44.0676,-0.927007,-0.183785
0,250,6.89483,40.5555,-0.6647,-1.14406
0,250,5.09355,29.2325,-0.148756,-0.758422
0,250,9.38563,41.6503,-0.776273,-0.945896
0,250,11.0855,43.2502,-0.387956,-0.611852
0,250,9.50717,40.0355,-0.741073,0.0753517
0,250,13.701,43.2602,-0.615491,-0.100267
0,250,17.3511,45.0344,-0.0220556,0.0545908
0,250,8.76784,39.3736,-0.233389,-0.180288
0,250,12.8512,43.0199,-0.801488,-1.27404
0,250,15.9184,43.0693,-1.28849,0.0779075
0,250,13.6936,42.7392,0.56748,0.049913
0,250,14.1705,45.1885,-1.01575,0.179967
0,250,4.65819,37.5532,-0.307725,-0.715658
0,250,5.72756,27.8712,0.00646064,-0.507519
0,250,3.52901,33.7498,0.0238688,-0.0586606
0,250,7.52344,37.8361,-0.764593,-0.0483263
0,250,7.87724,39.0736,-0.447215,-0.919656
0,250,9.14265,40.8618,-0.83817,-1.16525
0,250,20.038,43.1889,-1.07969,-0.0964161
0,250,18.3075,43.1192,-0.597236,-0.254526
0,250,6.81554,23.4249,0.314161,-0.374805
0,250,15.6344,42.5935,-0.0483635,0.134954
0,250,13.6268,22.4319,0.537557,0.29137
0,250,14.3687,22.5221,0.612822,0.0904635
0,250,14.6539,23.2088,0.404379,0.186049
0,250,14.0659,23.7047,0.216377,0.171029
0,250,15.1354,22.5006,0.480868,0.453218
0,250,13.8925,25.2258,0.152093,0.306554
0,250,12.7729,26.2719,-0.54524,0.0501369
0,250,13.2508,25.0244,0.0124577,0.357437
0,250,13.2838,25.4778,-0.0265872,0.193021
0,250,12.3413,26.1085,-0.231358,-0.189336
0,250,11.8397,26.6022,-0.42872,0.0411771
0,250,13.2469,25.9539,-0.237916,0.338702
0,250,11.8395,27.1385,-0.640724,0.458175
0,250,12.2808,26.6546,-0.537999,0.0358149
0,250,11.3874,27.4282,-0.919267,0.168909
0,250,10.897,27.2948,-0.660767,-0.027807
0,250,9.70412,28.2399,-0.367754,0.407288
0,250,13.6428,23.7685,0.395424,0.282635
0,250,9.41645,28.6582,-0.798873,0.587581
0,250,9.50393,27.8042,-0.344462,0.350516
0,250,10.4815,28.7524,-0.787363,-0.0436817
0,250,9.93089,28.71,-0.709291,0.136164
0,250,9.4487,25.3274,-0.361795,0.436619
0,250,7.46071,24.9412,0.094587,0.0361259
0,250,8.55629,25.8964,-0.285256,0.429445
0,250,6.97701,25.1798,0.0253381,-0.0546478
0,250,7.63471,27.7638,-0.454496,0.093472
0,250,8.69801,23.7602,0.277414,0.0829865
0,250,6.39475,28.4173,-0.409192,0.0882952
0,250,5.17546,36.2218,-0.542094,-0.568092
0,250,5.9897,34.5124,-0.132993,0.0227206
0,250,3.61554,34.2235,-0.43479,0.00112603
0,250,4.66018,27.7672,-0.449145,-0.465579
0,250,5.71852,37.5462,-0.476731,-1.07783
0,250,4.17955,32.3578,0.00555085,-0.47336
0,250,5.8892,25.8757,-0.0566576,-0.578282
0,250,6.72573,23.8355,0.152595,-0.0975265
0,250,3.49934,35.5841,-0.231284,-0.197302
0,250,4.62911,29.61,-0.164556,-0.775295
0,250,7.58842,25.9319,0.0853419,-0.0644557
0,250,6.39202,29.4804,-0.441954,0.223471
0,250,11.4593,41.3907,-1.6995,-0.119388
0,250,8.62345,41.0139,-1.28508,-0.949383
0,250,10.1848,42.7726,-1.0844,-0.886871
0,250,6.76757,26.1316,-0.0617501,-0.189795
0,250,3.9687,37.9866,-0.182762,-0.998636
0,250,5.79677,26.882,-0.28934,-0.58307
0,250,3.38786,32.7617,-0.0717537,-0.352783
0,250,9.43569,25.8939,-0.376691,0.527287
0,250,6.86326,29.5278,-0.459923,0.373622
0,250,16.3862,43.1693,-1.31865,-0.143179
0,250,4.82769,39.4249,0.118552,-0.305045
0,250,8.12875,30.0177,-0.157896,0.257995
0,250,10.3152,25.2146,-0.467567,-0.0512686
0,250,6.68295,29.9983,-0.221818,0.123985
0,250,8.99821,25.6366,-0.498546,0.347632
0,250,15.0319,23.0618,0.636347,0.15145
0,250,14.2927,24.3409,-0.121755,0.106436
0,250,13.6452,24.755,0.146875,0.259182
0,250,15.3147,22.4614,0.721178,0.479151
0,250,15.3012,26.974,-0.448055,0.00280568
0,250,14.6651,24.6784,0.0531076,0.252027
0,250,15.0916,25.2846,0.176298,-0.0780238
0,250,14.1558,24.8713,0.262281,0.479045
0,250,13.7838,25.6344,-0.0112203,0.200913
0,250,15.2771,24.0704,0.154166,0.613403
0,250,15.5128,24.4362,0.408302,0.792919
0,250,14.6174,25.1806,0.150495,0.352384
0,250,15.1341,24.7065,-0.0523665,0.609397
0,250,15.5277,23.6184,0.250837,0.388378
0,250,15.4502,25.6197,0.0629991,0.0982989
0,250,11.9583,27.6431,-0.496639,0.301797
0,250,11.3786,26.9238,-0.541859,0.109753
0,250,10.5378,27.7074,-0.799206,-0.149986
0,250,12.307,27.1931,-0.728776,0.0748076
0,250,11.5436,27.88,-0.680116,0.159103
0,250,10.7265,28.2546,-0.587696,-0.0530452
0,250,11.2379,28.3156,-0.446032,0.141246
0,250,11.5401,28.7769,-0.638144,-0.00910739
0,250,11.7809,28.3192,-0.443992,0.237953
0,250,8.14708,27.6665,-0.405211,0.330526
0,250,8.11725,29.0616,-0.974337,0.0427561
0,250,11.9037,23.9066,0.384704,0.191473
0,250,12.7016,28.2123,-0.333515,0.118248
0,250,10.7203,29.1801,-0.755342,-0.14411
0,250,10.1639,29.1698,-0.785227,0.102937
0,250,11.7101,22.7887,0.174855,0.0198876
0,250,10.4644,24.7165,0.193828,0.213606
0,250,8.97119,25.1163,0.0104791,0.114393
0,250,8.62797,29.0727,-0.973017,0.185474
0,250,5.56698,24.5536,0.0813605,-0.248208
0,250,7.35595,29.5277,-0.425915,0.187227
0,250,16.7983,41.526,-0.135478,0.164995
0,250,11.4036,25.2365,-0.241177,-0.190143
0,250,9.07397,27.1446,-0.566831,0.003676
0,250,6.66123,25.5422,0.178853,-0.100843
0,250,7.96116,26.7651,-0.35005,-0.0658997
0,250,6.34167,25.9662,-0.0377923,-0.223895
0,250,8.43164,28.5849,-0.515743,0.0442736
0,250,5.61441,32.891,-0.330657,-0.47788
0,250,9.91315,24.9895,-0.285555,0.221619
0,250,4.93087,27.3522,-0.0877886,-0.445929
0,250,8.98532,27.6726,-0.402883,0.058036
0,250,8.57441,27.4599,-0.409851,0.181548
0,250,11.8601,23.2768,0.33343,0.124087
0,250,4.20737,32.8937,-0.344923,-0.489758
0,250,7.31238,28.5884,-0.540746,0.135922
0,250,7.65456,30,-0.0501331,-0.142272
0,250,8.82701,29.5597,-0.731472,0.161782
0,250,9.12328,30.034,-0.0481382,0.265175
0,250,10.1749,30.0464,-0.212185,-0.0752436
0,250,8.61142,30.0277,-0.0372146,-0.167254
0,250,14.5014,22.5608,0.775259,0.222866
0,250,14.4928,23.7955,0.509197,0.220639
0,250,15.9885,22.87,0.431384,0.540811
0,250,14.8045,24.1828,0.339902,0.216687
0,250,14.8726,27.4834,0.309786,0.197348
0,250,15.914,23.903,0.00776181,0.654597
0,250,15.7375,22.7347,0.513749,0.46593
0,250,15.9964,25.2584,0.090379,1.08726
0,250,15.5135,25.045,0.354275,0.456871
0,250,16.026,27.3869,0.00423357,0.502476
0,250,15.4167,26.5126,0.484397,-0.0313203
0,250,15.017,27.9505,-0.00100009,-0.0347068
0,250,15.5068,27.8383,0.0463032,0.507421
0,250,15.4062,27.4056,0.150015,0.172172
0,250,14.3325,27.3276,-0.269206,0.279239
0,250,14.8763,26.5873,0.236742,0.42396
0,250,14.4328,25.5392,0.0686932,0.474307
0,250,10.9988,27.827,-0.708383,0.0729909
0,250,14.7995,26.1633,-0.230165,0.356893
0,250,13.2189,26.4689,-0.531437,0.223921
0,250,12.7284,26.801,-0.581039,-0.0599218
0,250,13.2394,26.938,-0.428103,0.0991952
0,250,14.1682,28.6939,-0.419861,-0.0888937
0,250,13.7273,26.1238,-0.130164,0.251829
0,250,12.2038,28.1438,-0.291028,0.153819
0,250,14.2633,26.808,-0.200416,0.0125003
0,250,12.9725,27.7829,-0.307539,-0.163814
0,250,12.4525,27.7074,-0.464727,-0.0409076
0,250,13.0607,28.7055,-0.22469,0.240252
0,250,12.8069,27.295,-0.474202,0.0597492
0,250,11.2761,29.1977,-0.910801,-0.254947
0,250,11.8359,29.2026,-0.604593,0.0408883
0,250,11.0103,28.7401,-0.749715,-0.0653689
0,250,13.7902,27.0402,-0.390925,0.0575277
0,250,10.9681,29.6101,-0.738762,-0.158567
0,250,9.12041,29.1028,-0.900815,0.237354
0,250,12.5393,28.6632,-0.31175,0.213144
0,250,9.62899,29.1412,-0.993755,0.350643
0,250,11.5277,29.6269,-0.611,-0.208208
0,250,6.83668,28.4971,-0.355592,-0.346217
0,250,9.50191,27.3237,-0.639638,0.484396
0,250,12.4155,24.0523,0.175035,0.222236
0,250,7.17223,30.033,-0.168747,0.343018
0,250,9.14591,28.1688,-0.282208,0.18038
0,250,13.6269,28.7801,-0.37216,0.116938
0,250,9.86956,29.596,-0.511296,0.0339808
0,250,11.8522,25.4541,-0.180836,-0.143526
0,250,6.21937,30.0171,-0.573094,0.467776
0,250,12.0895,29.6429,-0.62276,-0.116819
0,250,9.33834,29.5835,-0.525302,0.232014
0,250,10.5072,26.5868,-0.489356,0.0400313
0,250,7.83221,29.4996,-0.530175,0.110834
0,250,8.90597,28.6006,-0.568234,0.045893
0,250,10.4103,29.6041,-0.626947,-0.144584
0,250,11.2351,30.0454,-0.46526,-0.218188
0,250,9.6419,30.0395,-0.284644,0.103082
0,250,15.9905,26.1544,-0.331427,0.834491
0,250,15.4594,23.2216,0.539593,0.590056
0,250,14.9557,23.6259,0.388784,0.713597
0,250,16.1108,23.4398,-0.18366,0.511973
0,250,16.029,24.3193,-0.340117,0.718683
0,250,15.9443,25.7179,0.204599,0.97704
0,250,15.9537,24.8123,0.568828,0.4433
0,250,16.0046,28.3278,-0.130559,0.581713
0,250,15.9905,27.8513,-0.149053,0.463704
0,250,15.831,26.9945,-0.612219,0.494471
0,250,15.9702,28.7879,0.00208718,0.610416
0,250,16.0243,26.6189,0.478514,0.80921
0,250,15.9301,29.6017,-0.23403,0.259971
0,250,15.917,29.2083,-0.374662,0.469785
0,250,15.4994,28.3503,-0.0151367,0.677838
0,250,15.446,28.8227,-0.44947,0.449688
0,250,15.0109,28.4273,-0.245695,-0.0575825
0,250,15.4471,26.1195,-0.519622,-0.0824766
0,250,14.9658,25.7929,-0.034106,0.325826
0,250,14.7482,27.0287,-0.506754,0.457217
0,250,14.4661,28.3436,-0.264343,0.0773186
0,250,14.5143,27.851,-0.279399,0.153911
0,250,14.2411,25.9229,-0.0536154,0.233945
0,250,15.9992,30.0514,-0.226618,-0.074803
0,250,15.4842,30.022,-0.292208,0.180367
0,250,14.2871,26.3737,0.189332,0.251215
0,250,15.1614,29.1425,-0.442606,0.221307
0,250,14.7497,28.7997,-0.329995,-0.0492405
0,250,13.7402,26.5793,-0.380865,-0.0198376
0,250,14.8196,29.5148,-0.569965,0.0162318
0,250,13.8998,27.5057,-0.280093,0.0806315
0,250,14.4633,29.1563,-0.62255,-0.102503
0,250,13.4945,27.8647,-0.331933,0.183189
0,250,15.4098,29.5103,-0.430877,0.203415
0,250,14.056,27.9774,-0.234562,0.116176
0,250,13.3446,27.3975,-0.270043,0.0849902
0,250,14.2851,29.6328,-0.314803,0.0161565
0,250,13.224,28.2841,-0.525901,0.0219969
0,250,12.6489,29.6225,-0.620112,0.0587379
0,250,13.7618,28.3405,-0.390396,0.140416
0,250,12.8514,29.1456,-0.335281,0.11932
0,250,14.5749,30.0416,-0.334512,0.217896
0,250,12.0809,28.7368,-0.474638,0.162227
0,250,14.0117,30.0435,-0.163455,0.126686
0,250,13.9541,29.1795,-0.401668,0.22035
0,250,15.0404,29.9468,-0.356226,0.071118
0,250,13.7315,29.6016,-0.375251,0.111965
0,250,8.33182,29.5403,-0.573424,0.19706
0,250,13.3684,29.1839,-0.404113,0.193099
0,250,13.1823,29.6242,-0.531968,0.109626
0,250,12.9085,30.0565,-0.634058,-0.0377703
0,250,13.474,30.0458,-0.460872,-0.117397
0,250,10.7018,30.0448,-0.427245,-0.0101809
0,250,12.358,29.1902,-0.516426,-0.0709935
0,250,12.3495,30.0521,-0.757109,-0.124085
1,250,6.50435,31.2014,0,0
1,250,16.5,1.5,0,0
1,250,17,1.5,0,0
1,250,31.5,1.5,0,0
1,250,32,1.5,0,0
1,250,1.5,1.5,0,0
1,250,2,1.5,0,0
1,250,16.5,2,0,0
1,250,17,2,0,0
1,250,31.5,2,0,0
1,250,32,2,0,0
1,250,1.5,2,0,0
1,250,2,2,0,0
1,250,16.5,2.5,0,0
1,250,17,2.5,0,0
1,250,31.5,2.5,0,0
1,250,32,2.5,0,0
1,250,1.5,2.5,0,0
1,250,2,2.5,0,0
1,250,16.5,3,0,0
1,250,17,3,0,0
1,250,31.5,3,0,0
1,250,32,3,0,0
1,250,1.5,3,0,0
1,250,2,3,0,0
1,250,16.5,3.5,0,0
1,250,17,3.5,0,0
1,250,31.5,3.5,0,0
1,250,32,3.5,0,0
1,250,1.5,3.5,0,0
1,250,2,3.5,0,0
1,250,16.5,4,0,0
1,250,17,4,0,0
1,250,31.5,4,0,0
1,250,32,4,0,0
1,250,1.5,4,0,0
1,250,2,4,0,0
1,250,16.5,4.5,0,0
1,250,17,4.5,0,0
1,250,31.5,4.5,0,0
1,250,32,4.5,0,0
1,250,1.5,4.5,0,0
1,250,2,4.5,0,0
1,250,16.5,5,0,0
1,250,17,5,0,0
1,250,31.5,5,0,0
1,250,32,5,0,0
1,250,1.5,5,0,0
1,250,2,5,0,0
1,250,16.5,5.5,0,0
1,250,17,5.5,0,0
1,250,31.5,5.5,0,0
1,250,32,5.5,0,0
1,250,1.5,5.5,0,0
1,250,2,5.5,0,0
1,250,16.5,6,0,0
1,250,17,6,0,0
1,250,31.5,6,0,0
1,250,32,6,0,0
1,250,1.5,6,0,0
1,250,2,6,0,0
1,250,16.5,6.5,0,0
1,250,17,6.5,0,0
1,250,31.5,6.5,0,0
1,250,32,6.5,0,0
1,250,1.5,6.5,0,0
1,250,2,6.5,0,0
1,250,16.5,7,0,0
1,250,17,7,0,0
1,250,31.5,7,0,0
1,250,32,7,0,0
1,250,1.5,7,0,0
1,250,2,7,0,0
1,250,16.5,7.5,0,0
1,250,17,7.5,0,0
1,250,31.5,7.5,0,0
1,250,32,7.5,0,0
1,250,1.5,7.5,0,0
1,250,2,7.5,0,0
1,250,16.5,8,0,0
1,250,17,8,0,0
1,250,31.5,8,0,0
1,250,32,8,0,0
1,250,1.5,8,0,0
1,250,2,8,0,0
1,250,16.5,8.5,0,0
1,250,17,8.5,0,0
1,250,31.5,8.5,0,0
1,250,32,8.5,0,0
1,250,1.5,8.5,0,0
1,250,2,8.5,0,0
1,250,16.5,9,0,0
1,250,17,9,0,0
1,250,31.5,9,0,0
1,250,32,9,0,0
1,250,1.5,9,0,0
1,250,2,9,0,0
1,250,16.5,9.5,0,0
1,250,17,9.5,0,0
1,250,31.5,9.5,0,0
1,250,32,9.5,0,0
1,250,1.5,9.5,0,0
1,250,2,9.5,0,0
1,250,16.5,10,0,0
1,250,17,10,0,0
1,250,31.5,10,0,0
1,250,32,10,0,0
1,250,1.5,10,0,0
1,250,2,10,0,0
1,250,16.5,10.5,0,0
1,250,17,10.5,0,0
1,250,31.5,10.5,0,0
1,250,32,10.5,0,0
1,250,1.5,10.5,0,0
1,250,2,10.5,0,0
1,250,16.5,11,0,0
1,250,17,11,0,0
1,250,31.5,11,0,0
1,250,32,11,0,0
1,250,1.5,11,0,0
1,250,2,11,0,0
1,250,16.5,11.5,0,0
1,250,17,11.5,0,0
1,250,31.5,11.5,0,0
1,250,32,11.5,0,0
1,250,1.5,11.5,0,0
1,250,2,11.5,0,0
1,250,16.5,12,0,0
1,250,17,12,0,0
1,250,31.5,12,0,0
1,250,32,12,0,0
1,250,1.5,12,0,0
1,250,2,12,0,0
1,250,16.5,12.5,0,0
1,250,17,12.5,0,0
1,250,31.5,12.5,0,0
1,250,32,12.5,0,0
1,250,1.5,12.5,0,0
1,250,2,12.5,0,0
1,250,16.5,13,0,0
1,250,17,13,0,0
1,250,31.5,13,0,0
1,250,32,13,0,0
1,250,1.5,13,0,0
1,250,2,13,0,0
1,250,16.5,13.5,0,0
1,250,17,13.5,0,0
1,250,31.5,13.5,0,0
1,250,32,13.5,0,0
1,250,1.5,13.5,0,0
1,250,2,13.5,0,0
1,250,16.5,14,0,0
1,250,17,14,0,0
1,250,31.5,14,0,0
1,250,32,14,0,0
1,250,1.5,14,0,0
1,250,2,14,0,0
1,250,16.5,14.5,0,0
1,250,17,14.5,0,0
1,250,31.5,14.5,0,0
1,250,32,14.5,0,0
1,250,1.5,14.5,0,0
1,250,2,14.5,0,0
1,250,16.5,15,0,0
1,250,17,15,0,0
1,250,31.5,15,0,0
1,250,32,15,0,0
1,250,1.5,15,0,0
1,250,2,15,0,0
1,250,16.5,15.5,0,0
1,250,17,15.5,0,0
1,250,31.5,15.5,0,0
1,250,32,15.5,0,0
1,250,1.5,15.5,0,0
1,250,2,15.5,0,0
1,250,16.5,16,0,0
1,250,17,16,0,0
1,250,31.5,16,0,0
1,250,32,16,0,0
1,250,1.5,16,0,0
1,250,2,16,0,0
1,250,16.5,16.5,0,0
1,250,17,16.5,0,0
1,250,31.5,16.5,0,0
1,250,32,16.5,0,0
1,250,1.5,16.5,0,0
1,250,2,16.5,0,0
1,250,16.5,17,0,0
1,250,17,17,0,0
1,250,31.5,17,0,0
1,250,32,17,0,0
1,250,1.5,17,0,0
1,250,2,17,0,0
1,250,16.5,17.5,0,0
1,250,17,17.5,0,0
1,250,31.5,17.5,0,0
1,250,32,17.5,0,0
1,250,1.5,17.5,0,0
1,250,2,17.5,0,0
1,250,16.5,18,0,0
1,250,17,18,0,0
1,250,31.5,18,0,0
1,250,32,18,0,0
1,250,1.5,18,0,0
1,250,2,18,0,0
1,250,16.5,18.5,0,0
1,250,17,18.5,0,0
1,250,31.5,18.5,0,0
1,250,32,18.5,0,0
1,250,1.5,18.5,0,0
1,250,2,18.5,0,0
1,250,16.5,19,0,0
1,250,17,19,0,0
1,250,31.5,19,0,0
1,250,32,19,0,0
1,250,1.5,19,0,0
1,250,2,19,0,0
1,250,16.5,19.5,0,0
1,250,17,19.5,0,0
1,250,31.5,19.5,0,0
1,250,32,19.5,0,0
1,250,1.5,19.5,0,0
1,250,2,19.5,0,0
1,250,16.5,20,0,0
1,250,17,20,0,0
1,250,31.5,20,0,0
1,250,32,20,0,0
1,250,1.5,20,0,0
1,250,2,20,0,0
1,250,16.5,20.5,0,0
1,250,17,20.5,0,0
1,250,31.5,20.5,0,0
1,250,32,20.5,0,0
1,250,1.5,20.5,0,0
1,250,2,20.5,0,0
1,250,16.5,21,0,0
1,250,17,21,0,0
1,250,31.5,21,0,0
1,250,32,21,0,0
1,250,1.5,21,0,0
1,250,2,21,0,0
1,250,16.5,21.5,0,0
1,250,17,21.5,0,0
1,250,31.5,21.5,0,0
1,250,32,21.5,0,0
1,250,1.5,21.5,0,0
1,250,2,21.5,0,0
1,250,16.5,22,0,0
1,250,17,22,0,0
1,250,31.5,22,0,0
1,250,32,22,0,0
1,250,1.5,22,0,0
1,250,2,22,0,0
1,250,16.5,22.5,0,0
1,250,17,22.5,0,0
1,250,31.5,22.5,0,0
1,250,32,22.5,0,0
1,250,1.5,22.5,0,0
1,250,2,22.5,0,0
1,250,16.5,23,0,0
1,250,17,23,0,0
1,250,31.5,23,0,0
1,250,32,23,0,0
1,250,1.5,23,0,0
1,250,2,23,0,0
1,250,16.5,23.5,0,0
1,250,17,23.5,0,0
1,250,31.5,23.5,0,0
1,250,32,23.5,0,0
1,250,1.5,23.5,0,0
1,250,2,23.5,0,0
1,250,16.5,24,0,0
1,250,17,24,0,0
1,250,31.5,24,0,0
1,250,32,24,0,0
1,250,1.5,24,0,0
1,250,2,24,0,0
1,250,16.5,24.5,0,0
1,250,17,24.5,0,0
1,250,31.5,24.5,0,0
1,250,32,24.5,0,0
1,250,1.5,24.5,0,0
1,250,2,24.5,0,0
1,250,16.5,25,0,0
1,250,17,25,0,0
1,250,31.5,25,0,0
1,250,32,25,0,0
1,250,1.5,25,0,0
1,250,2,25,0,0
1,250,16.5,25.5,0,0
1,250,17,25.5,0,0
1,250,31.5,25.5,0,0
1,250,32,25.5,0,0
1,250,1.5,25.5,0,0
1,250,2,25.5,0,0
1,250,16.5,26,0,0
1,250,17,26,0,0
1,250,31.5,26,0,0
1,250,32,26,0,0
1,250,1.5,26,0,0
1,250,2,26,0,0
1,250,16.5,26.5,0,0
1,250,17,26.5,0,0
1,250,31.5,26.5,0,0
1,250,32,26.5,0,0
1,250,1.5,26.5,0,0
1,250,2,26.5,0,0
1,250,16.5,27,0,0
1,250,17,27,0,0
1,250,31.5,27,0,0
1,250,32,27,0,0
1,250,1.5,27,0,0
1,250,2,27,0,0
1,250,16.5,27.5,0,0
1,250,17,27.5,0,0
1,250,31.5,27.5,0,0
1,250,32,27.5,0,0
1,250,1.5,27.5,0,0
1,250,2,27.5,0,0
1,250,16.5,28,0,0
1,250,17,28,0,0
1,250,31.5,28,0,0
1,250,32,28,0,0
1,250,1.5,28,0,0
1,250,2,28,0,0
1,250,16.5,28.5,0,0
1,250,17,28.5,0,0
1,250,31.5,28.5,0,0
1,250,32,28.5,0,0
1,250,1.5,28.5,0,0
1,250,2,28.5,0,0
1,250,16.5,29,0,0
1,250,17,29,0,0
1,250,31.5,29,0,0
1,250,32,29,0,0
1,250,1.5,29,0,0
1,250,2,29,0,0
1,250,16.5,29.5,0,0
1,250,17,29.5,0,0
1,250,31.5,29.5,0,0
1,250,32,29.5,0,0
1,250,1.5,29.5,0,0
1,250,2,29.5,0,0
1,250,16.5,30,0,0
1,250,17,30,0,0
1,250,31.5,30,0,0
1,250,32,30,0,0
1,250,1.5,30,0,0
1,250,2,30,0,0
1,250,16.5,30.5,0,0
1,250,17,30.5,0,0
1,250,31.5,30.5,0,0
1,250,32,30.5,0,0
1,250,1.5,30.5,0,0
1,250,2,30.5,0,0
1,250,16.5,31,0,0
1,250,17,31,0,0
1,250,31.5,31,0,0
1,250,32,31,0,0
1,250,1.5,31,0,0
1,250,2,31,0,0
1,250,2.5,1.5,0,0
1,250,2.5,2,0,0
1,250,3,1.5,0,0
1,250,3,2,0,0
1,250,3.5,1.5,0,0
1,250,3.5,2,0,0
1,250,4,1.5,0,0
1,250,4,2,0,0
1,250,4.5,1.5,0,0
1,250,4.5,2,0,0
1,250,5,1.5,0,0
1,250,5,2,0,0
1,250,5.5,1.5,0,0
1,250,5.5,2,0,0
1,250,6,1.5,0,0
1,250,6,2,0,0
1,250,6,30.5,0,0
1,250,6,31,0,0
1,250,6.5,1.5,0,0
1,250,6.5,2,0,0
1,250,6.5,30.5,0,0
1,250,6.5,31,0,0
1,250,7,1.5,0,0
1,250,7,2,0,0
1,250,7,30.5,0,0
1,250,7,31,0,0
1,250,7.5,1.5,0,0
1,250,7.5,2,0,0
1,250,7.5,30.5,0,0
1,250,7.5,31,0,0
1,250,8,1.5,0,0
1,250,8,2,0,0
1,250,8,30.5,0,0
1,250,8,31,0,0
1,250,8.5,1.5,0,0
1,250,8.5,2,0,0
1,250,8.5,30.5,0,0
1,250,8.5,31,0,0
1,250,9,1.5,0,0
1,250,9,2,0,0
1,250,9,30.5,0,0
1,250,9,31,0,0
1,250,9.5,1.5,0,0
1,250,9.5,2,0,0
1,250,9.5,30.5,0,0
1,250,9.5,31,0,0
1,250,10,1.5,0,0
1,250,10,2,0,0
1,250,10,30.5,0,0
1,250,10,31,0,0
1,250,10.5,1.5,0,0
1,250,10.5,2,0,0
1,250,10.5,30.5,0,0
1,250,10.5,31,0,0
1,250,11,1.5,0,0
1,250,11,2,0,0
1,250,11,30.5,0,0
1,250,11,31,0,0
1,250,11.5,1.5,0,0
1,250,11.5,2,0,0
1,250,11.5,30.5,0,0
1,250,11.5,31,0,0
1,250,12,1.5,0,0
1,250,12,2,0,0
1,250,12,30.5,0,0
1,250,12,31,0,0
1,250,12.5,1.5,0,0
1,250,12.5,2,0,0
1,250,12.5,30.5,0,0
1,250,12.5,31,0,0
1,250,13,1.5,0,0
1,250,13,2,0,0
1,250,13,30.5,0,0
1,250,13,31,0,0
1,250,13.5,1.5,0,0
1,250,13.5,2,0,0
1,250,13.5,30.5,0,0
1,250,13.5,31,0,0
1,250,14,1.5,0,0
1,250,14,2,0,0
1,250,14,30.5,0,0
1,250,14,31,0,0
1,250,14.5,1.5,0,0
1,250,14.5,2,0,0
1,250,14.5,30.5,0,0
1,250,14.5,31,0,0
1,250,15,1.5,0,0
1,250,15,2,0,0
1,250,15,30.5,0,0
1,250,15,31,0,0
1,250,15.5,1.5,0,0
1,250,15.5,2,0,0
1,250,15.5,30.5,0,0
1,250,15.5,31,0,0
1,250,16,1.5,0,0
1,250,16,2,0,0
1,250,16,30.5,0,0
1,250,16,31,0,0
1,250,17.5,1.5,0,0
1,250,17.5,2,0,0
1,250,17.5,30.5,0,0
1,250,17.5,31,0,0
1,250,18,1.5,0,0
1,250,18,2,0,0
1,250,18,30.5,0,0
1,250,18,31,0,0
1,250,18.5,1.5,0,0
1,250,18.5,2,0,0
1,250,18.5,30.5,0,0
1,250,18.5,31,0,0
1,250,19,1.5,0,0
1,250,19,2,0,0
1,250,19,30.5,0,0
1,250,19,31,0,0
1,250,19.5,1.5,0,0
1,250,19.5,2,0,0
1,250,19.5,30.5,0,0
1,250,19.5,31,0,0
1,250,20,1.5,0,0
1,250,20,2,0,0
1,250,20,30.5,0,0
1,250,20,31,0,0
1,250,20.5,1.5,0,0
1,250,20.5,2,0,0
1,250,20.5,30.5,0,0
1,250,20.5,31,0,0
1,250,21,1.5,0,0
1,250,21,2,0,0
1,250,21,30.5,0,0
1,250,21,31,0,0
1,250,21.5,1.5,0,0
1,250,21.5,2,0,0
1,250,21.5,30.5,0,0
1,250,21.5,31,0,0
1,250,22,1.5,0,0
1,250,22,2,0,0
1,250,22,30.5,0,0
1,250,22,31,0,0
1,250,22.5,1.5,0,0
1,250,22.5,2,0,0
1,250,22.5,30.5,0,0
1,250,22.5,31,0,0
1,250,23,1.5,0,0
1,250,23,2,0,0
1,250,23,30.5,0,0
1,250,23,31,0,0
1,250,23.5,1.5,0,0
1,250,23.5,2,0,0
1,250,23.5,30.5,0,0
1,250,23.5,31,0,0
1,250,24,1.5,0,0
1,250,24,2,0,0
1,250,24,30.5,0,0
1,250,24,31,0,0
1,250,24.5,1.5,0,0
1,250,24.5,2,0,0
1,250,24.5,30.5,0,0
1,250,24.5,31,0,0
1,250,25,1.5,0,0
1,250,25,2,0,0
1,250,25,30.5,0,0
1,250,25,31,0,0
1,250,25.5,1.5,0,0
1,250,25.5,2,0,0
1,250,25.5,30.5,0,0
1,250,25.5,31,0,0
1,250,26,1.5,0,0
1,250,26,2,0,0
1,250,26,30.5,0,0
1,250,26,31,0,0
1,250,26.5,1.5,0,0
1,250,26.5,2,0,0
1,250,26.5,30.5,0,0
1,250,26.5,31,0,0
1,250,27,1.5,0,0
1,250,27,2,0,0
1,250,27,30.5,0,0
1,250,27,31,0,0
1,250,27.5,1.5,0,0
1,250,27.5,2,0,0
1,250,27.5,30.5,0,0
1,250,27.5,31,0,0
1,250,28,1.5,0,0
1,250,28,2,0,0
1,250,28.5,1.5,0,0
1,250,28.5,2,0,0
1,250,29,1.5,0,0
1,250,29,2,0,0
1,250,29.5,1.5,0,0
1,250,29.5,2,0,0
1,250,30,1.5,0,0
1,250,30,2,0,0
1,250,30.5,1.5,0,0
1,250,30.5,2,0,0
1,250,31,1.5,0,0
1,250,31,2,0,0
1,250,32,31.5,0,0
1,250,31.9918,31.9999,0,0
1,250,31.9672,32.4993,0,0
1,250,31.9263,32.9976,0,0
1,250,31.869,33.4943,0,0
1,250,31.7955,33.9888,0,0
1,250,31.7059,34.4807,0,0
1,250,31.6001,34.9694,0,0
1,250,31.4784,35.4543,0,0
1,250,31.3409,35.935,0,0
1,250,31.1876,36.4109,0,0
1,250,31.0189,36.8815,0,0
1,250,30.8348,37.3464,0,0
1,250,30.6356,37.805,0,0
1,250,30.4215,38.2568,0,0
1,250,30.1926,38.7013,0,0
1,250,29.9493,39.1381,0,0
1,250,29.6918,39.5667,0,0
1,250,29.4205,39.9866,0,0
1,250,29.1354,40.3974,0,0
1,250,28.8371,40.7986,0,0
1,250,28.5258,41.1898,0,0
1,250,28.2018,41.5706,0,0
1,250,27.8656,41.9406,0,0
1,250,27.5173,42.2994,0,0
1,250,27.1575,42.6466,0,0
1,250,26.7865,42.9817,0,0
1,250,26.4048,43.3046,0,0
1,250,26.0126,43.6147,0,0
1,250,25.6105,43.9119,0,0
1,250,25.1989,44.1956,0,0
1,250,24.7781,44.4658,0,0
1,250,24.3488,44.722,0,0
1,250,23.9113,44.964,0,0
1,250,23.4661,45.1915,0,0
1,250,23.0136,45.4043,0,0
1,250,22.5545,45.6021,0,0
1,250,22.0891,45.7848,0,0
1,250,21.6179,45.9522,0,0
1,250,21.1416,46.104,0,0
1,250,20.6605,46.2401,0,0
1,250,20.1752,46.3604,0,0
1,250,19.6862,46.4647,0,0
1,250,19.1941,46.5529,0,0
1,250,18.6993,46.6249,0,0
1,250,18.2024,46.6807,0,0
1,250,17.704,46.7201,0,0
1,250,17.2046,46.7432,0,0
1,250,16.7046,46.7499,0,0
1,250,16.2048,46.7402,0,0
1,250,15.7055,46.7142,0,0
1,250,15.2073,46.6718,0,0
1,250,14.7108,46.613,0,0
1,250,14.2164,46.5381,0,0
1,250,13.7248,46.4469,0,0
1,250,13.2365,46.3397,0,0
1,250,12.7519,46.2166,0,0
1,250,12.2716,46.0776,0,0
1,250,11.7962,45.923,0,0
1,250,11.326,45.7528,0,0
1,250,10.8617,45.5674,0,0
1,250,10.4038,45.3668,0,0
1,250,9.9526,45.1513,0,0
1,250,9.50875,44.9211,0,0
1,250,9.07269,44.6765,0,0
1,250,8.64487,44.4178,0,0
1,250,8.22577,44.1452,0,0
1,250,7.81583,43.8589,0,0
1,250,7.41549,43.5594,0,0
1,250,7.02519,43.2469,0,0
1,250,6.64534,42.9218,0,0
1,250,6.27635,42.5845,0,0
1,250,5.91862,42.2352,0,0
1,250,5.57253,41.8743,0,0
1,250,5.23846,41.5023,0,0
1,250,4.91676,41.1196,0,0
1,250,4.60778,40.7265,0,0
1,250,4.31185,40.3235,0,0
1,250,4.02929,39.9111,0,0
1,250,3.7604,39.4895,0,0
1,250,3.50548,39.0594,0,0
1,250,3.26479,38.6212,0,0
1,250,3.0386,38.1753,0,0
1,250,2.82714,37.7223,0,0
1,250,2.63065,37.2625,0,0
1,250,2.44934,36.7966,0,0
1,250,2.2834,36.3249,0,0
1,250,2.13301,35.8481,0,0
1,250,1.99833,35.3666,0,0
1,250,1.87951,34.881,0,0
1,250,1.77667,34.3917,0,0
1,250,1.68992,33.8993,0,0
1,250,1.61936,33.4043,0,0
1,250,1.56507,32.9073,0,0
1,250,1.5271,32.4087,0,0
1,250,1.50549,31.9092,0,0
1,250,1.50027,31.4093,0,0
1,250,31.5,31.5,0,0
1,250,31.4918,31.9916,0,0
1,250,31.4672,32.4826,0,0
1,250,31.4263,32.9725,0,0
1,250,31.3691,33.4608,0,0
1,250,31.2956,33.947,0,0
1,250,31.206,34.4304,0,0
1,250,31.1003,34.9105,0,0
1,250,30.9787,35.3869,0,0
1,250,30.8412,35.8589,0,0
1,250,30.6881,36.3261,0,0
1,250,30.5195,36.788,0,0
1,250,30.3356,37.2439,0,0
1,250,30.1367,37.6935,0,0
1,250,29.9228,38.1362,0,0
1,250,29.6943,38.5715,0,0
1,250,29.4515,38.999,0,0
1,250,29.1945,39.4181,0,0
1,250,28.9237,39.8285,0,0
1,250,28.6394,40.2296,0,0
1,250,28.3418,40.621,0,0
1,250,28.0314,41.0022,0,0
1,250,27.7085,41.3729,0,0
1,250,27.3734,41.7326,0,0
1,250,27.0264,42.081,0,0
1,250,26.6681,42.4176,0,0
1,250,26.2987,42.7421,0,0
1,250,25.9187,43.0541,0,0
1,250,25.5286,43.3532,0,0
1,250,25.1287,43.6392,0,0
1,250,24.7195,43.9117,0,0
1,250,24.3014,44.1704,0,0
1,250,23.8749,44.415,0,0
1,250,23.4405,44.6453,0,0
1,250,22.9987,44.861,0,0
1,250,22.55,45.0618,0,0
1,250,22.0948,45.2476,0,0
1,250,21.6336,45.4181,0,0
1,250,21.1671,45.5731,0,0
1,250,20.6956,45.7125,0,0
1,250,20.2198,45.8361,0,0
1,250,19.74,45.9438,0,0
1,250,19.257,46.0354,0,0
1,250,18.7712,46.1109,0,0
1,250,18.2831,46.1701,0,0
1,250,17.7934,46.2131,0,0
1,250,17.3024,46.2397,0,0
1,250,16.8109,46.2499,0,0
1,250,16.3193,46.2437,0,0
1,250,15.8282,46.2212,0,0
1,250,15.3381,46.1823,0,0
1,250,14.8495,46.1271,0,0
1,250,14.3631,46.0556,0,0
1,250,13.8794,45.968,0,0
1,250,13.3988,45.8643,0,0
1,250,12.9219,45.7446,0,0
1,250,12.4493,45.6091,0,0
1,250,11.9815,45.4579,0,0
1,250,11.5189,45.2913,0,0
1,250,11.0622,45.1093,0,0
1,250,10.6118,44.9121,0,0
1,250,10.1683,44.7001,0,0
1,250,9.73199,44.4734,0,0
1,250,9.30352,44.2323,0,0
1,250,8.88332,43.9771,0,0
1,250,8.47187,43.708,0,0
1,250,8.06961,43.4253,0,0
1,250,7.67699,43.1294,0,0
1,250,7.29446,42.8206,0,0
1,250,6.92243,42.4992,0,0
1,250,6.56132,42.1655,0,0
1,250,6.21153,41.82,0,0
1,250,5.87344,41.4631,0,0
1,250,5.54744,41.0951,0,0
1,250,5.23389,40.7164,0,0
1,250,4.93313,40.3275,0,0
1,250,4.6455,39.9287,0,0
1,250,4.37132,39.5206,0,0
1,250,4.11089,39.1036,0,0
1,250,3.8645,38.6782,0,0
1,250,3.63243,38.2448,0,0
1,250,3.41494,37.8039,0,0
1,250,3.21225,37.3559,0,0
1,250,3.02461,36.9015,0,0
1,250,2.85222,36.4411,0,0
1,250,2.69527,35.9752,0,0
1,250,2.55393,35.5043,0,0
1,250,2.42837,35.0289,0,0
1,250,2.31871,34.5497,0,0
1,250,2.22509,34.067,0,0
1,250,2.14761,33.5815,0,0
1,250,2.08635,33.0937,0,0
1,250,2.04138,32.6041,0,0
1,250,2.01276,32.1133,0,0
1,250,2.0005,31.6218,0,0
1,250,2.00464,31.1302,0,0
1,250,27.5,31.5,0,0
1,250,27.4884,31.9998,0,0
1,250,27.4535,32.4986,0,0
1,250,27.3955,32.9951,0,0
1,250,27.3145,33.4885,0,0
1,250,27.2106,33.9775,0,0
1,250,27.0841,34.4612,0,0
1,250,26.9352,34.9385,0,0
1,250,26.7644,35.4083,0,0
1,250,26.5718,35.8697,0,0
1,250,26.358,36.3217,0,0
1,250,26.1234,36.7632,0,0
1,250,25.8686,37.1933,0,0
1,250,25.594,37.6111,0,0
1,250,25.3003,38.0157,0,0
1,250,24.9881,38.4062,0,0
1,250,24.6581,38.7818,0,0
1,250,24.311,39.1416,0,0
1,250,23.9475,39.4849,0,0
1,250,23.5685,39.8109,0,0
1,250,23.1747,40.1189,0,0
1,250,22.767,40.4083,0,0
1,250,22.3463,40.6784,0,0
1,250,21.9135,40.9287,0,0
1,250,21.4696,41.1586,0,0
1,250,21.0154,41.3676,0,0
1,250,20.552,41.5552,0,0
1,250,20.0803,41.7211,0,0
1,250,19.6015,41.8649,0,0
1,250,19.1165,41.9863,0,0
1,250,18.6264,42.085,0,0
1,250,18.1322,42.1608,0,0
1,250,17.6351,42.2135,0,0
1,250,17.136,42.2431,0,0
1,250,16.6361,42.2494,0,0
1,250,16.1364,42.2325,0,0
1,250,15.6381,42.1923,0,0
1,250,15.1421,42.1291,0,0
1,250,14.6497,42.0428,0,0
1,250,14.1617,41.9338,0,0
1,250,13.6794,41.8021,0,0
1,250,13.2037,41.6482,0,0
1,250,12.7357,41.4724,0,0
1,250,12.2764,41.2749,0,0
1,250,11.8268,41.0564,0,0
1,250,11.3878,40.8171,0,0
1,250,10.9604,40.5577,0,0
1,250,10.5455,40.2788,0,0
1,250,10.144,39.9808,0,0
1,250,9.75687,39.6645,0,0
1,250,9.38483,39.3305,0,0
1,250,9.02872,38.9796,0,0
1,250,8.6893,38.6125,0,0
1,250,8.36733,38.23,0,0
1,250,8.06348,37.833,0,0
1,250,7.77842,37.4223,0,0
1,250,7.51277,36.9987,0,0
1,250,7.2671,36.5633,0,0
1,250,7.04194,36.1169,0,0
1,250,6.83777,35.6606,0,0
1,250,6.65505,35.1952,0,0
1,250,6.49416,34.7218,0,0
1,250,6.35545,34.2415,0,0
1,250,6.23923,33.7552,0,0
1,250,6.14574,33.2641,0,0
1,250,6.07518,32.7692,0,0
1,250,6.02772,32.2715,0,0
1,250,6.00344,31.7721,0,0
1,250,6.00242,31.2721,0,0
1,250,27,31.5,0,0
1,250,26.9878,31.9998,0,0
1,250,26.9513,32.4984,0,0
1,250,26.8904,32.9947,0,0
1,250,26.8055,33.4873,0,0
1,250,26.6966,33.9753,0,0
1,250,26.5641,34.4574,0,0
1,250,26.4082,34.9324,0,0
1,250,26.2294,35.3992,0,0
1,250,26.028,35.8568,0,0
1,250,25.8045,36.3041,0,0
1,250,25.5595,36.7398,0,0
1,250,25.2935,37.1632,0,0
1,250,25.0072,37.573,0,0
1,250,24.7012,37.9684,0,0
1,250,24.3764,38.3484,0,0
1,250,24.0333,38.7122,0,0
1,250,23.673,39.0587,0,0
1,250,23.2962,39.3873,0,0
1,250,22.9038,39.6971,0,0
1,250,22.4968,39.9875,0,0
1,250,22.0761,40.2576,0,0
1,250,21.6427,40.5069,0,0
1,250,21.1977,40.7347,0,0
1,250,20.7421,40.9406,0,0
1,250,20.2771,41.124,0,0
1,250,19.8036,41.2846,0,0
1,250,19.3228,41.4218,0,0
1,250,18.836,41.5355,0,0
1,250,18.3442,41.6253,0,0
1,250,17.8485,41.691,0,0
1,250,17.3503,41.7324,0,0
1,250,16.8507,41.7495,0,0
1,250,16.3508,41.7422,0,0
1,250,15.8518,41.7106,0,0
1,250,15.355,41.6546,0,0
1,250,14.8615,41.5745,0,0
1,250,14.3725,41.4705,0,0
1,250,13.8892,41.3427,0,0
1,250,13.4126,41.1915,0,0
1,250,12.944,41.0172,0,0
1,250,12.4845,40.8203,0,0
1,250,12.0351,40.6012,0,0
1,250,11.5969,40.3605,0,0
1,250,11.171,40.0987,0,0
1,250,10.7584,39.8164,0,0
1,250,10.36,39.5144,0,0
1,250,9.97678,39.1932,0,0
1,250,9.60971,38.8538,0,0
1,250,9.25962,38.4969,0,0
1,250,8.92735,38.1233,0,0
1,250,8.6137,37.734,0,0
1,250,8.3194,37.3299,0,0
1,250,8.04515,36.9119,0,0
1,250,7.79162,36.481,0,0
1,250,7.5594,36.0382,0,0
1,250,7.34904,35.5847,0,0
1,250,7.16105,35.1214,0,0
1,250,6.99588,34.6495,0,0
1,250,6.8539,34.1702,0,0
1,250,6.73547,33.6844,0,0
1,250,6.64087,33.1935,0,0
1,250,6.57032,32.6986,0,0
1,250,6.52398,32.2008,0,0
1,250,6.50198,31.7013,0,0
