2452 2 0.5 2e+06 0.2 50 2 0 0.001 0 9.81 35 49
0,250,2.95305,18.551,-0.328712,1.85944
0,250,2.31524,18.7354,0.642635,1.92586
0,250,3.08178,18.5757,0.17152,1.74742
0,250,2.68176,19.0804,-0.0167565,1.87361
0,250,2.47168,19.4831,0.213248,3.02791
0,250,2.93243,19.8823,-0.0864084,2.49594
0,250,2.46338,20.0385,0.0121591,2.60568
0,250,2.43273,20.7902,0.276435,2.55934
0,250,2.41678,21.4777,0.85686,3.24574
0,250,2.44834,22.123,-0.665695,3.48776
0,250,2.42836,22.7306,0.370301,3.52583
0,250,2.41697,23.4007,-0.528527,3.06859
0,250,2.43122,24.0534,0.629918,3.37231
0,250,2.47776,24.7185,-1.05915,3.25954
0,250,2.47695,25.8953,0.260585,4.75052
0,250,2.47673,26.8657,-0.167454,5.7068
0,250,2.46728,27.3896,-0.495183,5.48065
0,250,2.37348,28.6849,-0.577363,6.4371
0,250,2.41399,30.2813,1.15483,8.10698
0,250,2.56544,34.527,4.6354,15.1587
0,250,4.48673,39.0611,8.55152,7.07768
0,250,5.37518,39.475,10.0916,10.7846
0,250,11.483,43.5794,17.1617,5.03429
0,250,14.4499,45.1848,20.1433,7.91491
0,250,19.6943,44.6997,20.2447,-5.60492
0,250,22.8485,41.9864,2.31566,-8.0248
0,250,18.5694,45.1168,17.7711,-4.68497
0,250,25.9013,41.5219,4.86454,-4.5712
0,250,26.7458,41.4512,10.1153,-10.9872
0,250,26.0912,41.9471,2.10748,-5.15906
0,250,27.5559,37.6575,5.03616,-9.25611
0,250,29.8578,35.0742,-1.06006,-7.45651
0,250,29.2405,36.2789,4.19617,-9.39605
0,250,29.5199,36.8891,-0.720263,-6.29055
0,250,28.453,30.7761,-5.79757,-8.91344
0,250,29.2766,30.0217,-2.76163,-11.3017
0,250,29.7387,30.3286,-1.54699,-8.50422
0,250,21.7995,21.3272,-7.78967,-1.48224
0,250,22.0303,20.0275,-7.56764,-1.9162
0,250,26.5074,22.269,-7.00116,-1.40279
0,250,25.8841,22.1352,-7.96259,-3.87872
0,250,22.6745,19.246,-5.78463,-2.61579
0,250,30.21,25.9295,-2.70252,-2.0923
0,250,22.9923,15.208,2.32272,11.3
0,250,29.4687,22.7866,-1.24648,-0.973472
0,250,23.0909,19.322,-5.92641,-2.51718
0,250,18.6499,21.2777,-9.32006,1.16728
0,250,25.8289,11.7366,2.99415,1.40589
0,250,23.8039,17.9069,-3.78685,1.0666
0,250,21.987,16.161,-3.93728,3.75982
0,250,28.3914,19.2044,-1.84257,2.55279
0,250,26.5757,17.0933,-1.94731,5.71264
0,250,30.1401,22.1227,0.480732,1.60065
0,250,29.0414,22.639,-2.10741,1.49005
0,250,26.7908,17.3316,-3.59872,4.41162
0,250,31.0964,24.8349,2.71458,1.87271
0,250,3.93511,18.6409,-0.118545,2.49148
0,250,3.7884,18.6257,-0.192489,2.30504
0,250,3.42538,19.0476,0.153499,2.21234
0,250,3.03781,19.3637,0.227448,2.71595
0,250,3.35257,19.9054,-0.034368,2.35473
0,250,2.72745,20.4079,-0.0584103,2.57983
0,250,2.77323,21.1499,-0.087797,2.68688
0,250,2.81028,21.772,-0.352043,2.9546
0,250,3.13401,23.3527,-0.0281296,4.14547
0,250,2.83095,22.3833,0.11478,3.17551
0,250,2.76233,23.0339,0.0653094,3.59991
0,250,2.78792,23.7112,-0.180758,3.65081
0,250,2.76003,24.3968,-0.341616,3.94135
0,250,2.42129,25.2638,0.531646,4.13955
0,250,2.48947,26.3501,-0.569182,5.3085
0,250,2.8885,27.0942,-0.620512,4.92474
0,250,2.48084,27.8986,0.435002,4.82129
0,250,2.41447,29.4556,2.73288,9.41302
0,250,2.57692,31.7352,-1.41219,12.2317
0,250,3.82969,36.3733,5.30473,15.2242
0,250,5.38382,40.0979,14.6109,2.33975
0,250,11.5147,44.6922,13.0522,7.64758
0,250,13.4415,45.3303,16.3246,7.9532
0,250,17.9499,45.1759,20.7768,0.219332
0,250,22.5669,43.5549,14.949,-12.5332
0,250,24.4986,39.7459,13.3677,6.73901
0,250,26.2477,39.6497,6.64886,-0.423391
0,250,24.9051,42.1155,6.70204,-6.07773
0,250,26.6088,40.8377,9.28139,-7.07453
0,250,29.2274,31.795,2.20328,-8.65
0,250,28.1215,35.63,6.52398,-5.09041
0,250,28.2136,38.7631,1.26071,-10.335
0,250,29.0166,28.8636,-3.30514,-10.405
0,250,30.0015,36.8479,0.746398,-1.5694
0,250,30.5789,31.8277,-1.67237,-7.77586
0,250,31.1625,31.4733,2.30265,-2.2649
0,250,27.5749,26.0145,-5.71527,-9.05016
0,250,30.2054,32.0957,-1.45458,-8.74238
0,250,19.9701,21.6873,-8.62061,-0.317795
0,250,28.4105,21.9876,-1.98228,-0.204566
0,250,30.0471,25.4466,-3.83383,-2.70955
0,250,30.9645,28.189,1.35783,-2.07227
0,250,29.5896,19.6059,0.862286,3.26545
0,250,25.4283,18.0057,-1.05665,0.606085
0,250,20.9572,20.8005,-6.864,-0.293984
0,250,29.885,23.1127,-0.379762,-1.10325
0,250,24.0251,10.4949,-2.30717,4.66944
0,250,21.4684,19.4963,-6.20231,-0.758504
0,250,30.554,21.9965,-0.112445,0.805612
0,250,25.4797,10.6282,-1.50318,4.43216
0,250,25.4468,9.38863,-0.367775,5.20379
0,250,26.7593,20.0643,-2.13161,-1.06544
0,250,26.9383,20.7016,-4.37754,-2.59544
0,250,20.2188,20.2583,-7.10575,-0.289862
0,250,17.2772,10.7096,0.557918,6.72344
0,250,26.2222,9.64695,-1.76485,4.99224
0,250,4.54728,18.61,-0.495764,2.13114
0,250,4.3546,19.1454,-0.57628,2.31433
0,250,4.11542,19.4099,-0.137591,2.23706
0,250,3.61601,19.3777,-0.033615,2.35963
0,250,3.42348,20.3741,-0.051921,2.95671
0,250,3.06866,20.7033,0.317452,2.96109
0,250,3.1835,21.3874,-0.234099,2.88283
0,250,3.20409,22.0268,-0.299551,3.40624
0,250,3.5167,23.3788,-0.192706,3.93864
0,250,3.13725,24.0165,-0.170739,3.8732
0,250,3.19405,24.6137,0.177683,3.87151
0,250,2.86115,25.0679,-0.480204,3.81929
0,250,2.79809,25.6317,-0.0715655,4.13441
0,250,2.94697,26.5559,-0.938242,4.48817
0,250,2.87452,27.7117,-0.173823,5.68365
0,250,2.70713,29.0996,0.154753,5.49524
0,250,2.64902,29.8182,-1.50549,10.0333
0,250,2.47625,31.0253,0.393879,11.6695
0,250,2.48714,32.652,6.14797,9.32537
0,250,5.95006,40.6182,12.4708,13.2637
0,250,10.2338,43.7809,8.72135,5.9474
0,250,7.58428,42.5939,6.9181,8.06386
0,250,11.8351,44.9818,10.879,6.97714
0,250,18.519,44.8557,16.3486,1.16056
0,250,23.3001,43.0825,3.83724,-10.3002
0,250,22.3308,43.8855,12.5225,-1.19848
0,250,24.484,43.4298,5.7766,-7.4096
0,250,21.6011,42.3718,-9.13531,8.47145
0,250,25.6969,39.4018,6.00072,-3.84353
0,250,27.7626,34.057,1.01139,-10.511
0,250,29.4698,37.7579,2.57734,-5.12596
0,250,28.7311,39.2699,1.35606,1.1585
0,250,29.3619,29.2305,2.52433,-5.82494
0,250,30.1871,36.0512,0.42061,-6.82925
0,250,30.0297,30.6287,0.451241,-9.49679
0,250,23.7949,21.6493,-6.58895,-2.22938
0,250,31.0709,28.7614,0.0206756,-3.97136
0,250,20.0587,21.6306,-9.14059,1.10036
0,250,27.7985,23.6122,-5.75206,-5.3062
0,250,29.2956,25.3851,-2.98941,-4.33469
0,250,28.4082,25.9648,-4.65547,-7.86711
0,250,19.5067,24.2197,-6.59085,3.38813
0,250,28.7173,22.3941,-2.46394,-0.844803
0,250,28.2986,19.6665,-0.923882,0.527599
0,250,21.6893,10.0816,-4.2665,5.58709
0,250,29.0357,21.533,-3.581,-0.883613
0,250,26.0106,19.3412,-2.58377,0.0226542
0,250,30.5742,20.7222,-2.84435,4.70832
0,250,24.5511,19.549,-4.60318,-0.765004
0,250,29.5548,22.2131,0.732606,1.83554
0,250,26.1381,18.4132,-2.09415,1.79813
0,250,27.087,9.72066,0.121949,6.24398
0,250,26.9296,18.4198,-1.52388,2.13296
0,250,24.577,16.0604,-2.47706,4.24117
0,250,25.1006,12.8016,-1.57367,7.31869
0,250,18.8398,10.6273,1.61546,11.7855
0,250,5.38911,18.3935,-0.55557,2.16117
0,250,4.7453,18.5892,-0.432124,2.49159
0,250,4.90376,19.1244,-0.0761056,2.69842
0,250,3.83004,19.9074,-0.152468,2.10193
0,250,3.8943,20.4839,-0.100703,3.03863
0,250,3.49852,20.9426,0.101833,2.74795
0,250,3.57997,21.5579,0.139324,3.07733
0,250,3.16715,22.7198,0.189883,3.42044
0,250,3.92313,23.5613,-0.0957958,3.832
0,250,3.53089,23.987,-0.097117,3.20958
0,250,3.28828,25.1201,-0.721869,4.20779
0,250,3.24507,25.6884,-0.424435,5.0876
0,250,3.2542,27.3877,-1.06645,6.05432
0,250,2.68566,28.3488,-2.26,7.33325
0,250,2.71451,30.7948,0.305587,10.8182
0,250,2.99189,32.5818,3.61203,16.5863
0,250,2.6441,32.3208,1.11545,8.67602
0,250,3.44055,35.7723,5.48859,12.3899
0,250,4.10783,37.4215,6.38661,14.9053
0,250,5.13944,39.2986,8.81556,7.61151
0,250,7.00935,41.0869,12.5225,14.1777
0,250,9.34989,43.9674,13.2057,9.05375
0,250,14.4726,45.7509,16.4079,6.88252
0,250,20.4011,44.3889,14.9181,-5.99496
0,250,23.3844,42.3891,5.71505,-7.5936
0,250,23.8518,42.8818,5.84432,-15.0295
0,250,25.7344,40.1643,9.42629,-5.24825
0,250,28.5239,33.1535,5.39346,-10.2708
0,250,29.8248,37.5679,-1.50921,-4.59795
0,250,28.4212,34.9479,3.48939,-13.9261
0,250,29.7189,34.8061,0.471418,-6.65714
0,250,30.8669,33.8198,2.54318,-7.12296
0,250,29.7115,31.8186,-1.52417,-8.68448
0,250,26.4041,23.1635,-4.72336,-5.53737
0,250,28.1002,26.651,-3.46596,-9.6051
0,250,30.1291,28.2205,-0.729488,-8.10097
0,250,28.6082,23.7521,-2.94903,-2.48944
0,250,30.025,27.9452,-1.23212,-4.57698
0,250,24.0767,20.8411,-6.76046,-2.98265
0,250,28.1401,24.3886,-2.99724,-5.8841
0,250,27.6188,22.0454,-4.71144,-4.52098
0,250,25.3805,18.662,-1.12634,1.17288
0,250,29.7824,25.8176,-2.62029,-2.29755
0,250,25.328,17.5046,-2.46671,1.76556
0,250,26.7048,18.785,-1.48903,-0.313169
0,250,29.1129,20.9832,-0.535856,1.80175
0,250,22.7267,19.7414,-5.24113,-0.738693
0,250,28.1348,21.6555,-3.03698,-2.48079
0,250,29.2273,19.0417,-0.686899,4.62634
0,250,29.1033,20.1751,3.79177,0.330893
0,250,27.9447,19.6166,-0.829342,1.38425
0,250,30.8627,23.7218,-1.16502,3.87171
0,250,20.3177,9.52975,-7.24251,5.29304
0,250,19.2037,14.3857,1.9492,13.5363
0,250,21.5725,11.5624,-0.125492,9.4835
0,250,18.2288,11.1812,-0.808974,13.6372
0,250,5.40081,18.3878,-0.654424,1.82528
0,250,5.31359,19.1243,-0.434008,2.37674
0,250,4.66238,19.6016,-0.323423,2.54077
0,250,4.25646,20.0051,0.143734,2.75748
0,250,4.30923,20.6013,-0.0118256,2.59455
0,250,3.91873,21.0534,-0.252903,2.67446
0,250,3.57409,22.2213,-0.416403,3.56819
0,250,3.57358,22.7763,-0.246403,3.37472
0,250,3.63981,24.5101,-0.2454,3.77527
0,250,3.65053,25.534,-0.807232,4.33453
0,250,3.56342,26.2485,-0.996988,5.66765
0,250,3.10239,26.1559,-0.532702,4.50158
0,250,3.10101,28.8411,-0.0868118,6.16089
0,250,3.02666,29.517,0.200077,7.1472
0,250,2.75885,33.2033,0.896117,14.8587
0,250,2.94762,33.9167,3.52632,13.98
0,250,3.41102,35.1228,4.38833,14.6375
0,250,4.78409,37.9341,8.98165,12.2766
0,250,4.13447,37.7599,7.25319,12.5622
0,250,8.99071,43.136,19.9753,14.2133
0,250,7.33732,41.9477,13.6439,11.3411
0,250,12.617,45.3198,16.1881,8.1649
0,250,16.3378,45.3432,14.5784,-4.55493
0,250,19.1528,45.7994,11.9905,4.14173
0,250,20.6378,45.2523,12.3992,0.451523
0,250,23.7771,42.2899,11.7965,-11.4447
0,250,27.039,38.5167,14.7263,-8.13723
0,250,27.8002,36.833,4.14767,-9.18827
0,250,27.6594,40.962,2.95005,2.04912
0,250,29.1914,32.2178,0.49749,-12.3977
0,250,28.1179,38.0983,2.80429,-9.21867
0,250,29.7894,36.4335,5.05412,-6.39735
0,250,25.3083,24.336,-5.47623,-4.28581
0,250,28.8458,26.3504,-3.06106,-8.15563
0,250,28.8389,23.3482,-1.14319,-4.67604
0,250,25.9491,22.6297,-6.1799,-5.67409
0,250,29.2776,24.7205,-1.51454,-8.1702
0,250,23.9605,19.6705,-6.75061,-2.37749
0,250,29.9919,22.6122,-2.64544,1.74176
0,250,19.5357,22.8015,-7.70235,2.44556
0,250,26.396,21.869,-8.57334,-4.11384
0,250,28.3481,20.1623,-0.931919,2.00535
0,250,27.0872,19.5271,-3.38063,-0.983617
0,250,23.0533,18.5302,-8.00461,-1.38877
0,250,26.1696,20.6625,-6.33254,-2.6864
0,250,23.5555,19.1543,-6.56801,-2.56847
0,250,30.1202,21.407,2.22961,2.52017
0,250,28.0148,17.1471,-2.679,5.96852
0,250,24.6133,10.199,-1.68346,6.33838
0,250,27.2614,9.85264,-1.15607,5.38482
0,250,18.3762,6.82851,-0.975052,3.82342
0,250,29.8287,9.1277,-4.20418,8.99791
0,250,20.1159,8.94847,-3.297,9.5607
0,250,27.4125,9.34986,-0.46413,5.13368
0,250,19.044,29.871,2.63946,21.3702
0,250,31.2589,19.5002,0.0911757,4.67624
0,250,6.04627,18.5997,-0.363559,2.38508
0,250,5.68632,19.0598,-0.169985,2.1943
0,250,5.11168,19.7081,-0.266426,2.36016
0,250,4.68782,20.1452,0.1363,2.61244
0,250,4.34427,21.1985,0.0524957,3.24233
0,250,3.97349,21.6813,-0.453051,3.40534
0,250,3.9736,22.2959,-0.50196,3.31666
0,250,3.94649,22.9715,-0.379526,3.58307
0,250,4.01751,24.0405,-0.00586243,3.79183
0,250,3.7697,24.9813,-1.10845,4.44767
0,250,3.71907,26.9638,-1.92679,6.55643
0,250,3.38435,26.7846,-1.69738,4.84679
0,250,3.08309,28.3297,-1.06344,7.14358
0,250,2.92139,30.2744,-0.401651,7.71318
0,250,3.09501,33.7578,1.01752,14.1354
0,250,3.98566,35.6819,4.26527,17.9054
0,250,2.99111,35.9045,3.87966,11.2958
0,250,3.46116,37.1923,8.95574,9.75633
0,250,7.72195,42.0785,14.9976,12.0406
0,250,8.29735,42.8661,15.1347,10.4453
0,250,12.5431,44.9644,15.0991,6.55759
0,250,14.1504,44.8381,16.376,5.05911
0,250,15.1282,44.8194,18.4752,3.13227
0,250,22.615,44.6606,15.15,-0.338164
0,250,25.4821,41.3697,7.55181,-4.05851
0,250,25.2059,40.6446,4.94638,-10.7955
0,250,25.9003,41.0037,2.29062,-9.69339
0,250,26.8917,40.7308,-1.16157,-8.94648
0,250,27.1075,41.4013,7.47685,0.802656
0,250,27.5588,39.5449,2.2157,-7.6266
0,250,28.6262,38.577,-0.453786,-9.30409
0,250,29.1509,38.5573,-1.49515,-11.0052
0,250,26.8764,25.2195,-4.58529,-8.24288
0,250,29.6516,28.3285,-0.927962,-8.57288
0,250,24.4597,25.5504,-2.53721,-0.92542
0,250,25.1686,20.9662,-6.85368,-2.70121
0,250,31.2367,30.2617,-7.01896,-6.49234
0,250,31.0371,29.3673,-1.12231,-2.34515
0,250,30.5722,29.1955,-0.795996,-6.67974
0,250,29.595,25.144,-4.28546,-3.58915
0,250,21.2188,20.478,-7.25604,0.027428
0,250,25.6503,20.2054,-4.47425,-3.99592
0,250,20.5687,24.3608,-5.00018,2.35655
0,250,30.3376,20.3378,-0.0397301,-2.45624
0,250,27.6249,20.0471,-2.12057,-1.38655
0,250,29.9531,21.8411,0.232839,4.02777
0,250,27.4653,17.3106,-1.38602,5.90174
0,250,30.3476,25.0416,-1.97657,-5.66931
0,250,26.3957,16.0783,-1.86716,4.52954
0,250,30.6927,21.085,0.13543,3.04453
0,250,30.9353,20.2241,4.01994,1.87433
0,250,28.3875,20.7527,-0.22155,-0.75149
0,250,19.5993,7.16821,-0.169645,9.933
0,250,18.5332,10.7932,0.549533,12.062
0,250,28.4075,6.47782,3.16878,6.26335
0,250,29.5506,20.9153,0.94705,5.1938
0,250,6.26541,18.4879,-0.0383169,2.01093
0,250,5.50848,19.7905,-0.464368,2.77831
0,250,5.13595,20.3013,0.310522,2.53841
0,250,4.75255,20.7089,-0.369735,2.74433
0,250,4.74142,21.2804,-0.310903,3.11252
0,250,4.35707,21.8265,-0.6154,3.15486
0,250,4.36452,22.4597,-0.224869,3.46591
0,250,4.37975,23.4552,-0.0872005,3.21395
0,250,4.12703,24.5386,-1.2311,4.36855
0,250,3.91033,25.9533,-0.768179,4.55723
0,250,4.00964,26.4607,-2.46947,5.06465
0,250,3.47577,27.7055,-1.39068,6.09404
0,250,3.44573,28.2465,-1.66665,7.37053
0,250,3.25361,29.9106,-0.722549,12.2367
0,250,3.20041,33.1565,-0.0441169,14.9082
0,250,4.17964,38.2273,7.89162,12.8262
0,250,4.53371,38.2542,6.87186,15.6638
0,250,4.99815,38.9475,7.2797,12.8109
0,250,6.69332,41.4503,5.77151,9.95295
0,250,9.81789,43.5797,14.6368,11.4508
0,250,11.5592,44.3007,20.1927,5.50733
0,250,17.2008,45.3709,20.2302,0.262214
0,250,15.3213,45.1957,11.4977,0.834994
0,250,23.3248,43.7624,16.5011,-13.9112
0,250,24.7847,41.634,5.89145,-14.0512
0,250,24.4178,42.5602,3.40852,-14.6346
0,250,26.3098,37.1415,2.41179,-4.6688
0,250,29.3785,38.0841,0.924584,-3.42547
0,250,26.8934,39.6956,7.51431,-6.1229
0,250,29.1949,35.6318,7.32934,-9.56448
0,250,29.0218,36.2444,-0.514551,-7.5636
0,250,28.5089,25.5835,-1.7934,-7.70509
0,250,25.2659,24.3718,-4.0754,-4.75794
0,250,29.2354,28.0732,-1.72574,-8.38122
0,250,26.6508,25.9066,-4.70098,-7.5504
0,250,27.4241,23.2559,-3.42509,-7.34802
0,250,30.4423,34.059,-1.47698,-11.3041
0,250,25.411,22.8006,-6.87393,-5.0458
0,250,26.1747,20.2968,-3.9784,-1.27034
0,250,24.0624,18.335,-4.80524,-1.39221
0,250,29.4806,24.0926,-1.22165,-4.56082
0,250,24.5832,18.2489,-4.43452,0.97936
0,250,27.5059,21.1254,-4.3766,-1.61586
0,250,25.7668,20.8865,-5.24012,-2.98716
0,250,23.0801,18.5129,-7.47465,-0.864976
0,250,20.178,20.3349,-6.94247,-0.0126188
0,250,23.1015,10.8809,-5.32868,6.14505
0,250,30.1196,24.3339,-0.652926,-0.165802
0,250,20.9143,5.68431,-0.813692,5.97693
0,250,26.1911,9.60207,-2.04075,4.7895
0,250,27.52,18.9217,0.797682,1.64553
0,250,17.2565,5.52369,0.881447,4.77168
0,250,23.1341,6.92409,-4.01004,4.7986
0,250,20.1828,6.77604,-3.04949,6.81623
0,250,17.6704,7.59259,-0.0563754,10.2675
0,250,20.5026,6.14965,-1.71803,6.16577
0,250,6.76128,18.3484,-0.18582,2.54573
0,250,5.89775,19.4353,-0.568357,2.3734
0,250,5.56063,20.3862,-0.234724,2.30054
0,250,5.17027,20.8848,-0.0212704,3.00911
0,250,5.09905,21.5437,-0.476635,3.479
0,250,4.7493,21.953,-0.185929,3.26337
0,250,4.81362,22.5011,-0.553382,3.75539
0,250,4.39601,22.9585,-0.496397,3.2073
0,250,4.50801,23.9781,-0.918234,4.09033
0,250,4.11708,25.3829,-0.285914,4.55572
0,250,4.40717,26.1238,-1.14375,4.31346
0,250,3.90812,27.4479,-1.58257,5.77297
0,250,3.38039,29.0847,-1.52772,7.63797
0,250,3.17656,31.2613,1.13604,11.8698
0,250,2.86893,31.6928,-0.834432,12.6608
0,250,3.2665,34.7051,1.39862,13.815
0,250,5.92936,39.3015,13.8109,13.2623
0,250,5.57349,40.0978,13.8716,16.0068
0,250,4.66227,38.7441,8.4973,12.2448
0,250,10.418,44.2479,13.3617,0.920801
0,250,10.7566,43.8269,13.7238,0.220648
0,250,14.8609,45.4679,12.0975,3.19355
0,250,16.7492,45.6137,12.1799,-5.55579
0,250,16.1584,45.7099,4.35382,-0.714177
0,250,22.8321,44.3333,3.11992,-1.17149
0,250,25.1359,42.9387,10.9158,-2.37587
0,250,25.9541,38.6023,5.46199,-2.44506
0,250,29.0095,37.3435,3.09645,-5.71055
0,250,28.447,34.1389,1.30535,-14.3522
0,250,25.4418,41.7416,2.11051,-9.90405
0,250,28.8962,38.9105,1.10246,-6.41865
0,250,29.1311,33.5529,3.79441,-13.819
0,250,30.1164,35.5888,2.07279,-10.4133
0,250,30.6793,32.8641,0.151679,-5.79623
0,250,29.2775,35.3369,-0.623488,-8.10129
0,250,29.7097,28.8242,-4.31846,-11.6168
0,250,30.7947,27.5915,-3.48625,-6.0123
0,250,29.0294,23.5345,-2.52895,-2.49738
0,250,22.6141,29.6635,-2.88616,-1.46945
0,250,20.1357,21.0466,-6.99867,-0.373719
0,250,26.8957,19.5654,-1.58063,-2.33846
0,250,30.7001,26.7084,-0.315845,0.303498
0,250,30.521,26.2906,-2.26864,-3.56687
0,250,30.2042,22.9274,-0.989264,-0.42753
0,250,24.3457,17.8025,-3.61643,0.945596
0,250,25.4416,19.2267,-4.98133,-1.34825
0,250,23.884,10.378,-1.98098,4.38181
0,250,25.4602,10.7478,-1.3992,4.1452
0,250,27.7717,20.7946,-3.82808,-0.838342
0,250,24.8084,8.14621,-1.85145,6.28965
0,250,25.1499,14.2493,-2.22695,4.16103
0,250,24.2155,9.15775,0.249632,4.44635
0,250,18.1751,9.29775,2.46219,9.1329
0,250,18.8193,9.2051,-2.5212,10.5875
0,250,19.8071,7.34333,2.46995,9.25023
0,250,21.1244,12.3708,-1.31047,5.4798
0,250,6.92755,18.3918,-0.33658,2.10374
0,250,6.37861,19.0434,-0.345871,2.25907
0,250,5.9384,20.0269,-0.504651,2.94853
0,250,5.59835,20.9713,0.069565,2.78864
0,250,5.50549,21.4731,-0.848135,2.96664
0,250,5.19867,22.1342,-0.324361,3.4309
0,250,5.21415,22.7653,-0.681707,3.92369
0,250,4.88698,23.0938,-0.433823,3.4871
0,250,4.84945,23.6132,-0.570519,3.73349
0,250,4.3248,24.9366,-1.06559,4.43573
0,250,4.46426,25.6605,-0.280708,5.10785
0,250,4.19219,26.9724,-2.14037,5.47701
0,250,3.85497,28.4249,-1.97286,7.96569
0,250,3.62083,29.7832,-0.657063,9.69911
0,250,3.19297,30.7019,-3.42606,11.6318
0,250,3.64364,33.6493,3.27423,13.4769
0,250,3.50755,36.5973,2.97035,12.2405
0,250,5.51499,38.8604,11.3178,12.5375
0,250,6.41355,41.468,9.21606,13.3729
0,250,10.0163,43.3017,15.9869,12.482
0,250,8.76156,43.4159,17.0183,4.22608
0,250,15.9754,44.7455,22.8241,-0.648202
0,250,17.4012,45.9399,15.2617,-1.76318
0,250,22.0496,44.5106,10.9981,-8.40251
0,250,24.6403,40.585,5.02636,-8.6713
0,250,24.3068,40.1384,6.81828,-2.36451
0,250,25.4896,39.989,8.82809,-5.29208
0,250,25.9973,40.657,3.0121,-5.6725
0,250,28.6105,36.4496,1.33559,-9.58754
0,250,27.3548,37.0819,6.49073,-7.10997
0,250,28.4009,39.6135,0.602892,-8.62453
0,250,28.4087,29.7291,0.464002,-8.59761
0,250,30.5624,30.3454,-1.01209,-13.1954
0,250,30.4978,31.1808,1.23362,-9.3259
0,250,29.0594,34.821,4.17281,-7.53956
0,250,30.1284,29.6573,1.78814,-9.48806
0,250,29.1331,27.3276,-2.45159,-8.90334
0,250,26.9895,22.7797,-3.97832,-4.57817
0,250,31.2274,27.0006,-2.96189,0.488909
0,250,30.5477,24.831,1.3516,1.52861
0,250,19.4984,24.1949,-6.39307,2.63163
0,250,27.017,20.3757,-2.56895,0.310086
0,250,30.7072,25.7642,-1.90611,4.19262
0,250,27.8752,18.6693,-0.590103,1.3638
0,250,20.2638,21.0631,-7.76111,0.235779
0,250,24.3374,9.59664,0.93708,3.56019
0,250,30.6785,24.3277,-0.851506,2.74116
0,250,26.6278,16.7216,-2.1691,5.47507
0,250,29.7497,21.2042,1.19042,3.68518
0,250,26.6521,7.69037,-1.40235,7.54396
0,250,21.7991,7.97431,-2.16769,9.10505
0,250,25.6748,10.0371,-1.94524,3.94426
0,250,28.0046,6.71062,3.00165,8.11229
0,250,19.4876,14.4408,-5.71201,10.3968
0,250,24.8794,6.33412,-3.27192,6.08343
0,250,25.5316,8.86942,-0.156422,5.02252
0,250,6.79412,19.0612,-0.328229,2.5959
0,250,6.35543,19.5435,-0.388568,2.672
0,250,6.35452,20.1157,-0.341853,2.6516
0,250,5.9775,20.6404,-0.367592,2.44825
0,250,6.13648,21.1046,-0.395738,3.13203
0,250,5.61663,22.0581,0.0393723,2.79956
0,250,5.62566,22.5885,-0.782382,2.9589
0,250,5.33595,23.36,-0.616739,3.86033
0,250,5.23865,23.8844,-0.683617,3.37684
0,250,4.66193,24.363,-1.29544,3.63565
0,250,4.81978,24.854,-1.00031,3.66007
0,250,4.90043,26.1266,-0.420083,3.9321
0,250,4.54298,26.6137,-2.50417,4.66686
0,250,3.83409,28.8606,-2.24052,6.83767
0,250,3.80204,29.4082,-3.24793,7.7367
0,250,3.28382,32.0635,0.333172,14.7273
0,250,3.89514,36.9805,4.47996,14.3089
0,250,6.09512,39.6581,14.1892,16.7171
0,250,6.26549,40.628,9.67772,14.8247
0,250,9.5074,42.8416,17.0264,13.6408
0,250,16.1027,44.423,23.3641,5.90937
0,250,13.6957,44.6104,20.5033,4.05473
0,250,21.0941,43.0016,28.1986,-8.55103
0,250,24.3359,41.1532,11.3708,-9.14418
0,250,18.0206,45.4037,16.0927,-0.642832
0,250,20.5954,42.9877,-0.688988,-6.66609
0,250,24.2847,42.3778,3.08296,-12.7835
0,250,28.8017,35.2651,7.56422,-8.65669
0,250,26.8914,38.986,6.4517,-4.89247
0,250,26.5564,41.8065,-1.41393,-4.69013
0,250,27.454,40.2637,3.85043,-7.79531
0,250,28.293,34.4271,6.08455,-12.9955
0,250,30.7155,34.6716,4.53823,-8.57638
0,250,28.5434,30.429,-4.89623,-11.3235
0,250,27.8462,25.2953,-3.50986,-8.8991
0,250,25.5203,26.6684,-4.29189,-3.40702
0,250,26.7065,24.0279,-5.08629,-5.76636
0,250,26.991,21.7807,-6.42005,-1.49335
0,250,28.0601,22.8062,-2.09055,-2.7677
0,250,27.4431,21.4484,-2.7932,-2.84955
0,250,29.2262,21.9232,0.643539,0.00883704
0,250,30.4664,27.1899,-1.33702,-7.10087
0,250,30.9717,21.3549,-2.3704,-0.325971
0,250,30.9,20.3921,4.79807,3.64373
0,250,28.088,21.1544,-1.14669,0.67831
0,250,21.3972,10.7681,-4.72863,3.107
0,250,24.0766,13.0547,-3.32171,6.01865
0,250,21.9726,10.2233,-1.99368,1.85497
0,250,24.8186,10.8921,-2.87163,4.1455
0,250,24.5931,10.0859,-1.40141,5.83459
0,250,20.209,9.01947,-1.0362,10.1609
0,250,19.4206,12.8683,3.81097,9.32515
0,250,23.825,4.99467,1.00493,6.78265
0,250,27.9524,6.58476,0.105979,6.97346
0,250,22.2498,3.22551,6.36118,4.10026
0,250,23.3573,10.4025,-0.949303,7.41117
0,250,7.55682,18.28,-0.300613,2.13072
0,250,7.18773,19.0203,-0.261627,1.81474
0,250,6.77595,19.7329,-0.547044,2.29263
0,250,6.49229,20.6287,-0.00356329,3.02304
0,250,5.95643,21.5794,-0.623925,3.00646
0,250,6.08035,22.1052,-0.374243,3.24174
0,250,6.07601,22.6657,-0.815301,3.22053
0,250,5.7418,23.1474,-0.624336,3.18654
0,250,5.74887,23.6931,-0.5473,3.29734
0,250,5.12934,24.3699,-1.28812,3.79041
0,250,5.3058,24.8582,-1.41751,3.90678
0,250,4.77898,25.3079,-0.874184,3.98767
0,250,5.07634,25.6632,-1.42524,4.14013
0,250,3.95264,27.9258,-2.94386,5.91301
0,250,4.30238,28.437,-1.8358,7.34008
0,250,3.60209,30.6678,-1.84908,12.5657
0,250,3.1071,34.4531,0.324883,14.8811
0,250,4.60522,37.2528,7.73055,15.7114
0,250,7.60892,41.2495,14.8668,11.2693
0,250,9.83358,42.8483,14.8639,10.4698
0,250,11.0329,43.4771,15.3424,6.23372
0,250,15.2688,44.5457,20.9069,2.95093
0,250,18.8608,43.6708,23.6729,-4.65452
0,250,22.042,43.2954,9.22623,-15.6236
0,250,20.3726,43.4663,10.3513,1.90968
0,250,24.8065,41.2188,2.67,-13.7574
0,250,19.9843,45.3908,18.8956,-4.9425
0,250,25.5497,40.6652,12.399,-9.54338
0,250,25.6532,38.2293,1.9897,-0.0692112
0,250,28.4389,37.8754,3.17746,-7.48565
0,250,28.292,31.5115,-0.417162,-12.1381
0,250,28.9497,32.9562,6.86202,-9.94161
0,250,30.6879,33.3224,-0.295799,-2.99132
0,250,29.0209,30.5118,-1.60153,-7.6315
0,250,27.5377,24.929,-6.27628,-8.4977
0,250,30.3756,34.8589,3.60356,-10.7846
0,250,29.4656,27.7645,-4.17581,-3.33228
0,250,30.6202,35.335,7.10291,-6.02679
0,250,28.0202,24.6696,-3.7138,-5.98605
0,250,25.3015,19.6687,-4.76337,-0.680211
0,250,20.5748,24.3707,-6.19431,2.60711
0,250,30.6856,25.4467,-4.6195,-2.3067
0,250,28.1987,18.9227,0.429832,0.763749
0,250,24.378,18.7331,-4.20641,-0.136387
0,250,24.6492,16.3606,-2.52446,4.22092
0,250,29.2398,19.0896,0.605763,4.74591
0,250,26.9871,17.9041,-2.26942,0.67788
0,250,25.5718,9.91398,-2.20129,4.50062
0,250,22.6343,9.8861,-1.65743,6.19393
0,250,22.7259,7.86536,-3.02391,5.71844
0,250,24.7666,8.18891,-1.99656,4.41003
0,250,26.2218,7.80703,0.00985526,8.37924
0,250,30.2429,5.00782,2.29455,5.93623
0,250,24.1963,5.00845,-0.116634,7.57055
0,250,23.0323,7.84894,-3.03243,5.77656
0,250,29.2144,6.35502,2.81411,8.13258
0,250,7.71259,18.2683,-0.0837077,1.94769
0,250,7.56411,18.8585,-0.079349,2.16167
0,250,7.16315,19.6174,-0.38944,2.34391
0,250,6.84424,20.2667,-0.636428,2.66822
0,250,6.638,21.0874,-0.581354,3.04552
0,250,6.43464,21.6263,-0.666473,3.10505
0,250,6.54087,22.1499,-0.419802,3.10528
0,250,6.48288,22.6988,-0.789591,2.57779
0,250,6.16918,23.2773,-0.392804,3.18084
0,250,5.61878,24.2128,-1.06276,2.88818
0,250,5.74996,24.7187,-1.67578,3.51952
0,250,5.42029,25.2959,-0.787141,3.49181
0,250,5.5658,25.7705,-1.39596,3.83348
0,250,5.34942,26.2289,-1.62282,4.25191
0,250,4.51711,27.2904,-2.31392,5.47355
0,250,4.23588,29.0493,-4.28853,8.88517
0,250,3.39463,31.4505,-2.68211,11.5226
0,250,3.48001,32.407,-0.737937,13.0624
0,250,6.76256,39.5044,13.2455,15.0243
0,250,8.84755,42.3588,20.0717,11.0213
0,250,12.2757,44.5315,15.5203,6.85363
0,250,10.944,44.2019,16.2734,6.8957
0,250,13.3534,45.0536,17.1849,4.48432
0,250,20.664,44.6724,11.4321,0.304273
0,250,13.9328,45.2813,19.0282,1.56803
0,250,21.5746,42.5084,10.668,-0.583454
0,250,22.0846,44.4493,19.3281,-14.3879
0,250,26.5966,39.3508,11.9578,-11.3169
0,250,25.7363,42.2899,-0.0733266,-3.8737
0,250,28.0546,39.5717,3.18317,-5.3414
0,250,28.1294,40.4303,5.41959,-1.56943
0,250,28.7851,38.1479,2.94698,-7.07647
0,250,28.1241,32.7783,-0.955177,-14.2069
0,250,29.4932,31.3087,1.24434,-9.32115
0,250,29.9342,33.7327,-3.43578,-8.65759
0,250,29.44,33.2849,4.91415,-11.8159
0,250,28.5365,25.1034,-1.9284,-9.71834
0,250,25.5292,21.3595,-5.38268,-1.67935
0,250,23.4951,20.2674,-7.7964,-1.33293
0,250,25.3859,20.6028,-4.64989,-2.48849
0,250,30.6965,23.949,1.22168,2.31487
0,250,30.7186,31.097,-7.39003,-6.10297
0,250,27.9089,20.3106,-2.13896,-2.00073
0,250,21.0163,20.0266,-7.44786,-0.163787
0,250,22.0221,19.3707,-7.96604,-1.92731
0,250,24.7326,14.2984,-2.45334,3.71591
0,250,28.6104,21.0058,-1.74499,0.324981
0,250,26.324,18.3728,-0.435506,0.0868511
0,250,29.396,16.2498,-0.100481,4.7666
0,250,18.5254,6.80128,-2.55942,4.61681
0,250,22.9047,8.12322,-2.94085,5.68357
0,250,23.3922,6.32913,-1.88537,8.67747
0,250,26.6214,7.85334,-1.22145,7.46628
0,250,19.6559,11.8302,3.21342,8.33121
0,250,29.7063,6.57098,-4.14755,5.08109
0,250,29.8714,19.5872,1.02677,6.27962
0,250,8.05488,18.7802,0.0121955,2.47188
0,250,7.62305,19.4203,-0.20829,2.21667
0,250,7.4751,19.9888,-0.585432,2.56838
0,250,7.21027,20.4636,-0.38472,2.37402
0,250,7.0605,20.9658,-0.512276,2.67377
0,250,6.87967,21.6038,-0.522733,2.64247
0,250,6.94382,22.2747,-0.602181,3.43862
0,250,6.65837,23.2153,-0.293881,2.74169
0,250,6.23123,23.7518,-1.10446,3.62304
0,250,6.09802,24.2581,-1.00693,3.2246
0,250,5.97558,25.132,-0.944918,3.39428
0,250,6.03122,25.5708,-1.8274,2.66168
0,250,5.78991,26.2565,-1.46765,3.19146
0,250,4.94117,26.6915,-3.1731,4.27725
0,250,4.39981,27.6914,-3.67729,4.24972
0,250,4.30092,29.5367,-3.64649,9.84972
0,250,3.82078,30.3034,-4.07511,9.8489
0,250,3.81614,32.559,3.22114,16.8575
0,250,3.77219,34.4526,2.30887,15.6884
0,250,4.30708,36.5082,5.35493,15.1268
0,250,12.5038,43.5674,20.4124,3.49261
0,250,10.6419,43.0648,16.519,6.94095
0,250,14.7039,44.7215,20.5306,5.44374
0,250,18.0597,44.4952,21.6511,-8.0425
0,250,11.0173,44.6437,13.2306,4.9316
0,250,21.7932,43.4052,15.0734,-17.7373
0,250,20.1814,45.0126,17.9928,-5.76105
0,250,23.0675,40.882,9.31305,-5.22753
0,250,23.3021,44.0587,9.36649,-5.87524
0,250,27.5477,39.4597,4.182,-13.2174
0,250,26.0917,37.8417,9.79305,-9.58753
0,250,28.4103,37.1936,5.69914,-5.22136
0,250,28.0403,37.4003,5.50092,-8.74384
0,250,29.9115,34.4337,1.85209,-13.7073
0,250,28.4895,28.4629,-2.19485,-8.18983
0,250,30.027,32.3341,-1.69228,-8.90806
0,250,27.0144,23.2526,-4.25587,-4.26758
0,250,27.3339,24.5468,-5.64852,-8.83234
0,250,26.5939,24.7269,-6.08123,-6.94923
0,250,26.3752,23.4941,-7.04577,-6.42663
0,250,30.8586,30.4983,0.471796,-10.5362
0,250,26.3428,19.6838,-1.08021,-1.20801
0,250,20.7607,20.1796,-7.5773,-0.85717
0,250,23.3659,20.2785,-6.58094,-0.458645
0,250,18.9133,21.8134,-7.73122,-0.0984861
0,250,22.2991,19.2366,-6.1426,-1.42983
0,250,21.9986,16.1599,-3.46088,3.99136
0,250,22.2786,10.9419,-1.25306,2.6087
0,250,18.8986,21.83,-7.80824,0.364013
0,250,26.403,18.9749,-0.613345,-1.48537
0,250,24.8308,10.9185,-2.87315,4.54815
0,250,20.5926,6.57357,-3.13607,5.04696
0,250,25.4269,8.89807,-1.61283,5.29847
0,250,19.9696,6.43345,-3.37464,5.04263
0,250,27.601,9.49182,-1.42206,5.44176
0,250,26.317,16.5923,-1.65101,5.01626
0,250,8.33911,18.4422,-0.166703,2.12984
0,250,8.51811,19.0356,-0.407714,2.50665
0,250,7.96987,19.8258,-0.901888,2.33734
0,250,7.78099,20.3557,-0.61333,2.56863
0,250,7.60331,20.7891,-0.657925,2.7921
0,250,7.37789,21.313,-0.735454,2.87228
0,250,7.26421,21.8152,-0.772903,2.79415
0,250,6.96698,22.8271,-0.637107,3.05237
0,250,7.18105,23.3451,-0.619127,3.64818
0,250,6.73708,23.6939,-0.953231,3.26877
0,250,6.57372,24.204,-1.55322,3.51469
0,250,6.28979,24.7217,-1.49224,3.12786
0,250,6.48705,25.3806,-1.81625,2.35184
0,250,6.20244,26.0135,-1.56962,2.78933
0,250,4.99847,27.2117,-1.92635,5.15815
0,250,4.62217,28.1207,-3.39262,4.74513
0,250,5.03765,27.5988,-3.52576,3.67956
0,250,4.71866,28.6955,-3.48762,6.50993
0,250,4.69847,29.303,-2.31639,7.34563
0,250,3.50397,33.1158,-0.592312,14.8187
0,250,3.98308,32.1,0.849613,13.7458
0,250,5.39751,38.5364,8.55273,13.1314
0,250,7.39237,41.5802,13.7785,12.0046
0,250,11.7581,43.9184,16.004,6.89696
0,250,12.7702,44.0476,18.6402,4.22274
0,250,17.2877,44.6565,16.8992,-1.6306
0,250,17.3948,44.9858,18.9242,-1.72934
0,250,15.632,45.5095,13.8978,-1.19758
0,250,23.785,40.2799,3.3096,3.72209
0,250,24.7075,42.8907,14.531,-8.12005
0,250,26.0965,39.1444,7.4313,-8.33738
0,250,26.2295,40.1593,9.08314,-7.72427
0,250,28.1508,36.6473,3.02888,-8.40816
0,250,28.2523,33.7092,1.78483,-11.2033
0,250,28.8385,29.9148,0.892276,-7.29497
0,250,27.6968,26.8122,-2.84637,-7.38159
0,250,30.7509,29.5961,1.89401,-8.48214
0,250,28.6274,24.2029,-1.99718,-3.91511
0,250,27.653,22.8484,-2.9766,-3.68094
0,250,25.1757,21.7674,-6.727,-4.08867
0,250,24.6355,21.9386,-7.69061,-3.27441
0,250,24.4808,19.0164,-5.4342,-1.692
0,250,26.7544,21.4699,-6.55632,-4.30685
0,250,24.0459,20.4282,-5.98042,-2.28491
0,250,24.9639,19.1746,-6.1618,0.745865
0,250,23.5899,18.8664,-6.13927,-0.588048
0,250,27.3309,18.8918,-0.668342,1.42906
0,250,25.6181,14.4695,-1.94132,4.30332
0,250,21.8795,11.6898,-1.15336,6.1533
0,250,23.1505,10.8919,-4.61909,6.0059
0,250,30.7558,21.5871,-1.76297,3.56479
0,250,24.5552,8.74551,-2.1786,2.62827
0,250,27.4506,17.347,-1.99896,5.54428
0,250,21.2573,5.78166,-1.22021,8.42844
0,250,23.9152,5.24476,-0.369284,6.993
0,250,29.3705,16.1902,0.800606,5.04149
0,250,8.64574,18.1725,-0.491455,2.50822
0,250,8.07776,19.3017,-0.45802,2.516
0,250,8.47948,19.6467,-0.457686,2.46789
0,250,8.29235,20.2296,-0.250412,2.5487
0,250,8.34403,20.685,-0.716773,2.7016
0,250,7.99889,21.038,-0.52277,2.80329
0,250,7.80024,21.502,-0.74818,2.30024
0,250,7.44908,22.2729,-0.481106,3.06537
0,250,7.41569,22.7276,-0.624646,2.89261
0,250,7.62229,23.2175,-0.584893,2.80483
0,250,7.13393,23.9084,-1.47422,3.64804
0,250,6.94289,24.471,-1.63931,3.47657
0,250,6.68247,24.9103,-0.881412,3.26945
0,250,6.98639,25.3149,-1.57036,2.8088
0,250,6.68736,25.8407,-1.95955,2.387
0,250,5.40429,26.7841,-2.2716,3.18971
0,250,5.95013,26.7007,-2.68584,2.17507
0,250,5.04334,28.1395,-3.82477,5.46462
0,250,5.04924,28.8061,-4.98324,5.47059
0,250,3.82856,31.7293,-1.89267,16.0482
0,250,3.82105,30.956,-1.63448,13.9509
0,250,5.55792,38.0875,9.26239,13.342
0,250,7.61702,40.8828,15.1969,14.3316
0,250,11.4273,42.8938,17.7158,9.3344
0,250,9.44665,43.3853,17.4757,12.021
0,250,16.0469,45.1653,24.3686,-1.47607
0,250,19.5166,44.2116,19.5509,-2.11865
0,250,21.1959,43.8052,18.2581,0.0154254
0,250,22.8804,43.6988,11.461,-3.4633
0,250,21.7781,44.9318,13.4417,-4.86323
0,250,25.201,40.0118,6.47897,-2.12837
0,250,25.1709,42.3555,8.40897,-0.979236
0,250,29.7526,36.1142,0.674661,-12.3737
0,250,29.5825,37.1501,5.86346,-3.573
0,250,27.954,34.7769,2.82737,-11.2807
0,250,28.5294,28.0399,-4.5771,-9.5111
0,250,27.745,29.3778,-1.95868,-6.46859
0,250,25.973,22.9091,-6.181,-3.36051
0,250,28.3706,22.8583,-1.87414,-2.75977
0,250,30.3464,28.8362,2.13273,-9.6957
0,250,25.8658,21.5247,-8.09802,-4.53814
0,250,22.7517,21.2238,-7.98927,-2.56188
0,250,21.2182,20.9389,-8.5813,-0.438853
0,250,19.3306,22.5569,-8.77123,2.00379
0,250,19.2827,22.951,-7.5682,1.84975
0,250,21.3009,19.4958,-7.19189,-0.47503
0,250,28.6627,21.6339,-2.17658,-0.342193
0,250,24.1419,12.3556,-3.07572,4.08274
0,250,21.4563,11.9409,-4.23139,9.02769
0,250,29.3085,19.9989,-1.81552,6.6978
0,250,19.5552,16.82,-5.56991,15.3631
0,250,26.3013,16.0689,-1.79053,4.79646
0,250,25.2889,12.78,-0.771469,5.59081
0,250,22.1927,10.4511,-1.73536,3.81375
0,250,25.7622,11.9221,2.48552,3.10057
0,250,24.6642,8.96521,-2.40563,2.38897
0,250,8.85808,18.2662,-0.340723,2.33193
0,250,8.89403,18.9303,-0.657896,2.36401
0,250,8.86583,19.569,-0.551652,2.04881
0,250,8.7539,20.1729,-0.291866,2.3054
0,250,8.66412,21.0047,-0.911701,2.58342
0,250,8.32428,21.4328,-0.675548,2.83444
0,250,7.86141,21.9761,-0.804763,2.59076
0,250,8.08626,22.3165,-0.781133,2.72341
0,250,7.92127,22.7795,-0.732569,2.45879
0,250,8.18507,23.1442,-0.911566,2.68728
0,250,7.58204,23.7424,-1.53819,3.2702
0,250,7.43502,24.2906,-1.62706,2.99018
0,250,7.27769,24.8203,-0.806793,3.23709
0,250,7.49496,25.2363,-1.69137,2.75862
0,250,7.18052,25.7487,-1.95506,2.75
0,250,6.41833,26.4115,-1.88976,3.07697
0,250,6.70601,26.7894,-2.01502,2.01545
0,250,5.59545,27.1617,-2.50881,3.33683
0,250,5.56452,27.5855,-3.80121,3.88405
0,250,4.20339,30.129,-3.92878,9.0149
0,250,4.34041,30.9491,-4.61648,11.7775
0,250,4.62145,35.6146,4.02069,16.3238
0,250,3.7959,35.2541,1.93969,16.1919
0,250,6.68524,39.1564,13.5979,14.8902
0,250,8.10839,42.484,13.1006,12.3329
0,250,13.2242,44.8156,19.5411,4.18152
0,250,13.0515,43.6487,22.376,4.33293
0,250,19.283,44.9804,16.4309,-2.32875
0,250,15.4393,45.8964,14.1199,-1.66305
0,250,22.8356,41.3485,-10.5101,-3.539
0,250,23.9274,42.8455,9.06781,-3.21029
0,250,27.8565,38.4289,5.07585,-10.6001
0,250,27.0847,37.1961,4.99239,-13.3799
0,250,28.7287,35.8129,2.23316,-6.31237
0,250,27.4683,36.0642,1.36261,-5.29877
0,250,29.0804,31.2781,-3.25807,-13.9184
0,250,27.8567,31.3253,7.96272,-10.6961
0,250,30.3821,34.347,0.227239,-7.4031
0,250,27.4465,26.6877,-4.05297,-8.89681
0,250,30.7002,32.6548,-1.67743,-3.86148
0,250,22.6855,21.1612,-7.42572,-2.85534
0,250,23.9373,21.6153,-6.77372,-2.64516
0,250,24.9351,20.2835,-6.37036,-2.30824
0,250,30.7031,28.5754,1.90241,-6.59322
0,250,22.5092,20.5711,-8.36109,-2.41229
0,250,24.8143,24.5652,-4.05432,-4.02703
0,250,20.2453,18.8322,-4.37841,2.72176
0,250,21.8162,18.079,-3.28086,4.30243
0,250,25.6463,17.6748,0.990914,2.26392
0,250,25.0825,17.8106,-2.9677,1.91446
0,250,26.7057,21.0196,-3.81583,-1.95033
0,250,24.8708,16.1502,-2.31721,4.13315
0,250,27.1129,17.9246,-0.0396821,1.55019
0,250,24.7512,14.108,-2.1979,3.99131
0,250,25.3367,11.3757,1.94897,-1.32203
0,250,25.6492,14.4324,-2.05945,4.34762
0,250,9.41351,18.4039,-0.334132,2.42577
0,250,9.27414,18.9387,-0.226626,2.31298
0,250,9.31543,19.5655,-0.640999,2.25027
0,250,9.22641,20.0879,-0.785323,2.27299
0,250,8.99256,20.5894,-0.490866,2.3497
0,250,8.92921,21.3653,-0.940442,2.58437
0,250,8.44288,21.8357,-0.959378,2.76259
0,250,8.7113,22.1822,-0.920281,2.90724
0,250,8.47677,22.6401,-0.861546,2.51526
0,250,8.76055,22.9474,-1.15809,2.65146
0,250,8.01846,23.6718,-1.12294,2.75597
0,250,8.04455,24.1674,-2.05749,2.69938
0,250,7.80312,24.5576,-1.85552,2.99243
0,250,7.90431,25.0169,-1.19531,2.71135
0,250,7.77324,25.6369,-1.70072,2.12812
0,250,6.89818,26.2544,-2.36816,2.68013
0,250,7.30366,26.5039,-2.58153,1.78416
0,250,6.21898,27.0417,-1.95351,2.88005
0,250,6.07909,27.4988,-2.94966,3.39189
0,250,4.67227,29.8336,-6.31003,10.0474
0,250,5.27265,29.229,-5.39461,5.25372
0,250,3.87658,34.0594,1.48836,16.3633
0,250,4.96592,36.7199,6.50577,15.6686
0,250,4.43495,36.8057,6.67175,15.0416
0,250,6.78268,40.1432,12.6606,16.2417
0,250,9.1344,41.871,15.5983,11.8872
0,250,7.12598,39.8362,10.8657,16.56
0,250,17.0084,44.0297,19.956,1.22705
0,250,16.0473,43.902,20.356,4.27417
0,250,20.8873,44.1885,14.3186,-11.1873
0,250,23.7516,40.7298,1.18716,-4.34471
0,250,25.2401,39.308,11.0217,-3.21764
0,250,21.7606,43.968,13.906,-14.8252
0,250,26.8995,35.9499,-0.409823,-5.79402
0,250,27.8464,36.238,4.02564,-7.31711
0,250,28.9124,34.3211,5.64737,-7.76431
0,250,28.5409,32.4354,-1.60935,-11.5632
0,250,29.6428,32.4139,2.21687,-9.99112
0,250,27.3024,26.2941,-4.87721,-9.10181
0,250,29.7318,34.0939,1.27318,-9.82219
0,250,28.911,25.3874,-1.98197,-8.61438
0,250,25.6583,26.8352,-4.5127,-4.4152
0,250,30.0566,33.1973,0.460675,-5.27988
0,250,22.3739,21.8138,-6.7209,-2.30777
0,250,22.128,21.769,-6.71222,-0.476017
0,250,30.0888,27.0223,-1.81642,-6.35472
0,250,21.8572,19.8826,-6.60205,-2.01707
0,250,19.9531,18.72,-4.94979,2.63584
0,250,20.3393,24.9706,-5.86106,1.87867
0,250,20.2103,18.5306,-4.8724,3.0338
0,250,25.8772,18.9339,-1.31448,0.765129
0,250,28.9496,20.3916,-2.41676,0.529728
0,250,29.0231,24.6131,-4.20588,-3.30753
0,250,23.6193,18.1977,-5.84792,1.98865
0,250,21.775,18.114,-3.67261,3.89662
0,250,25.1422,18.5898,-3.4052,1.90329
0,250,9.63888,18.3902,-0.329191,2.2788
0,250,9.6741,19.272,-0.17368,2.56027
0,250,9.72673,19.9039,-0.379053,2.36731
0,250,9.6162,20.4109,-0.546881,2.32561
0,250,9.30316,20.8962,-0.718471,2.48464
0,250,9.48937,21.3038,-0.946,2.61806
0,250,9.06021,21.7714,-1.10903,2.8004
0,250,9.42287,22.0175,-0.590268,2.72695
0,250,9.09905,22.4519,-0.881711,2.36694
0,250,9.29436,22.8919,-1.01194,2.29268
0,250,8.48411,23.5028,-1.23148,2.55965
0,250,8.53523,23.9843,-1.67503,2.58168
0,250,8.42533,24.4831,-1.95154,2.19676
0,250,8.38716,24.9449,-1.22491,2.46644
0,250,8.23081,25.4433,-1.14622,2.88248
0,250,7.50268,26.0677,-1.35424,1.86152
0,250,8.08203,26.0099,-1.50289,1.74932
0,250,6.66875,27.2519,-3.72498,4.39016
0,250,7.21324,26.9307,-2.53333,1.88615
0,250,5.45956,28.1111,-4.09894,4.34998
0,250,5.49685,28.5713,-5.1561,4.36819
0,250,4.41257,32.3589,0.200771,14.6338
0,250,4.07775,33.3009,0.383294,16.6369
0,250,4.12883,36.0216,3.80854,15.2192
0,250,4.17118,33.0177,-0.275605,15.9576
0,250,5.0246,37.7054,10.5361,18.5773
0,250,5.24326,37.3779,7.18336,18.4972
0,250,12.7354,43.4319,19.7825,7.50159
0,250,8.81006,42.7845,18.5862,9.29021
0,250,9.3794,42.2811,14.5655,11.7157
0,250,21.3329,44.1048,15.2376,-11.1507
0,250,24.1687,41.8282,12.4498,-10.3371
0,250,25.1303,41.2608,9.13821,-7.48621
0,250,27.5354,38.7869,5.86593,-9.36186
0,250,25.3924,42.7354,5.82417,-1.33611
0,250,26.1396,42.223,0.530559,-2.25682
0,250,28.158,32.1857,-1.799,-9.18226
0,250,30.2763,30.0126,3.57433,-10.7099
0,250,29.2972,34.5675,3.0353,-9.70762
0,250,28.0519,28.945,-1.12214,-7.5549
0,250,29.0552,32.7035,2.97545,-12.6165
0,250,29.4082,26.042,-1.12564,-5.44882
0,250,27.8816,28.9484,-2.73043,-5.63268
0,250,26.9082,22.4173,-4.72941,-3.90058
0,250,25.9127,23.5119,-5.91718,-1.17274
0,250,22.4658,20.4385,-6.87038,-2.84234
0,250,31.0584,26.2432,1.23058,-0.993485
0,250,25.8371,19.8559,-4.96949,-2.24483
0,250,27.6682,22.0853,-3.00425,-2.88471
0,250,24.0466,19.3954,-6.25872,-2.67266
0,250,28.8117,27.0575,-4.30034,-6.60681
0,250,26.1968,21.3136,-7.33235,-2.1387
0,250,23.1146,19.7716,-6.45542,-1.14109
0,250,20.2944,24.9097,-6.65689,3.14366
0,250,18.6679,21.1954,-8.63966,2.21749
0,250,30.4731,27.661,-3.63604,-4.27987
0,250,9.91066,18.8719,-0.361509,2.34697
0,250,10.1957,19.2656,-0.398511,2.48952
0,250,10.1568,19.7842,-0.644967,2.60676
0,250,10.1483,20.3042,-0.58928,2.63551
0,250,9.87035,20.7978,-0.852226,2.88444
0,250,10.1516,21.1118,-0.864576,3.07118
0,250,9.7757,21.5793,-0.849931,2.07786
0,250,9.98108,21.992,-0.717229,2.64754
0,250,9.63355,22.4585,-0.61465,2.55286
0,250,9.88471,22.8396,-1.06781,2.45056
0,250,8.96692,23.3606,-0.956962,2.30957
0,250,9.0972,23.7828,-1.52482,2.68115
0,250,8.95089,24.2591,-1.41273,2.85505
0,250,8.94121,24.7181,-1.76084,2.55892
0,250,8.77867,25.2244,-1.4666,2.58584
0,250,8.56687,25.7681,-1.48388,2.59325
0,250,8.84224,26.1161,-0.921328,1.89912
0,250,7.86298,26.4534,-1.85455,2.58082
0,250,8.39461,26.3998,-1.17266,1.38154
0,250,5.91823,28.0258,-4.01993,3.16723
0,250,6.456,27.7291,-4.76962,3.7285
0,250,4.17275,31.3762,-1.04385,12.4721
0,250,6.17928,28.3711,-5.87858,5.97216
0,250,5.85597,28.7774,-5.48572,3.06578
0,250,4.49236,30.3207,-3.35407,11.4938
0,250,4.10472,34.8747,2.41183,15.116
0,250,4.22907,34.3298,0.888668,16.9629
0,250,8.18534,40.6638,14.5783,13.8102
0,250,6.2362,39.1303,11.9055,15.714
0,250,8.29904,41.7421,15.2087,12.2542
0,250,10.0624,42.1729,16.1027,13.3258
0,250,16.8204,45.1306,16.6648,-3.16857
0,250,20.4899,43.1536,0.657995,-3.38641
0,250,21.133,44.998,4.26199,1.95543
0,250,24.5305,41.9706,7.00866,-10.0992
0,250,26.2779,38.211,7.5255,-8.0575
0,250,17.8113,43.7286,-4.83424,2.5865
0,250,29.4729,30.7851,-0.95228,-8.6913
0,250,28.9068,36.8859,3.66172,-3.83023
0,250,27.332,35.5095,1.76532,-6.89417
0,250,29.9552,31.0923,0.00947194,-7.22656
0,250,27.7233,25.5911,-4.77663,-9.6029
0,250,30.2496,31.5217,-3.01852,-6.3348
0,250,24.594,20.5915,-5.32919,-3.51611
0,250,27.3253,23.8366,-5.05247,-6.72088
0,250,21.6847,21.1597,-6.73471,-1.77463
0,250,27.3438,24.2042,-4.18659,-7.11404
0,250,25.2147,22.9006,-5.67206,-3.61692
0,250,24.7386,21.082,-6.9005,-4.71154
0,250,24.7095,21.5639,-8.09761,-3.237
0,250,24.5246,25.4373,-3.87875,-2.05168
0,250,24.79,19.9212,-5.148,-2.5786
0,250,24.2437,21.2798,-6.99923,-2.75059
0,250,25.052,22.3228,-8.67722,-4.60207
0,250,24.2552,20.1258,-5.1077,-2.55318
0,250,22.8321,21.9418,-7.18866,-3.76171
0,250,10.2322,18.3578,-1.05301,2.92526
0,250,10.5662,18.9852,-0.580861,2.47722
0,250,10.6247,19.6679,-0.583015,2.54796
0,250,10.7007,20.1131,-0.281918,2.7825
0,250,10.4673,20.6251,-0.794908,2.56009
0,250,10.6941,21.031,-0.996236,2.64937
0,250,10.3525,21.538,-0.963854,2.77136
0,250,10.5549,21.9249,-0.816055,2.67281
0,250,10.2268,22.3808,-0.924082,2.43546
0,250,10.4569,22.7594,-0.898471,2.53597
0,250,9.52697,23.291,-1.09939,2.59792
0,250,9.67389,23.6871,-1.36514,2.3545
0,250,9.43217,24.1585,-1.32557,2.93762
0,250,9.67893,24.5629,-1.47037,2.45558
0,250,9.33089,24.8898,-1.58258,2.59562
0,250,9.04066,25.5435,-1.38977,2.38988
0,250,9.54156,25.268,-1.20922,2.07414
0,250,9.44089,25.7622,-0.437269,1.93413
0,250,9.26604,26.2515,-1.41591,1.53009
0,250,7.76482,26.8907,-2.7673,2.47057
0,250,8.3771,26.8159,-3.25574,2.72607
0,250,7.20073,27.364,-3.10919,2.05509
0,250,6.89412,27.7664,-4.14785,3.975
0,250,6.55475,28.3424,-3.78458,2.82094
0,250,5.09879,29.782,-7.10446,8.47
0,250,4.79629,31.9391,0.435304,12.6694
0,250,4.69245,33.3735,-0.462898,16.3881
0,250,5.23071,36.8356,6.21486,17.5922
0,250,4.45821,33.7512,2.14637,16.436
0,250,5.98327,40.1031,14.1583,14.7147
0,250,12.9169,44.5102,18.255,8.7242
0,250,12.1244,44.2469,17.335,7.69253
0,250,13.5932,44.1446,23.7265,2.41439
0,250,14.1341,44.2298,17.9937,2.01126
0,250,21.1624,44.5731,8.64888,-6.7537
0,250,23.6358,41.2234,15.1144,-10.1956
0,250,24.8163,40.3064,3.98065,-10.3385
0,250,26.5536,40.2991,8.53869,-2.82324
0,250,28.1442,35.2071,10.4708,-10.0511
0,250,28.7412,33.6112,1.89812,-15.5339
0,250,27.747,33.617,-4.63008,-9.53095
0,250,27.9142,27.546,-3.96404,-9.26039
0,250,29.8651,33.2675,1.12354,-7.64094
0,250,27.8791,31.9668,2.49359,-8.86094
0,250,27.411,34.4079,-3.54001,-12.7259
0,250,29.8528,26.4936,-1.52226,-4.43269
0,250,29.9692,29.1485,-0.173171,-6.10209
0,250,28.0295,26.0937,-1.92032,-7.76992
0,250,26.167,25.6521,-3.39651,-5.85695
0,250,28.1272,23.9118,-3.04398,-8.6435
0,250,28.5988,27.7524,-3.00612,-9.05362
0,250,28.7902,26.4537,-2.85776,-9.4645
0,250,27.954,27.6244,-1.49982,-6.55788
0,250,29.5326,24.0951,1.10293,-8.26565
0,250,26.656,24.5877,-5.83691,-7.25017
0,250,28.2797,26.9505,-4.9811,-11.8991
0,250,10.3691,18.4378,-0.349382,1.98441
0,250,10.9028,19.0811,-0.542276,2.57773
0,250,11.0966,19.5591,-0.455563,2.99938
0,250,11.2535,20.0507,-0.919653,2.41459
0,250,11.0122,20.507,-0.713408,2.7584
0,250,11.2234,20.9422,-0.999342,2.6236
0,250,10.9149,21.4506,-0.959877,2.7662
0,250,11.1689,21.8153,-0.641903,2.39375
0,250,10.8205,22.3043,-0.748236,2.58309
0,250,10.9956,22.7043,-1.06938,2.64573
0,250,10.0925,23.2412,-1.15895,2.97247
0,250,10.283,23.6574,-1.4187,2.58224
0,250,9.96347,24.0789,-1.56336,2.69526
0,250,10.7253,23.7878,-0.896115,1.73208
0,250,10.3914,24.2308,-1.31875,2.01561
0,250,10.0728,24.7065,-0.77533,2.12892
0,250,10.0444,25.1659,-1.05323,1.80846
0,250,9.93803,25.6386,-0.91231,1.68037
0,250,10.5514,25.0975,-1.14675,1.35186
0,250,10.4282,25.6017,-1.13722,0.792127
0,250,9.78345,26.1638,-1.64726,1.85573
0,250,7.87672,27.2546,-2.81044,2.5404
0,250,7.56786,27.649,-3.34293,1.87924
0,250,7.09361,28.107,-3.41497,3.471
0,250,6.16229,29.0171,-4.32294,2.91694
0,250,4.83924,30.754,-3.26556,12.9342
0,250,7.66677,28.0349,-2.90898,1.97624
0,250,6.75612,28.7306,-4.22077,3.56945
0,250,5.49302,29.407,-6.80196,3.98948
0,250,5.65752,37.9249,7.5607,16.1099
0,250,6.98002,40.5588,11.1634,15.6686
0,250,8.41435,42.1419,16.4955,13.0312
0,250,15.3138,43.8282,19.8734,3.50638
0,250,14.8404,44.2344,19.7155,2.83713
0,250,17.6809,43.9769,19.1581,0.710473
0,250,23.6513,43.4442,10.7522,-11.8754
0,250,22.8273,41.904,2.81445,-11.8455
0,250,26.2522,38.8808,4.91224,-1.48771
0,250,22.9197,41.0218,-0.112112,6.30982
0,250,26.4348,41.2281,2.61656,-3.22022
0,250,26.8264,38.7188,13.3238,-7.16747
0,250,27.4702,38.1036,7.67455,-10.1024
0,250,24.4435,43.3502,-2.24425,-5.20909
0,250,27.0098,37.8729,4.24617,-8.28976
0,250,28.8148,37.5758,5.11554,-13.91
0,250,26.7809,36.6585,2.36101,-6.57457
0,250,26.9878,39.7057,14.9775,-2.78054
0,250,26.514,26.0101,-3.71398,-7.32923
0,250,28.3845,31.2671,-2.41503,-8.52611
0,250,28.9669,29.3362,-2.87659,-6.44304
0,250,28.7034,28.9625,-2.41453,-12.3639
0,250,18.8571,43.1571,-2.15166,-0.293673
0,250,21.4228,42.5653,-5.73441,10.2879
0,250,26.9918,25.3445,-2.96254,-7.15034
0,250,29.6722,29.7149,-0.32079,-8.97829
0,250,28.293,35.8761,1.63869,-8.55351
0,250,11.1604,18.3579,-0.625679,2.04826
0,250,11.4026,19.0147,-0.280913,2.50324
0,250,11.5885,19.593,-0.658894,2.20438
0,250,11.863,19.9789,-0.401032,2.63051
0,250,11.5548,20.4229,-0.914867,2.67813
0,250,11.8116,20.8084,-0.955129,2.36378
0,250,11.4632,21.2899,-1.24605,2.75494
0,250,11.7371,21.6829,-1.1061,2.61292
0,250,11.3729,22.1932,-0.919532,2.63393
0,250,11.728,22.4515,-0.800482,2.33198
0,250,10.6227,23.21,-1.22893,2.83581
0,250,11.3973,22.8799,-0.710585,2.09272
0,250,11.0636,23.3147,-1.04491,1.89861
0,250,11.249,23.7368,-1.2644,2.28688
0,250,10.9537,24.227,-0.931165,2.12029
0,250,10.6213,24.6361,-0.996106,1.47322
0,250,11.2901,24.5132,-1.11334,2.18316
0,250,11.062,24.9192,-0.780269,1.83093
0,250,11.4385,25.1505,-0.313034,1.45583
0,250,10.8907,25.4841,-0.593234,1.19517
0,250,11.3209,25.6185,-0.925343,1.40355
0,250,10.2459,26.1122,-1.16619,1.15791
0,250,8.92212,26.6534,-2.11466,1.79374
0,250,8.54217,27.1897,-2.08585,1.58153
0,250,9.11012,27.0147,-2.04585,1.91646
0,250,8.19933,27.5861,-2.12191,2.10894
0,250,8.83111,27.5228,-1.52925,1.57881
0,250,7.77651,28.4287,-3.49375,2.25801
0,250,7.23571,28.515,-4.00034,2.19875
0,250,5.13637,30.3014,-6.17428,9.68767
0,250,7.42621,28.8911,-4.50905,2.01103
0,250,4.57046,31.6347,-1.5371,15.7924
0,250,10.6962,43.0033,16.5908,11.5627
0,250,14.2735,43.7355,20.0719,-1.26592
0,250,8.235,41.3875,15.7729,14.5015
0,250,17.2261,44.2811,21.8481,1.62934
0,250,11.4157,42.9186,17.8729,8.38592
0,250,23.7868,41.7705,13.8044,-9.32381
0,250,18.721,44.3257,20.8923,-0.233132
0,250,23.8809,39.9151,10.2708,0.479427
0,250,18.1573,44.106,17.0711,3.27667
0,250,22.9096,43.1634,10.2907,-10.0523
0,250,25.2803,38.5287,3.83906,-8.28097
0,250,28.1389,39.0656,3.43112,-11.5826
0,250,24.6893,39.7088,10.7956,-5.28951
0,250,26.6041,37.2788,-1.21658,-6.05514
0,250,26.6453,37.8027,14.299,-3.03479
0,250,27.5337,35.3938,3.26719,-2.79187
0,250,23.9716,43.4929,7.79437,-11.1946
0,250,28.3228,30.0658,-4.01942,-6.69586
0,250,25.4229,39.0656,11.763,-13.9631
0,250,29.289,34.0508,6.06066,-9.26318
0,250,29.7818,35.5754,4.99098,-5.15467
0,250,28.1058,33.1777,3.18852,-10.36
0,250,28.6744,31.9718,-2.5834,-10.9177
0,250,27.3564,36.4469,2.44124,-4.69168
0,250,11.1332,18.4037,-0.841915,2.4021
0,250,11.7322,19.0815,-0.550446,2.92247
0,250,12.1565,19.5523,-0.671964,2.59511
0,250,12.4609,19.9708,-0.286372,2.67321
0,250,12.1583,20.3945,-0.208439,2.71417
0,250,12.4087,20.7876,-0.747159,2.82241
0,250,12.0469,21.2103,-1.07605,2.99284
0,250,12.385,21.4463,-0.565382,2.38897
0,250,11.9908,21.976,-0.786605,2.2196
0,250,12.5475,21.8948,-0.851848,3.08339
0,250,12.3023,22.3621,-1.00342,2.25919
0,250,12.0052,22.8316,-1.40696,2.64511
0,250,11.6399,23.2683,-1.40181,2.17869
0,250,12.245,23.2157,-1.2856,2.20747
0,250,11.9098,23.621,-1.35323,2.15912
0,250,11.5652,24.03,-1.21369,1.81988
0,250,12.1365,24.0718,-0.823624,1.54395
0,250,11.8068,24.4689,-1.0994,1.15627
0,250,12.3353,24.5573,-0.793104,1.65161
0,250,11.8435,24.905,-0.375584,0.705944
0,250,12.024,25.3201,-1.12426,1.57169
0,250,11.7641,25.7386,-1.05813,1.32733
0,250,10.7514,26.0222,-1.23061,0.939397
0,250,9.56587,26.6304,-1.79737,1.8574
0,250,9.80902,26.921,-1.12,1.62263
0,250,9.3649,27.3559,-2.13842,1.544
0,250,9.3588,27.7925,-1.95389,2.22853
0,250,8.25962,27.9557,-2.81752,2.03139
0,250,8.49508,28.344,-2.81805,1.4109
0,250,6.52023,29.144,-6.20268,4.7619
0,250,7.8767,29.0596,-3.70061,1.45925
0,250,5.91467,29.5279,-5.98017,2.72938
0,250,5.05514,36.1158,6.72022,17.2531
0,250,7.46157,39.9727,12.3277,16.2507
0,250,4.75623,35.2755,3.32684,17.0511
0,250,5.84455,37.4073,6.58981,16.8656
0,250,4.78544,32.4539,0.159238,14.9054
0,250,16.6906,44.2997,22.5171,3.61985
0,250,9.56489,41.9328,15.9099,12.324
0,250,8.2354,41.0613,18.165,12.9938
0,250,10.2287,42.5267,16.5803,10.6993
0,250,15.9188,44.137,21.3886,1.37476
0,250,5.75944,37.2567,8.1706,15.1328
0,250,22.4395,42.6429,16.68,-7.15276
0,250,19.0601,44.4377,20.3496,-0.268883
0,250,23.9205,40.7499,7.68397,-11.3901
0,250,7.62316,40.3817,14.5027,15.1627
0,250,20.3628,43.8134,22.3217,-5.09846
0,250,8.85144,41.702,19.9139,10.7562
0,250,23.0671,41.5272,6.23118,-11.9807
0,250,14.7093,43.7987,24.6708,2.59255
0,250,23.1876,42.6161,8.17558,-13.7314
0,250,19.5674,44.0864,22.0793,-5.73117
0,250,22.3611,42.8067,10.7542,-9.74308
0,250,19.603,45.0961,13.6583,-4.3438
0,250,21.51,43.5509,15.8154,-6.3088
0,250,11.9215,18.3657,-0.109742,2.38327
0,250,12.2611,19.0694,-0.492019,2.75868
0,250,12.6654,19.5006,-0.225571,2.48689
0,250,13.0428,20.0045,-0.448628,2.49873
0,250,12.7616,20.3907,-0.763036,2.53554
0,250,13.1865,20.6275,-0.523723,2.37777
0,250,12.7943,21.0312,-0.828211,2.3237
0,250,13.2959,21.1209,-0.795924,2.92529
0,250,12.9224,21.5042,-0.800377,2.59618
0,250,13.2436,21.8011,-1.08599,2.34359
0,250,12.8449,22.2435,-1.23532,2.88272
0,250,13.3239,22.2919,-0.625907,2.05011
0,250,12.5802,22.744,-0.990819,2.43276
0,250,13.0611,22.7758,-0.522216,1.57714
0,250,12.7715,23.2367,-0.72408,1.75112
0,250,12.4649,23.6838,-0.86281,1.42197
0,250,12.9838,23.7063,-0.771447,1.35282
0,250,12.662,24.1705,-0.757346,1.773
0,250,12.8361,24.6838,-1.13354,1.38361
0,250,12.4575,25.0284,-1.0025,1.90725
0,250,12.5725,25.4675,-0.799499,1.96841
0,250,12.226,25.8374,-0.998638,1.75688
0,250,11.2049,26.126,-1.69334,1.68962
0,250,10.2218,26.5661,-2.11372,0.908451
0,250,10.7547,26.4966,-1.93244,1.03443
0,250,10.4059,26.9793,-1.38812,0.947693
0,250,9.91105,27.3534,-1.14945,1.47799
0,250,8.8545,27.9585,-2.58676,1.54456
0,250,9.96804,27.7535,-1.674,1.40509
0,250,8.1569,28.6582,-2.88981,1.49803
0,250,8.81257,28.6828,-3.05742,1.60999
0,250,7.44583,29.4217,-3.20463,1.44839
0,250,10.231,28.1505,-1.18572,0.483091
0,250,4.69823,33.9344,2.65998,13.606
0,250,9.14256,28.9455,-3.18631,0.909628
0,250,5.56896,30.0692,-9.96448,5.84334
0,250,7.01738,29.2158,-1.78828,2.4369
0,250,6.32345,29.6807,-2.09642,-0.689392
0,250,8.43043,29.0985,-3.21598,1.46277
0,250,4.51178,35.015,2.79985,18.8486
0,250,6.20258,38.4932,8.65557,13.7287
0,250,4.75614,31.1189,-5.21615,15.09
0,250,4.74797,32.9254,-0.0774455,14.6216
0,250,13.4514,43.8478,20.1611,3.591
0,250,6.71802,30.0191,-4.7034,2.04309
0,250,4.91505,36.1114,4.07934,16.3266
0,250,7.58678,29.8412,-2.30434,0.571712
0,250,7.21789,30.0924,-2.67645,-0.814373
0,250,9.23694,30.0484,-1.54711,0.745743
0,250,6.00774,30.0281,-8.10976,-3.0103
0,250,8.40608,29.7311,-2.74151,0.38835
0,250,7.99438,30.0692,-2.27162,1.72155
0,250,11.854,43.4108,17.6904,5.67467
0,250,18.2085,43.4015,21.4696,-2.97828
0,250,8.60773,30.0933,-1.45679,-1.23202
0,250,6.0909,38.5399,9.72347,15.8443
0,250,11.8372,18.3905,-0.642033,2.39773
0,250,12.4593,18.7539,-0.221421,2.47862
0,250,12.9198,19.0542,-0.665628,2.75156
0,250,13.1575,19.5403,-0.624197,2.26909
0,250,13.5965,19.2525,-0.543666,2.35308
0,250,13.5537,19.9011,-0.651386,2.70923
0,250,13.5713,20.3454,-0.649093,2.48559
0,250,13.7608,20.7735,-0.537593,2.41359
0,250,13.7157,21.3102,-0.784361,2.58881
0,250,14.2019,21.4392,-0.488155,1.83608
0,250,13.701,21.8044,-0.5204,2.02422
0,250,14.2707,21.9065,-0.706008,2.15486
0,250,13.8541,22.2661,-0.118902,1.60735
0,250,14.1026,22.775,-0.131784,1.66255
0,250,13.5954,22.731,-0.539821,1.89781
0,250,13.2927,23.2181,-0.962211,1.57582
0,250,13.4761,23.6962,-1.11904,1.39499
0,250,13.1695,24.1716,-1.17588,2.10525
0,250,13.3248,24.6305,-1.1341,1.82821
0,250,13.0377,25.1302,-1.19228,1.55074
0,250,13.4492,25.4519,-0.840061,1.43224
0,250,13.0446,25.6445,-0.420957,1.54037
0,250,11.6641,26.2318,-1.07629,0.980968
0,250,11.2656,26.6533,-0.922845,0.892313
0,250,12.2265,26.3102,-0.891687,1.45539
0,250,10.8798,26.9829,-1.64362,0.709083
0,250,12.2612,26.7766,-1.13623,0.875608
0,250,11.7912,26.6746,-0.991491,0.977254
0,250,11.8173,27.2529,-1.99386,1.38311
0,250,9.16688,28.3162,-3.02281,1.83123
0,250,10.445,27.4427,-1.36393,1.58137
0,250,9.67963,28.1679,-1.98443,1.6281
0,250,11.0191,27.4511,-1.03759,0.738857
0,250,9.56848,28.6287,-2.19054,1.29918
0,250,10.6722,27.8223,-1.29409,0.755736
0,250,10.7417,28.2461,-1.51558,1.08935
0,250,11.2632,28.2396,-1.09331,1.09
0,250,10.147,28.5758,-1.96944,1.14707
0,250,10.4949,28.8166,-1.4843,-0.370247
0,250,9.75947,29.0189,-1.54506,0.687508
0,250,11.1211,29.1992,-1.33976,1.38743
0,250,5.33441,30.5762,-5.06649,9.12808
0,250,7.9769,29.4992,-1.50355,0.543659
0,250,6.85354,29.654,-5.87012,0.902584
0,250,9.69088,29.6657,-1.37036,0.0745772
0,250,8.72141,29.343,-0.872002,0.521752
0,250,10.1971,29.6627,-0.710756,0.243495
0,250,9.04156,29.7124,-1.69938,0.431482
0,250,11.3353,29.6229,-0.843692,1.67445
0,250,11.8281,29.5877,-1.01743,0.566648
0,250,10.7648,29.7509,-0.959908,0.054948
0,250,10.4284,30.0922,-0.751412,0.0710095
0,250,12.6857,30.0483,-0.192775,0.28092
0,250,11.6539,30.0504,-0.084813,0.696357
0,250,12.1765,30.0358,0.353407,0.482068
0,250,11.1025,30.0798,-0.891578,0.521221
0,250,12.8421,18.3118,-0.388369,2.21011
0,250,13.5528,18.3978,-0.450582,2.48255
0,250,13.2923,18.8729,-0.378098,2.80027
0,250,13.9218,18.8516,-0.586224,2.78364
0,250,14.8972,19.2705,-0.0987438,2.29697
0,250,13.9554,19.636,-0.778248,2.43505
0,250,14.1689,20.0918,-0.601905,2.31317
0,250,14.2111,20.4757,-0.813725,2.27871
0,250,14.214,21.0087,-0.62113,2.34287
0,250,14.7061,20.8095,-0.443773,2.07503
0,250,14.8802,21.2019,-0.546607,2.09657
0,250,14.7384,21.596,-0.0489409,2.03991
0,250,14.8123,22.0607,-0.0853994,2.09265
0,250,14.3855,22.371,-0.505687,1.62786
0,250,14.9821,22.5144,-0.755024,2.07349
0,250,14.3091,23.2458,-0.898093,1.517
0,250,13.7944,23.2011,-0.724825,1.55947
0,250,13.7092,24.1086,-1.22235,1.32579
0,250,14.36,23.9325,-1.2755,1.17857
0,250,13.8501,24.5014,-1.24828,1.33845
0,250,13.6151,24.9903,-1.24208,1.48561
0,250,14.0284,25.2651,-0.902308,1.19526
0,250,14.2208,24.844,-1.01083,1.22977
0,250,13.8739,25.7212,-0.41482,1.04918
0,250,12.7014,26.0224,-0.0902493,1.03881
0,250,13.1837,26.1594,-0.586388,1.99821
0,250,12.7567,26.5193,-0.776274,1.42358
0,250,14.3301,25.9534,-0.0718779,0.551305
0,250,13.6367,26.0646,-0.226448,0.818751
0,250,13.3139,26.6021,0.016481,1.04121
0,250,12.7706,26.9595,-0.868739,1.28487
0,250,12.2944,27.2723,-1.5004,0.620499
0,250,11.4348,27.1191,-1.26311,0.748863
0,250,13.2348,27.1039,-0.0190143,0.423344
0,250,11.7636,27.7402,-1.18102,1.31172
0,250,12.729,27.4678,-1.05052,0.152428
0,250,11.2868,27.7896,-1.09365,1.0323
0,250,12.2407,27.7768,-1.33938,0.143376
0,250,11.7853,28.2129,-1.22817,1.09346
0,250,10.9498,28.6943,-0.654254,1.06954
0,250,11.4243,28.7027,-1.27659,0.972724
0,250,10.1693,29.2119,-0.893143,0.107753
0,250,11.9466,28.6629,-0.565632,1.03996
0,250,9.38576,29.3455,-1.42146,0.374353
0,250,12.2952,28.2776,-0.95048,0.651684
0,250,10.6803,29.3066,-1.25071,-0.056657
0,250,12.4784,28.7568,-1.10518,1.04365
0,250,12.1492,29.1361,-1.64558,0.311139
0,250,13.0689,28.8741,-0.432593,0.27877
0,250,9.8296,30.0752,-0.470358,-0.651874
0,250,11.6328,29.1295,-1.61225,0.948669
0,250,12.3614,29.5889,-1.45432,0.844621
0,250,12.9145,29.6339,-1.28561,-0.23361
0,250,13.5035,29.6797,-0.724498,0.164638
0,250,14.4037,30.0869,-1.08501,0.278424
0,250,13.2187,30.0654,-0.458426,-0.0226583
0,250,12.7254,18.3097,-0.613749,2.89585
0,250,13.7548,18.3834,-0.434721,2.83854
0,250,14.6325,18.8968,-0.226455,2.42632
0,250,14.1849,19.1893,-1.12243,2.1143
0,250,15.5749,18.8534,-0.274964,1.656
0,250,15.3994,19.3102,-0.417876,1.64011
0,250,14.5085,19.6083,-0.584681,2.13063
0,250,14.7529,19.95,-0.339659,1.96899
0,250,14.7882,20.3852,-0.278683,1.89241
0,250,15.3674,20.143,0.078568,2.21263
0,250,15.3146,20.5572,-0.529467,1.89823
0,250,15.3855,20.9709,-0.382209,2.26183
0,250,15.4195,21.421,-0.255629,1.70766
0,250,15.2833,21.8219,-0.27699,1.88647
0,250,15.439,22.2474,0.267649,1.86385
0,250,15.4509,22.733,-0.43794,1.59448
0,250,14.6699,22.8431,-0.774784,1.3872
0,250,14.03,23.6684,-1.01409,1.64553
0,250,15.4225,23.5217,-0.728355,1.4381
0,250,14.8391,23.7428,-1.18883,1.71122
0,250,14.3702,24.3714,-1.0312,1.04194
0,250,14.8651,24.6792,-0.896825,1.26158
0,250,15.4609,24.382,-0.767134,1.10283
0,250,14.655,25.0834,-0.915011,0.720007
0,250,14.4872,25.5389,-0.076671,0.40204
0,250,15.4909,25.2241,-0.464467,1.30524
0,250,15.031,25.383,-0.686411,1.3692
0,250,14.9384,25.8552,0.00235841,1.32052
0,250,14.3422,26.3761,0.0957018,0.664772
0,250,14.8903,26.2593,0.262922,0.799101
0,250,13.862,26.4841,0.621124,0.213197
0,250,14.3277,26.834,0.394902,0.59588
0,250,13.7144,26.9212,0.710055,0.580672
0,250,14.845,26.7109,0.435058,1.11317
0,250,14.1915,27.2429,-0.0875447,0.953894
0,250,13.72,27.4256,-0.32837,1.03011
0,250,14.6357,27.4314,-0.657359,0.604637
0,250,14.1427,27.7527,0.199025,1.0088
0,250,14.6353,27.9487,-0.616181,0.978046
0,250,12.7159,27.959,-1.37672,0.492155
0,250,13.2292,27.572,-1.21721,0.711793
0,250,12.8438,28.437,-0.961086,0.552875
0,250,13.7175,27.9371,-0.869154,0.258317
0,250,13.2172,28.0322,-1.39495,0.0133234
0,250,14.9709,28.7875,-0.606724,0.569871
0,250,14.3257,28.2683,-0.706674,0.802085
0,250,13.3882,28.4754,-1.2733,0.30673
0,250,13.6495,28.8936,-0.9013,0.134391
0,250,14.5585,28.6939,-0.645964,0.726565
0,250,14.1379,28.8633,-0.48845,0.0860002
0,250,12.6896,29.2074,-1.30787,0.504738
0,250,13.8805,29.3329,-1.37537,0.139743
0,250,13.2969,29.2758,-0.989654,0.384214
0,250,14.122,29.7417,-0.636894,-0.303068
0,250,14.7477,29.693,-1.09259,0.0576408
0,250,13.7741,30.086,-0.859318,0.320922
0,250,15.5869,18.318,-0.47497,2.20305
0,250,14.4276,18.3572,-0.465037,2.42127
0,250,14.5933,18.3444,-0.288561,2.22018
0,250,15.3668,18.3064,-0.600089,2.53646
0,250,15.0842,18.7092,-0.306498,1.99638
0,250,16.156,18.491,-0.223409,1.69531
0,250,16.025,19.0528,0.0563947,1.68432
0,250,15.9324,19.5089,-0.457131,1.7589
0,250,15.2641,19.714,-0.708567,2.12728
0,250,15.9008,19.8998,-0.469568,1.66861
0,250,15.9656,20.3305,-0.0865268,2.00907
0,250,15.9092,20.7268,-0.0443866,1.69001
0,250,15.9945,21.1501,-0.695054,1.93963
0,250,15.928,21.587,-0.197618,1.85533
0,250,15.9408,21.9933,-0.316737,1.61588
0,250,15.9856,22.4373,0.260484,1.40496
0,250,15.9679,22.897,-0.227496,1.61236
0,250,15.2493,23.1036,-0.613438,1.94004
0,250,14.795,23.3091,-0.656749,1.51795
0,250,15.9265,23.2986,-0.680306,1.68577
0,250,15.954,23.7202,-0.368258,1.50005
0,250,15.3441,23.9351,-0.819632,1.39692
0,250,14.8793,24.2264,-0.82478,1.25753
0,250,15.9582,24.1432,-0.324065,1.11748
0,250,15.9672,24.5983,-0.621174,1.24248
0,250,15.3324,24.7984,-0.375265,1.43373
0,250,15.9583,25.0141,-0.128094,1.54335
0,250,16.0136,25.4858,-0.294391,1.31317
0,250,15.4879,25.709,-0.307012,1.32164
0,250,15.9861,25.9578,0.285485,0.853904
0,250,15.4841,26.1681,0.370112,0.834618
0,250,16.0125,26.4347,-0.0207987,1.03981
0,250,15.396,26.5744,-0.139268,0.82405
0,250,15.948,26.867,0.236351,0.861189
0,250,15.4788,27.0164,0.484815,0.661602
0,250,14.9257,27.1192,0.382664,0.899705
0,250,16.0673,27.3199,-0.148168,1.32055
0,250,15.4025,27.4418,-0.223668,0.695035
0,250,15.0747,27.7527,-0.873435,0.602492
0,250,15.8158,27.6818,-0.0807427,1.00513
0,250,15.4872,28.0724,-0.0360297,0.66408
0,250,16.0528,28.0694,0.313402,1.04622
0,250,14.9842,28.2841,-0.315118,1.09816
0,250,16.0086,28.5342,-0.212485,0.669234
0,250,15.4837,28.4942,-0.271099,0.276848
0,250,15.9643,28.9695,-0.135227,0.616839
0,250,15.4184,28.9583,-0.185077,0.407178
0,250,13.8781,28.3971,-0.688415,0.229931
0,250,15.959,29.3765,-0.301572,0.499101
0,250,15.3969,29.3907,-0.215652,0.165716
0,250,14.8618,29.2713,-0.297214,0.615639
0,250,16.068,29.8132,0.40166,0.485464
0,250,14.3946,29.306,-0.83855,0.0570635
0,250,15.3661,29.7867,-0.99072,0.224651
0,250,15.7192,30.0759,-0.611312,-0.0192544
0,250,14.9948,30.0839,-1.09483,0.516266
1,250,16.5,1.5,0,0
1,250,17,1.5,0,0
1,250,31.5,1.5,0,0
1,250,32,1.5,0,0
1,250,1.5,1.5,0,0
1,250,2,1.5,0,0
1,250,16.5,2,0,0
1,250,17,2,0,0
1,250,31.5,2,0,0
1,250,32,2,0,0
1,250,1.5,2,0,0
1,250,2,2,0,0
1,250,16.5,2.5,0,0
1,250,17,2.5,0,0
1,250,31.5,2.5,0,0
1,250,32,2.5,0,0
1,250,1.5,2.5,0,0
1,250,2,2.5,0,0
1,250,16.5,3,0,0
1,250,17,3,0,0
1,250,31.5,3,0,0
1,250,32,3,0,0
1,250,1.5,3,0,0
1,250,2,3,0,0
1,250,16.5,3.5,0,0
1,250,17,3.5,0,0
1,250,31.5,3.5,0,0
1,250,32,3.5,0,0
1,250,1.5,3.5,0,0
1,250,2,3.5,0,0
1,250,16.5,4,0,0
1,250,17,4,0,0
1,250,31.5,4,0,0
1,250,32,4,0,0
1,250,1.5,4,0,0
1,250,2,4,0,0
1,250,16.5,4.5,0,0
1,250,17,4.5,0,0
1,250,31.5,4.5,0,0
1,250,32,4.5,0,0
1,250,1.5,4.5,0,0
1,250,2,4.5,0,0
1,250,16.5,5,0,0
1,250,17,5,0,0
1,250,31.5,5,0,0
1,250,32,5,0,0
1,250,1.5,5,0,0
1,250,2,5,0,0
1,250,16.5,5.5,0,0
1,250,17,5.5,0,0
1,250,31.5,5.5,0,0
1,250,32,5.5,0,0
1,250,1.5,5.5,0,0
1,250,2,5.5,0,0
1,250,16.5,6,0,0
1,250,17,6,0,0
1,250,31.5,6,0,0
1,250,32,6,0,0
1,250,1.5,6,0,0
1,250,2,6,0,0
1,250,16.5,6.5,0,0
1,250,17,6.5,0,0
1,250,31.5,6.5,0,0
1,250,32,6.5,0,0
1,250,1.5,6.5,0,0
1,250,2,6.5,0,0
1,250,16.5,7,0,0
1,250,17,7,0,0
1,250,31.5,7,0,0
1,250,32,7,0,0
1,250,1.5,7,0,0
1,250,2,7,0,0
1,250,16.5,7.5,0,0
1,250,17,7.5,0,0
1,250,31.5,7.5,0,0
1,250,32,7.5,0,0
1,250,1.5,7.5,0,0
1,250,2,7.5,0,0
1,250,16.5,8,0,0
1,250,17,8,0,0
1,250,31.5,8,0,0
1,250,32,8,0,0
1,250,1.5,8,0,0
1,250,2,8,0,0
1,250,16.5,8.5,0,0
1,250,17,8.5,0,0
1,250,31.5,8.5,0,0
1,250,32,8.5,0,0
1,250,1.5,8.5,0,0
1,250,2,8.5,0,0
1,250,16.5,9,0,0
1,250,17,9,0,0
1,250,31.5,9,0,0
1,250,32,9,0,0
1,250,1.5,9,0,0
1,250,2,9,0,0
1,250,16.5,9.5,0,0
1,250,17,9.5,0,0
1,250,31.5,9.5,0,0
1,250,32,9.5,0,0
1,250,1.5,9.5,0,0
1,250,2,9.5,0,0
1,250,16.5,10,0,0
1,250,17,10,0,0
1,250,31.5,10,0,0
1,250,32,10,0,0
1,250,1.5,10,0,0
1,250,2,10,0,0
1,250,16.5,10.5,0,0
1,250,17,10.5,0,0
1,250,31.5,10.5,0,0
1,250,32,10.5,0,0
1,250,1.5,10.5,0,0
1,250,2,10.5,0,0
1,250,16.5,11,0,0
1,250,17,11,0,0
1,250,31.5,11,0,0
1,250,32,11,0,0
1,250,1.5,11,0,0
1,250,2,11,0,0
1,250,16.5,11.5,0,0
1,250,17,11.5,0,0
1,250,31.5,11.5,0,0
1,250,32,11.5,0,0
1,250,1.5,11.5,0,0
1,250,2,11.5,0,0
1,250,16.5,12,0,0
1,250,17,12,0,0
1,250,31.5,12,0,0
1,250,32,12,0,0
1,250,1.5,12,0,0
1,250,2,12,0,0
1,250,16.5,12.5,0,0
1,250,17,12.5,0,0
1,250,31.5,12.5,0,0
1,250,32,12.5,0,0
1,250,1.5,12.5,0,0
1,250,2,12.5,0,0
1,250,16.5,13,0,0
1,250,17,13,0,0
1,250,31.5,13,0,0
1,250,32,13,0,0
1,250,1.5,13,0,0
1,250,2,13,0,0
1,250,16.5,13.5,0,0
1,250,17,13.5,0,0
1,250,31.5,13.5,0,0
1,250,32,13.5,0,0
1,250,1.5,13.5,0,0
1,250,2,13.5,0,0
1,250,16.5,14,0,0
1,250,17,14,0,0
1,250,31.5,14,0,0
1,250,32,14,0,0
1,250,1.5,14,0,0
1,250,2,14,0,0
1,250,16.5,14.5,0,0
1,250,17,14.5,0,0
1,250,31.5,14.5,0,0
1,250,32,14.5,0,0
1,250,1.5,14.5,0,0
1,250,2,14.5,0,0
1,250,16.5,15,0,0
1,250,17,15,0,0
1,250,31.5,15,0,0
1,250,32,15,0,0
1,250,1.5,15,0,0
1,250,2,15,0,0
1,250,16.5,15.5,0,0
1,250,17,15.5,0,0
1,250,31.5,15.5,0,0
1,250,32,15.5,0,0
1,250,1.5,15.5,0,0
1,250,2,15.5,0,0
1,250,16.5,16,0,0
1,250,17,16,0,0
1,250,31.5,16,0,0
1,250,32,16,0,0
1,250,1.5,16,0,0
1,250,2,16,0,0
1,250,16.5,16.5,0,0
1,250,17,16.5,0,0
1,250,31.5,16.5,0,0
1,250,32,16.5,0,0
1,250,1.5,16.5,0,0
1,250,2,16.5,0,0
1,250,16.5,17,0,0
1,250,17,17,0,0
1,250,31.5,17,0,0
1,250,32,17,0,0
1,250,1.5,17,0,0
1,250,2,17,0,0
1,250,16.5,17.5,0,0
1,250,17,17.5,0,0
1,250,31.5,17.5,0,0
1,250,32,17.5,0,0
1,250,1.5,17.5,0,0
1,250,2,17.5,0,0
1,250,16.5,18,0,0
1,250,17,18,0,0
1,250,31.5,18,0,0
1,250,32,18,0,0
1,250,1.5,18,0,0
1,250,2,18,0,0
1,250,16.5,18.5,0,0
1,250,17,18.5,0,0
1,250,31.5,18.5,0,0
1,250,32,18.5,0,0
1,250,1.5,18.5,0,0
1,250,2,18.5,0,0
1,250,16.5,19,0,0
1,250,17,19,0,0
1,250,31.5,19,0,0
1,250,32,19,0,0
1,250,1.5,19,0,0
1,250,2,19,0,0
1,250,16.5,19.5,0,0
1,250,17,19.5,0,0
1,250,31.5,19.5,0,0
1,250,32,19.5,0,0
1,250,1.5,19.5,0,0
1,250,2,19.5,0,0
1,250,16.5,20,0,0
1,250,17,20,0,0
1,250,31.5,20,0,0
1,250,32,20,0,0
1,250,1.5,20,0,0
1,250,2,20,0,0
1,250,16.5,20.5,0,0
1,250,17,20.5,0,0
1,250,31.5,20.5,0,0
1,250,32,20.5,0,0
1,250,1.5,20.5,0,0
1,250,2,20.5,0,0
1,250,16.5,21,0,0
1,250,17,21,0,0
1,250,31.5,21,0,0
1,250,32,21,0,0
1,250,1.5,21,0,0
1,250,2,21,0,0
1,250,16.5,21.5,0,0
1,250,17,21.5,0,0
1,250,31.5,21.5,0,0
1,250,32,21.5,0,0
1,250,1.5,21.5,0,0
1,250,2,21.5,0,0
1,250,16.5,22,0,0
1,250,17,22,0,0
1,250,31.5,22,0,0
1,250,32,22,0,0
1,250,1.5,22,0,0
1,250,2,22,0,0
1,250,16.5,22.5,0,0
1,250,17,22.5,0,0
1,250,31.5,22.5,0,0
1,250,32,22.5,0,0
1,250,1.5,22.5,0,0
1,250,2,22.5,0,0
1,250,16.5,23,0,0
1,250,17,23,0,0
1,250,31.5,23,0,0
1,250,32,23,0,0
1,250,1.5,23,0,0
1,250,2,23,0,0
1,250,16.5,23.5,0,0
1,250,17,23.5,0,0
1,250,31.5,23.5,0,0
1,250,32,23.5,0,0
1,250,1.5,23.5,0,0
1,250,2,23.5,0,0
1,250,16.5,24,0,0
1,250,17,24,0,0
1,250,31.5,24,0,0
1,250,32,24,0,0
1,250,1.5,24,0,0
1,250,2,24,0,0
1,250,16.5,24.5,0,0
1,250,17,24.5,0,0
1,250,31.5,24.5,0,0
1,250,32,24.5,0,0
1,250,1.5,24.5,0,0
1,250,2,24.5,0,0
1,250,16.5,25,0,0
1,250,17,25,0,0
1,250,31.5,25,0,0
1,250,32,25,0,0
1,250,1.5,25,0,0
1,250,2,25,0,0
1,250,16.5,25.5,0,0
1,250,17,25.5,0,0
1,250,31.5,25.5,0,0
1,250,32,25.5,0,0
1,250,1.5,25.5,0,0
1,250,2,25.5,0,0
1,250,16.5,26,0,0
1,250,17,26,0,0
1,250,31.5,26,0,0
1,250,32,26,0,0
1,250,1.5,26,0,0
1,250,2,26,0,0
1,250,16.5,26.5,0,0
1,250,17,26.5,0,0
1,250,31.5,26.5,0,0
1,250,32,26.5,0,0
1,250,1.5,26.5,0,0
1,250,2,26.5,0,0
1,250,16.5,27,0,0
1,250,17,27,0,0
1,250,31.5,27,0,0
1,250,32,27,0,0
1,250,1.5,27,0,0
1,250,2,27,0,0
1,250,16.5,27.5,0,0
1,250,17,27.5,0,0
1,250,31.5,27.5,0,0
1,250,32,27.5,0,0
1,250,1.5,27.5,0,0
1,250,2,27.5,0,0
1,250,16.5,28,0,0
1,250,17,28,0,0
1,250,31.5,28,0,0
1,250,32,28,0,0
1,250,1.5,28,0,0
1,250,2,28,0,0
1,250,16.5,28.5,0,0
1,250,17,28.5,0,0
1,250,31.5,28.5,0,0
1,250,32,28.5,0,0
1,250,1.5,28.5,0,0
1,250,2,28.5,0,0
1,250,16.5,29,0,0
1,250,17,29,0,0
1,250,31.5,29,0,0
1,250,32,29,0,0
1,250,1.5,29,0,0
1,250,2,29,0,0
1,250,16.5,29.5,0,0
1,250,17,29.5,0,0
1,250,31.5,29.5,0,0
1,250,32,29.5,0,0
1,250,1.5,29.5,0,0
1,250,2,29.5,0,0
1,250,16.5,30,0,0
1,250,17,30,0,0
1,250,31.5,30,0,0
1,250,32,30,0,0
1,250,1.5,30,0,0
1,250,2,30,0,0
1,250,16.5,30.5,0,0
1,250,17,30.5,0,0
1,250,31.5,30.5,0,0
1,250,32,30.5,0,0
1,250,1.5,30.5,0,0
1,250,2,30.5,0,0
1,250,16.5,31,0,0
1,250,17,31,0,0
1,250,31.5,31,0,0
1,250,32,31,0,0
1,250,1.5,31,0,0
1,250,2,31,0,0
1,250,2.5,1.5,0,0
1,250,2.5,2,0,0
1,250,3,1.5,0,0
1,250,3,2,0,0
1,250,3.5,1.5,0,0
1,250,3.5,2,0,0
1,250,4,1.5,0,0
1,250,4,2,0,0
1,250,4.5,1.5,0,0
1,250,4.5,2,0,0
1,250,5,1.5,0,0
1,250,5,2,0,0
1,250,5.5,1.5,0,0
1,250,5.5,2,0,0
1,250,6,1.5,0,0
1,250,6,2,0,0
1,250,6,30.5,0,0
1,250,6,31,0,0
1,250,6.5,1.5,0,0
1,250,6.5,2,0,0
1,250,6.5,30.5,0,0
1,250,6.5,31,0,0
1,250,7,1.5,0,0
1,250,7,2,0,0
1,250,7,30.5,0,0
1,250,7,31,0,0
1,250,7.5,1.5,0,0
1,250,7.5,2,0,0
1,250,7.5,30.5,0,0
1,250,7.5,31,0,0
1,250,8,1.5,0,0
1,250,8,2,0,0
1,250,8,30.5,0,0
1,250,8,31,0,0
1,250,8.5,1.5,0,0
1,250,8.5,2,0,0
1,250,8.5,30.5,0,0
1,250,8.5,31,0,0
1,250,9,1.5,0,0
1,250,9,2,0,0
1,250,9,30.5,0,0
1,250,9,31,0,0
1,250,9.5,1.5,0,0
1,250,9.5,2,0,0
1,250,9.5,30.5,0,0
1,250,9.5,31,0,0
1,250,10,1.5,0,0
1,250,10,2,0,0
1,250,10,30.5,0,0
1,250,10,31,0,0
1,250,10.5,1.5,0,0
1,250,10.5,2,0,0
1,250,10.5,30.5,0,0
1,250,10.5,31,0,0
1,250,11,1.5,0,0
1,250,11,2,0,0
1,250,11,30.5,0,0
1,250,11,31,0,0
1,250,11.5,1.5,0,0
1,250,11.5,2,0,0
1,250,11.5,30.5,0,0
1,250,11.5,31,0,0
1,250,12,1.5,0,0
1,250,12,2,0,0
1,250,12,30.5,0,0
1,250,12,31,0,0
1,250,12.5,1.5,0,0
1,250,12.5,2,0,0
1,250,12.5,30.5,0,0
1,250,12.5,31,0,0
1,250,13,1.5,0,0
1,250,13,2,0,0
1,250,13,30.5,0,0
1,250,13,31,0,0
1,250,13.5,1.5,0,0
1,250,13.5,2,0,0
1,250,13.5,30.5,0,0
1,250,13.5,31,0,0
1,250,14,1.5,0,0
1,250,14,2,0,0
1,250,14,30.5,0,0
1,250,14,31,0,0
1,250,14.5,1.5,0,0
1,250,14.5,2,0,0
1,250,14.5,30.5,0,0
1,250,14.5,31,0,0
1,250,15,1.5,0,0
1,250,15,2,0,0
1,250,15,30.5,0,0
1,250,15,31,0,0
1,250,15.5,1.5,0,0
1,250,15.5,2,0,0
1,250,15.5,30.5,0,0
1,250,15.5,31,0,0
1,250,16,1.5,0,0
1,250,16,2,0,0
1,250,16,30.5,0,0
1,250,16,31,0,0
1,250,17.5,1.5,0,0
1,250,17.5,2,0,0
1,250,17.5,30.5,0,0
1,250,17.5,31,0,0
1,250,18,1.5,0,0
1,250,18,2,0,0
1,250,18,30.5,0,0
1,250,18,31,0,0
1,250,18.5,1.5,0,0
1,250,18.5,2,0,0
1,250,18.5,30.5,0,0
1,250,18.5,31,0,0
1,250,19,1.5,0,0
1,250,19,2,0,0
1,250,19,30.5,0,0
1,250,19,31,0,0
1,250,19.5,1.5,0,0
1,250,19.5,2,0,0
1,250,19.5,30.5,0,0
1,250,19.5,31,0,0
1,250,20,1.5,0,0
1,250,20,2,0,0
1,250,20,30.5,0,0
1,250,20,31,0,0
1,250,20.5,1.5,0,0
1,250,20.5,2,0,0
1,250,20.5,30.5,0,0
1,250,20.5,31,0,0
1,250,21,1.5,0,0
1,250,21,2,0,0
1,250,21,30.5,0,0
1,250,21,31,0,0
1,250,21.5,1.5,0,0
1,250,21.5,2,0,0
1,250,21.5,30.5,0,0
1,250,21.5,31,0,0
1,250,22,1.5,0,0
1,250,22,2,0,0
1,250,22,30.5,0,0
1,250,22,31,0,0
1,250,22.5,1.5,0,0
1,250,22.5,2,0,0
1,250,22.5,30.5,0,0
1,250,22.5,31,0,0
1,250,23,1.5,0,0
1,250,23,2,0,0
1,250,23,30.5,0,0
1,250,23,31,0,0
1,250,23.5,1.5,0,0
1,250,23.5,2,0,0
1,250,23.5,30.5,0,0
1,250,23.5,31,0,0
1,250,24,1.5,0,0
1,250,24,2,0,0
1,250,24,30.5,0,0
1,250,24,31,0,0
1,250,24.5,1.5,0,0
1,250,24.5,2,0,0
1,250,24.5,30.5,0,0
1,250,24.5,31,0,0
1,250,25,1.5,0,0
1,250,25,2,0,0
1,250,25,30.5,0,0
1,250,25,31,0,0
1,250,25.5,1.5,0,0
1,250,25.5,2,0,0
1,250,25.5,30.5,0,0
1,250,25.5,31,0,0
1,250,26,1.5,0,0
1,250,26,2,0,0
1,250,26,30.5,0,0
1,250,26,31,0,0
1,250,26.5,1.5,0,0
1,250,26.5,2,0,0
1,250,26.5,30.5,0,0
1,250,26.5,31,0,0
1,250,27,1.5,0,0
1,250,27,2,0,0
1,250,27,30.5,0,0
1,250,27,31,0,0
1,250,27.5,1.5,0,0
1,250,27.5,2,0,0
1,250,27.5,30.5,0,0
1,250,27.5,31,0,0
1,250,28,1.5,0,0
1,250,28,2,0,0
1,250,28.5,1.5,0,0
1,250,28.5,2,0,0
1,250,29,1.5,0,0
1,250,29,2,0,0
1,250,29.5,1.5,0,0
1,250,29.5,2,0,0
1,250,30,1.5,0,0
1,250,30,2,0,0
1,250,30.5,1.5,0,0
1,250,30.5,2,0,0
1,250,31,1.5,0,0
1,250,31,2,0,0
1,250,32,31.5,0,0
1,250,31.9918,31.9999,0,0
1,250,31.9672,32.4993,0,0
1,250,31.9263,32.9976,0,0
1,250,31.869,33.4943,0,0
1,250,31.7955,33.9888,0,0
1,250,31.7059,34.4807,0,0
1,250,31.6001,34.9694,0,0
1,250,31.4784,35.4543,0,0
1,250,31.3409,35.935,0,0
1,250,31.1876,36.4109,0,0
1,250,31.0189,36.8815,0,0
1,250,30.8348,37.3464,0,0
1,250,30.6356,37.805,0,0
1,250,30.4215,38.2568,0,0
1,250,30.1926,38.7013,0,0
1,250,29.9493,39.1381,0,0
1,250,29.6918,39.5667,0,0
1,250,29.4205,39.9866,0,0
1,250,29.1354,40.3974,0,0
1,250,28.8371,40.7986,0,0
1,250,28.5258,41.1898,0,0
1,250,28.2018,41.5706,0,0
1,250,27.8656,41.9406,0,0
1,250,27.5173,42.2994,0,0
1,250,27.1575,42.6466,0,0
1,250,26.7865,42.9817,0,0
1,250,26.4048,43.3046,0,0
1,250,26.0126,43.6147,0,0
1,250,25.6105,43.9119,0,0
1,250,25.1989,44.1956,0,0
1,250,24.7781,44.4658,0,0
1,250,24.3488,44.722,0,0
1,250,23.9113,44.964,0,0
1,250,23.4661,45.1915,0,0
1,250,23.0136,45.4043,0,0
1,250,22.5545,45.6021,0,0
1,250,22.0891,45.7848,0,0
1,250,21.6179,45.9522,0,0
1,250,21.1416,46.104,0,0
1,250,20.6605,46.2401,0,0
1,250,20.1752,46.3604,0,0
1,250,19.6862,46.4647,0,0
1,250,19.1941,46.5529,0,0
1,250,18.6993,46.6249,0,0
1,250,18.2024,46.6807,0,0
1,250,17.704,46.7201,0,0
1,250,17.2046,46.7432,0,0
1,250,16.7046,46.7499,0,0
1,250,16.2048,46.7402,0,0
1,250,15.7055,46.7142,0,0
1,250,15.2073,46.6718,0,0
1,250,14.7108,46.613,0,0
1,250,14.2164,46.5381,0,0
1,250,13.7248,46.4469,0,0
1,250,13.2365,46.3397,0,0
1,250,12.7519,46.2166,0,0
1,250,12.2716,46.0776,0,0
1,250,11.7962,45.923,0,0
1,250,11.326,45.7528,0,0
1,250,10.8617,45.5674,0,0
1,250,10.4038,45.3668,0,0
1,250,9.9526,45.1513,0,0
1,250,9.50875,44.9211,0,0
1,250,9.07269,44.6765,0,0
1,250,8.64487,44.4178,0,0
1,250,8.22577,44.1452,0,0
1,250,7.81583,43.8589,0,0
1,250,7.41549,43.5594,0,0
1,250,7.02519,43.2469,0,0
1,250,6.64534,42.9218,0,0
1,250,6.27635,42.5845,0,0
1,250,5.91862,42.2352,0,0
1,250,5.57253,41.8743,0,0
1,250,5.23846,41.5023,0,0
1,250,4.91676,41.1196,0,0
1,250,4.60778,40.7265,0,0
1,250,4.31185,40.3235,0,0
1,250,4.02929,39.9111,0,0
1,250,3.7604,39.4895,0,0
1,250,3.50548,39.0594,0,0
1,250,3.26479,38.6212,0,0
1,250,3.0386,38.1753,0,0
1,250,2.82714,37.7223,0,0
1,250,2.63065,37.2625,0,0
1,250,2.44934,36.7966,0,0
1,250,2.2834,36.3249,0,0
1,250,2.13301,35.8481,0,0
1,250,1.99833,35.3666,0,0
1,250,1.87951,34.881,0,0
1,250,1.77667,34.3917,0,0
1,250,1.68992,33.8993,0,0
1,250,1.61936,33.4043,0,0
1,250,1.56507,32.9073,0,0
1,250,1.5271,32.4087,0,0
1,250,1.50549,31.9092,0,0
1,250,1.50027,31.4093,0,0
1,250,31.5,31.5,0,0
1,250,31.4918,31.9916,0,0
1,250,31.4672,32.4826,0,0
1,250,31.4263,32.9725,0,0
1,250,31.3691,33.4608,0,0
1,250,31.2956,33.947,0,0
1,250,31.206,34.4304,0,0
1,250,31.1003,34.9105,0,0
1,250,30.9787,35.3869,0,0
1,250,30.8412,35.8589,0,0
1,250,30.6881,36.3261,0,0
1,250,30.5195,36.788,0,0
1,250,30.3356,37.2439,0,0
1,250,30.1367,37.6935,0,0
1,250,29.9228,38.1362,0,0
1,250,29.6943,38.5715,0,0
1,250,29.4515,38.999,0,0
1,250,29.1945,39.4181,0,0
1,250,28.9237,39.8285,0,0
1,250,28.6394,40.2296,0,0
1,250,28.3418,40.621,0,0
1,250,28.0314,41.0022,0,0
1,250,27.7085,41.3729,0,0
1,250,27.3734,41.7326,0,0
1,250,27.0264,42.081,0,0
1,250,26.6681,42.4176,0,0
1,250,26.2987,42.7421,0,0
1,250,25.9187,43.0541,0,0
1,250,25.5286,43.3532,0,0
1,250,25.1287,43.6392,0,0
1,250,24.7195,43.9117,0,0
1,250,24.3014,44.1704,0,0
1,250,23.8749,44.415,0,0
1,250,23.4405,44.6453,0,0
1,250,22.9987,44.861,0,0
1,250,22.55,45.0618,0,0
1,250,22.0948,45.2476,0,0
1,250,21.6336,45.4181,0,0
1,250,21.1671,45.5731,0,0
1,250,20.6956,45.7125,0,0
1,250,20.2198,45.8361,0,0
1,250,19.74,45.9438,0,0
1,250,19.257,46.0354,0,0
1,250,18.7712,46.1109,0,0
1,250,18.2831,46.1701,0,0
1,250,17.7934,46.2131,0,0
1,250,17.3024,46.2397,0,0
1,250,16.8109,46.2499,0,0
1,250,16.3193,46.2437,0,0
1,250,15.8282,46.2212,0,0
1,250,15.3381,46.1823,0,0
1,250,14.8495,46.1271,0,0
1,250,14.3631,46.0556,0,0
1,250,13.8794,45.968,0,0
1,250,13.3988,45.8643,0,0
1,250,12.9219,45.7446,0,0
1,250,12.4493,45.6091,0,0
1,250,11.9815,45.4579,0,0
1,250,11.5189,45.2913,0,0
1,250,11.0622,45.1093,0,0
1,250,10.6118,44.9121,0,0
1,250,10.1683,44.7001,0,0
1,250,9.73199,44.4734,0,0
1,250,9.30352,44.2323,0,0
1,250,8.88332,43.9771,0,0
1,250,8.47187,43.708,0,0
1,250,8.06961,43.4253,0,0
1,250,7.67699,43.1294,0,0
1,250,7.29446,42.8206,0,0
1,250,6.92243,42.4992,0,0
1,250,6.56132,42.1655,0,0
1,250,6.21153,41.82,0,0
1,250,5.87344,41.4631,0,0
1,250,5.54744,41.0951,0,0
1,250,5.23389,40.7164,0,0
1,250,4.93313,40.3275,0,0
1,250,4.6455,39.9287,0,0
1,250,4.37132,39.5206,0,0
1,250,4.11089,39.1036,0,0
1,250,3.8645,38.6782,0,0
1,250,3.63243,38.2448,0,0
1,250,3.41494,37.8039,0,0
1,250,3.21225,37.3559,0,0
1,250,3.02461,36.9015,0,0
1,250,2.85222,36.4411,0,0
1,250,2.69527,35.9752,0,0
1,250,2.55393,35.5043,0,0
1,250,2.42837,35.0289,0,0
1,250,2.31871,34.5497,0,0
1,250,2.22509,34.067,0,0
1,250,2.14761,33.5815,0,0
1,250,2.08635,33.0937,0,0
1,250,2.04138,32.6041,0,0
1,250,2.01276,32.1133,0,0
1,250,2.0005,31.6218,0,0
1,250,2.00464,31.1302,0,0
1,250,27.5,31.5,0,0
1,250,27.4884,31.9998,0,0
1,250,27.4535,32.4986,0,0
1,250,27.3955,32.9951,0,0
1,250,27.3145,33.4885,0,0
1,250,27.2106,33.9775,0,0
1,250,27.0841,34.4612,0,0
1,250,26.9352,34.9385,0,0
1,250,26.7644,35.4083,0,0
1,250,26.5718,35.8697,0,0
1,250,26.358,36.3217,0,0
1,250,26.1234,36.7632,0,0
1,250,25.8686,37.1933,0,0
1,250,25.594,37.6111,0,0
1,250,25.3003,38.0157,0,0
1,250,24.9881,38.4062,0,0
1,250,24.6581,38.7818,0,0
1,250,24.311,39.1416,0,0
1,250,23.9475,39.4849,0,0
1,250,23.5685,39.8109,0,0
1,250,23.1747,40.1189,0,0
1,250,22.767,40.4083,0,0
1,250,22.3463,40.6784,0,0
1,250,21.9135,40.9287,0,0
1,250,21.4696,41.1586,0,0
1,250,21.0154,41.3676,0,0
1,250,20.552,41.5552,0,0
1,250,20.0803,41.7211,0,0
1,250,19.6015,41.8649,0,0
1,250,19.1165,41.9863,0,0
1,250,18.6264,42.085,0,0
1,250,18.1322,42.1608,0,0
1,250,17.6351,42.2135,0,0
1,250,17.136,42.2431,0,0
1,250,16.6361,42.2494,0,0
1,250,16.1364,42.2325,0,0
1,250,15.6381,42.1923,0,0
1,250,15.1421,42.1291,0,0
1,250,14.6497,42.0428,0,0
1,250,14.1617,41.9338,0,0
1,250,13.6794,41.8021,0,0
1,250,13.2037,41.6482,0,0
1,250,12.7357,41.4724,0,0
1,250,12.2764,41.2749,0,0
1,250,11.8268,41.0564,0,0
1,250,11.3878,40.8171,0,0
1,250,10.9604,40.5577,0,0
1,250,10.5455,40.2788,0,0
1,250,10.144,39.9808,0,0
1,250,9.75687,39.6645,0,0
1,250,9.38483,39.3305,0,0
1,250,9.02872,38.9796,0,0
1,250,8.6893,38.6125,0,0
1,250,8.36733,38.23,0,0
1,250,8.06348,37.833,0,0
1,250,7.77842,37.4223,0,0
1,250,7.51277,36.9987,0,0
1,250,7.2671,36.5633,0,0
1,250,7.04194,36.1169,0,0
1,250,6.83777,35.6606,0,0
1,250,6.65505,35.1952,0,0
1,250,6.49416,34.7218,0,0
1,250,6.35545,34.2415,0,0
1,250,6.23923,33.7552,0,0
1,250,6.14574,33.2641,0,0
1,250,6.07518,32.7692,0,0
1,250,6.02772,32.2715,0,0
1,250,6.00344,31.7721,0,0
1,250,6.00242,31.2721,0,0
1,250,27,31.5,0,0
1,250,26.9878,31.9998,0,0
1,250,26.9513,32.4984,0,0
1,250,26.8904,32.9947,0,0
1,250,26.8055,33.4873,0,0
1,250,26.6966,33.9753,0,0
1,250,26.5641,34.4574,0,0
1,250,26.4082,34.9324,0,0
1,250,26.2294,35.3992,0,0
1,250,26.028,35.8568,0,0
1,250,25.8045,36.3041,0,0
1,250,25.5595,36.7398,0,0
1,250,25.2935,37.1632,0,0
1,250,25.0072,37.573,0,0
1,250,24.7012,37.9684,0,0
1,250,24.3764,38.3484,0,0
1,250,24.0333,38.7122,0,0
1,250,23.673,39.0587,0,0
1,250,23.2962,39.3873,0,0
1,250,22.9038,39.6971,0,0
1,250,22.4968,39.9875,0,0
1,250,22.0761,40.2576,0,0
1,250,21.6427,40.5069,0,0
1,250,21.1977,40.7347,0,0
1,250,20.7421,40.9406,0,0
1,250,20.2771,41.124,0,0
1,250,19.8036,41.2846,0,0
1,250,19.3228,41.4218,0,0
1,250,18.836,41.5355,0,0
1,250,18.3442,41.6253,0,0
1,250,17.8485,41.691,0,0
1,250,17.3503,41.7324,0,0
1,250,16.8507,41.7495,0,0
1,250,16.3508,41.7422,0,0
1,250,15.8518,41.7106,0,0
1,250,15.355,41.6546,0,0
1,250,14.8615,41.5745,0,0
1,250,14.3725,41.4705,0,0
1,250,13.8892,41.3427,0,0
1,250,13.4126,41.1915,0,0
1,250,12.944,41.0172,0,0
1,250,12.4845,40.8203,0,0
1,250,12.0351,40.6012,0,0
1,250,11.5969,40.3605,0,0
1,250,11.171,40.0987,0,0
1,250,10.7584,39.8164,0,0
1,250,10.36,39.5144,0,0
1,250,9.97678,39.1932,0,0
1,250,9.60971,38.8538,0,0
1,250,9.25962,38.4969,0,0
1,250,8.92735,38.1233,0,0
1,250,8.6137,37.734,0,0
1,250,8.3194,37.3299,0,0
1,250,8.04515,36.9119,0,0
1,250,7.79162,36.481,0,0
1,250,7.5594,36.0382,0,0
1,250,7.34904,35.5847,0,0
1,250,7.16105,35.1214,0,0
1,250,6.99588,34.6495,0,0
1,250,6.8539,34.1702,0,0
1,250,6.73547,33.6844,0,0
1,250,6.64087,33.1935,0,0
1,250,6.57032,32.6986,0,0
1,250,6.52398,32.2008,0,0
1,250,6.50198,31.7013,0,0
1,250,6.50435,31.2014,0,0
