2452 2 0.25 4000 0.15 2 0 0.001 0 9.81 18 25
0,0.25,1.25211,13.6508,-0.0425536,0.0106511
0,0.25,1.23734,13.2131,0.0775032,0.030579
0,0.25,1.94929,12.6716,-0.0399208,-0.180238
0,0.25,1.23829,12.2786,-0.130226,0.130847
0,0.25,2.13717,12.4908,0.0503738,-0.0491834
0,0.25,1.30129,12.4994,0.0317216,0.110024
0,0.25,1.25655,12.7219,-0.101711,0.120252
0,0.25,1.25742,12.9389,0.0498607,0.132243
0,0.25,1.25377,13.8903,-0.0613472,0.0385466
0,0.25,1.46181,13.0507,0.142022,-0.00813363
0,0.25,1.26735,14.1066,0.0520307,-0.0343495
0,0.25,1.64614,13.4849,0.0684091,-0.201322
0,0.25,1.25999,14.5599,-0.0198798,-0.0431958
0,0.25,1.50571,13.6663,0.00800556,-0.206286
0,0.25,1.32908,16.8321,0.0207783,0.115907
0,0.25,1.6774,18.2345,-0.0531682,-0.108622
0,0.25,1.77115,18.4732,-0.0747651,-0.0572508
0,0.25,3.0206,20.4771,0.0320839,0.0105125
0,0.25,2.9933,18.8958,-0.257479,-0.0713828
0,0.25,3.11093,20.2224,0.00877228,-0.0525726
0,0.25,5.07931,22.0764,-0.0353907,-0.0238314
0,0.25,7.68152,22.2625,-0.404146,0.225242
0,0.25,8.22131,21.5743,-0.36966,0.134274
0,0.25,6.62917,22.2358,-0.460881,-0.0261183
0,0.25,11.5098,21.4349,-0.261093,0.110221
0,0.25,10.7475,22.244,-0.633858,0.158448
0,0.25,11.4926,22.1701,-0.00507272,0.0254193
0,0.25,14.4633,17.7212,-0.207545,0.35026
0,0.25,14.1186,18.7311,-0.274935,0.158098
0,0.25,13.9416,19.8522,-0.292726,0.00488254
0,0.25,14.1342,13.5112,0.150099,0.271557
0,0.25,14.6157,17.1717,-0.299666,0.152761
0,0.25,14.9805,17.5701,-0.130982,0.0601466
0,0.25,12.6247,12.498,0.0568183,0.0409068
0,0.25,14.3002,12.1226,0.181117,0.206045
0,0.25,11.4083,12.716,0.0293373,0.101857
0,0.25,13.518,12.6313,0.0408379,0.0804925
0,0.25,9.36955,13.6111,0.126676,0.143575
0,0.25,11.3683,13.1597,0.044282,0.08476
0,0.25,9.19193,12.9369,-0.0145753,0.269714
0,0.25,14.3682,14.2541,-0.211336,0.451801
0,0.25,8.93167,13.9247,0.146794,0.0988088
0,0.25,10.1806,13.3182,0.114384,-0.036938
0,0.25,10.6017,11.4895,0.0203338,0.141943
0,0.25,9.76531,11.9382,-0.0215352,0.120916
0,0.25,9.59579,13.051,-0.0383757,0.145018
0,0.25,14.5431,12.2252,0.176534,0.285724
0,0.25,11.0317,11.786,-0.0122988,0.153368
0,0.25,14.989,15.0217,-0.0310252,0.198069
0,0.25,11.3472,11.8084,-0.0369684,0.143331
0,0.25,10.4342,13.3387,0.104442,0.000215244
0,0.25,15.4974,15.9245,-0.00602118,0.165689
0,0.25,12.9976,11.3455,0.261885,0.163106
0,0.25,10.3286,13.091,0.0595305,-0.00568065
0,0.25,10.684,12.1324,-0.0236437,0.151742
0,0.25,14.0101,11.3528,0.321326,0.146473
0,0.25,1.53704,12.6452,-0.0971218,0.0622745
0,0.25,2.03467,12.316,-0.0652908,-0.00641313
0,0.25,1.51545,13.2997,0.0359469,-0.0822508
0,0.25,1.30268,15.4615,0.0463209,-0.195989
0,0.25,1.29626,13.4335,-0.0476822,0.0115357
0,0.25,1.25513,14.3361,-0.0609032,-0.0221651
0,0.25,1.2559,14.7893,0.00552085,0.00480826
0,0.25,1.24971,15.2382,-0.0395038,-0.148871
0,0.25,1.26665,16.3566,-0.00985434,0.0937863
0,0.25,1.29645,16.5976,-0.038277,0.115664
0,0.25,1.98422,18.9234,-0.0343126,-0.0482729
0,0.25,2.21891,19.3408,-0.01135,-0.0232358
0,0.25,2.09839,19.1374,-0.0267208,-0.042427
0,0.25,1.85704,18.0267,-0.0273371,-0.15872
0,0.25,2.94244,19.5864,-0.176047,-0.192004
0,0.25,3.90893,21.3102,-0.00140955,-0.00297979
0,0.25,4.87482,21.9648,-0.0883225,-0.0351027
0,0.25,4.93822,21.4982,-0.171627,-0.258933
0,0.25,5.49993,22.2834,-0.00195225,0.0310702
0,0.25,7.63605,22.8735,-0.664213,-0.0358265
0,0.25,8.21242,22.9046,-0.38224,0.0712789
0,0.25,6.72067,22.4613,-0.358694,0.00548222
0,0.25,9.70014,22.7708,-0.0417366,0.0367695
0,0.25,10.3988,22.5934,0.0768961,-0.0180166
0,0.25,10.0035,22.4707,-0.0800913,0.0867646
0,0.25,11.4637,21.9308,-0.332816,0.170339
0,0.25,12.1719,21.5268,-0.540232,0.273805
0,0.25,11.9108,21.9466,0.149521,-0.00619785
0,0.25,14.7295,16.5577,-0.229111,0.316213
0,0.25,13.1507,12.9829,0.0410891,0.00637405
0,0.25,12.884,21.2884,0.0503432,-0.0440439
0,0.25,13.7448,20.4392,0.068862,-0.145326
0,0.25,15.2501,17.1514,-0.423077,-0.0462315
0,0.25,11.909,14.8241,0.00640675,0.00465198
0,0.25,11.5777,12.5174,0.0129823,0.0826008
0,0.25,14.5764,18.1674,-0.112856,0.398169
0,0.25,12.62,15.0223,0.0418212,-0.0158139
0,0.25,11.2493,12.9237,0.0441851,0.0994336
0,0.25,9.79934,13.5742,0.145943,-0.00725551
0,0.25,10.9483,13.8249,0.0896054,0.0287017
0,0.25,10.0882,13.0549,0.0177516,0.0254414
0,0.25,10.1861,11.7272,-0.0323973,0.0928998
0,0.25,8.75054,10.7859,0.0260485,0.462176
0,0.25,15.271,13.0931,-0.0219361,0.313533
0,0.25,14.8339,13.5356,-0.0760295,0.317416
0,0.25,11.7991,11.3802,0.092743,0.215835
0,0.25,14.7914,14.8739,0.0530346,0.176147
0,0.25,10.9796,12.902,0.0556196,0.0857595
0,0.25,10.2048,12.0666,-0.0200971,0.107423
0,0.25,9.15537,12.641,-0.0957649,0.215993
0,0.25,14.7263,12.0917,0.106858,0.183034
0,0.25,12.52,11.8284,0.0769112,0.0782504
0,0.25,10.4665,12.8532,0.0169334,0.06025
0,0.25,9.99492,12.7675,-0.0707231,0.110899
0,0.25,10.5776,13.1057,0.0644274,0.0317562
0,0.25,10.2245,12.8249,-0.0361455,0.0472399
0,0.25,1.44164,12.1126,-0.00374199,0.0808833
0,0.25,1.8339,13.3141,0.0869876,-0.16822
0,0.25,1.77747,13.7538,0.115983,-0.308974
0,0.25,1.21869,15.8273,-0.0212715,0.00735784
0,0.25,1.52299,14.3303,-0.0248578,-0.396134
0,0.25,1.47013,17.5347,-0.00182111,0.0289428
0,0.25,1.38478,15.6352,-0.217231,-0.13365
0,0.25,2.46757,19.7264,-0.0039362,0.107774
0,0.25,2.72381,20.1,0.0536112,0.0876389
0,0.25,1.97209,17.6006,-0.0104312,-0.365237
0,0.25,2.40162,19.2013,-0.167544,-0.26638
0,0.25,3.62498,20.4736,-0.241978,-0.203169
0,0.25,3.26705,20.4056,-0.0386011,0.0280454
0,0.25,3.43339,20.5834,-0.015577,-0.00884524
0,0.25,7.93089,22.8973,-0.607426,-0.0487739
0,0.25,6.16368,22.316,-0.498711,-0.0301078
0,0.25,8.54967,21.9907,-0.5495,0.126216
0,0.25,9.11039,22.4107,0.0355954,-0.101272
0,0.25,10.8015,21.7555,-0.296812,0.113033
0,0.25,10.7844,22.0078,-0.389837,0.14081
0,0.25,12.9941,20.635,-0.154899,0.0969235
0,0.25,12.3959,20.3429,-0.0610074,0.151071
0,0.25,13.662,18.2375,-0.0708719,0.074428
0,0.25,13.9926,18.9498,-0.234484,0.148572
0,0.25,13.9857,19.4081,-0.133738,0.0705015
0,0.25,13.1808,20.4491,-0.222822,0.302722
0,0.25,14.6426,17.9053,-0.097414,0.258718
0,0.25,14.8303,15.983,-0.186039,0.171131
0,0.25,13.4303,20.7829,0.136688,-0.0864994
0,0.25,14.9984,15.5283,-0.165557,0.200608
0,0.25,12.7784,13.9411,-0.105195,0.0550534
0,0.25,11.5981,13.644,0.0570643,0.0333118
0,0.25,13.6519,12.436,0.0400428,0.0794958
0,0.25,15.0298,15.8241,-0.130357,0.327747
0,0.25,12.7934,12.319,0.0569686,0.0726718
0,0.25,12.0593,14.6013,0.0506828,0.00166035
0,0.25,8.99005,13.1121,-0.012114,0.188552
0,0.25,15.3264,16.8029,-0.0752684,0.252049
0,0.25,14.6205,12.7896,-0.0442033,0.288731
0,0.25,11.7454,13.429,0.0304044,0.0319541
0,0.25,10.3652,12.5932,-0.014414,0.111439
0,0.25,15.2574,15.8342,-0.0444619,-0.0334922
0,0.25,9.421,12.4169,-0.00554569,0.177123
0,0.25,10.6126,12.6269,0.0129971,0.0920998
0,0.25,15.5015,15.6843,0.00093086,0.137121
0,0.25,11.1741,11.6107,0.0139794,0.128317
0,0.25,11.3635,12.0327,0.0258628,0.148251
0,0.25,14.2459,11.376,0.266608,0.167313
0,0.25,9.84633,12.1885,-0.0243407,0.148075
0,0.25,10.1304,12.5375,-0.0433917,0.117391
0,0.25,10.7187,12.8798,0.0413108,0.0532874
0,0.25,15.2682,12.8331,-0.0663566,0.335204
0,0.25,15.4849,15.4589,-0.107814,0.192105
0,0.25,13.4684,11.0107,0.333767,0.267665
0,0.25,14.3668,13.976,-0.169774,0.436721
0,0.25,10.9312,12.1955,-0.000167631,0.129583
0,0.25,1.71549,13.0955,0.212298,-0.138653
0,0.25,1.26359,15.0152,0.144556,-0.0908945
0,0.25,1.5372,13.8947,0.0113437,-0.336151
0,0.25,1.6013,17.9962,-0.00820062,-0.0823436
0,0.25,1.5495,16.6203,-0.138331,-0.0677733
0,0.25,1.87482,18.7019,-0.0411979,-0.0566204
0,0.25,1.67628,17.3219,0.013439,0.0287105
0,0.25,3.18696,20.6589,0.0154834,0.0654921
0,0.25,3.72034,21.1624,0.000441655,-0.019373
0,0.25,4.28291,21.594,-0.0253206,0.0217172
0,0.25,4.67051,21.8472,-0.0467639,-0.0566888
0,0.25,5.35862,21.2484,-0.215789,-0.0546951
0,0.25,6.62396,22.6663,0.153679,-0.00640329
0,0.25,5.71934,22.3716,0.0351701,-0.0451665
0,0.25,7.27862,22.0013,-0.547415,-0.265928
0,0.25,8.86931,22.4259,0.0559278,-0.113318
0,0.25,8.71081,22.2034,-0.150409,0.0242912
0,0.25,8.95845,22.8717,-0.0312381,-0.0160141
0,0.25,10.2427,22.4034,-0.238697,0.037959
0,0.25,9.45547,22.8153,-0.0614708,0.00288312
0,0.25,12.6113,20.6901,-0.108442,0.0604539
0,0.25,12.3965,20.6058,-0.111967,0.161638
0,0.25,10.4903,22.3327,-0.410069,0.0928642
0,0.25,13.26,20.9608,0.0768408,0.0360396
0,0.25,12.3027,21.6998,0.199216,-0.188292
0,0.25,13.4281,20.4641,-0.107765,0.0747888
0,0.25,13.0344,20.8828,-0.00261238,0.0249106
0,0.25,14.5989,15.5817,-0.0811616,0.201305
0,0.25,14.7574,15.4072,-0.12124,0.138851
0,0.25,13.8932,20.2626,-0.0512331,-0.123158
0,0.25,14.6161,15.861,-0.135386,0.139256
0,0.25,13.2814,12.1489,0.103202,0.0655446
0,0.25,12.9243,12.1174,0.0434404,0.0523503
0,0.25,11.4302,14.3459,0.0792749,-0.00457704
0,0.25,13.7969,12.6966,0.0124263,0.107861
0,0.25,13.1101,11.9713,0.0726599,0.119719
0,0.25,15.3345,17.3565,-8.67117e-05,-0.134445
0,0.25,11.9667,13.9128,0.0337728,0.0139724
0,0.25,9.61327,12.6764,-0.0632854,0.079797
0,0.25,14.4018,12.6697,-0.00799818,0.163151
0,0.25,12.3297,14.5982,0.0510626,0.0302472
0,0.25,9.14961,11.2981,-0.0648259,0.0855893
0,0.25,14.159,13.0169,0.000974325,0.111904
0,0.25,8.75366,12.8343,0.00161173,0.473899
0,0.25,9.37802,12.6742,-0.0925002,0.170871
0,0.25,9.87567,12.5314,-0.0363796,0.151124
0,0.25,15.5164,12.732,-0.0275774,0.333989
0,0.25,11.1017,13.1391,0.049193,0.0797814
0,0.25,13.3433,11.4805,0.254577,0.229674
0,0.25,15.2945,12.5792,-0.113581,0.407218
0,0.25,10.2894,12.3117,-0.0232174,0.120186
0,0.25,11.2206,13.3766,0.0547125,0.075051
0,0.25,13.8593,11.053,0.27508,0.212332
0,0.25,12.6101,11.623,0.142446,0.0929829
0,0.25,12.6992,11.3071,0.265425,0.151904
0,0.25,15.1952,11.1151,0.0908471,0.0385831
0,0.25,1.24029,11.9872,0.135808,0.109352
0,0.25,1.23816,16.1037,-0.0594773,0.0581002
0,0.25,1.36474,17.0681,-0.00572334,0.113531
0,0.25,1.72206,16.1799,-0.152329,-0.333214
0,0.25,1.75278,16.4513,-0.187321,-0.367072
0,0.25,2.24535,16.9964,-0.177959,-0.223391
0,0.25,2.13913,18.7292,-0.104858,-0.241278
0,0.25,3.53685,21.0002,0.0451199,0.00448969
0,0.25,2.82747,19.8257,-0.040956,-0.058395
0,0.25,3.80244,20.9492,0.0938248,-0.0212293
0,0.25,4.71503,21.6049,-0.146088,-0.271713
0,0.25,6.08304,21.8326,-0.297467,-0.278494
0,0.25,5.66632,22.1109,-0.224562,-0.0616056
0,0.25,5.90836,22.2197,-0.135303,-0.203462
0,0.25,8.95202,22.189,-0.0908914,-0.0956632
0,0.25,10.1053,21.9748,-0.303533,-0.0957578
0,0.25,6.44797,22.3947,-0.481413,-0.112213
0,0.25,11.7362,21.3161,-0.0308958,0.197315
0,0.25,11.2415,21.7948,-0.378209,0.213829
0,0.25,12.7964,20.8021,-0.0718387,-0.0177196
0,0.25,14.6504,16.8574,-0.255136,0.259837
0,0.25,11.9471,21.1765,0.0386393,0.251746
0,0.25,12.8288,21.0527,-0.0297791,-0.0138384
0,0.25,14.5184,15.2167,-0.076113,0.153265
0,0.25,13.5384,13.2702,0.0489114,0.0682222
0,0.25,13.4189,13.0214,0.0159247,0.0298053
0,0.25,14.9189,16.6498,-0.0743802,0.125662
0,0.25,13.6051,20.2525,-0.201216,-0.0283927
0,0.25,13.7043,13.122,0.00727059,0.0995865
0,0.25,15.0222,16.1199,-0.159591,0.233662
0,0.25,12.6205,14.1531,-0.0335451,0.10449
0,0.25,14.1917,13.275,-0.0826959,0.12682
0,0.25,12.8874,15.0173,0.0672614,0.0151337
0,0.25,12.7866,11.8728,0.075184,0.0895483
0,0.25,15.2344,15.5934,-0.190371,0.106247
0,0.25,14.7435,15.1522,-0.0182866,0.166803
0,0.25,10.0314,12.2967,-0.0128898,0.116598
0,0.25,14.0378,11.0696,0.186522,0.0749561
0,0.25,8.99363,13.3609,0.0841563,0.125062
0,0.25,9.31351,11.4617,0.00191144,0.0865012
0,0.25,11.2023,13.8442,0.0762385,0.0393462
0,0.25,13.6252,11.4807,0.230236,0.219784
0,0.25,14.0799,12.7821,-0.0108163,0.112288
0,0.25,14.366,11.6418,0.197634,0.189046
0,0.25,14.3524,12.3898,0.0950022,0.196207
0,0.25,14.4315,11.0995,0.183387,0.0889302
0,0.25,13.7598,11.279,0.332703,0.22067
0,0.25,9.15762,12.0539,-0.076518,0.202932
0,0.25,12.0377,11.5441,0.0986305,0.0858951
0,0.25,14.803,12.4019,0.0914717,0.178967
0,0.25,15.0444,12.868,-0.0876103,0.282077
0,0.25,15.2629,11.4039,0.151721,0.11108
0,0.25,10.866,12.6588,0.0247557,0.0904339
0,0.25,15.4846,15.0095,-0.0342231,0.235137
0,0.25,13.1335,11.5655,0.17269,0.154008
0,0.25,10.7297,11.2627,-0.0275181,0.15876
0,0.25,1.59601,12.8365,0.0735517,0.0119755
0,0.25,1.85351,12.882,0.176572,-0.15915
0,0.25,1.53671,15.0162,0.131626,-0.399315
0,0.25,1.44795,15.8879,-0.0482269,-0.153776
0,0.25,2.42371,16.8464,-0.365381,-0.519613
0,0.25,1.72887,17.5542,0.00976375,-0.0545531
0,0.25,2.69343,19.6218,-0.146469,-0.0558665
0,0.25,3.04796,19.3491,-0.139398,-0.13797
0,0.25,4.09264,21.453,0.0191553,-0.0278014
0,0.25,4.47888,21.7179,0.0315175,-0.0846846
0,0.25,6.39925,22.6045,0.125942,0.0856959
0,0.25,5.15798,21.6378,-0.246638,-0.130599
0,0.25,6.04668,21.3418,-0.178348,-0.18817
0,0.25,7.39279,22.2259,-0.622259,-0.32543
0,0.25,7.21151,21.2571,0.0264048,-0.137837
0,0.25,8.47115,22.8965,-0.100218,0.123027
0,0.25,9.03019,22.6447,0.00426898,-0.042477
0,0.25,9.52533,22.5803,-0.06848,0.0462095
0,0.25,13.328,19.5941,-0.555709,0.317875
0,0.25,10.6225,22.5213,0.0907637,0.0243515
0,0.25,12.6213,21.2123,-0.0980672,0.0265744
0,0.25,12.1732,21.2809,-0.0636797,0.244953
0,0.25,11.9278,21.6794,-0.484708,0.418051
0,0.25,14.3834,17.272,-0.261807,0.344422
0,0.25,13.84,19.6182,-0.203072,-0.039565
0,0.25,12.7691,13.3127,-0.067932,-0.0395091
0,0.25,13.9546,13.6497,-0.0631418,0.123641
0,0.25,12.6884,21.4329,0.0566298,-0.164149
0,0.25,13.5727,14.4563,0.237309,-0.0569812
0,0.25,12.2174,12.22,0.055945,0.0504056
0,0.25,14.927,17.7974,-0.0744592,0.0385008
0,0.25,11.7406,12.3178,0.0216405,0.0566803
0,0.25,14.6813,19.062,0.0300987,0.0186739
0,0.25,9.97708,14.2991,0.152387,-0.0737002
0,0.25,12.6033,14.5978,0.0824654,0.0578085
0,0.25,15.2445,16.0819,-0.0918066,-0.053376
0,0.25,11.569,14.1138,0.0716406,0.0127863
0,0.25,8.74439,14.8215,0.0102813,0.0311799
0,0.25,10.7673,12.4016,-0.000721755,0.12522
0,0.25,10.731,10.7271,0.11514,0.243151
0,0.25,15.4891,16.1607,-0.109488,0.157381
0,0.25,15.0476,13.4337,-0.0145105,0.295752
0,0.25,11.6001,11.785,-0.000561381,0.191108
0,0.25,12.322,11.5762,0.111656,0.091864
0,0.25,12.1338,11.3452,0.16008,0.135318
0,0.25,10.6146,11.7956,0.00301193,0.130739
0,0.25,10.008,11.1996,-0.0388287,0.0431155
0,0.25,11.2742,11.1845,0.183626,0.138531
0,0.25,15.0211,14.4894,-0.057854,0.139506
0,0.25,11.035,10.968,0.125771,0.257599
0,0.25,15.2268,15.3564,-0.0632171,0.117846
0,0.25,14.4193,13.1735,-0.0564089,0.215867
0,0.25,11.9566,10.819,0.237285,0.243551
0,0.25,15.5233,11.2261,-0.17943,0.315909
0,0.25,11.5133,10.7552,0.23231,0.134271
0,0.25,10.9247,11.4389,0.0840536,0.145609
0,0.25,1.7658,12.5422,-0.161525,-0.0575586
0,0.25,2.22076,13.0359,0.184648,-0.286807
0,0.25,1.58654,16.8607,-0.0937701,0.0317081
0,0.25,1.62406,17.0931,-0.0340779,0.0642245
0,0.25,2.59174,19.9121,0.0811538,0.0687476
0,0.25,2.03001,18.4922,-0.0988825,-0.178857
0,0.25,3.24884,18.9037,-0.227425,-0.230984
0,0.25,3.19092,19.5759,-0.0688792,-0.22362
0,0.25,3.0846,19.8064,-0.151123,-0.30472
0,0.25,5.3912,21.7544,-0.327348,0.0279976
0,0.25,5.94242,22.4672,-0.0501134,0.0304678
0,0.25,6.84935,22.716,0.158753,-0.00346157
0,0.25,8.14126,22.467,0.00307986,0.329042
0,0.25,7.94992,22.2546,-0.25744,0.339873
0,0.25,7.78735,22.7008,-0.403367,0.0656694
0,0.25,10.8324,21.5009,-0.246814,0.0652535
0,0.25,9.20638,22.8479,-0.0466506,0.00839487
0,0.25,11.4767,21.6843,-0.423693,0.170754
0,0.25,13.8658,19.1706,-0.17364,0.173874
0,0.25,11.2377,22.0408,-0.360478,0.225461
0,0.25,11.0596,22.3607,-0.00638102,-0.0433515
0,0.25,12.1089,21.8251,0.226382,-0.0794369
0,0.25,11.7036,22.063,0.030282,0.0453544
0,0.25,14.7075,17.663,-0.245239,0.213367
0,0.25,12.9658,13.1473,-0.0238538,-0.0482019
0,0.25,13.2345,20.6872,0.0152114,0.198731
0,0.25,14.788,18.8597,-0.0745905,-0.0558191
0,0.25,12.0951,11.9877,0.0784906,0.0734129
0,0.25,11.7976,12.9868,0.0129826,0.0346732
0,0.25,12.0432,12.405,0.0421391,0.0397523
0,0.25,14.0456,20.082,-0.0951853,-0.0302823
0,0.25,14.9863,18.4322,-0.00904695,0.0414668
0,0.25,9.20599,13.4393,0.0568499,0.16196
0,0.25,15.4256,17.0054,-0.0483791,0.230275
0,0.25,8.97211,13.6294,0.0403124,0.125019
0,0.25,15.239,17.564,-0.0481119,-0.171093
0,0.25,14.5603,14.6856,-0.00117819,0.346819
0,0.25,11.1861,14.3309,0.0877022,0.00789947
0,0.25,14.3484,13.7041,0.0478187,0.407729
0,0.25,13.8846,12.9372,0.00491096,0.113782
0,0.25,14.9739,15.2727,-0.058862,0.214577
0,0.25,10.8135,11.9267,-0.00838459,0.151599
0,0.25,11.4538,13.8656,0.0665901,0.0197978
0,0.25,13.7374,11.7818,0.21848,0.151935
0,0.25,11.7373,11.6016,0.074784,0.213734
0,0.25,14.8278,12.6705,-0.0592122,0.343528
0,0.25,10.5649,13.5727,0.103426,0.00342185
0,0.25,12.8254,11.5247,0.171325,0.139762
0,0.25,14.8275,13.2492,-0.0404866,0.387146
0,0.25,10.6945,13.3439,0.0957073,0.0243089
0,0.25,14.8139,14.328,-0.126064,0.182204
0,0.25,15.3422,11.1162,0.116654,-0.0198114
0,0.25,14.7832,14.5977,-0.0175233,0.170574
0,0.25,10.3911,11.8493,-0.00661063,0.0946509
0,0.25,9.71003,10.8644,-0.104496,0.144385
0,0.25,9.21259,11.0622,-0.0400722,0.0252554
0,0.25,1.52112,12.3647,-0.0615532,-0.0147516
0,0.25,2.36641,12.2952,-0.0117031,-0.101587
0,0.25,1.53537,14.5586,-0.0789971,-0.397119
0,0.25,1.92468,15.9903,-0.195409,-0.520163
0,0.25,2.13373,17.4312,-0.124171,-0.386055
0,0.25,2.7958,19.3762,-0.235522,-0.0882619
0,0.25,3.36004,20.8324,0.0594507,0.025766
0,0.25,2.90046,19.1335,-0.204281,-0.0586441
0,0.25,3.42767,20.2564,-0.307395,-0.272331
0,0.25,4.4903,21.4604,-0.112768,-0.145781
0,0.25,6.17578,22.5369,0.09082,0.0614582
0,0.25,7.87805,21.8157,-0.446963,0.222666
0,0.25,7.41734,22.4439,-0.244489,-0.302136
0,0.25,9.19033,22.1696,-0.0966435,-0.101129
0,0.25,7.53877,22.0527,-0.38748,0.144756
0,0.25,8.2994,22.6876,-0.01002,0.287502
0,0.25,9.76655,22.5282,-0.0431618,0.0875933
0,0.25,11.6926,21.8171,-0.345083,0.282249
0,0.25,9.93931,22.7199,0.00764553,0.0405918
0,0.25,11.2786,22.2702,-0.0693945,-0.022451
0,0.25,13.579,19.6003,-0.320673,0.0517682
0,0.25,10.8415,22.443,0.0691878,-0.0718611
0,0.25,14.4872,18.933,-0.144381,0.274624
0,0.25,13.5167,20.0274,-0.263003,0.0334164
0,0.25,14.0942,19.6415,-0.175717,0.116427
0,0.25,14.6021,16.1289,-0.120309,0.208337
0,0.25,12.4653,13.2958,-0.0287387,-0.0328154
0,0.25,14.5646,14.9389,-0.00556971,0.208156
0,0.25,14.7737,17.419,-0.344104,0.27949
0,0.25,13.2378,14.1109,-0.0733074,-0.0655374
0,0.25,14.8258,15.6974,-0.0765587,0.189539
0,0.25,15.2284,16.3344,-0.145826,-0.0684937
0,0.25,15.2031,17.7797,0.00340399,-0.0905557
0,0.25,15.0929,16.8124,-0.0654173,-0.00561108
0,0.25,10.0538,13.5688,0.141872,-0.0535613
0,0.25,9.73147,14.314,0.146538,-0.0139177
0,0.25,10.8374,13.1229,0.0595162,0.0389613
0,0.25,15.4645,16.3943,-0.0604799,0.151663
0,0.25,11.4838,13.3979,0.0418096,0.0570756
0,0.25,13.8314,12.2509,0.11171,0.122688
0,0.25,14.5034,11.9329,0.142564,0.227251
0,0.25,10.3987,11.5718,0.00720255,0.100965
0,0.25,9.72285,11.6217,-0.0557901,0.150713
0,0.25,14.8176,14.0638,-0.18774,0.233273
0,0.25,10.9583,13.3598,0.0685621,0.0478507
0,0.25,15.5094,13.2433,0.00414162,0.331529
0,0.25,14.9968,11.9887,0.130818,0.222417
0,0.25,14.8424,11.5687,0.152552,0.0774153
0,0.25,14.804,11.1187,0.061114,0.0217224
0,0.25,14.6025,13.6223,-0.121522,0.300929
0,0.25,12.0671,11.0551,0.134657,0.233872
0,0.25,14.5835,14.4119,-0.140019,0.357863
0,0.25,15.5131,13.7658,-0.0179238,0.3686
0,0.25,14.8244,13.8082,-0.127439,0.235753
0,0.25,14.5943,12.4941,0.0806295,0.278273
0,0.25,8.73057,11.8144,0.0570652,0.539764
0,0.25,1.40333,11.7883,-0.135886,-0.189974
0,0.25,2.15161,12.8193,0.101186,-0.260812
0,0.25,1.51315,16.3756,-0.112027,-0.132731
0,0.25,2.33885,19.5392,-0.0132385,0.0200155
0,0.25,2.86552,20.2889,0.0650472,0.0375229
0,0.25,2.5004,18.96,-0.167107,-0.29666
0,0.25,3.44929,19.5896,-0.0594735,-0.214441
0,0.25,3.8231,20.6849,-0.150143,-0.113306
0,0.25,4.24957,21.0666,-0.0539536,-0.133978
0,0.25,5.6287,21.8631,-0.236151,-0.111101
0,0.25,7.16785,22.3629,-0.363776,-0.505786
0,0.25,6.81086,21.3679,-0.0743353,-0.198737
0,0.25,7.50591,22.6787,-0.514846,-0.170481
0,0.25,6.89697,22.2894,-0.543795,-0.102739
0,0.25,8.46186,22.218,-0.183638,0.245344
0,0.25,8.53991,22.6653,0.0659575,0.15901
0,0.25,12.16,21.0243,-0.0168739,0.238791
0,0.25,12.3828,20.8629,-0.059916,0.17918
0,0.25,12.8392,20.4967,-0.0600343,-0.0859055
0,0.25,13.5178,18.9228,-0.219739,0.223934
0,0.25,13.7699,18.9057,-0.339045,0.414334
0,0.25,13.9179,18.1918,-0.111725,0.181318
0,0.25,14.313,16.5229,-0.0513736,0.00213435
0,0.25,14.0954,14.8506,-0.195657,0.624348
0,0.25,13.3243,12.7829,0.0311449,0.000763049
0,0.25,12.257,12.859,0.0145706,-0.0114884
0,0.25,14.8604,18.0158,-0.0825256,0.0539495
0,0.25,15.1846,16.5663,0.0306617,0.0379057
0,0.25,11.6115,12.0788,0.0420549,0.100659
0,0.25,13.4781,13.948,-0.130313,-0.184889
0,0.25,12.4688,14.3759,0.0564005,0.0635387
0,0.25,13.9158,12.4984,0.0295003,0.103931
0,0.25,11.3431,14.8214,0.0196512,0.000266449
0,0.25,11.6876,12.7519,0.0248574,0.0464582
0,0.25,15.0653,18.2112,-0.0145006,-0.0259231
0,0.25,11.3411,13.6179,0.0584742,0.0535
0,0.25,9.32703,11.8498,-0.103753,0.261602
0,0.25,8.75187,14.5931,0.0581671,0.0627828
0,0.25,9.16246,13.7472,0.0897579,0.0730354
0,0.25,8.73049,13.827,0.00103048,0.325802
0,0.25,11.1317,12.6906,0.042328,0.103849
0,0.25,10.4609,12.0902,-0.014757,0.10562
0,0.25,14.5906,14.1426,-0.22985,0.409875
0,0.25,14.6133,13.0492,-0.00603791,0.320415
0,0.25,13.1995,11.2288,0.363288,0.263967
0,0.25,12.5207,11.1176,0.314522,0.221194
0,0.25,14.5892,11.6692,0.181244,0.217315
0,0.25,15.2888,14.1386,-0.0596175,0.231789
0,0.25,10.9226,10.7297,0.144188,0.320705
0,0.25,14.6215,13.3505,-0.0838001,0.295045
0,0.25,13.502,11.6998,0.176386,0.247079
0,0.25,15.5048,12.9873,0.00753933,0.343337
0,0.25,9.0288,10.8132,-0.121463,0.288254
0,0.25,10.2175,10.8775,-0.00873178,0.157486
0,0.25,8.84373,10.6179,-0.174884,0.23173
0,0.25,15.254,11.912,0.0129879,0.208231
0,0.25,1.6637,12.0747,-0.0426988,-0.131903
0,0.25,2.22681,12.1313,-0.0866396,0.0103693
0,0.25,1.54812,14.1093,0.0663749,-0.33167
0,0.25,2.54425,15.8386,-0.0811103,-0.245847
0,0.25,2.47989,17.1471,-0.130052,-0.383705
0,0.25,2.36862,18.7212,-0.159434,-0.392328
0,0.25,3.65874,19.1492,-0.108772,-0.155015
0,0.25,3.24082,20.0324,-0.270135,-0.339972
0,0.25,4.02652,20.8817,-0.0123981,-0.174222
0,0.25,4.26231,21.3108,-0.0429695,-0.100992
0,0.25,5.42653,22.0027,-0.224338,-0.0618388
0,0.25,7.05152,21.4523,0.0134625,-0.313582
0,0.25,6.51946,21.0533,-0.271375,-0.10734
0,0.25,8.05089,22.7022,-0.218261,0.170264
0,0.25,9.87324,22.0264,-0.260757,-0.0844911
0,0.25,10.058,22.2232,-0.31432,-0.031968
0,0.25,9.27832,22.6205,-0.0593804,-0.0175627
0,0.25,11.0026,22.1467,-0.56527,0.133865
0,0.25,12.382,21.1231,0.00319177,0.174664
0,0.25,13.2382,20.0513,-0.135952,0.0963796
0,0.25,13.6265,19.1423,-0.346865,0.359858
0,0.25,14.1171,19.1876,-0.116372,0.14616
0,0.25,13.349,20.2382,-0.223173,0.231059
0,0.25,14.2458,18.9591,-0.223154,0.246798
0,0.25,13.9601,15.0276,-0.0768735,0.695037
0,0.25,13.0729,21.1278,-0.0222773,-0.0509237
0,0.25,14.6059,18.6912,-0.195613,0.189918
0,0.25,11.5208,12.9491,0.0296409,0.0774729
0,0.25,14.8401,16.9215,-0.224923,0.074362
0,0.25,13.1362,14.5827,0.148481,-0.07122
0,0.25,14.028,12.0711,0.190972,0.151308
0,0.25,12.9654,13.7413,-0.171885,-0.0236203
0,0.25,14.4597,19.474,-0.0708378,0.141361
0,0.25,12.651,12.0775,0.0566052,0.0857451
0,0.25,10.6943,13.8098,0.119028,0.016769
0,0.25,10.8254,14.5566,0.105366,0.0110743
0,0.25,9.17406,13.9891,0.152363,0.0640193
0,0.25,9.67851,12.4272,-0.0135116,0.0997148
0,0.25,10.0197,11.9588,-0.0128642,0.122233
0,0.25,9.88465,15.0106,0.123965,0.018074
0,0.25,8.74812,13.3253,0.00397142,0.404097
0,0.25,8.7494,13.0819,-0.0208109,0.422957
0,0.25,10.3318,10.6255,0.0843875,0.241885
0,0.25,11.5529,11.1499,0.184962,0.174628
0,0.25,10.5203,10.7198,0.131843,0.133366
0,0.25,10.8098,11.6364,0.0202659,0.116184
0,0.25,15.0366,12.5893,-0.10075,0.239729
0,0.25,15.4959,14.7829,-0.00328324,0.243766
0,0.25,15.0552,13.9705,-0.13468,0.22338
0,0.25,15.4939,15.234,0.0117443,0.221608
0,0.25,15.0507,13.7082,-0.0330163,0.269781
0,0.25,9.50845,10.967,-0.088616,0.212432
0,0.25,15.2782,13.3562,0.0174837,0.281851
0,0.25,13.082,10.9726,0.388267,0.265901
0,0.25,15.5112,13.5042,0.0246976,0.358156
0,0.25,13.2132,10.9679,0.34602,0.209937
0,0.25,1.72265,11.6521,0.0620014,0.0654904
0,0.25,2.99299,12.3328,0.213147,-0.164774
0,0.25,1.98952,13.0936,0.199086,-0.154293
0,0.25,1.53317,17.7663,-0.00661696,-0.0261278
0,0.25,1.94142,16.2747,-0.169033,-0.519472
0,0.25,1.9328,18.2607,-0.128924,-0.137003
0,0.25,2.54605,19.4216,-0.212994,-0.104066
0,0.25,3.56085,19.3769,-0.133704,-0.251058
0,0.25,3.48765,20.0302,-0.24375,-0.212564
0,0.25,4.71225,21.3566,-0.130737,-0.331147
0,0.25,5.28844,22.1799,-0.026318,-0.00602789
0,0.25,5.86884,21.9702,-0.294577,-0.148345
0,0.25,8.04253,22.0335,-0.418404,0.325836
0,0.25,7.65469,21.3221,-0.0206613,0.00818337
0,0.25,8.63218,21.7666,-0.747148,0.0171533
0,0.25,10.3679,21.6753,-0.363896,-0.00536684
0,0.25,10.6333,21.3336,-0.231398,0.0676872
0,0.25,11.5393,20.657,0.00578806,0.245093
0,0.25,8.78391,22.6569,0.0509594,-0.0809481
0,0.25,11.9538,21.4341,-0.313661,0.369141
0,0.25,13.4117,18.6959,-0.127434,0.044426
0,0.25,12.4074,19.659,-0.412163,0.193601
0,0.25,14.2949,17.5481,-0.274083,0.464738
0,0.25,14.3386,15.0023,-0.0509296,0.29734
0,0.25,12.4976,21.5724,0.133227,-0.117621
0,0.25,14.2353,19.4175,-0.104743,0.184539
0,0.25,14.3468,14.5168,-0.0796307,0.517873
0,0.25,15.0524,17.346,-0.224737,0.0853286
0,0.25,13.5892,20.6113,0.107072,-0.16101
0,0.25,14.1018,12.3075,0.104537,0.146438
0,0.25,14.1928,19.8863,-0.174817,0.0772005
0,0.25,11.0218,12.4488,0.0218468,0.121329
0,0.25,11.546,14.5946,0.0511233,0.00874168
0,0.25,11.6791,14.3598,0.0585289,0.0193395
0,0.25,14.3326,19.6827,-0.1179,0.150413
0,0.25,11.936,14.3709,0.0536912,0.0182444
0,0.25,9.21528,12.3524,-0.00091445,0.253237
0,0.25,14.3914,13.4577,-0.093975,0.213562
0,0.25,15.4621,16.6289,-0.101468,0.116613
0,0.25,11.8016,11.9448,0.0885144,0.0962696
0,0.25,9.41658,10.6204,-0.0685785,0.0500562
0,0.25,8.74771,11.0717,-0.033985,0.452319
0,0.25,8.74874,13.5708,0.0359982,0.331305
0,0.25,9.02764,10.5365,-0.211818,0.275906
0,0.25,8.97021,12.5207,-0.0847668,0.211513
0,0.25,8.99293,12.2557,0.0453099,0.194093
0,0.25,9.86683,13.0653,-0.0173226,0.0501212
0,0.25,12.8643,11.1232,0.357457,0.154959
0,0.25,10.1695,10.6167,0.0314397,0.200472
0,0.25,9.61075,10.573,-0.0970979,0.204811
0,0.25,14.9511,12.2329,0.0975021,0.219816
0,0.25,15.0471,14.2261,-0.111799,0.165558
0,0.25,15.1603,12.3716,0.0713857,0.293138
0,0.25,11.5163,11.3642,0.116263,0.196804
0,0.25,15.4975,11.7427,-0.0633234,0.409511
0,0.25,11.3673,10.7214,0.225801,0.184059
0,0.25,1.28336,11.7011,-0.343193,0.251778
0,0.25,1.76278,12.3123,-0.0298384,-0.0476398
0,0.25,2.50245,12.4746,0.114666,-0.211713
0,0.25,2.06649,13.8368,0.0581135,-0.358974
0,0.25,1.47869,16.1322,-0.127924,-0.161726
0,0.25,1.79481,17.7872,0.0033886,-0.134009
0,0.25,2.64559,19.1763,-0.212305,-0.1202
0,0.25,2.97082,18.0076,-0.0701915,-0.313398
0,0.25,3.33188,19.8067,-0.0515882,-0.26711
0,0.25,3.61095,20.7627,0.0258253,-0.00711815
0,0.25,5.14823,21.3766,-0.203318,-0.175125
0,0.25,7.34203,22.8323,-0.456684,-0.173624
0,0.25,6.29602,21.6867,-0.24732,-0.116215
0,0.25,8.38045,22.4473,-0.00820425,0.280954
0,0.25,7.23031,22.6076,-0.311136,-0.508714
0,0.25,8.71383,22.8827,0.0134926,-0.00149907
0,0.25,10.544,22.096,-0.470111,-0.029978
0,0.25,11.5157,21.1833,-0.0267512,0.171896
0,0.25,9.38544,21.2691,-0.206741,0.0335656
0,0.25,12.6605,19.7429,-0.592868,0.136312
0,0.25,12.5912,20.9658,-0.000495238,0.0419209
0,0.25,14.2259,17.8342,-0.114778,0.507252
0,0.25,11.915,20.1248,-0.450791,0.363372
0,0.25,13.7751,20.0502,-0.262704,-0.0297756
0,0.25,14.3641,19.1803,-0.0507671,0.236711
0,0.25,14.9823,16.3929,-0.135404,0.237509
0,0.25,14.1609,14.1243,-0.211782,0.182282
0,0.25,13.5524,12.1846,0.129384,0.0896072
0,0.25,13.6147,12.8709,0.014488,0.0839913
0,0.25,11.9271,12.1753,0.0645008,0.0791413
0,0.25,13.8081,14.7713,0.159034,0.183113
0,0.25,12.123,13.6997,0.00938243,-0.0197352
0,0.25,12.372,12.0251,0.0786353,0.0500363
0,0.25,13.7113,15.0057,-0.0869973,0.0343434
0,0.25,14.889,18.6505,-0.0856435,-0.0204089
0,0.25,10.3044,13.5669,0.128497,-0.0305348
0,0.25,15.1333,17.9938,-0.00384743,-0.0696419
0,0.25,9.4933,11.6052,-0.0793727,0.216342
0,0.25,9.76187,14.7753,0.174738,-0.045835
0,0.25,9.63483,15.0106,0.133983,-0.0498492
0,0.25,13.7477,12.0126,0.187663,0.152107
0,0.25,9.30234,14.5245,0.100334,0.0546866
0,0.25,14.1154,11.6211,0.22096,0.152338
0,0.25,10.8248,13.5821,0.0860282,0.0278538
0,0.25,13.9961,11.8372,0.195016,0.154194
0,0.25,11.0999,12.0091,-0.000784173,0.150037
0,0.25,15.0063,14.746,0.0152368,0.138587
0,0.25,9.43951,11.2003,-0.0550876,0.1412
0,0.25,15.506,11.993,-0.0077084,0.376427
0,0.25,15.0375,11.4443,0.103693,-0.0271362
0,0.25,15.0471,13.1608,-0.0176958,0.333019
0,0.25,10.4996,11.2187,0.000518956,0.0525099
0,0.25,15.4999,14.545,0.0101815,0.253837
0,0.25,15.024,11.7504,0.0566957,0.120454
0,0.25,11.1268,10.7362,0.174437,0.240687
0,0.25,15.2513,14.6432,-0.000530111,0.154356
0,0.25,2.3155,11.6572,0.0833246,0.00578587
0,0.25,1.67927,11.8415,-0.242126,-0.0938252
0,0.25,2.65933,12.1918,0.108716,-0.225651
0,0.25,2.50337,13.1555,0.191984,-0.270236
0,0.25,1.81184,14.2015,0.0840458,-0.299367
0,0.25,1.97416,16.5646,-0.19708,-0.443791
0,0.25,2.70688,17.2675,-0.176579,-0.472362
0,0.25,3.08907,18.6746,-0.229494,-0.160236
0,0.25,3.35094,18.6834,-0.156608,-0.160658
0,0.25,3.92508,20.1938,-0.305209,0.0387359
0,0.25,4.02496,21.1287,-0.0224315,-0.0584934
0,0.25,4.93678,21.7484,-0.304007,-0.215901
0,0.25,7.0802,22.7782,-0.0550016,-0.17378
0,0.25,7.19554,21.7488,-0.24907,-0.255697
0,0.25,6.98033,22.5197,-0.206479,-0.322291
0,0.25,9.42046,22.1305,-0.0547304,-0.0373411
0,0.25,10.3403,21.9179,-0.334313,-0.0972834
0,0.25,11.0624,21.4007,-0.210181,0.0799387
0,0.25,11.084,20.8976,-0.0027817,0.0562732
0,0.25,12.171,20.7638,-0.0528207,0.23169
0,0.25,13.0007,20.045,-0.27853,0.0824513
0,0.25,13.6835,19.8207,-0.265339,-0.0554216
0,0.25,13.9966,17.9295,-0.0299218,0.32754
0,0.25,14.2375,18.5019,-0.302783,0.242122
0,0.25,14.4511,17.0004,-0.320246,0.18975
0,0.25,13.2896,18.4712,-0.131273,0.10768
0,0.25,14.2167,17.0804,-0.182379,0.431849
0,0.25,14.8415,17.1892,-0.404866,0.270737
0,0.25,4.52978,20.1795,-0.33244,-0.411268
0,0.25,12.6791,13.7206,-0.0671584,-0.00115999
0,0.25,14.3068,14.7453,-0.166014,0.397467
0,0.25,12.2002,14.3773,0.0454565,0.017137
0,0.25,15.0534,17.056,-0.467371,0.0834324
0,0.25,11.7088,13.888,0.0592629,0.0194182
0,0.25,12.0835,14.1477,0.0408431,0.00380844
0,0.25,11.3198,14.0958,0.0755181,0.00656692
0,0.25,10.465,14.288,0.134031,0.00675291
0,0.25,9.43269,12.9256,-0.0171008,0.0757653
0,0.25,13.0972,12.3124,0.0599851,0.0103099
0,0.25,8.9541,11.9656,-0.0872853,0.239923
0,0.25,10.0159,14.7787,0.12565,-0.0520949
0,0.25,7.81213,20.7309,0.164147,0.0191089
0,0.25,11.4412,11.5637,0.0676545,0.191667
0,0.25,14.7041,11.3764,0.12654,0.143338
0,0.25,9.18432,11.6853,0.0204439,0.118524
0,0.25,13.2681,11.7949,0.106786,0.130161
0,0.25,15.2412,12.1552,0.0943487,0.26337
0,0.25,14.2636,11.8808,0.172404,0.193283
0,0.25,10.5113,10.9652,0.0534323,0.0553126
0,0.25,11.3371,10.9639,0.157793,0.152344
0,0.25,11.8714,11.1887,0.130381,0.204613
0,0.25,15.5046,12.4545,-0.0266468,0.448886
0,0.25,9.9645,10.701,-0.0163638,0.119108
0,0.25,15.5164,14.0335,-0.0334224,0.318468
0,0.25,15.2309,14.886,-0.0206978,0.149515
0,0.25,15.5109,14.2987,-0.0141653,0.281828
0,0.25,1.91872,11.6728,0.0616042,0.056955
0,0.25,1.92652,12.0826,-0.11868,-0.019225
0,0.25,2.45056,12.8976,0.186931,-0.247993
0,0.25,1.92118,13.5766,0.159328,-0.291388
0,0.25,1.6956,15.9201,-0.132465,-0.378662
0,0.25,1.79306,16.7325,-0.270756,-0.420032
0,0.25,2.24741,18.4637,-0.153508,-0.425002
0,0.25,2.94755,18.4454,-0.184559,-0.223324
0,0.25,2.96502,20.0265,-0.0267752,-0.0701775
0,0.25,3.67062,20.2394,-0.303899,-0.137281
0,0.25,4.0558,20.6309,-0.131057,-0.193687
0,0.25,4.94871,20.4815,-0.115152,-0.141062
0,0.25,6.36206,22.1744,-0.460243,-0.0320428
0,0.25,6.97002,21.6659,-0.259628,-0.478405
0,0.25,5.22556,20.3933,0.0213165,-0.0363463
0,0.25,7.79013,22.05,-0.349514,0.35866
0,0.25,8.62569,22.4329,0.0104334,0.0527643
0,0.25,10.2996,22.1623,-0.393803,-0.0317127
0,0.25,10.6026,21.5963,-0.271909,0.0277319
0,0.25,11.9484,20.914,-0.0337349,0.227199
0,0.25,11.7171,21.571,-0.481781,0.207456
0,0.25,12.4038,21.3685,-0.262706,0.202539
0,0.25,12.5032,19.9163,-0.551518,0.20574
0,0.25,13.4818,19.3686,-0.461966,0.354415
0,0.25,9.14204,21.3071,-0.240254,0.0295333
0,0.25,13.8109,18.443,-0.222095,0.202534
0,0.25,14.3379,18.2522,-0.119398,0.361394
0,0.25,12.7229,19.303,-0.126334,0.104225
0,0.25,14.1264,14.4189,-0.0860418,0.134577
0,0.25,14.4272,15.4119,-0.0342992,0.197943
0,0.25,13.5041,18.0296,-0.118938,0.211837
0,0.25,14.7932,16.2685,-0.134022,0.220877
0,0.25,12.5645,12.8821,0.0318888,-0.0281627
0,0.25,11.8529,12.5575,0.0083686,0.0410382
0,0.25,12.3981,13.709,-0.0226852,-0.0177473
0,0.25,11.8584,13.6701,0.0384327,0.0159415
0,0.25,12.2404,11.7845,0.103913,0.0792688
0,0.25,9.92992,13.8072,0.222274,-0.0449905
0,0.25,11.4654,12.2863,0.0328463,0.10089
0,0.25,10.3344,14.0435,0.150468,-0.020511
0,0.25,8.97679,12.8352,0.0172612,0.171415
0,0.25,9.77024,12.8328,-0.116081,0.126943
0,0.25,9.19568,10.5634,-0.160359,0.225599
0,0.25,8.73726,12.0895,-0.0688421,0.549076
0,0.25,13.8674,11.5654,0.222445,0.160346
0,0.25,14.8421,12.9704,-0.0113211,0.350474
0,0.25,15.5153,11.4928,0.0423726,0.453353
0,0.25,11.9604,11.7577,0.0814798,0.100231
0,0.25,15.2587,11.6513,-0.0482179,0.108397
0,0.25,8.72646,11.5321,0.0267457,0.61227
0,0.25,9.60509,11.3466,-0.0265824,0.210799
0,0.25,10.2776,11.3489,-0.00868968,0.123611
0,0.25,15.2266,15.1238,-0.0400054,0.140289
0,0.25,14.6194,11.0865,0.187918,-0.0264487
0,0.25,12.3596,10.8683,0.28292,0.281573
0,0.25,8.73609,12.588,-0.0619341,0.496495
0,0.25,2.12899,11.6617,0.0506257,0.0290646
0,0.25,2.03354,11.91,-0.0377124,0.00634163
0,0.25,3.20774,12.4377,0.274113,-0.188583
0,0.25,2.70425,13.0547,0.219297,-0.233621
0,0.25,1.413,17.3037,0.0227289,0.0642539
0,0.25,2.13911,16.1248,-0.168682,-0.690873
0,0.25,1.90732,17.3164,-0.0686624,-0.39807
0,0.25,2.26231,18.9674,-0.132574,-0.271887
0,0.25,2.82048,18.2106,-0.145794,-0.336533
0,0.25,3.15424,19.1246,-0.179459,-0.16582
0,0.25,3.71415,19.6091,-0.147263,-0.150718
0,0.25,4.47147,20.9601,-0.0951288,-0.246917
0,0.25,4.48326,21.2126,-0.0771577,-0.201805
0,0.25,5.37126,21.5027,-0.260253,-0.040451
0,0.25,6.2949,20.9693,-0.253222,-0.0909226
0,0.25,7.65919,22.4775,-0.230089,0.13783
0,0.25,8.80203,21.9716,-0.637697,-0.0224375
0,0.25,9.64475,22.0769,-0.148153,-0.0359964
0,0.25,9.27365,21.5108,-0.123721,-0.0406303
0,0.25,9.8225,22.2792,-0.156644,0.0432556
0,0.25,11.7433,20.7902,0.0263923,0.229356
0,0.25,11.9643,20.649,0.0254056,0.181368
0,0.25,12.1622,20.2401,-0.227483,0.215441
0,0.25,9.79234,21.3806,-0.130561,-0.0323335
0,0.25,13.1681,19.819,-0.473259,0.25936
0,0.25,13.2237,19.3738,-0.395452,0.272133
0,0.25,14.4848,18.4411,-0.242651,0.495423
0,0.25,14.373,18.7101,-0.287342,0.381677
0,0.25,12.5682,19.486,-0.213094,0.138403
0,0.25,13.6584,13.5,0.0302441,-0.00932233
0,0.25,13.0417,12.7567,0.0665838,0.0104528
0,0.25,14.7936,18.2405,-0.0314196,0.10851
0,0.25,12.9462,12.5185,0.0875248,0.0318002
0,0.25,12.3672,13.0714,-0.0117779,-0.041979
0,0.25,12.2334,13.9277,0.00839607,-0.00720132
0,0.25,13.29,14.3536,0.0846776,-0.0295419
0,0.25,12.341,15.0251,0.00724884,0.0347156
0,0.25,10.9117,15.017,0.0354513,0.0258231
0,0.25,12.7565,14.8015,0.0920494,0.0184613
0,0.25,11.0618,14.5746,0.0975406,0.00721085
0,0.25,14.1656,12.5755,0.0171177,0.135034
0,0.25,9.38462,14.0762,0.151469,0.0111981
0,0.25,11.0839,13.6005,0.0684321,0.0489693
0,0.25,9.00845,14.4217,0.13322,0.0442046
0,0.25,11.7051,10.9849,0.127142,0.16673
0,0.25,14.9778,11.19,0.132702,0.055152
0,0.25,11.8114,10.7805,0.339782,0.284294
0,0.25,9.31102,10.8263,-0.0513957,-0.00429606
0,0.25,13.4629,11.2644,0.320484,0.234901
0,0.25,12.6222,10.8848,0.40939,0.231605
0,0.25,9.95805,10.9594,-0.0938484,0.0948663
0,0.25,11.1792,11.3764,0.174363,0.137312
0,0.25,9.85412,11.3965,-0.0168265,0.112227
0,0.25,9.75212,11.1268,-0.0435423,0.170945
0,0.25,15.4788,12.2353,0.0185561,0.419245
0,0.25,10.0864,11.4853,-0.0260616,0.109002
0,0.25,2.93854,11.6809,0.121405,-0.0110814
0,0.25,2.52109,12.0358,-0.00850213,-0.0636275
0,0.25,2.58976,12.7373,0.2491,-0.240786
0,0.25,2.07263,13.364,0.200143,-0.289836
0,0.25,1.51405,15.2469,-0.0472105,-0.398065
0,0.25,1.65047,15.6761,-0.181819,-0.384959
0,0.25,1.84615,17.0267,-0.196611,-0.45648
0,0.25,2.30158,17.2847,-0.134783,-0.335597
0,0.25,2.34878,16.2522,-0.284903,-0.561125
0,0.25,3.21088,18.4566,-0.183411,-0.137456
0,0.25,3.30442,19.3588,-0.110544,-0.23004
0,0.25,3.59496,19.8086,-0.029678,-0.113184
0,0.25,4.69876,21.0987,-0.128647,-0.365046
0,0.25,4.70071,20.5835,-0.115328,-0.457611
0,0.25,6.31819,21.9356,-0.214743,-0.139795
0,0.25,7.01113,21.9179,-0.462277,-0.479894
0,0.25,8.20855,22.2361,-0.21992,0.318307
0,0.25,5.59801,20.8835,-0.0904075,0.0493906
0,0.25,9.05939,21.9577,-0.739372,-0.137418
0,0.25,7.97075,21.5822,-0.284847,0.122137
0,0.25,10.5728,21.8485,-0.288395,-0.0169438
0,0.25,11.7312,21.0554,-0.00223472,0.236826
0,0.25,10.8533,21.2412,-0.174888,0.0702342
0,0.25,8.6323,21.3466,-0.306508,0.0328304
0,0.25,4.48899,19.8561,-0.098344,-0.15984
0,0.25,11.1145,20.6427,-0.0567549,0.0716487
0,0.25,11.7315,20.2603,-0.365328,0.360714
0,0.25,13.0704,19.5923,-0.550452,0.281974
0,0.25,14.1571,18.1146,-0.0811902,0.493646
0,0.25,13.8606,13.3997,0.147683,0.192876
0,0.25,14.712,18.4635,-0.167781,0.0682761
0,0.25,14.3891,16.0016,-0.128827,0.135748
0,0.25,12.8495,12.9298,0.0258396,-0.00919701
0,0.25,12.7609,12.7,0.0712664,0.0110961
0,0.25,14.0648,16.8705,-0.118157,0.587539
0,0.25,13.4568,15.0239,-0.119288,-0.0286996
0,0.25,14.5762,19.2668,-0.0111555,0.0873587
0,0.25,12.1913,14.8173,0.024448,0.00750541
0,0.25,10.8275,14.0577,0.100719,0.00698543
0,0.25,10.3505,14.5403,0.149541,0.0224846
0,0.25,14.3659,12.9054,0.0211463,0.195243
0,0.25,13.4663,11.9546,0.13843,0.122066
0,0.25,9.57671,13.5035,0.0974546,0.109499
0,0.25,10.1833,13.8056,0.182635,-0.0356494
0,0.25,8.79288,15.0488,0.0509353,0.0367608
0,0.25,8.72664,14.1151,0.0685923,0.174429
0,0.25,8.98309,11.4563,0.0379031,0.178854
0,0.25,10.5221,12.3692,-0.0353579,0.113583
0,0.25,10.2522,11.1031,0.00677364,0.163052
0,0.25,14.4822,11.3848,0.244312,0.166462
0,0.25,15.288,13.8767,-0.0754079,0.266227
0,0.25,14.7609,11.8437,0.162895,0.177451
0,0.25,12.7594,10.9151,0.333639,0.190615
0,0.25,14.5835,13.8732,-0.109492,0.392875
0,0.25,15.2647,14.3936,-0.0575346,0.178385
0,0.25,8.97152,11.0634,-0.055043,0.381511
0,0.25,2.7108,11.6662,0.055916,0.0343305
0,0.25,2.33148,11.8961,-0.00984894,-0.0143436
0,0.25,3.24245,12.1872,0.283947,-0.161316
0,0.25,2.97423,13.1043,0.197253,-0.237949
0,0.25,2.28866,13.2803,0.186349,-0.276606
0,0.25,1.83004,13.978,-0.0205259,-0.326035
0,0.25,1.51668,14.7853,-0.0471218,-0.417762
0,0.25,2.11598,15.8326,-0.237072,-0.657213
0,0.25,2.00934,16.8524,-0.228465,-0.464948
0,0.25,2.0667,17.1404,-0.204108,-0.451781
0,0.25,2.04356,17.892,-0.0910909,-0.448969
0,0.25,2.74894,18.929,-0.255222,-0.126117
0,0.25,3.24841,18.0369,-0.0820486,-0.047161
0,0.25,4.1024,20.3687,-0.0827632,-0.0301716
0,0.25,4.92317,21.238,-0.174867,-0.320105
0,0.25,4.91493,20.7223,-0.121333,-0.269284
0,0.25,6.56046,22.0036,-0.316121,-0.0583319
0,0.25,7.73244,21.5738,-0.164075,0.151152
0,0.25,7.90289,22.479,-0.0995088,0.19884
0,0.25,7.28442,21.5219,-0.0188648,-0.0746929
0,0.25,9.16161,21.7416,-0.511851,-0.1483
0,0.25,9.53089,21.4537,-0.11269,0.0542299
0,0.25,8.12206,21.3551,-0.182206,0.0654201
0,0.25,11.0341,21.6515,-0.334556,0.117714
0,0.25,10.8412,21.0046,-0.00468018,0.0140147
0,0.25,9.63315,21.2112,-0.220667,0.0521649
0,0.25,9.8887,21.1451,-0.15711,0.0326017
0,0.25,13.0514,20.2868,0.00360837,-0.00737261
0,0.25,13.6708,18.6895,-0.309965,0.215079
0,0.25,13.96,13.9709,-0.148958,0.0678489
0,0.25,13.8332,17.7303,-0.111319,0.274016
0,0.25,13.9873,15.2832,0.0925904,0.706634
0,0.25,14.205,15.1658,-0.0270881,0.390787
0,0.25,13.3844,12.3879,0.0794994,0.040848
0,0.25,11.9651,12.7943,0.000323773,-0.00378552
0,0.25,13.8363,16.9668,-0.125728,0.36715
0,0.25,13.5766,14.7678,0.103557,0.0126574
0,0.25,12.4731,14.8146,0.0380213,0.022948
0,0.25,12.7397,14.3771,0.0765432,0.0783586
0,0.25,9.70803,13.2846,0.0730275,0.075429
0,0.25,11.4746,15.0243,-0.0178016,0.000860564
0,0.25,10.6482,15.0118,0.0656612,-0.0299597
0,0.25,9.44524,13.2793,0.0659708,0.167399
0,0.25,9.21853,14.2812,0.123462,0.0462435
0,0.25,9.39001,15.0069,0.164421,0.00680393
0,0.25,9.03347,14.637,0.0610861,0.0864932
0,0.25,12.2281,10.851,0.341037,0.345375
0,0.25,9.7662,10.598,0.0033408,0.233301
0,0.25,9.38694,12.1222,-0.0425959,0.223555
0,0.25,10.9709,11.1806,0.0860925,0.272382
0,0.25,14.2353,11.1032,0.220186,0.115123
0,0.25,13.6182,11.021,0.37712,0.171542
0,0.25,12.4665,11.3995,0.174569,0.144174
0,0.25,10.7452,10.9858,0.123981,0.252635
0,0.25,8.75615,12.3328,0.0292123,0.48369
0,0.25,15.279,13.6155,-0.0050115,0.269487
0,0.25,2.74359,11.8943,0.165692,-0.0286904
0,0.25,2.92425,12.1239,0.233856,-0.115081
0,0.25,2.74628,12.4154,0.130664,-0.282842
0,0.25,2.32913,12.6417,0.205678,-0.144095
0,0.25,3.05063,13.5414,0.194889,-0.26517
0,0.25,2.57383,13.6589,0.191221,-0.21353
0,0.25,2.1727,13.6275,0.203893,-0.325477
0,0.25,1.61937,15.443,-0.202905,-0.323126
0,0.25,1.78208,14.4331,-0.0334201,-0.374438
0,0.25,1.85555,15.4341,-0.210389,-0.634009
0,0.25,2.19942,17.7171,0.0446595,-0.400267
0,0.25,2.77815,17.5379,-0.0738294,-0.379168
0,0.25,2.61243,18.7141,-0.224485,-0.327532
0,0.25,3.80955,19.3771,-0.117777,-0.125366
0,0.25,4.25532,20.8131,-0.0931265,-0.160242
0,0.25,6.10741,22.0792,-0.196989,-0.329482
0,0.25,6.81591,22.0659,-0.523943,-0.185877
0,0.25,7.64556,21.8179,-0.340169,0.286899
0,0.25,5.84081,21.7253,-0.260269,-0.180215
0,0.25,8.29631,22.0103,-0.446045,0.329808
0,0.25,6.73821,21.5817,-0.30434,-0.259122
0,0.25,6.75337,21.1229,-0.244105,-0.150383
0,0.25,11.0128,21.9036,-0.325841,0.170654
0,0.25,8.12217,21.8031,-0.56535,0.269789
0,0.25,11.077,21.1463,-0.132265,0.0875369
0,0.25,8.75054,21.549,-0.322775,0.000878
0,0.25,8.8913,21.3304,-0.276097,-1.98378e-05
0,0.25,10.1424,21.0684,-0.114954,0.0399708
0,0.25,12.8192,20.2487,-0.0869139,0.0127994
0,0.25,13.9182,18.6501,-0.4529,0.429402
0,0.25,13.416,19.8218,-0.292177,0.0557474
0,0.25,13.9524,14.2611,-0.160882,0.211014
0,0.25,14.5581,16.4024,-0.0590622,0.190421
0,0.25,13.0783,13.3668,-0.0550188,-0.0922779
0,0.25,13.9515,13.1981,-0.0188302,0.11046
0,0.25,13.4832,14.1915,-0.136934,-0.167701
0,0.25,12.287,13.4909,-0.0208635,-0.0483715
0,0.25,11.2947,12.4876,0.0203589,0.115474
0,0.25,13.9772,15.8335,-0.00319956,0.587841
0,0.25,14.1429,13.8229,-0.089356,0.169459
0,0.25,13.0289,14.8014,0.12069,-0.0405975
0,0.25,11.626,14.8243,0.0137143,0.0152319
0,0.25,10.5276,14.7836,0.0652664,0.0103832
0,0.25,10.5887,14.5414,0.139782,-0.00903397
0,0.25,9.62399,14.0778,0.164274,0.0649385
0,0.25,9.50461,14.768,0.165786,-0.0373852
0,0.25,9.93789,11.7101,-0.0343527,0.118686
0,0.25,10.2222,14.2947,0.170503,-0.0278746
0,0.25,8.74811,14.3624,0.0573491,0.117137
0,0.25,9.14384,15.024,0.154326,-0.0277058
0,0.25,8.97605,14.1763,0.0999076,0.084824
0,0.25,8.9582,11.7089,0.0532131,0.202276
0,0.25,9.5636,11.8745,-0.0734414,0.15161
0,0.25,9.2673,14.7543,0.117205,0.00404509
0,0.25,9.59238,14.5438,0.157704,-0.0186735
0,0.25,10.1067,14.5391,0.165821,-0.0878202
0,0.25,2.53574,11.6795,0.0813028,0.00666127
0,0.25,3.03451,11.9321,0.278494,-0.0931322
0,0.25,3.29876,11.9844,0.388649,-0.104283
0,0.25,3.48108,12.4148,0.2936,-0.172321
0,0.25,3.07417,12.648,0.18439,-0.223593
0,0.25,2.84472,12.8669,0.222364,-0.249989
0,0.25,2.62062,13.3802,0.180063,-0.260594
0,0.25,2.3671,14.0069,0.0245733,-0.274061
0,0.25,2.1036,14.0605,-0.011736,-0.384883
0,0.25,2.04821,14.2984,0.0735992,-0.330107
0,0.25,1.76717,15.1637,-0.00863468,-0.470821
0,0.25,2.50837,15.5694,-0.158747,-0.354228
0,0.25,2.19941,16.7138,-0.275126,-0.358802
0,0.25,3.14544,17.8197,0.0233567,-0.185483
0,0.25,3.08724,18.231,-0.168686,-0.179894
0,0.25,3.75372,20.0066,-0.179228,-0.0979591
0,0.25,4.68495,20.8381,-0.157765,-0.397281
0,0.25,6.52795,21.763,-0.215069,-0.0664045
0,0.25,6.31089,21.2121,-0.022192,-0.0568272
0,0.25,6.76487,21.8284,-0.251513,-0.283287
0,0.25,5.85474,20.7661,-0.216489,-0.0452209
0,0.25,8.37434,21.7841,-0.707207,0.161785
0,0.25,7.42259,21.8009,-0.265754,-0.00886529
0,0.25,6.05771,21.5902,-0.24829,-0.238619
0,0.25,5.35494,21.0005,-0.132362,-0.0184221
0,0.25,9.35188,22.3833,-0.0135908,-0.0464663
0,0.25,9.58935,22.3349,-0.0596189,0.0594334
0,0.25,11.2719,21.5447,-0.335086,0.151308
0,0.25,11.5228,20.9225,-0.0194739,0.213146
0,0.25,12.3402,20.0836,-0.361389,0.26271
0,0.25,11.9648,20.3849,-0.12289,0.223498
0,0.25,12.2478,19.8257,-0.497558,0.303474
0,0.25,14.5354,17.4548,-0.350272,0.254681
0,0.25,13.9153,17.4522,-0.187324,0.36624
0,0.25,12.4454,12.6776,0.0263919,0.00301717
0,0.25,9.42878,21.6971,-0.442333,0.112841
0,0.25,13.0526,13.9729,-0.110704,-0.0454867
0,0.25,13.0435,14.3434,0.0684664,-0.0361319
0,0.25,11.1965,12.2497,0.0105755,0.135554
0,0.25,12.5012,12.265,0.0711925,0.0638904
0,0.25,12.5037,13.9314,-0.0286205,0.016044
0,0.25,10.5801,14.0437,0.12159,0.0123562
0,0.25,11.3012,14.5863,0.0681158,-0.000854482
0,0.25,11.1882,15.0213,0.0180818,-0.000940106
0,0.25,10.4366,13.8009,0.148182,-0.00859367
0,0.25,11.8225,14.1339,0.0479666,0.0288605
0,0.25,10.7898,14.7958,0.073078,0.00587996
0,0.25,10.3924,15.0113,0.0709343,0.0391319
0,0.25,9.46987,14.3343,0.118157,0.0293167
0,0.25,10.0915,14.0524,0.16674,-0.0255425
0,0.25,9.67665,13.7987,0.225846,0.0351101
0,0.25,9.8563,14.5423,0.194322,-0.0478956
0,0.25,8.99701,14.8699,0.0644371,0.0524556
0,0.25,12.2912,11.189,0.249117,0.146137
0,0.25,8.7938,11.2911,-0.208559,0.528479
0,0.25,9.84896,14.0489,0.16826,-0.057353
0,0.25,3.91005,11.9911,0.381329,0.0169111
0,0.25,3.65594,12.0258,0.304366,-0.166218
0,0.25,3.74788,12.4392,0.306046,-0.108353
0,0.25,3.51649,12.1972,0.329489,-0.168838
0,0.25,3.35061,12.6538,0.215603,-0.180719
0,0.25,2.82799,12.6255,0.195327,-0.282994
0,0.25,3.1231,13.3168,0.215909,-0.245834
0,0.25,2.38538,13.5,0.220563,-0.245794
0,0.25,2.29682,14.2564,-0.00124148,-0.35487
0,0.25,2.25256,14.5091,0.0662856,-0.332569
0,0.25,1.78525,14.6863,-0.0103334,-0.461308
0,0.25,2.52583,15.0886,0.21847,-0.298643
0,0.25,2.82882,14.229,0.0614222,-0.298987
0,0.25,2.55094,16.1098,-0.158841,-0.240794
0,0.25,2.13634,18.1848,-0.222219,-0.411937
0,0.25,2.9804,17.3946,-0.0865991,-0.322598
0,0.25,3.86261,20.4404,-0.203409,-0.0595341
0,0.25,5.13024,21.1171,-0.212556,-0.197418
0,0.25,5.18123,21.8813,-0.380929,-0.114239
0,0.25,4.90576,20.975,-0.142876,-0.376047
0,0.25,2.53758,17.4302,-0.0589731,-0.361054
0,0.25,7.09867,22.1431,-0.805389,-0.437668
0,0.25,2.56642,16.3838,-0.246106,-0.334024
0,0.25,4.29442,20.2549,-0.245038,-0.173202
0,0.25,5.83066,20.9996,-0.110615,0.0124549
0,0.25,8.89631,21.7539,-0.683251,-0.0929501
0,0.25,6.98857,21.1925,-0.129767,-0.169289
0,0.25,8.37256,21.3544,-0.259253,0.0469218
0,0.25,10.1723,22.6588,0.0656846,0.045249
0,0.25,12.1847,20.5006,-0.0318182,0.154272
0,0.25,10.1847,21.4934,-0.314171,0.055285
0,0.25,14.0583,18.3857,-0.370659,0.416363
0,0.25,14.4048,17.9899,-0.0310834,0.384789
0,0.25,14.4029,15.7291,-0.123432,0.184456
0,0.25,12.8722,19.1076,-0.0759309,0.111639
0,0.25,13.7281,13.9905,-0.116327,0.0764544
0,0.25,14.3609,16.2604,-0.0967309,0.00509338
0,0.25,12.3356,12.4505,0.0445034,0.0290616
0,0.25,14.1936,15.6798,-0.0882896,0.537266
0,0.25,12.8973,14.172,-0.0322448,0.0216859
0,0.25,14.1006,16.5731,-0.00829521,0.684119
0,0.25,13.308,14.8345,0.0824795,-0.177591
0,0.25,12.0159,13.462,0.0103178,-0.00942989
0,0.25,13.1588,15.0243,0.0553351,-0.0371385
0,0.25,11.0736,14.0755,0.0884593,0.0350531
0,0.25,12.8831,14.5739,0.143439,0.0323314
0,0.25,13.2629,13.8215,-0.18751,-0.110684
0,0.25,11.7661,15.0263,-0.0120042,0.0143918
0,0.25,10.2702,14.7813,0.114288,-0.00939947
0,0.25,11.0624,14.8125,0.0297909,0.00453403
0,0.25,13.6858,17.5229,-0.166921,0.35905
0,0.25,10.9464,14.3125,0.0980094,0.0108012
0,0.25,9.25134,13.1794,0.0680046,0.172632
0,0.25,9.59877,12.1846,-0.0153817,0.0688124
0,0.25,10.1382,15.0132,0.078116,-0.0436641
0,0.25,9.94612,13.3304,0.0982742,-0.0119088
0,0.25,3.13307,11.6815,0.192585,-0.0645713
0,0.25,3.49157,11.8244,0.377129,-0.276437
0,0.25,3.83674,12.2377,0.327059,-0.0846875
0,0.25,3.61678,12.648,0.201907,-0.170117
0,0.25,3.88105,13.0322,0.184602,-0.0913894
0,0.25,3.65915,12.8972,0.229963,-0.15221
0,0.25,3.74848,13.2346,0.205806,-0.0477747
0,0.25,3.24935,13.0926,0.215506,-0.21571
0,0.25,3.60546,14.0065,0.0985947,0.0183125
0,0.25,2.84028,13.3115,0.167041,-0.226949
0,0.25,2.62822,14.0298,0.0297665,-0.286084
0,0.25,3.31337,13.5496,0.179581,-0.225777
0,0.25,2.81625,13.5764,0.194979,-0.234972
0,0.25,3.20937,13.7838,0.220995,-0.183118
0,0.25,2.24971,15.3955,-0.0905693,-0.510464
0,0.25,2.37356,16.5436,-0.382085,-0.541473
0,0.25,2.56733,18.1564,-0.0816123,-0.172477
0,0.25,3.91681,19.1499,-0.0421314,-0.0736988
0,0.25,4.12961,19.8069,-0.146904,-0.0741565
0,0.25,3.61894,18.7114,-0.045643,-0.0861237
0,0.25,2.70005,17.9683,-0.0870752,-0.328986
0,0.25,3.50374,18.9164,-0.135084,-0.18855
0,0.25,4.2822,20.5449,0.00384738,-0.0983407
0,0.25,4.31069,20.0172,-0.319903,-0.322851
0,0.25,2.60705,17.7084,-0.0670859,-0.335891
0,0.25,6.27495,21.4381,-0.205905,-0.143304
0,0.25,4.66392,19.98,-0.0796383,-0.123334
0,0.25,3.35866,18.261,-0.065143,-0.0648083
0,0.25,9.86766,21.7984,-0.682264,0.0373582
0,0.25,8.48271,21.5615,-0.383782,0.071782
0,0.25,9.01609,21.536,-0.247553,-0.0199716
0,0.25,9.94351,21.5615,-0.338245,0.0508889
0,0.25,13.37,19.1491,-0.245935,0.237064
0,0.25,10.6422,20.8719,-0.0652319,0.0210338
0,0.25,12.816,19.5591,-0.375765,0.122371
0,0.25,13.2629,18.9186,-0.0744626,0.0479559
0,0.25,4.3527,19.6968,-0.12825,-0.171448
0,0.25,13.3804,13.467,-0.0807413,-0.0340473
0,0.25,13.7925,14.5147,0.22218,0.262392
0,0.25,12.1834,13.2595,-0.0132457,-0.0441711
0,0.25,11.906,13.2281,0.0101874,0.00119718
0,0.25,12.9631,11.7449,0.112658,0.117188
0,0.25,13.9324,16.3969,-0.113322,0.61041
0,0.25,13.7679,17.2489,-0.159982,0.401951
0,0.25,12.5787,13.5051,-0.0564972,-0.0196332
0,0.25,13.7292,14.2447,-0.133537,0.0756442
0,0.25,13.4929,13.6979,-0.104369,-0.124931
0,0.25,13.895,16.6907,-0.0984016,0.452422
0,0.25,12.3502,14.154,0.00998635,0.018574
0,0.25,11.6358,13.1859,0.0262104,0.052859
0,0.25,13.3919,14.6007,0.261905,-0.134578
0,0.25,11.7984,14.5998,0.0404636,0.0241179
0,0.25,14.2026,15.4247,0.0229092,0.499706
0,0.25,10.7056,14.2952,0.119096,0.00919596
0,0.25,9.45715,13.8321,0.210096,0.0644563
0,0.25,13.269,13.2226,0.0273029,-0.0155055
0,0.25,3.32171,11.6927,0.1207,0.0738459
0,0.25,4.3008,12.229,0.327075,-0.0425132
0,0.25,3.86469,12.7335,0.231695,-0.105806
0,0.25,4.00465,12.5412,0.285449,-0.0390145
0,0.25,4.51197,12.6853,0.193448,0.0635473
0,0.25,4.07178,12.8703,0.2081,-0.0364046
0,0.25,4.28218,12.82,0.182115,0.0274516
0,0.25,3.84507,13.4484,0.107174,0.00639948
0,0.25,4.06163,13.1912,0.115512,0.0338644
0,0.25,3.39518,12.8802,0.244971,-0.17276
0,0.25,3.59124,13.4603,0.15153,-0.035469
0,0.25,3.95381,13.7038,0.132735,0.017401
0,0.25,3.11809,12.8734,0.2264,-0.221995
0,0.25,3.53582,13.112,0.27063,-0.136063
0,0.25,2.73156,13.8433,0.154108,-0.228112
0,0.25,2.09098,14.7726,0.189205,-0.434
0,0.25,2.39353,14.7146,0.104498,-0.381758
0,0.25,3.40722,19.141,-0.174082,-0.282949
0,0.25,3.76617,18.9345,-0.0615418,-0.0594329
0,0.25,2.83626,18.665,-0.178959,-0.0825287
0,0.25,2.37123,17.5838,-0.0302178,-0.372762
0,0.25,2.79728,16.5084,-0.160073,-0.105006
0,0.25,3.88788,19.8319,-0.0614692,-0.0472392
0,0.25,2.86592,17.7812,-0.0430472,-0.345289
0,0.25,2.63305,16.9741,-0.361488,-0.589671
0,0.25,3.05835,17.6062,-0.0868577,-0.25498
0,0.25,2.45274,17.8779,0.0155479,-0.216336
0,0.25,4.4958,20.4259,-0.0961183,-0.429271
0,0.25,5.43056,20.5264,-0.0110618,0.0151364
0,0.25,5.13105,20.8662,-0.0680681,-0.176693
0,0.25,7.88422,21.3457,-0.105524,0.0289901
0,0.25,5.81421,21.2348,-0.158347,-0.0718607
0,0.25,5.0252,20.2581,-0.0111112,0.0166048
0,0.25,11.2924,21.2961,-0.146928,0.118043
0,0.25,10.4133,21.4185,-0.282991,0.0570927
0,0.25,7.50621,21.5557,-0.0131607,0.054592
0,0.25,10.8844,20.7594,-0.0460933,0.025651
0,0.25,12.5851,20.1728,-0.185752,0.135211
0,0.25,14.498,16.6813,-0.225749,0.187474
0,0.25,13.1569,18.684,-0.117538,0.123908
0,0.25,13.7527,17.9919,-0.0614584,0.139888
0,0.25,14.0157,14.6172,0.242302,0.375114
0,0.25,13.5968,17.7854,-0.126087,0.29761
0,0.25,12.653,13.1059,-0.0335923,-0.0487149
0,0.25,14.0671,17.6509,-0.162733,0.396273
0,0.25,14.1426,16.2664,-0.187652,0.761013
0,0.25,13.0166,18.8997,-0.100867,0.122764
0,0.25,13.4039,18.2565,-0.0967334,0.150211
0,0.25,6.50578,21.5136,-0.298497,-0.0657984
0,0.25,12.8727,13.5258,-0.0819634,-0.0847927
0,0.25,12.0714,13.0323,-0.00832721,-0.0194195
0,0.25,13.2139,12.5549,0.0497635,-0.00704002
0,0.25,12.1519,12.6318,0.0213804,0.0142044
0,0.25,13.9735,15.5589,-0.0248415,0.585312
0,0.25,12.0574,15.0268,-0.00514643,-0.0113541
0,0.25,2.3031,14.9175,0.159771,-0.272064
0,0.25,4.10069,11.7559,0.297808,-0.0838657
0,0.25,3.7156,11.7351,0.313285,-0.0398864
0,0.25,4.07267,12.2973,0.339537,-0.0294834
0,0.25,4.22413,12.5663,0.285968,-0.0278481
0,0.25,4.69645,12.4739,0.222772,0.0512148
0,0.25,4.93395,12.5839,0.151292,0.0084987
0,0.25,4.7363,12.7551,0.13119,0.0882365
0,0.25,4.49482,12.9564,0.13955,0.0890331
0,0.25,4.26483,13.1078,0.0970563,0.0320299
0,0.25,4.30447,13.4187,0.0932082,0.0724024
0,0.25,3.71566,13.7037,0.126193,0.0423913
0,0.25,4.08438,13.4391,0.105274,0.0457724
0,0.25,4.17572,13.7093,0.116187,0.0787853
0,0.25,3.51037,14.5122,-0.0597836,-0.0120721
0,0.25,3.82324,13.9568,0.0882267,0.022165
0,0.25,3.38348,14.2672,-0.00924663,-0.0603049
0,0.25,3.39676,13.3141,0.238114,-0.209477
0,0.25,1.78574,14.9096,0.0528677,-0.53339
0,0.25,2.54885,14.2494,0.0927658,-0.272898
0,0.25,2.58408,16.67,-0.288305,-0.487269
0,0.25,2.01153,14.5606,0.0164286,-0.350754
0,0.25,2.15855,16.4183,-0.30471,-0.559874
0,0.25,2.82474,16.7376,-0.14633,-0.175015
0,0.25,3.4824,18.486,-0.0906582,-0.0757559
0,0.25,1.88916,15.7111,-0.213169,-0.592926
0,0.25,2.37545,18.2477,-0.238782,-0.486645
0,0.25,2.36859,13.7996,0.112161,-0.275231
0,0.25,2.50513,14.4864,0.106351,-0.397201
0,0.25,2.69382,14.6753,0.0874729,-0.406498
0,0.25,2.86424,16.9583,-0.231615,-0.23594
0,0.25,5.58848,21.3689,-0.222413,-0.0176823
0,0.25,6.5608,21.2943,-0.0339288,-0.0609845
0,0.25,3.95901,19.5975,-0.193501,-0.0696025
0,0.25,2.61581,14.8877,0.072951,-0.38545
0,0.25,4.83729,20.1238,0.0340503,-0.154754
0,0.25,2.01365,14.9948,0.00664323,-0.544681
0,0.25,13.7308,19.3864,-0.276028,0.0768719
0,0.25,12.9168,19.8027,-0.596667,0.189627
0,0.25,5.37574,20.7585,-0.087981,0.00701128
0,0.25,11.3311,20.5207,-0.123023,0.203057
0,0.25,12.6166,20.4357,-0.0700477,0.113674
0,0.25,13.5508,18.4717,-0.106825,0.0404624
0,0.25,10.1234,21.7398,-0.517072,0.00273208
0,0.25,14.1437,17.361,-0.20378,0.404217
0,0.25,10.0586,21.3043,-0.0976187,-0.016171
0,0.25,13.1169,19.1431,-0.0705107,0.0574503
0,0.25,12.0856,19.9809,-0.497664,0.341514
0,0.25,5.64032,20.6505,-0.124006,0.0132862
0,0.25,13.1783,13.5951,-0.165986,-0.0746358
0,0.25,11.5365,20.3926,-0.250937,0.296639
0,0.25,13.9904,17.1622,-0.229162,0.447437
0,0.25,13.9679,16.112,-0.117575,0.57458
0,0.25,10.3937,20.9769,-0.0837558,0.0326356
0,0.25,14.2847,16.8041,-0.173679,0.198854
0,0.25,13.7452,13.7538,-0.12814,0.0683629
0,0.25,5.60418,21.6146,-0.341634,-0.041296
0,0.25,4.25832,11.7623,0.368806,-0.0517534
0,0.25,4.1497,12.0285,0.372474,-0.050625
0,0.25,4.42817,12.4453,0.29348,0.0140499
0,0.25,4.8963,12.3098,0.235023,-0.0288318
0,0.25,5.1677,12.972,0.0614336,-0.0240815
0,0.25,5.38211,12.7839,0.066733,-0.0457669
0,0.25,4.94068,12.8902,0.103389,0.0362793
0,0.25,4.71689,13.0368,0.105023,0.0836396
0,0.25,4.47706,13.2236,0.0501533,0.081624
0,0.25,4.54396,13.4834,0.100398,0.0533457
0,0.25,4.63431,13.7471,0.111782,0.0681619
0,0.25,4.39506,13.7006,0.107111,0.0726115
0,0.25,5.00935,13.4252,0.0569694,0.023985
0,0.25,4.88616,13.7853,0.0803796,0.0928024
0,0.25,4.27022,13.9784,0.0937851,0.0902765
0,0.25,3.62389,14.2547,-0.00531326,-0.00140232
0,0.25,4.04676,13.9905,0.084531,0.0356331
0,0.25,3.74755,14.4977,0.00139713,-0.0601416
0,0.25,3.39711,14.7677,0.00418304,-0.0464912
0,0.25,2.98643,13.8113,0.205449,-0.277019
0,0.25,3.10916,15.0166,0.0402959,0.046991
0,0.25,2.95324,14.0458,0.14093,-0.313339
0,0.25,2.24043,15.1471,0.0918527,-0.457031
0,0.25,3.16416,14.7641,0.0205765,0.136298
0,0.25,4.44007,14.5023,-0.009598,0.00305547
0,0.25,3.38095,13.9668,0.0990081,-0.0865048
0,0.25,3.63242,14.7683,-0.0314994,-0.136405
0,0.25,2.75006,15.2502,-0.0510127,-0.00775948
0,0.25,3.0034,14.5528,0.170918,0.103979
0,0.25,3.61717,15.0181,0.0654129,0.0157877
0,0.25,2.77799,14.4507,0.273887,-0.291578
0,0.25,4.08051,20.0436,-0.289654,0.082868
0,0.25,2.77218,16.0049,-0.0599257,0.014601
0,0.25,4.06484,19.3495,-0.0910149,-0.0579584
0,0.25,4.20303,19.5343,-0.177255,-0.0799006
0,0.25,2.27528,17.9931,-0.1568,-0.452631
0,0.25,9.59996,21.858,-0.859031,0.086496
0,0.25,2.75778,15.7446,-0.0857527,0.0198342
0,0.25,2.72289,15.4808,0.0718798,0.0941344
0,0.25,10.5871,21.1104,0.00307871,0.00593405
0,0.25,2.78525,16.2615,-0.074671,-0.0458372
0,0.25,7.43059,21.2928,0.0155849,0.0445539
0,0.25,5.16227,20.6224,-0.0380467,-0.131087
0,0.25,5.8236,21.4796,-0.274616,-0.121546
0,0.25,9.32616,21.9203,-0.897738,0.117687
0,0.25,11.3164,20.783,0.00468847,0.181753
0,0.25,2.92266,17.1754,-0.148043,-0.319175
0,0.25,10.3247,21.2127,-0.0357945,-0.019946
0,0.25,12.9682,19.3576,-0.199753,0.077146
0,0.25,11.7554,20.5229,-0.0442305,0.258552
0,0.25,14.1758,15.9637,-0.190369,0.687079
0,0.25,12.7561,19.9933,-0.447753,0.0985961
0,0.25,6.07498,20.8721,-0.236503,-0.145356
0,0.25,6.06711,21.1119,-0.0651702,-0.115529
0,0.25,5.58423,21.1224,-0.186242,0.0163423
0,0.25,2.31013,15.6813,-0.156218,-0.537015
0,0.25,3.85577,11.725,0.435717,-0.03077
0,0.25,4.44225,12.0179,0.361647,-0.0141405
0,0.25,4.59917,12.2385,0.312326,-0.00637
0,0.25,5.12375,12.3886,0.189263,-0.0255605
0,0.25,5.33515,12.5203,0.142366,-0.0795404
0,0.25,5.56303,12.3304,0.176932,-0.109101
0,0.25,6.02528,12.3108,0.0758818,-0.0869074
0,0.25,4.95472,13.1635,0.0717132,0.036744
0,0.25,5.58593,12.5863,0.0808735,-0.0485377
0,0.25,4.7342,13.2888,0.0625665,0.0823851
0,0.25,5.40966,13.0448,0.0170267,-0.0244944
0,0.25,4.80329,13.5374,0.0818717,0.0643613
0,0.25,5.83649,12.6476,0.0574565,-0.0277614
0,0.25,5.19838,13.2354,0.0364191,-0.00108893
0,0.25,5.62721,12.8454,0.0404466,-0.0200734
0,0.25,5.86698,12.9089,0.00862637,-0.00160718
0,0.25,5.44883,13.3028,0.00509627,0.0247315
0,0.25,5.25464,13.4971,0.0317106,0.022136
0,0.25,3.86098,14.2355,0.0690601,0.0443801
0,0.25,5.09302,13.6966,0.0365938,0.0278007
0,0.25,4.09422,14.252,0.0378813,0.0569518
0,0.25,4.21051,14.5065,0.0172431,0.109507
0,0.25,4.73104,14.0122,0.0488313,0.0966184
0,0.25,3.97501,14.5009,-0.0422924,0.0337798
0,0.25,4.33177,14.2435,0.00528784,0.0694827
0,0.25,6.42018,13.4803,0.0105103,0.0256651
0,0.25,5.70203,13.3675,-0.0279489,0.0111804
0,0.25,5.19162,13.9624,0.00908671,0.0360065
0,0.25,3.85844,14.767,-0.0117777,0.123124
0,0.25,5.06266,14.2812,-0.012945,0.0980571
0,0.25,4.08693,14.7663,-0.00792742,-0.0638455
0,0.25,3.36236,15.0171,0.150852,-0.00271958
0,0.25,3.4904,13.7231,0.133954,-0.0734893
0,0.25,4.38514,15.0178,0.0376257,-0.107064
0,0.25,3.19358,14.1051,0.0662098,-0.101537
0,0.25,5.79529,14.3007,-0.00933904,0.0552766
0,0.25,3.87511,15.0231,0.0638705,-0.093042
0,0.25,4.67701,14.5042,-0.0130403,0.0680317
0,0.25,4.55215,14.7626,0.0377265,0.0236567
0,0.25,5.16574,14.5253,-0.0393828,0.0622283
0,0.25,3.09223,14.3274,-0.0607384,-0.131992
0,0.25,2.47712,15.3122,0.0380092,-0.278616
0,0.25,4.63667,15.0123,0.0177765,0.126265
0,0.25,2.00354,15.248,-0.0154639,-0.575996
0,0.25,4.78846,14.7623,-0.0486365,0.00608024
0,0.25,4.47408,20.6965,-0.052207,-0.311923
0,0.25,2.69711,18.4173,-0.0832058,-0.162661
0,0.25,9.69184,21.6287,-0.353955,0.071774
0,0.25,11.3005,21.0407,-0.0717043,0.171426
0,0.25,2.49063,18.4856,-0.192047,-0.446053
0,0.25,4.73425,20.3399,-0.149377,-0.425818
0,0.25,5.51399,14.7548,-0.0546379,0.0252155
0,0.25,2.33253,15.9629,-0.145358,-0.624564
0,0.25,2.84439,15.0279,0.0170408,-0.000607889
0,0.25,2.0811,15.5499,-0.251765,-0.612371
0,0.25,2.91896,14.7984,-0.0675685,0.0152371
0,0.25,4.48543,11.7822,0.280809,-0.0775931
0,0.25,4.73179,12.0541,0.282537,-0.0439746
0,0.25,4.98171,12.0847,0.235389,-0.062353
0,0.25,5.14308,12.698,0.105919,-0.0547477
0,0.25,5.71792,12.1233,0.140776,-0.177751
0,0.25,5.8043,12.3975,0.0865312,-0.0485306
0,0.25,6.62313,12.0871,0.105779,-0.138217
0,0.25,6.3912,12.0949,0.114098,-0.197508
0,0.25,6.84049,12.1348,0.0664649,-0.137953
0,0.25,6.25695,12.4045,0.0762311,-0.0992822
0,0.25,6.07201,12.5867,0.0571236,-0.0908884
0,0.25,6.71896,12.3769,0.0369995,-0.113459
0,0.25,6.47661,12.3474,0.0338966,-0.152987
0,0.25,7.37966,12.3917,0.0954169,-0.145463
0,0.25,6.79158,12.6695,0.0642366,-0.120146
0,0.25,6.31555,12.6705,0.0488116,-0.06685
0,0.25,7.04092,12.7286,0.0337333,-0.105079
0,0.25,6.09657,12.8475,0.0070732,-0.091092
0,0.25,6.54676,12.6008,0.0509661,-0.147205
0,0.25,5.6515,13.1078,-0.0357149,0.00260124
0,0.25,5.51672,13.5541,0.00576082,0.0409107
0,0.25,4.49495,13.9783,0.0809093,0.0254518
0,0.25,5.89822,13.1674,-0.0117914,0.00392792
0,0.25,5.34261,13.754,0.0180944,0.0539121
0,0.25,4.97931,14.0372,0.043257,0.0914006
0,0.25,6.12236,13.1239,-0.0447046,-0.0366836
0,0.25,6.80029,13.1892,-0.0404807,-0.144613
0,0.25,7.04469,13.2659,-0.0307074,-0.100197
0,0.25,5.95064,13.427,-0.00871202,-0.0184178
0,0.25,5.6022,13.8059,-0.018716,0.0695267
0,0.25,5.69294,14.0567,-0.0140651,0.0597021
0,0.25,4.32087,14.7685,-0.00617033,0.0687957
0,0.25,4.12979,15.0158,0.0697692,0.0901768
0,0.25,5.28538,14.232,-0.0308641,0.0521004
0,0.25,4.56212,14.2475,0.0171649,0.0714923
0,0.25,5.43453,14.0157,-0.0110006,0.0717788
0,0.25,5.86839,13.8974,-0.0331889,-0.0221999
0,0.25,6.02611,13.6886,-0.00391151,-0.0405906
0,0.25,5.9743,14.1701,-0.0566171,-0.0323223
0,0.25,6.33901,13.9617,0.00287177,0.0630184
0,0.25,4.88549,15.0095,-0.0233154,-0.0751019
0,0.25,5.53149,14.2694,-0.027941,0.0579025
0,0.25,5.39414,14.4929,-0.0310359,0.0339145
0,0.25,4.91646,14.5139,0.000493546,0.0656598
0,0.25,5.6379,14.5217,-0.0575448,0.0280377
0,0.25,3.27117,14.5062,-0.0765368,-0.108978
0,0.25,6.01465,14.7759,-0.050052,0.00167916
0,0.25,5.27587,14.767,-0.0680846,0.0289336
0,0.25,5.02945,14.7672,0.0048054,0.0778319
0,0.25,6.13173,15.0083,-0.0675422,-0.0176058
0,0.25,5.75783,14.7683,-0.0785926,0.0213051
0,0.25,6.36385,15.0027,-0.0761163,-0.0111025
0,0.25,5.62999,15.0082,-0.0844136,0.0381926
0,0.25,5.87835,15.0095,-0.0918943,-0.0104784
0,0.25,5.13547,15.0129,-0.0425635,0.103485
0,0.25,5.38546,15.0069,-0.0536874,-0.0355727
0,0.25,4.66365,11.7876,0.3173,-0.0844901
0,0.25,4.87574,11.7968,0.248392,-0.147358
0,0.25,5.20501,12.0496,0.15636,-0.131506
0,0.25,5.32708,12.2423,0.163769,-0.128161
0,0.25,5.50637,12.0307,0.153902,-0.0436035
0,0.25,6.77685,11.8106,0.0766756,-0.159854
0,0.25,5.93462,12.061,0.182018,-0.0842983
0,0.25,6.17725,12.1004,0.124668,-0.113604
0,0.25,6.96294,11.846,0.0737011,-0.121083
0,0.25,7.48383,11.7806,-0.0456532,-0.232628
0,0.25,7.0475,12.1622,0.0908181,-0.0683713
0,0.25,7.26327,12.1171,0.0935615,-0.15402
0,0.25,7.4692,12.092,0.092405,-0.163747
0,0.25,6.93303,12.4581,0.0503227,-0.129126
0,0.25,7.99564,13.004,-0.00873738,0.0111835
0,0.25,7.61566,12.2853,0.0717836,-0.156736
0,0.25,7.75993,12.5253,0.0225013,-0.147524
0,0.25,7.16055,12.4209,0.0632057,-0.10758
0,0.25,7.45612,12.8318,0.050528,-0.0544806
0,0.25,7.70917,12.7987,0.0297093,-0.169259
0,0.25,7.73123,13.0461,-0.000728239,-0.134165
0,0.25,6.55372,12.8544,-0.0290864,-0.143835
0,0.25,7.25285,12.6727,0.0697173,-0.133717
0,0.25,6.32304,12.9426,-0.030942,-0.0396664
0,0.25,6.79867,12.9214,-0.0214136,-0.117491
0,0.25,6.56905,13.115,-0.0790267,-0.13216
0,0.25,6.3536,13.2178,-0.0524805,-0.00319727
0,0.25,7.24951,12.9668,-0.0124097,-0.148299
0,0.25,7.02495,12.9961,-0.0141069,-0.123671
0,0.25,7.48262,13.3712,-0.0837827,-0.0690003
0,0.25,7.28514,13.2328,-0.0283867,-0.125205
0,0.25,7.17721,13.4821,-0.0072684,-0.0880868
0,0.25,5.77643,13.6301,-0.0196781,0.0133838
0,0.25,6.63162,13.3839,-0.0435615,-0.166355
0,0.25,4.80738,14.2645,-0.00656265,0.0708549
0,0.25,6.88805,13.4627,-0.00389258,-0.132187
0,0.25,6.96178,13.6953,0.0569866,-0.139866
0,0.25,6.17563,13.4052,0.00764401,0.0111797
0,0.25,6.25262,13.6791,0.027762,0.0304607
0,0.25,6.11182,13.9522,-0.0235303,-0.0474213
0,0.25,6.5878,14.0107,0.0206163,0.0487762
0,0.25,7.04158,13.9544,0.0202002,-0.120338
0,0.25,6.78478,13.8882,-0.0300823,-0.20918
0,0.25,6.20566,14.2309,-0.0431763,-0.0421341
0,0.25,5.89628,14.5354,-0.0281891,0.043316
0,0.25,6.1052,14.4631,-0.0410117,-0.0472736
0,0.25,6.35153,14.4768,-0.0168818,-0.0225488
0,0.25,6.67424,14.293,0.0451956,0.0899854
0,0.25,6.23161,14.7121,-0.040453,-0.0427915
0,0.25,6.83536,14.4867,0.0612321,-0.00148867
0,0.25,6.58207,14.5272,0.0182471,0.0698505
0,0.25,6.92953,14.7552,0.0776735,-0.0461843
0,0.25,6.45592,14.7707,-0.0360191,-0.00475122
0,0.25,6.70263,14.7586,0.04692,0.0460974
0,0.25,6.61506,15.0148,-0.0447788,-0.0139801
0,0.25,6.86099,15.0094,-0.0288238,-0.00638327
0,0.25,5.81787,11.7911,0.176062,-0.12495
0,0.25,5.05101,11.7874,0.275029,-0.194407
0,0.25,5.26087,11.7772,0.181927,-0.179691
0,0.25,5.66205,11.7916,0.0926605,-0.174516
0,0.25,5.43014,11.7889,0.241316,-0.16466
0,0.25,6.20923,11.7908,0.130204,-0.165954
0,0.25,6.03884,11.8012,0.0797785,-0.161903
0,0.25,6.59573,11.7968,0.0955844,-0.190184
0,0.25,7.98064,13.237,-0.0048644,-0.0116401
0,0.25,7.1502,11.8481,0.0773736,-0.0690327
0,0.25,6.40409,11.8076,0.0864159,-0.226556
0,0.25,7.85414,11.9141,0.00876091,-0.276442
0,0.25,7.34035,11.7632,0.0641637,-0.258311
0,0.25,7.9996,11.9789,-0.132001,-0.0451583
0,0.25,7.99043,12.5522,-0.0174878,0.0104891
0,0.25,7.81844,12.2198,0.0719814,-0.168473
0,0.25,7.65988,11.9108,0.0279377,-0.18168
0,0.25,8.02052,12.2967,0.0466732,0.030366
0,0.25,7.95753,12.7806,0.0343661,-0.000778646
0,0.25,7.73123,13.2978,-0.0836312,-0.172964
0,0.25,7.9907,13.4667,-0.0852095,-0.0747332
0,0.25,7.53069,12.5854,0.0119304,-0.104279
0,0.25,7.95683,13.6847,0.0445446,-0.0449339
0,0.25,7.71004,13.5373,0.0033275,-0.151657
0,0.25,7.9936,13.8981,-0.0559867,-0.108038
0,0.25,7.50405,13.0924,-0.0263693,-0.0751021
0,0.25,7.97941,14.1273,0.0204109,-0.0973328
0,0.25,7.68493,13.7667,-0.0612919,-0.170248
0,0.25,7.9913,14.3528,-0.0712971,-0.106179
0,0.25,7.73242,13.9963,-0.0461918,-0.185546
0,0.25,8.00195,14.6035,0.05741,-0.0616051
0,0.25,7.49478,14.1114,-0.0553092,-0.0194982
0,0.25,7.45321,13.8545,-0.0280367,0.0226193
0,0.25,7.42863,13.5994,0.0241123,-0.0350862
0,0.25,7.71984,14.242,0.0349834,-0.187941
0,0.25,7.20901,13.7249,0.0493012,-0.0579673
0,0.25,7.25473,14.0157,-0.0647872,0.0727375
0,0.25,7.04781,14.2607,-0.151275,-0.0665068
0,0.25,6.48853,13.753,0.0269474,0.0545785
0,0.25,7.77664,14.4931,0.0357387,-0.109779
0,0.25,6.69325,13.641,-0.0323851,-0.155191
0,0.25,7.30806,14.552,0.150257,0.0080448
0,0.25,7.27796,14.2828,-0.13511,0.0718315
0,0.25,7.50183,14.3866,0.0313655,-0.152363
0,0.25,7.97484,14.8221,-0.053214,-0.0745262
0,0.25,7.06323,14.5135,0.090009,-0.0166971
0,0.25,7.16916,14.7774,0.105558,-0.0157343
0,0.25,6.44053,14.2207,0.0231109,0.0680071
0,0.25,7.59466,14.6317,0.0790027,-0.125742
0,0.25,6.85685,14.1441,-0.0822134,-0.210627
0,0.25,7.72827,14.8307,0.0247558,-0.00255408
0,0.25,7.95955,15.0388,0.0847509,-0.0100419
0,0.25,7.11015,15.0206,-0.0370972,-0.0432995
0,0.25,7.41872,14.7972,0.146329,5.31108e-05
0,0.25,7.37463,15.0206,-0.0365596,0.00288877
0,0.25,7.64703,15.0289,0.0290068,0.0162165
1,0.25,8.25,0.75,0,0
1,0.25,8.5,0.75,0,0
1,0.25,15.75,0.75,0,0
1,0.25,16,0.75,0,0
1,0.25,0.75,0.75,0,0
1,0.25,1,0.75,0,0
1,0.25,8.25,1,0,0
1,0.25,8.5,1,0,0
1,0.25,15.75,1,0,0
1,0.25,16,1,0,0
1,0.25,0.75,1,0,0
1,0.25,1,1,0,0
1,0.25,8.25,1.25,0,0
1,0.25,8.5,1.25,0,0
1,0.25,15.75,1.25,0,0
1,0.25,16,1.25,0,0
1,0.25,0.75,1.25,0,0
1,0.25,1,1.25,0,0
1,0.25,8.25,1.5,0,0
1,0.25,8.5,1.5,0,0
1,0.25,15.75,1.5,0,0
1,0.25,16,1.5,0,0
1,0.25,0.75,1.5,0,0
1,0.25,1,1.5,0,0
1,0.25,8.25,1.75,0,0
1,0.25,8.5,1.75,0,0
1,0.25,15.75,1.75,0,0
1,0.25,16,1.75,0,0
1,0.25,0.75,1.75,0,0
1,0.25,1,1.75,0,0
1,0.25,8.25,2,0,0
1,0.25,8.5,2,0,0
1,0.25,15.75,2,0,0
1,0.25,16,2,0,0
1,0.25,0.75,2,0,0
1,0.25,1,2,0,0
1,0.25,8.25,2.25,0,0
1,0.25,8.5,2.25,0,0
1,0.25,15.75,2.25,0,0
1,0.25,16,2.25,0,0
1,0.25,0.75,2.25,0,0
1,0.25,1,2.25,0,0
1,0.25,8.25,2.5,0,0
1,0.25,8.5,2.5,0,0
1,0.25,15.75,2.5,0,0
1,0.25,16,2.5,0,0
1,0.25,0.75,2.5,0,0
1,0.25,1,2.5,0,0
1,0.25,8.25,2.75,0,0
1,0.25,8.5,2.75,0,0
1,0.25,15.75,2.75,0,0
1,0.25,16,2.75,0,0
1,0.25,0.75,2.75,0,0
1,0.25,1,2.75,0,0
1,0.25,8.25,3,0,0
1,0.25,8.5,3,0,0
1,0.25,15.75,3,0,0
1,0.25,16,3,0,0
1,0.25,0.75,3,0,0
1,0.25,1,3,0,0
1,0.25,8.25,3.25,0,0
1,0.25,8.5,3.25,0,0
1,0.25,15.75,3.25,0,0
1,0.25,16,3.25,0,0
1,0.25,0.75,3.25,0,0
1,0.25,1,3.25,0,0
1,0.25,8.25,3.5,0,0
1,0.25,8.5,3.5,0,0
1,0.25,15.75,3.5,0,0
1,0.25,16,3.5,0,0
1,0.25,0.75,3.5,0,0
1,0.25,1,3.5,0,0
1,0.25,8.25,3.75,0,0
1,0.25,8.5,3.75,0,0
1,0.25,15.75,3.75,0,0
1,0.25,16,3.75,0,0
1,0.25,0.75,3.75,0,0
1,0.25,1,3.75,0,0
1,0.25,8.25,4,0,0
1,0.25,8.5,4,0,0
1,0.25,15.75,4,0,0
1,0.25,16,4,0,0
1,0.25,0.75,4,0,0
1,0.25,1,4,0,0
1,0.25,8.25,4.25,0,0
1,0.25,8.5,4.25,0,0
1,0.25,15.75,4.25,0,0
1,0.25,16,4.25,0,0
1,0.25,0.75,4.25,0,0
1,0.25,1,4.25,0,0
1,0.25,8.25,4.5,0,0
1,0.25,8.5,4.5,0,0
1,0.25,15.75,4.5,0,0
1,0.25,16,4.5,0,0
1,0.25,0.75,4.5,0,0
1,0.25,1,4.5,0,0
1,0.25,8.25,4.75,0,0
1,0.25,8.5,4.75,0,0
1,0.25,15.75,4.75,0,0
1,0.25,16,4.75,0,0
1,0.25,0.75,4.75,0,0
1,0.25,1,4.75,0,0
1,0.25,8.25,5,0,0
1,0.25,8.5,5,0,0
1,0.25,15.75,5,0,0
1,0.25,16,5,0,0
1,0.25,0.75,5,0,0
1,0.25,1,5,0,0
1,0.25,8.25,5.25,0,0
1,0.25,8.5,5.25,0,0
1,0.25,15.75,5.25,0,0
1,0.25,16,5.25,0,0
1,0.25,0.75,5.25,0,0
1,0.25,1,5.25,0,0
1,0.25,8.25,5.5,0,0
1,0.25,8.5,5.5,0,0
1,0.25,15.75,5.5,0,0
1,0.25,16,5.5,0,0
1,0.25,0.75,5.5,0,0
1,0.25,1,5.5,0,0
1,0.25,8.25,5.75,0,0
1,0.25,8.5,5.75,0,0
1,0.25,15.75,5.75,0,0
1,0.25,16,5.75,0,0
1,0.25,0.75,5.75,0,0
1,0.25,1,5.75,0,0
1,0.25,8.25,6,0,0
1,0.25,8.5,6,0,0
1,0.25,15.75,6,0,0
1,0.25,16,6,0,0
1,0.25,0.75,6,0,0
1,0.25,1,6,0,0
1,0.25,8.25,6.25,0,0
1,0.25,8.5,6.25,0,0
1,0.25,15.75,6.25,0,0
1,0.25,16,6.25,0,0
1,0.25,0.75,6.25,0,0
1,0.25,1,6.25,0,0
1,0.25,8.25,6.5,0,0
1,0.25,8.5,6.5,0,0
1,0.25,15.75,6.5,0,0
1,0.25,16,6.5,0,0
1,0.25,0.75,6.5,0,0
1,0.25,1,6.5,0,0
1,0.25,8.25,6.75,0,0
1,0.25,8.5,6.75,0,0
1,0.25,15.75,6.75,0,0
1,0.25,16,6.75,0,0
1,0.25,0.75,6.75,0,0
1,0.25,1,6.75,0,0
1,0.25,8.25,7,0,0
1,0.25,8.5,7,0,0
1,0.25,15.75,7,0,0
1,0.25,16,7,0,0
1,0.25,0.75,7,0,0
1,0.25,1,7,0,0
1,0.25,8.25,7.25,0,0
1,0.25,8.5,7.25,0,0
1,0.25,15.75,7.25,0,0
1,0.25,16,7.25,0,0
1,0.25,0.75,7.25,0,0
1,0.25,1,7.25,0,0
1,0.25,8.25,7.5,0,0
1,0.25,8.5,7.5,0,0
1,0.25,15.75,7.5,0,0
1,0.25,16,7.5,0,0
1,0.25,0.75,7.5,0,0
1,0.25,1,7.5,0,0
1,0.25,8.25,7.75,0,0
1,0.25,8.5,7.75,0,0
1,0.25,15.75,7.75,0,0
1,0.25,16,7.75,0,0
1,0.25,0.75,7.75,0,0
1,0.25,1,7.75,0,0
1,0.25,8.25,8,0,0
1,0.25,8.5,8,0,0
1,0.25,15.75,8,0,0
1,0.25,16,8,0,0
1,0.25,0.75,8,0,0
1,0.25,1,8,0,0
1,0.25,8.25,8.25,0,0
1,0.25,8.5,8.25,0,0
1,0.25,15.75,8.25,0,0
1,0.25,16,8.25,0,0
1,0.25,0.75,8.25,0,0
1,0.25,1,8.25,0,0
1,0.25,8.25,8.5,0,0
1,0.25,8.5,8.5,0,0
1,0.25,15.75,8.5,0,0
1,0.25,16,8.5,0,0
1,0.25,0.75,8.5,0,0
1,0.25,1,8.5,0,0
1,0.25,8.25,8.75,0,0
1,0.25,8.5,8.75,0,0
1,0.25,15.75,8.75,0,0
1,0.25,16,8.75,0,0
1,0.25,0.75,8.75,0,0
1,0.25,1,8.75,0,0
1,0.25,8.25,9,0,0
1,0.25,8.5,9,0,0
1,0.25,15.75,9,0,0
1,0.25,16,9,0,0
1,0.25,0.75,9,0,0
1,0.25,1,9,0,0
1,0.25,8.25,9.25,0,0
1,0.25,8.5,9.25,0,0
1,0.25,15.75,9.25,0,0
1,0.25,16,9.25,0,0
1,0.25,0.75,9.25,0,0
1,0.25,1,9.25,0,0
1,0.25,8.25,9.5,0,0
1,0.25,8.5,9.5,0,0
1,0.25,15.75,9.5,0,0
1,0.25,16,9.5,0,0
1,0.25,0.75,9.5,0,0
1,0.25,1,9.5,0,0
1,0.25,8.25,9.75,0,0
1,0.25,8.5,9.75,0,0
1,0.25,15.75,9.75,0,0
1,0.25,16,9.75,0,0
1,0.25,0.75,9.75,0,0
1,0.25,1,9.75,0,0
1,0.25,8.25,10,0,0
1,0.25,8.5,10,0,0
1,0.25,15.75,10,0,0
1,0.25,16,10,0,0
1,0.25,0.75,10,0,0
1,0.25,1,10,0,0
1,0.25,8.25,10.25,0,0
1,0.25,8.5,10.25,0,0
1,0.25,15.75,10.25,0,0
1,0.25,16,10.25,0,0
1,0.25,0.75,10.25,0,0
1,0.25,1,10.25,0,0
1,0.25,8.25,10.5,0,0
1,0.25,8.5,10.5,0,0
1,0.25,15.75,10.5,0,0
1,0.25,16,10.5,0,0
1,0.25,0.75,10.5,0,0
1,0.25,1,10.5,0,0
1,0.25,8.25,10.75,0,0
1,0.25,8.5,10.75,0,0
1,0.25,15.75,10.75,0,0
1,0.25,16,10.75,0,0
1,0.25,0.75,10.75,0,0
1,0.25,1,10.75,0,0
1,0.25,8.25,11,0,0
1,0.25,8.5,11,0,0
1,0.25,15.75,11,0,0
1,0.25,16,11,0,0
1,0.25,0.75,11,0,0
1,0.25,1,11,0,0
1,0.25,8.25,11.25,0,0
1,0.25,8.5,11.25,0,0
1,0.25,15.75,11.25,0,0
1,0.25,16,11.25,0,0
1,0.25,0.75,11.25,0,0
1,0.25,1,11.25,0,0
1,0.25,8.25,11.5,0,0
1,0.25,8.5,11.5,0,0
1,0.25,15.75,11.5,0,0
1,0.25,16,11.5,0,0
1,0.25,0.75,11.5,0,0
1,0.25,1,11.5,0,0
1,0.25,8.25,11.75,0,0
1,0.25,8.5,11.75,0,0
1,0.25,15.75,11.75,0,0
1,0.25,16,11.75,0,0
1,0.25,0.75,11.75,0,0
1,0.25,1,11.75,0,0
1,0.25,8.25,12,0,0
1,0.25,8.5,12,0,0
1,0.25,15.75,12,0,0
1,0.25,16,12,0,0
1,0.25,0.75,12,0,0
1,0.25,1,12,0,0
1,0.25,8.25,12.25,0,0
1,0.25,8.5,12.25,0,0
1,0.25,15.75,12.25,0,0
1,0.25,16,12.25,0,0
1,0.25,0.75,12.25,0,0
1,0.25,1,12.25,0,0
1,0.25,8.25,12.5,0,0
1,0.25,8.5,12.5,0,0
1,0.25,15.75,12.5,0,0
1,0.25,16,12.5,0,0
1,0.25,0.75,12.5,0,0
1,0.25,1,12.5,0,0
1,0.25,8.25,12.75,0,0
1,0.25,8.5,12.75,0,0
1,0.25,15.75,12.75,0,0
1,0.25,16,12.75,0,0
1,0.25,0.75,12.75,0,0
1,0.25,1,12.75,0,0
1,0.25,8.25,13,0,0
1,0.25,8.5,13,0,0
1,0.25,15.75,13,0,0
1,0.25,16,13,0,0
1,0.25,0.75,13,0,0
1,0.25,1,13,0,0
1,0.25,8.25,13.25,0,0
1,0.25,8.5,13.25,0,0
1,0.25,15.75,13.25,0,0
1,0.25,16,13.25,0,0
1,0.25,0.75,13.25,0,0
1,0.25,1,13.25,0,0
1,0.25,8.25,13.5,0,0
1,0.25,8.5,13.5,0,0
1,0.25,15.75,13.5,0,0
1,0.25,16,13.5,0,0
1,0.25,0.75,13.5,0,0
1,0.25,1,13.5,0,0
1,0.25,8.25,13.75,0,0
1,0.25,8.5,13.75,0,0
1,0.25,15.75,13.75,0,0
1,0.25,16,13.75,0,0
1,0.25,0.75,13.75,0,0
1,0.25,1,13.75,0,0
1,0.25,8.25,14,0,0
1,0.25,8.5,14,0,0
1,0.25,15.75,14,0,0
1,0.25,16,14,0,0
1,0.25,0.75,14,0,0
1,0.25,1,14,0,0
1,0.25,8.25,14.25,0,0
1,0.25,8.5,14.25,0,0
1,0.25,15.75,14.25,0,0
1,0.25,16,14.25,0,0
1,0.25,0.75,14.25,0,0
1,0.25,1,14.25,0,0
1,0.25,8.25,14.5,0,0
1,0.25,8.5,14.5,0,0
1,0.25,15.75,14.5,0,0
1,0.25,16,14.5,0,0
1,0.25,0.75,14.5,0,0
1,0.25,1,14.5,0,0
1,0.25,8.25,14.75,0,0
1,0.25,8.5,14.75,0,0
1,0.25,15.75,14.75,0,0
1,0.25,16,14.75,0,0
1,0.25,0.75,14.75,0,0
1,0.25,1,14.75,0,0
1,0.25,8.25,15,0,0
1,0.25,8.5,15,0,0
1,0.25,15.75,15,0,0
1,0.25,16,15,0,0
1,0.25,0.75,15,0,0
1,0.25,1,15,0,0
1,0.25,8.25,15.25,0,0
1,0.25,8.5,15.25,0,0
1,0.25,15.75,15.25,0,0
1,0.25,16,15.25,0,0
1,0.25,0.75,15.25,0,0
1,0.25,1,15.25,0,0
1,0.25,8.25,15.5,0,0
1,0.25,8.5,15.5,0,0
1,0.25,15.75,15.5,0,0
1,0.25,16,15.5,0,0
1,0.25,0.75,15.5,0,0
1,0.25,1,15.5,0,0
1,0.25,1.25,0.75,0,0
1,0.25,1.25,1,0,0
1,0.25,1.5,0.75,0,0
1,0.25,1.5,1,0,0
1,0.25,1.75,0.75,0,0
1,0.25,1.75,1,0,0
1,0.25,2,0.75,0,0
1,0.25,2,1,0,0
1,0.25,2.25,0.75,0,0
1,0.25,2.25,1,0,0
1,0.25,2.5,0.75,0,0
1,0.25,2.5,1,0,0
1,0.25,2.75,0.75,0,0
1,0.25,2.75,1,0,0
1,0.25,3,0.75,0,0
1,0.25,3,1,0,0
1,0.25,3,15.25,0,0
1,0.25,3,15.5,0,0
1,0.25,3.25,0.75,0,0
1,0.25,3.25,1,0,0
1,0.25,3.25,15.25,0,0
1,0.25,3.25,15.5,0,0
1,0.25,3.5,0.75,0,0
1,0.25,3.5,1,0,0
1,0.25,3.5,15.25,0,0
1,0.25,3.5,15.5,0,0
1,0.25,3.75,0.75,0,0
1,0.25,3.75,1,0,0
1,0.25,3.75,15.25,0,0
1,0.25,3.75,15.5,0,0
1,0.25,4,0.75,0,0
1,0.25,4,1,0,0
1,0.25,4,15.25,0,0
1,0.25,4,15.5,0,0
1,0.25,4.25,0.75,0,0
1,0.25,4.25,1,0,0
1,0.25,4.25,15.25,0,0
1,0.25,4.25,15.5,0,0
1,0.25,4.5,0.75,0,0
1,0.25,4.5,1,0,0
1,0.25,4.5,15.25,0,0
1,0.25,4.5,15.5,0,0
1,0.25,4.75,0.75,0,0
1,0.25,4.75,1,0,0
1,0.25,4.75,15.25,0,0
1,0.25,4.75,15.5,0,0
1,0.25,5,0.75,0,0
1,0.25,5,1,0,0
1,0.25,5,15.25,0,0
1,0.25,5,15.5,0,0
1,0.25,5.25,0.75,0,0
1,0.25,5.25,1,0,0
1,0.25,5.25,15.25,0,0
1,0.25,5.25,15.5,0,0
1,0.25,5.5,0.75,0,0
1,0.25,5.5,1,0,0
1,0.25,5.5,15.25,0,0
1,0.25,5.5,15.5,0,0
1,0.25,5.75,0.75,0,0
1,0.25,5.75,1,0,0
1,0.25,5.75,15.25,0,0
1,0.25,5.75,15.5,0,0
1,0.25,6,0.75,0,0
1,0.25,6,1,0,0
1,0.25,6,15.25,0,0
1,0.25,6,15.5,0,0
1,0.25,6.25,0.75,0,0
1,0.25,6.25,1,0,0
1,0.25,6.25,15.25,0,0
1,0.25,6.25,15.5,0,0
1,0.25,6.5,0.75,0,0
1,0.25,6.5,1,0,0
1,0.25,6.5,15.25,0,0
1,0.25,6.5,15.5,0,0
1,0.25,6.75,0.75,0,0
1,0.25,6.75,1,0,0
1,0.25,6.75,15.25,0,0
1,0.25,6.75,15.5,0,0
1,0.25,7,0.75,0,0
1,0.25,7,1,0,0
1,0.25,7,15.25,0,0
1,0.25,7,15.5,0,0
1,0.25,7.25,0.75,0,0
1,0.25,7.25,1,0,0
1,0.25,7.25,15.25,0,0
1,0.25,7.25,15.5,0,0
1,0.25,7.5,0.75,0,0
1,0.25,7.5,1,0,0
1,0.25,7.5,15.25,0,0
1,0.25,7.5,15.5,0,0
1,0.25,7.75,0.75,0,0
1,0.25,7.75,1,0,0
1,0.25,7.75,15.25,0,0
1,0.25,7.75,15.5,0,0
1,0.25,8,0.75,0,0
1,0.25,8,1,0,0
1,0.25,8,15.25,0,0
1,0.25,8,15.5,0,0
1,0.25,8.75,0.75,0,0
1,0.25,8.75,1,0,0
1,0.25,8.75,15.25,0,0
1,0.25,8.75,15.5,0,0
1,0.25,9,0.75,0,0
1,0.25,9,1,0,0
1,0.25,9,15.25,0,0
1,0.25,9,15.5,0,0
1,0.25,9.25,0.75,0,0
1,0.25,9.25,1,0,0
1,0.25,9.25,15.25,0,0
1,0.25,9.25,15.5,0,0
1,0.25,9.5,0.75,0,0
1,0.25,9.5,1,0,0
1,0.25,9.5,15.25,0,0
1,0.25,9.5,15.5,0,0
1,0.25,9.75,0.75,0,0
1,0.25,9.75,1,0,0
1,0.25,9.75,15.25,0,0
1,0.25,9.75,15.5,0,0
1,0.25,10,0.75,0,0
1,0.25,10,1,0,0
1,0.25,10,15.25,0,0
1,0.25,10,15.5,0,0
1,0.25,10.25,0.75,0,0
1,0.25,10.25,1,0,0
1,0.25,10.25,15.25,0,0
1,0.25,10.25,15.5,0,0
1,0.25,10.5,0.75,0,0
1,0.25,10.5,1,0,0
1,0.25,10.5,15.25,0,0
1,0.25,10.5,15.5,0,0
1,0.25,10.75,0.75,0,0
1,0.25,10.75,1,0,0
1,0.25,10.75,15.25,0,0
1,0.25,10.75,15.5,0,0
1,0.25,11,0.75,0,0
1,0.25,11,1,0,0
1,0.25,11,15.25,0,0
1,0.25,11,15.5,0,0
1,0.25,11.25,0.75,0,0
1,0.25,11.25,1,0,0
1,0.25,11.25,15.25,0,0
1,0.25,11.25,15.5,0,0
1,0.25,11.5,0.75,0,0
1,0.25,11.5,1,0,0
1,0.25,11.5,15.25,0,0
1,0.25,11.5,15.5,0,0
1,0.25,11.75,0.75,0,0
1,0.25,11.75,1,0,0
1,0.25,11.75,15.25,0,0
1,0.25,11.75,15.5,0,0
1,0.25,12,0.75,0,0
1,0.25,12,1,0,0
1,0.25,12,15.25,0,0
1,0.25,12,15.5,0,0
1,0.25,12.25,0.75,0,0
1,0.25,12.25,1,0,0
1,0.25,12.25,15.25,0,0
1,0.25,12.25,15.5,0,0
1,0.25,12.5,0.75,0,0
1,0.25,12.5,1,0,0
1,0.25,12.5,15.25,0,0
1,0.25,12.5,15.5,0,0
1,0.25,12.75,0.75,0,0
1,0.25,12.75,1,0,0
1,0.25,12.75,15.25,0,0
1,0.25,12.75,15.5,0,0
1,0.25,13,0.75,0,0
1,0.25,13,1,0,0
1,0.25,13,15.25,0,0
1,0.25,13,15.5,0,0
1,0.25,13.25,0.75,0,0
1,0.25,13.25,1,0,0
1,0.25,13.25,15.25,0,0
1,0.25,13.25,15.5,0,0
1,0.25,13.5,0.75,0,0
1,0.25,13.5,1,0,0
1,0.25,13.5,15.25,0,0
1,0.25,13.5,15.5,0,0
1,0.25,13.75,0.75,0,0
1,0.25,13.75,1,0,0
1,0.25,13.75,15.25,0,0
1,0.25,13.75,15.5,0,0
1,0.25,14,0.75,0,0
1,0.25,14,1,0,0
1,0.25,14.25,0.75,0,0
1,0.25,14.25,1,0,0
1,0.25,14.5,0.75,0,0
1,0.25,14.5,1,0,0
1,0.25,14.75,0.75,0,0
1,0.25,14.75,1,0,0
1,0.25,15,0.75,0,0
1,0.25,15,1,0,0
1,0.25,15.25,0.75,0,0
1,0.25,15.25,1,0,0
1,0.25,15.5,0.75,0,0
1,0.25,15.5,1,0,0
1,0.25,16,15.75,0,0
1,0.25,15.9959,16,0,0
1,0.25,15.9836,16.2496,0,0
1,0.25,15.9631,16.4988,0,0
1,0.25,15.9345,16.7471,0,0
1,0.25,15.8978,16.9944,0,0
1,0.25,15.8529,17.2403,0,0
1,0.25,15.8001,17.4847,0,0
1,0.25,15.7392,17.7271,0,0
1,0.25,15.6704,17.9675,0,0
1,0.25,15.5938,18.2054,0,0
1,0.25,15.5095,18.4408,0,0
1,0.25,15.4174,18.6732,0,0
1,0.25,15.3178,18.9025,0,0
1,0.25,15.2107,19.1284,0,0
1,0.25,15.0963,19.3506,0,0
1,0.25,14.9747,19.569,0,0
1,0.25,14.8459,19.7833,0,0
1,0.25,14.7102,19.9933,0,0
1,0.25,14.5677,20.1987,0,0
1,0.25,14.4186,20.3993,0,0
1,0.25,14.2629,20.5949,0,0
1,0.25,14.1009,20.7853,0,0
1,0.25,13.9328,20.9703,0,0
1,0.25,13.7587,21.1497,0,0
1,0.25,13.5788,21.3233,0,0
1,0.25,13.3933,21.4909,0,0
1,0.25,13.2024,21.6523,0,0
1,0.25,13.0063,21.8074,0,0
1,0.25,12.8052,21.9559,0,0
1,0.25,12.5994,22.0978,0,0
1,0.25,12.3891,22.2329,0,0
1,0.25,12.1744,22.361,0,0
1,0.25,11.9556,22.482,0,0
1,0.25,11.733,22.5957,0,0
1,0.25,11.5068,22.7021,0,0
1,0.25,11.2772,22.8011,0,0
1,0.25,11.0445,22.8924,0,0
1,0.25,10.809,22.9761,0,0
1,0.25,10.5708,23.052,0,0
1,0.25,10.3302,23.1201,0,0
1,0.25,10.0876,23.1802,0,0
1,0.25,9.8431,23.2323,0,0
1,0.25,9.59703,23.2764,0,0
1,0.25,9.34965,23.3125,0,0
1,0.25,9.10122,23.3403,0,0
1,0.25,8.85201,23.3601,0,0
1,0.25,8.60229,23.3716,0,0
1,0.25,8.35232,23.375,0,0
1,0.25,8.10238,23.3701,0,0
1,0.25,7.85273,23.3571,0,0
1,0.25,7.60364,23.3359,0,0
1,0.25,7.35539,23.3065,0,0
1,0.25,7.10822,23.269,0,0
1,0.25,6.86242,23.2235,0,0
1,0.25,6.61825,23.1699,0,0
1,0.25,6.37596,23.1083,0,0
1,0.25,6.13582,23.0388,0,0
1,0.25,5.89809,22.9615,0,0
1,0.25,5.66302,22.8764,0,0
1,0.25,5.43087,22.7837,0,0
1,0.25,5.20188,22.6834,0,0
1,0.25,4.9763,22.5756,0,0
1,0.25,4.75438,22.4606,0,0
1,0.25,4.53634,22.3383,0,0
1,0.25,4.32244,22.2089,0,0
1,0.25,4.11289,22.0726,0,0
1,0.25,3.90792,21.9295,0,0
1,0.25,3.70775,21.7797,0,0
1,0.25,3.5126,21.6235,0,0
1,0.25,3.32267,21.4609,0,0
1,0.25,3.13818,21.2922,0,0
1,0.25,2.95931,21.1176,0,0
1,0.25,2.78627,20.9372,0,0
1,0.25,2.61923,20.7512,0,0
1,0.25,2.45838,20.5598,0,0
1,0.25,2.30389,20.3633,0,0
1,0.25,2.15592,20.1618,0,0
1,0.25,2.01464,19.9555,0,0
1,0.25,1.8802,19.7448,0,0
1,0.25,1.75274,19.5297,0,0
1,0.25,1.6324,19.3106,0,0
1,0.25,1.5193,19.0877,0,0
1,0.25,1.41357,18.8611,0,0
1,0.25,1.31533,18.6313,0,0
1,0.25,1.22467,18.3983,0,0
1,0.25,1.1417,18.1625,0,0
1,0.25,1.0665,17.9241,0,0
1,0.25,0.999164,17.6833,0,0
1,0.25,0.939753,17.4405,0,0
1,0.25,0.888333,17.1958,0,0
1,0.25,0.844961,16.9496,0,0
1,0.25,0.809682,16.7022,0,0
1,0.25,0.782536,16.4536,0,0
1,0.25,0.76355,16.2044,0,0
1,0.25,0.752746,15.9546,0,0
1,0.25,0.750135,15.7046,0,0
1,0.25,15.75,15.75,0,0
1,0.25,15.7459,15.9958,0,0
1,0.25,15.7336,16.2413,0,0
1,0.25,15.7132,16.4863,0,0
1,0.25,15.6845,16.7304,0,0
1,0.25,15.6478,16.9735,0,0
1,0.25,15.603,17.2152,0,0
1,0.25,15.5501,17.4553,0,0
1,0.25,15.4893,17.6934,0,0
1,0.25,15.4206,17.9295,0,0
1,0.25,15.3441,18.1631,0,0
1,0.25,15.2598,18.394,0,0
1,0.25,15.1678,18.622,0,0
1,0.25,15.0683,18.8468,0,0
1,0.25,14.9614,19.0681,0,0
1,0.25,14.8472,19.2858,0,0
1,0.25,14.7257,19.4995,0,0
1,0.25,14.5973,19.7091,0,0
1,0.25,14.4619,19.9142,0,0
1,0.25,14.3197,20.1148,0,0
1,0.25,14.1709,20.3105,0,0
1,0.25,14.0157,20.5011,0,0
1,0.25,13.8542,20.6865,0,0
1,0.25,13.6867,20.8663,0,0
1,0.25,13.5132,21.0405,0,0
1,0.25,13.334,21.2088,0,0
1,0.25,13.1494,21.371,0,0
1,0.25,12.9594,21.527,0,0
1,0.25,12.7643,21.6766,0,0
1,0.25,12.5643,21.8196,0,0
1,0.25,12.3597,21.9558,0,0
1,0.25,12.1507,22.0852,0,0
1,0.25,11.9375,22.2075,0,0
1,0.25,11.7203,22.3227,0,0
1,0.25,11.4994,22.4305,0,0
1,0.25,11.275,22.5309,0,0
1,0.25,11.0474,22.6238,0,0
1,0.25,10.8168,22.709,0,0
1,0.25,10.5835,22.7865,0,0
1,0.25,10.3478,22.8562,0,0
1,0.25,10.1099,22.918,0,0
1,0.25,9.87002,22.9719,0,0
1,0.25,9.62851,23.0177,0,0
1,0.25,9.3856,23.0554,0,0
1,0.25,9.14157,23.0851,0,0
1,0.25,8.89669,23.1065,0,0
1,0.25,8.65122,23.1198,0,0
1,0.25,8.40546,23.1249,0,0
1,0.25,8.15965,23.1219,0,0
1,0.25,7.91409,23.1106,0,0
1,0.25,7.66904,23.0911,0,0
1,0.25,7.42477,23.0635,0,0
1,0.25,7.18156,23.0278,0,0
1,0.25,6.93968,22.984,0,0
1,0.25,6.69938,22.9321,0,0
1,0.25,6.46096,22.8723,0,0
1,0.25,6.22465,22.8045,0,0
1,0.25,5.99074,22.729,0,0
1,0.25,5.75947,22.6456,0,0
1,0.25,5.53112,22.5546,0,0
1,0.25,5.30592,22.4561,0,0
1,0.25,5.08413,22.3501,0,0
1,0.25,4.86599,22.2367,0,0
1,0.25,4.65176,22.1162,0,0
1,0.25,4.44166,21.9885,0,0
1,0.25,4.23593,21.854,0,0
1,0.25,4.0348,21.7127,0,0
1,0.25,3.8385,21.5647,0,0
1,0.25,3.64723,21.4103,0,0
1,0.25,3.46121,21.2496,0,0
1,0.25,3.28066,21.0828,0,0
1,0.25,3.10576,20.91,0,0
1,0.25,2.93672,20.7315,0,0
1,0.25,2.77372,20.5475,0,0
1,0.25,2.61695,20.3582,0,0
1,0.25,2.46657,20.1637,0,0
1,0.25,2.32275,19.9644,0,0
1,0.25,2.18566,19.7603,0,0
1,0.25,2.05545,19.5518,0,0
1,0.25,1.93225,19.3391,0,0
1,0.25,1.81622,19.1224,0,0
1,0.25,1.70747,18.9019,0,0
1,0.25,1.60613,18.678,0,0
1,0.25,1.51231,18.4508,0,0
1,0.25,1.42611,18.2205,0,0
1,0.25,1.34763,17.9876,0,0
1,0.25,1.27697,17.7521,0,0
1,0.25,1.21418,17.5145,0,0
1,0.25,1.15936,17.2748,0,0
1,0.25,1.11255,17.0335,0,0
1,0.25,1.07381,16.7908,0,0
1,0.25,1.04318,16.5469,0,0
1,0.25,1.02069,16.3021,0,0
1,0.25,1.00638,16.0567,0,0
1,0.25,1.00025,15.8109,0,0
1,0.25,1.00232,15.5651,0,0
1,0.25,13.75,15.75,0,0
1,0.25,13.7442,15.9999,0,0
1,0.25,13.7268,16.2493,0,0
1,0.25,13.6978,16.4976,0,0
1,0.25,13.6572,16.7442,0,0
1,0.25,13.6053,16.9888,0,0
1,0.25,13.5421,17.2306,0,0
1,0.25,13.4676,17.4692,0,0
1,0.25,13.3822,17.7042,0,0
1,0.25,13.2859,17.9349,0,0
1,0.25,13.179,18.1608,0,0
1,0.25,13.0617,18.3816,0,0
1,0.25,12.9343,18.5966,0,0
1,0.25,12.797,18.8056,0,0
1,0.25,12.6502,19.0079,0,0
1,0.25,12.4941,19.2031,0,0
1,0.25,12.3291,19.3909,0,0
1,0.25,12.1555,19.5708,0,0
1,0.25,11.9738,19.7424,0,0
1,0.25,11.7842,19.9054,0,0
1,0.25,11.5874,20.0595,0,0
1,0.25,11.3835,20.2042,0,0
1,0.25,11.1732,20.3392,0,0
1,0.25,10.9568,20.4644,0,0
1,0.25,10.7348,20.5793,0,0
1,0.25,10.5077,20.6838,0,0
1,0.25,10.276,20.7776,0,0
1,0.25,10.0402,20.8606,0,0
1,0.25,9.80076,20.9325,0,0
1,0.25,9.55826,20.9931,0,0
1,0.25,9.3132,21.0425,0,0
1,0.25,9.06611,21.0804,0,0
1,0.25,8.81753,21.1068,0,0
1,0.25,8.56799,21.1215,0,0
1,0.25,8.31803,21.1247,0,0
1,0.25,8.0682,21.1162,0,0
1,0.25,7.81903,21.0962,0,0
1,0.25,7.57106,21.0645,0,0
1,0.25,7.32483,21.0214,0,0
1,0.25,7.08087,20.9669,0,0
1,0.25,6.83971,20.9011,0,0
1,0.25,6.60187,20.8241,0,0
1,0.25,6.36787,20.7362,0,0
1,0.25,6.13821,20.6375,0,0
1,0.25,5.91339,20.5282,0,0
1,0.25,5.69389,20.4086,0,0
1,0.25,5.48019,20.2789,0,0
1,0.25,5.27275,20.1394,0,0
1,0.25,5.07202,19.9904,0,0
1,0.25,4.87844,19.8322,0,0
1,0.25,4.69241,19.6653,0,0
1,0.25,4.51436,19.4898,0,0
1,0.25,4.34465,19.3063,0,0
1,0.25,4.18366,19.115,0,0
1,0.25,4.03174,18.9165,0,0
1,0.25,3.88921,18.7111,0,0
1,0.25,3.75639,18.4994,0,0
1,0.25,3.63355,18.2817,0,0
1,0.25,3.52097,18.0585,0,0
1,0.25,3.41889,17.8303,0,0
1,0.25,3.32752,17.5976,0,0
1,0.25,3.24708,17.3609,0,0
1,0.25,3.17772,17.1207,0,0
1,0.25,3.11961,16.8776,0,0
1,0.25,3.07287,16.6321,0,0
1,0.25,3.03759,16.3846,0,0
1,0.25,3.01386,16.1357,0,0
1,0.25,3.00172,15.886,0,0
1,0.25,3.00121,15.6361,0,0
1,0.25,13.5,15.75,0,0
1,0.25,13.4939,15.9999,0,0
1,0.25,13.4756,16.2492,0,0
1,0.25,13.4452,16.4973,0,0
1,0.25,13.4027,16.7437,0,0
1,0.25,13.3483,16.9876,0,0
1,0.25,13.2821,17.2287,0,0
1,0.25,13.2041,17.4662,0,0
1,0.25,13.1147,17.6996,0,0
1,0.25,13.014,17.9284,0,0
1,0.25,12.9022,18.152,0,0
1,0.25,12.7797,18.3699,0,0
1,0.25,12.6467,18.5816,0,0
1,0.25,12.5036,18.7865,0,0
1,0.25,12.3506,18.9842,0,0
1,0.25,12.1882,19.1742,0,0
1,0.25,12.0167,19.3561,0,0
1,0.25,11.8365,19.5294,0,0
1,0.25,11.6481,19.6937,0,0
1,0.25,11.4519,19.8486,0,0
1,0.25,11.2484,19.9937,0,0
1,0.25,11.0381,20.1288,0,0
1,0.25,10.8214,20.2534,0,0
1,0.25,10.5989,20.3674,0,0
1,0.25,10.3711,20.4703,0,0
1,0.25,10.1385,20.562,0,0
1,0.25,9.90179,20.6423,0,0
1,0.25,9.66142,20.7109,0,0
1,0.25,9.41799,20.7677,0,0
1,0.25,9.17208,20.8126,0,0
1,0.25,8.92427,20.8455,0,0
1,0.25,8.67516,20.8662,0,0
1,0.25,8.42533,20.8748,0,0
1,0.25,8.17538,20.8711,0,0
1,0.25,7.92591,20.8553,0,0
1,0.25,7.6775,20.8273,0,0
1,0.25,7.43076,20.7873,0,0
1,0.25,7.18626,20.7352,0,0
1,0.25,6.94459,20.6713,0,0
1,0.25,6.70632,20.5957,0,0
1,0.25,6.47202,20.5086,0,0
1,0.25,6.24225,20.4101,0,0
1,0.25,6.01755,20.3006,0,0
1,0.25,5.79846,20.1802,0,0
1,0.25,5.5855,20.0493,0,0
1,0.25,5.37918,19.9082,0,0
1,0.25,5.17998,19.7572,0,0
1,0.25,4.98839,19.5966,0,0
1,0.25,4.80485,19.4269,0,0
1,0.25,4.62981,19.2485,0,0
1,0.25,4.46368,19.0617,0,0
1,0.25,4.30685,18.867,0,0
1,0.25,4.1597,18.6649,0,0
1,0.25,4.02258,18.4559,0,0
1,0.25,3.89581,18.2405,0,0
1,0.25,3.7797,18.0191,0,0
1,0.25,3.67452,17.7923,0,0
1,0.25,3.58053,17.5607,0,0
1,0.25,3.49794,17.3248,0,0
1,0.25,3.42695,17.0851,0,0
1,0.25,3.36774,16.8422,0,0
1,0.25,3.32044,16.5968,0,0
1,0.25,3.28516,16.3493,0,0
1,0.25,3.26199,16.1004,0,0
1,0.25,3.25099,15.8507,0,0
1,0.25,3.25218,15.6007,0,0
