2452 2 0.25 4000 0.15 2 0 0.001 0 9.81 18 25
0,0.25,1.24211,13.9011,-0.214904,0.263727
0,0.25,1.26051,13.4429,-0.170224,0.215284
0,0.25,2.02785,12.2054,0.0157395,-0.0762949
0,0.25,1.27345,12.5419,-0.103122,0.132575
0,0.25,2.30024,12.1002,-0.0136637,-0.0729631
0,0.25,1.25146,12.7769,0.0210887,0.228639
0,0.25,1.27335,12.997,-0.115862,0.189057
0,0.25,1.25936,13.2175,0.12964,0.252187
0,0.25,1.25851,14.1392,0.126257,0.252107
0,0.25,1.55325,12.5453,0.0355435,-0.121126
0,0.25,1.2427,14.3712,-0.250601,0.300801
0,0.25,1.81284,12.8359,-0.0247125,-0.05657
0,0.25,1.24794,14.8541,-0.100416,0.244489
0,0.25,1.56545,12.9818,0.0557049,-0.213404
0,0.25,1.34169,16.8738,0.00226247,-0.0326954
0,0.25,1.70124,18.2603,-0.00171747,-0.0246306
0,0.25,1.79249,18.4788,-0.00996244,-0.00810032
0,0.25,3.03897,20.4838,0.0120892,-0.000886508
0,0.25,2.47852,17.9462,-0.0687043,-0.205527
0,0.25,2.78488,19.8101,-0.0725816,-0.178634
0,0.25,5.08712,22.0937,-0.0417023,-0.0136803
0,0.25,6.61293,22.0016,-0.163874,-0.000526133
0,0.25,7.63141,21.5779,-0.146199,0.00590327
0,0.25,5.66107,21.8723,-0.171133,-0.0714982
0,0.25,10.8736,21.7485,-0.126332,0.109812
0,0.25,10.011,22.4727,-0.155426,0.0877118
0,0.25,11.2849,22.2679,0.0446085,-0.0123724
0,0.25,14.2266,18.6008,-0.0904747,0.0465562
0,0.25,13.6955,19.4983,0.137671,0.156775
0,0.25,13.38,20.5414,-0.149459,0.0144984
0,0.25,14.3081,13.7865,0.157212,0.164881
0,0.25,14.4145,18.1093,-0.0932234,0.175882
0,0.25,14.8194,18.2297,-0.0252604,0.147738
0,0.25,12.8692,12.3126,0.216177,0.0205789
0,0.25,14.5644,12.4089,-0.0155298,-0.0480979
0,0.25,11.7257,12.7325,0.244858,0.0419677
0,0.25,13.795,12.4397,0.126994,-0.0805702
0,0.25,9.51198,13.8196,0.076451,-0.0464855
0,0.25,11.7497,13.1724,0.23875,0.0252737
0,0.25,9.43492,13.1537,0.0336042,0.0215385
0,0.25,14.2976,14.9173,0.0276081,0.243874
0,0.25,8.98412,14.1857,0.0237028,-0.0116627
0,0.25,10.4883,13.4241,0.165867,0.0105007
0,0.25,10.716,11.7026,0.11756,0.151664
0,0.25,9.89029,12.1607,0.0625674,0.120528
0,0.25,9.77083,13.2979,0.0946412,0.0430358
0,0.25,14.5844,12.6728,0.0702236,-0.0578532
0,0.25,11.1525,11.8959,0.123253,0.105497
0,0.25,14.6251,15.7935,-0.167842,0.139847
0,0.25,11.4533,11.8956,0.147474,0.115184
0,0.25,10.7796,13.4163,0.188849,-0.00905816
0,0.25,15.4833,16.1323,0.00585245,0.0179312
0,0.25,13.7667,11.3393,0.236291,-0.10263
0,0.25,10.626,13.2107,0.157556,0.0144319
0,0.25,10.8548,12.3345,0.153708,0.0943908
0,0.25,14.8673,11.2192,0.295171,-0.154824
0,0.25,1.55105,12.3167,-0.00116175,-0.024414
0,0.25,2.01704,11.9719,0.00425345,-0.0420601
0,0.25,1.52406,12.7637,-0.0804416,-0.122975
0,0.25,1.33064,15.4779,0.130124,0.0780127
0,0.25,1.25709,13.668,0.223014,0.243957
0,0.25,1.24917,14.6136,0.10833,0.289874
0,0.25,1.30428,15.0566,0.197646,0.194108
0,0.25,1.24082,15.2731,-0.12068,0.171013
0,0.25,1.27965,16.3929,0.0763179,-0.0371422
0,0.25,1.30111,16.6365,-0.0220617,-0.0640479
0,0.25,1.9835,18.9097,0.00608137,0.00416912
0,0.25,2.20994,19.3291,0.0202271,0.0204506
0,0.25,2.09234,19.1222,0.00916427,0.0245493
0,0.25,1.66991,17.3489,-0.0425341,-0.179986
0,0.25,2.32958,18.635,-0.0910435,-0.0880995
0,0.25,3.8848,21.2971,0.007146,-0.0148907
0,0.25,4.87599,21.9756,-0.0363621,-0.0162893
0,0.25,3.96423,20.7959,-0.15397,-0.101889
0,0.25,5.52835,22.2978,-0.0403644,0.00591056
0,0.25,7.57807,22.8529,-0.0469899,0.0129154
0,0.25,8.0573,22.88,0.00167724,0.00635682
0,0.25,5.99046,22.235,-0.149828,-0.0377378
0,0.25,9.45446,22.8092,-0.0625848,0.00999017
0,0.25,10.1673,22.6595,0.0158717,0.0239227
0,0.25,9.28188,22.6043,-0.158671,0.0293043
0,0.25,10.7919,22.2352,-0.22128,0.0890311
0,0.25,11.5225,21.9078,-0.165223,0.0312633
0,0.25,11.7139,22.0572,0.0226044,-0.0146952
0,0.25,14.6477,17.3414,-0.0223922,0.305506
0,0.25,13.376,12.7463,0.249239,0.0145051
0,0.25,12.6969,21.4276,-0.0166648,-0.0403305
0,0.25,13.6162,20.6094,-0.11366,0.0655391
0,0.25,14.9905,17.693,-0.0263611,0.187312
0,0.25,12.0541,14.7762,0.0470631,0.0112478
0,0.25,11.8559,12.5104,0.234876,0.0511407
0,0.25,14.2187,19.0573,0.0322406,0.0593219
0,0.25,12.664,15.0181,0.0477556,0.029676
0,0.25,11.5999,12.9572,0.243058,0.0247455
0,0.25,10.0807,13.654,0.151784,0.00196363
0,0.25,11.3554,13.8439,0.147887,0.0173319
0,0.25,10.3381,13.2217,0.123926,0.0108873
0,0.25,10.2918,11.923,0.12238,0.134569
0,0.25,8.7318,11.8342,-0.0133989,0.356408
0,0.25,15.2718,14.0895,0.0110114,0.0921797
0,0.25,14.8113,14.3218,0.0862615,0.230708
0,0.25,12.1643,11.4671,0.194974,0.0901852
0,0.25,14.4053,15.6348,-0.146185,0.165551
0,0.25,11.3197,12.9661,0.224922,0.0244788
0,0.25,10.2896,12.3653,0.104221,0.105269
0,0.25,9.22471,13.0225,-0.00500278,0.0963605
0,0.25,14.7974,12.515,0.046173,-0.0257351
0,0.25,13.0975,11.7015,0.245204,-0.00133878
0,0.25,10.7569,12.9872,0.166168,0.0307553
0,0.25,10.1961,13.0188,0.09247,0.0484185
0,0.25,10.9088,13.1976,0.190503,0.00961777
0,0.25,10.4784,13.001,0.131289,0.0372516
0,0.25,1.39613,11.8545,-0.0525084,0.0609127
0,0.25,2.07713,12.71,0.0817329,-0.0592536
0,0.25,1.83889,13.0725,0.0494215,-0.0683276
0,0.25,1.25462,15.9115,0.0558804,0.0401422
0,0.25,1.53179,13.6301,-0.0943964,-0.234391
0,0.25,1.47966,17.5676,-0.00141427,-0.0238674
0,0.25,1.29722,15.6961,-0.0427676,0.0389686
0,0.25,2.46166,19.7321,0.0229191,0.0260496
0,0.25,2.73471,20.1159,0.0168039,-0.014278
0,0.25,1.71734,16.365,0.0180213,-0.274593
0,0.25,2.09303,18.6113,-0.059482,-0.159831
0,0.25,2.86069,19.5751,-0.0440094,-0.168355
0,0.25,2.95359,20.0376,-0.0876717,-0.118779
0,0.25,3.12903,20.2489,-0.0977209,-0.0955675
0,0.25,7.82059,22.8705,-0.0123709,0.0276332
0,0.25,5.52155,22.0449,-0.0784496,-0.0044544
0,0.25,7.5709,22.0145,-0.124598,0.0168416
0,0.25,8.36332,22.4581,-0.126035,-0.0263271
0,0.25,10.116,22.0076,-0.172074,0.0696162
0,0.25,10.0817,22.2295,-0.212037,0.0686705
0,0.25,12.3842,21.0988,-0.129127,0.117304
0,0.25,11.6505,20.8211,-0.215133,0.104554
0,0.25,13.2602,18.9838,-0.0497368,0.288339
0,0.25,13.545,19.7134,0.0555315,0.135676
0,0.25,13.4898,20.1132,-0.181592,0.00161528
0,0.25,12.5793,20.944,-0.103702,0.0761132
0,0.25,14.3632,18.8172,-0.107138,0.0457437
0,0.25,14.7551,16.8059,0.0545563,0.202934
0,0.25,13.2565,20.962,-0.0292753,0.0224869
0,0.25,14.8084,16.2653,0.125497,0.0167301
0,0.25,13.1628,13.8694,0.140167,0.0674243
0,0.25,12.0262,13.6188,0.183215,0.031687
0,0.25,14.0053,12.2785,0.119237,-0.180578
0,0.25,15.0166,16.4396,0.0292545,0.0852586
0,0.25,13.0816,12.1524,0.159002,-0.0245521
0,0.25,12.4719,14.551,0.0767884,0.0404155
0,0.25,9.30954,13.5295,0.107624,-0.0234531
0,0.25,15.0674,17.4196,-0.0371113,0.148051
0,0.25,14.7005,13.5205,0.0546163,0.141437
0,0.25,12.1613,13.3911,0.214701,0.0309661
0,0.25,10.5991,12.7758,0.139835,0.0567805
0,0.25,15.232,16.3349,0.00394255,0.167088
0,0.25,9.56728,12.6595,0.031887,0.0690322
0,0.25,10.884,12.7683,0.175572,0.054596
0,0.25,15.4942,15.9021,-0.00137149,0.0320298
0,0.25,11.3285,11.6924,0.141915,0.136671
0,0.25,11.5831,12.0928,0.172221,0.0856336
0,0.25,15.1218,11.2552,0.145267,-0.2271
0,0.25,10.0112,12.389,0.0811422,0.0889406
0,0.25,10.3188,12.794,0.106292,0.0633376
0,0.25,11.0396,12.9782,0.201426,0.022836
0,0.25,15.2799,13.8327,0.0245561,0.116433
0,0.25,15.5027,15.6677,0.0634575,0.00218033
0,0.25,14.2457,10.9864,0.100871,-0.151149
0,0.25,14.2861,14.5389,0.138468,0.212319
0,0.25,11.1417,12.3273,0.18142,0.0908936
0,0.25,1.81456,12.6125,0.0590265,-0.0389143
0,0.25,1.50447,14.784,-0.161165,-0.19354
0,0.25,1.53857,13.1962,-0.0597927,-0.184471
0,0.25,1.61867,18.0344,-0.0169356,-0.0397133
0,0.25,1.54192,15.6984,0.0683183,-0.417114
0,0.25,1.88453,18.6944,0.0089589,0.000564361
0,0.25,1.51375,16.5097,0.0357459,-0.261702
0,0.25,3.20057,20.6594,-0.00539627,0.0243136
0,0.25,3.70711,21.1441,0.0111923,0.00515693
0,0.25,4.26844,21.596,-0.0402995,-0.0197809
0,0.25,4.6723,21.8545,-0.0275516,-0.00489602
0,0.25,4.4456,20.6699,-0.139159,-0.0760646
0,0.25,6.62877,22.6688,-0.0240978,-0.00191633
0,0.25,5.7469,22.3834,-0.030853,0.00127637
0,0.25,6.30304,21.6827,-0.166829,-0.0217519
0,0.25,8.09313,22.4512,-0.132923,0.00476333
0,0.25,7.68397,22.2345,-0.155909,0.0515615
0,0.25,8.75208,22.8732,-0.0219507,-0.00251003
0,0.25,9.52537,22.5733,-0.146506,0.0480499
0,0.25,9.2173,22.8374,-0.0554997,0.00602568
0,0.25,11.9405,21.1436,-0.138315,0.12725
0,0.25,11.6629,21.062,-0.207468,0.104197
0,0.25,9.76798,22.5304,-0.130523,0.0794819
0,0.25,13.0745,21.1262,-0.0377046,0.0178763
0,0.25,12.1173,21.8203,0.0413418,-0.0259887
0,0.25,12.8255,21.0398,-0.0806966,0.0318582
0,0.25,12.4278,21.3433,-0.156738,0.0979299
0,0.25,14.567,16.6251,0.0748268,0.428858
0,0.25,14.5897,16.3462,0.114393,0.443773
0,0.25,13.7985,20.4145,-0.188259,0.143541
0,0.25,14.5246,16.9028,0.0349174,0.422239
0,0.25,14.0098,12.0206,0.148798,-0.141146
0,0.25,13.2865,11.9682,0.149365,-0.022331
0,0.25,11.8517,14.3072,0.0926202,0.0242035
0,0.25,14.1011,12.7359,0.230734,-0.0179374
0,0.25,13.7794,11.9107,0.149589,-0.0495941
0,0.25,15.332,17.2995,-0.00448294,-0.0151392
0,0.25,12.409,13.8495,0.15345,0.0382749
0,0.25,9.7657,12.8262,0.0523978,0.051325
0,0.25,14.7153,13.2302,0.169384,0.0938315
0,0.25,12.7316,14.5632,0.0677192,0.0603298
0,0.25,9.19313,11.7498,-0.00754044,0.264547
0,0.25,14.256,13.2648,0.135481,0.0254053
0,0.25,9.02171,13.4643,0.0205882,0.105681
0,0.25,9.48359,12.8922,0.0398034,0.0546444
0,0.25,10.0333,12.8076,0.0750728,0.0632829
0,0.25,15.5171,13.7192,-0.00502205,0.139049
0,0.25,11.472,13.1791,0.229848,0.0152982
0,0.25,14.0225,11.4746,0.220868,-0.0852211
0,0.25,15.2583,13.5799,0.0395557,0.0962471
0,0.25,10.4364,12.5688,0.111782,0.0842672
0,0.25,11.62,13.3956,0.22147,0.019906
0,0.25,14.6331,10.9634,0.156064,-0.120941
0,0.25,13.317,11.475,0.242114,-0.0639057
0,0.25,13.5278,11.2669,0.244456,-0.0976897
0,0.25,15.5305,11.4379,0.0990558,0.265807
0,0.25,1.25588,12.3323,0.0175781,0.185659
0,0.25,1.26031,16.1513,0.0101581,0.00876433
0,0.25,1.38295,17.1049,0.012177,-0.0258105
0,0.25,1.83788,15.0398,-0.0257489,-0.201612
0,0.25,1.79657,15.2751,0.159293,-0.284572
0,0.25,2.1578,16.097,0.090877,-0.232831
0,0.25,1.88056,18.0842,-0.0404636,-0.124361
0,0.25,3.53465,20.9864,0.0266009,0.0134731
0,0.25,2.47374,19.3359,-0.0342087,-0.0942737
0,0.25,3.50675,20.6528,-0.138061,-0.0909237
0,0.25,4.29366,21.3305,-0.0396775,-0.0113191
0,0.25,5.12675,21.3641,-0.164162,-0.0514475
0,0.25,5.09941,21.8351,-0.0589226,-0.00952391
0,0.25,5.30749,21.9462,-0.057977,-0.0112746
0,0.25,7.96261,22.2466,-0.152741,0.0382829
0,0.25,9.27718,22.1567,-0.202466,0.0457326
0,0.25,5.74944,22.139,-0.108622,-0.0310439
0,0.25,11.1031,21.6339,-0.195616,0.0415629
0,0.25,10.589,22.0968,-0.167928,0.152342
0,0.25,12.1844,21.2503,-0.13437,0.153905
0,0.25,14.5021,17.856,-0.0914736,0.249281
0,0.25,11.3232,21.5182,-0.225031,-0.0140267
0,0.25,12.2134,21.4933,-0.223737,0.147987
0,0.25,14.3869,16.1889,0.269446,0.417242
0,0.25,13.7379,13.0459,0.237267,0.0712455
0,0.25,13.6491,12.7922,0.252929,0.0416256
0,0.25,14.8913,17.2464,-0.0269823,0.182142
0,0.25,13.0116,20.8791,-0.0567083,0.0444666
0,0.25,13.9315,12.9344,0.221366,-0.0292316
0,0.25,14.9885,16.7125,0.00170669,0.0991572
0,0.25,13.0255,14.1064,0.104073,0.0714302
0,0.25,14.1752,13.5031,0.164785,0.0382413
0,0.25,12.9322,15.023,0.092419,0.0189372
0,0.25,13.3441,11.7267,0.231903,-0.0407546
0,0.25,15.0266,16.1616,0.0643471,-0.00343202
0,0.25,14.6031,16.0678,0.263047,0.367231
0,0.25,10.1499,12.5945,0.0827896,0.0855115
0,0.25,14.8129,10.9352,0.108379,-0.206648
0,0.25,9.00557,13.6982,-0.0419212,0.0974146
0,0.25,9.19703,12.0171,-0.00669682,0.256143
0,0.25,11.6219,13.8448,0.149412,0.0326692
0,0.25,14.4093,11.3755,0.281326,-0.2064
0,0.25,14.4373,13.0721,0.156952,0.072915
0,0.25,14.913,11.7117,0.114956,-0.178397
0,0.25,14.62,12.937,0.104108,0.0285006
0,0.25,15.2036,10.9768,0.174482,-0.22166
0,0.25,14.62,11.2372,0.328368,-0.121926
0,0.25,9.26343,12.5374,0.0217606,0.173605
0,0.25,12.4593,11.4778,0.218587,0.0568922
0,0.25,14.8281,12.7804,0.0309726,-0.0220774
0,0.25,15.027,13.6043,0.0307116,0.132767
0,0.25,15.2895,12.0233,-0.0566637,0.0692289
0,0.25,11.1648,12.7551,0.205339,0.0391306
0,0.25,15.2502,15.8134,0.105333,0.084005
0,0.25,13.7973,11.6133,0.1845,-0.0820139
0,0.25,10.8371,11.4937,0.0899965,0.12074
0,0.25,1.8087,12.3605,0.0398233,-0.00371173
0,0.25,2.0545,12.466,0.0256629,-0.0367072
0,0.25,1.78445,14.184,-0.119259,-0.143758
0,0.25,1.60732,14.9753,0.0878988,-0.344604
0,0.25,2.39117,15.9606,0.117958,-0.153883
0,0.25,1.55575,16.7924,-0.0805555,-0.322127
0,0.25,2.34058,19.1018,-0.0337991,-0.0768936
0,0.25,2.45422,18.4076,-0.089668,-0.112425
0,0.25,4.06974,21.4509,-0.0249991,-0.0304958
0,0.25,4.47003,21.7289,-0.044421,-0.00808698
0,0.25,6.40397,22.6061,-0.0232633,-0.00532855
0,0.25,4.19003,20.9751,-0.191951,-0.122634
0,0.25,5.09858,20.8591,-0.20183,0.00224188
0,0.25,6.36276,21.9285,-0.157419,-0.0107638
0,0.25,6.64669,21.0853,-0.0992298,-0.0210555
0,0.25,8.29068,22.8846,-0.00461332,0.0040253
0,0.25,8.22974,22.6619,-0.101495,-0.00655359
0,0.25,8.77134,22.6512,-0.18011,-0.000281301
0,0.25,12.7299,20.2608,-0.255844,0.140121
0,0.25,10.3964,22.5947,0.0280139,0.0163688
0,0.25,11.9853,21.6396,-0.279556,0.172027
0,0.25,11.5393,21.6584,-0.225808,0.000961486
0,0.25,11.2889,22.0237,-0.103965,0.035042
0,0.25,14.1461,18.2229,-0.185965,0.268364
0,0.25,13.3143,20.2882,-0.172352,-0.00540532
0,0.25,13.0823,13.1546,0.230036,0.0621602
0,0.25,14.0879,13.7929,0.212023,0.0670938
0,0.25,12.506,21.5656,0.0215685,-0.0288869
0,0.25,13.9184,14.7948,0.0687665,0.104938
0,0.25,12.5106,12.0631,0.177622,0.0361502
0,0.25,14.7211,18.491,-0.0492528,0.113823
0,0.25,12.0054,12.2949,0.224969,0.0760358
0,0.25,14.6849,19.0736,0.0289669,-0.0220512
0,0.25,10.3013,14.3059,-0.000413669,0.0343202
0,0.25,12.9912,14.5771,0.0559129,0.0757311
0,0.25,15.2121,16.6117,0.0144436,0.150317
0,0.25,12.003,14.0767,0.124649,0.0335841
0,0.25,8.73595,15.0315,0.0921435,0.0876776
0,0.25,11.007,12.545,0.178417,0.0747139
0,0.25,11.112,11.1017,0.184588,0.191275
0,0.25,15.4684,16.3627,-0.00624556,-0.00328537
0,0.25,15.059,14.2101,0.0254122,0.143103
0,0.25,11.7629,11.884,0.17265,0.103544
0,0.25,12.8508,11.654,0.213237,0.0329166
0,0.25,12.7366,11.463,0.236597,0.0321617
0,0.25,10.7124,12.1197,0.132494,0.120553
0,0.25,10.1221,11.4715,0.03616,0.157588
0,0.25,11.6906,11.307,0.15453,0.160572
0,0.25,14.8346,15.4005,0.0690966,0.300598
0,0.25,11.3548,11.3245,0.145073,0.184612
0,0.25,15.2429,16.0691,-0.00641125,0.129241
0,0.25,14.4132,13.5536,0.0923466,0.0433908
0,0.25,12.6939,11.0102,0.152618,0.0687395
0,0.25,15.5068,12.2129,-0.0723845,0.0728881
0,0.25,12.0929,11.0441,0.166759,0.120358
0,0.25,11.0161,11.6902,0.122023,0.115463
0,0.25,1.76451,12.1146,0.0223452,-0.0230506
0,0.25,2.5488,12.478,0.0501404,-0.00579541
0,0.25,1.4945,15.967,0.0635374,-0.295565
0,0.25,1.49665,16.2333,0.0416663,-0.305292
0,0.25,2.59582,19.9241,0.029074,0.012199
0,0.25,1.79932,17.8406,0.00363231,-0.114179
0,0.25,2.80533,18.1398,-0.0849774,-0.0656544
0,0.25,2.5789,18.6398,-0.0894436,-0.108557
0,0.25,2.45635,18.8718,-0.0622435,-0.0946748
0,0.25,4.42713,21.1561,-0.205826,-0.120806
0,0.25,5.96476,22.4636,-0.0290561,0.00719015
0,0.25,6.85636,22.7254,-0.0265143,-0.010243
0,0.25,7.22773,22.3558,-0.151971,-0.0195593
0,0.25,6.87001,22.0681,-0.165688,-0.00362773
0,0.25,7.00843,22.5278,-0.0876375,-0.0217646
0,0.25,9.92729,21.8448,-0.168463,0.0906905
0,0.25,8.98397,22.859,-0.042011,-0.00317038
0,0.25,10.838,21.9992,-0.0922031,0.13744
0,0.25,13.3736,19.9209,-0.131274,0.0763766
0,0.25,10.5219,22.328,-0.284205,0.13014
0,0.25,10.8419,22.4449,0.0375201,-0.0276619
0,0.25,11.919,21.941,0.0340742,-0.0071022
0,0.25,11.5019,22.1666,0.0289254,-0.0231815
0,0.25,14.4797,18.55,-0.0487275,0.111935
0,0.25,13.2291,12.9551,0.233937,0.00475848
0,0.25,12.631,21.1926,-0.125014,0.0336213
0,0.25,14.7865,18.8623,0.0120877,-0.0305162
0,0.25,12.3649,11.8934,0.177353,0.0394937
0,0.25,12.1489,12.9398,0.256966,0.0342962
0,0.25,12.3127,12.2788,0.220953,0.062724
0,0.25,13.9824,20.1985,-0.218764,0.277796
0,0.25,14.9837,18.4257,0.0257432,0.0203433
0,0.25,9.25752,13.7449,0.00124122,-0.0845771
0,0.25,15.3766,17.0648,0.00184967,0.00878651
0,0.25,9.04932,13.9362,0.0578343,-0.0234186
0,0.25,15.273,17.5296,0.00952063,-0.0250537
0,0.25,14.402,15.3795,-0.169547,0.107949
0,0.25,11.5929,14.3053,0.0775829,0.0268035
0,0.25,14.3684,14.2938,0.0991053,0.21709
0,0.25,14.1799,12.9933,0.217547,0.00448207
0,0.25,14.8238,15.9903,0.134656,-0.0777086
0,0.25,10.9998,12.1173,0.13893,0.11753
0,0.25,11.8862,13.8461,0.152895,0.0355331
0,0.25,14.4574,11.6645,0.198905,-0.180972
0,0.25,11.9587,11.6759,0.169911,0.109126
0,0.25,14.9146,13.3999,0.07458,0.14323
0,0.25,10.9391,13.6268,0.18476,-0.00351062
0,0.25,13.5732,11.5249,0.220733,-0.0958992
0,0.25,14.8866,14.048,0.065159,0.163019
0,0.25,11.063,13.4073,0.205689,0.000982819
0,0.25,14.8103,15.0972,0.00335164,0.226607
0,0.25,15.5113,11.9463,-0.0168183,0.145062
0,0.25,14.6275,15.2501,0.0465872,0.169062
0,0.25,10.4335,12.1394,0.11405,0.131233
0,0.25,9.56888,11.3516,-0.00255178,0.20826
0,0.25,9.00469,11.4315,-0.0336535,0.316359
0,0.25,1.45868,12.1112,-0.0782563,0.00136252
0,0.25,2.57667,12.0073,0.0145852,-0.0162217
0,0.25,1.51902,13.8483,0.00670297,-0.161172
0,0.25,2.11993,14.9364,0.0423177,-0.197904
0,0.25,1.93113,16.2279,0.100846,-0.192374
0,0.25,2.20707,18.3836,-0.0502822,-0.162363
0,0.25,3.36693,20.8256,0.0194376,0.0320429
0,0.25,2.33576,18.1644,-0.0617946,-0.173978
0,0.25,2.71929,19.3418,-0.0340544,-0.145236
0,0.25,4.10782,21.1808,-0.0361616,-0.0503864
0,0.25,6.18339,22.5371,-0.0194389,0.00228507
0,0.25,6.9798,21.6568,-0.172602,0.00385809
0,0.25,6.43131,22.1718,-0.16276,-0.00695358
0,0.25,8.23292,22.2489,-0.150266,-0.00363887
0,0.25,6.5495,21.7606,-0.170988,-0.00911054
0,0.25,7.48218,22.6157,-0.0578992,0.0103815
0,0.25,9.03204,22.6304,-0.171881,0.0171602
0,0.25,11.048,22.1341,-0.103506,0.0910909
0,0.25,9.69461,22.77,-0.0543498,0.0280672
0,0.25,11.0647,22.362,0.0296672,-0.011059
0,0.25,12.9636,20.3209,-0.259876,0.130788
0,0.25,10.621,22.5215,0.0561328,-0.00208898
0,0.25,14.0643,19.7422,0.0406425,0.174773
0,0.25,12.9535,20.6209,-0.107568,0.058426
0,0.25,13.5639,20.36,-0.194488,0.0411282
0,0.25,14.4686,17.1746,-0.0240823,0.410615
0,0.25,12.822,13.1413,0.242058,0.0603895
0,0.25,14.4025,15.9054,0.218499,0.385678
0,0.25,14.5757,18.2944,-0.0531176,0.130704
0,0.25,13.528,14.1255,0.129469,0.0972391
0,0.25,14.7905,16.5357,0.0641117,0.0950862
0,0.25,15.1787,16.8842,-0.0108453,0.124079
0,0.25,15.2102,17.7543,0.0221773,-0.0283607
0,0.25,14.8299,17.5112,-0.00901813,0.214557
0,0.25,10.3729,13.6402,0.164552,0.00552208
0,0.25,10.0371,14.3286,0.00932501,0.0237671
0,0.25,11.1926,13.189,0.219489,0.0105636
0,0.25,15.4457,16.5938,0.0371511,0.00779856
0,0.25,11.8926,13.3923,0.216534,0.0292903
0,0.25,14.3249,12.3132,-0.000919535,-0.0736032
0,0.25,14.791,12.2412,0.037247,0.0291157
0,0.25,10.568,11.9114,0.122437,0.138039
0,0.25,9.75658,11.9065,0.0522667,0.15859
0,0.25,14.7745,14.8182,-0.0291024,0.281728
0,0.25,11.344,13.4011,0.218094,0.00851343
0,0.25,15.5099,14.2303,0.00374643,0.140011
0,0.25,15.0408,12.6553,0.0455932,0.0769406
0,0.25,15.0851,11.8638,-0.0164301,0.100372
0,0.25,15.5061,11.1218,-0.192991,0.332112
0,0.25,14.604,14.2395,0.137371,0.159734
0,0.25,12.6338,11.2506,0.190571,0.0576992
0,0.25,14.5829,14.9522,-0.0800425,0.283498
0,0.25,15.5009,14.7219,0.0469158,0.148637
0,0.25,14.7743,14.5783,0.0714217,0.26875
0,0.25,14.8599,13.0469,0.0726414,0.000590971
0,0.25,8.75497,12.8483,-0.0296865,0.379685
0,0.25,1.20441,11.7135,0.0151656,0.0626923
0,0.25,2.28119,12.3346,0.0145051,-0.0718005
0,0.25,1.57039,15.4165,0.106431,-0.345429
0,0.25,2.3303,19.5339,0.0196265,0.0262671
0,0.25,2.8844,20.3019,-0.0130006,0.0107226
0,0.25,2.01298,17.8072,-0.0298492,-0.243273
0,0.25,2.82896,18.6449,-0.0601864,-0.169728
0,0.25,3.02441,19.7974,-0.086195,-0.126255
0,0.25,3.37456,20.2181,-0.116999,-0.107723
0,0.25,4.66831,21.3182,-0.171634,-0.0422331
0,0.25,6.17596,22.0876,-0.163734,-0.0446833
0,0.25,6.21871,21.186,-0.129038,-0.0541864
0,0.25,6.76411,22.4701,-0.120336,-0.00781449
0,0.25,5.92149,21.9858,-0.163811,-0.0671677
0,0.25,7.40404,22.1969,-0.151084,-0.0324068
0,0.25,7.7209,22.6377,-0.0693858,0.0467887
0,0.25,11.5344,21.4004,-0.186939,0.0109929
0,0.25,11.7392,21.2768,-0.140127,0.0731442
0,0.25,12.1411,21.0002,-0.167294,0.152758
0,0.25,13.0491,19.6443,0.0386261,0.127371
0,0.25,13.2984,19.6847,0.0451437,0.102927
0,0.25,13.5103,19.0065,0.032799,0.164159
0,0.25,14.1488,17.5408,-0.112102,0.32472
0,0.25,13.9787,15.9076,0.087092,0.368895
0,0.25,13.5503,12.5586,0.243416,0.0263002
0,0.25,12.5581,12.7206,0.26229,0.0452163
0,0.25,14.5938,18.7568,-0.086403,0.121614
0,0.25,15.1286,17.1528,-0.0357297,0.13155
0,0.25,11.8801,12.0877,0.188982,0.0933496
0,0.25,13.7314,14.0323,0.0934659,-0.0322756
0,0.25,12.8837,14.3388,0.0857143,0.0666756
0,0.25,14.0878,12.4877,-0.00410764,-0.0964756
0,0.25,11.5462,14.7744,0.0295671,0.010647
0,0.25,12.0059,12.7199,0.252272,0.0462303
0,0.25,15.068,18.2019,0.00427662,0.00392716
0,0.25,11.7591,13.6177,0.185995,0.0353702
0,0.25,9.42077,12.1992,0.0218064,0.118417
0,0.25,8.91435,14.8468,0.195128,0.11982
0,0.25,9.31469,13.9913,0.166725,-0.12606
0,0.25,8.75698,14.4916,-0.0310249,0.408604
0,0.25,11.4473,12.7448,0.230942,0.0389223
0,0.25,10.5757,12.3497,0.132397,0.104664
0,0.25,14.4858,14.7296,0.0797575,0.207252
0,0.25,14.5735,13.7461,0.0154995,0.144646
0,0.25,13.99,11.2348,0.197289,-0.111263
0,0.25,13.2501,11.2444,0.201079,-0.0120348
0,0.25,15.021,12.1109,0.00971647,0.0727368
0,0.25,15.2466,15.0893,-0.117963,0.0616346
0,0.25,11.2779,11.0915,0.166634,0.18189
0,0.25,14.6671,13.9797,0.0975482,0.129188
0,0.25,14.2313,11.5851,0.25197,-0.157108
0,0.25,15.5039,13.9797,0.0277759,0.149133
0,0.25,8.95965,11.6503,-0.0154422,0.315902
0,0.25,10.1438,11.1512,-0.038202,0.258081
0,0.25,8.72412,11.56,-0.0171896,0.341734
0,0.25,15.281,12.7928,0.0598963,0.133939
0,0.25,1.55591,11.5722,-0.0124292,-0.006806
0,0.25,2.23763,11.8781,-0.00848143,-0.128642
0,0.25,1.54379,13.4131,0.109099,-0.232702
0,0.25,2.64107,14.8059,0.114547,-0.174957
0,0.25,2.36541,16.2396,0.0286133,-0.124894
0,0.25,1.92639,17.5053,-0.0820097,-0.262674
0,0.25,3.18623,18.4423,-0.0920987,-0.149058
0,0.25,2.58647,19.1074,-0.0328807,-0.128793
0,0.25,3.19612,20.0099,-0.105844,-0.113797
0,0.25,3.9147,21.0203,-0.0818094,-0.052703
0,0.25,4.89657,21.7124,-0.0373914,-0.0287519
0,0.25,6.45299,21.2632,-0.142726,-0.0372349
0,0.25,5.98452,20.8532,-0.119838,-0.0812326
0,0.25,7.24743,22.577,-0.0727453,-0.012847
0,0.25,9.01002,22.1929,-0.180666,0.013576
0,0.25,9.37062,22.3617,-0.179617,0.0487529
0,0.25,8.4989,22.6618,-0.150312,-0.00105711
0,0.25,10.2614,22.4071,-0.20954,0.0669073
0,0.25,11.7622,21.5321,-0.217993,0.0760339
0,0.25,12.5476,20.6844,-0.192352,0.149031
0,0.25,13.1253,19.8869,-0.114207,0.103687
0,0.25,13.6582,19.9295,-0.0275021,0.0743564
0,0.25,12.769,20.7856,-0.0910177,0.0597356
0,0.25,13.8069,19.7294,0.0950888,0.14649
0,0.25,13.9649,16.1735,0.0820634,0.188324
0,0.25,12.8874,21.282,-0.0359969,-0.00468742
0,0.25,14.1975,19.5137,0.090147,0.131984
0,0.25,11.8768,12.9457,0.250838,0.0311502
0,0.25,14.5803,17.6008,-0.0546271,0.282932
0,0.25,13.5073,14.591,0.0963382,-0.0354283
0,0.25,14.558,12.1454,0.0577905,-0.026789
0,0.25,13.3171,13.6446,0.184185,0.0983593
0,0.25,14.4478,19.5083,0.0279141,0.0777158
0,0.25,13.0119,11.9187,0.137066,-0.0263738
0,0.25,11.0869,13.845,0.14265,0.00710779
0,0.25,11.1879,14.5365,0.0233815,0.00320534
0,0.25,9.22095,14.1994,0.0623761,-0.217658
0,0.25,9.85077,12.5978,0.0680488,0.0707515
0,0.25,10.1566,12.1524,0.0947582,0.122035
0,0.25,10.1429,15.0127,-0.0654493,-0.0110163
0,0.25,8.79152,14.0053,0.00743788,0.412486
0,0.25,8.7551,13.7922,-0.0278068,0.46283
0,0.25,10.5622,11.1156,-0.0760089,0.259202
0,0.25,12.0116,11.2886,0.166663,0.125135
0,0.25,10.8723,11.0946,0.139739,0.17681
0,0.25,10.8646,11.9084,0.140719,0.118156
0,0.25,15.0602,13.2147,0.00385462,0.0331847
0,0.25,15.5025,15.4314,-0.0367855,0.0142385
0,0.25,15.0126,14.7242,-0.0168061,0.186409
0,0.25,15.2511,15.5727,0.0553491,-0.0233199
0,0.25,15.017,14.471,0.0807586,0.165757
0,0.25,9.27154,11.4009,-0.025127,0.265837
0,0.25,15.2731,14.354,0.062283,0.0950479
0,0.25,13.8683,10.9773,0.166394,-0.0956164
0,0.25,15.5023,14.4824,0.0131147,0.16039
0,0.25,14.0389,10.9577,0.217965,-0.166517
0,0.25,1.78472,11.54,-0.0233996,0.0393048
0,0.25,3.33411,12.0344,0.0346998,-0.0238985
0,0.25,2.31723,12.5828,0.0816912,-0.0672989
0,0.25,1.54158,17.8023,0.0224431,-0.0418745
0,0.25,2.05539,15.1811,0.117689,-0.233112
0,0.25,1.73117,17.6004,-0.0136401,-0.132885
0,0.25,2.2123,18.8649,-0.0643247,-0.0848918
0,0.25,3.07961,18.649,-0.0481467,-0.188107
0,0.25,2.83318,19.1054,-0.0428035,-0.179576
0,0.25,3.75305,20.6134,-0.155715,-0.104028
0,0.25,5.30648,22.2025,-0.0462059,-0.00773843
0,0.25,4.90686,21.4624,-0.159505,-0.0569867
0,0.25,7.05332,21.8997,-0.166106,-0.00057805
0,0.25,7.11309,21.2199,-0.134544,0.00102745
0,0.25,7.72653,21.8167,-0.133739,0.0193657
0,0.25,9.39453,21.9367,-0.199221,0.0635797
0,0.25,9.75025,21.6634,-0.177025,0.125358
0,0.25,10.759,21.0944,-0.312334,0.011138
0,0.25,7.9702,22.6524,-0.0812788,0.0169038
0,0.25,11.3105,21.7762,-0.182633,0.000906928
0,0.25,12.9654,19.3917,0.0553583,0.196494
0,0.25,11.8188,20.1695,-0.0513103,0.0342668
0,0.25,14.0391,18.4922,-0.194813,0.196624
0,0.25,14.1876,16.042,0.251015,0.434418
0,0.25,12.3124,21.6964,0.0247576,-0.0388041
0,0.25,13.7454,20.1705,-0.210808,0.0958373
0,0.25,14.4009,15.1341,-0.127718,0.2711
0,0.25,14.9096,17.9661,-0.00764909,0.16357
0,0.25,13.4363,20.7908,-0.0613434,0.022662
0,0.25,14.3365,12.5637,0.0132456,-0.0817893
0,0.25,14.1577,19.9658,-0.148557,0.250722
0,0.25,11.2926,12.5344,0.211375,0.0595741
0,0.25,11.9554,14.5412,0.0715981,0.0172817
0,0.25,12.1105,14.3103,0.0999597,0.0249323
0,0.25,14.3141,19.7335,-0.0434859,0.167231
0,0.25,12.3694,14.3156,0.105139,0.0334788
0,0.25,9.27308,12.7633,-0.019422,0.143202
0,0.25,14.4315,14.0194,0.107232,0.263173
0,0.25,15.42,16.8294,-0.00179674,0.00948259
0,0.25,12.0632,11.8853,0.175888,0.103342
0,0.25,9.3019,11.1485,-0.0101119,0.256199
0,0.25,8.73856,12.1048,-0.006854,0.334144
0,0.25,8.73531,14.243,-0.0436255,0.457943
0,0.25,8.73142,11.2854,-0.0289152,0.330767
0,0.25,8.99802,13.1927,-0.0529155,0.219598
0,0.25,9.00328,12.9323,-0.0353617,0.225705
0,0.25,10.0504,13.2579,0.0955237,0.0271572
0,0.25,13.6856,11.0543,0.19722,-0.135024
0,0.25,10.3488,11.1255,0.05481,0.234927
0,0.25,9.47547,11.1512,-0.0248008,0.251701
0,0.25,15.0754,12.9265,0.0720973,0.0503088
0,0.25,15.0126,14.9792,0.00634256,0.130937
0,0.25,15.2584,13.3406,-0.0322564,0.109539
0,0.25,11.839,11.4924,0.189071,0.123701
0,0.25,15.5082,12.6987,-0.0736317,0.121109
0,0.25,11.8956,11.0622,0.15713,0.131047
0,0.25,1.20698,12.0723,0.020799,0.108461
0,0.25,1.63811,11.9073,-0.00643168,0.0451389
0,0.25,2.82855,12.1101,0.00456,-0.00740171
0,0.25,2.11694,13.1755,0.0480201,-0.077681
0,0.25,1.52396,15.1908,0.0101677,-0.165924
0,0.25,1.61322,17.0779,-0.0431299,-0.286113
0,0.25,2.10005,18.1075,-0.0465079,-0.189353
0,0.25,2.69649,17.1658,-0.00357858,-0.0789609
0,0.25,2.70367,18.8735,-0.0446198,-0.158609
0,0.25,3.30941,20.454,-0.0984329,-0.0839179
0,0.25,4.20339,20.7333,-0.145646,-0.119074
0,0.25,7.33118,22.8218,-0.051864,-0.00915058
0,0.25,5.33751,21.2436,-0.159897,-0.0577877
0,0.25,7.51859,22.4022,-0.184829,0.00202524
0,0.25,6.51001,22.4067,-0.152286,-0.0221071
0,0.25,8.52209,22.8813,-0.00962699,0.00572967
0,0.25,9.8399,22.2804,-0.192893,0.0703957
0,0.25,10.695,21.6006,-0.0708701,0.103802
0,0.25,8.70837,21.3453,-0.0869315,-0.00499049
0,0.25,12.052,20.2599,-0.126508,0.0933693
0,0.25,11.9782,21.3956,-0.167334,0.146467
0,0.25,13.9018,18.757,-0.104003,0.134525
0,0.25,11.1813,20.6018,-0.13142,0.0460174
0,0.25,13.195,20.7133,-0.089227,0.0237574
0,0.25,13.9154,19.9636,-0.0538972,0.212634
0,0.25,14.9454,16.9801,0.0052202,0.143634
0,0.25,14.1629,14.7505,0.0833509,0.182354
0,0.25,14.2445,12.1092,0.185625,-0.195776
0,0.25,13.8542,12.6682,0.212263,-0.00897925
0,0.25,12.1817,12.089,0.19969,0.0677434
0,0.25,13.9793,15.6361,-0.0175583,0.451207
0,0.25,12.5506,13.6156,0.17829,0.0362523
0,0.25,12.7128,11.862,0.165302,0.0135327
0,0.25,13.7828,15.0218,0.0582441,0.0430854
0,0.25,14.8911,18.6496,-0.019951,-0.00364521
0,0.25,10.6562,13.6299,0.174853,-0.00379651
0,0.25,15.1429,17.9775,0.0369155,-0.00464762
0,0.25,9.42248,11.9324,0.00135146,0.149567
0,0.25,10.0345,14.7757,-0.0971364,0.0800258
0,0.25,9.89135,15.0129,-0.113249,0.0287408
0,0.25,14.4777,11.9403,0.175678,-0.117287
0,0.25,9.64217,14.5554,-0.0417491,0.00490778
0,0.25,14.894,11.4613,0.201995,-0.0622196
0,0.25,11.2158,13.6215,0.18786,0.0089334
0,0.25,14.6833,11.7719,0.148573,0.00146074
0,0.25,11.2864,12.1026,0.145305,0.0876393
0,0.25,14.631,15.5294,-0.231723,-0.0408887
0,0.25,9.35427,11.5987,-0.00621651,0.229731
0,0.25,15.5083,12.9595,0.121796,0.172578
0,0.25,15.279,11.7128,-0.0619906,0.0362592
0,0.25,15.0546,13.8818,0.0384652,0.112359
0,0.25,10.5372,11.5025,0.146149,0.147386
0,0.25,15.2512,15.3323,-0.0973256,0.0262508
0,0.25,15.2544,12.524,0.0517084,0.0866661
0,0.25,11.5102,11.091,0.178162,0.17129
0,0.25,15.0262,15.5575,0.0501354,0.397668
0,0.25,2.47118,11.5362,0.091827,-0.0107245
0,0.25,1.41472,11.5866,0.011375,0.0396197
0,0.25,3.017,11.8209,0.0180003,0.0235145
0,0.25,2.8118,12.5954,0.0569746,-0.0568229
0,0.25,1.82161,13.5137,0.00810101,-0.0558555
0,0.25,2.00218,15.4335,0.0737768,-0.154367
0,0.25,2.58669,16.3791,0.0241348,-0.0562346
0,0.25,2.68401,17.8747,-0.0249946,-0.0618342
0,0.25,2.92263,17.9265,-0.02472,-0.0825942
0,0.25,3.21465,19.3207,-0.0687323,-0.189648
0,0.25,3.71223,20.846,-0.0952201,-0.0897542
0,0.25,4.49044,21.4632,-0.0540353,-0.0116635
0,0.25,7.08998,22.7778,-0.0382457,-0.0168516
0,0.25,6.25752,21.437,-0.156592,-0.0374289
0,0.25,6.2478,22.326,-0.179249,-0.0397957
0,0.25,8.49462,22.2431,-0.149667,-0.0295988
0,0.25,9.55444,22.1134,-0.207838,0.0905607
0,0.25,10.19,21.7815,-0.113086,0.116384
0,0.25,10.3088,21.2913,-0.166001,0.169554
0,0.25,11.4279,21.2063,-0.221587,0.0339935
0,0.25,12.3148,20.598,-0.232529,0.181806
0,0.25,13.136,20.456,-0.148851,0.0131078
0,0.25,13.6598,18.7793,-0.124771,0.161753
0,0.25,13.8367,19.2758,0.121352,0.141911
0,0.25,14.2408,17.9612,-0.187737,0.318597
0,0.25,12.8605,19.1419,-0.102985,0.282967
0,0.25,13.9856,18.0449,-0.223112,0.297189
0,0.25,14.6688,18.0367,-0.0328001,0.174244
0,0.25,3.98508,19.5978,-0.00583549,0.050156
0,0.25,13.0573,13.6235,0.176963,0.0689359
0,0.25,14.1896,15.7602,0.101444,0.539926
0,0.25,12.6274,14.3259,0.0946127,0.0551673
0,0.25,14.7549,17.776,-0.0444637,0.206416
0,0.25,12.1497,13.847,0.150702,0.0342705
0,0.25,12.521,14.0864,0.122894,0.0448506
0,0.25,11.7416,14.075,0.113089,0.0329051
0,0.25,10.819,14.3013,0.0311752,0.0162147
0,0.25,9.67575,13.0717,0.0570042,0.0400688
0,0.25,13.5165,12.0552,0.107593,-0.0370084
0,0.25,9.01673,12.6918,-0.0594843,0.240453
0,0.25,10.2883,14.7745,-0.0476524,0.0192323
0,0.25,8.23594,20.7611,0.0269008,0.000466916
0,0.25,11.6419,11.6904,0.16976,0.127335
0,0.25,15.3253,11.3469,0.0371158,-0.0364545
0,0.25,9.19538,12.2976,0.0161165,0.240034
0,0.25,14.0027,11.7509,0.166645,-0.13198
0,0.25,15.2895,13.0758,0.0499738,0.131274
0,0.25,14.8003,11.9836,0.0854036,0.0163164
0,0.25,10.6759,11.2851,0.118327,0.094054
0,0.25,11.6865,11.0591,0.167221,0.152758
0,0.25,12.3326,11.2669,0.172267,0.0935644
0,0.25,15.496,13.4713,0.0199577,0.152982
0,0.25,9.95692,11.1484,0.0300561,0.195088
0,0.25,15.4991,14.9607,-0.0350874,0.177123
0,0.25,14.8465,15.7046,-0.316844,0.0504281
0,0.25,15.5004,15.1955,-0.051253,0.0756447
0,0.25,1.93616,11.5484,0.0201131,0.00378791
0,0.25,1.83328,11.8108,-0.0420622,0.000680896
0,0.25,2.79911,12.3482,0.0045043,-0.0419061
0,0.25,2.07967,12.9474,0.020973,-0.098962
0,0.25,1.9039,14.8069,0.0592557,-0.22951
0,0.25,1.76879,15.5511,0.139403,-0.265299
0,0.25,1.84729,17.2136,-0.104273,-0.252707
0,0.25,2.58337,17.6005,-0.00499007,-0.0707445
0,0.25,2.61917,19.5708,-0.0631686,-0.129455
0,0.25,2.96524,19.3355,-0.0407746,-0.186473
0,0.25,3.2713,19.7678,-0.10615,-0.139859
0,0.25,4.34861,20.0124,-0.0593711,-0.0484361
0,0.25,5.3961,21.7442,-0.164814,-0.0594263
0,0.25,6.01719,21.3531,-0.139038,-0.0595736
0,0.25,4.86812,20.1512,0.00225348,-0.0153342
0,0.25,6.79912,21.8314,-0.172812,-0.00428021
0,0.25,7.81193,22.4343,-0.158879,0.0318901
0,0.25,9.60614,22.3257,-0.170418,0.0845725
0,0.25,9.66029,21.8969,-0.202342,0.106676
0,0.25,11.1866,21.3455,-0.212511,-0.0230861
0,0.25,11.0773,21.8905,-0.117355,0.0825139
0,0.25,11.754,21.7804,-0.234657,0.115125
0,0.25,11.8425,20.4202,-0.143285,0.082711
0,0.25,12.9336,20.0794,-0.240228,0.111129
0,0.25,8.46208,21.3579,-0.114427,-0.0181671
0,0.25,13.3616,19.2274,0.126009,0.172766
0,0.25,13.9722,19.045,0.0496371,0.140017
0,0.25,12.21,19.8397,-0.0391016,0.0411192
0,0.25,14.1549,15.1941,-0.196632,0.333016
0,0.25,14.371,16.4681,0.0549105,0.450697
0,0.25,13.1263,18.7605,-0.253036,0.396761
0,0.25,14.707,17.075,0.0113505,0.265431
0,0.25,12.8662,12.6726,0.223739,0.0647334
0,0.25,12.1441,12.4939,0.249839,0.0617674
0,0.25,12.8055,13.614,0.179663,0.0625627
0,0.25,12.2917,13.6154,0.179537,0.0408691
0,0.25,12.543,11.6929,0.169906,0.0214348
0,0.25,10.2603,13.8564,0.13644,0.0119138
0,0.25,11.7133,12.3008,0.205956,0.071062
0,0.25,10.6898,14.0709,0.081197,0.0121441
0,0.25,9.21999,13.3079,0.0329601,0.0498694
0,0.25,9.93159,13.0469,0.0634625,0.0448609
0,0.25,8.90289,11.1865,-0.00790482,0.326475
0,0.25,8.75004,13.0886,-0.0444296,0.417382
0,0.25,14.65,11.4816,0.19738,-0.0679235
0,0.25,14.8313,13.7475,0.0211199,0.134017
0,0.25,15.4915,12.4517,0.117079,0.118698
0,0.25,12.2539,11.6781,0.166766,0.0754111
0,0.25,15.2434,12.2663,0.0609039,0.135103
0,0.25,8.75133,12.6119,-0.044683,0.357611
0,0.25,9.55919,11.745,0.035995,0.180541
0,0.25,10.4173,11.6943,0.104839,0.146314
0,0.25,15.0329,15.8727,0.0931965,-0.0731092
0,0.25,15.3745,11.0003,0.087917,-0.121371
0,0.25,13.082,11.0219,0.159381,-0.00649333
0,0.25,8.75876,13.5519,-0.0302932,0.453012
0,0.25,2.31989,11.545,0.0474267,-0.0268037
0,0.25,2.12486,11.6555,0.0259768,-0.107539
0,0.25,3.58555,12.0455,0.0840163,-0.0910213
0,0.25,3.06515,12.5416,0.0776242,-0.000257271
0,0.25,1.42749,17.3349,0.0146905,-0.0332548
0,0.25,2.329,15.0904,0.0476811,-0.265245
0,0.25,1.71287,16.093,0.0792923,-0.232993
0,0.25,1.9793,18.3439,-0.0512714,-0.14521
0,0.25,2.51038,17.3238,0.00971235,-0.0848978
0,0.25,2.58514,18.1816,-0.108644,-0.151378
0,0.25,3.2125,18.8772,-0.0194824,-0.195443
0,0.25,3.6226,20.1792,-0.130817,-0.12187
0,0.25,3.55736,20.4198,-0.114449,-0.113606
0,0.25,4.41965,20.9146,-0.155867,-0.105304
0,0.25,5.78933,20.7587,-0.147398,-0.0299363
0,0.25,6.68938,22.2373,-0.158469,0.00237369
0,0.25,7.83495,22.0374,-0.150717,0.0426893
0,0.25,8.75086,22.2235,-0.160549,-0.0111093
0,0.25,8.60034,21.5761,-0.16795,-0.0210329
0,0.25,9.12919,22.3961,-0.173591,0.0343077
0,0.25,10.9746,21.2306,-0.246714,-0.0288281
0,0.25,11.204,21.1012,-0.255343,-0.00902085
0,0.25,11.4114,20.7178,-0.194375,0.0566037
0,0.25,9.10163,21.5302,-0.143871,0.0137514
0,0.25,12.5228,20.4325,-0.238041,0.170163
0,0.25,12.6898,20.01,-0.177878,0.113195
0,0.25,14.0797,19.2866,0.116699,0.114325
0,0.25,13.9454,19.5142,0.123064,0.136508
0,0.25,12.0189,20.0074,-0.042999,0.0370783
0,0.25,13.8333,13.3045,0.191138,0.085289
0,0.25,13.2985,12.482,0.215934,0.0375952
0,0.25,14.4631,19.0341,0.00875835,0.049687
0,0.25,13.3039,12.2406,0.112658,0.0184858
0,0.25,12.7077,12.9081,0.254694,0.0610682
0,0.25,12.665,13.8534,0.143709,0.0452402
0,0.25,13.6484,14.3552,0.153582,0.034005
0,0.25,12.4056,15.0136,0.0259776,0.0110791
0,0.25,11.1452,15.0113,-0.00277736,-0.000185377
0,0.25,12.829,14.798,0.0500026,0.0597487
0,0.25,11.4429,14.5386,0.0406544,0.0186351
0,0.25,14.3625,12.8128,0.208157,-0.0323796
0,0.25,9.53063,14.1286,0.140395,-0.000559032
0,0.25,11.4896,13.6197,0.190836,0.0185349
0,0.25,9.24314,14.4342,-0.0313756,-0.23093
0,0.25,12.2918,11.0309,0.160785,0.0935807
0,0.25,15.4915,11.6908,0.0141643,0.233905
0,0.25,12.493,11.0195,0.154498,0.0831048
0,0.25,9.07837,11.165,-0.0149414,0.308234
0,0.25,14.244,11.241,0.16513,-0.0928341
0,0.25,13.306,10.9861,0.147022,-0.0135916
0,0.25,9.89769,11.3938,-0.0152053,0.267701
0,0.25,11.5143,11.4987,0.166517,0.154975
0,0.25,9.89125,11.6936,0.102198,0.227779
0,0.25,9.69479,11.5462,0.0206171,0.219396
0,0.25,15.5135,13.223,-0.0723005,0.161757
0,0.25,10.1553,11.694,0.11398,0.144324
0,0.25,3.28731,11.5313,0.0708677,-0.0121853
0,0.25,2.77643,11.8515,0.0312834,-0.0113956
0,0.25,3.05571,12.3018,0.00432003,0.00699346
0,0.25,2.33697,12.8285,0.0550853,-0.0533491
0,0.25,1.52099,14.3033,-0.134161,-0.0964445
0,0.25,1.72942,14.6674,-0.0344862,-0.107737
0,0.25,1.7327,15.833,-0.0640184,-0.249505
0,0.25,2.14882,16.3687,0.0526695,-0.188238
0,0.25,2.50951,15.2783,0.0172327,-0.240537
0,0.25,2.82234,17.6747,-0.0097274,-0.0750258
0,0.25,2.70675,18.4116,-0.110717,-0.117314
0,0.25,2.9538,18.8745,-0.0384044,-0.19603
0,0.25,3.80705,20.3714,-0.12867,-0.112655
0,0.25,3.92838,19.8733,-0.138015,-0.104527
0,0.25,5.3611,21.5035,-0.145208,-0.0681474
0,0.25,6.05575,21.5962,-0.15906,-0.0465317
0,0.25,7.1334,22.1347,-0.156871,-0.0153117
0,0.25,5.02077,20.5473,-0.0644482,0.0319723
0,0.25,8.10079,22.0401,-0.168885,0.0134884
0,0.25,7.39539,21.5345,-0.148129,0.0126802
0,0.25,9.83722,22.063,-0.190925,0.0725975
0,0.25,10.9415,21.4793,-0.142094,0.00665289
0,0.25,10.0023,21.6108,-0.132762,0.135672
0,0.25,7.99394,21.3619,-0.173972,-0.024344
0,0.25,4.22386,19.5397,0.0167614,0.0150251
0,0.25,10.3323,21.0261,-0.322969,0.149067
0,0.25,10.9632,20.7246,-0.194779,0.05284
0,0.25,12.4934,20.1794,-0.212732,0.143594
0,0.25,13.7524,19.0105,0.046111,0.120004
0,0.25,13.9667,13.537,0.178342,0.064563
0,0.25,14.3294,19.28,0.0749074,0.077968
0,0.25,14.2874,17.0152,-0.0188103,0.394731
0,0.25,13.121,12.6932,0.226815,0.0161468
0,0.25,13.053,12.4484,0.197458,0.0349057
0,0.25,13.8046,17.8807,-0.141593,0.196233
0,0.25,13.5034,15.0252,0.114191,-0.0432749
0,0.25,14.5726,19.2913,0.0358049,0.00258258
0,0.25,12.3095,14.779,0.0461082,0.0150915
0,0.25,11.2179,14.0714,0.0950209,0.0133596
0,0.25,10.6796,14.5349,-0.0170118,0.000555943
0,0.25,14.5066,13.3256,0.173288,0.0543807
0,0.25,14.2394,11.8477,0.154962,-0.162902
0,0.25,9.8009,13.7167,0.122564,0.0215293
0,0.25,10.5404,13.8494,0.146261,0.00557953
0,0.25,9.05531,15.0373,0.222409,-0.011461
0,0.25,8.73524,14.7302,0.0212638,0.365206
0,0.25,8.97202,12.1816,-0.0119163,0.302559
0,0.25,10.7246,12.5579,0.145701,0.0797766
0,0.25,10.333,11.3713,0.0989643,0.230359
0,0.25,15.1423,11.5185,0.15606,0.0329885
0,0.25,15.2539,14.8455,0.058959,0.0597933
0,0.25,15.0165,12.3856,0.0675823,0.106796
0,0.25,13.4648,10.9961,0.159689,-0.043379
0,0.25,14.5439,14.5063,0.122813,0.173176
0,0.25,15.0234,15.2556,-0.0965225,0.251578
0,0.25,8.96523,11.9143,-0.00639083,0.307996
0,0.25,2.87713,11.5632,0.0727462,0.00828912
0,0.25,2.48353,11.7865,0.000131619,-0.0132222
0,0.25,3.79463,11.8757,0.103262,-0.0674539
0,0.25,3.47832,12.7089,0.120425,-0.0582532
0,0.25,2.58456,12.7273,0.0854737,0.000237652
0,0.25,1.81763,13.2892,0.0143675,-0.107671
0,0.25,1.508,14.073,-0.0537991,-0.22514
0,0.25,2.17418,14.692,0.0959008,-0.18291
0,0.25,1.96811,15.6972,0.00472298,-0.0866339
0,0.25,1.95153,15.9623,0.0155294,-0.179409
0,0.25,1.73639,16.6399,0.0328671,-0.263546
0,0.25,2.23119,17.8989,-0.0642769,-0.192367
0,0.25,3.08512,17.6956,-0.0114758,-0.0258728
0,0.25,3.35997,19.5308,-0.0987984,-0.167387
0,0.25,3.99894,20.5531,-0.158499,-0.101272
0,0.25,4.10973,20.0612,-0.131272,-0.0880813
0,0.25,5.60541,21.6377,-0.159509,-0.059037
0,0.25,7.16029,21.4737,-0.16261,0.018904
0,0.25,6.95371,22.2975,-0.156649,-0.00698029
0,0.25,6.68838,21.3361,-0.156111,-0.0164018
0,0.25,8.2353,21.8216,-0.179212,-0.0163051
0,0.25,8.85052,21.5557,-0.156472,-0.00951664
0,0.25,7.55677,21.32,-0.171292,-0.0113886
0,0.25,10.3832,21.9408,-0.0943999,0.0763523
0,0.25,10.0752,21.3646,-0.135225,0.168665
0,0.25,8.95798,21.3239,-0.0671543,0.00154354
0,0.25,9.20644,21.2936,-0.0628909,0.0202878
0,0.25,12.3436,20.8474,-0.179114,0.159332
0,0.25,13.2099,19.4416,0.125586,0.149431
0,0.25,14.1214,14.3146,0.0915507,0.121887
0,0.25,13.5287,18.5628,-0.290721,0.257135
0,0.25,13.9412,16.437,0.0239431,0.0691962
0,0.25,14.1679,16.323,0.14075,0.284748
0,0.25,13.7679,12.1659,0.0959962,-0.0550481
0,0.25,12.278,12.7142,0.262493,0.0474098
0,0.25,13.5461,17.9263,-0.0797793,0.119123
0,0.25,13.6437,14.8095,0.120914,-0.0712756
0,0.25,12.5675,14.7861,0.0460205,0.0505543
0,0.25,13.1383,14.3516,0.0732903,0.0675444
0,0.25,9.88484,13.4846,0.135706,0.0374217
0,0.25,11.6476,15.0116,0.0202869,0.00470538
0,0.25,10.8947,15.0115,-0.0168844,0.0112495
0,0.25,9.58911,13.593,0.110304,0.0132092
0,0.25,9.48899,14.3506,0.0373296,-0.0657136
0,0.25,9.6354,15.0193,-0.104865,-0.033824
0,0.25,9.37886,14.6256,-0.0869666,-0.220123
0,0.25,12.8969,11.0069,0.16171,0.0421053
0,0.25,9.75452,11.1466,0.015331,0.256681
0,0.25,9.50094,12.4425,0.0265662,0.0947725
0,0.25,11.1775,11.5059,0.133556,0.149211
0,0.25,14.9989,10.9673,0.0924046,-0.177876
0,0.25,14.4333,11.0051,0.159525,0.0250768
0,0.25,13.0597,11.4429,0.21442,0.0274556
0,0.25,11.0033,11.3274,0.111842,0.163764
0,0.25,8.77105,13.3258,-0.0254824,0.437338
0,0.25,15.2508,14.6009,0.00756856,0.101888
0,0.25,3.09006,11.5687,0.0661032,0.01071
0,0.25,3.28563,11.7994,0.0227105,-0.0112301
0,0.25,3.07974,12.0588,0.0437823,0.0196563
0,0.25,2.54643,12.2404,-0.0581497,-0.0477093
0,0.25,3.41519,12.9308,0.155084,-0.0359965
0,0.25,2.87294,13.0401,0.132587,-0.0710146
0,0.25,2.36932,13.0499,0.041866,-0.0875363
0,0.25,1.48937,14.5343,0.134227,-0.276405
0,0.25,1.80435,13.735,0.00463256,-0.136103
0,0.25,1.75903,14.4169,0.0751231,-0.19024
0,0.25,1.94148,16.503,0.0297644,-0.220756
0,0.25,2.60937,16.6458,0.00302519,-0.0619161
0,0.25,2.14633,17.6115,-0.0666018,-0.246133
0,0.25,3.34419,18.6885,-0.0088563,-0.0852587
0,0.25,3.44279,19.9768,-0.124944,-0.126711
0,0.25,5.1468,21.6077,-0.132762,-0.0621125
0,0.25,5.86131,21.7445,-0.166598,-0.0541398
0,0.25,6.73705,21.5872,-0.176497,-0.0103312
0,0.25,4.88936,21.2202,-0.176025,-0.0424419
0,0.25,7.3112,21.9652,-0.147106,-0.018041
0,0.25,5.77755,21.2511,-0.134504,-0.0518054
0,0.25,6.19521,20.9297,-0.113601,-0.0502842
0,0.25,10.3326,22.1702,-0.212672,0.0326163
0,0.25,7.22562,21.7243,-0.154111,0.00391496
0,0.25,10.2535,21.5429,-0.0970627,0.160634
0,0.25,8.11016,21.5999,-0.164168,-0.0284914
0,0.25,8.22289,21.3628,-0.150431,-0.0308396
0,0.25,9.44957,21.2554,-0.0858952,0.0472512
0,0.25,12.103,20.7572,-0.22269,0.1696
0,0.25,13.4548,19.4703,0.156835,0.144886
0,0.25,12.7534,20.5097,-0.213944,0.140528
0,0.25,14.0222,15.0307,0.0851153,0.151667
0,0.25,14.4008,17.4406,-0.0804826,0.373235
0,0.25,13.3494,13.2138,0.181228,-0.00314207
0,0.25,14.0294,13.2069,0.153343,-0.0226433
0,0.25,13.8662,14.2921,0.142222,-0.00953313
0,0.25,12.6886,13.3774,0.213463,0.0505225
0,0.25,11.573,12.5189,0.22093,0.0474293
0,0.25,13.8556,16.9451,0.0051064,0.0175368
0,0.25,14.2028,14.0601,0.113276,0.161496
0,0.25,13.095,14.8115,0.0731038,0.0706601
0,0.25,11.7997,14.7751,0.0401643,0.00156478
0,0.25,10.7896,14.7738,-0.0148566,-0.00110209
0,0.25,10.9336,14.5361,0.00426405,0.0161812
0,0.25,9.88645,14.1246,0.0544271,0.0048343
0,0.25,9.78385,14.7773,-0.160282,0.0253691
0,0.25,10.0194,11.9274,0.108901,0.149283
0,0.25,10.5602,14.3001,0.0124375,0.0114549
0,0.25,9.07938,14.652,-0.0948102,-0.154448
0,0.25,9.36031,15.0292,-0.0460147,-0.0148664
0,0.25,8.97774,14.4485,-0.0173922,-0.0807033
0,0.25,8.98616,12.4534,-0.00420199,0.26267
0,0.25,9.641,12.1241,0.0393607,0.136651
0,0.25,9.52303,14.8066,-0.1603,-0.0427915
0,0.25,9.89801,14.5416,-0.00784873,0.0917576
0,0.25,10.4255,14.5344,-0.0382721,0.0212146
0,0.25,2.70902,11.5878,0.0564117,-0.00966184
0,0.25,3.56199,11.7861,0.0458796,-0.0372672
0,0.25,4.02284,11.7686,0.122744,-0.0468942
0,0.25,3.88215,12.0935,0.104667,-0.0762401
0,0.25,3.59582,12.272,0.0320818,-0.116226
0,0.25,3.33689,12.496,0.0679884,-0.0407358
0,0.25,2.91099,12.802,0.128556,-0.0658735
0,0.25,2.36423,13.302,0.0270052,-0.0765057
0,0.25,2.08235,13.3958,0.0026361,-0.102988
0,0.25,2.09194,13.6238,0.00988391,-0.0600516
0,0.25,2.04169,14.3025,-0.0326187,-0.102037
0,0.25,2.8895,14.7839,0.0552623,-0.096131
0,0.25,2.18687,15.8257,0.0623171,-0.15838
0,0.25,3.01484,17.4828,0.0160696,-0.0436432
0,0.25,2.75092,17.4209,-0.00299606,-0.0641152
0,0.25,3.08121,19.1011,-0.050326,-0.204533
0,0.25,3.86741,20.1286,-0.135169,-0.115963
0,0.25,5.56797,21.3847,-0.142789,-0.0552835
0,0.25,5.74575,21.0003,-0.127903,-0.031635
0,0.25,5.80764,21.4988,-0.144625,-0.0568263
0,0.25,5.40955,20.5485,-0.141274,-0.00521534
0,0.25,7.47459,21.7814,-0.131371,0.00772873
0,0.25,6.49681,21.5149,-0.172785,-0.0198345
0,0.25,5.11254,21.1139,-0.163015,-0.0348842
0,0.25,4.4932,20.4246,-0.162669,-0.0663408
0,0.25,8.62654,22.4519,-0.14724,-0.0170537
0,0.25,8.88153,22.4276,-0.161194,0.0100087
0,0.25,10.6339,21.8544,-0.0734351,0.158081
0,0.25,10.7395,21.3507,-0.153794,0.0540036
0,0.25,11.6279,20.5736,-0.15822,0.0801071
0,0.25,11.1937,20.8508,-0.239199,0.0442626
0,0.25,11.6111,20.3236,-0.0657048,0.0388278
0,0.25,14.3194,18.3588,-0.078426,0.122484
0,0.25,13.6324,18.3462,-0.308808,0.240891
0,0.25,12.7049,12.5078,0.249644,0.0353381
0,0.25,8.4876,21.8081,-0.19275,-0.0272058
0,0.25,13.4177,13.8861,0.151682,0.104638
0,0.25,13.39,14.3591,0.0751273,0.0538698
0,0.25,11.4256,12.3091,0.19212,0.0654501
0,0.25,12.7969,12.0729,0.151011,0.0225152
0,0.25,12.9149,13.859,0.1413,0.0673928
0,0.25,10.9539,14.07,0.0874806,0.0165667
0,0.25,11.6989,14.5392,0.0573369,0.0116655
0,0.25,11.3963,15.0114,0.00861051,-2.0563e-05
0,0.25,10.8142,13.8457,0.141085,0.00322388
0,0.25,12.2627,14.0806,0.125772,0.0314492
0,0.25,11.0411,14.7729,-0.000585923,0.00595844
0,0.25,10.6438,15.0114,-0.031089,-0.0187772
0,0.25,9.74639,14.3182,0.0906168,0.0690326
0,0.25,10.4222,14.0718,0.0720201,0.017989
0,0.25,9.98894,13.8865,0.137863,0.00156622
0,0.25,10.1675,14.5446,-0.0514129,0.0608153
0,0.25,9.2233,14.8427,0.0520723,-0.241431
0,0.25,12.9343,11.2603,0.21295,0.0304852
0,0.25,8.74257,12.3619,-0.00766146,0.345921
0,0.25,10.1578,14.0885,0.0756451,0.0207252
0,0.25,4.57853,11.878,0.135146,0.00225291
0,0.25,4.35339,11.7778,0.162012,-0.0331961
0,0.25,4.13284,12.2085,0.0657285,-0.0750975
0,0.25,4.1399,11.9704,0.14664,-0.0598245
0,0.25,3.86148,12.3183,0.0332295,-0.0851829
0,0.25,3.31957,12.2731,0.0249628,-0.0402764
0,0.25,3.69463,12.916,0.148627,-0.0510994
0,0.25,2.63966,12.941,0.127864,-0.0493966
0,0.25,2.36364,13.5238,-0.0681502,-0.0602001
0,0.25,2.33845,13.7548,-0.0395261,-0.0274701
0,0.25,1.7813,13.9586,-0.0673192,-0.115865
0,0.25,3.0654,14.2712,0.164677,-0.140475
0,0.25,3.0213,13.4588,-0.0124292,-0.0893848
0,0.25,2.60094,15.0452,0.0913706,-0.168567
0,0.25,1.78211,16.9244,-0.0769038,-0.28465
0,0.25,2.90545,17.0245,0.00533091,-0.0484102
0,0.25,3.10863,19.5556,-0.0658933,-0.1566
0,0.25,4.24485,20.4915,-0.162253,-0.105195
0,0.25,4.69254,21.5909,-0.0648865,0.0229286
0,0.25,4.05545,20.3112,-0.133065,-0.106596
0,0.25,2.37582,16.5094,0.0178579,-0.103016
0,0.25,6.11446,21.8421,-0.161762,-0.0401677
0,0.25,2.45709,15.5287,0.00391058,-0.251962
0,0.25,3.61721,19.4882,-0.128341,-0.163109
0,0.25,5.24943,20.6995,-0.123584,0.0182598
0,0.25,7.98109,21.827,-0.155056,0.0100712
0,0.25,6.41624,21.0098,-0.09798,-0.0436491
0,0.25,7.77361,21.3482,-0.17631,-0.00650904
0,0.25,9.93382,22.7196,-0.0204049,0.0388952
0,0.25,11.4301,20.9662,-0.221654,0.0518201
0,0.25,9.24765,21.7369,-0.191719,0.0360768
0,0.25,13.6042,19.2461,0.139981,0.136957
0,0.25,14.1092,18.8223,-0.0844928,0.076022
0,0.25,14.3393,16.7432,0.0403744,0.433143
0,0.25,12.3903,19.6691,-0.0359685,0.0588784
0,0.25,13.9692,14.0595,0.104772,0.0186587
0,0.25,14.2226,17.2811,-0.0781453,0.351154
0,0.25,12.5883,12.2796,0.211877,0.0364827
0,0.25,14.0995,16.8617,0.0233567,0.18182
0,0.25,13.2732,14.1164,0.104673,0.0638654
0,0.25,13.8893,17.634,-0.08274,0.170862
0,0.25,13.3689,14.8209,0.114959,-0.0207091
0,0.25,12.4304,13.3829,0.21037,0.039566
0,0.25,13.213,15.0273,0.145124,0.0147246
0,0.25,11.48,14.0727,0.106821,0.0286975
0,0.25,13.2501,14.592,0.0490807,0.0589139
0,0.25,13.6105,13.7736,0.136877,0.00549202
0,0.25,11.8993,15.0116,0.0223699,-0.000583118
0,0.25,10.5391,14.7713,-0.0338267,0.0018819
0,0.25,11.2931,14.7742,0.0138618,-0.00279703
0,0.25,13.3546,18.3642,-0.264784,0.269834
0,0.25,11.3348,14.3037,0.0629783,0.0133908
0,0.25,9.5274,13.3776,0.106929,-0.00659634
0,0.25,9.73603,12.3832,0.0512027,0.0980048
0,0.25,10.3943,15.0114,-0.0435314,0.0276527
0,0.25,10.1967,13.4422,0.156036,0.0051771
0,0.25,3.46156,11.559,0.060231,-0.0214339
0,0.25,3.84763,11.5625,0.062131,-0.00754739
0,0.25,4.37683,12.0532,0.121562,-0.0150708
0,0.25,4.17607,12.4451,0.0549357,-0.0706149
0,0.25,4.20492,13.0623,0.0931556,-0.0634086
0,0.25,4.14018,12.7246,0.0762021,-0.0773966
0,0.25,4.12649,13.2958,0.0908027,-0.0406584
0,0.25,3.77207,12.6967,0.0658022,-0.103676
0,0.25,3.71421,14.03,0.0337104,-0.0998912
0,0.25,3.19962,12.7356,0.127127,-0.0194091
0,0.25,2.83806,13.2894,-0.00483796,-0.101049
0,0.25,3.64338,13.1349,0.119476,-0.0437735
0,0.25,3.13348,12.9643,0.145139,-0.0216673
0,0.25,3.57251,13.3586,0.0881573,-0.0405164
0,0.25,2.72992,14.5637,0.0992478,-0.159686
0,0.25,2.2195,15.5914,-0.00094602,-0.166881
0,0.25,2.26243,17.1766,-0.0255885,-0.168882
0,0.25,3.62148,18.7318,0.0206162,0.0121387
0,0.25,3.65973,19.1593,0.0676436,0.0507708
0,0.25,3.36779,18.3104,0.0099726,0.0318852
0,0.25,2.45403,17.0499,-0.0106374,-0.0912158
0,0.25,3.03947,18.1856,-0.0216734,-0.181091
0,0.25,3.51901,19.735,-0.12627,-0.144343
0,0.25,3.8211,19.3821,0.0311234,0.0797651
0,0.25,2.40784,16.7809,-0.0185118,-0.0941365
0,0.25,5.32258,20.9741,-0.150689,-0.0547575
0,0.25,4.37436,19.7143,0.0150452,0.0110292
0,0.25,3.16913,17.9038,0.0123777,-0.0320372
0,0.25,8.87398,21.9946,-0.182492,-0.00534616
0,0.25,7.86921,21.5991,-0.149952,0.000390644
0,0.25,8.35346,21.5905,-0.174425,-0.0386397
0,0.25,8.99387,21.7639,-0.193813,-0.00045443
0,0.25,12.8755,19.8333,-0.0847602,0.0992659
0,0.25,9.90869,21.1614,-0.200054,0.123153
0,0.25,12.2542,20.0943,-0.116632,0.0919607
0,0.25,12.8043,19.5799,0.0153063,0.124465
0,0.25,4.0691,19.3527,0.0223745,0.0294822
0,0.25,13.5891,13.2654,0.189227,0.0264502
0,0.25,13.9702,15.3551,-0.0167984,0.334429
0,0.25,12.5647,13.1455,0.235415,0.0493058
0,0.25,12.2925,13.1651,0.23644,0.0339775
0,0.25,13.5734,11.8022,0.186128,-0.0453618
0,0.25,13.7196,17.4441,-0.0120216,0.0457458
0,0.25,13.4515,18.1518,-0.162184,0.187038
0,0.25,12.9467,13.3801,0.21088,0.0685398
0,0.25,14.0088,14.5303,0.175062,0.116882
0,0.25,13.7187,13.5482,0.148319,0.0504179
0,0.25,13.6365,17.6889,-0.0355176,0.0736013
0,0.25,12.7746,14.0963,0.11084,0.0569615
0,0.25,12.0216,13.1658,0.238486,0.0323902
0,0.25,13.7703,14.5823,0.17532,-0.0206565
0,0.25,12.2132,14.5442,0.0774869,0.0143279
0,0.25,14.1427,16.5962,0.0420076,0.232819
0,0.25,11.0766,14.3014,0.0478956,0.0120764
0,0.25,9.70551,13.9646,0.11416,-0.0104976
0,0.25,13.4844,12.9949,0.2393,0.0237699
0,0.25,3.71674,11.5484,0.0870612,-0.0257983
0,0.25,4.8259,12.066,0.0956704,-0.00704969
0,0.25,4.37426,12.6202,0.0711349,-0.0459309
0,0.25,4.39928,12.3231,0.0697633,-0.017846
0,0.25,4.80366,12.6059,0.10722,-0.0178198
0,0.25,4.35151,12.8935,0.0815341,-0.0492941
0,0.25,4.58041,12.7585,0.0831047,-0.0394808
0,0.25,4.0148,13.5381,0.0818502,-0.0374385
0,0.25,4.39363,13.2676,0.0822198,-0.078858
0,0.25,3.94351,12.5348,0.0598304,-0.0975648
0,0.25,3.85133,13.3311,0.104253,-0.0628664
0,0.25,4.14339,13.7655,-0.0037238,-0.0380923
0,0.25,3.61968,12.4961,0.0425039,-0.101194
0,0.25,3.98238,12.8783,0.0810038,-0.0986434
0,0.25,3.10077,13.2064,0.0602084,-0.0413818
0,0.25,2.30707,13.9932,-0.0586168,-0.0186116
0,0.25,2.56333,13.9231,-0.0530875,-0.0405693
0,0.25,2.94173,18.4027,-0.0863703,-0.181559
0,0.25,3.48911,18.5178,-0.00424876,0.0175432
0,0.25,2.39097,17.7021,-0.0657662,-0.202182
0,0.25,2.17138,16.6413,0.0121364,-0.159472
0,0.25,2.76895,15.9766,-0.00114312,-0.0860074
0,0.25,3.34278,19.0913,-0.050479,-0.206666
0,0.25,2.65023,16.9077,-0.0170984,-0.0711987
0,0.25,2.58525,16.1032,0.0171172,-0.0666759
0,0.25,2.9575,17.2593,-0.0183858,-0.0401153
0,0.25,2.20812,16.9091,-0.0377287,-0.145366
0,0.25,3.76773,19.6803,-0.146164,-0.123958
0,0.25,5.03321,20.2995,-0.0890049,0.0450271
0,0.25,4.30343,20.2442,-0.118242,-0.104035
0,0.25,7.33828,21.2759,-0.16224,0.00476263
0,0.25,4.89149,20.7199,-0.177413,-0.0556465
0,0.25,4.68881,20.0228,-0.0205606,0.0350606
0,0.25,10.4454,21.7016,-0.0544115,0.122101
0,0.25,9.49958,21.7043,-0.188335,0.0839295
0,0.25,6.92455,21.4063,-0.162954,-0.000839938
0,0.25,10.1234,21.1006,-0.262765,0.15451
0,0.25,11.867,20.6678,-0.212419,0.130435
0,0.25,14.3252,17.7016,-0.121438,0.346357
0,0.25,12.7154,19.3231,-0.0580849,0.182209
0,0.25,13.4007,18.7736,-0.19948,0.275286
0,0.25,14.1798,15.4757,-0.131912,0.488849
0,0.25,13.2469,18.5649,-0.277465,0.354437
0,0.25,12.9649,12.909,0.258369,0.0605804
0,0.25,13.7969,18.5415,-0.251398,0.174833
0,0.25,13.9682,17.3808,-0.0511414,0.148756
0,0.25,12.5592,19.4976,-0.0400404,0.105288
0,0.25,12.997,18.9537,-0.170917,0.370349
0,0.25,5.54413,21.1276,-0.158198,-0.0436371
0,0.25,13.2052,13.4026,0.204033,0.0803767
0,0.25,12.4213,12.9383,0.25967,0.0406919
0,0.25,13.5579,12.3102,0.0981852,-0.0237644
0,0.25,12.4225,12.4972,0.254062,0.0449862
0,0.25,13.9046,16.6933,0.016719,0.035289
0,0.25,12.1516,15.0125,0.0251888,0.00511572
0,0.25,2.60489,14.1406,0.172805,-0.14208
0,0.25,4.5417,11.576,0.129459,-0.0280877
0,0.25,4.13802,11.5446,0.133662,-0.0163929
0,0.25,4.60376,12.1657,0.101045,0.0281868
0,0.25,4.59274,12.4708,0.091736,-0.0108975
0,0.25,5.03001,12.3866,0.119714,-0.0130771
0,0.25,5.18437,12.5366,0.134014,-0.00140995
0,0.25,4.97914,12.7278,0.138924,-0.0345737
0,0.25,4.74829,12.9202,0.116162,-0.0578745
0,0.25,4.53559,13.0732,0.111874,-0.0604847
0,0.25,4.52734,13.471,0.0689305,-0.0691851
0,0.25,3.89101,13.7883,-0.0204511,-0.0769117
0,0.25,4.27343,13.5138,0.0864694,-0.0485587
0,0.25,4.39179,13.7436,0.0135518,-0.0552299
0,0.25,3.45462,14.5115,0.0798522,-0.0103538
0,0.25,3.9751,14.02,-0.0188117,-0.0407409
0,0.25,3.35817,13.8273,-0.0510025,-0.0886129
0,0.25,3.92842,13.1043,0.125206,-0.064325
0,0.25,2.04768,14.0794,-0.0242037,-0.0557556
0,0.25,2.63929,13.4408,-0.0294477,-0.075969
0,0.25,2.49239,15.7611,-0.0468264,-0.230961
0,0.25,2.05774,13.8462,-0.046156,-0.0365294
0,0.25,2.2525,15.3382,0.0343174,-0.193314
0,0.25,2.79944,16.2614,0.00647755,-0.0595179
0,0.25,3.25922,18.1094,0.0454628,-0.00358335
0,0.25,1.9837,14.5403,0.0189108,-0.124919
0,0.25,2.01761,17.048,-0.0729778,-0.194016
0,0.25,2.59784,13.1865,0.0216719,-0.0787525
0,0.25,2.60486,13.671,-0.0861807,-0.0691077
0,0.25,2.81862,13.8644,-0.067996,-0.122674
0,0.25,2.82049,16.5259,0.00854531,-0.0486581
0,0.25,4.6546,20.8283,-0.149294,-0.0418532
0,0.25,5.98334,21.1056,-0.123469,-0.070408
0,0.25,3.50053,18.928,0.0738651,-0.0205636
0,0.25,2.87953,14.0871,0.20053,-0.169008
0,0.25,4.53325,19.8704,0.0184624,0.0119282
0,0.25,2.32733,14.2142,0.0516966,-0.0641165
0,0.25,13.1746,20.1227,-0.274944,0.0918737
0,0.25,12.2898,20.346,-0.21178,0.162827
0,0.25,4.78286,20.3798,-0.0907359,-0.0144725
0,0.25,10.54,20.9398,-0.361226,0.117788
0,0.25,11.8869,20.9117,-0.215455,0.13987
0,0.25,13.1159,19.1918,0.0387639,0.258091
0,0.25,9.13217,21.9674,-0.193868,0.0161072
0,0.25,13.9001,18.2952,-0.244678,0.244791
0,0.25,9.35019,21.4993,-0.136469,0.0535099
0,0.25,12.6311,19.7564,-0.0451274,0.0879897
0,0.25,11.398,20.4682,-0.0867105,0.0416341
0,0.25,5.23106,20.4069,-0.0635999,-0.0574355
0,0.25,13.4845,13.4918,0.132766,0.0028416
0,0.25,10.7481,20.8374,-0.316441,0.0373105
0,0.25,13.7196,18.1193,-0.22775,0.231705
0,0.25,13.793,17.1951,-0.0032777,0.0259575
0,0.25,9.6844,21.2111,-0.134728,0.0963816
0,0.25,14.0699,17.7951,-0.154787,0.306068
0,0.25,13.8553,13.7991,0.18535,0.0228439
0,0.25,4.64906,21.0762,-0.194581,-0.0217037
0,0.25,4.68919,11.5647,0.121845,-0.032807
0,0.25,4.80631,11.8089,0.117832,-0.0112551
0,0.25,4.81535,12.3308,0.118807,0.00411714
0,0.25,5.23213,12.204,0.100069,-0.00950118
0,0.25,5.41147,12.8696,0.132454,-0.00385974
0,0.25,5.62109,12.6651,0.144089,-0.0188761
0,0.25,5.18922,12.8206,0.123156,0.00281808
0,0.25,4.94657,13.0159,0.100637,-0.0348664
0,0.25,4.70775,13.2263,0.0944482,-0.050537
0,0.25,4.75704,13.4852,0.0584311,-0.0331417
0,0.25,4.85153,13.7594,0.00357761,-0.018329
0,0.25,4.61858,13.7386,0.0132946,-0.0429691
0,0.25,5.19228,13.3466,0.0654136,-0.00268276
0,0.25,5.09484,13.798,-0.0043481,0.00104366
0,0.25,4.4636,14.0057,-0.0228896,-0.054834
0,0.25,3.57335,14.2702,0.0346513,-0.0602714
0,0.25,4.2281,14.0029,-0.0360707,-0.0536976
0,0.25,3.69555,14.5096,0.0275507,0.00316816
0,0.25,3.35284,14.7756,0.0172377,-0.0497344
0,0.25,3.3604,13.1566,0.126999,-0.0527657
0,0.25,3.11214,15.0233,-0.0441976,-0.06046
0,0.25,3.30113,13.3916,0.0389013,-0.0848613
0,0.25,2.80221,14.3241,0.15261,-0.157418
0,0.25,3.31616,14.2571,0.0966262,-0.0276969
0,0.25,4.41175,14.5143,-0.0247783,-0.0391315
0,0.25,3.63112,13.8038,-0.0357175,-0.0934682
0,0.25,3.58241,14.7695,-0.00164028,0.053438
0,0.25,3.12257,14.7723,0.0185734,-0.0562058
0,0.25,3.06664,13.8266,-0.0805478,-0.177886
0,0.25,3.6338,15.0198,-0.0709299,-0.0146043
0,0.25,2.86077,13.6185,-0.0774699,-0.133362
0,0.25,3.47673,19.2933,-0.0933243,-0.197139
0,0.25,2.71113,15.5162,-0.00397116,-0.037932
0,0.25,3.76342,18.9456,0.0335778,0.0358596
0,0.25,3.91432,19.1536,0.03359,0.0418805
0,0.25,1.96885,16.7742,-0.00133058,-0.196759
0,0.25,8.61851,22.018,-0.17736,-0.0250322
0,0.25,2.75651,15.2835,-0.00596012,-0.0057892
0,0.25,2.85262,15.0332,0.0190342,-0.00906379
0,0.25,9.83623,21.4193,-0.13163,0.146828
0,0.25,2.73273,15.7507,-0.0180142,-0.0393808
0,0.25,6.88072,21.1564,-0.110515,-0.0125052
0,0.25,4.56201,20.2094,-0.0704765,-0.0168332
0,0.25,4.87534,20.9764,-0.198335,-0.0310634
0,0.25,8.36219,22.0336,-0.176179,-0.0186283
0,0.25,10.5364,21.2009,-0.225736,0.129152
0,0.25,2.85885,16.779,-0.00942436,-0.0398345
0,0.25,9.5948,21.4623,-0.132605,0.105727
0,0.25,12.4476,19.9266,-0.0923197,0.0830488
0,0.25,10.9758,20.9754,-0.316562,0.00406653
0,0.25,14.04,17.1233,-0.0199147,0.14679
0,0.25,12.0809,20.5094,-0.215025,0.151997
0,0.25,5.598,20.6525,-0.111837,-0.0804302
0,0.25,5.50785,20.866,-0.117373,-0.034876
0,0.25,4.69392,20.5771,-0.150216,-0.0729332
0,0.25,2.45488,14.6127,0.0901651,-0.201887
0,0.25,4.27179,11.5391,0.10989,-0.0319226
0,0.25,5.07598,11.828,0.105301,-0.0160312
0,0.25,5.05767,12.0765,0.0957462,-0.0233457
0,0.25,5.41967,12.3236,0.110567,0.0108714
0,0.25,5.64269,12.3685,0.117579,-0.048089
0,0.25,5.88001,12.1334,0.110879,-0.0540316
0,0.25,6.23625,12.1016,0.056777,-0.052848
0,0.25,5.17447,13.0873,0.0970355,-0.00194475
0,0.25,5.83678,12.4646,0.107352,-0.0232329
0,0.25,4.94388,13.275,0.083113,-0.025972
0,0.25,5.62897,12.9551,0.116835,-0.00484677
0,0.25,5.00276,13.538,0.0408897,-0.0106078
0,0.25,6.04411,12.5856,0.117394,-0.0310417
0,0.25,5.40623,13.1463,0.0914357,-0.00944161
0,0.25,5.83275,12.7583,0.134394,-0.0171156
0,0.25,6.06353,12.8678,0.132567,-0.0194347
0,0.25,5.64972,13.2155,0.0791638,0.000132159
0,0.25,5.45339,13.3976,0.0597935,-0.003503
0,0.25,3.82625,14.2596,-0.0183336,-0.0123275
0,0.25,5.25877,13.5928,0.0277885,0.00262473
0,0.25,4.07913,14.2529,-0.068867,-0.00711057
0,0.25,4.17282,14.5059,0.0157507,-0.0358029
0,0.25,4.93273,14.0225,-0.0285434,-0.00146929
0,0.25,3.93574,14.5013,0.00571987,0.0365442
0,0.25,4.32028,14.2584,-0.0615702,-0.0776215
0,0.25,6.47346,13.4484,0.00641068,-0.0292388
0,0.25,5.90773,13.2858,0.0795653,-0.031754
0,0.25,5.35494,13.845,-0.0101797,-0.00789414
0,0.25,3.8147,14.7621,0.0164806,0.0271917
0,0.25,5.03833,14.2786,-0.0505815,-0.00631185
0,0.25,4.04748,14.7598,0.00246682,0.00508778
0,0.25,3.37488,15.0241,-0.0938554,0.0284905
0,0.25,3.75225,13.5653,0.0583126,-0.080152
0,0.25,4.38184,15.0116,-0.00933662,0.0197993
0,0.25,3.48373,13.591,0.0246523,-0.0786997
0,0.25,5.82574,14.3198,-0.0292881,0.0196926
0,0.25,3.88488,15.0131,-0.0288035,0.0506056
0,0.25,4.65281,14.5177,-0.0274149,-0.0291474
0,0.25,4.52341,14.7651,-0.0100111,-0.0159583
0,0.25,5.14236,14.5227,-0.0292235,-0.00519877
0,0.25,3.20701,13.6266,0.00576084,-0.128871
0,0.25,2.98508,14.5257,0.0749824,-0.139509
0,0.25,4.63085,15.0107,-0.0044842,-0.0219109
0,0.25,2.53263,14.3777,0.14381,-0.19999
0,0.25,4.76707,14.7674,-0.00820275,-0.0106306
0,0.25,3.68701,19.9351,-0.134725,-0.126381
0,0.25,2.32205,17.4439,-0.027779,-0.188205
0,0.25,8.74015,21.7883,-0.192022,-0.0144215
0,0.25,10.4995,21.4561,-0.0952102,0.140387
0,0.25,2.07935,17.3255,-0.0533845,-0.236079
0,0.25,4.15565,19.8085,-0.0331966,-0.00576215
0,0.25,5.50891,14.7698,-0.00741497,0.0014194
0,0.25,2.38199,14.8515,0.104754,-0.226898
0,0.25,3.22358,14.5093,0.0528825,-0.034728
0,0.25,2.25754,14.449,0.0859353,-0.161512
0,0.25,3.15924,14.0358,0.117836,-0.177917
0,0.25,4.93392,11.5679,0.11012,-0.031981
0,0.25,5.31072,11.8513,0.0924913,-0.0443575
0,0.25,5.44287,12.0245,0.0625387,0.00823094
0,0.25,5.40819,12.5889,0.139669,0.00764973
0,0.25,6.08343,11.9279,0.0696631,-0.0944594
0,0.25,6.03784,12.2881,0.0884898,-0.0296751
0,0.25,6.94725,11.8471,0.0190174,-0.025301
0,0.25,6.7017,11.7925,0.0401754,-0.0175874
0,0.25,7.17478,11.8227,0.00771065,-0.0316606
0,0.25,6.45415,12.1993,0.069844,-0.0790221
0,0.25,6.25332,12.3945,0.102426,-0.0590009
0,0.25,6.94835,12.0943,0.113437,-0.0152139
0,0.25,6.7088,12.067,0.123646,0.014881
0,0.25,7.51235,12.1209,0.0489996,-0.0584305
0,0.25,6.8957,12.3674,0.0912458,-0.0409028
0,0.25,6.46664,12.4962,0.0851296,-0.044475
0,0.25,7.07949,12.4701,0.0735718,-0.036406
0,0.25,6.26305,12.6795,0.111435,-0.0367747
0,0.25,6.66918,12.3256,0.0591906,-0.0202362
0,0.25,5.86806,13.0306,0.108591,-0.0187995
0,0.25,5.72633,13.4674,0.0628676,-0.0134886
0,0.25,4.69607,14.005,-0.0262855,-0.0293925
0,0.25,6.12316,13.1388,0.0975282,-0.0351664
0,0.25,5.52188,13.6403,0.0278146,-0.0179733
0,0.25,5.18332,14.0495,-0.0298796,-0.000190218
0,0.25,6.3031,12.962,0.13571,-0.0458973
0,0.25,6.86251,12.9899,0.0494204,-0.0037237
0,0.25,7.0835,13.0975,0.0211682,0.0261713
0,0.25,6.06209,13.4613,-0.0245406,0.0560118
0,0.25,5.63719,13.8545,-0.0402456,0.0224346
0,0.25,5.71648,14.091,-0.0325073,0.0228295
0,0.25,4.28259,14.7649,0.0145258,-0.00851073
0,0.25,4.13249,15.0126,-0.0147963,-0.0287304
0,0.25,5.29323,14.2878,-0.0424076,0.00665496
0,0.25,4.55802,14.2648,-0.0676992,-0.0357398
0,0.25,5.45207,14.0713,-0.041013,0.0120127
0,0.25,5.90361,13.9151,-0.0327274,0.0273109
0,0.25,6.08112,13.7012,-0.00534653,0.0571471
0,0.25,6.00257,14.1652,-0.0299553,0.0176917
0,0.25,6.37721,13.9668,-0.00922617,-0.0303518
0,0.25,4.88017,15.0102,-0.00420995,0.0046524
0,0.25,5.55392,14.3091,-0.0341103,0.012057
0,0.25,5.39331,14.5298,-0.0249568,0.00347103
0,0.25,4.89438,14.5177,-0.0342643,-0.0160892
0,0.25,5.65212,14.5409,-0.0177508,0.00954466
0,0.25,3.44776,14.0403,0.0601893,-0.0874438
0,0.25,6.02558,14.7813,0.00211752,0.0108419
0,0.25,5.25822,14.769,-0.00985939,-0.000505463
0,0.25,5.01153,14.7632,-0.0126436,-0.00713659
0,0.25,6.14012,15.0064,0.00297697,0.000779377
0,0.25,5.76314,14.7789,-0.00344208,0.00868299
0,0.25,6.37118,15.0016,-0.00403911,0.00142234
0,0.25,5.6284,15.0084,0.00126357,-0.00390621
0,0.25,5.88194,15.0166,0.00228316,0.0104883
0,0.25,5.12795,15.0082,0.0010951,-0.00888435
0,0.25,5.37684,15.0118,0.000476405,0.00789037
0,0.25,5.0981,11.554,0.108888,-0.0452011
0,0.25,5.31086,11.5869,0.0923042,-0.0499834
0,0.25,5.63281,11.8261,0.0338842,-0.0189496
0,0.25,5.66047,12.1015,0.0908026,-0.0326551
0,0.25,5.88565,11.8509,0.0270673,-0.028836
0,0.25,7.27527,11.5835,0.0366425,-0.0274338
0,0.25,6.31179,11.8084,0.0654992,-0.0214644
0,0.25,6.49392,11.9366,0.0954744,-0.0341106
0,0.25,7.44581,11.5852,0.0397221,-0.0249555
0,0.25,8.01676,11.6885,0.0295395,0.0872654
0,0.25,7.3408,11.9749,0.0463597,-0.0452028
0,0.25,7.54122,11.8211,0.0147402,-0.102864
0,0.25,7.77694,11.8654,0.0449134,-0.0507956
0,0.25,7.15093,12.1735,0.135945,-0.0202252
0,0.25,7.76876,13.263,0.010695,0.115739
0,0.25,7.77183,12.1143,0.0350755,-0.0493892
0,0.25,7.66073,12.3313,0.055733,-0.0704564
0,0.25,7.3239,12.3108,0.123104,0.00362203
0,0.25,7.47063,12.7561,0.0306815,0.0508612
0,0.25,7.70297,12.7678,0.0467486,0.127803
0,0.25,7.7371,13.0072,0.0487691,0.128056
0,0.25,6.69531,12.6067,0.114311,-0.0415591
0,0.25,7.25125,12.6189,0.0187451,0.000793323
0,0.25,6.49304,12.7808,0.124759,-0.0458109
0,0.25,6.8839,12.6893,0.0753305,-0.0095867
0,0.25,6.65723,12.9297,0.0535434,0.0151499
0,0.25,6.44921,13.1411,0.0279473,0.0349192
0,0.25,7.28966,12.9281,0.039612,0.020724
0,0.25,7.07137,12.812,0.056811,0.0113902
0,0.25,7.35629,13.4971,0.0142693,0.0392224
0,0.25,7.31597,13.2124,-0.000252859,0.0330957
0,0.25,7.11246,13.3671,0.00875989,0.0301518
0,0.25,5.82711,13.6662,-0.0223232,0.0334559
0,0.25,6.65738,13.217,0.0447478,-0.00794427
0,0.25,4.79483,14.2648,-0.062133,-0.019727
0,0.25,6.87966,13.2783,0.0234216,0.0185898
0,0.25,6.9285,13.5555,-0.0305534,0.0216398
0,0.25,6.26979,13.34,-0.0331563,0.0164332
0,0.25,6.30627,13.6506,-0.0132556,-0.0298729
0,0.25,6.15841,13.9499,-0.0162905,0.0319052
0,0.25,6.61988,14.0064,-0.0152778,-0.00995096
0,0.25,6.98875,13.8298,-0.00136152,0.0246704
0,0.25,6.75148,13.7677,-0.0139325,0.0255327
0,0.25,6.23712,14.2263,-0.00601252,-0.00318908
0,0.25,5.91585,14.5514,-0.013244,0.0203332
0,0.25,6.11774,14.4485,-0.0272947,-0.0124758
0,0.25,6.35846,14.4852,-0.0221392,-0.0109464
0,0.25,6.7126,14.2733,-0.0209003,-0.00505578
0,0.25,6.2422,14.7153,-0.0144272,-0.0194752
0,0.25,6.83968,14.5171,-0.0328562,-0.00545007
0,0.25,6.59127,14.5066,-0.0286629,-0.00962633
0,0.25,6.95542,14.7701,-0.0369314,0.00213677
0,0.25,6.47063,14.7623,-0.0208592,-0.00121263
0,0.25,6.71147,14.7532,-0.0326206,-0.00380549
0,0.25,6.61548,15.0074,-0.00991071,0.00140503
0,0.25,6.85819,15.0078,-0.0100263,0.00149964
0,0.25,6.27352,11.5691,0.0936677,-0.0549114
0,0.25,5.49257,11.5989,0.103475,-0.0466702
0,0.25,5.70825,11.5848,0.0965823,-0.040172
0,0.25,6.09326,11.5811,0.0714611,-0.041141
0,0.25,5.8981,11.5801,0.0902706,-0.0527563
0,0.25,6.64851,11.5562,0.0951039,-0.048691
0,0.25,6.49349,11.5527,0.0457487,-0.0312512
0,0.25,7.04947,11.5495,0.0410459,-0.0208476
0,0.25,8.0003,13.4181,-0.00828451,0.0281143
0,0.25,7.67077,11.5761,0.0996074,-0.0658094
0,0.25,6.89805,11.5606,0.0192425,-0.0686437
0,0.25,8.02035,11.9694,-0.0204241,0.129351
0,0.25,7.84472,11.5944,0.0356715,-0.0495465
0,0.25,7.99607,12.4511,-0.0877702,0.104978
0,0.25,7.97915,12.9275,0.0255349,0.0124606
0,0.25,7.76811,12.5452,-0.153308,0.038409
0,0.25,7.98926,12.226,0.044039,0.143028
0,0.25,7.9993,12.7059,-0.0243784,0.00415669
0,0.25,8.00812,13.1664,0.025371,0.0294092
0,0.25,7.54793,13.3291,-0.0211344,0.0237836
0,0.25,7.7572,13.5263,-0.00909986,0.0804041
0,0.25,7.47773,12.4958,0.0341112,0.0513496
0,0.25,7.99959,13.6613,0.0188055,0.0272035
0,0.25,7.53848,13.6355,-0.0105201,0.046634
0,0.25,7.99748,13.9087,-0.00222452,0.0247691
0,0.25,7.50883,13.0499,0.0236275,0.0319746
0,0.25,7.97752,14.1312,-0.000994825,0.0240136
0,0.25,7.76475,13.7906,0.010627,0.054943
0,0.25,8.00008,14.3562,-0.00464274,0.0128252
0,0.25,7.70825,14.0328,-0.00164407,0.0509973
0,0.25,8.00763,14.6113,0.010071,0.00338106
0,0.25,7.41995,14.1073,-0.0258701,0.0224931
0,0.25,7.26214,13.8652,0.00585417,-0.0126609
0,0.25,7.49879,13.8765,0.00628852,0.0447443
0,0.25,7.72075,14.2514,-0.0139385,0.0392786
0,0.25,7.17468,13.6421,-0.0317485,0.0073658
0,0.25,7.13097,14.0706,0.00999764,-0.00297118
0,0.25,6.97083,14.2825,-0.0177546,0.00158166
0,0.25,6.51292,13.7418,-0.0198937,-0.0197481
0,0.25,7.78614,14.5027,-0.000965334,0.0306479
0,0.25,6.69773,13.5015,-0.0109216,0.0182983
0,0.25,7.33206,14.5506,-0.0318206,0.0139497
0,0.25,7.23537,14.2981,-0.0402186,0.0231521
0,0.25,7.49444,14.3375,-0.0315116,0.00968057
0,0.25,7.95325,14.826,-0.0321525,0.00544941
0,0.25,7.08824,14.5263,-0.0355403,0.0224009
0,0.25,7.19776,14.7783,-0.0284106,0.0198805
0,0.25,6.47556,14.2299,-0.0161031,-0.0213022
0,0.25,7.5865,14.5919,-0.0232918,-0.0146504
0,0.25,6.86286,14.0465,-0.000692318,0.0154766
0,0.25,7.71371,14.8191,-0.0342395,-0.00319072
0,0.25,7.97578,15.0348,0.00234398,-0.0194597
0,0.25,7.11025,15.0186,-0.00740766,0.0060151
0,0.25,7.45074,14.81,-0.0231717,-0.0059469
0,0.25,7.37445,15.0248,0.00259072,-0.00139226
0,0.25,7.66362,15.0372,0.00273647,0.00801043
1,0.25,8.25,0.75,0,0
1,0.25,8.5,0.75,0,0
1,0.25,15.75,0.75,0,0
1,0.25,16,0.75,0,0
1,0.25,0.75,0.75,0,0
1,0.25,1,0.75,0,0
1,0.25,8.25,1,0,0
1,0.25,8.5,1,0,0
1,0.25,15.75,1,0,0
1,0.25,16,1,0,0
1,0.25,0.75,1,0,0
1,0.25,1,1,0,0
1,0.25,8.25,1.25,0,0
1,0.25,8.5,1.25,0,0
1,0.25,15.75,1.25,0,0
1,0.25,16,1.25,0,0
1,0.25,0.75,1.25,0,0
1,0.25,1,1.25,0,0
1,0.25,8.25,1.5,0,0
1,0.25,8.5,1.5,0,0
1,0.25,15.75,1.5,0,0
1,0.25,16,1.5,0,0
1,0.25,0.75,1.5,0,0
1,0.25,1,1.5,0,0
1,0.25,8.25,1.75,0,0
1,0.25,8.5,1.75,0,0
1,0.25,15.75,1.75,0,0
1,0.25,16,1.75,0,0
1,0.25,0.75,1.75,0,0
1,0.25,1,1.75,0,0
1,0.25,8.25,2,0,0
1,0.25,8.5,2,0,0
1,0.25,15.75,2,0,0
1,0.25,16,2,0,0
1,0.25,0.75,2,0,0
1,0.25,1,2,0,0
1,0.25,8.25,2.25,0,0
1,0.25,8.5,2.25,0,0
1,0.25,15.75,2.25,0,0
1,0.25,16,2.25,0,0
1,0.25,0.75,2.25,0,0
1,0.25,1,2.25,0,0
1,0.25,8.25,2.5,0,0
1,0.25,8.5,2.5,0,0
1,0.25,15.75,2.5,0,0
1,0.25,16,2.5,0,0
1,0.25,0.75,2.5,0,0
1,0.25,1,2.5,0,0
1,0.25,8.25,2.75,0,0
1,0.25,8.5,2.75,0,0
1,0.25,15.75,2.75,0,0
1,0.25,16,2.75,0,0
1,0.25,0.75,2.75,0,0
1,0.25,1,2.75,0,0
1,0.25,8.25,3,0,0
1,0.25,8.5,3,0,0
1,0.25,15.75,3,0,0
1,0.25,16,3,0,0
1,0.25,0.75,3,0,0
1,0.25,1,3,0,0
1,0.25,8.25,3.25,0,0
1,0.25,8.5,3.25,0,0
1,0.25,15.75,3.25,0,0
1,0.25,16,3.25,0,0
1,0.25,0.75,3.25,0,0
1,0.25,1,3.25,0,0
1,0.25,8.25,3.5,0,0
1,0.25,8.5,3.5,0,0
1,0.25,15.75,3.5,0,0
1,0.25,16,3.5,0,0
1,0.25,0.75,3.5,0,0
1,0.25,1,3.5,0,0
1,0.25,8.25,3.75,0,0
1,0.25,8.5,3.75,0,0
1,0.25,15.75,3.75,0,0
1,0.25,16,3.75,0,0
1,0.25,0.75,3.75,0,0
1,0.25,1,3.75,0,0
1,0.25,8.25,4,0,0
1,0.25,8.5,4,0,0
1,0.25,15.75,4,0,0
1,0.25,16,4,0,0
1,0.25,0.75,4,0,0
1,0.25,1,4,0,0
1,0.25,8.25,4.25,0,0
1,0.25,8.5,4.25,0,0
1,0.25,15.75,4.25,0,0
1,0.25,16,4.25,0,0
1,0.25,0.75,4.25,0,0
1,0.25,1,4.25,0,0
1,0.25,8.25,4.5,0,0
1,0.25,8.5,4.5,0,0
1,0.25,15.75,4.5,0,0
1,0.25,16,4.5,0,0
1,0.25,0.75,4.5,0,0
1,0.25,1,4.5,0,0
1,0.25,8.25,4.75,0,0
1,0.25,8.5,4.75,0,0
1,0.25,15.75,4.75,0,0
1,0.25,16,4.75,0,0
1,0.25,0.75,4.75,0,0
1,0.25,1,4.75,0,0
1,0.25,8.25,5,0,0
1,0.25,8.5,5,0,0
1,0.25,15.75,5,0,0
1,0.25,16,5,0,0
1,0.25,0.75,5,0,0
1,0.25,1,5,0,0
1,0.25,8.25,5.25,0,0
1,0.25,8.5,5.25,0,0
1,0.25,15.75,5.25,0,0
1,0.25,16,5.25,0,0
1,0.25,0.75,5.25,0,0
1,0.25,1,5.25,0,0
1,0.25,8.25,5.5,0,0
1,0.25,8.5,5.5,0,0
1,0.25,15.75,5.5,0,0
1,0.25,16,5.5,0,0
1,0.25,0.75,5.5,0,0
1,0.25,1,5.5,0,0
1,0.25,8.25,5.75,0,0
1,0.25,8.5,5.75,0,0
1,0.25,15.75,5.75,0,0
1,0.25,16,5.75,0,0
1,0.25,0.75,5.75,0,0
1,0.25,1,5.75,0,0
1,0.25,8.25,6,0,0
1,0.25,8.5,6,0,0
1,0.25,15.75,6,0,0
1,0.25,16,6,0,0
1,0.25,0.75,6,0,0
1,0.25,1,6,0,0
1,0.25,8.25,6.25,0,0
1,0.25,8.5,6.25,0,0
1,0.25,15.75,6.25,0,0
1,0.25,16,6.25,0,0
1,0.25,0.75,6.25,0,0
1,0.25,1,6.25,0,0
1,0.25,8.25,6.5,0,0
1,0.25,8.5,6.5,0,0
1,0.25,15.75,6.5,0,0
1,0.25,16,6.5,0,0
1,0.25,0.75,6.5,0,0
1,0.25,1,6.5,0,0
1,0.25,8.25,6.75,0,0
1,0.25,8.5,6.75,0,0
1,0.25,15.75,6.75,0,0
1,0.25,16,6.75,0,0
1,0.25,0.75,6.75,0,0
1,0.25,1,6.75,0,0
1,0.25,8.25,7,0,0
1,0.25,8.5,7,0,0
1,0.25,15.75,7,0,0
1,0.25,16,7,0,0
1,0.25,0.75,7,0,0
1,0.25,1,7,0,0
1,0.25,8.25,7.25,0,0
1,0.25,8.5,7.25,0,0
1,0.25,15.75,7.25,0,0
1,0.25,16,7.25,0,0
1,0.25,0.75,7.25,0,0
1,0.25,1,7.25,0,0
1,0.25,8.25,7.5,0,0
1,0.25,8.5,7.5,0,0
1,0.25,15.75,7.5,0,0
1,0.25,16,7.5,0,0
1,0.25,0.75,7.5,0,0
1,0.25,1,7.5,0,0
1,0.25,8.25,7.75,0,0
1,0.25,8.5,7.75,0,0
1,0.25,15.75,7.75,0,0
1,0.25,16,7.75,0,0
1,0.25,0.75,7.75,0,0
1,0.25,1,7.75,0,0
1,0.25,8.25,8,0,0
1,0.25,8.5,8,0,0
1,0.25,15.75,8,0,0
1,0.25,16,8,0,0
1,0.25,0.75,8,0,0
1,0.25,1,8,0,0
1,0.25,8.25,8.25,0,0
1,0.25,8.5,8.25,0,0
1,0.25,15.75,8.25,0,0
1,0.25,16,8.25,0,0
1,0.25,0.75,8.25,0,0
1,0.25,1,8.25,0,0
1,0.25,8.25,8.5,0,0
1,0.25,8.5,8.5,0,0
1,0.25,15.75,8.5,0,0
1,0.25,16,8.5,0,0
1,0.25,0.75,8.5,0,0
1,0.25,1,8.5,0,0
1,0.25,8.25,8.75,0,0
1,0.25,8.5,8.75,0,0
1,0.25,15.75,8.75,0,0
1,0.25,16,8.75,0,0
1,0.25,0.75,8.75,0,0
1,0.25,1,8.75,0,0
1,0.25,8.25,9,0,0
1,0.25,8.5,9,0,0
1,0.25,15.75,9,0,0
1,0.25,16,9,0,0
1,0.25,0.75,9,0,0
1,0.25,1,9,0,0
1,0.25,8.25,9.25,0,0
1,0.25,8.5,9.25,0,0
1,0.25,15.75,9.25,0,0
1,0.25,16,9.25,0,0
1,0.25,0.75,9.25,0,0
1,0.25,1,9.25,0,0
1,0.25,8.25,9.5,0,0
1,0.25,8.5,9.5,0,0
1,0.25,15.75,9.5,0,0
1,0.25,16,9.5,0,0
1,0.25,0.75,9.5,0,0
1,0.25,1,9.5,0,0
1,0.25,8.25,9.75,0,0
1,0.25,8.5,9.75,0,0
1,0.25,15.75,9.75,0,0
1,0.25,16,9.75,0,0
1,0.25,0.75,9.75,0,0
1,0.25,1,9.75,0,0
1,0.25,8.25,10,0,0
1,0.25,8.5,10,0,0
1,0.25,15.75,10,0,0
1,0.25,16,10,0,0
1,0.25,0.75,10,0,0
1,0.25,1,10,0,0
1,0.25,8.25,10.25,0,0
1,0.25,8.5,10.25,0,0
1,0.25,15.75,10.25,0,0
1,0.25,16,10.25,0,0
1,0.25,0.75,10.25,0,0
1,0.25,1,10.25,0,0
1,0.25,8.25,10.5,0,0
1,0.25,8.5,10.5,0,0
1,0.25,15.75,10.5,0,0
1,0.25,16,10.5,0,0
1,0.25,0.75,10.5,0,0
1,0.25,1,10.5,0,0
1,0.25,8.25,10.75,0,0
1,0.25,8.5,10.75,0,0
1,0.25,15.75,10.75,0,0
1,0.25,16,10.75,0,0
1,0.25,0.75,10.75,0,0
1,0.25,1,10.75,0,0
1,0.25,8.25,11,0,0
1,0.25,8.5,11,0,0
1,0.25,15.75,11,0,0
1,0.25,16,11,0,0
1,0.25,0.75,11,0,0
1,0.25,1,11,0,0
1,0.25,8.25,11.25,0,0
1,0.25,8.5,11.25,0,0
1,0.25,15.75,11.25,0,0
1,0.25,16,11.25,0,0
1,0.25,0.75,11.25,0,0
1,0.25,1,11.25,0,0
1,0.25,8.25,11.5,0,0
1,0.25,8.5,11.5,0,0
1,0.25,15.75,11.5,0,0
1,0.25,16,11.5,0,0
1,0.25,0.75,11.5,0,0
1,0.25,1,11.5,0,0
1,0.25,8.25,11.75,0,0
1,0.25,8.5,11.75,0,0
1,0.25,15.75,11.75,0,0
1,0.25,16,11.75,0,0
1,0.25,0.75,11.75,0,0
1,0.25,1,11.75,0,0
1,0.25,8.25,12,0,0
1,0.25,8.5,12,0,0
1,0.25,15.75,12,0,0
1,0.25,16,12,0,0
1,0.25,0.75,12,0,0
1,0.25,1,12,0,0
1,0.25,8.25,12.25,0,0
1,0.25,8.5,12.25,0,0
1,0.25,15.75,12.25,0,0
1,0.25,16,12.25,0,0
1,0.25,0.75,12.25,0,0
1,0.25,1,12.25,0,0
1,0.25,8.25,12.5,0,0
1,0.25,8.5,12.5,0,0
1,0.25,15.75,12.5,0,0
1,0.25,16,12.5,0,0
1,0.25,0.75,12.5,0,0
1,0.25,1,12.5,0,0
1,0.25,8.25,12.75,0,0
1,0.25,8.5,12.75,0,0
1,0.25,15.75,12.75,0,0
1,0.25,16,12.75,0,0
1,0.25,0.75,12.75,0,0
1,0.25,1,12.75,0,0
1,0.25,8.25,13,0,0
1,0.25,8.5,13,0,0
1,0.25,15.75,13,0,0
1,0.25,16,13,0,0
1,0.25,0.75,13,0,0
1,0.25,1,13,0,0
1,0.25,8.25,13.25,0,0
1,0.25,8.5,13.25,0,0
1,0.25,15.75,13.25,0,0
1,0.25,16,13.25,0,0
1,0.25,0.75,13.25,0,0
1,0.25,1,13.25,0,0
1,0.25,8.25,13.5,0,0
1,0.25,8.5,13.5,0,0
1,0.25,15.75,13.5,0,0
1,0.25,16,13.5,0,0
1,0.25,0.75,13.5,0,0
1,0.25,1,13.5,0,0
1,0.25,8.25,13.75,0,0
1,0.25,8.5,13.75,0,0
1,0.25,15.75,13.75,0,0
1,0.25,16,13.75,0,0
1,0.25,0.75,13.75,0,0
1,0.25,1,13.75,0,0
1,0.25,8.25,14,0,0
1,0.25,8.5,14,0,0
1,0.25,15.75,14,0,0
1,0.25,16,14,0,0
1,0.25,0.75,14,0,0
1,0.25,1,14,0,0
1,0.25,8.25,14.25,0,0
1,0.25,8.5,14.25,0,0
1,0.25,15.75,14.25,0,0
1,0.25,16,14.25,0,0
1,0.25,0.75,14.25,0,0
1,0.25,1,14.25,0,0
1,0.25,8.25,14.5,0,0
1,0.25,8.5,14.5,0,0
1,0.25,15.75,14.5,0,0
1,0.25,16,14.5,0,0
1,0.25,0.75,14.5,0,0
1,0.25,1,14.5,0,0
1,0.25,8.25,14.75,0,0
1,0.25,8.5,14.75,0,0
1,0.25,15.75,14.75,0,0
1,0.25,16,14.75,0,0
1,0.25,0.75,14.75,0,0
1,0.25,1,14.75,0,0
1,0.25,8.25,15,0,0
1,0.25,8.5,15,0,0
1,0.25,15.75,15,0,0
1,0.25,16,15,0,0
1,0.25,0.75,15,0,0
1,0.25,1,15,0,0
1,0.25,8.25,15.25,0,0
1,0.25,8.5,15.25,0,0
1,0.25,15.75,15.25,0,0
1,0.25,16,15.25,0,0
1,0.25,0.75,15.25,0,0
1,0.25,1,15.25,0,0
1,0.25,8.25,15.5,0,0
1,0.25,8.5,15.5,0,0
1,0.25,15.75,15.5,0,0
1,0.25,16,15.5,0,0
1,0.25,0.75,15.5,0,0
1,0.25,1,15.5,0,0
1,0.25,1.25,0.75,0,0
1,0.25,1.25,1,0,0
1,0.25,1.5,0.75,0,0
1,0.25,1.5,1,0,0
1,0.25,1.75,0.75,0,0
1,0.25,1.75,1,0,0
1,0.25,2,0.75,0,0
1,0.25,2,1,0,0
1,0.25,2.25,0.75,0,0
1,0.25,2.25,1,0,0
1,0.25,2.5,0.75,0,0
1,0.25,2.5,1,0,0
1,0.25,2.75,0.75,0,0
1,0.25,2.75,1,0,0
1,0.25,3,0.75,0,0
1,0.25,3,1,0,0
1,0.25,3,15.25,0,0
1,0.25,3,15.5,0,0
1,0.25,3.25,0.75,0,0
1,0.25,3.25,1,0,0
1,0.25,3.25,15.25,0,0
1,0.25,3.25,15.5,0,0
1,0.25,3.5,0.75,0,0
1,0.25,3.5,1,0,0
1,0.25,3.5,15.25,0,0
1,0.25,3.5,15.5,0,0
1,0.25,3.75,0.75,0,0
1,0.25,3.75,1,0,0
1,0.25,3.75,15.25,0,0
1,0.25,3.75,15.5,0,0
1,0.25,4,0.75,0,0
1,0.25,4,1,0,0
1,0.25,4,15.25,0,0
1,0.25,4,15.5,0,0
1,0.25,4.25,0.75,0,0
1,0.25,4.25,1,0,0
1,0.25,4.25,15.25,0,0
1,0.25,4.25,15.5,0,0
1,0.25,4.5,0.75,0,0
1,0.25,4.5,1,0,0
1,0.25,4.5,15.25,0,0
1,0.25,4.5,15.5,0,0
1,0.25,4.75,0.75,0,0
1,0.25,4.75,1,0,0
1,0.25,4.75,15.25,0,0
1,0.25,4.75,15.5,0,0
1,0.25,5,0.75,0,0
1,0.25,5,1,0,0
1,0.25,5,15.25,0,0
1,0.25,5,15.5,0,0
1,0.25,5.25,0.75,0,0
1,0.25,5.25,1,0,0
1,0.25,5.25,15.25,0,0
1,0.25,5.25,15.5,0,0
1,0.25,5.5,0.75,0,0
1,0.25,5.5,1,0,0
1,0.25,5.5,15.25,0,0
1,0.25,5.5,15.5,0,0
1,0.25,5.75,0.75,0,0
1,0.25,5.75,1,0,0
1,0.25,5.75,15.25,0,0
1,0.25,5.75,15.5,0,0
1,0.25,6,0.75,0,0
1,0.25,6,1,0,0
1,0.25,6,15.25,0,0
1,0.25,6,15.5,0,0
1,0.25,6.25,0.75,0,0
1,0.25,6.25,1,0,0
1,0.25,6.25,15.25,0,0
1,0.25,6.25,15.5,0,0
1,0.25,6.5,0.75,0,0
1,0.25,6.5,1,0,0
1,0.25,6.5,15.25,0,0
1,0.25,6.5,15.5,0,0
1,0.25,6.75,0.75,0,0
1,0.25,6.75,1,0,0
1,0.25,6.75,15.25,0,0
1,0.25,6.75,15.5,0,0
1,0.25,7,0.75,0,0
1,0.25,7,1,0,0
1,0.25,7,15.25,0,0
1,0.25,7,15.5,0,0
1,0.25,7.25,0.75,0,0
1,0.25,7.25,1,0,0
1,0.25,7.25,15.25,0,0
1,0.25,7.25,15.5,0,0
1,0.25,7.5,0.75,0,0
1,0.25,7.5,1,0,0
1,0.25,7.5,15.25,0,0
1,0.25,7.5,15.5,0,0
1,0.25,7.75,0.75,0,0
1,0.25,7.75,1,0,0
1,0.25,7.75,15.25,0,0
1,0.25,7.75,15.5,0,0
1,0.25,8,0.75,0,0
1,0.25,8,1,0,0
1,0.25,8,15.25,0,0
1,0.25,8,15.5,0,0
1,0.25,8.75,0.75,0,0
1,0.25,8.75,1,0,0
1,0.25,8.75,15.25,0,0
1,0.25,8.75,15.5,0,0
1,0.25,9,0.75,0,0
1,0.25,9,1,0,0
1,0.25,9,15.25,0,0
1,0.25,9,15.5,0,0
1,0.25,9.25,0.75,0,0
1,0.25,9.25,1,0,0
1,0.25,9.25,15.25,0,0
1,0.25,9.25,15.5,0,0
1,0.25,9.5,0.75,0,0
1,0.25,9.5,1,0,0
1,0.25,9.5,15.25,0,0
1,0.25,9.5,15.5,0,0
1,0.25,9.75,0.75,0,0
1,0.25,9.75,1,0,0
1,0.25,9.75,15.25,0,0
1,0.25,9.75,15.5,0,0
1,0.25,10,0.75,0,0
1,0.25,10,1,0,0
1,0.25,10,15.25,0,0
1,0.25,10,15.5,0,0
1,0.25,10.25,0.75,0,0
1,0.25,10.25,1,0,0
1,0.25,10.25,15.25,0,0
1,0.25,10.25,15.5,0,0
1,0.25,10.5,0.75,0,0
1,0.25,10.5,1,0,0
1,0.25,10.5,15.25,0,0
1,0.25,10.5,15.5,0,0
1,0.25,10.75,0.75,0,0
1,0.25,10.75,1,0,0
1,0.25,10.75,15.25,0,0
1,0.25,10.75,15.5,0,0
1,0.25,11,0.75,0,0
1,0.25,11,1,0,0
1,0.25,11,15.25,0,0
1,0.25,11,15.5,0,0
1,0.25,11.25,0.75,0,0
1,0.25,11.25,1,0,0
1,0.25,11.25,15.25,0,0
1,0.25,11.25,15.5,0,0
1,0.25,11.5,0.75,0,0
1,0.25,11.5,1,0,0
1,0.25,11.5,15.25,0,0
1,0.25,11.5,15.5,0,0
1,0.25,11.75,0.75,0,0
1,0.25,11.75,1,0,0
1,0.25,11.75,15.25,0,0
1,0.25,11.75,15.5,0,0
1,0.25,12,0.75,0,0
1,0.25,12,1,0,0
1,0.25,12,15.25,0,0
1,0.25,12,15.5,0,0
1,0.25,12.25,0.75,0,0
1,0.25,12.25,1,0,0
1,0.25,12.25,15.25,0,0
1,0.25,12.25,15.5,0,0
1,0.25,12.5,0.75,0,0
1,0.25,12.5,1,0,0
1,0.25,12.5,15.25,0,0
1,0.25,12.5,15.5,0,0
1,0.25,12.75,0.75,0,0
1,0.25,12.75,1,0,0
1,0.25,12.75,15.25,0,0
1,0.25,12.75,15.5,0,0
1,0.25,13,0.75,0,0
1,0.25,13,1,0,0
1,0.25,13,15.25,0,0
1,0.25,13,15.5,0,0
1,0.25,13.25,0.75,0,0
1,0.25,13.25,1,0,0
1,0.25,13.25,15.25,0,0
1,0.25,13.25,15.5,0,0
1,0.25,13.5,0.75,0,0
1,0.25,13.5,1,0,0
1,0.25,13.5,15.25,0,0
1,0.25,13.5,15.5,0,0
1,0.25,13.75,0.75,0,0
1,0.25,13.75,1,0,0
1,0.25,13.75,15.25,0,0
1,0.25,13.75,15.5,0,0
1,0.25,14,0.75,0,0
1,0.25,14,1,0,0
1,0.25,14.25,0.75,0,0
1,0.25,14.25,1,0,0
1,0.25,14.5,0.75,0,0
1,0.25,14.5,1,0,0
1,0.25,14.75,0.75,0,0
1,0.25,14.75,1,0,0
1,0.25,15,0.75,0,0
1,0.25,15,1,0,0
1,0.25,15.25,0.75,0,0
1,0.25,15.25,1,0,0
1,0.25,15.5,0.75,0,0
1,0.25,15.5,1,0,0
1,0.25,16,15.75,0,0
1,0.25,15.9959,16,0,0
1,0.25,15.9836,16.2496,0,0
1,0.25,15.9631,16.4988,0,0
1,0.25,15.9345,16.7471,0,0
1,0.25,15.8978,16.9944,0,0
1,0.25,15.8529,17.2403,0,0
1,0.25,15.8001,17.4847,0,0
1,0.25,15.7392,17.7271,0,0
1,0.25,15.6704,17.9675,0,0
1,0.25,15.5938,18.2054,0,0
1,0.25,15.5095,18.4408,0,0
1,0.25,15.4174,18.6732,0,0
1,0.25,15.3178,18.9025,0,0
1,0.25,15.2107,19.1284,0,0
1,0.25,15.0963,19.3506,0,0
1,0.25,14.9747,19.569,0,0
1,0.25,14.8459,19.7833,0,0
1,0.25,14.7102,19.9933,0,0
1,0.25,14.5677,20.1987,0,0
1,0.25,14.4186,20.3993,0,0
1,0.25,14.2629,20.5949,0,0
1,0.25,14.1009,20.7853,0,0
1,0.25,13.9328,20.9703,0,0
1,0.25,13.7587,21.1497,0,0
1,0.25,13.5788,21.3233,0,0
1,0.25,13.3933,21.4909,0,0
1,0.25,13.2024,21.6523,0,0
1,0.25,13.0063,21.8074,0,0
1,0.25,12.8052,21.9559,0,0
1,0.25,12.5994,22.0978,0,0
1,0.25,12.3891,22.2329,0,0
1,0.25,12.1744,22.361,0,0
1,0.25,11.9556,22.482,0,0
1,0.25,11.733,22.5957,0,0
1,0.25,11.5068,22.7021,0,0
1,0.25,11.2772,22.8011,0,0
1,0.25,11.0445,22.8924,0,0
1,0.25,10.809,22.9761,0,0
1,0.25,10.5708,23.052,0,0
1,0.25,10.3302,23.1201,0,0
1,0.25,10.0876,23.1802,0,0
1,0.25,9.8431,23.2323,0,0
1,0.25,9.59703,23.2764,0,0
1,0.25,9.34965,23.3125,0,0
1,0.25,9.10122,23.3403,0,0
1,0.25,8.85201,23.3601,0,0
1,0.25,8.60229,23.3716,0,0
1,0.25,8.35232,23.375,0,0
1,0.25,8.10238,23.3701,0,0
1,0.25,7.85273,23.3571,0,0
1,0.25,7.60364,23.3359,0,0
1,0.25,7.35539,23.3065,0,0
1,0.25,7.10822,23.269,0,0
1,0.25,6.86242,23.2235,0,0
1,0.25,6.61825,23.1699,0,0
1,0.25,6.37596,23.1083,0,0
1,0.25,6.13582,23.0388,0,0
1,0.25,5.89809,22.9615,0,0
1,0.25,5.66302,22.8764,0,0
1,0.25,5.43087,22.7837,0,0
1,0.25,5.20188,22.6834,0,0
1,0.25,4.9763,22.5756,0,0
1,0.25,4.75438,22.4606,0,0
1,0.25,4.53634,22.3383,0,0
1,0.25,4.32244,22.2089,0,0
1,0.25,4.11289,22.0726,0,0
1,0.25,3.90792,21.9295,0,0
1,0.25,3.70775,21.7797,0,0
1,0.25,3.5126,21.6235,0,0
1,0.25,3.32267,21.4609,0,0
1,0.25,3.13818,21.2922,0,0
1,0.25,2.95931,21.1176,0,0
1,0.25,2.78627,20.9372,0,0
1,0.25,2.61923,20.7512,0,0
1,0.25,2.45838,20.5598,0,0
1,0.25,2.30389,20.3633,0,0
1,0.25,2.15592,20.1618,0,0
1,0.25,2.01464,19.9555,0,0
1,0.25,1.8802,19.7448,0,0
1,0.25,1.75274,19.5297,0,0
1,0.25,1.6324,19.3106,0,0
1,0.25,1.5193,19.0877,0,0
1,0.25,1.41357,18.8611,0,0
1,0.25,1.31533,18.6313,0,0
1,0.25,1.22467,18.3983,0,0
1,0.25,1.1417,18.1625,0,0
1,0.25,1.0665,17.9241,0,0
1,0.25,0.999164,17.6833,0,0
1,0.25,0.939753,17.4405,0,0
1,0.25,0.888333,17.1958,0,0
1,0.25,0.844961,16.9496,0,0
1,0.25,0.809682,16.7022,0,0
1,0.25,0.782536,16.4536,0,0
1,0.25,0.76355,16.2044,0,0
1,0.25,0.752746,15.9546,0,0
1,0.25,0.750135,15.7046,0,0
1,0.25,15.75,15.75,0,0
1,0.25,15.7459,15.9958,0,0
1,0.25,15.7336,16.2413,0,0
1,0.25,15.7132,16.4863,0,0
1,0.25,15.6845,16.7304,0,0
1,0.25,15.6478,16.9735,0,0
1,0.25,15.603,17.2152,0,0
1,0.25,15.5501,17.4553,0,0
1,0.25,15.4893,17.6934,0,0
1,0.25,15.4206,17.9295,0,0
1,0.25,15.3441,18.1631,0,0
1,0.25,15.2598,18.394,0,0
1,0.25,15.1678,18.622,0,0
1,0.25,15.0683,18.8468,0,0
1,0.25,14.9614,19.0681,0,0
1,0.25,14.8472,19.2858,0,0
1,0.25,14.7257,19.4995,0,0
1,0.25,14.5973,19.7091,0,0
1,0.25,14.4619,19.9142,0,0
1,0.25,14.3197,20.1148,0,0
1,0.25,14.1709,20.3105,0,0
1,0.25,14.0157,20.5011,0,0
1,0.25,13.8542,20.6865,0,0
1,0.25,13.6867,20.8663,0,0
1,0.25,13.5132,21.0405,0,0
1,0.25,13.334,21.2088,0,0
1,0.25,13.1494,21.371,0,0
1,0.25,12.9594,21.527,0,0
1,0.25,12.7643,21.6766,0,0
1,0.25,12.5643,21.8196,0,0
1,0.25,12.3597,21.9558,0,0
1,0.25,12.1507,22.0852,0,0
1,0.25,11.9375,22.2075,0,0
1,0.25,11.7203,22.3227,0,0
1,0.25,11.4994,22.4305,0,0
1,0.25,11.275,22.5309,0,0
1,0.25,11.0474,22.6238,0,0
1,0.25,10.8168,22.709,0,0
1,0.25,10.5835,22.7865,0,0
1,0.25,10.3478,22.8562,0,0
1,0.25,10.1099,22.918,0,0
1,0.25,9.87002,22.9719,0,0
1,0.25,9.62851,23.0177,0,0
1,0.25,9.3856,23.0554,0,0
1,0.25,9.14157,23.0851,0,0
1,0.25,8.89669,23.1065,0,0
1,0.25,8.65122,23.1198,0,0
1,0.25,8.40546,23.1249,0,0
1,0.25,8.15965,23.1219,0,0
1,0.25,7.91409,23.1106,0,0
1,0.25,7.66904,23.0911,0,0
1,0.25,7.42477,23.0635,0,0
1,0.25,7.18156,23.0278,0,0
1,0.25,6.93968,22.984,0,0
1,0.25,6.69938,22.9321,0,0
1,0.25,6.46096,22.8723,0,0
1,0.25,6.22465,22.8045,0,0
1,0.25,5.99074,22.729,0,0
1,0.25,5.75947,22.6456,0,0
1,0.25,5.53112,22.5546,0,0
1,0.25,5.30592,22.4561,0,0
1,0.25,5.08413,22.3501,0,0
1,0.25,4.86599,22.2367,0,0
1,0.25,4.65176,22.1162,0,0
1,0.25,4.44166,21.9885,0,0
1,0.25,4.23593,21.854,0,0
1,0.25,4.0348,21.7127,0,0
1,0.25,3.8385,21.5647,0,0
1,0.25,3.64723,21.4103,0,0
1,0.25,3.46121,21.2496,0,0
1,0.25,3.28066,21.0828,0,0
1,0.25,3.10576,20.91,0,0
1,0.25,2.93672,20.7315,0,0
1,0.25,2.77372,20.5475,0,0
1,0.25,2.61695,20.3582,0,0
1,0.25,2.46657,20.1637,0,0
1,0.25,2.32275,19.9644,0,0
1,0.25,2.18566,19.7603,0,0
1,0.25,2.05545,19.5518,0,0
1,0.25,1.93225,19.3391,0,0
1,0.25,1.81622,19.1224,0,0
1,0.25,1.70747,18.9019,0,0
1,0.25,1.60613,18.678,0,0
1,0.25,1.51231,18.4508,0,0
1,0.25,1.42611,18.2205,0,0
1,0.25,1.34763,17.9876,0,0
1,0.25,1.27697,17.7521,0,0
1,0.25,1.21418,17.5145,0,0
1,0.25,1.15936,17.2748,0,0
1,0.25,1.11255,17.0335,0,0
1,0.25,1.07381,16.7908,0,0
1,0.25,1.04318,16.5469,0,0
1,0.25,1.02069,16.3021,0,0
1,0.25,1.00638,16.0567,0,0
1,0.25,1.00025,15.8109,0,0
1,0.25,1.00232,15.5651,0,0
1,0.25,13.75,15.75,0,0
1,0.25,13.7442,15.9999,0,0
1,0.25,13.7268,16.2493,0,0
1,0.25,13.6978,16.4976,0,0
1,0.25,13.6572,16.7442,0,0
1,0.25,13.6053,16.9888,0,0
1,0.25,13.5421,17.2306,0,0
1,0.25,13.4676,17.4692,0,0
1,0.25,13.3822,17.7042,0,0
1,0.25,13.2859,17.9349,0,0
1,0.25,13.179,18.1608,0,0
1,0.25,13.0617,18.3816,0,0
1,0.25,12.9343,18.5966,0,0
1,0.25,12.797,18.8056,0,0
1,0.25,12.6502,19.0079,0,0
1,0.25,12.4941,19.2031,0,0
1,0.25,12.3291,19.3909,0,0
1,0.25,12.1555,19.5708,0,0
1,0.25,11.9738,19.7424,0,0
1,0.25,11.7842,19.9054,0,0
1,0.25,11.5874,20.0595,0,0
1,0.25,11.3835,20.2042,0,0
1,0.25,11.1732,20.3392,0,0
1,0.25,10.9568,20.4644,0,0
1,0.25,10.7348,20.5793,0,0
1,0.25,10.5077,20.6838,0,0
1,0.25,10.276,20.7776,0,0
1,0.25,10.0402,20.8606,0,0
1,0.25,9.80076,20.9325,0,0
1,0.25,9.55826,20.9931,0,0
1,0.25,9.3132,21.0425,0,0
1,0.25,9.06611,21.0804,0,0
1,0.25,8.81753,21.1068,0,0
1,0.25,8.56799,21.1215,0,0
1,0.25,8.31803,21.1247,0,0
1,0.25,8.0682,21.1162,0,0
1,0.25,7.81903,21.0962,0,0
1,0.25,7.57106,21.0645,0,0
1,0.25,7.32483,21.0214,0,0
1,0.25,7.08087,20.9669,0,0
1,0.25,6.83971,20.9011,0,0
1,0.25,6.60187,20.8241,0,0
1,0.25,6.36787,20.7362,0,0
1,0.25,6.13821,20.6375,0,0
1,0.25,5.91339,20.5282,0,0
1,0.25,5.69389,20.4086,0,0
1,0.25,5.48019,20.2789,0,0
1,0.25,5.27275,20.1394,0,0
1,0.25,5.07202,19.9904,0,0
1,0.25,4.87844,19.8322,0,0
1,0.25,4.69241,19.6653,0,0
1,0.25,4.51436,19.4898,0,0
1,0.25,4.34465,19.3063,0,0
1,0.25,4.18366,19.115,0,0
1,0.25,4.03174,18.9165,0,0
1,0.25,3.88921,18.7111,0,0
1,0.25,3.75639,18.4994,0,0
1,0.25,3.63355,18.2817,0,0
1,0.25,3.52097,18.0585,0,0
1,0.25,3.41889,17.8303,0,0
1,0.25,3.32752,17.5976,0,0
1,0.25,3.24708,17.3609,0,0
1,0.25,3.17772,17.1207,0,0
1,0.25,3.11961,16.8776,0,0
1,0.25,3.07287,16.6321,0,0
1,0.25,3.03759,16.3846,0,0
1,0.25,3.01386,16.1357,0,0
1,0.25,3.00172,15.886,0,0
1,0.25,3.00121,15.6361,0,0
1,0.25,13.5,15.75,0,0
1,0.25,13.4939,15.9999,0,0
1,0.25,13.4756,16.2492,0,0
1,0.25,13.4452,16.4973,0,0
1,0.25,13.4027,16.7437,0,0
1,0.25,13.3483,16.9876,0,0
1,0.25,13.2821,17.2287,0,0
1,0.25,13.2041,17.4662,0,0
1,0.25,13.1147,17.6996,0,0
1,0.25,13.014,17.9284,0,0
1,0.25,12.9022,18.152,0,0
1,0.25,12.7797,18.3699,0,0
1,0.25,12.6467,18.5816,0,0
1,0.25,12.5036,18.7865,0,0
1,0.25,12.3506,18.9842,0,0
1,0.25,12.1882,19.1742,0,0
1,0.25,12.0167,19.3561,0,0
1,0.25,11.8365,19.5294,0,0
1,0.25,11.6481,19.6937,0,0
1,0.25,11.4519,19.8486,0,0
1,0.25,11.2484,19.9937,0,0
1,0.25,11.0381,20.1288,0,0
1,0.25,10.8214,20.2534,0,0
1,0.25,10.5989,20.3674,0,0
1,0.25,10.3711,20.4703,0,0
1,0.25,10.1385,20.562,0,0
1,0.25,9.90179,20.6423,0,0
1,0.25,9.66142,20.7109,0,0
1,0.25,9.41799,20.7677,0,0
1,0.25,9.17208,20.8126,0,0
1,0.25,8.92427,20.8455,0,0
1,0.25,8.67516,20.8662,0,0
1,0.25,8.42533,20.8748,0,0
1,0.25,8.17538,20.8711,0,0
1,0.25,7.92591,20.8553,0,0
1,0.25,7.6775,20.8273,0,0
1,0.25,7.43076,20.7873,0,0
1,0.25,7.18626,20.7352,0,0
1,0.25,6.94459,20.6713,0,0
1,0.25,6.70632,20.5957,0,0
1,0.25,6.47202,20.5086,0,0
1,0.25,6.24225,20.4101,0,0
1,0.25,6.01755,20.3006,0,0
1,0.25,5.79846,20.1802,0,0
1,0.25,5.5855,20.0493,0,0
1,0.25,5.37918,19.9082,0,0
1,0.25,5.17998,19.7572,0,0
1,0.25,4.98839,19.5966,0,0
1,0.25,4.80485,19.4269,0,0
1,0.25,4.62981,19.2485,0,0
1,0.25,4.46368,19.0617,0,0
1,0.25,4.30685,18.867,0,0
1,0.25,4.1597,18.6649,0,0
1,0.25,4.02258,18.4559,0,0
1,0.25,3.89581,18.2405,0,0
1,0.25,3.7797,18.0191,0,0
1,0.25,3.67452,17.7923,0,0
1,0.25,3.58053,17.5607,0,0
1,0.25,3.49794,17.3248,0,0
1,0.25,3.42695,17.0851,0,0
1,0.25,3.36774,16.8422,0,0
1,0.25,3.32044,16.5968,0,0
1,0.25,3.28516,16.3493,0,0
1,0.25,3.26199,16.1004,0,0
1,0.25,3.25099,15.8507,0,0
1,0.25,3.25218,15.6007,0,0
