2452 2 0.25 4000 0.15 2 0 0.001 0 9.81 18 25
0,0.25,1.32051,4.1487,0.290529,1.63947
0,0.25,1.59227,4.1311,0.700721,1.62121
0,0.25,1.6002,4.33468,1.09104,1.66516
0,0.25,1.25275,4.32166,0.746264,1.32216
0,0.25,1.43047,4.52353,0.680882,1.63964
0,0.25,1.27813,4.66896,0.156474,1.33432
0,0.25,1.254,4.87056,-0.20798,1.07852
0,0.25,1.28218,5.09608,-0.0445255,1.04274
0,0.25,1.24048,5.32195,-0.654259,0.446257
0,0.25,1.26569,5.54964,-0.0117795,-0.109732
0,0.25,1.23934,5.78698,0.322444,0.556636
0,0.25,1.25598,6.03317,-0.21597,0.414906
0,0.25,1.24756,6.28245,0.387216,0.71378
0,0.25,1.24351,6.53883,-0.312619,0.623348
0,0.25,1.24477,6.79391,0.0323467,0.655841
0,0.25,1.2315,7.05022,-0.137041,0.606898
0,0.25,1.23336,7.30796,0.0353612,0.871165
0,0.25,1.22374,7.56836,0.065545,0.985572
0,0.25,1.2197,7.83991,0.105791,1.23109
0,0.25,1.2129,8.12101,0.0331746,1.29176
0,0.25,1.20992,8.40753,-0.15676,1.1366
0,0.25,1.21283,8.69208,-0.14991,1.1288
0,0.25,1.23225,8.95818,0.0166973,1.3326
0,0.25,1.23434,9.20372,0.0100524,1.65311
0,0.25,1.22518,9.46462,0.0788062,1.88799
0,0.25,1.22074,9.74523,-0.0985118,2.10101
0,0.25,1.22434,10.0311,-0.222979,2.17049
0,0.25,1.22326,10.3141,-0.275184,2.08065
0,0.25,1.21986,10.6012,-0.341046,1.9445
0,0.25,1.21433,10.8931,-0.0878737,1.77607
0,0.25,1.21065,11.1931,-0.143664,1.84908
0,0.25,1.20696,11.5126,-0.000746399,2.2583
0,0.25,1.19728,11.8491,-0.0485788,2.2283
0,0.25,1.2018,12.2095,-0.111467,2.83533
0,0.25,1.20636,12.5442,-0.323365,3.38967
0,0.25,1.20647,12.8828,-0.254186,3.57065
0,0.25,1.22625,13.2664,1.13593,3.95937
0,0.25,1.23858,13.7477,-1.32059,4.65431
0,0.25,1.23742,14.5201,0.533934,8.31513
0,0.25,1.20767,14.811,-0.453337,9.04131
0,0.25,1.21074,15.3892,1.18032,8.94932
0,0.25,1.28532,15.919,-1.77164,8.60024
0,0.25,1.36759,16.6691,3.62654,14.7731
0,0.25,1.84145,17.8613,4.56495,12.5073
0,0.25,1.88054,18.4272,7.74695,14.2205
0,0.25,2.15453,19.065,8.20776,11.5204
0,0.25,2.26326,19.3801,10.5601,8.06823
0,0.25,2.46458,19.7939,5.24406,7.5465
0,0.25,4.42402,21.3117,11.857,9.43583
0,0.25,4.25928,21.1237,13.1655,9.24187
0,0.25,3.45703,20.8663,5.89717,5.32949
0,0.25,3.59327,21.0809,8.75341,9.15811
0,0.25,5.23121,21.9111,11.9738,6.11717
0,0.25,4.84378,21.8427,9.94814,4.92549
0,0.25,5.02194,21.9714,7.49508,4.14291
0,0.25,5.23124,22.1776,7.5684,2.8708
0,0.25,1.98319,4.29747,1.01584,1.4292
0,0.25,1.80825,4.45037,1.06091,1.51364
0,0.25,1.65995,4.67714,0.577966,1.64163
0,0.25,1.58198,4.84379,0.350536,1.06313
0,0.25,1.5549,5.07273,-0.00731873,0.815191
0,0.25,1.54212,5.28223,-0.144765,0.737393
0,0.25,1.51718,5.51196,-0.112867,0.327367
0,0.25,1.505,5.75347,0.0296571,0.568111
0,0.25,1.49763,5.98827,0.0570423,0.512135
0,0.25,1.48547,6.24694,0.00151482,0.593159
0,0.25,1.48444,6.49395,0.00787021,0.732592
0,0.25,1.47764,6.74755,-0.0413909,0.413913
0,0.25,1.47518,6.99677,0.0631878,0.535064
0,0.25,1.47269,7.23717,0.0875462,0.446813
0,0.25,1.46818,7.47963,0.115758,0.631434
0,0.25,1.45857,7.71374,0.0278984,0.786725
0,0.25,1.4507,7.94961,-0.0375309,1.09119
0,0.25,1.44751,8.18206,-0.0698409,1.25062
0,0.25,1.44487,8.41668,-0.181173,1.4753
0,0.25,1.44422,8.65094,-0.286812,1.47987
0,0.25,1.46314,8.89522,-0.0813812,1.65203
0,0.25,1.48345,9.1433,-0.178543,1.78242
0,0.25,1.45438,9.39502,-0.0977457,1.975
0,0.25,1.43893,9.66052,-0.0821683,2.28206
0,0.25,1.43365,9.93322,-0.266195,2.28014
0,0.25,1.42857,10.2147,-0.346869,2.18786
0,0.25,1.42065,10.5001,-0.363688,1.96612
0,0.25,1.41277,10.7848,-0.34776,1.71437
0,0.25,1.40139,11.0677,-0.386848,1.90213
0,0.25,1.3921,11.3584,-0.326787,2.24183
0,0.25,1.38674,11.6422,-0.618904,2.99732
0,0.25,1.38198,11.9138,-0.218233,3.54598
0,0.25,1.38145,12.1814,-0.0574889,3.58013
0,0.25,1.38402,12.4759,-0.427914,3.85288
0,0.25,1.36776,12.7803,-0.58844,3.68843
0,0.25,1.33459,13.1027,-0.0563387,3.25042
0,0.25,1.2245,13.5145,-0.731828,4.33863
0,0.25,1.21637,14.0695,0.290816,5.31864
0,0.25,1.41654,14.7615,0.104471,8.662
0,0.25,1.30381,15.7459,-0.719456,10.9405
0,0.25,1.30491,16.3817,6.32189,9.56839
0,0.25,1.38021,17.358,3.45508,11.6068
0,0.25,1.6112,18.1081,3.13564,9.81962
0,0.25,1.86681,18.7777,3.0233,14.4248
0,0.25,2.59811,19.5658,5.83914,12.7094
0,0.25,2.32984,19.6268,6.53494,9.47347
0,0.25,3.05505,20.3299,8.38102,8.40024
0,0.25,3.93146,21.0201,11.6755,10.0404
0,0.25,3.90201,21.143,8.49909,8.50058
0,0.25,3.21107,20.7834,8.71342,3.63786
0,0.25,3.93987,21.3763,9.19117,10.7938
0,0.25,4.65188,21.8116,7.86558,6.95781
0,0.25,4.41307,21.7572,7.36687,8.0994
0,0.25,6.25287,22.4191,7.21757,1.11048
0,0.25,5.97018,22.4869,5.65885,3.94184
0,0.25,5.51776,22.3308,9.93126,3.44668
0,0.25,2.1195,4.31067,0.951401,1.19245
0,0.25,1.96969,4.63037,0.63119,1.53176
0,0.25,1.88553,4.86818,0.299884,1.19082
0,0.25,1.82224,5.07115,0.260106,0.990508
0,0.25,1.804,5.31768,0.126335,0.798811
0,0.25,1.77406,5.54467,0.243777,0.887151
0,0.25,1.7609,5.77811,-0.0379451,0.697588
0,0.25,1.75566,6.01649,0.20873,0.79478
0,0.25,1.73589,6.242,-0.0560131,0.835236
0,0.25,1.74316,6.48057,0.0807865,0.782693
0,0.25,1.72672,6.711,0.0432895,0.81192
0,0.25,1.72852,6.94832,0.0344107,0.895085
0,0.25,1.72072,7.18846,0.145293,1.03886
0,0.25,1.71686,7.43403,0.0586687,1.27896
0,0.25,1.71103,7.68179,0.047007,1.52688
0,0.25,1.70299,7.92885,-0.155135,1.64818
0,0.25,1.69324,8.1814,-0.20455,1.74376
0,0.25,1.68255,8.44566,-0.348272,1.76122
0,0.25,1.67493,8.72811,-0.297893,1.66196
0,0.25,1.69347,9.00644,-0.0681271,1.69734
0,0.25,1.67691,9.30795,-0.0646609,1.60423
0,0.25,1.65281,9.5953,-0.225483,1.70592
0,0.25,1.64546,9.88025,-0.332313,1.93143
0,0.25,1.64244,10.1581,-0.459754,1.98004
0,0.25,1.63694,10.4284,-0.499243,1.96244
0,0.25,1.62602,10.6951,-0.56872,2.01411
0,0.25,1.61752,10.9662,-0.589315,2.21424
0,0.25,1.60127,11.2344,-0.756381,2.56404
0,0.25,1.59636,11.5087,-0.736587,3.01854
0,0.25,1.59441,11.7925,-0.517805,3.05304
0,0.25,1.58582,12.0897,-0.20998,3.56399
0,0.25,1.57233,12.4094,-0.720706,4.02919
0,0.25,1.55644,12.7517,-0.349263,4.19493
0,0.25,1.52803,13.097,0.0354696,4.74618
0,0.25,1.44004,13.4241,-0.927772,4.26767
0,0.25,1.37491,13.9129,0.00395857,5.19765
0,0.25,1.27769,14.3539,-1.23442,6.89695
0,0.25,1.24736,15.1007,-0.830599,8.30875
0,0.25,1.26724,16.1614,-2.56952,6.61131
0,0.25,1.44266,17.1274,1.04312,12.512
0,0.25,1.36189,16.8933,2.28222,12.9363
0,0.25,1.73202,18.0344,4.09799,10.7511
0,0.25,2.54893,19.3302,11.487,15.03
0,0.25,3.43356,20.2154,9.75721,13.6512
0,0.25,2.7709,20.013,5.92465,7.49613
0,0.25,3.33126,20.6416,9.03905,8.69574
0,0.25,3.02991,20.4493,8.95325,6.72567
0,0.25,4.67272,21.4498,10.088,8.55973
0,0.25,4.29724,21.5586,9.93375,8.23599
0,0.25,5.60478,22.1296,17.5237,7.09082
0,0.25,6.77051,22.2226,12.4027,5.03352
0,0.25,6.29419,22.2302,12.5556,0.637008
0,0.25,6.23467,22.5874,7.56219,-1.29905
0,0.25,5.78081,22.4374,14.5388,-1.07957
0,0.25,6.53901,22.5524,15.7409,4.80704
0,0.25,6.87247,22.7371,8.0967,0.821419
0,0.25,2.32429,4.39441,0.927095,1.51686
0,0.25,2.1648,4.69495,0.591367,1.36158
0,0.25,2.1298,4.98279,0.226314,1.1864
0,0.25,2.06155,5.2204,0.16986,0.989983
0,0.25,2.05277,5.46396,0.0325588,0.949453
0,0.25,2.03155,5.69832,0.157473,0.865873
0,0.25,2.01322,5.93492,0.0322823,0.843144
0,0.25,2.01586,6.17358,0.150163,0.952698
0,0.25,1.99513,6.40625,0.109667,0.911064
0,0.25,1.99483,6.64706,-0.0216894,0.921131
0,0.25,1.98085,6.88168,0.0660107,0.943228
0,0.25,1.97256,7.12167,-0.0177814,0.973395
0,0.25,1.96208,7.35933,-0.0158812,1.1191
0,0.25,1.95281,7.60061,-0.0325843,1.30887
0,0.25,1.94481,7.84334,-0.103712,1.42061
0,0.25,1.92763,8.08887,-0.174611,1.56036
0,0.25,1.9108,8.33882,-0.241007,1.61931
0,0.25,1.88356,8.59557,-0.217617,1.7383
0,0.25,1.9036,8.85075,-0.183672,1.76632
0,0.25,1.90422,9.109,-0.0631708,1.9571
0,0.25,1.89948,9.35279,-0.196654,2.14304
0,0.25,1.87839,9.59479,-0.304097,2.28297
0,0.25,1.86986,9.83826,-0.431619,2.33716
0,0.25,1.86514,10.09,-0.501504,2.33574
0,0.25,1.85928,10.3461,-0.549954,2.2392
0,0.25,1.85111,10.6045,-0.67126,2.17165
0,0.25,1.83475,10.8623,-0.735522,2.19773
0,0.25,1.8192,11.1334,-0.839903,2.36147
0,0.25,1.80087,11.4111,-0.660391,2.38407
0,0.25,1.78476,11.7121,-0.534214,2.52536
0,0.25,1.77015,12.0262,-0.507034,2.90209
0,0.25,1.74843,12.3412,-0.511119,3.48289
0,0.25,1.72526,12.659,-0.719119,3.79062
0,0.25,1.68866,12.9958,-0.488486,4.19311
0,0.25,1.61543,13.3623,-0.69373,4.96473
0,0.25,1.48739,13.6809,-1.23288,3.82877
0,0.25,1.45813,14.1601,-0.214311,5.90854
0,0.25,1.39601,15.1537,-0.895578,9.71748
0,0.25,1.46065,16.1296,2.11081,10.0803
0,0.25,1.55408,16.8274,3.02176,17.1516
0,0.25,1.69008,17.7355,0.478625,13.3225
0,0.25,1.41358,17.6439,6.65784,10.3683
0,0.25,2.01997,18.994,5.11169,9.94108
0,0.25,2.29233,19.2529,8.35833,8.12124
0,0.25,2.95978,20.131,7.19751,9.67784
0,0.25,3.67224,20.8314,10.1631,9.1361
0,0.25,5.34669,21.5602,16.9425,9.03881
0,0.25,4.76396,21.6062,10.3948,6.86319
0,0.25,4.11069,21.4474,4.69624,6.25295
0,0.25,6.12462,22.0353,11.9924,5.80077
0,0.25,5.42759,22.0371,13.2535,6.01586
0,0.25,6.61083,22.5692,12.0222,4.89757
0,0.25,7.93669,22.8757,15.0395,4.03779
0,0.25,6.94036,22.5402,14.0715,1.39853
0,0.25,7.40836,22.8048,12.6712,-1.09823
0,0.25,10.0711,22.7081,16.1593,-3.82199
0,0.25,2.49616,4.34034,0.845491,1.14989
0,0.25,2.37238,4.67606,0.423294,1.35213
0,0.25,2.33984,4.96783,0.28341,1.31816
0,0.25,2.30094,5.2496,0.224256,1.464
0,0.25,2.29114,5.50768,0.290638,1.31966
0,0.25,2.26699,5.78109,0.176137,1.38598
0,0.25,2.26423,6.02842,0.18211,1.38403
0,0.25,2.25088,6.29163,0.130315,1.22482
0,0.25,2.24613,6.53845,0.0802214,1.22733
0,0.25,2.23548,6.78786,0.0835942,1.1011
0,0.25,2.22588,7.0343,-0.0254526,1.08893
0,0.25,2.2169,7.27773,0.0155343,1.18583
0,0.25,2.2051,7.52076,-0.0761102,1.30001
0,0.25,2.19547,7.76523,-0.0817538,1.46655
0,0.25,2.1787,8.00907,-0.174909,1.65162
0,0.25,2.16157,8.25385,-0.255905,1.79414
0,0.25,2.13543,8.49324,-0.428781,1.87802
0,0.25,2.1319,8.72856,-0.286082,2.02659
0,0.25,2.13727,8.97814,-0.249528,2.17231
0,0.25,2.1391,9.23247,-0.20262,2.32586
0,0.25,2.12625,9.49194,-0.281694,2.40619
0,0.25,2.1102,9.74544,-0.355758,2.4259
0,0.25,2.09862,10.0022,-0.42228,2.43676
0,0.25,2.09083,10.2571,-0.520372,2.34012
0,0.25,2.08008,10.5145,-0.597646,2.31242
0,0.25,2.06458,10.7734,-0.703853,2.26927
0,0.25,2.03492,11.0391,-0.702811,2.24607
0,0.25,2.00876,11.3197,-0.65731,2.38253
0,0.25,1.97775,11.615,-0.470259,2.5636
0,0.25,1.95936,11.9228,-0.591753,2.80942
0,0.25,1.93671,12.2451,-0.708028,2.96413
0,0.25,1.91147,12.589,-0.799,3.56072
0,0.25,1.86914,12.9514,-0.595213,4.29847
0,0.25,1.79466,13.3095,-0.904632,4.99652
0,0.25,1.66453,13.7047,-1.1481,4.48729
0,0.25,1.62359,13.9992,-0.863682,4.66021
0,0.25,1.53381,14.6049,-0.628042,7.97544
0,0.25,1.55956,14.95,-1.41504,10.7727
0,0.25,1.37884,15.5312,-2.54236,10.4694
0,0.25,1.50851,16.4619,5.7226,14.5395
0,0.25,1.57874,17.3459,3.59521,15.4605
0,0.25,2.11804,17.9975,7.65961,14.2924
0,0.25,2.14141,18.7794,6.31106,13.0869
0,0.25,3.01591,19.8929,7.18183,12.6782
0,0.25,3.46856,20.3696,11.4121,11.3629
0,0.25,4.03576,20.8365,11.9214,9.69645
0,0.25,4.8461,21.266,14.6632,9.28512
0,0.25,5.00846,21.5965,11.4411,5.68132
0,0.25,5.54937,21.7971,13.0291,6.04713
0,0.25,5.76189,22.1927,18.5671,7.18006
0,0.25,6.84687,22.3408,14.4701,4.60889
0,0.25,8.47002,22.6949,17.9705,0.851709
0,0.25,8.27493,22.9229,12.5078,-0.974204
0,0.25,8.56937,22.9234,16.0668,-2.00152
0,0.25,8.17142,22.7598,17.765,1.17223
0,0.25,8.94004,22.7775,17.7366,-2.39851
0,0.25,2.68215,4.32862,0.825767,1.04876
0,0.25,2.59765,4.64163,0.443267,1.21934
0,0.25,2.60213,4.90612,0.395371,1.1616
0,0.25,2.53429,5.14379,0.188714,0.905616
0,0.25,2.55658,5.39787,0.234646,0.910201
0,0.25,2.49813,5.63905,0.149887,0.935967
0,0.25,2.52557,5.88086,0.109777,0.962313
0,0.25,2.48688,6.13285,0.212835,1.22371
0,0.25,2.49525,6.38132,0.0236217,1.32237
0,0.25,2.47745,6.63985,0.136772,1.51112
0,0.25,2.47049,6.89614,-0.00945503,1.55701
0,0.25,2.45958,7.15193,-0.0204152,1.66823
0,0.25,2.44925,7.40901,-0.0714995,1.72217
0,0.25,2.43773,7.66213,-0.157401,1.85213
0,0.25,2.42539,7.91506,-0.189051,1.88325
0,0.25,2.40996,8.16243,-0.268728,1.90651
0,0.25,2.39407,8.4037,-0.318751,1.84434
0,0.25,2.38312,8.63722,-0.313862,1.78837
0,0.25,2.37641,8.87154,-0.317057,1.76714
0,0.25,2.37102,9.11409,-0.262816,1.85291
0,0.25,2.35753,9.36719,-0.301372,1.98087
0,0.25,2.34156,9.62578,-0.342504,2.17131
0,0.25,2.32539,9.889,-0.373964,2.32089
0,0.25,2.31843,10.1492,-0.455136,2.36263
0,0.25,2.30825,10.4121,-0.464573,2.46902
0,0.25,2.29063,10.6694,-0.47675,2.39978
0,0.25,2.25503,10.9483,-0.646774,2.42292
0,0.25,2.22022,11.228,-0.555803,2.70341
0,0.25,2.17934,11.5188,-0.426866,2.66025
0,0.25,2.15222,11.8162,-0.575281,2.87953
0,0.25,2.11952,12.1201,-0.492849,2.84673
0,0.25,2.07625,12.4497,-0.782842,2.98991
0,0.25,2.02536,12.8022,-1.22899,3.78845
0,0.25,1.97127,13.1982,-1.2388,4.76944
0,0.25,1.83932,13.59,-1.56749,4.97183
0,0.25,1.81727,13.9159,-1.15781,4.89552
0,0.25,1.5407,14.3553,-1.69657,6.48443
0,0.25,1.73214,14.9721,-0.53696,9.48636
0,0.25,1.55572,15.3951,-1.88045,10.7978
0,0.25,1.62416,16.0149,1.69807,9.85371
0,0.25,1.71357,17.1069,1.87266,15.536
0,0.25,2.00171,18.1729,6.49926,9.67836
0,0.25,2.60619,18.9794,9.36227,14.4929
0,0.25,2.81833,19.6131,9.15972,14.239
0,0.25,3.84152,20.4795,12.2054,10.4954
0,0.25,4.28877,20.7137,14.1236,9.45662
0,0.25,4.31788,20.954,12.753,8.35733
0,0.25,5.55258,21.4409,17.5964,6.34636
0,0.25,5.95376,21.6694,12.917,6.31372
0,0.25,6.51953,21.8213,12.971,4.37582
0,0.25,7.32996,22.5078,15.5386,5.19462
0,0.25,7.68859,22.8215,17.4839,4.89141
0,0.25,9.37766,22.4554,18.0644,-2.66701
0,0.25,9.17107,22.8641,18.6436,-1.33752
0,0.25,9.71751,22.7477,13.7732,-8.01844
0,0.25,10.4021,22.4608,20.0783,0.0113695
0,0.25,2.87563,4.34553,0.796865,0.962877
0,0.25,2.8063,4.65106,0.35654,1.41013
0,0.25,2.82518,4.92663,0.297484,1.30338
0,0.25,2.77782,5.21803,0.303401,1.30267
0,0.25,2.78156,5.48005,0.117323,1.40792
0,0.25,2.75325,5.75203,0.108922,1.24612
0,0.25,2.75044,6.01,0.0639629,1.43244
0,0.25,2.72989,6.26622,0.0204724,1.15848
0,0.25,2.72608,6.51936,0.0319613,1.25856
0,0.25,2.71,6.7669,-0.074111,1.11341
0,0.25,2.70359,7.01739,-0.0246233,1.28156
0,0.25,2.69024,7.26568,-0.0844299,1.37647
0,0.25,2.68191,7.51667,-0.0739697,1.61197
0,0.25,2.66996,7.76781,-0.081641,1.8176
0,0.25,2.65992,8.01915,-0.127739,1.99817
0,0.25,2.64808,8.26865,-0.164168,2.07725
0,0.25,2.63842,8.51498,-0.244048,2.06246
0,0.25,2.62824,8.76051,-0.296984,1.99132
0,0.25,2.61514,9.00687,-0.364246,1.93397
0,0.25,2.5975,9.25637,-0.345215,2.0136
0,0.25,2.57804,9.5077,-0.390377,2.06901
0,0.25,2.55503,9.76682,-0.396782,2.33467
0,0.25,2.54443,10.0278,-0.391631,2.40838
0,0.25,2.52842,10.3067,-0.453376,2.65611
0,0.25,2.5249,10.5748,-0.325694,2.56955
0,0.25,2.47108,10.8475,-0.522416,2.59564
0,0.25,2.44002,11.1289,-0.560902,2.76613
0,0.25,2.3949,11.4079,-0.350206,3.00175
0,0.25,2.35973,11.6914,-0.523189,3.05551
0,0.25,2.33213,11.9742,-0.458725,3.14366
0,0.25,2.29105,12.2568,-0.765753,3.28594
0,0.25,2.2635,12.531,-0.908215,3.84863
0,0.25,2.22256,12.7939,-1.27778,3.99445
0,0.25,2.14862,13.0807,-1.12806,4.19044
0,0.25,2.0197,13.4741,-1.30348,5.27037
0,0.25,2.01663,13.7656,-1.72544,5.18421
0,0.25,1.7515,14.2115,-2.09367,6.72106
0,0.25,1.77639,14.466,-1.80324,6.02303
0,0.25,1.66763,15.2777,-1.54817,10.4716
0,0.25,1.55589,15.813,-3.01331,12.3728
0,0.25,1.69932,16.657,3.72478,15.2494
0,0.25,1.91104,17.6395,3.52934,12.5214
0,0.25,1.8934,18.4158,7.1051,14.9347
0,0.25,2.73534,19.3176,7.89643,13.7024
0,0.25,2.72625,19.8517,6.74948,12.0507
0,0.25,3.50832,20.5738,9.95082,10.7149
0,0.25,4.58181,21.1962,14.0509,10.2229
0,0.25,5.19319,21.4029,12.4004,7.77869
0,0.25,5.20506,21.6772,13.5582,6.39242
0,0.25,5.77858,21.8695,17.5187,7.96158
0,0.25,7.16605,22.3333,16.9836,5.57852
0,0.25,7.18356,22.6615,14.7948,2.84957
0,0.25,8.81713,22.7451,12.9224,-0.696631
0,0.25,10.2062,22.3396,21.2494,-2.2634
0,0.25,10.081,22.4917,21.0571,-2.558
0,0.25,9.84211,22.5025,18.6238,1.14472
0,0.25,3.06064,4.34745,0.671966,1.04408
0,0.25,3.03751,4.61811,0.197899,1.21864
0,0.25,3.06268,4.87879,0.352369,1.01911
0,0.25,2.99508,5.14528,0.0373223,0.963773
0,0.25,3.03855,5.38915,0.268763,0.989167
0,0.25,2.97389,5.64343,0.124743,0.922794
0,0.25,3.01219,5.88643,0.074274,1.01489
0,0.25,2.96783,6.13451,0.250232,0.963179
0,0.25,2.97906,6.38226,-0.121879,1.16098
0,0.25,2.96178,6.62795,0.155524,1.1549
0,0.25,2.94845,6.87773,-0.151438,1.31328
0,0.25,2.9426,7.1253,-0.068204,1.42885
0,0.25,2.92396,7.37461,-0.185407,1.62335
0,0.25,2.91714,7.62575,-0.220304,1.86662
0,0.25,2.90158,7.87712,-0.244222,2.04477
0,0.25,2.89186,8.13037,-0.292325,2.23228
0,0.25,2.87839,8.38431,-0.258399,2.30631
0,0.25,2.86634,8.64072,-0.293239,2.37459
0,0.25,2.85259,8.90001,-0.243559,2.39834
0,0.25,2.83487,9.15802,-0.395822,2.4058
0,0.25,2.81565,9.41687,-0.342338,2.37961
0,0.25,2.78642,9.67266,-0.548755,2.43491
0,0.25,2.76759,9.93286,-0.345553,2.46687
0,0.25,2.73775,10.1997,-0.471061,2.47576
0,0.25,2.73646,10.4719,-0.122141,2.45346
0,0.25,2.69851,10.7563,-0.365617,2.63541
0,0.25,2.66118,11.02,-0.415661,2.79907
0,0.25,2.6217,11.2949,-0.415986,2.85178
0,0.25,2.57818,11.5697,-0.380733,2.89689
0,0.25,2.55168,11.8431,-0.534269,2.97272
0,0.25,2.51667,12.1153,-0.553725,3.05292
0,0.25,2.48193,12.3858,-0.911651,3.2087
0,0.25,2.44227,12.6782,-0.887008,3.72304
0,0.25,2.366,12.994,-1.43143,4.06219
0,0.25,2.22285,13.3062,-2.15891,5.15162
0,0.25,2.22641,13.5714,-1.96774,5.32297
0,0.25,1.98565,14.0435,-2.8306,5.87424
0,0.25,1.97225,14.298,-1.15974,5.86422
0,0.25,1.75912,14.7031,-2.6744,9.21504
0,0.25,1.87036,15.2053,-1.18315,10.3464
0,0.25,1.68755,16.3604,0.922046,12.3833
0,0.25,1.86449,17.3985,2.31534,14.6753
0,0.25,2.21652,18.3327,10.1949,14.0729
0,0.25,2.45027,19.0658,8.72983,11.8662
0,0.25,3.6993,20.0346,11.8421,11.7918
0,0.25,4.05206,20.5909,12.2263,10.5993
0,0.25,4.64602,21.0146,15.0248,10.4766
0,0.25,5.43725,21.2002,16.7885,6.77137
0,0.25,5.66298,21.645,17.0236,5.49973
0,0.25,5.99335,21.9073,12.8356,7.5496
0,0.25,7.37587,22.2177,16.3589,4.93409
0,0.25,7.5603,22.6777,17.6794,2.599
0,0.25,8.46053,22.3498,19.4732,-0.279759
0,0.25,8.82159,22.517,17.3429,-2.02614
0,0.25,9.6111,22.718,14.5417,-2.80788
0,0.25,9.36862,22.7341,14.917,-3.00441
0,0.25,3.26251,4.36542,0.195287,1.13372
0,0.25,3.27996,4.62818,0.226311,1.15945
0,0.25,3.28149,4.91376,0.228117,1.2542
0,0.25,3.25034,5.18118,0.0824956,1.26197
0,0.25,3.26887,5.44452,0.104218,1.26641
0,0.25,3.23104,5.71139,-0.0613572,1.26048
0,0.25,3.24406,5.97074,0.0153188,1.38966
0,0.25,3.20895,6.23376,-0.083647,1.35889
0,0.25,3.21837,6.48858,-0.0417308,1.38578
0,0.25,3.19026,6.74702,-0.0714767,1.37692
0,0.25,3.18967,6.99849,-0.158244,1.41266
0,0.25,3.1695,7.25364,-0.112374,1.52695
0,0.25,3.16192,7.50625,-0.173836,1.71685
0,0.25,3.14578,7.76161,-0.167069,1.89031
0,0.25,3.13459,8.01792,-0.242241,2.10261
0,0.25,3.11888,8.27485,-0.264802,2.16247
0,0.25,3.10522,8.53143,-0.324297,2.19882
0,0.25,3.08746,8.78607,-0.355313,2.1187
0,0.25,3.07392,9.04056,-0.326827,2.16296
0,0.25,3.05066,9.29181,-0.359891,2.16565
0,0.25,3.03717,9.54302,-0.23528,2.23669
0,0.25,3.00683,9.785,-0.39645,2.17236
0,0.25,3.00357,10.0234,-0.102153,2.14376
0,0.25,2.96384,10.2489,-0.452522,2.08671
0,0.25,2.9838,10.485,-0.00959181,2.20644
0,0.25,2.92738,10.7015,-0.448435,2.26112
0,0.25,2.90291,10.953,-0.43664,2.61489
0,0.25,2.85706,11.1944,-0.396615,2.89484
0,0.25,2.81148,11.451,-0.388902,2.88858
0,0.25,2.77795,11.7125,-0.546774,3.00291
0,0.25,2.74544,11.9756,-0.519278,2.95173
0,0.25,2.70839,12.2467,-0.578952,3.07291
0,0.25,2.66195,12.5186,-0.8447,3.20882
0,0.25,2.58703,12.8252,-1.3261,3.88593
0,0.25,2.48553,13.147,-1.99416,4.79239
0,0.25,2.43603,13.401,-2.00499,3.99031
0,0.25,2.22261,13.8274,-2.12892,6.14964
0,0.25,2.19041,14.1268,-2.32246,5.59273
0,0.25,1.99689,14.5166,-3.87037,5.67687
0,0.25,1.94109,14.8172,-3.51613,8.4972
0,0.25,1.68329,15.6513,-2.30507,11.5155
0,0.25,1.81894,16.9608,2.42748,15.5411
0,0.25,2.28711,18.113,6.56623,16.5022
0,0.25,2.15898,18.6382,6.40518,15.8216
0,0.25,3.12949,19.5074,8.90098,11.9671
0,0.25,3.28159,19.996,10.553,11.9057
0,0.25,3.81595,20.6631,12.6224,9.68339
0,0.25,5.07152,21.2669,13.4529,10.6347
0,0.25,6.18941,21.5736,17.1414,7.36581
0,0.25,6.7169,21.8253,17.9524,4.3086
0,0.25,6.46474,22.259,14.2083,2.05667
0,0.25,7.75772,22.374,20.3268,4.1172
0,0.25,8.1423,22.5004,18.2572,2.8285
0,0.25,9.10152,22.2979,21.436,-3.51933
0,0.25,9.31371,22.4179,19.9433,-2.69172
0,0.25,9.69809,22.3597,19.8184,-3.15894
0,0.25,3.49325,4.35744,0.0186926,1.0489
0,0.25,3.50714,4.61971,0.129561,1.15281
0,0.25,3.51349,4.87934,0.201213,0.976598
0,0.25,3.48036,5.14108,-0.0205665,1.11178
0,0.25,3.5071,5.38701,0.0803664,0.914421
0,0.25,3.4594,5.64589,0.0573496,1.03702
0,0.25,3.48798,5.88919,0.0418423,0.973895
0,0.25,3.447,6.14196,0.0527688,1.00247
0,0.25,3.45954,6.38359,-0.0558904,1.07048
0,0.25,3.43393,6.63361,0.0359079,1.06085
0,0.25,3.42876,6.87707,-0.129057,1.20724
0,0.25,3.41172,7.12755,-0.0776866,1.33307
0,0.25,3.3991,7.37812,-0.223937,1.6289
0,0.25,3.38422,7.63261,-0.244558,1.81322
0,0.25,3.37095,7.88769,-0.261884,2.04983
0,0.25,3.35926,8.14088,-0.277889,2.071
0,0.25,3.34485,8.39345,-0.302085,2.13015
0,0.25,3.33358,8.64327,-0.309589,2.10111
0,0.25,3.31595,8.89069,-0.326322,2.09718
0,0.25,3.3043,9.13785,-0.321011,2.14767
0,0.25,3.2827,9.38183,-0.304775,2.19306
0,0.25,3.27364,9.62406,-0.298823,2.33285
0,0.25,3.24726,9.86402,-0.261697,2.32302
0,0.25,3.25409,10.1033,-0.233021,2.3741
0,0.25,3.20802,10.3336,-0.311274,2.28748
0,0.25,3.23583,10.5847,-0.25976,2.44957
0,0.25,3.14682,10.8113,-0.513538,2.40938
0,0.25,3.12031,11.0759,-0.599036,2.57171
0,0.25,3.06701,11.3241,-0.482497,2.78241
0,0.25,3.01681,11.5746,-0.566375,2.79463
0,0.25,2.98519,11.8316,-0.59005,2.76547
0,0.25,2.94131,12.0909,-0.62047,2.68878
0,0.25,2.8989,12.3601,-0.696624,3.20302
0,0.25,2.81942,12.6471,-1.08044,3.66368
0,0.25,2.72908,12.9522,-1.52473,3.96172
0,0.25,2.667,13.2533,-1.51639,4.35873
0,0.25,2.48914,13.5934,-3.2697,4.92569
0,0.25,2.38874,13.8909,-2.87665,5.92029
0,0.25,2.2912,14.2511,-2.71758,7.11853
0,0.25,2.1716,14.675,-3.29762,7.19143
0,0.25,1.83092,15.6278,-3.01012,11.7346
0,0.25,1.8402,16.2041,3.01558,14.1533
0,0.25,2.02792,17.3994,2.12179,14.844
0,0.25,2.60218,18.6618,7.54468,16.2568
0,0.25,2.9062,19.3191,11.4206,15.1048
0,0.25,3.94407,20.0569,12.7782,12.908
0,0.25,4.53639,20.6001,13.4011,8.59691
0,0.25,4.52519,20.8471,13.5592,9.00476
0,0.25,5.95185,21.43,14.0489,7.33049
0,0.25,6.29352,21.7217,16.0838,7.60805
0,0.25,6.71406,22.0523,13.1789,5.05264
0,0.25,7.10257,22.0588,17.8129,4.39103
0,0.25,7.6144,22.326,18.5816,4.26039
0,0.25,8.25699,22.1652,19.8523,0.582616
0,0.25,8.82475,22.3902,20.3875,-1.0818
0,0.25,8.58803,22.2807,20.4017,1.13715
0,0.25,3.74163,4.3733,0.00272965,1.18866
0,0.25,3.75219,4.62849,0.070616,1.16315
0,0.25,3.74912,4.89645,0.0327459,1.13039
0,0.25,3.73587,5.15204,-0.030618,1.11132
0,0.25,3.74782,5.41399,-0.0136993,1.13695
0,0.25,3.71563,5.6699,-0.167499,1.14201
0,0.25,3.73121,5.9253,-0.0977262,1.21271
0,0.25,3.69682,6.17724,-0.098756,1.21063
0,0.25,3.70915,6.42697,-0.0402951,1.26461
0,0.25,3.6802,6.67094,-0.0527273,1.07813
0,0.25,3.68324,6.91153,-0.0842591,1.08234
0,0.25,3.6607,7.14345,-0.0869019,0.911728
0,0.25,3.65548,7.37392,-0.182969,0.90629
0,0.25,3.63982,7.59813,-0.0795972,1.03317
0,0.25,3.6264,7.825,-0.285035,1.15724
0,0.25,3.61673,8.05278,-0.212875,1.37677
0,0.25,3.59823,8.28285,-0.363949,1.53416
0,0.25,3.58579,8.51673,-0.332272,1.65743
0,0.25,3.57214,8.75246,-0.394157,1.74082
0,0.25,3.55387,8.98902,-0.311104,1.83434
0,0.25,3.54017,9.22962,-0.376357,1.93259
0,0.25,3.52322,9.46755,-0.324401,2.049
0,0.25,3.5099,9.71097,-0.28027,2.1406
0,0.25,3.48928,9.94654,-0.294293,2.11825
0,0.25,3.49148,10.1919,-0.179954,2.03752
0,0.25,3.44112,10.4197,-0.306838,1.98843
0,0.25,3.43419,10.6973,-0.459278,2.13439
0,0.25,3.34789,10.9434,-0.553893,2.47428
0,0.25,3.32241,11.2037,-0.620438,2.37579
0,0.25,3.27257,11.4578,-0.560524,2.27111
0,0.25,3.22716,11.6994,-0.572388,2.21802
0,0.25,3.18481,11.9542,-0.731917,2.30515
0,0.25,3.1356,12.2132,-0.621226,2.36767
0,0.25,3.07145,12.4825,-0.923566,2.89708
0,0.25,2.98393,12.7511,-1.24649,3.2746
0,0.25,2.88023,13.0651,-1.44005,3.95708
0,0.25,2.78668,13.4101,-2.34378,4.20886
0,0.25,2.61121,13.7363,-2.7507,4.57848
0,0.25,2.51777,14.1234,-2.37959,5.78191
0,0.25,2.29252,14.4757,-6.003,5.97643
0,0.25,2.02778,15.0396,-2.09164,8.84213
0,0.25,1.83779,15.9583,-0.400386,12.6889
0,0.25,1.95826,16.686,3.89147,15.6336
0,0.25,2.14127,17.6946,5.16397,15.0393
0,0.25,2.4379,18.8117,5.70561,15.1345
0,0.25,3.12836,19.7085,6.5226,11.3718
0,0.25,3.75468,20.2399,10.7906,12.2651
0,0.25,4.94995,20.8872,14.6715,8.96823
0,0.25,5.68096,21.0207,14.894,8.74049
0,0.25,5.70017,21.2767,17.0042,7.87045
0,0.25,6.5291,21.5902,14.9586,4.91766
0,0.25,7.26591,21.7732,16.885,3.9576
0,0.25,7.45679,21.9951,20.2646,1.37502
0,0.25,7.8689,22.0738,17.7562,1.92696
0,0.25,7.92142,22.4619,19.6567,4.44352
0,0.25,8.03913,22.1675,19.1054,1.61939
0,0.25,3.98242,4.36869,-0.0499841,1.16672
0,0.25,3.98446,4.62668,0.0123975,1.20494
0,0.25,3.98597,4.88066,-0.0206311,1.05118
0,0.25,3.96652,5.13703,-0.0491969,1.12047
0,0.25,3.98206,5.3884,-0.0295181,0.977935
0,0.25,3.94802,5.64521,-0.07257,1.13634
0,0.25,3.96511,5.89608,-0.0132413,1.19766
0,0.25,3.93472,6.15483,-0.0268278,1.31773
0,0.25,3.94263,6.40415,0.0148408,1.28679
0,0.25,3.92264,6.66314,0.0623605,1.38412
0,0.25,3.92401,6.91001,0.14124,1.28905
0,0.25,3.91204,7.16869,0.124927,1.39039
0,0.25,3.90865,7.41216,0.0168965,1.41488
0,0.25,3.89431,7.66706,-0.131798,1.52627
0,0.25,3.88314,7.90617,-0.244741,1.56641
0,0.25,3.86684,8.15088,-0.325518,1.58602
0,0.25,3.85114,8.38696,-0.390936,1.60692
0,0.25,3.83301,8.62275,-0.419045,1.62708
0,0.25,3.81794,8.86031,-0.435219,1.65103
0,0.25,3.79374,9.0962,-0.422511,1.80458
0,0.25,3.78513,9.33585,-0.400798,1.90704
0,0.25,3.75721,9.57507,-0.351981,1.99426
0,0.25,3.75498,9.82022,-0.36535,2.10719
0,0.25,3.73066,10.052,-0.24449,1.94918
0,0.25,3.7417,10.2911,-0.244557,1.91911
0,0.25,3.66888,10.5077,-0.491603,1.78414
0,0.25,3.69264,10.719,-0.639515,1.90796
0,0.25,3.5791,10.9437,-0.544099,1.88898
0,0.25,3.59784,11.1634,-0.592397,2.08552
0,0.25,3.51225,11.3746,-0.60584,1.96036
0,0.25,3.49373,11.6249,-0.805389,1.9213
0,0.25,3.42608,11.8495,-0.839359,2.12525
0,0.25,3.37572,12.1138,-0.888338,1.83274
0,0.25,3.31559,12.3694,-0.98162,2.32047
0,0.25,3.23758,12.6315,-1.23262,2.68282
0,0.25,3.10157,12.9264,-1.50361,3.43283
0,0.25,3.00582,13.2337,-1.92159,4.30517
0,0.25,2.84382,13.573,-2.81445,4.27604
0,0.25,2.67376,13.934,-4.10759,5.89855
0,0.25,2.61725,14.2874,-4.00182,7.14562
0,0.25,2.211,14.8487,-4.00519,9.84164
0,0.25,1.97442,15.4073,-4.59369,13.5261
0,0.25,1.88232,16.4499,1.04881,16.3505
0,0.25,2.07011,17.0993,2.20645,16.4177
0,0.25,2.43611,18.5281,5.50972,16.3753
0,0.25,2.89822,19.0892,7.95941,13.6023
0,0.25,3.44002,19.7206,11.3055,12.3808
0,0.25,3.84548,19.7211,10.4181,11.8121
0,0.25,4.85249,20.6832,13.9325,10.1071
0,0.25,4.95912,21.0372,15.3573,9.83893
0,0.25,5.88475,21.0667,15.6167,8.56815
0,0.25,6.17786,21.3003,15.0113,8.14948
0,0.25,7.01338,21.6896,17.1054,6.47217
0,0.25,7.42041,21.8207,18.5466,1.82157
0,0.25,7.73236,22.0406,18.483,4.07715
0,0.25,7.01445,21.9619,17.3363,3.30812
0,0.25,4.23329,4.3698,-0.0234496,1.24062
0,0.25,4.23449,4.61916,0.101204,1.09738
0,0.25,4.23269,4.87818,-0.000154958,0.919315
0,0.25,4.22269,5.12647,-0.203813,0.95711
0,0.25,4.22906,5.38153,-0.154335,0.833035
0,0.25,4.20143,5.62619,-0.304964,0.882595
0,0.25,4.22049,5.87065,-0.115637,0.844027
0,0.25,4.18171,6.10856,-0.352429,0.792123
0,0.25,4.20419,6.34409,0.0284341,0.842432
0,0.25,4.1642,6.57809,-0.254949,0.746867
0,0.25,4.186,6.8084,0.0670442,0.737066
0,0.25,4.14541,7.04412,-0.174245,0.834565
0,0.25,4.16378,7.27663,-0.0193954,0.927156
0,0.25,4.13096,7.51871,-0.0551209,1.19035
0,0.25,4.13615,7.75972,-0.212955,1.45877
0,0.25,4.11487,8.00591,-0.187395,1.68935
0,0.25,4.1061,8.2518,-0.388322,1.86975
0,0.25,4.08941,8.49521,-0.381554,1.93022
0,0.25,4.07109,8.73994,-0.426598,1.92812
0,0.25,4.05549,8.97969,-0.472924,1.95456
0,0.25,4.03147,9.2205,-0.419975,1.96596
0,0.25,4.01924,9.46333,-0.489481,2.03075
0,0.25,3.98994,9.70297,-0.452218,2.05252
0,0.25,3.99139,9.95341,-0.352772,2.01576
0,0.25,3.97226,10.1881,-0.291479,1.89435
0,0.25,3.95252,10.4484,-0.398253,1.77674
0,0.25,3.96755,10.6493,-0.726,1.61351
0,0.25,3.85394,10.8941,-0.43909,1.7261
0,0.25,3.86089,11.1085,-1.07142,1.79762
0,0.25,3.803,11.3419,-0.49286,2.05224
0,0.25,3.72703,11.5511,-1.06746,1.86375
0,0.25,3.70354,11.8007,-1.05138,1.77914
0,0.25,3.60343,12.022,-0.796398,1.85437
0,0.25,3.56965,12.2764,-0.974914,1.548
0,0.25,3.49032,12.5169,-1.16715,2.12324
0,0.25,3.34419,12.8048,-1.51698,2.16764
0,0.25,3.25445,13.0764,-1.63895,2.92191
0,0.25,3.15106,13.347,-1.79455,3.62518
0,0.25,3.10453,13.5837,-1.64259,2.93835
0,0.25,2.92414,13.777,-3.57191,3.89901
0,0.25,2.83691,14.0575,-3.077,2.92146
0,0.25,2.51574,14.4816,-3.99966,4.75003
0,0.25,2.27923,15.1434,-3.78351,11.0269
0,0.25,2.06198,15.8633,-0.720128,15.4204
0,0.25,2.07693,16.8319,2.36889,15.5082
0,0.25,2.39488,17.6286,4.78712,16.7182
0,0.25,2.90209,18.6226,7.65312,16.6305
0,0.25,3.39458,19.4796,9.28042,13.4697
0,0.25,3.50635,19.915,10.8069,13.1767
0,0.25,4.28168,20.49,13.7409,10.7203
0,0.25,4.56669,20.3546,14.1051,11.0085
0,0.25,4.98456,20.5724,13.9025,10.4065
0,0.25,5.28203,20.8259,13.568,9.17698
0,0.25,6.48105,21.3605,14.9369,7.55424
0,0.25,6.90062,21.6295,18.095,6.18038
0,0.25,6.07324,21.1973,14.9736,8.17229
0,0.25,4.4746,4.37192,-0.103002,1.36072
0,0.25,4.46974,4.62633,-0.086931,1.28064
0,0.25,4.47093,4.88146,-0.0988782,0.921813
0,0.25,4.45473,5.13198,-0.128451,1.07142
0,0.25,4.46523,5.39027,-0.109365,1.12006
0,0.25,4.4409,5.64477,-0.162167,1.29757
0,0.25,4.45273,5.90534,-0.0686684,1.4038
0,0.25,4.43175,6.16313,-0.0773911,1.5407
0,0.25,4.4379,6.42036,-0.0618906,1.47167
0,0.25,4.42312,6.67316,-0.052504,1.3872
0,0.25,4.42005,6.92216,-0.0671234,1.27301
0,0.25,4.40879,7.16352,-0.086064,1.05779
0,0.25,4.39978,7.40692,-0.135408,1.1088
0,0.25,4.3854,7.63944,-0.226552,1.04524
0,0.25,4.37558,7.87912,-0.202454,1.23391
0,0.25,4.3576,8.11306,-0.328873,1.4013
0,0.25,4.34926,8.35132,-0.337601,1.57098
0,0.25,4.32656,8.59033,-0.389704,1.73003
0,0.25,4.31582,8.82803,-0.475689,1.82988
0,0.25,4.29573,9.06723,-0.389466,1.88135
0,0.25,4.27349,9.30431,-0.507645,1.96784
0,0.25,4.26773,9.53896,-0.453703,1.99447
0,0.25,4.22812,9.77223,-0.474881,1.94349
0,0.25,4.2522,9.99707,-0.465555,1.89258
0,0.25,4.20819,10.229,-0.322029,1.80986
0,0.25,4.21462,10.4457,-0.482752,1.79795
0,0.25,4.25507,10.6595,-0.337172,1.65171
0,0.25,4.10319,10.86,-0.613574,1.59439
0,0.25,4.18332,11.0366,-0.82851,1.60576
0,0.25,4.05383,11.2542,-0.745887,1.40291
0,0.25,4.07373,11.4647,-0.880648,1.4041
0,0.25,3.94708,11.655,-1.11596,1.35384
0,0.25,3.9822,11.8592,-0.58105,1.08614
0,0.25,3.84701,12.04,-0.637459,0.858983
0,0.25,3.8232,12.2533,-0.987815,1.08788
0,0.25,3.75326,12.4703,-1.47141,1.20884
0,0.25,3.6096,12.6974,-1.28212,1.74452
0,0.25,3.51047,12.9515,-1.58451,1.82609
0,0.25,3.40981,13.2163,-2.186,2.33084
0,0.25,3.35526,13.4826,-1.48828,2.62373
0,0.25,3.2795,13.727,-3.02784,3.18811
0,0.25,3.0655,13.9184,-3.80966,3.74
0,0.25,2.92028,14.2543,-2.87203,2.69732
0,0.25,2.60854,14.6314,-5.16157,6.164
0,0.25,2.08798,15.6354,-2.34048,12.5843
0,0.25,2.16596,16.4659,2.1249,16.5253
0,0.25,2.24446,17.2567,2.56155,15.1675
0,0.25,2.4643,18.3091,5.3164,17.5747
0,0.25,2.79206,18.8736,6.28916,15.4476
0,0.25,3.62824,19.5368,10.8028,12.3657
0,0.25,4.0132,19.8764,11.8831,11.9344
0,0.25,4.05804,20.2696,12.4339,13.4166
0,0.25,4.71189,20.4223,13.5385,10.0038
0,0.25,5.19957,20.7635,13.7417,9.89372
0,0.25,5.27048,21.1255,15.2047,7.39157
0,0.25,4.34343,20.227,13.4258,10.2607
0,0.25,4.72911,4.35513,-0.0885355,1.20574
0,0.25,4.72288,4.60455,-0.203642,0.991532
0,0.25,4.72328,4.8563,-0.357345,0.663743
0,0.25,4.70764,5.10307,-0.421079,0.789623
0,0.25,4.71518,5.34857,-0.299128,0.625879
0,0.25,4.68981,5.59038,-0.489344,0.685709
0,0.25,4.7071,5.82466,-0.188431,0.701546
0,0.25,4.67431,6.06594,-0.548167,0.817889
0,0.25,4.69028,6.29802,-0.158134,0.955574
0,0.25,4.66243,6.54051,-0.339426,1.04082
0,0.25,4.66978,6.77901,-0.204434,1.17224
0,0.25,4.65246,7.0228,-0.0708744,1.18869
0,0.25,4.64924,7.26433,-0.163146,1.2006
0,0.25,4.64174,7.50611,-0.0421729,1.26289
0,0.25,4.62757,7.74687,-0.216239,1.32713
0,0.25,4.62052,7.98575,-0.290257,1.49946
0,0.25,4.60208,8.22415,-0.349842,1.58048
0,0.25,4.58832,8.46338,-0.443928,1.76742
0,0.25,4.57025,8.6996,-0.453884,1.84029
0,0.25,4.55375,8.93985,-0.448407,1.92542
0,0.25,4.53409,9.17756,-0.511816,2.00355
0,0.25,4.52187,9.413,-0.511178,2.0124
0,0.25,4.49836,9.65441,-0.527519,2.02818
0,0.25,4.49965,9.88026,-0.503476,1.93761
0,0.25,4.47477,10.1223,-0.515667,1.87564
0,0.25,4.47412,10.3526,-0.494718,1.86311
0,0.25,4.51316,10.5592,-0.199079,1.70728
0,0.25,4.42148,10.8085,-0.618711,1.80251
0,0.25,4.45993,11.0177,-0.62548,1.82168
0,0.25,4.32486,11.2357,-0.553421,1.57959
0,0.25,4.37436,11.4286,-0.910195,1.73065
0,0.25,4.24245,11.6344,-1.08836,1.23939
0,0.25,4.29217,11.8168,-0.960962,1.10823
0,0.25,4.16453,12.0205,-0.617638,1.40042
0,0.25,4.10572,12.2016,-1.52536,1.29537
0,0.25,4.03978,12.4198,-1.09246,1.34433
0,0.25,3.93367,12.6262,-2.09271,1.49168
0,0.25,3.77486,12.8282,-1.56884,2.0537
0,0.25,3.89677,13.0182,-1.011,1.94533
0,0.25,3.66006,13.109,-1.72131,1.8394
0,0.25,3.5804,13.3692,-1.92837,1.65077
0,0.25,3.57692,13.6075,-2.59077,1.77177
0,0.25,3.4267,13.8548,-2.9704,3.02432
0,0.25,3.23048,14.0384,-2.58715,2.7765
0,0.25,2.85878,14.4108,-6.55179,5.07937
0,0.25,2.39639,14.863,-4.97052,5.80775
0,0.25,2.16794,15.325,-4.91746,11.4355
0,0.25,2.28802,17.0625,2.94311,16.7277
0,0.25,2.42479,17.8757,4.44964,15.643
0,0.25,2.70003,18.4028,6.62541,17.0608
0,0.25,2.99892,18.6823,6.303,15.4408
0,0.25,3.14149,18.9529,6.93033,15.6071
0,0.25,3.17527,19.1421,7.73357,15.5052
0,0.25,3.78162,19.5598,10.1742,11.4603
0,0.25,4.22313,20.1351,12.6039,11.9963
0,0.25,3.37525,19.2087,8.70938,13.8959
0,0.25,4.96789,4.36694,-0.201226,1.29166
0,0.25,4.95866,4.62134,-0.290945,1.13162
0,0.25,4.95896,4.87753,-0.180206,0.903974
0,0.25,4.9465,5.12948,-0.269091,1.13271
0,0.25,4.95074,5.39076,-0.272319,1.24994
0,0.25,4.93817,5.64543,-0.303295,1.33456
0,0.25,4.94134,5.90957,-0.254778,1.5112
0,0.25,4.93178,6.15892,-0.329643,1.45073
0,0.25,4.92784,6.41887,-0.330156,1.45028
0,0.25,4.92142,6.65817,-0.298964,1.28399
0,0.25,4.91115,6.90447,-0.304533,1.13629
0,0.25,4.90443,7.14113,-0.302565,1.07318
0,0.25,4.89383,7.37717,-0.232926,0.975832
0,0.25,4.88324,7.61467,-0.261286,1.06949
0,0.25,4.87389,7.84775,-0.258958,1.17677
0,0.25,4.86054,8.08535,-0.247224,1.3379
0,0.25,4.84786,8.31917,-0.388306,1.53909
0,0.25,4.83365,8.55416,-0.319891,1.62864
0,0.25,4.81546,8.78805,-0.46043,1.72956
0,0.25,4.80262,9.0188,-0.451636,1.78881
0,0.25,4.78432,9.2484,-0.453095,1.75227
0,0.25,4.76959,9.47851,-0.5587,1.82943
0,0.25,4.75751,9.7006,-0.455947,1.75255
0,0.25,4.75244,9.92922,-0.491285,1.69283
0,0.25,4.72715,10.1505,-0.482714,1.70972
0,0.25,4.7455,10.3641,-0.472173,1.6282
0,0.25,4.77667,10.598,0.00681036,1.67457
0,0.25,4.67428,10.7958,-0.467743,1.60698
0,0.25,4.75891,10.9874,-0.433815,1.61318
0,0.25,4.60589,11.2008,-0.502168,1.68116
0,0.25,4.69899,11.3717,-0.611188,1.68944
0,0.25,4.5486,11.5774,-0.524539,1.35991
0,0.25,4.56269,11.7812,-0.981078,1.17562
0,0.25,4.43689,12.0174,-0.973277,1.13501
0,0.25,4.44862,12.2142,-1.15708,1.27664
0,0.25,4.2984,12.3822,-0.895335,1.29187
0,0.25,4.25676,12.5952,-2.63699,1.77822
0,0.25,4.07524,12.7797,-2.29466,1.86586
0,0.25,4.13083,13.0175,-0.920311,1.53424
0,0.25,3.8376,13.265,-1.86544,1.625
0,0.25,4.07448,13.2614,-1.77683,1.78691
0,0.25,3.82177,13.4955,-2.35292,1.72155
0,0.25,3.71441,13.767,-3.53953,2.19374
0,0.25,3.53168,14.023,-4.1598,3.6593
0,0.25,3.19168,14.2353,-4.94238,3.03358
0,0.25,3.22147,14.4396,-3.36659,3.11674
0,0.25,2.7402,14.7644,-4.82672,6.2313
0,0.25,2.06331,16.1235,-1.931,15.0698
0,0.25,2.63558,17.6481,5.37916,16.0817
0,0.25,2.71463,17.8052,5.35125,14.9656
0,0.25,2.35391,16.6493,1.48366,14.4701
0,0.25,2.51672,17.1963,4.10672,15.4303
0,0.25,2.30821,16.7791,1.93952,14.7509
0,0.25,2.7644,18.0342,6.03224,16.126
0,0.25,2.85689,18.3045,6.4351,15.9292
0,0.25,2.58074,17.3597,4.68052,15.7927
0,0.25,5.22605,4.33202,-0.134676,0.922348
0,0.25,5.21012,4.58367,-0.440533,0.829393
0,0.25,5.20935,4.83214,-0.391682,0.601492
0,0.25,5.19814,5.07963,-0.354611,0.620531
0,0.25,5.19284,5.31826,-0.410085,0.493791
0,0.25,5.19446,5.56222,-0.36389,0.630887
0,0.25,5.17564,5.79421,-0.501798,0.727655
0,0.25,5.19073,6.03612,-0.43164,0.886928
0,0.25,5.16027,6.27518,-0.478802,1.17723
0,0.25,5.17818,6.51673,-0.476719,1.32559
0,0.25,5.15499,6.76309,-0.348948,1.37433
0,0.25,5.15956,7.00422,-0.370368,1.3595
0,0.25,5.14703,7.24565,-0.282264,1.24241
0,0.25,5.14087,7.48324,-0.298384,1.21654
0,0.25,5.13108,7.71726,-0.246502,1.16465
0,0.25,5.11976,7.95241,-0.311274,1.32744
0,0.25,5.1085,8.18438,-0.317065,1.43855
0,0.25,5.09439,8.41919,-0.337231,1.63126
0,0.25,5.08075,8.65199,-0.400252,1.75864
0,0.25,5.06645,8.88347,-0.40244,1.80288
0,0.25,5.0527,9.11521,-0.405317,1.82263
0,0.25,5.03691,9.34296,-0.498792,1.84167
0,0.25,5.02843,9.57015,-0.427205,1.77029
0,0.25,5.01377,9.79514,-0.490697,1.78129
0,0.25,5.00433,10.0235,-0.491238,1.77064
0,0.25,5.00389,10.2405,-0.339905,1.65246
0,0.25,5.00155,10.4684,-0.230323,1.66104
0,0.25,4.99364,10.7238,-0.0959332,1.92657
0,0.25,5.02446,10.9161,-0.204696,2.00145
0,0.25,4.91272,11.1518,-0.417783,1.91754
0,0.25,4.97302,11.3629,-0.32971,1.8507
0,0.25,4.8167,11.585,-0.426884,1.85885
0,0.25,4.87676,11.7726,-0.91989,1.73157
0,0.25,4.68843,11.9687,-1.01293,1.44587
0,0.25,4.80551,12.1136,-0.966095,1.32946
0,0.25,4.59731,12.355,-1.48526,2.03504
0,0.25,4.5017,12.6112,-2.24844,1.96463
0,0.25,4.32593,12.831,-1.47632,1.80407
0,0.25,4.53915,12.9056,-1.41671,1.54071
0,0.25,4.35516,13.0973,-1.40452,2.01497
0,0.25,4.25557,13.3463,-2.16002,1.94437
0,0.25,4.00797,13.5525,-2.79283,1.74676
0,0.25,4.18782,13.6384,-2.01596,1.55801
0,0.25,3.88278,13.8328,-2.9263,0.73871
0,0.25,3.70164,14.1024,-2.25868,1.55255
0,0.25,3.45238,14.2738,-3.17203,0.400142
0,0.25,2.96765,14.565,-4.96092,1.88855
0,0.25,2.45003,15.3956,-2.65431,13.0279
0,0.25,2.47556,15.0094,-9.2611,10.4279
0,0.25,2.27663,16.1193,0.934099,14.8776
0,0.25,2.33286,15.7157,-2.35586,14.5812
0,0.25,2.25866,16.3526,0.447599,14.8172
0,0.25,2.74668,14.9602,-7.99692,5.33809
0,0.25,2.41507,15.4903,-4.2705,12.3099
0,0.25,2.3176,15.9424,-3.09172,14.7735
0,0.25,2.75486,15.1647,-8.33043,7.86739
0,0.25,5.45923,4.3509,-0.295121,0.96751
0,0.25,5.44463,4.60961,-0.401694,1.07142
0,0.25,5.44641,4.87453,-0.282953,1.08272
0,0.25,5.43988,5.12893,-0.309483,1.06544
0,0.25,5.43998,5.39209,-0.289695,1.23127
0,0.25,5.43847,5.64293,-0.388716,1.18534
0,0.25,5.43336,5.90526,-0.367451,1.352
0,0.25,5.43063,6.1516,-0.470281,1.33624
0,0.25,5.42452,6.40145,-0.434734,1.21135
0,0.25,5.4219,6.64226,-0.466302,1.22014
0,0.25,5.40987,6.87933,-0.494407,1.14503
0,0.25,5.40857,7.1175,-0.40447,1.07526
0,0.25,5.39466,7.35081,-0.422031,1.10433
0,0.25,5.39008,7.5871,-0.365085,1.11582
0,0.25,5.37716,7.81858,-0.364941,1.16562
0,0.25,5.36997,8.0512,-0.297977,1.29548
0,0.25,5.35561,8.28132,-0.306255,1.40599
0,0.25,5.34696,8.51077,-0.282572,1.56116
0,0.25,5.33249,8.73881,-0.292404,1.59513
0,0.25,5.3202,8.96616,-0.339322,1.68257
0,0.25,5.30903,9.19087,-0.370476,1.67716
0,0.25,5.29403,9.41419,-0.389069,1.65345
0,0.25,5.28813,9.63743,-0.370771,1.67073
0,0.25,5.27198,9.85718,-0.420301,1.66995
0,0.25,5.26864,10.078,-0.2885,1.62682
0,0.25,5.27169,10.2957,-0.185557,1.68881
0,0.25,5.24198,10.5188,-0.197709,1.75496
0,0.25,5.27047,10.7287,0.0188891,1.80025
0,0.25,5.30556,10.9544,0.315092,1.66154
0,0.25,5.1795,11.1405,-0.26119,1.73844
0,0.25,5.25819,11.3277,-0.181548,1.52638
0,0.25,5.09407,11.5538,-0.48104,1.74386
0,0.25,5.22939,11.6922,-0.398852,1.45565
0,0.25,5.02402,11.9154,-0.584537,1.54921
0,0.25,5.05739,12.1528,-0.703852,1.66727
0,0.25,4.82102,12.3354,-1.15671,1.0179
0,0.25,4.95318,12.491,-1.27958,1.59647
0,0.25,4.68833,12.6165,-1.59424,1.25411
0,0.25,4.74577,12.9005,-0.984339,1.58966
0,0.25,4.52481,13.2103,-1.49499,1.52042
0,0.25,4.75725,13.1218,-1.49089,1.41048
0,0.25,4.40428,13.5032,-2.04567,1.59338
0,0.25,4.42718,13.7404,-2.52977,2.0385
0,0.25,4.1299,13.8622,-3.30135,1.62367
0,0.25,3.94366,14.0593,-2.78918,1.77079
0,0.25,3.67912,14.3574,-3.91941,1.82659
0,0.25,3.95057,14.2552,-3.52409,2.1171
0,0.25,3.46836,14.5086,-3.70686,1.20122
0,0.25,3.79799,14.5065,-3.72816,1.79783
0,0.25,3.22292,14.6559,-6.23817,0.517108
0,0.25,3.56023,14.7044,-2.90343,0.648841
0,0.25,3.00881,14.7862,-5.95953,4.72342
0,0.25,3.01287,15.0091,-10.3434,4.43575
0,0.25,3.27642,14.9708,-4.7294,-1.21778
0,0.25,3.57024,15.0095,-4.24245,1.09892
0,0.25,3.79016,15.0397,-2.03112,-0.128329
0,0.25,5.72113,4.30171,-0.127671,0.621117
0,0.25,5.69359,4.5578,-0.308579,0.664876
0,0.25,5.68658,4.80719,-0.420797,0.598665
0,0.25,5.69806,5.05915,-0.291819,0.649709
0,0.25,5.66356,5.29852,-0.433445,0.598985
0,0.25,5.70614,5.54336,-0.276226,0.646664
0,0.25,5.6519,5.78124,-0.380991,0.897037
0,0.25,5.70356,6.01919,-0.482858,0.989339
0,0.25,5.65535,6.26007,-0.317942,1.20178
0,0.25,5.68369,6.50358,-0.631699,1.43986
0,0.25,5.66542,6.74341,-0.299875,1.39255
0,0.25,5.66184,6.98799,-0.636802,1.44781
0,0.25,5.65794,7.2249,-0.391651,1.2926
0,0.25,5.64416,7.45961,-0.478171,1.21548
0,0.25,5.6416,7.69207,-0.341008,1.19461
0,0.25,5.62756,7.92124,-0.326464,1.26168
0,0.25,5.62301,8.15244,-0.272308,1.41224
0,0.25,5.60958,8.37993,-0.263089,1.5254
0,0.25,5.60248,8.60972,-0.249312,1.62763
0,0.25,5.58973,8.83439,-0.252567,1.64469
0,0.25,5.58107,9.05838,-0.246877,1.62043
0,0.25,5.56843,9.2808,-0.283772,1.65691
0,0.25,5.55835,9.50078,-0.314323,1.65035
0,0.25,5.54916,9.72324,-0.28234,1.70677
0,0.25,5.53769,9.94152,-0.312572,1.69703
0,0.25,5.53697,10.161,-0.179625,1.73589
0,0.25,5.5271,10.3843,-0.0883637,1.77206
0,0.25,5.51974,10.5969,-0.128067,1.84637
0,0.25,5.54519,10.8193,0.301751,1.9961
0,0.25,5.51146,11.07,-0.00202018,2.18669
0,0.25,5.54893,11.2705,0.310663,2.15699
0,0.25,5.41964,11.4756,-0.436141,1.83389
0,0.25,5.48955,11.7019,-0.288858,1.80404
0,0.25,5.25421,11.9169,-0.904847,1.53514
0,0.25,5.38094,12.0946,-0.858012,1.3357
0,0.25,5.18108,12.2922,-0.784543,1.5812
0,0.25,5.18842,12.5245,-1.03797,1.59742
0,0.25,4.91227,12.714,-1.67168,1.41657
0,0.25,5.17565,12.7606,-1.13246,1.50346
0,0.25,5.01978,12.9361,-0.939139,1.60268
0,0.25,5.03206,13.1368,-1.34236,1.41901
0,0.25,4.6324,13.4123,-2.07552,1.65304
0,0.25,4.67051,13.6384,-2.33974,1.37285
0,0.25,4.56361,13.8938,-1.11464,1.33156
0,0.25,4.76041,14.038,-0.938665,1.45707
0,0.25,4.28465,13.9885,-2.96302,1.08691
0,0.25,4.49642,14.1155,-2.78711,0.579657
0,0.25,4.20427,14.2045,-3.10571,1.19678
0,0.25,4.43597,14.3285,-2.7816,0.275536
0,0.25,4.11581,14.4255,-3.48022,1.35977
0,0.25,4.33937,14.5198,-2.614,0.351512
0,0.25,3.94877,14.6258,-2.47277,1.53521
0,0.25,4.19993,14.6909,-2.75649,0.15261
0,0.25,3.75513,14.8072,-3.99033,1.09854
0,0.25,3.38418,14.8322,-4.57145,0.969018
0,0.25,4.36103,15.0324,-1.61729,-0.760021
0,0.25,5.94163,4.32374,-0.458754,0.834354
0,0.25,5.92126,4.59025,-0.485273,1.00968
0,0.25,5.92641,4.87758,-0.307203,1.05707
0,0.25,5.93377,5.1297,-0.313434,1.05166
0,0.25,5.92754,5.39651,-0.298378,1.06712
0,0.25,5.93744,5.64515,-0.274514,1.14125
0,0.25,5.92731,5.89702,-0.403829,1.00119
0,0.25,5.937,6.14877,-0.324063,1.15199
0,0.25,5.92287,6.38016,-0.493244,1.10722
0,0.25,5.93437,6.62689,-0.414934,1.05351
0,0.25,5.91404,6.85778,-0.448004,1.22039
0,0.25,5.92038,7.09382,-0.484745,1.14709
0,0.25,5.90823,7.32714,-0.353206,1.19976
0,0.25,5.90128,7.55775,-0.459674,1.22375
0,0.25,5.89504,7.78952,-0.324103,1.30804
0,0.25,5.88145,8.01798,-0.351734,1.40142
0,0.25,5.87726,8.24817,-0.232416,1.49605
0,0.25,5.86564,8.47403,-0.196578,1.59454
0,0.25,5.8619,8.6995,-0.134339,1.58965
0,0.25,5.85279,8.92046,-0.124142,1.59007
0,0.25,5.84383,9.1406,-0.18948,1.56309
0,0.25,5.83329,9.35967,-0.188613,1.56462
0,0.25,5.82175,9.57822,-0.265341,1.5676
0,0.25,5.81387,9.79715,-0.200302,1.6077
0,0.25,5.80737,10.0142,-0.167216,1.63463
0,0.25,5.79729,10.234,-0.16494,1.73023
0,0.25,5.79787,10.4507,-0.0236899,1.73559
0,0.25,5.78973,10.6684,-0.100111,1.77375
0,0.25,5.78873,10.8954,0.357524,2.0206
0,0.25,5.77683,11.1096,-0.136572,1.79268
0,0.25,5.82027,11.345,0.478844,1.96336
0,0.25,5.67256,11.5301,-0.495836,1.52043
0,0.25,5.77441,11.7782,-0.342474,1.48068
0,0.25,5.55046,11.9107,-0.609307,1.49416
0,0.25,5.73175,12.0302,-0.524783,1.25234
0,0.25,5.47434,12.2559,-0.297121,1.0162
0,0.25,5.67449,12.3731,-0.221703,1.11136
0,0.25,5.4143,12.4876,-0.585999,0.644155
0,0.25,5.41203,12.7355,-1.05335,0.802037
0,0.25,5.28629,12.9966,-0.855752,1.2821
0,0.25,5.35294,13.1913,-1.62852,1.71224
0,0.25,4.84718,13.3403,-1.78228,1.29907
0,0.25,4.94111,13.5499,-2.63373,1.53173
0,0.25,4.83679,13.776,-1.86282,1.47197
0,0.25,5.11317,13.6785,-1.99608,1.36498
0,0.25,4.9905,13.9339,-1.01889,1.38752
0,0.25,4.95411,14.181,-0.93007,1.57146
0,0.25,4.69262,14.2838,-2.48288,0.375942
0,0.25,4.93157,14.3923,-2.71172,1.04951
0,0.25,4.65662,14.5006,-2.77334,0.425071
0,0.25,5.03249,14.5745,-1.75933,0.696611
0,0.25,4.80683,14.6665,-1.28237,0.642096
0,0.25,4.52168,14.688,-1.42986,-0.0952822
0,0.25,4.01104,14.8571,-3.14016,0.725009
0,0.25,4.07657,15.0332,-2.14588,0.0265239
0,0.25,4.65786,15.0418,-2.37864,0.334447
0,0.25,6.15821,4.27371,-1.00385,0.516562
0,0.25,6.17521,4.54438,-0.253494,0.796653
0,0.25,6.13486,4.78542,-0.709449,0.731782
0,0.25,6.20223,5.05093,-0.208794,0.726916
0,0.25,6.14316,5.2869,-0.26075,0.906672
0,0.25,6.20224,5.53275,-0.472969,0.700227
0,0.25,6.16145,5.77513,0.0566087,0.97017
0,0.25,6.18981,6.01047,-0.596773,1.05359
0,0.25,6.18354,6.25424,0.0483664,1.11167
0,0.25,6.17911,6.49669,-0.501774,1.37585
0,0.25,6.18919,6.73289,-0.240914,1.29823
0,0.25,6.17225,6.97397,-0.414275,1.34923
0,0.25,6.17644,7.20669,-0.410576,1.31094
0,0.25,6.16101,7.44246,-0.360224,1.34416
0,0.25,6.15683,7.67247,-0.347666,1.29775
0,0.25,6.14777,7.90297,-0.21026,1.3948
0,0.25,6.13859,8.12891,-0.221295,1.36946
0,0.25,6.13708,8.35494,-0.0959267,1.4291
0,0.25,6.12947,8.57652,-0.132728,1.40481
0,0.25,6.13019,8.79599,-0.0368652,1.38774
0,0.25,6.12153,9.01244,-0.0932348,1.37284
0,0.25,6.11217,9.22783,-0.0923655,1.37578
0,0.25,6.10237,9.44331,-0.149929,1.44471
0,0.25,6.08933,9.65932,-0.188998,1.50232
0,0.25,6.08339,9.87663,-0.236546,1.6804
0,0.25,6.07131,10.094,-0.208437,1.67009
0,0.25,6.06516,10.3143,-0.263996,1.80527
0,0.25,6.066,10.5286,0.0141466,1.89143
0,0.25,6.04091,10.7533,-0.309106,1.85506
0,0.25,6.07371,10.9659,0.243638,2.08082
0,0.25,6.02012,11.1827,-0.0485921,2.00312
0,0.25,6.10909,11.4151,-0.0137285,1.97847
0,0.25,5.91898,11.5776,-0.452991,1.78732
0,0.25,6.00784,11.8288,-0.458507,1.45374
0,0.25,6.03742,12.0297,-0.253298,1.41939
0,0.25,5.82128,12.1947,-0.31451,1.21944
0,0.25,5.90738,12.4359,-0.605617,1.67166
0,0.25,5.6338,12.6086,-0.709805,1.2117
0,0.25,5.72732,12.8057,-1.39347,1.63765
0,0.25,5.5246,12.943,-1.11536,1.5163
0,0.25,5.6365,13.1256,-0.917134,1.5134
0,0.25,5.11416,13.3359,-1.75779,1.65087
0,0.25,5.5175,13.3478,-1.35317,1.17062
0,0.25,5.2713,13.4646,-2.09317,1.48371
0,0.25,5.38571,13.6492,-1.53312,0.851609
0,0.25,5.23483,13.8779,-1.55037,1.08882
0,0.25,5.49166,13.8399,-1.30575,0.314004
0,0.25,5.21001,14.0953,-1.2206,1.56072
0,0.25,5.1996,14.313,-1.44806,1.99659
0,0.25,5.30372,14.4868,-1.55175,1.56358
0,0.25,5.21509,14.7117,-2.17803,1.312
0,0.25,4.99675,14.8417,-1.27545,1.74811
0,0.25,5.35545,14.8618,-2.37701,0.488786
0,0.25,4.68148,14.8698,-1.72776,-0.213605
0,0.25,4.35392,14.8666,-2.80691,-0.459286
0,0.25,5.48591,15.0478,-0.598416,-0.453453
0,0.25,6.35984,4.28763,-0.914541,0.561036
0,0.25,6.40191,4.58335,-0.55599,1.15521
0,0.25,6.38704,4.87809,-0.429622,1.09763
0,0.25,6.42504,5.14423,-0.27946,1.03617
0,0.25,6.42089,5.40769,-0.298796,0.995813
0,0.25,6.43456,5.65179,-0.183231,0.976674
0,0.25,6.43493,5.89947,-0.421862,0.918368
0,0.25,6.4421,6.13855,-0.0775079,0.910322
0,0.25,6.43105,6.37573,-0.435097,1.15274
0,0.25,6.44977,6.61403,-0.142369,1.17819
0,0.25,6.4267,6.85303,-0.284487,1.44373
0,0.25,6.43947,7.08904,-0.308064,1.40892
0,0.25,6.4239,7.31966,-0.14362,1.37701
0,0.25,6.42522,7.54877,-0.235104,1.35955
0,0.25,6.41461,7.76893,-0.110836,1.2621
0,0.25,6.41163,7.99493,-0.133004,1.41607
0,0.25,6.40218,8.21246,-0.0776914,1.37392
0,0.25,6.40345,8.43728,-0.0499541,1.45507
0,0.25,6.4005,8.65454,-0.0521939,1.41396
0,0.25,6.40213,8.87483,-0.0199225,1.4212
0,0.25,6.39556,9.08887,-0.0533323,1.36306
0,0.25,6.38407,9.30365,-0.105296,1.42064
0,0.25,6.3723,9.51826,-0.212762,1.47552
0,0.25,6.35976,9.73313,-0.202882,1.53134
0,0.25,6.3516,9.94913,-0.256026,1.57982
0,0.25,6.34226,10.1611,-0.218559,1.59004
0,0.25,6.33374,10.3758,-0.387616,1.60377
0,0.25,6.33401,10.5919,-0.178661,1.67481
0,0.25,6.3042,10.8028,-0.566805,1.72141
0,0.25,6.35495,11.0237,0.0470564,1.69791
0,0.25,6.27035,11.2205,-0.215982,1.60769
0,0.25,6.37674,11.4555,-0.30991,1.36593
0,0.25,6.17833,11.6397,-0.240987,1.71113
0,0.25,6.28452,11.8566,-0.454013,1.35936
0,0.25,6.30086,12.0812,-0.137008,1.3227
0,0.25,6.10486,12.2426,-0.216866,0.999871
0,0.25,6.14695,12.4696,-0.931592,1.1902
0,0.25,5.92305,12.6573,-0.652598,1.61577
0,0.25,6.15427,12.7107,-0.536606,1.35449
0,0.25,5.89887,12.9374,-0.674639,1.086
0,0.25,6.10617,12.9598,-0.33041,1.08551
0,0.25,5.84151,13.1757,-0.813113,1.03018
0,0.25,5.86041,13.3742,-1.194,1.53138
0,0.25,5.62193,13.4998,-1.54314,0.969571
0,0.25,5.94084,13.5607,-0.986929,1.15756
0,0.25,5.69865,13.6975,-0.933568,1.1017
0,0.25,5.99036,13.7499,-1.04704,1.10323
0,0.25,5.75907,13.9089,-1.31489,1.12387
0,0.25,5.47708,14.0588,-1.55274,0.552702
0,0.25,5.47045,14.2522,-2.11068,0.779763
0,0.25,5.55876,14.4646,-0.682455,0.278078
0,0.25,5.51194,14.6762,-1.88262,0.0381894
0,0.25,5.6582,14.8569,-2.16154,-0.0619901
0,0.25,5.20088,15.0423,-0.710329,1.93924
0,0.25,4.93671,15.0153,-2.52767,0.187336
0,0.25,6.07857,15.0503,-1.17746,0.105418
0,0.25,6.54733,4.26094,-0.882179,0.576296
0,0.25,6.62599,4.54446,-0.66033,0.741977
0,0.25,6.59102,4.80392,-0.600307,1.0407
0,0.25,6.69815,5.0386,-0.364435,0.831792
0,0.25,6.63,5.28468,-0.316487,0.935951
0,0.25,6.70736,5.53222,-0.527345,0.959912
0,0.25,6.66592,5.77051,0.111318,1.06498
0,0.25,6.69496,6.02047,-0.521838,1.18277
0,0.25,6.69424,6.26151,0.15551,1.22919
0,0.25,6.68926,6.50714,-0.312269,1.28071
0,0.25,6.70076,6.74706,-0.0333933,1.18421
0,0.25,6.6908,6.9743,-0.0838804,1.19058
0,0.25,6.70461,7.20198,0.0573257,1.02891
0,0.25,6.68847,7.41948,-0.0125296,1.14453
0,0.25,6.70208,7.64237,0.114504,1.17308
0,0.25,6.67847,7.85738,-0.00941346,1.24676
0,0.25,6.68623,8.08026,-0.00172418,1.3182
0,0.25,6.6664,8.30058,-0.0654218,1.40475
0,0.25,6.67779,8.52335,-0.0760218,1.38033
0,0.25,6.66799,8.74287,-0.0708757,1.32184
0,0.25,6.67804,8.96164,-0.0596897,1.29203
0,0.25,6.66639,9.17494,-0.023594,1.2267
0,0.25,6.65584,9.3869,-0.112571,1.23526
0,0.25,6.6419,9.60125,-0.150221,1.29102
0,0.25,6.63183,9.81275,-0.235683,1.41206
0,0.25,6.62508,10.0267,-0.229121,1.45675
0,0.25,6.61717,10.2359,-0.336914,1.58671
0,0.25,6.60055,10.4503,-0.36849,1.49815
0,0.25,6.61014,10.6598,-0.466301,1.54649
0,0.25,6.56921,10.8678,-0.47448,1.37085
0,0.25,6.64842,11.0837,-0.167111,1.50209
0,0.25,6.53311,11.2622,-0.195596,1.37456
0,0.25,6.64713,11.4833,-0.65791,1.24187
0,0.25,6.45019,11.6704,-0.315564,1.35924
0,0.25,6.55937,11.8782,-0.272723,1.21938
0,0.25,6.55012,12.089,-0.519362,1.09346
0,0.25,6.38297,12.3017,-0.615177,1.66367
0,0.25,6.38507,12.5195,-0.769525,1.18455
0,0.25,6.52258,12.669,-0.329414,0.938563
0,0.25,6.33802,12.8305,-0.136279,0.95948
0,0.25,6.35569,13.0669,-0.677401,1.09569
0,0.25,6.10909,13.1921,-1.06233,1.10372
0,0.25,6.41434,13.2598,-0.390349,0.677033
0,0.25,6.16583,13.3791,-0.993881,0.635234
0,0.25,6.47017,13.4615,-0.637066,0.59653
0,0.25,6.23023,13.5779,-0.836308,0.491822
0,0.25,6.25976,13.7881,-1.13047,0.552566
0,0.25,6.00515,13.9805,-0.927943,1.01525
0,0.25,5.74293,14.115,-1.72094,0.635014
0,0.25,6.00976,14.1978,-1.14866,0.53973
0,0.25,5.75366,14.3302,-1.49823,0.460733
0,0.25,5.76537,14.623,-1.46429,0.925785
0,0.25,6.00206,14.6515,-0.997605,-0.14633
0,0.25,5.93057,14.8614,-1.36257,-0.281355
0,0.25,5.77727,15.031,-0.710203,-0.26706
0,0.25,6.33761,15.0056,-0.585637,0.183463
0,0.25,6.73164,4.26339,-0.897716,0.605828
0,0.25,6.8518,4.60356,-0.667596,1.14896
0,0.25,6.87032,4.8865,-0.599722,1.09527
0,0.25,6.90933,5.17662,-0.321501,1.21508
0,0.25,6.91352,5.41191,-0.426492,1.0017
0,0.25,6.93563,5.67489,-0.168514,0.961554
0,0.25,6.93319,5.90253,-0.346747,1.08617
0,0.25,6.94552,6.14574,-0.0136877,0.756635
0,0.25,6.94045,6.37853,-0.108333,1.03471
0,0.25,6.95738,6.60984,0.171342,1.00633
0,0.25,6.96089,6.83686,0.178139,1.08801
0,0.25,6.96523,7.06663,0.124506,1.24481
0,0.25,6.97852,7.28862,0.217819,1.28449
0,0.25,6.95912,7.5107,-0.00581935,1.3422
0,0.25,6.97346,7.73734,0.140875,1.47934
0,0.25,6.94761,7.9496,-0.0373053,1.49389
0,0.25,6.94396,8.18057,-0.0395725,1.60617
0,0.25,6.93809,8.39591,-0.00890923,1.51077
0,0.25,6.94454,8.61682,0.00526886,1.39327
0,0.25,6.94383,8.82781,-0.0245566,1.23257
0,0.25,6.95294,9.0424,0.049439,1.16108
0,0.25,6.94447,9.2483,-0.00480258,1.10785
0,0.25,6.92742,9.45735,-0.136632,1.12693
0,0.25,6.91657,9.66735,-0.174614,1.21455
0,0.25,6.90689,9.87615,-0.233902,1.2576
0,0.25,6.90314,10.0835,-0.261066,1.31165
0,0.25,6.89016,10.2926,-0.340411,1.37635
0,0.25,6.88117,10.4957,-0.347119,1.47657
0,0.25,6.88527,10.7061,-0.264948,1.46633
0,0.25,6.84534,10.905,-0.566029,1.40511
0,0.25,6.92085,11.1313,-0.326045,1.42868
0,0.25,6.81874,11.32,-0.205411,1.68733
0,0.25,6.93191,11.5616,-0.585668,1.88047
0,0.25,6.73736,11.6935,-0.652886,1.41754
0,0.25,6.82348,11.9124,-0.408053,1.58008
0,0.25,6.81746,12.1297,-0.892997,1.69469
0,0.25,6.64805,12.3134,-0.738447,1.28972
0,0.25,6.7087,12.4743,-0.409441,1.29244
0,0.25,6.73881,12.7581,-0.199188,1.17539
0,0.25,6.57547,12.9418,-0.543254,0.844842
0,0.25,6.85941,12.9556,-0.215301,0.88935
0,0.25,6.67127,13.1398,-0.313649,0.738768
0,0.25,6.93455,13.1778,-0.251295,0.544871
0,0.25,6.70641,13.3428,-0.636686,0.70205
0,0.25,6.7461,13.5605,-0.365246,0.788094
0,0.25,6.50407,13.6762,-1.08067,0.402843
0,0.25,6.76555,13.7734,-0.702255,0.390415
0,0.25,6.4975,13.8969,-0.950995,0.320276
0,0.25,6.23467,14.0076,-0.823953,0.666718
0,0.25,6.31835,14.2149,-0.696522,0.751461
0,0.25,5.9507,14.4288,-1.5627,0.267078
0,0.25,6.20305,14.3785,-1.44186,0.374744
0,0.25,6.24825,14.5829,-0.913891,0.446888
0,0.25,6.43987,14.7704,-1.29376,0.0964945
0,0.25,6.19484,14.8264,-1.36831,0.555684
0,0.25,6.56718,15.0276,-0.141485,-0.165076
0,0.25,6.90749,4.31532,-1.03825,1.01581
0,0.25,7.05388,4.58893,-0.983099,0.73495
0,0.25,7.09597,4.86395,-0.469214,0.925601
0,0.25,7.15116,5.08803,-0.659076,0.828218
0,0.25,7.17544,5.32583,-0.249536,0.923927
0,0.25,7.17559,5.55631,-0.437496,0.936333
0,0.25,7.21361,5.78313,-0.0356448,0.899106
0,0.25,7.18765,6.01413,-0.137417,0.910008
0,0.25,7.22869,6.241,0.098614,1.09879
0,0.25,7.20527,6.47167,0.0480929,1.00411
0,0.25,7.2347,6.70478,0.115154,1.1889
0,0.25,7.22175,6.93684,0.142129,1.22241
0,0.25,7.24184,7.16434,0.20482,1.13467
0,0.25,7.23837,7.39495,0.243058,1.25878
0,0.25,7.22598,7.61404,0.0707444,1.16766
0,0.25,7.24996,7.84134,0.274864,1.2703
0,0.25,7.20327,8.05622,-0.136124,1.33279
0,0.25,7.22582,8.27732,0.154543,1.28652
0,0.25,7.2143,8.49018,-0.0885107,1.30143
0,0.25,7.23113,8.7051,0.027007,1.24398
0,0.25,7.22546,8.91546,-0.0989241,1.13354
0,0.25,7.24017,9.12699,0.0684723,1.09465
0,0.25,7.22151,9.33445,-0.0367674,1.07045
0,0.25,7.20394,9.54141,-0.0423526,1.05779
0,0.25,7.19409,9.74878,-0.100335,1.11808
0,0.25,7.19165,9.95422,-0.0390385,1.02281
0,0.25,7.17874,10.1596,-0.257353,1.12944
0,0.25,7.1757,10.3633,-0.227134,1.08552
0,0.25,7.15981,10.5666,-0.446923,1.18192
0,0.25,7.16763,10.771,-0.0659151,1.31431
0,0.25,7.12232,10.9654,-0.593244,1.35731
0,0.25,7.18519,11.1893,0.13746,1.2504
0,0.25,7.08156,11.3855,-0.777836,1.2306
0,0.25,7.17692,11.6399,-0.436096,1.39496
0,0.25,7.03277,11.8138,-0.540056,1.52943
0,0.25,7.13494,11.999,-0.623442,1.50831
0,0.25,6.99591,12.2265,-0.663167,1.30212
0,0.25,7.02768,12.418,-0.285288,0.901021
0,0.25,6.91557,12.6024,-0.514803,1.00885
0,0.25,7.22099,12.5846,-0.351408,0.643304
0,0.25,7.05326,12.7853,-0.0687519,0.575229
0,0.25,7.13403,13.0072,-0.230585,0.255389
0,0.25,7.16985,13.2358,-0.703242,0.615243
0,0.25,6.95937,13.4193,-0.611288,0.489316
0,0.25,7.17877,13.5021,-0.209223,0.479895
0,0.25,7.00615,13.6678,-0.232634,0.367763
0,0.25,7.04948,13.8751,-0.803193,0.853292
0,0.25,6.75657,13.9768,-0.913524,0.42968
0,0.25,6.52971,14.1134,-0.899412,0.317135
0,0.25,6.77259,14.2152,-0.954052,0.539169
0,0.25,6.55337,14.3547,-0.834664,0.507001
0,0.25,6.8305,14.4237,-0.181233,0.313308
0,0.25,6.48442,14.5378,-0.933286,0.277434
0,0.25,6.73091,14.6123,-0.385124,-0.187063
0,0.25,6.67328,14.8248,-1.11488,-0.342003
0,0.25,6.83276,15.0359,-0.271166,-0.572103
0,0.25,7.11444,4.23321,-1.13376,0.554985
0,0.25,7.27079,4.54071,-0.712016,1.0708
0,0.25,7.34764,4.77042,-0.681685,0.728968
0,0.25,7.41537,4.97366,-0.529949,0.904915
0,0.25,7.42742,5.19929,-0.386575,0.604084
0,0.25,7.45056,5.42263,-0.438989,0.776964
0,0.25,7.46081,5.6427,-0.16271,0.847518
0,0.25,7.46625,5.87808,-0.259768,0.886997
0,0.25,7.46617,6.104,-0.119703,1.2069
0,0.25,7.47167,6.35085,0.0951271,1.10322
0,0.25,7.47074,6.577,0.140521,1.21837
0,0.25,7.48475,6.82542,0.36385,1.09303
0,0.25,7.49589,7.04515,0.358916,1.0227
0,0.25,7.49533,7.28126,0.262075,0.890497
0,0.25,7.50938,7.50671,0.268607,0.878883
0,0.25,7.49026,7.72511,0.120768,0.819746
0,0.25,7.48179,7.98788,0.0451278,0.856158
0,0.25,7.48125,8.20983,0.0144315,0.783136
0,0.25,7.48276,8.45428,-0.0427313,0.629876
0,0.25,7.49638,8.68409,-0.0618408,0.566299
0,0.25,7.49726,8.91758,-0.0778776,0.497622
0,0.25,7.50677,9.14845,-0.0199046,0.57582
0,0.25,7.49436,9.37422,-0.00835748,0.709478
0,0.25,7.47772,9.59118,-0.00511386,0.757937
0,0.25,7.46973,9.80763,-0.0049912,0.892064
0,0.25,7.4722,10.0191,0.0663122,0.936157
0,0.25,7.45535,10.226,-0.0865004,0.935946
0,0.25,7.45865,10.4354,-0.0120504,0.970072
0,0.25,7.44135,10.6326,-0.314791,0.787669
0,0.25,7.45377,10.8465,0.28328,1.03799
0,0.25,7.40282,11.0278,-0.639999,0.904607
0,0.25,7.45913,11.2584,0.701633,1.34693
0,0.25,7.34172,11.431,-1.22907,1.02107
0,0.25,7.40851,11.67,-0.463697,1.48827
0,0.25,7.35928,11.8908,-0.285593,1.42542
0,0.25,7.51091,12.0304,0.754769,0.862582
0,0.25,7.26139,12.1772,-0.167582,0.650658
0,0.25,7.51973,12.2587,-0.446858,0.717355
0,0.25,7.3216,12.3983,-0.247025,0.780029
0,0.25,7.47413,12.6476,0.0795779,0.731788
0,0.25,7.29777,12.8357,0.191498,0.366139
0,0.25,7.52384,12.8964,-0.494092,1.36871
0,0.25,7.39336,13.1073,-0.606029,0.738927
0,0.25,7.37784,13.3572,-0.267761,0.353316
0,0.25,7.38979,13.6175,-0.233954,0.20021
0,0.25,7.26619,13.7983,-0.795665,0.341118
0,0.25,7.33699,14.0118,-0.218658,0.0954508
0,0.25,6.98125,14.0882,-0.653423,0.489373
0,0.25,7.19864,14.167,-0.208641,0.632069
0,0.25,7.32128,14.3859,0.338857,0.75963
0,0.25,7.05657,14.3492,-0.117686,-0.09204
0,0.25,7.23863,14.5833,-0.173963,0.41823
0,0.25,7.01886,14.6038,0.264684,0.000191808
0,0.25,7.20065,14.8233,-0.573906,0.848677
0,0.25,6.92447,14.8103,-0.709927,-0.535393
0,0.25,7.07787,15.0104,-0.708954,0.0284809
0,0.25,7.25476,4.22268,-1.18639,0.742522
0,0.25,7.432,4.33852,-1.22532,0.597573
0,0.25,7.56247,4.57638,-0.730204,0.982532
0,0.25,7.66061,4.74292,-0.276381,0.566119
0,0.25,7.69547,4.96038,-0.35813,0.68889
0,0.25,7.70802,5.1882,-0.289421,0.785027
0,0.25,7.72856,5.40266,-0.4252,0.588713
0,0.25,7.73196,5.64555,-0.230482,0.551717
0,0.25,7.74321,5.8588,-0.208833,0.508652
0,0.25,7.73008,6.08884,-0.169753,0.147399
0,0.25,7.74876,6.3045,-0.0729691,0.333237
0,0.25,7.74678,6.52401,0.228778,0.209871
0,0.25,7.73878,6.74029,-0.00313802,0.289143
0,0.25,7.77769,6.95838,0.367895,0.392638
0,0.25,7.75169,7.1793,0.26179,0.520463
0,0.25,7.76794,7.40217,0.32356,0.58065
0,0.25,7.77897,7.62781,0.14589,0.742818
0,0.25,7.70948,7.85263,0.205912,0.835113
0,0.25,7.76084,8.07,0.132769,0.846036
0,0.25,7.72179,8.29951,0.119552,0.90913
0,0.25,7.74571,8.52638,-0.0491484,0.863279
0,0.25,7.74706,8.76275,-0.0664888,0.829131
0,0.25,7.75253,8.9956,-0.154365,0.748737
0,0.25,7.76065,9.23096,-0.0812758,0.760264
0,0.25,7.75153,9.46004,-0.115797,0.80142
0,0.25,7.74315,9.68328,-0.00715344,0.904737
0,0.25,7.74125,9.89901,-0.0497711,0.939835
0,0.25,7.74907,10.1174,0.0448807,1.0622
0,0.25,7.72995,10.3217,-0.0518459,0.981335
0,0.25,7.75114,10.5302,0.0733928,1.10961
0,0.25,7.70694,10.733,-0.315889,1.02411
0,0.25,7.76466,10.9309,0.345521,0.991741
0,0.25,7.66591,11.122,-0.447612,0.925392
0,0.25,7.75641,11.3289,0.977934,0.94562
0,0.25,7.61315,11.5003,-1.09357,0.551611
0,0.25,7.64575,11.7393,-0.360779,0.833266
0,0.25,7.75979,11.8874,0.444635,0.85626
0,0.25,7.76111,12.1227,0.390836,1.33027
0,0.25,7.79359,12.3425,-0.293996,1.34269
0,0.25,7.61003,12.4917,-0.225772,1.02643
0,0.25,7.73162,12.7491,-0.359364,0.869592
0,0.25,7.87946,12.9424,0.400996,0.545058
0,0.25,7.67067,13.0627,0.669859,0.162862
0,0.25,7.60278,13.2831,-0.392923,-0.103958
0,0.25,7.62256,13.5112,-0.0960748,0.0634739
0,0.25,7.56735,13.76,-0.797674,0.178548
0,0.25,7.5802,13.9777,-0.590055,0.764271
0,0.25,7.79652,14.0512,-0.0574058,-0.14809
0,0.25,7.51008,14.2001,-0.697983,0.533473
0,0.25,7.7847,14.2717,-0.288745,-0.408105
0,0.25,7.55727,14.413,0.576508,0.601469
0,0.25,7.78354,14.5102,0.36374,-0.195903
0,0.25,7.5175,14.6408,-0.306738,0.546242
0,0.25,7.44453,14.8106,-0.73439,0.455011
0,0.25,7.33587,15.0432,0.0769887,0.413286
0,0.25,7.58767,15.0111,0.311855,0.0871555
0,0.25,7.94534,4.08185,-0.147435,1.04413
0,0.25,7.62862,4.0748,-0.925821,0.93775
0,0.25,7.6763,4.2706,-0.985268,0.785134
0,0.25,8.00262,4.26059,-0.681931,0.882271
0,0.25,7.81937,4.45694,-0.517642,1.06978
0,0.25,7.98478,4.59518,0.123143,0.250972
0,0.25,7.96629,4.79191,-0.286011,0.64012
0,0.25,7.95948,5.01835,-0.26535,0.62564
0,0.25,8.01026,5.23127,-0.181937,0.664909
0,0.25,7.97513,5.46901,0.123824,0.60642
0,0.25,8.01421,5.69946,-0.226334,0.530848
0,0.25,8.00633,5.95117,0.425451,0.544961
0,0.25,8.01251,6.18363,-0.200349,0.454471
0,0.25,8.01877,6.44365,0.22665,0.640363
0,0.25,8.01851,6.68512,-0.0399717,0.404557
0,0.25,8.02297,6.93992,-0.0803955,0.421065
0,0.25,8.01694,7.19861,-0.0327068,0.417585
0,0.25,8.02414,7.44068,-0.0761761,0.541221
0,0.25,8.00432,7.70123,0.025039,0.60215
0,0.25,8.00183,7.9225,-0.0226935,0.781406
0,0.25,7.99964,8.1622,-0.0145072,0.953921
0,0.25,7.99764,8.3885,0.0171895,1.06015
0,0.25,8.00018,8.62124,-0.0191059,1.06867
0,0.25,8.00445,8.85811,-0.0104444,1.02082
0,0.25,8.00677,9.09571,-0.0708968,0.927978
0,0.25,8.00794,9.3376,-0.0681298,0.841941
0,0.25,8.00306,9.57547,-0.0933363,0.848322
0,0.25,8.00497,9.80645,-0.00916608,0.787469
0,0.25,8.00333,10.0405,-0.0877064,0.644547
0,0.25,8.01264,10.2707,0.121482,0.494846
0,0.25,8.00235,10.5032,-0.215869,0.284839
0,0.25,8.00625,10.7242,0.283502,0.0921147
0,0.25,8.00436,10.9594,-0.147316,0.196012
0,0.25,7.97003,11.1717,0.217267,0.597852
0,0.25,8.02659,11.3879,0.456617,0.860677
0,0.25,7.87521,11.5703,-0.972304,0.9872
0,0.25,8.01899,11.7119,0.325986,0.199683
0,0.25,8.00009,11.9452,0.222321,0.530755
0,0.25,8.01796,12.1759,-0.0598654,1.04409
0,0.25,8.03105,12.4315,0.127485,0.913724
0,0.25,7.8834,12.5983,0.0231958,0.906278
0,0.25,8.05211,12.7802,-0.0938189,0.527573
0,0.25,8.02896,13.1024,0.330838,0.7356
0,0.25,7.85004,13.2539,-0.320937,0.854729
0,0.25,8.03662,13.3855,0.00265773,0.489389
0,0.25,7.83338,13.5248,-0.110083,0.500173
0,0.25,8.02446,13.6593,-0.565388,0.726218
0,0.25,7.80211,13.7857,-1.14245,0.304687
0,0.25,8.01353,13.9014,-0.360283,-0.0542577
0,0.25,8.02213,14.1439,0.0318165,-0.159846
0,0.25,8.018,14.3844,0.0191844,-0.266198
0,0.25,8.00978,14.6146,-0.138313,-0.149471
0,0.25,7.75693,14.7312,-0.517414,0.00195271
0,0.25,8.0054,14.8358,-0.368712,-0.173125
0,0.25,7.76876,14.9586,-0.0346885,-0.0323376
0,0.25,7.99291,15.0478,0.485624,0.00808369
1,0.25,8.25,0.75,0,0
1,0.25,8.5,0.75,0,0
1,0.25,15.75,0.75,0,0
1,0.25,16,0.75,0,0
1,0.25,0.75,0.75,0,0
1,0.25,1,0.75,0,0
1,0.25,8.25,1,0,0
1,0.25,8.5,1,0,0
1,0.25,15.75,1,0,0
1,0.25,16,1,0,0
1,0.25,0.75,1,0,0
1,0.25,1,1,0,0
1,0.25,8.25,1.25,0,0
1,0.25,8.5,1.25,0,0
1,0.25,15.75,1.25,0,0
1,0.25,16,1.25,0,0
1,0.25,0.75,1.25,0,0
1,0.25,1,1.25,0,0
1,0.25,8.25,1.5,0,0
1,0.25,8.5,1.5,0,0
1,0.25,15.75,1.5,0,0
1,0.25,16,1.5,0,0
1,0.25,0.75,1.5,0,0
1,0.25,1,1.5,0,0
1,0.25,8.25,1.75,0,0
1,0.25,8.5,1.75,0,0
1,0.25,15.75,1.75,0,0
1,0.25,16,1.75,0,0
1,0.25,0.75,1.75,0,0
1,0.25,1,1.75,0,0
1,0.25,8.25,2,0,0
1,0.25,8.5,2,0,0
1,0.25,15.75,2,0,0
1,0.25,16,2,0,0
1,0.25,0.75,2,0,0
1,0.25,1,2,0,0
1,0.25,8.25,2.25,0,0
1,0.25,8.5,2.25,0,0
1,0.25,15.75,2.25,0,0
1,0.25,16,2.25,0,0
1,0.25,0.75,2.25,0,0
1,0.25,1,2.25,0,0
1,0.25,8.25,2.5,0,0
1,0.25,8.5,2.5,0,0
1,0.25,15.75,2.5,0,0
1,0.25,16,2.5,0,0
1,0.25,0.75,2.5,0,0
1,0.25,1,2.5,0,0
1,0.25,8.25,2.75,0,0
1,0.25,8.5,2.75,0,0
1,0.25,15.75,2.75,0,0
1,0.25,16,2.75,0,0
1,0.25,0.75,2.75,0,0
1,0.25,1,2.75,0,0
1,0.25,8.25,3,0,0
1,0.25,8.5,3,0,0
1,0.25,15.75,3,0,0
1,0.25,16,3,0,0
1,0.25,0.75,3,0,0
1,0.25,1,3,0,0
1,0.25,8.25,3.25,0,0
1,0.25,8.5,3.25,0,0
1,0.25,15.75,3.25,0,0
1,0.25,16,3.25,0,0
1,0.25,0.75,3.25,0,0
1,0.25,1,3.25,0,0
1,0.25,8.25,3.5,0,0
1,0.25,8.5,3.5,0,0
1,0.25,15.75,3.5,0,0
1,0.25,16,3.5,0,0
1,0.25,0.75,3.5,0,0
1,0.25,1,3.5,0,0
1,0.25,8.25,3.75,0,0
1,0.25,8.5,3.75,0,0
1,0.25,15.75,3.75,0,0
1,0.25,16,3.75,0,0
1,0.25,0.75,3.75,0,0
1,0.25,1,3.75,0,0
1,0.25,8.25,4,0,0
1,0.25,8.5,4,0,0
1,0.25,15.75,4,0,0
1,0.25,16,4,0,0
1,0.25,0.75,4,0,0
1,0.25,1,4,0,0
1,0.25,8.25,4.25,0,0
1,0.25,8.5,4.25,0,0
1,0.25,15.75,4.25,0,0
1,0.25,16,4.25,0,0
1,0.25,0.75,4.25,0,0
1,0.25,1,4.25,0,0
1,0.25,8.25,4.5,0,0
1,0.25,8.5,4.5,0,0
1,0.25,15.75,4.5,0,0
1,0.25,16,4.5,0,0
1,0.25,0.75,4.5,0,0
1,0.25,1,4.5,0,0
1,0.25,8.25,4.75,0,0
1,0.25,8.5,4.75,0,0
1,0.25,15.75,4.75,0,0
1,0.25,16,4.75,0,0
1,0.25,0.75,4.75,0,0
1,0.25,1,4.75,0,0
1,0.25,8.25,5,0,0
1,0.25,8.5,5,0,0
1,0.25,15.75,5,0,0
1,0.25,16,5,0,0
1,0.25,0.75,5,0,0
1,0.25,1,5,0,0
1,0.25,8.25,5.25,0,0
1,0.25,8.5,5.25,0,0
1,0.25,15.75,5.25,0,0
1,0.25,16,5.25,0,0
1,0.25,0.75,5.25,0,0
1,0.25,1,5.25,0,0
1,0.25,8.25,5.5,0,0
1,0.25,8.5,5.5,0,0
1,0.25,15.75,5.5,0,0
1,0.25,16,5.5,0,0
1,0.25,0.75,5.5,0,0
1,0.25,1,5.5,0,0
1,0.25,8.25,5.75,0,0
1,0.25,8.5,5.75,0,0
1,0.25,15.75,5.75,0,0
1,0.25,16,5.75,0,0
1,0.25,0.75,5.75,0,0
1,0.25,1,5.75,0,0
1,0.25,8.25,6,0,0
1,0.25,8.5,6,0,0
1,0.25,15.75,6,0,0
1,0.25,16,6,0,0
1,0.25,0.75,6,0,0
1,0.25,1,6,0,0
1,0.25,8.25,6.25,0,0
1,0.25,8.5,6.25,0,0
1,0.25,15.75,6.25,0,0
1,0.25,16,6.25,0,0
1,0.25,0.75,6.25,0,0
1,0.25,1,6.25,0,0
1,0.25,8.25,6.5,0,0
1,0.25,8.5,6.5,0,0
1,0.25,15.75,6.5,0,0
1,0.25,16,6.5,0,0
1,0.25,0.75,6.5,0,0
1,0.25,1,6.5,0,0
1,0.25,8.25,6.75,0,0
1,0.25,8.5,6.75,0,0
1,0.25,15.75,6.75,0,0
1,0.25,16,6.75,0,0
1,0.25,0.75,6.75,0,0
1,0.25,1,6.75,0,0
1,0.25,8.25,7,0,0
1,0.25,8.5,7,0,0
1,0.25,15.75,7,0,0
1,0.25,16,7,0,0
1,0.25,0.75,7,0,0
1,0.25,1,7,0,0
1,0.25,8.25,7.25,0,0
1,0.25,8.5,7.25,0,0
1,0.25,15.75,7.25,0,0
1,0.25,16,7.25,0,0
1,0.25,0.75,7.25,0,0
1,0.25,1,7.25,0,0
1,0.25,8.25,7.5,0,0
1,0.25,8.5,7.5,0,0
1,0.25,15.75,7.5,0,0
1,0.25,16,7.5,0,0
1,0.25,0.75,7.5,0,0
1,0.25,1,7.5,0,0
1,0.25,8.25,7.75,0,0
1,0.25,8.5,7.75,0,0
1,0.25,15.75,7.75,0,0
1,0.25,16,7.75,0,0
1,0.25,0.75,7.75,0,0
1,0.25,1,7.75,0,0
1,0.25,8.25,8,0,0
1,0.25,8.5,8,0,0
1,0.25,15.75,8,0,0
1,0.25,16,8,0,0
1,0.25,0.75,8,0,0
1,0.25,1,8,0,0
1,0.25,8.25,8.25,0,0
1,0.25,8.5,8.25,0,0
1,0.25,15.75,8.25,0,0
1,0.25,16,8.25,0,0
1,0.25,0.75,8.25,0,0
1,0.25,1,8.25,0,0
1,0.25,8.25,8.5,0,0
1,0.25,8.5,8.5,0,0
1,0.25,15.75,8.5,0,0
1,0.25,16,8.5,0,0
1,0.25,0.75,8.5,0,0
1,0.25,1,8.5,0,0
1,0.25,8.25,8.75,0,0
1,0.25,8.5,8.75,0,0
1,0.25,15.75,8.75,0,0
1,0.25,16,8.75,0,0
1,0.25,0.75,8.75,0,0
1,0.25,1,8.75,0,0
1,0.25,8.25,9,0,0
1,0.25,8.5,9,0,0
1,0.25,15.75,9,0,0
1,0.25,16,9,0,0
1,0.25,0.75,9,0,0
1,0.25,1,9,0,0
1,0.25,8.25,9.25,0,0
1,0.25,8.5,9.25,0,0
1,0.25,15.75,9.25,0,0
1,0.25,16,9.25,0,0
1,0.25,0.75,9.25,0,0
1,0.25,1,9.25,0,0
1,0.25,8.25,9.5,0,0
1,0.25,8.5,9.5,0,0
1,0.25,15.75,9.5,0,0
1,0.25,16,9.5,0,0
1,0.25,0.75,9.5,0,0
1,0.25,1,9.5,0,0
1,0.25,8.25,9.75,0,0
1,0.25,8.5,9.75,0,0
1,0.25,15.75,9.75,0,0
1,0.25,16,9.75,0,0
1,0.25,0.75,9.75,0,0
1,0.25,1,9.75,0,0
1,0.25,8.25,10,0,0
1,0.25,8.5,10,0,0
1,0.25,15.75,10,0,0
1,0.25,16,10,0,0
1,0.25,0.75,10,0,0
1,0.25,1,10,0,0
1,0.25,8.25,10.25,0,0
1,0.25,8.5,10.25,0,0
1,0.25,15.75,10.25,0,0
1,0.25,16,10.25,0,0
1,0.25,0.75,10.25,0,0
1,0.25,1,10.25,0,0
1,0.25,8.25,10.5,0,0
1,0.25,8.5,10.5,0,0
1,0.25,15.75,10.5,0,0
1,0.25,16,10.5,0,0
1,0.25,0.75,10.5,0,0
1,0.25,1,10.5,0,0
1,0.25,8.25,10.75,0,0
1,0.25,8.5,10.75,0,0
1,0.25,15.75,10.75,0,0
1,0.25,16,10.75,0,0
1,0.25,0.75,10.75,0,0
1,0.25,1,10.75,0,0
1,0.25,8.25,11,0,0
1,0.25,8.5,11,0,0
1,0.25,15.75,11,0,0
1,0.25,16,11,0,0
1,0.25,0.75,11,0,0
1,0.25,1,11,0,0
1,0.25,8.25,11.25,0,0
1,0.25,8.5,11.25,0,0
1,0.25,15.75,11.25,0,0
1,0.25,16,11.25,0,0
1,0.25,0.75,11.25,0,0
1,0.25,1,11.25,0,0
1,0.25,8.25,11.5,0,0
1,0.25,8.5,11.5,0,0
1,0.25,15.75,11.5,0,0
1,0.25,16,11.5,0,0
1,0.25,0.75,11.5,0,0
1,0.25,1,11.5,0,0
1,0.25,8.25,11.75,0,0
1,0.25,8.5,11.75,0,0
1,0.25,15.75,11.75,0,0
1,0.25,16,11.75,0,0
1,0.25,0.75,11.75,0,0
1,0.25,1,11.75,0,0
1,0.25,8.25,12,0,0
1,0.25,8.5,12,0,0
1,0.25,15.75,12,0,0
1,0.25,16,12,0,0
1,0.25,0.75,12,0,0
1,0.25,1,12,0,0
1,0.25,8.25,12.25,0,0
1,0.25,8.5,12.25,0,0
1,0.25,15.75,12.25,0,0
1,0.25,16,12.25,0,0
1,0.25,0.75,12.25,0,0
1,0.25,1,12.25,0,0
1,0.25,8.25,12.5,0,0
1,0.25,8.5,12.5,0,0
1,0.25,15.75,12.5,0,0
1,0.25,16,12.5,0,0
1,0.25,0.75,12.5,0,0
1,0.25,1,12.5,0,0
1,0.25,8.25,12.75,0,0
1,0.25,8.5,12.75,0,0
1,0.25,15.75,12.75,0,0
1,0.25,16,12.75,0,0
1,0.25,0.75,12.75,0,0
1,0.25,1,12.75,0,0
1,0.25,8.25,13,0,0
1,0.25,8.5,13,0,0
1,0.25,15.75,13,0,0
1,0.25,16,13,0,0
1,0.25,0.75,13,0,0
1,0.25,1,13,0,0
1,0.25,8.25,13.25,0,0
1,0.25,8.5,13.25,0,0
1,0.25,15.75,13.25,0,0
1,0.25,16,13.25,0,0
1,0.25,0.75,13.25,0,0
1,0.25,1,13.25,0,0
1,0.25,8.25,13.5,0,0
1,0.25,8.5,13.5,0,0
1,0.25,15.75,13.5,0,0
1,0.25,16,13.5,0,0
1,0.25,0.75,13.5,0,0
1,0.25,1,13.5,0,0
1,0.25,8.25,13.75,0,0
1,0.25,8.5,13.75,0,0
1,0.25,15.75,13.75,0,0
1,0.25,16,13.75,0,0
1,0.25,0.75,13.75,0,0
1,0.25,1,13.75,0,0
1,0.25,8.25,14,0,0
1,0.25,8.5,14,0,0
1,0.25,15.75,14,0,0
1,0.25,16,14,0,0
1,0.25,0.75,14,0,0
1,0.25,1,14,0,0
1,0.25,8.25,14.25,0,0
1,0.25,8.5,14.25,0,0
1,0.25,15.75,14.25,0,0
1,0.25,16,14.25,0,0
1,0.25,0.75,14.25,0,0
1,0.25,1,14.25,0,0
1,0.25,8.25,14.5,0,0
1,0.25,8.5,14.5,0,0
1,0.25,15.75,14.5,0,0
1,0.25,16,14.5,0,0
1,0.25,0.75,14.5,0,0
1,0.25,1,14.5,0,0
1,0.25,8.25,14.75,0,0
1,0.25,8.5,14.75,0,0
1,0.25,15.75,14.75,0,0
1,0.25,16,14.75,0,0
1,0.25,0.75,14.75,0,0
1,0.25,1,14.75,0,0
1,0.25,8.25,15,0,0
1,0.25,8.5,15,0,0
1,0.25,15.75,15,0,0
1,0.25,16,15,0,0
1,0.25,0.75,15,0,0
1,0.25,1,15,0,0
1,0.25,8.25,15.25,0,0
1,0.25,8.5,15.25,0,0
1,0.25,15.75,15.25,0,0
1,0.25,16,15.25,0,0
1,0.25,0.75,15.25,0,0
1,0.25,1,15.25,0,0
1,0.25,8.25,15.5,0,0
1,0.25,8.5,15.5,0,0
1,0.25,15.75,15.5,0,0
1,0.25,16,15.5,0,0
1,0.25,0.75,15.5,0,0
1,0.25,1,15.5,0,0
1,0.25,1.25,0.75,0,0
1,0.25,1.25,1,0,0
1,0.25,1.5,0.75,0,0
1,0.25,1.5,1,0,0
1,0.25,1.75,0.75,0,0
1,0.25,1.75,1,0,0
1,0.25,2,0.75,0,0
1,0.25,2,1,0,0
1,0.25,2.25,0.75,0,0
1,0.25,2.25,1,0,0
1,0.25,2.5,0.75,0,0
1,0.25,2.5,1,0,0
1,0.25,2.75,0.75,0,0
1,0.25,2.75,1,0,0
1,0.25,3,0.75,0,0
1,0.25,3,1,0,0
1,0.25,3,15.25,0,0
1,0.25,3,15.5,0,0
1,0.25,3.25,0.75,0,0
1,0.25,3.25,1,0,0
1,0.25,3.25,15.25,0,0
1,0.25,3.25,15.5,0,0
1,0.25,3.5,0.75,0,0
1,0.25,3.5,1,0,0
1,0.25,3.5,15.25,0,0
1,0.25,3.5,15.5,0,0
1,0.25,3.75,0.75,0,0
1,0.25,3.75,1,0,0
1,0.25,3.75,15.25,0,0
1,0.25,3.75,15.5,0,0
1,0.25,4,0.75,0,0
1,0.25,4,1,0,0
1,0.25,4,15.25,0,0
1,0.25,4,15.5,0,0
1,0.25,4.25,0.75,0,0
1,0.25,4.25,1,0,0
1,0.25,4.25,15.25,0,0
1,0.25,4.25,15.5,0,0
1,0.25,4.5,0.75,0,0
1,0.25,4.5,1,0,0
1,0.25,4.5,15.25,0,0
1,0.25,4.5,15.5,0,0
1,0.25,4.75,0.75,0,0
1,0.25,4.75,1,0,0
1,0.25,4.75,15.25,0,0
1,0.25,4.75,15.5,0,0
1,0.25,5,0.75,0,0
1,0.25,5,1,0,0
1,0.25,5,15.25,0,0
1,0.25,5,15.5,0,0
1,0.25,5.25,0.75,0,0
1,0.25,5.25,1,0,0
1,0.25,5.25,15.25,0,0
1,0.25,5.25,15.5,0,0
1,0.25,5.5,0.75,0,0
1,0.25,5.5,1,0,0
1,0.25,5.5,15.25,0,0
1,0.25,5.5,15.5,0,0
1,0.25,5.75,0.75,0,0
1,0.25,5.75,1,0,0
1,0.25,5.75,15.25,0,0
1,0.25,5.75,15.5,0,0
1,0.25,6,0.75,0,0
1,0.25,6,1,0,0
1,0.25,6,15.25,0,0
1,0.25,6,15.5,0,0
1,0.25,6.25,0.75,0,0
1,0.25,6.25,1,0,0
1,0.25,6.25,15.25,0,0
1,0.25,6.25,15.5,0,0
1,0.25,6.5,0.75,0,0
1,0.25,6.5,1,0,0
1,0.25,6.5,15.25,0,0
1,0.25,6.5,15.5,0,0
1,0.25,6.75,0.75,0,0
1,0.25,6.75,1,0,0
1,0.25,6.75,15.25,0,0
1,0.25,6.75,15.5,0,0
1,0.25,7,0.75,0,0
1,0.25,7,1,0,0
1,0.25,7,15.25,0,0
1,0.25,7,15.5,0,0
1,0.25,7.25,0.75,0,0
1,0.25,7.25,1,0,0
1,0.25,7.25,15.25,0,0
1,0.25,7.25,15.5,0,0
1,0.25,7.5,0.75,0,0
1,0.25,7.5,1,0,0
1,0.25,7.5,15.25,0,0
1,0.25,7.5,15.5,0,0
1,0.25,7.75,0.75,0,0
1,0.25,7.75,1,0,0
1,0.25,7.75,15.25,0,0
1,0.25,7.75,15.5,0,0
1,0.25,8,0.75,0,0
1,0.25,8,1,0,0
1,0.25,8,15.25,0,0
1,0.25,8,15.5,0,0
1,0.25,8.75,0.75,0,0
1,0.25,8.75,1,0,0
1,0.25,8.75,15.25,0,0
1,0.25,8.75,15.5,0,0
1,0.25,9,0.75,0,0
1,0.25,9,1,0,0
1,0.25,9,15.25,0,0
1,0.25,9,15.5,0,0
1,0.25,9.25,0.75,0,0
1,0.25,9.25,1,0,0
1,0.25,9.25,15.25,0,0
1,0.25,9.25,15.5,0,0
1,0.25,9.5,0.75,0,0
1,0.25,9.5,1,0,0
1,0.25,9.5,15.25,0,0
1,0.25,9.5,15.5,0,0
1,0.25,9.75,0.75,0,0
1,0.25,9.75,1,0,0
1,0.25,9.75,15.25,0,0
1,0.25,9.75,15.5,0,0
1,0.25,10,0.75,0,0
1,0.25,10,1,0,0
1,0.25,10,15.25,0,0
1,0.25,10,15.5,0,0
1,0.25,10.25,0.75,0,0
1,0.25,10.25,1,0,0
1,0.25,10.25,15.25,0,0
1,0.25,10.25,15.5,0,0
1,0.25,10.5,0.75,0,0
1,0.25,10.5,1,0,0
1,0.25,10.5,15.25,0,0
1,0.25,10.5,15.5,0,0
1,0.25,10.75,0.75,0,0
1,0.25,10.75,1,0,0
1,0.25,10.75,15.25,0,0
1,0.25,10.75,15.5,0,0
1,0.25,11,0.75,0,0
1,0.25,11,1,0,0
1,0.25,11,15.25,0,0
1,0.25,11,15.5,0,0
1,0.25,11.25,0.75,0,0
1,0.25,11.25,1,0,0
1,0.25,11.25,15.25,0,0
1,0.25,11.25,15.5,0,0
1,0.25,11.5,0.75,0,0
1,0.25,11.5,1,0,0
1,0.25,11.5,15.25,0,0
1,0.25,11.5,15.5,0,0
1,0.25,11.75,0.75,0,0
1,0.25,11.75,1,0,0
1,0.25,11.75,15.25,0,0
1,0.25,11.75,15.5,0,0
1,0.25,12,0.75,0,0
1,0.25,12,1,0,0
1,0.25,12,15.25,0,0
1,0.25,12,15.5,0,0
1,0.25,12.25,0.75,0,0
1,0.25,12.25,1,0,0
1,0.25,12.25,15.25,0,0
1,0.25,12.25,15.5,0,0
1,0.25,12.5,0.75,0,0
1,0.25,12.5,1,0,0
1,0.25,12.5,15.25,0,0
1,0.25,12.5,15.5,0,0
1,0.25,12.75,0.75,0,0
1,0.25,12.75,1,0,0
1,0.25,12.75,15.25,0,0
1,0.25,12.75,15.5,0,0
1,0.25,13,0.75,0,0
1,0.25,13,1,0,0
1,0.25,13,15.25,0,0
1,0.25,13,15.5,0,0
1,0.25,13.25,0.75,0,0
1,0.25,13.25,1,0,0
1,0.25,13.25,15.25,0,0
1,0.25,13.25,15.5,0,0
1,0.25,13.5,0.75,0,0
1,0.25,13.5,1,0,0
1,0.25,13.5,15.25,0,0
1,0.25,13.5,15.5,0,0
1,0.25,13.75,0.75,0,0
1,0.25,13.75,1,0,0
1,0.25,13.75,15.25,0,0
1,0.25,13.75,15.5,0,0
1,0.25,14,0.75,0,0
1,0.25,14,1,0,0
1,0.25,14.25,0.75,0,0
1,0.25,14.25,1,0,0
1,0.25,14.5,0.75,0,0
1,0.25,14.5,1,0,0
1,0.25,14.75,0.75,0,0
1,0.25,14.75,1,0,0
1,0.25,15,0.75,0,0
1,0.25,15,1,0,0
1,0.25,15.25,0.75,0,0
1,0.25,15.25,1,0,0
1,0.25,15.5,0.75,0,0
1,0.25,15.5,1,0,0
1,0.25,16,15.75,0,0
1,0.25,15.9959,16,0,0
1,0.25,15.9836,16.2496,0,0
1,0.25,15.9631,16.4988,0,0
1,0.25,15.9345,16.7471,0,0
1,0.25,15.8978,16.9944,0,0
1,0.25,15.8529,17.2403,0,0
1,0.25,15.8001,17.4847,0,0
1,0.25,15.7392,17.7271,0,0
1,0.25,15.6704,17.9675,0,0
1,0.25,15.5938,18.2054,0,0
1,0.25,15.5095,18.4408,0,0
1,0.25,15.4174,18.6732,0,0
1,0.25,15.3178,18.9025,0,0
1,0.25,15.2107,19.1284,0,0
1,0.25,15.0963,19.3506,0,0
1,0.25,14.9747,19.569,0,0
1,0.25,14.8459,19.7833,0,0
1,0.25,14.7102,19.9933,0,0
1,0.25,14.5677,20.1987,0,0
1,0.25,14.4186,20.3993,0,0
1,0.25,14.2629,20.5949,0,0
1,0.25,14.1009,20.7853,0,0
1,0.25,13.9328,20.9703,0,0
1,0.25,13.7587,21.1497,0,0
1,0.25,13.5788,21.3233,0,0
1,0.25,13.3933,21.4909,0,0
1,0.25,13.2024,21.6523,0,0
1,0.25,13.0063,21.8074,0,0
1,0.25,12.8052,21.9559,0,0
1,0.25,12.5994,22.0978,0,0
1,0.25,12.3891,22.2329,0,0
1,0.25,12.1744,22.361,0,0
1,0.25,11.9556,22.482,0,0
1,0.25,11.733,22.5957,0,0
1,0.25,11.5068,22.7021,0,0
1,0.25,11.2772,22.8011,0,0
1,0.25,11.0445,22.8924,0,0
1,0.25,10.809,22.9761,0,0
1,0.25,10.5708,23.052,0,0
1,0.25,10.3302,23.1201,0,0
1,0.25,10.0876,23.1802,0,0
1,0.25,9.8431,23.2323,0,0
1,0.25,9.59703,23.2764,0,0
1,0.25,9.34965,23.3125,0,0
1,0.25,9.10122,23.3403,0,0
1,0.25,8.85201,23.3601,0,0
1,0.25,8.60229,23.3716,0,0
1,0.25,8.35232,23.375,0,0
1,0.25,8.10238,23.3701,0,0
1,0.25,7.85273,23.3571,0,0
1,0.25,7.60364,23.3359,0,0
1,0.25,7.35539,23.3065,0,0
1,0.25,7.10822,23.269,0,0
1,0.25,6.86242,23.2235,0,0
1,0.25,6.61825,23.1699,0,0
1,0.25,6.37596,23.1083,0,0
1,0.25,6.13582,23.0388,0,0
1,0.25,5.89809,22.9615,0,0
1,0.25,5.66302,22.8764,0,0
1,0.25,5.43087,22.7837,0,0
1,0.25,5.20188,22.6834,0,0
1,0.25,4.9763,22.5756,0,0
1,0.25,4.75438,22.4606,0,0
1,0.25,4.53634,22.3383,0,0
1,0.25,4.32244,22.2089,0,0
1,0.25,4.11289,22.0726,0,0
1,0.25,3.90792,21.9295,0,0
1,0.25,3.70775,21.7797,0,0
1,0.25,3.5126,21.6235,0,0
1,0.25,3.32267,21.4609,0,0
1,0.25,3.13818,21.2922,0,0
1,0.25,2.95931,21.1176,0,0
1,0.25,2.78627,20.9372,0,0
1,0.25,2.61923,20.7512,0,0
1,0.25,2.45838,20.5598,0,0
1,0.25,2.30389,20.3633,0,0
1,0.25,2.15592,20.1618,0,0
1,0.25,2.01464,19.9555,0,0
1,0.25,1.8802,19.7448,0,0
1,0.25,1.75274,19.5297,0,0
1,0.25,1.6324,19.3106,0,0
1,0.25,1.5193,19.0877,0,0
1,0.25,1.41357,18.8611,0,0
1,0.25,1.31533,18.6313,0,0
1,0.25,1.22467,18.3983,0,0
1,0.25,1.1417,18.1625,0,0
1,0.25,1.0665,17.9241,0,0
1,0.25,0.999164,17.6833,0,0
1,0.25,0.939753,17.4405,0,0
1,0.25,0.888333,17.1958,0,0
1,0.25,0.844961,16.9496,0,0
1,0.25,0.809682,16.7022,0,0
1,0.25,0.782536,16.4536,0,0
1,0.25,0.76355,16.2044,0,0
1,0.25,0.752746,15.9546,0,0
1,0.25,0.750135,15.7046,0,0
1,0.25,15.75,15.75,0,0
1,0.25,15.7459,15.9958,0,0
1,0.25,15.7336,16.2413,0,0
1,0.25,15.7132,16.4863,0,0
1,0.25,15.6845,16.7304,0,0
1,0.25,15.6478,16.9735,0,0
1,0.25,15.603,17.2152,0,0
1,0.25,15.5501,17.4553,0,0
1,0.25,15.4893,17.6934,0,0
1,0.25,15.4206,17.9295,0,0
1,0.25,15.3441,18.1631,0,0
1,0.25,15.2598,18.394,0,0
1,0.25,15.1678,18.622,0,0
1,0.25,15.0683,18.8468,0,0
1,0.25,14.9614,19.0681,0,0
1,0.25,14.8472,19.2858,0,0
1,0.25,14.7257,19.4995,0,0
1,0.25,14.5973,19.7091,0,0
1,0.25,14.4619,19.9142,0,0
1,0.25,14.3197,20.1148,0,0
1,0.25,14.1709,20.3105,0,0
1,0.25,14.0157,20.5011,0,0
1,0.25,13.8542,20.6865,0,0
1,0.25,13.6867,20.8663,0,0
1,0.25,13.5132,21.0405,0,0
1,0.25,13.334,21.2088,0,0
1,0.25,13.1494,21.371,0,0
1,0.25,12.9594,21.527,0,0
1,0.25,12.7643,21.6766,0,0
1,0.25,12.5643,21.8196,0,0
1,0.25,12.3597,21.9558,0,0
1,0.25,12.1507,22.0852,0,0
1,0.25,11.9375,22.2075,0,0
1,0.25,11.7203,22.3227,0,0
1,0.25,11.4994,22.4305,0,0
1,0.25,11.275,22.5309,0,0
1,0.25,11.0474,22.6238,0,0
1,0.25,10.8168,22.709,0,0
1,0.25,10.5835,22.7865,0,0
1,0.25,10.3478,22.8562,0,0
1,0.25,10.1099,22.918,0,0
1,0.25,9.87002,22.9719,0,0
1,0.25,9.62851,23.0177,0,0
1,0.25,9.3856,23.0554,0,0
1,0.25,9.14157,23.0851,0,0
1,0.25,8.89669,23.1065,0,0
1,0.25,8.65122,23.1198,0,0
1,0.25,8.40546,23.1249,0,0
1,0.25,8.15965,23.1219,0,0
1,0.25,7.91409,23.1106,0,0
1,0.25,7.66904,23.0911,0,0
1,0.25,7.42477,23.0635,0,0
1,0.25,7.18156,23.0278,0,0
1,0.25,6.93968,22.984,0,0
1,0.25,6.69938,22.9321,0,0
1,0.25,6.46096,22.8723,0,0
1,0.25,6.22465,22.8045,0,0
1,0.25,5.99074,22.729,0,0
1,0.25,5.75947,22.6456,0,0
1,0.25,5.53112,22.5546,0,0
1,0.25,5.30592,22.4561,0,0
1,0.25,5.08413,22.3501,0,0
1,0.25,4.86599,22.2367,0,0
1,0.25,4.65176,22.1162,0,0
1,0.25,4.44166,21.9885,0,0
1,0.25,4.23593,21.854,0,0
1,0.25,4.0348,21.7127,0,0
1,0.25,3.8385,21.5647,0,0
1,0.25,3.64723,21.4103,0,0
1,0.25,3.46121,21.2496,0,0
1,0.25,3.28066,21.0828,0,0
1,0.25,3.10576,20.91,0,0
1,0.25,2.93672,20.7315,0,0
1,0.25,2.77372,20.5475,0,0
1,0.25,2.61695,20.3582,0,0
1,0.25,2.46657,20.1637,0,0
1,0.25,2.32275,19.9644,0,0
1,0.25,2.18566,19.7603,0,0
1,0.25,2.05545,19.5518,0,0
1,0.25,1.93225,19.3391,0,0
1,0.25,1.81622,19.1224,0,0
1,0.25,1.70747,18.9019,0,0
1,0.25,1.60613,18.678,0,0
1,0.25,1.51231,18.4508,0,0
1,0.25,1.42611,18.2205,0,0
1,0.25,1.34763,17.9876,0,0
1,0.25,1.27697,17.7521,0,0
1,0.25,1.21418,17.5145,0,0
1,0.25,1.15936,17.2748,0,0
1,0.25,1.11255,17.0335,0,0
1,0.25,1.07381,16.7908,0,0
1,0.25,1.04318,16.5469,0,0
1,0.25,1.02069,16.3021,0,0
1,0.25,1.00638,16.0567,0,0
1,0.25,1.00025,15.8109,0,0
1,0.25,1.00232,15.5651,0,0
1,0.25,13.75,15.75,0,0
1,0.25,13.7442,15.9999,0,0
1,0.25,13.7268,16.2493,0,0
1,0.25,13.6978,16.4976,0,0
1,0.25,13.6572,16.7442,0,0
1,0.25,13.6053,16.9888,0,0
1,0.25,13.5421,17.2306,0,0
1,0.25,13.4676,17.4692,0,0
1,0.25,13.3822,17.7042,0,0
1,0.25,13.2859,17.9349,0,0
1,0.25,13.179,18.1608,0,0
1,0.25,13.0617,18.3816,0,0
1,0.25,12.9343,18.5966,0,0
1,0.25,12.797,18.8056,0,0
1,0.25,12.6502,19.0079,0,0
1,0.25,12.4941,19.2031,0,0
1,0.25,12.3291,19.3909,0,0
1,0.25,12.1555,19.5708,0,0
1,0.25,11.9738,19.7424,0,0
1,0.25,11.7842,19.9054,0,0
1,0.25,11.5874,20.0595,0,0
1,0.25,11.3835,20.2042,0,0
1,0.25,11.1732,20.3392,0,0
1,0.25,10.9568,20.4644,0,0
1,0.25,10.7348,20.5793,0,0
1,0.25,10.5077,20.6838,0,0
1,0.25,10.276,20.7776,0,0
1,0.25,10.0402,20.8606,0,0
1,0.25,9.80076,20.9325,0,0
1,0.25,9.55826,20.9931,0,0
1,0.25,9.3132,21.0425,0,0
1,0.25,9.06611,21.0804,0,0
1,0.25,8.81753,21.1068,0,0
1,0.25,8.56799,21.1215,0,0
1,0.25,8.31803,21.1247,0,0
1,0.25,8.0682,21.1162,0,0
1,0.25,7.81903,21.0962,0,0
1,0.25,7.57106,21.0645,0,0
1,0.25,7.32483,21.0214,0,0
1,0.25,7.08087,20.9669,0,0
1,0.25,6.83971,20.9011,0,0
1,0.25,6.60187,20.8241,0,0
1,0.25,6.36787,20.7362,0,0
1,0.25,6.13821,20.6375,0,0
1,0.25,5.91339,20.5282,0,0
1,0.25,5.69389,20.4086,0,0
1,0.25,5.48019,20.2789,0,0
1,0.25,5.27275,20.1394,0,0
1,0.25,5.07202,19.9904,0,0
1,0.25,4.87844,19.8322,0,0
1,0.25,4.69241,19.6653,0,0
1,0.25,4.51436,19.4898,0,0
1,0.25,4.34465,19.3063,0,0
1,0.25,4.18366,19.115,0,0
1,0.25,4.03174,18.9165,0,0
1,0.25,3.88921,18.7111,0,0
1,0.25,3.75639,18.4994,0,0
1,0.25,3.63355,18.2817,0,0
1,0.25,3.52097,18.0585,0,0
1,0.25,3.41889,17.8303,0,0
1,0.25,3.32752,17.5976,0,0
1,0.25,3.24708,17.3609,0,0
1,0.25,3.17772,17.1207,0,0
1,0.25,3.11961,16.8776,0,0
1,0.25,3.07287,16.6321,0,0
1,0.25,3.03759,16.3846,0,0
1,0.25,3.01386,16.1357,0,0
1,0.25,3.00172,15.886,0,0
1,0.25,3.00121,15.6361,0,0
1,0.25,13.5,15.75,0,0
1,0.25,13.4939,15.9999,0,0
1,0.25,13.4756,16.2492,0,0
1,0.25,13.4452,16.4973,0,0
1,0.25,13.4027,16.7437,0,0
1,0.25,13.3483,16.9876,0,0
1,0.25,13.2821,17.2287,0,0
1,0.25,13.2041,17.4662,0,0
1,0.25,13.1147,17.6996,0,0
1,0.25,13.014,17.9284,0,0
1,0.25,12.9022,18.152,0,0
1,0.25,12.7797,18.3699,0,0
1,0.25,12.6467,18.5816,0,0
1,0.25,12.5036,18.7865,0,0
1,0.25,12.3506,18.9842,0,0
1,0.25,12.1882,19.1742,0,0
1,0.25,12.0167,19.3561,0,0
1,0.25,11.8365,19.5294,0,0
1,0.25,11.6481,19.6937,0,0
1,0.25,11.4519,19.8486,0,0
1,0.25,11.2484,19.9937,0,0
1,0.25,11.0381,20.1288,0,0
1,0.25,10.8214,20.2534,0,0
1,0.25,10.5989,20.3674,0,0
1,0.25,10.3711,20.4703,0,0
1,0.25,10.1385,20.562,0,0
1,0.25,9.90179,20.6423,0,0
1,0.25,9.66142,20.7109,0,0
1,0.25,9.41799,20.7677,0,0
1,0.25,9.17208,20.8126,0,0
1,0.25,8.92427,20.8455,0,0
1,0.25,8.67516,20.8662,0,0
1,0.25,8.42533,20.8748,0,0
1,0.25,8.17538,20.8711,0,0
1,0.25,7.92591,20.8553,0,0
1,0.25,7.6775,20.8273,0,0
1,0.25,7.43076,20.7873,0,0
1,0.25,7.18626,20.7352,0,0
1,0.25,6.94459,20.6713,0,0
1,0.25,6.70632,20.5957,0,0
1,0.25,6.47202,20.5086,0,0
1,0.25,6.24225,20.4101,0,0
1,0.25,6.01755,20.3006,0,0
1,0.25,5.79846,20.1802,0,0
1,0.25,5.5855,20.0493,0,0
1,0.25,5.37918,19.9082,0,0
1,0.25,5.17998,19.7572,0,0
1,0.25,4.98839,19.5966,0,0
1,0.25,4.80485,19.4269,0,0
1,0.25,4.62981,19.2485,0,0
1,0.25,4.46368,19.0617,0,0
1,0.25,4.30685,18.867,0,0
1,0.25,4.1597,18.6649,0,0
1,0.25,4.02258,18.4559,0,0
1,0.25,3.89581,18.2405,0,0
1,0.25,3.7797,18.0191,0,0
1,0.25,3.67452,17.7923,0,0
1,0.25,3.58053,17.5607,0,0
1,0.25,3.49794,17.3248,0,0
1,0.25,3.42695,17.0851,0,0
1,0.25,3.36774,16.8422,0,0
1,0.25,3.32044,16.5968,0,0
1,0.25,3.28516,16.3493,0,0
1,0.25,3.26199,16.1004,0,0
1,0.25,3.25099,15.8507,0,0
1,0.25,3.25218,15.6007,0,0
