2452 2 0.25 4000 0.15 2 0 0.001 0 9.81 18 25
0,0.25,1.45795,12.6609,-0.283216,-1.43264
0,0.25,1.50479,12.2809,-0.24897,-0.970145
0,0.25,1.61387,13.605,0.11543,0.258974
0,0.25,1.64211,11.7723,-0.351202,-1.37701
0,0.25,1.45753,13.2426,0.262486,0.410843
0,0.25,1.21639,11.7008,-0.407523,-3.00722
0,0.25,1.33004,11.7557,-1.01114,-1.9491
0,0.25,1.28978,12.1214,0.420677,-0.833372
0,0.25,1.22666,12.6449,0.257867,-0.940694
0,0.25,1.45261,12.9842,0.543,-0.291629
0,0.25,1.25189,12.9183,-0.0142875,0.0626397
0,0.25,1.21877,13.2704,0.437291,0.145667
0,0.25,1.25947,13.6889,0.717019,1.10565
0,0.25,1.24579,14.7884,-0.408043,1.3881
0,0.25,1.32787,15.8505,0.553936,-0.0940016
0,0.25,1.40018,17.2719,0.809806,0.74948
0,0.25,1.46774,17.5373,0.266099,1.91125
0,0.25,2.55381,19.9433,1.7032,1.80305
0,0.25,4.29676,20.523,1.71093,2.28877
0,0.25,4.35077,21.3956,1.35695,2.15285
0,0.25,4.69515,21.853,0.538514,0.793889
0,0.25,9.01778,22.1373,1.49869,-0.624522
0,0.25,9.75846,21.4239,0.901745,-1.1825
0,0.25,8.04489,22.6984,1.42835,-1.11588
0,0.25,12.6478,20.6237,1.48496,-0.929223
0,0.25,12.0418,21.6334,2.95391,-0.00982222
0,0.25,12.1883,21.8008,2.00686,-0.0126396
0,0.25,14.7905,16.4281,0.544176,-1.54854
0,0.25,14.6215,17.4704,1.48059,-2.65163
0,0.25,14.4789,19.025,1.39506,-2.2932
0,0.25,14.6237,14.0584,-0.881182,-2.27572
0,0.25,14.8565,15.8337,0.0018947,-1.90051
0,0.25,15.2387,16.281,0.0897114,-1.13624
0,0.25,13.4853,12.7867,-1.44184,-1.63144
0,0.25,13.9445,12.0746,-0.164204,-1.18266
0,0.25,11.9875,12.7474,-1.7662,-0.963442
0,0.25,14.1662,13.3592,-1.10871,-1.07886
0,0.25,9.42483,12.9942,-0.796339,-0.659417
0,0.25,11.4266,13.0767,-1.39402,-0.0382044
0,0.25,9.41223,12.2084,-0.236236,-1.16822
0,0.25,14.928,12.8032,-0.23565,-0.823662
0,0.25,8.71075,12.4433,-0.0666559,-0.212306
0,0.25,10.082,13.3461,-1.04299,-0.403648
0,0.25,10.6604,11.818,-0.638612,-1.0517
0,0.25,10.4128,12.1267,-1.25417,-0.820859
0,0.25,9.91405,12.7507,-0.997127,-0.769308
0,0.25,13.8988,11.1891,-0.635846,-0.574926
0,0.25,11.8338,11.9693,-1.58444,-1.23939
0,0.25,15.2454,13.2322,-0.0350023,-0.49494
0,0.25,12.1529,11.9378,-1.22895,-0.994323
0,0.25,10.4533,13.2667,-1.47388,-0.451088
0,0.25,15.4802,13.8388,0.233727,-0.195785
0,0.25,12.8148,11.2623,-1.6111,-0.900299
0,0.25,10.3942,13.0028,-1.28042,-0.456285
0,0.25,11.3705,12.1432,-1.54196,-0.845025
0,0.25,13.4348,11.5199,-0.977573,-0.835309
0,0.25,1.63781,12.5388,-0.0310683,-1.85512
0,0.25,1.69278,13.0201,0.229428,-0.0645954
0,0.25,1.45064,13.8264,-0.0587078,0.618908
0,0.25,1.19831,14.4984,-0.0151739,0.804585
0,0.25,1.32963,12.4078,-0.124232,-0.937896
0,0.25,1.36534,13.4899,0.412007,0.969951
0,0.25,1.2281,13.9922,-0.605327,1.0978
0,0.25,1.28283,14.2383,-0.36761,0.844731
0,0.25,1.22971,15.3171,1.36209,1.38234
0,0.25,1.25934,15.5998,-0.546498,0.873983
0,0.25,1.61603,17.9648,0.864779,2.10562
0,0.25,1.76197,18.4789,-0.903257,1.93569
0,0.25,1.68843,18.2283,-0.856134,2.12573
0,0.25,2.38333,19.3353,-0.129065,3.38266
0,0.25,4.22196,21.0058,1.3899,3.06606
0,0.25,3.49816,20.9573,1.22949,1.7491
0,0.25,4.49299,21.7537,0.639245,0.653576
0,0.25,6.41685,22.1514,1.23762,-0.886714
0,0.25,5.07924,22.074,1.39353,0.508644
0,0.25,7.12584,22.7785,3.00688,-0.304283
0,0.25,7.61413,22.8644,2.69342,-0.935956
0,0.25,8.42203,22.895,1.82096,-0.0790353
0,0.25,9.61622,22.8031,1.30815,0.633827
0,0.25,10.6289,22.5368,1.29893,0.541005
0,0.25,11.4196,21.9425,2.47476,-0.90831
0,0.25,12.7064,21.1426,0.969116,-0.0424749
0,0.25,13.2807,20.6644,1.90051,-0.386487
0,0.25,12.6141,21.508,-0.0873057,1.04967
0,0.25,14.8279,15.5589,-0.944879,-1.855
0,0.25,13.2965,13.5371,-1.47529,-1.05508
0,0.25,13.5998,20.6417,1.13202,-0.156304
0,0.25,14.3532,19.6546,0.18915,-0.742325
0,0.25,15.505,15.7034,-0.277892,-0.535844
0,0.25,11.2539,14.8346,-0.671916,-0.0448799
0,0.25,12.3964,12.619,-1.98207,-1.14286
0,0.25,15.1947,16.8599,-0.0559099,-0.879032
0,0.25,11.9102,15.0136,-0.443865,-0.0246343
0,0.25,11.5765,12.9199,-1.64664,-0.267775
0,0.25,9.42381,13.2631,-0.4749,-0.352314
0,0.25,10.5419,13.7185,-1.26719,-0.455552
0,0.25,10.1976,13.162,-1.45137,-0.582581
0,0.25,10.6295,12.0798,-0.926798,-1.21568
0,0.25,9.72981,10.4788,-0.496452,-0.782278
0,0.25,15.0449,10.8281,0.60333,0.514581
0,0.25,14.5015,11.9009,0.243105,-0.034607
0,0.25,12.0276,11.3755,-0.858651,-1.32812
0,0.25,15.1176,13.0139,-0.827234,-0.710414
0,0.25,11.2355,12.8301,-1.68021,-0.280244
0,0.25,10.7714,12.3056,-1.45353,-0.684854
0,0.25,9.41274,11.9133,-0.65821,-1.19731
0,0.25,14.0822,10.9822,-0.0487113,-0.00451527
0,0.25,13.013,11.9071,-1.44143,-0.978036
0,0.25,10.7909,12.8363,-1.44846,-0.297815
0,0.25,10.3327,12.6932,-1.29159,-0.615637
0,0.25,10.6397,13.0637,-1.44217,-0.33052
0,0.25,10.5563,12.796,-1.49937,-0.54446
0,0.25,1.62438,12.0418,-0.166413,-1.1403
0,0.25,1.47053,14.3797,-0.817915,1.01403
0,0.25,1.45089,15.4273,0.26593,0.387018
0,0.25,1.22576,15.035,-0.936647,0.814348
0,0.25,1.49428,15.6828,3.19584,-0.019885
0,0.25,1.31142,16.572,0.891352,2.0313
0,0.25,1.54159,17.1491,1.09932,1.16175
0,0.25,1.97373,19.0135,1.54689,3.15612
0,0.25,2.31196,19.5419,0.952576,2.5086
0,0.25,2.61595,19.4752,1.25137,3.14392
0,0.25,3.42908,20.5327,0.581049,2.30876
0,0.25,5.01208,21.5239,1.70416,2.05069
0,0.25,4.54734,21.546,0.922143,1.54997
0,0.25,4.78503,21.6526,0.904583,1.51796
0,0.25,7.36726,22.8198,2.93243,-0.190141
0,0.25,7.56338,22.6372,2.44082,-1.10257
0,0.25,10.1006,21.7492,0.655514,-1.47853
0,0.25,10.112,22.2176,-0.0299572,-0.32091
0,0.25,12.0738,21.0846,1.66225,-0.230699
0,0.25,11.8436,21.5113,3.64412,-0.581335
0,0.25,13.8324,19.6407,1.02166,-1.3747
0,0.25,13.3226,19.2316,0.244263,-1.02482
0,0.25,14.0691,16.4585,0.347824,-0.898866
0,0.25,14.54,17.725,1.48005,-2.42581
0,0.25,14.5758,18.2721,1.10617,-2.39098
0,0.25,13.9764,19.4158,1.01918,-1.43427
0,0.25,14.9852,16.8509,0.659218,-1.64032
0,0.25,15.0436,14.929,-0.382063,-2.31199
0,0.25,14.0809,20.0475,-0.239004,-0.36266
0,0.25,15.2424,13.6582,-0.184817,-0.739197
0,0.25,12.1087,13.9372,-1.09532,-0.28393
0,0.25,11.36,13.6601,-1.24503,0.0961466
0,0.25,14.0753,13.1414,-1.36614,-1.22495
0,0.25,15.2465,14.2253,-0.333753,-1.63077
0,0.25,13.4252,12.58,-1.80334,-1.76256
0,0.25,11.2929,14.5752,-0.692301,0.0657173
0,0.25,9.21139,12.1498,-0.515767,-1.35424
0,0.25,15.5075,15.2363,-0.228187,-0.717247
0,0.25,14.2255,11.9481,-0.335324,-1.69588
0,0.25,11.5798,13.3002,-1.37666,-0.553619
0,0.25,10.872,12.5624,-1.45275,-0.556175
0,0.25,15.4689,14.0501,-0.427882,-0.61447
0,0.25,9.73211,12.2726,-0.804863,-1.30987
0,0.25,11.0442,12.7072,-1.45236,-0.527946
0,0.25,15.4599,13.6123,-0.345809,-0.577513
0,0.25,11.6822,11.7669,-1.3315,-0.820826
0,0.25,12.1338,12.1479,-1.97914,-0.612045
0,0.25,13.3163,11.198,-0.951875,-1.24741
0,0.25,10.5206,12.3587,-1.24057,-1.00729
0,0.25,10.6379,12.563,-1.55549,-0.499376
0,0.25,10.9789,12.9843,-1.39485,-0.382894
0,0.25,14.7093,10.6252,0.345423,1.15716
0,0.25,15.5189,13.3961,0.158021,0.163167
0,0.25,13.4766,8.47042,-1.79735,6.70469
0,0.25,14.763,12.4488,-0.533384,-0.335575
0,0.25,11.6838,12.3036,-1.84599,-0.479175
0,0.25,1.66034,13.3667,-0.0084465,-0.0923733
0,0.25,1.48876,14.1148,-1.02657,0.874997
0,0.25,1.50112,14.89,-0.190044,1.49026
0,0.25,1.3002,16.9688,0.773189,1.91991
0,0.25,1.88029,17.9592,1.802,2.26509
0,0.25,1.55366,17.7419,-0.226801,2.16475
0,0.25,2.07823,18.6724,1.92251,3.45257
0,0.25,2.80548,20.2465,0.843701,1.54924
0,0.25,3.35056,20.7842,0.639425,0.896118
0,0.25,3.8812,21.3114,1.81891,2.77097
0,0.25,4.27838,21.6117,1.08125,1.98384
0,0.25,7.06732,21.7808,2.43198,0.0618724
0,0.25,6.20692,22.562,1.28603,-0.287066
0,0.25,5.29022,22.1756,1.69111,1.39183
0,0.25,8.82132,22.0217,1.73798,-0.779777
0,0.25,10.2607,22.4098,0.265095,-0.428999
0,0.25,9.95734,22.0253,0.596414,-0.751932
0,0.25,8.93819,22.8544,2.77102,-0.505251
0,0.25,11.6097,21.8526,3.28134,-0.978496
0,0.25,9.37109,22.8327,1.84334,-0.876381
0,0.25,13.5884,19.6096,0.756279,-1.34498
0,0.25,13.4576,19.4168,0.82619,-1.29182
0,0.25,11.7591,22.0531,3.18613,-1.47618
0,0.25,13.9239,20.236,0.296907,0.0614992
0,0.25,13.0103,21.2098,0.154118,-0.198348
0,0.25,14.2142,19.4501,1.15241,-1.91659
0,0.25,13.9205,19.8824,0.932001,-0.932513
0,0.25,14.5826,14.8907,-0.543417,-2.04897
0,0.25,15.0071,14.6702,-0.620973,-2.33431
0,0.25,14.474,19.4592,0.508572,-1.14885
0,0.25,14.8263,15.0117,-0.377996,-2.40254
0,0.25,13.7872,12.5985,-1.6101,-1.74413
0,0.25,13.3914,12.3077,-1.81648,-1.45199
0,0.25,10.5628,14.3781,-0.622814,0.0681922
0,0.25,14.3222,13.1434,-1.30519,-1.62795
0,0.25,13.6139,12.4299,-0.271173,-1.4427
0,0.25,15.5073,15.9529,0.737327,-0.402341
0,0.25,11.4197,14.0025,-1.13578,0.0586017
0,0.25,9.73687,12.5896,-0.546507,-1.02044
0,0.25,14.1461,12.1941,-0.551891,-1.10943
0,0.25,11.5204,14.5351,-0.829575,0.236058
0,0.25,9.30966,11.1224,-0.186448,-1.54658
0,0.25,14.7369,13.2627,-0.836672,-1.36016
0,0.25,8.89054,11.141,-0.257108,-1.51638
0,0.25,9.54311,12.4347,-0.560152,-0.989077
0,0.25,10.0788,12.5717,-1.04571,-0.91733
0,0.25,14.9753,10.5293,0.58506,2.29416
0,0.25,11.2057,13.0815,-1.28359,-0.290501
0,0.25,12.9696,11.0206,-1.0877,-1.31783
0,0.25,15.3991,10.5688,0.858976,-1.02655
0,0.25,11.0926,12.4182,-1.52367,-0.525589
0,0.25,11.1729,13.3243,-1.01702,-0.00588508
0,0.25,13.3041,10.949,-0.604554,-0.540339
0,0.25,12.8166,11.7519,-1.31612,-1.12747
0,0.25,12.6827,11.5663,-0.870229,-1.35358
0,0.25,14.1206,9.85834,1.13069,-0.910241
0,0.25,1.82986,11.8364,-0.374381,-1.21889
0,0.25,1.42655,15.1858,-0.322331,-0.0785884
0,0.25,1.26934,16.0136,1.27356,2.28164
0,0.25,2.15254,18.2516,1.89421,2.15771
0,0.25,2.25902,18.4882,0.989473,2.90762
0,0.25,2.83073,19.3564,0.751877,3.06893
0,0.25,3.06931,20.2685,0.70193,1.11474
0,0.25,3.18187,20.6343,-0.45193,1.16614
0,0.25,3.95531,21.0851,2.41489,2.94791
0,0.25,5.24257,21.9128,1.56561,1.2445
0,0.25,6.17416,22.3099,0.969944,-0.454491
0,0.25,7.78152,22.4366,2.09208,-1.82314
0,0.25,7.08833,22.5371,2.93594,-0.962525
0,0.25,7.32887,22.5843,2.92756,-0.863497
0,0.25,10.1856,21.9489,0.791358,-0.744017
0,0.25,11.3855,21.4905,2.82187,-1.04064
0,0.25,7.86767,22.8915,2.19909,-0.400731
0,0.25,12.8501,20.4745,1.68399,-1.40874
0,0.25,12.292,21.2058,1.8222,0.34788
0,0.25,13.6754,19.858,1.15253,-1.14368
0,0.25,14.6315,15.6922,-0.461629,-1.69595
0,0.25,13.0497,20.2991,1.55351,-1.43903
0,0.25,13.7501,20.0973,0.513506,-0.882698
0,0.25,14.7942,14.7555,-0.77942,-2.30781
0,0.25,14.1949,13.8868,-1.43112,-1.36586
0,0.25,13.8815,13.7575,-0.660865,-1.48099
0,0.25,15.0334,15.4553,-0.245332,-2.2187
0,0.25,14.6068,19.2509,0.204219,-0.808461
0,0.25,14.1634,13.6909,-0.944113,-1.31623
0,0.25,15.2194,14.4718,-1.10095,-1.35594
0,0.25,11.8193,14.2641,-0.844771,0.261973
0,0.25,14.6478,13.5273,-0.9758,-1.39793
0,0.25,12.1874,15.0206,-0.421753,0.634847
0,0.25,13.3175,11.9891,-1.88021,-0.742631
0,0.25,15.2148,14.0108,-0.626732,-1.65734
0,0.25,15.0846,13.7968,-0.959084,-1.30646
0,0.25,10.3037,12.4588,-1.48264,-0.768833
0,0.25,13.2542,10.642,-1.99197,-1.87935
0,0.25,8.92368,12.302,-0.428704,-0.531032
0,0.25,9.56556,11.4195,-0.267499,-1.42891
0,0.25,10.7253,13.9362,-1.02146,-0.772262
0,0.25,13.236,11.442,-0.920146,-0.596679
0,0.25,14.6327,13.0744,-0.72047,-1.28303
0,0.25,13.5487,11.1892,-0.576763,-0.496007
0,0.25,14.0867,11.8042,-0.0723319,-0.463557
0,0.25,12.8294,10.0137,7.84805,6.4951
0,0.25,13.0762,11.194,-0.655213,-0.828593
0,0.25,9.14491,11.5778,-0.161699,-1.65253
0,0.25,12.1939,11.6631,-1.63867,-0.630922
0,0.25,14.1227,11.2851,0.217651,-0.56791
0,0.25,14.3313,11.122,-0.234969,1.05782
0,0.25,14.3151,10.3333,-0.00797251,0.731555
0,0.25,11.4114,12.7024,-1.4787,-0.457116
0,0.25,15.5514,12.5029,0.990042,0.340322
0,0.25,12.9344,11.4779,-1.27844,-1.14484
0,0.25,10.6836,11.1394,-0.412946,-0.47508
0,0.25,1.71228,12.7447,0.385875,-1.01015
0,0.25,1.65295,13.9365,-0.306849,0.431008
0,0.25,1.58589,16.9324,0.279653,1.25726
0,0.25,1.62905,17.3783,0.184641,1.60276
0,0.25,2.94894,19.1449,0.8014,3.3452
0,0.25,2.16666,18.8971,1.39679,4.12412
0,0.25,3.76806,20.9113,1.81037,2.54484
0,0.25,4.48066,20.8908,1.23054,2.89118
0,0.25,3.68367,21.1344,2.15506,2.59411
0,0.25,4.07253,21.4613,1.83941,1.9592
0,0.25,5.97915,22.4802,1.00568,0.0696274
0,0.25,6.64757,22.2109,1.85005,-0.946138
0,0.25,7.77491,21.7462,1.9023,-0.444105
0,0.25,8.68847,22.2139,1.8141,-1.56611
0,0.25,8.91045,21.3438,1.80932,-0.104319
0,0.25,8.13393,22.9136,1.31502,-0.812119
0,0.25,10.5124,22.3163,0.859036,0.217519
0,0.25,11.0041,22.13,1.11868,-0.423681
0,0.25,14.1127,18.2776,0.959708,-1.8492
0,0.25,11.1137,22.3669,1.17483,-0.0187884
0,0.25,13.5901,20.3015,1.12202,-0.330686
0,0.25,13.0939,20.5344,1.86381,-1.19942
0,0.25,13.1111,20.8277,1.78966,-0.910488
0,0.25,14.6684,15.9754,-0.52634,-1.54118
0,0.25,14.4628,18.5165,1.42538,-2.30462
0,0.25,12.9547,13.3554,-1.42638,-1.10674
0,0.25,14.7467,13.8186,-1.36213,-2.01185
0,0.25,13.4213,20.8559,1.10473,-0.368397
0,0.25,12.9274,14.3585,-0.143933,-0.119665
0,0.25,13.0203,12.4203,-2.05333,-1.37625
0,0.25,15.2445,16.539,0.307122,-1.65079
0,0.25,12.6492,12.5122,-2.3372,-1.00534
0,0.25,15.181,17.8509,0.831644,-0.836975
0,0.25,9.38261,13.9924,-0.314152,-0.287292
0,0.25,11.9462,14.6192,-0.591982,0.238084
0,0.25,15.4666,14.511,-0.763499,-0.740567
0,0.25,10.8797,14.2018,-0.832761,-0.263318
0,0.25,8.75064,13.6887,-0.223576,-0.423654
0,0.25,11.4737,12.3707,-1.78067,-0.222886
0,0.25,11.8771,10.3659,-2.15227,-0.176508
0,0.25,15.5145,14.2859,-0.203105,-0.589186
0,0.25,14.6537,11.2362,-0.127942,0.668799
0,0.25,11.9742,11.7611,-1.60189,-0.178409
0,0.25,12.4456,11.5932,-0.651931,-0.87506
0,0.25,12.2581,11.4233,-1.08032,-0.957226
0,0.25,11.4469,11.8493,-1.4459,-0.296521
0,0.25,10.1509,11.5114,-0.054041,-0.966193
0,0.25,10.9941,11.4842,-0.15424,-0.988225
0,0.25,15.2724,12.3607,-0.13912,0.422919
0,0.25,11.6203,10.8663,0.100499,-1.3375
0,0.25,15.4799,13.1603,-1.16802,-0.469871
0,0.25,14.6996,12.6367,-0.987171,-1.1925
0,0.25,12.4084,10.5845,-1.17629,-0.285643
0,0.25,15.4086,10.2612,-0.154026,0.461726
0,0.25,11.4207,11.1745,-0.496996,-1.34233
0,0.25,10.7953,11.6212,-0.655146,-1.15907
0,0.25,1.8516,13.1874,0.347237,-0.182059
0,0.25,1.4397,14.6447,-0.0710879,1.01377
0,0.25,1.9302,18.1916,1.09357,2.77972
0,0.25,1.99328,18.4472,0.968186,2.36785
0,0.25,2.1226,19.2904,-0.104589,2.90911
0,0.25,2.79615,20.0406,0.975979,2.195
0,0.25,4.51595,20.3971,1.62859,2.3083
0,0.25,4.66886,21.0282,1.29286,2.49917
0,0.25,4.42136,21.144,1.44039,2.54217
0,0.25,6.87366,22.2346,2.32071,-1.03954
0,0.25,5.50148,22.29,1.1663,0.91438
0,0.25,6.434,22.6264,2.20579,-0.220604
0,0.25,9.41044,22.3981,2.20341,-0.793572
0,0.25,9.5081,22.1705,1.67537,-0.43854
0,0.25,9.29634,22.6124,2.74813,-0.593216
0,0.25,12.041,20.819,0.982824,-0.662457
0,0.25,9.14905,22.8168,2.16565,-0.396857
0,0.25,12.4934,21.0435,1.20287,-0.0802889
0,0.25,14.4615,17.9969,1.40336,-2.05021
0,0.25,12.4977,21.3139,1.01247,0.677881
0,0.25,11.5437,22.1609,2.09327,-1.58913
0,0.25,12.7988,21.3517,-0.202986,0.677418
0,0.25,12.3967,21.6472,0.869191,0.78537
0,0.25,15.0445,16.5831,0.756338,-1.3627
0,0.25,13.1755,13.3239,-1.61623,-1.10869
0,0.25,14.0725,19.6656,0.938309,-1.5451
0,0.25,15.2819,17.6134,0.351881,-1.71654
0,0.25,12.6949,12.1248,-1.94936,-1.11735
0,0.25,11.9502,13.0602,-1.66778,-0.657524
0,0.25,12.8387,12.6369,-2.2525,-1.24407
0,0.25,14.7298,19.0298,0.69228,-0.745895
0,0.25,15.3723,17.0934,-0.149127,-0.66778
0,0.25,9.28541,12.761,-0.565021,-1.07928
0,0.25,15.4884,15.4704,-0.193432,-0.844988
0,0.25,8.94419,12.5864,0.135988,-0.677799
0,0.25,15.4097,16.1414,0.235745,-0.456395
0,0.25,14.9412,13.4081,-0.0739338,-1.48763
0,0.25,10.3524,14.1479,-0.936011,0.00575594
0,0.25,14.9568,13.1369,-0.519829,-1.59238
0,0.25,14.4733,13.3398,-0.661332,-1.24873
0,0.25,15.1834,13.4207,-0.665378,-1.22901
0,0.25,11.609,12.0503,-2.07946,-0.732586
0,0.25,10.9275,13.8659,-0.658598,0.0585975
0,0.25,13.7893,11.9126,-1.15128,-0.666154
0,0.25,11.8567,11.5563,-1.25929,-0.598028
0,0.25,14.405,11.3296,-0.101136,0.654114
0,0.25,10.3576,13.4621,-1.26525,-0.513019
0,0.25,13.0926,11.6292,-1.34879,-1.11092
0,0.25,14.3794,11.6588,-0.530966,-0.431024
0,0.25,10.6955,13.3324,-1.56677,-0.660391
0,0.25,15.0137,12.3478,-0.281814,-0.168707
0,0.25,14.363,10.1442,-0.0202044,-0.0146027
0,0.25,15.2473,12.6045,-0.349543,-1.50766
0,0.25,11.1988,11.8619,-1.18174,-0.60712
0,0.25,10.421,10.9813,0.237661,-0.382866
0,0.25,9.53799,11.121,-0.17683,-1.46253
0,0.25,1.78621,12.3378,-0.913072,-1.15347
0,0.25,1.83048,13.5923,0.0114586,0.583597
0,0.25,1.52668,16.1522,1.01381,2.0504
0,0.25,2.35387,18.1121,1.20653,0.818062
0,0.25,2.86377,19.609,0.673475,2.71691
0,0.25,4.02599,20.8505,1.65209,2.95291
0,0.25,3.02498,20.4735,0.83882,0.644549
0,0.25,4.27595,20.7649,1.3064,2.92412
0,0.25,4.77793,21.416,0.979757,1.449
0,0.25,5.94488,22.2347,0.745242,0.0247928
0,0.25,5.7407,22.3975,0.860572,0.26803
0,0.25,9.40106,21.716,1.54105,-0.489451
0,0.25,8.72106,22.4522,1.68069,-1.19384
0,0.25,10.4292,21.8811,0.520837,-1.1606
0,0.25,9.2746,22.1791,1.55224,-0.473981
0,0.25,9.77491,22.5612,0.563315,0.0981329
0,0.25,11.2135,22.0452,1.18837,-1.28977
0,0.25,12.9198,21.002,1.54396,-0.217039
0,0.25,9.86358,22.7417,0.622844,-0.620221
0,0.25,11.9742,21.9409,2.80273,-1.24824
0,0.25,14.2336,18.5186,1.17372,-1.63635
0,0.25,11.3275,22.2491,1.54409,-0.421979
0,0.25,14.8652,18.101,1.31256,-2.1537
0,0.25,14.2372,18.9806,1.44459,-2.01026
0,0.25,14.5876,18.8115,1.52269,-2.26516
0,0.25,14.8155,15.2829,-0.217297,-2.12008
0,0.25,12.7038,13.2688,-1.62556,-0.961536
0,0.25,14.9809,14.4167,-0.93228,-2.4659
0,0.25,15.0127,16.3012,0.0696999,-1.88242
0,0.25,12.3595,14.0892,-0.752462,0.0484922
0,0.25,14.9769,14.1846,-0.565093,-2.47772
0,0.25,15.2814,14.9703,-0.149071,-1.34169
0,0.25,15.5144,16.3698,0.864527,-0.852598
0,0.25,15.2501,15.4695,0.0744122,-0.597842
0,0.25,9.79153,13.45,-0.726157,-0.54527
0,0.25,9.18016,14.1416,-0.202204,-0.547168
0,0.25,10.8767,13.1766,-1.23388,-0.128677
0,0.25,15.5053,14.7311,-0.244595,-0.412844
0,0.25,11.3789,13.3873,-1.2727,0.17792
0,0.25,14.1512,12.785,-1.01275,-1.70932
0,0.25,13.8754,10.73,0.271257,-0.496993
0,0.25,10.8653,11.9728,-1.13495,-0.829943
0,0.25,9.83305,11.9361,-0.409829,-1.45515
0,0.25,15.0287,11.861,-0.319901,0.410987
0,0.25,10.9835,13.4196,-1.57839,-0.498287
0,0.25,15.4332,10.7632,1.39873,0.468091
0,0.25,14.1287,10.7248,-0.500234,0.00668971
0,0.25,13.5358,10.4077,-0.735715,-0.911989
0,0.25,13.8077,10.2961,-1.24811,1.11743
0,0.25,14.7339,12.1921,-0.427961,-0.0429888
0,0.25,11.7875,11.054,0.272113,-0.371153
0,0.25,15.0097,12.5944,-0.609006,-1.31495
0,0.25,15.5327,10.9967,1.55411,0.0929772
0,0.25,14.6824,11.7216,-0.28248,0.34875
0,0.25,14.1919,11.5459,-0.871328,-0.290763
0,0.25,11.6988,10.4889,-2.72912,-0.592756
0,0.25,1.89925,12.0921,-0.672587,-0.981728
0,0.25,1.67265,14.4735,-0.466522,0.984962
0,0.25,1.80809,17.7348,1.5411,1.18991
0,0.25,1.85696,18.73,0.24019,2.9028
0,0.25,2.47556,19.6921,0.833456,2.61819
0,0.25,3.687,20.4741,1.23346,2.55266
0,0.25,4.92067,20.9343,1.71875,2.30686
0,0.25,5.22375,21.6689,1.88184,1.46113
0,0.25,5.71438,21.9111,1.0543,0.259098
0,0.25,7.08454,22.2904,2.59132,-0.961111
0,0.25,8.4786,22.4414,1.54598,-0.963489
0,0.25,8.21398,21.4259,0.790142,0.205812
0,0.25,9.05131,22.5708,2.65764,-0.237664
0,0.25,8.3011,22.7143,1.31469,-1.31921
0,0.25,9.88199,22.2914,0.769892,-0.185985
0,0.25,10.3671,22.5903,1.20661,0.0471359
0,0.25,13.2516,20.0725,1.0204,-1.40491
0,0.25,13.4261,19.8378,0.916419,-1.19722
0,0.25,13.7331,19.3878,1.02508,-1.65266
0,0.25,14.1516,17.5563,1.6121,-2.50037
0,0.25,14.3859,17.5188,1.65705,-2.16473
0,0.25,14.1285,16.6858,0.726604,-2.14814
0,0.25,14.1956,15.2242,-0.184118,-1.89873
0,0.25,14.0633,14.7316,-0.495127,-1.66583
0,0.25,13.9537,13.523,-1.07968,-1.40694
0,0.25,12.714,12.9278,-2.09889,-1.31629
0,0.25,15.1139,17.1108,0.248513,-1.19765
0,0.25,15.2688,15.2183,-0.886483,-1.03713
0,0.25,12.5033,12.3269,-1.9237,-0.956656
0,0.25,12.5415,13.9556,-0.347741,-0.0454744
0,0.25,11.7414,14.4781,-0.583552,0.356297
0,0.25,14.3776,12.9368,-1.16296,-1.80405
0,0.25,10.6721,14.8126,-0.22359,-0.181593
0,0.25,12.1702,12.8939,-1.79399,-0.941941
0,0.25,15.421,16.8521,0.167304,-1.01585
0,0.25,11.1527,13.6492,-1.40999,-0.558538
0,0.25,9.41834,11.6309,-0.509166,-1.12579
0,0.25,8.80635,13.4876,-0.289947,-0.523423
0,0.25,9.0652,12.7791,-0.363272,-0.36555
0,0.25,8.76837,12.1415,-0.490785,-0.34976
0,0.25,11.613,12.6175,-1.43456,-0.533849
0,0.25,11.1814,12.1211,-1.58538,-0.633468
0,0.25,14.9748,12.1158,-0.419264,0.857381
0,0.25,14.437,12.1154,-0.745098,-1.22207
0,0.25,12.8759,10.8322,-1.42179,-0.899941
0,0.25,12.642,11.0366,-1.2857,-1.11653
0,0.25,13.8324,10.9694,-0.560847,-0.472476
0,0.25,15.0579,11.4388,0.228858,0.568293
0,0.25,12.0616,10.4722,-1.62698,-0.359443
0,0.25,14.5137,12.3141,-0.470038,-1.30271
0,0.25,13.538,11.8312,-1.769,-0.967766
0,0.25,15.1477,10.6502,0.755921,-0.655256
0,0.25,9.58953,10.7822,-0.0734356,-1.25368
0,0.25,11.004,10.9415,0.108487,-1.32253
0,0.25,10.1739,10.0675,-0.0823439,-0.21565
0,0.25,14.2768,10.5629,-0.799936,0.0645819
0,0.25,1.99085,12.4053,-0.575452,-0.598279
0,0.25,1.96445,12.8983,-0.0917272,-0.712424
0,0.25,1.62894,15.0942,-0.497577,1.54051
0,0.25,2.74217,17.6895,1.6351,0.0704055
0,0.25,3.14176,19.2226,0.564618,3.06417
0,0.25,3.519,20.2833,0.667553,2.38955
0,0.25,4.4841,20.1431,1.57212,1.61022
0,0.25,4.59783,21.2882,0.790489,2.27832
0,0.25,5.44485,21.7864,1.92136,0.882391
0,0.25,5.70913,22.1489,0.790696,-0.00743157
0,0.25,6.85931,22.4845,2.34209,-0.945604
0,0.25,8.55752,21.5748,1.01128,0.143248
0,0.25,8.01376,21.3479,1.16536,-0.0665265
0,0.25,9.53336,22.6024,1.63277,0.532968
0,0.25,11.1401,21.5933,2.08744,-1.47998
0,0.25,11.0873,21.849,1.8137,-1.59389
0,0.25,10.764,22.222,0.358592,-0.8625
0,0.25,12.2739,21.476,1.63818,0.29981
0,0.25,13.2934,20.3051,1.7871,-1.02321
0,0.25,13.9848,18.9564,1.08116,-1.74106
0,0.25,14.3151,17.7838,1.30487,-2.03889
0,0.25,14.6711,18.0131,1.22652,-2.4494
0,0.25,14.1143,19.1965,1.17614,-1.77925
0,0.25,14.7544,17.7505,1.10716,-2.73675
0,0.25,13.912,14.5711,-0.627744,-1.61627
0,0.25,13.7804,20.4437,0.324847,-0.238538
0,0.25,14.9488,17.8426,1.35555,-2.08396
0,0.25,11.7857,12.8504,-1.85481,-0.509137
0,0.25,15.0605,15.7264,-0.29013,-1.97285
0,0.25,12.4779,14.5708,-0.209144,0.477173
0,0.25,13.9478,12.3755,-0.889703,-1.94322
0,0.25,12.6023,13.7518,-0.73999,-0.117596
0,0.25,15.0314,18.3118,0.303574,-0.674153
0,0.25,13.2039,12.2095,-1.85255,-0.918687
0,0.25,10.2591,13.6454,-0.723963,-0.232839
0,0.25,10.0344,14.3398,-0.726612,-0.0526852
0,0.25,8.94594,13.0105,-0.256094,-0.257515
0,0.25,9.92696,12.3806,-0.949758,-0.907168
0,0.25,10.961,12.1967,-1.29212,-1.1069
0,0.25,9.42882,15.0055,-0.049077,-0.310479
0,0.25,8.74475,11.6232,-0.518408,-0.976491
0,0.25,8.68752,11.3004,0.0131261,-0.420017
0,0.25,11.8432,10.6197,-2.25562,-0.503095
0,0.25,11.6786,11.4388,-1.25019,-0.807763
0,0.25,12.3109,7.88013,-4.87722,6.9679
0,0.25,10.9999,11.7845,-0.92079,-0.965536
0,0.25,14.534,10.803,-0.11805,-0.511649
0,0.25,15.5349,11.9261,0.0419056,0.788221
0,0.25,14.9501,11.6608,-0.255909,0.776814
0,0.25,15.4975,12.9627,0.303523,-0.707349
0,0.25,14.8415,11.3919,0.563578,0.886255
0,0.25,10.0116,11.1164,-0.00217292,-0.986254
0,0.25,14.8011,10.8345,-0.696588,0.000945928
0,0.25,12.9199,10.1354,-0.734006,2.21221
0,0.25,15.3036,10.966,0.497351,0.620779
0,0.25,13.2946,9.783,-1.42092,0.67738
0,0.25,2.05112,11.8828,-0.678462,-0.35067
0,0.25,1.99027,13.3834,-0.0123629,0.300451
0,0.25,1.74303,14.1855,-0.624302,0.613996
0,0.25,1.42116,16.7751,0.0613419,2.35889
0,0.25,2.43603,18.3384,1.06237,1.91224
0,0.25,2.69562,19.7569,1.55622,2.99046
0,0.25,3.59957,20.7207,1.49333,1.80766
0,0.25,4.95723,20.695,1.30931,2.22161
0,0.25,5.04692,21.3119,1.83075,1.87736
0,0.25,6.1839,22.0674,1.14277,-0.631387
0,0.25,4.88532,21.968,1.29122,0.750853
0,0.25,7.31536,22.3533,2.84112,-0.999755
0,0.25,9.60227,21.9022,1.20344,-1.04855
0,0.25,9.39856,21.306,1.29495,-0.369372
0,0.25,10.2109,21.5095,0.659743,-1.50638
0,0.25,11.6287,21.1382,1.76917,-0.989281
0,0.25,11.8401,20.991,1.28942,-0.690942
0,0.25,12.7462,19.6673,0.228446,-2.08286
0,0.25,10.8623,22.4199,1.24777,0.499323
0,0.25,12.8947,20.7256,1.43632,-1.07792
0,0.25,14.0226,17.1298,1.44474,-2.80349
0,0.25,13.5185,17.9763,-0.243637,-0.612099
0,0.25,14.5411,16.3749,0.521378,-1.84145
0,0.25,14.5534,14.6458,-0.928216,-2.43962
0,0.25,13.2036,21.0311,0.989573,0.122262
0,0.25,14.6827,18.5893,1.30686,-2.42172
0,0.25,14.9152,13.9738,-1.40851,-2.20757
0,0.25,15.1942,15.9796,0.473455,-1.12007
0,0.25,14.2144,19.851,0.0717261,-0.177736
0,0.25,14.2288,12.4039,-1.13107,-0.783489
0,0.25,14.8436,18.7892,0.357011,-0.173732
0,0.25,11.8232,12.5439,-1.63609,-0.693495
0,0.25,10.7325,14.59,-0.145232,0.203462
0,0.25,10.872,14.4316,-0.45623,-0.0349107
0,0.25,14.9382,18.5448,0.525195,-0.370246
0,0.25,11.1284,14.3757,-0.869886,-0.07671
0,0.25,9.19249,11.8455,0.0333588,-1.28432
0,0.25,14.7232,12.8908,-0.485826,-1.08587
0,0.25,15.5134,14.9844,-0.0287345,-0.147157
0,0.25,12.4197,12.0664,-1.98551,-0.660127
0,0.25,9.92445,10.5793,-0.451504,-0.648026
0,0.25,10.6841,10.9457,-0.53633,-0.639493
0,0.25,8.7242,11.9024,0.506988,-0.802316
0,0.25,9.77673,10.9941,-0.592697,-1.29103
0,0.25,8.95541,11.7667,-0.24683,-1.38176
0,0.25,8.91197,11.4777,-0.21987,-1.54651
0,0.25,10.1766,12.8653,-0.948656,-0.827443
0,0.25,12.4879,10.9647,-1.25073,-1.48872
0,0.25,11.2684,10.8214,0.693333,-1.44734
0,0.25,10.1132,10.7289,0.0995039,-0.879553
0,0.25,14.3226,10.8688,-1.36549,-0.706032
0,0.25,15.2291,12.1077,-0.16935,0.771274
0,0.25,14.5063,10.5231,-1.36082,0.698363
0,0.25,11.4651,11.6085,-1.1578,-1.43975
0,0.25,14.4487,9.97006,0.729502,-0.404959
0,0.25,11.9147,10.8745,-0.948131,-1.05507
0,0.25,2.20728,11.8698,-0.356393,-0.38114
0,0.25,1.9613,12.6716,-0.316788,-0.664409
0,0.25,1.87621,13.8571,-0.236607,0.0588943
0,0.25,1.63892,15.9765,1.20659,2.60268
0,0.25,1.8113,17.5189,0.467913,0.553611
0,0.25,2.27564,19.111,0.208515,4.25747
0,0.25,3.84715,20.6649,1.53675,2.33082
0,0.25,3.63474,19.2763,1.28104,1.73522
0,0.25,4.85431,21.1755,1.21013,2.20757
0,0.25,5.01074,21.7786,1.59947,1.41818
0,0.25,6.84449,21.9881,1.70623,-0.576807
0,0.25,6.89821,22.7324,2.49611,-0.148257
0,0.25,7.96783,22.2319,1.68363,-1.75618
0,0.25,9.6527,22.3645,0.872347,-0.00756296
0,0.25,8.8318,22.6587,2.45549,-1.39042
0,0.25,8.67941,22.8829,1.9896,-1.03074
0,0.25,11.8208,21.759,3.38141,-0.680887
0,0.25,12.7014,20.3098,0.94654,-1.89962
0,0.25,11.0175,20.7299,1.23322,-1.79378
0,0.25,13.5902,18.3004,0.259349,-1.15472
0,0.25,13.4969,20.0848,1.10308,-0.776035
0,0.25,14.5485,16.6303,0.885233,-1.71733
0,0.25,13.1243,18.7052,0.0680309,-0.191472
0,0.25,14.3553,19.2391,1.18549,-2.11802
0,0.25,14.7787,18.3507,1.2377,-2.44781
0,0.25,15.2463,14.7231,-0.365533,-1.66125
0,0.25,14.7185,14.2461,-0.51626,-2.52045
0,0.25,13.9902,12.9093,-1.1882,-1.49586
0,0.25,14.3364,13.533,-0.971003,-1.74035
0,0.25,12.8198,12.3119,-2.73087,-1.03856
0,0.25,13.0999,14.5394,-0.00750097,0.345613
0,0.25,11.8134,13.7383,-1.46586,-0.106496
0,0.25,12.9903,12.0879,-2.26942,-1.20956
0,0.25,12.9435,15.0243,-0.121767,0.507376
0,0.25,15.3427,17.3338,0.236168,-1.15652
0,0.25,10.0131,13.5693,-0.659377,-0.209645
0,0.25,15.4436,16.6199,-0.134413,-0.776305
0,0.25,9.62229,11.7574,-0.408633,-1.50251
0,0.25,9.32397,14.777,-0.209491,-0.171908
0,0.25,9.17908,15.0141,-0.143294,0.234062
0,0.25,14.0302,12.6018,-1.28487,-1.79673
0,0.25,8.75041,14.1457,-0.356065,-0.120382
0,0.25,13.7039,11.3478,-0.706051,-0.201121
0,0.25,10.6666,13.5614,-1.15921,-0.431174
0,0.25,13.8703,11.6935,-0.893239,-0.459179
0,0.25,11.8903,12.202,-1.82103,-0.719112
0,0.25,15.2443,12.8375,0.0698713,-0.3365
0,0.25,9.75872,11.5362,-0.504498,-1.33926
0,0.25,15.1246,10.3282,1.33036,1.19886
0,0.25,13.9241,10.0748,-0.850902,2.5505
0,0.25,14.6353,11.0272,-0.00889762,0.579622
0,0.25,10.6013,11.4775,-0.174986,-1.0499
0,0.25,15.5339,11.7157,0.404943,0.853925
0,0.25,14.0458,10.4071,0.590015,0.0738038
0,0.25,12.3183,10.7137,-0.583474,-0.938595
0,0.25,15.2566,11.8097,-0.595062,0.63035
0,0.25,2.34673,12.1655,-0.177963,-0.482102
0,0.25,2.17017,12.233,0.152669,-0.905869
0,0.25,2.1001,13.1261,-0.59585,0.0768786
0,0.25,1.6886,14.7597,-1.09341,1.26564
0,0.25,1.60113,16.595,0.86161,2.4453
0,0.25,2.5508,18.5698,0.784576,1.57333
0,0.25,3.10753,18.9207,0.396721,1.52977
0,0.25,4.28592,20.2773,1.74512,1.69258
0,0.25,4.17038,19.7437,0.956856,1.90224
0,0.25,5.30346,21.2465,2.26245,1.66643
0,0.25,5.48698,22.0266,1.3037,1.03768
0,0.25,6.40113,22.3822,1.56765,-0.697046
0,0.25,6.6696,22.6892,2.41889,-0.149132
0,0.25,8.6757,21.7871,1.15129,-0.580113
0,0.25,8.56136,22.6689,1.84968,-1.11338
0,0.25,10.6636,21.7843,1.13128,-1.29474
0,0.25,11.634,21.3782,2.99499,-0.975842
0,0.25,12.2416,20.6414,0.61762,-1.04971
0,0.25,12.4038,20.015,0.761642,-2.50895
0,0.25,13.3042,19.6518,0.667475,-1.46153
0,0.25,13.8607,18.7125,0.521493,-1.17694
0,0.25,14.3553,18.756,1.42217,-2.16454
0,0.25,14.3573,16.808,1.01246,-2.05472
0,0.25,14.6714,17.224,0.603346,-2.59817
0,0.25,14.4396,15.895,-0.518261,-1.61176
0,0.25,13.9572,16.305,0.555361,-0.998654
0,0.25,14.2327,15.8072,-0.945841,-1.8052
0,0.25,14.9908,16.0511,0.0790638,-2.24061
0,0.25,5.60538,20.9123,3.04688,1.88549
0,0.25,12.3736,13.6058,-1.42529,-0.484999
0,0.25,14.7533,14.4874,-0.554494,-2.67189
0,0.25,11.4955,14.2986,-0.866806,0.496187
0,0.25,15.2837,15.751,-0.419622,-0.705141
0,0.25,11.2182,13.8973,-1.17064,-0.484965
0,0.25,11.284,14.2326,-0.711805,0.0943462
0,0.25,10.6388,14.1751,-0.988586,-0.510668
0,0.25,9.59303,14.2151,-0.312186,-0.291701
0,0.25,9.1368,12.4114,-0.366839,-0.867123
0,0.25,13.7311,12.8073,-1.72518,-1.30316
0,0.25,9.08413,11.294,-0.215629,-1.36807
0,0.25,9.57261,14.7807,-0.167897,-0.264532
0,0.25,10.0138,16.7305,5.13545,-2.20847
0,0.25,11.2314,11.6055,-1.00172,-1.37271
0,0.25,13.6323,10.769,-0.460266,0.0250837
0,0.25,9.31744,11.385,-0.291194,-1.34471
0,0.25,13.301,11.7638,-1.43484,-0.854031
0,0.25,14.7298,10.3113,-0.97665,0.322119
0,0.25,13.9421,11.4573,-0.921582,-0.482904
0,0.25,11.2209,11.0923,0.727971,-0.798514
0,0.25,11.3188,11.398,-1.06724,-0.798118
0,0.25,11.9675,11.1965,-1.31418,-1.51103
0,0.25,14.8917,10.2544,-1.36673,1.57988
0,0.25,10.8775,10.8756,-0.649147,-0.275931
0,0.25,15.2991,11.3133,0.233441,0.767287
0,0.25,15.4475,12.2052,-0.865936,1.17601
0,0.25,15.5045,11.3163,0.0267173,0.399958
0,0.25,2.48665,11.8628,-0.0553199,-0.833378
0,0.25,2.20736,12.53,0.0327807,-0.900727
0,0.25,1.91246,14.2447,-0.797844,0.870787
0,0.25,1.68184,15.4913,0.765276,1.23241
0,0.25,2.1223,17.9978,0.327456,1.80008
0,0.25,2.34295,18.7087,1.65331,3.75686
0,0.25,3.32406,20.0474,0.975388,2.86872
0,0.25,4.15343,19.9734,0.628401,2.58855
0,0.25,4.16036,21.2368,1.59398,2.79633
0,0.25,5.29515,21.4517,1.37479,1.55217
0,0.25,5.65129,21.6754,2.14734,0.368848
0,0.25,6.04762,21.0925,1.93899,0.15463
0,0.25,7.80421,22.675,2.12963,-1.20623
0,0.25,8.41218,21.751,0.93987,-0.287615
0,0.25,6.23153,20.932,2.11785,0.514811
0,0.25,9.37939,21.9531,1.60691,-0.396207
0,0.25,10.0173,22.4885,0.346975,0.717716
0,0.25,11.3277,21.7302,2.94608,-1.8668
0,0.25,11.8681,21.2482,2.43071,-0.664941
0,0.25,13.1387,19.8856,0.850216,-1.51538
0,0.25,12.7022,20.8808,1.51646,-0.561192
0,0.25,13.4337,20.4883,1.08646,-0.803687
0,0.25,13.4718,18.5508,0.544964,-1.06497
0,0.25,14.2281,18.0468,1.12673,-2.27044
0,0.25,10.8126,20.8223,1.12045,-1.34684
0,0.25,14.2663,17.0383,0.941543,-2.3921
0,0.25,14.8324,17.0218,0.541632,-2.01344
0,0.25,13.708,17.4843,0.705063,-0.987259
0,0.25,14.2514,14.5272,-0.740971,-2.13701
0,0.25,14.335,14.7604,-0.470922,-2.52362
0,0.25,13.9997,15.8261,-0.262534,-0.664597
0,0.25,15.0339,15.1897,-0.300423,-1.81348
0,0.25,13.1026,13.0726,-1.29493,-1.39632
0,0.25,12.5585,12.7782,-2.01061,-1.39568
0,0.25,12.0246,13.6758,-1.44953,-0.232829
0,0.25,11.587,13.5876,-1.48372,-0.220441
0,0.25,12.6587,11.9035,-1.70444,-1.53628
0,0.25,9.57036,13.4721,-0.368334,-0.0378768
0,0.25,12.291,12.3323,-1.99135,-0.488296
0,0.25,9.63362,13.9613,-0.34434,-0.317845
0,0.25,9.01226,12.0267,-0.228064,-1.05194
0,0.25,9.52969,12.7302,-0.239171,-0.847247
0,0.25,9.94898,10.8567,-0.199226,-0.750052
0,0.25,9.10996,10.6752,-0.254299,-2.0906
0,0.25,13.642,11.5883,-1.63609,-0.429012
0,0.25,14.5619,11.523,0.105115,0.692847
0,0.25,15.5296,10.3317,-1.42766,0.694151
0,0.25,12.4087,11.8421,-1.21304,-1.01269
0,0.25,14.5859,10.181,-1.75441,-2.38307
0,0.25,10.7318,9.90685,-7.78629,1.02984
0,0.25,9.92231,11.7065,-0.561058,-1.01
0,0.25,10.3839,11.6092,-0.739065,-1.03517
0,0.25,15.4871,12.7326,-0.548567,-0.345804
0,0.25,13.5192,10.2175,-1.58131,-0.703133
0,0.25,12.2058,11.0661,-0.994568,-0.480313
0,0.25,8.76305,10.9428,-0.377967,-1.54406
0,0.25,2.60167,11.8558,-0.154176,-1.05573
0,0.25,2.43605,12.515,-0.0296382,-1.13468
0,0.25,2.07056,13.6653,-0.203674,-0.0668308
0,0.25,1.86752,14.5689,-0.787717,1.47631
0,0.25,1.25402,16.2968,0.15524,1.77479
0,0.25,2.60078,18.1204,1.6895,-0.704159
0,0.25,2.58905,19.2283,0.330329,4.01924
0,0.25,3.29517,20.3495,0.465337,1.89512
0,0.25,3.91917,19.785,1.0793,1.89531
0,0.25,4.52871,20.6457,1.07555,3.08425
0,0.25,4.94924,20.4274,2.03006,1.93484
0,0.25,6.13498,21.8171,1.56413,-0.488736
0,0.25,5.94804,21.9968,1.13199,-0.446185
0,0.25,7.08343,22.0071,2.48933,-0.787195
0,0.25,7.76744,21.3282,1.55085,0.223163
0,0.25,8.91456,22.3406,2.44209,-0.263174
0,0.25,10.3716,21.6777,0.999733,-1.8867
0,0.25,10.9048,21.695,1.34742,-1.43674
0,0.25,10.8185,21.0449,0.264867,-2.04712
0,0.25,10.8438,21.9498,1.27938,-0.836516
0,0.25,12.8677,19.8933,0.691344,-1.95892
0,0.25,13.0211,19.6823,0.452244,-1.42591
0,0.25,13.2003,19.0234,0.11235,-1.00555
0,0.25,11.4032,20.4859,0.274359,-1.36029
0,0.25,13.9844,18.492,0.799056,-1.41965
0,0.25,13.9823,18.0375,1.00447,-1.45872
0,0.25,14.908,17.2487,0.853587,-2.06457
0,0.25,14.8419,17.4972,1.32458,-2.79116
0,0.25,13.6171,17.7288,0.637401,-0.378372
0,0.25,14.2148,14.1255,-0.716722,-1.45337
0,0.25,13.703,13.5736,-1.26201,-1.46402
0,0.25,15.1303,17.3649,0.246704,-1.20728
0,0.25,13.5754,13.034,-1.22106,-0.996315
0,0.25,12.5176,13.129,-1.57586,-0.543643
0,0.25,11.5725,13.8365,-1.11217,0.17093
0,0.25,12.5421,14.3442,-0.291032,0.422893
0,0.25,11.673,15.0016,-0.669291,0.128555
0,0.25,10.2759,15.0302,-0.347075,0.0516484
0,0.25,12.0695,14.8186,-0.502833,0.537273
0,0.25,10.2848,14.3603,-0.661705,-0.163699
0,0.25,14.4287,12.7391,-0.739332,-1.01245
0,0.25,8.94217,13.2773,-0.236262,-0.67716
0,0.25,10.8972,13.6352,-1.53671,-0.29855
0,0.25,9.01224,13.7453,0.157772,-0.203891
0,0.25,11.6178,11.2551,-0.440994,-2.19815
0,0.25,13.5547,10.0399,-1.97316,-0.44311
0,0.25,12.1655,10.8572,-0.621616,-1.56142
0,0.25,9.77094,11.244,-0.215153,-1.32553
0,0.25,13.1224,10.774,-1.52377,-1.1867
0,0.25,12.8452,10.5671,-1.34611,-0.115032
0,0.25,10.2627,11.2448,-0.0824564,-1.1555
0,0.25,10.8272,11.3099,-0.353099,-1.15888
0,0.25,10.1399,11.7774,-0.634258,-1.48302
0,0.25,9.99331,11.3759,-0.379798,-1.43002
0,0.25,14.8591,8.01232,-1.2096,6.17002
0,0.25,10.4271,11.8244,-0.665295,-0.987589
0,0.25,2.55054,12.3084,0.00841162,-0.723896
0,0.25,2.19922,12.7921,-0.315853,-0.141991
0,0.25,2.04298,13.9892,-0.716687,0.271813
0,0.25,1.7834,15.3158,0.351759,1.45319
0,0.25,1.86214,17.2756,0.5593,0.547448
0,0.25,2.0608,17.7148,0.760538,2.75948
0,0.25,2.44814,18.9863,0.833737,3.24264
0,0.25,3.05557,19.4715,0.262772,3.11041
0,0.25,2.9316,18.4255,1.84575,-0.247108
0,0.25,3.9692,19.5571,1.44672,1.84414
0,0.25,4.72741,20.7736,1.3565,2.46042
0,0.25,5.17763,20.8405,2.1612,2.09251
0,0.25,6.37839,21.9,1.37971,-0.583035
0,0.25,6.41595,21.4464,1.95249,-0.278508
0,0.25,8.01565,22.4699,1.67502,-1.41619
0,0.25,8.55799,21.9985,1.0541,-0.472142
0,0.25,9.73212,22.0997,0.943323,-0.507024
0,0.25,7.00916,21.179,2.22384,0.572927
0,0.25,10.6563,21.5729,0.855809,-2.15552
0,0.25,9.45137,21.5233,1.61507,-0.913822
0,0.25,11.5894,21.6159,3.62631,-1.59983
0,0.25,12.9468,20.1113,1.14701,-1.7845
0,0.25,11.9976,20.5705,0.874138,-1.32538
0,0.25,10.3622,21.0228,0.281629,-0.548435
0,0.25,5.40801,20.5083,2.07281,1.47377
0,0.25,12.5429,19.547,-0.407687,-1.24321
0,0.25,12.9895,18.9435,-0.42654,-0.316824
0,0.25,13.8575,18.2634,0.880997,-1.07013
0,0.25,14.6576,16.8488,0.796739,-1.83007
0,0.25,14.4288,13.9255,-1.88397,-1.58991
0,0.25,15.0387,17.6009,0.928059,-1.2453
0,0.25,14.608,15.1438,-0.44514,-2.0528
0,0.25,13.4127,13.2592,-1.46465,-1.07611
0,0.25,13.5925,13.3308,-1.21752,-0.801411
0,0.25,13.5239,14.7278,0.121081,0.221245
0,0.25,12.7052,14.9973,0.330486,0.363348
0,0.25,15.11,18.0824,0.751521,-0.722611
0,0.25,11.5178,14.7705,-0.568269,0.170598
0,0.25,10.2214,13.8814,-0.87595,-0.506693
0,0.25,9.5052,14.4941,-0.185191,-0.4769
0,0.25,14.4158,12.5329,-1.15064,-1.44797
0,0.25,13.7345,12.2297,-0.827894,-1.38384
0,0.25,9.63534,13.1422,-0.582266,-0.48298
0,0.25,9.76972,13.7142,-0.423332,-0.415495
0,0.25,8.7606,13.9206,-0.297109,-0.511825
0,0.25,8.76116,12.73,0.127545,0.289962
0,0.25,9.23174,10.6827,-0.302321,-1.76339
0,0.25,11.2759,12.4831,-1.75743,-0.530062
0,0.25,10.449,11.325,0.119521,-1.48308
0,0.25,13.5487,10.9689,-1.3537,-1.14037
0,0.25,14.9249,11.1244,0.218774,1.00691
0,0.25,13.8353,10.4981,-0.696172,0.276358
0,0.25,13.341,9.72684,-1.42754,0.730663
0,0.25,14.7615,11.9453,-0.321129,0.443606
0,0.25,15.2857,11.5821,-0.24417,1.16058
0,0.25,9.41598,10.8904,-0.241892,-1.39233
0,0.25,2.71016,12.1283,-0.235014,-0.725033
0,0.25,2.41065,12.8257,-0.538794,-0.386664
0,0.25,2.22902,13.4231,-0.56965,0.129257
0,0.25,2.06801,14.4681,-0.789273,0.816799
0,0.25,1.8476,15.0153,-0.702523,1.91413
0,0.25,1.77715,16.2408,0.467905,2.16758
0,0.25,1.47062,16.377,1.20834,3.53639
0,0.25,2.57782,17.913,2.06305,1.28167
0,0.25,2.59756,18.8141,0.466154,2.31881
0,0.25,2.71963,19.0417,0.719735,3.78484
0,0.25,2.94426,19.892,0.662595,2.70902
0,0.25,4.07894,20.5924,1.82092,2.41154
0,0.25,3.59715,18.7298,0.201585,1.17751
0,0.25,5.65145,21.3201,2.43574,1.22106
0,0.25,6.60855,21.9543,1.45474,-0.66711
0,0.25,6.68936,21.5217,2.149,-0.26663
0,0.25,8.2554,22.4884,1.28473,-1.84684
0,0.25,9.15087,21.7348,2.32707,-0.554086
0,0.25,9.16144,22.3807,2.58252,-0.531939
0,0.25,8.84587,21.5655,1.33469,-0.444573
0,0.25,10.7088,21.3294,0.8119,-2.33739
0,0.25,11.0856,20.9314,0.600981,-2.28323
0,0.25,9.86571,21.1735,0.640154,-0.491437
0,0.25,12.2671,20.9258,1.22455,-0.0772039
0,0.25,12.1858,20.1565,0.934263,-2.43034
0,0.25,11.2116,20.6192,0.751542,-1.78778
0,0.25,11.6021,20.3389,0.176364,-0.961798
0,0.25,13.8671,19.1708,1.10381,-1.52124
0,0.25,14.2175,17.3063,1.45883,-2.74479
0,0.25,14.4883,14.4243,-0.645083,-2.71863
0,0.25,14.212,16.0672,0.0695331,-1.5158
0,0.25,13.8029,14.3519,-0.555553,-1.16435
0,0.25,13.7437,14.7389,0.0255047,-0.0839108
0,0.25,13.7978,13.0918,-1.36184,-1.47136
0,0.25,12.3708,12.9448,-1.88973,-0.834272
0,0.25,13.3044,14.7292,0.169957,0.563815
0,0.25,12.8602,14.7092,-0.126474,0.295892
0,0.25,11.7661,14.7721,-0.460772,0.338965
0,0.25,12.0573,14.3976,-0.321074,0.135266
0,0.25,9.97219,13.0005,-1.1283,-0.683941
0,0.25,10.8505,15.0127,-0.0901135,0.682592
0,0.25,10.1167,14.8259,-0.461432,-0.0567963
0,0.25,9.70475,12.9008,-0.929331,-0.487954
0,0.25,9.09855,13.5267,-0.504359,-0.576517
0,0.25,8.96218,14.9507,0.238002,-0.179601
0,0.25,8.70395,14.4261,0.514787,-0.485574
0,0.25,12.6626,10.7141,-2.08872,-0.497885
0,0.25,10.2832,10.9828,0.100192,-1.32827
0,0.25,9.61244,12.0517,-0.80384,-1.31332
0,0.25,11.0745,11.2597,0.250094,-0.588712
0,0.25,13.4343,10.6212,-1.04963,-0.852259
0,0.25,13.1103,10.3197,-0.986553,1.72583
0,0.25,12.5978,11.3332,-0.952031,-0.752477
0,0.25,11.4859,10.8108,-0.542842,-1.03899
0,0.25,8.92454,10.8223,-0.124794,-1.84234
0,0.25,15.1237,11.125,0.669565,-0.25272
0,0.25,2.62147,12.641,-0.317725,-0.822408
0,0.25,2.30217,13.139,-0.696092,0.0796566
0,0.25,2.23533,13.8104,-0.346297,-0.0385428
0,0.25,2.177,14.1705,-0.856935,0.713878
0,0.25,1.97724,14.8283,-0.750359,1.26397
0,0.25,1.8899,15.6261,1.7233,1.54964
0,0.25,1.73998,15.7872,0.448761,1.67264
0,0.25,2.04153,17.4438,0.634062,1.86027
0,0.25,1.76887,16.7987,0.0742485,1.70354
0,0.25,2.2314,17.6528,0.759653,1.03444
0,0.25,3.11387,19.738,0.503391,2.74013
0,0.25,3.30141,19.0122,0.976137,1.48481
0,0.25,3.96103,20.4043,1.4635,2.47964
0,0.25,4.71329,20.2399,1.40756,2.02782
0,0.25,5.90201,21.7404,1.65965,-0.212616
0,0.25,7.55404,22.3988,2.7984,-0.923574
0,0.25,8.20964,22.2538,1.15908,-1.78859
0,0.25,9.13386,21.9548,1.74393,-0.370169
0,0.25,7.51115,22.1515,2.73303,-0.941006
0,0.25,9.83721,21.8252,0.95899,-0.853447
0,0.25,8.21668,21.6629,1.00053,-0.158098
0,0.25,8.41088,21.363,0.63609,-0.352344
0,0.25,12.0761,21.3633,2.44851,-0.0911632
0,0.25,9.67106,21.6463,1.28251,-0.96091
0,0.25,12.2131,20.4035,0.975097,-1.76109
0,0.25,10.3053,21.2632,0.0443288,-1.38816
0,0.25,10.5896,20.9193,0.797363,-0.933205
0,0.25,11.8094,20.1725,0.626461,-1.31277
0,0.25,13.7281,18.9436,0.41499,-1.22134
0,0.25,14.4364,17.2591,1.29348,-2.22525
0,0.25,14.1092,18.7439,1.02705,-1.67788
0,0.25,14.1169,14.3901,-0.709285,-1.98125
0,0.25,14.603,15.4137,-0.220395,-2.17214
0,0.25,13.0228,13.6086,-1.24658,-0.800595
0,0.25,14.522,13.7122,-1.50292,-1.28372
0,0.25,12.6839,14.1736,-0.223372,0.118355
0,0.25,12.1562,13.4965,-1.52268,-0.53783
0,0.25,12.191,12.5918,-2.21361,-0.709251
0,0.25,13.2149,15.0172,-0.185978,0.47129
0,0.25,14.9015,13.6197,-0.206428,-1.63889
0,0.25,12.3434,14.7947,-0.375217,0.158825
0,0.25,10.9506,14.814,-0.237131,0.495573
0,0.25,9.96768,14.5939,-0.472316,-0.255549
0,0.25,9.71558,14.5638,-0.198975,-0.117552
0,0.25,9.25608,13.8,-0.429889,-0.562873
0,0.25,9.07051,14.735,0.190006,-0.225517
0,0.25,10.216,11.9956,-1.01481,-1.14175
0,0.25,9.36424,14.2795,-0.0412844,-0.274836
0,0.25,8.73485,12.9709,-0.612287,0.438821
0,0.25,8.75067,15.0145,-0.1005,-0.148822
0,0.25,8.71377,13.2597,-0.588904,-0.789221
0,0.25,9.10152,10.9816,-0.0305431,-1.79255
0,0.25,9.97365,12.0973,-1.08832,-0.93198
0,0.25,8.87183,14.5898,0.27504,-0.354917
0,0.25,8.93792,14.2605,-0.0783671,-0.252221
0,0.25,9.26845,14.5423,0.237396,-0.371699
0,0.25,2.85489,11.8672,-0.41806,-1.44533
0,0.25,2.65735,12.9027,-0.460516,-0.293818
0,0.25,2.5093,13.1314,-0.699183,-0.099403
0,0.25,2.38561,13.5398,-0.503281,0.139361
0,0.25,2.42555,13.8737,-0.303993,0.191841
0,0.25,2.28224,14.4126,-0.768795,1.12894
0,0.25,1.99184,15.2432,-0.420058,1.88551
0,0.25,1.9047,16.0209,0.741109,2.17926
0,0.25,1.78454,16.4585,1.03385,2.27261
0,0.25,1.93103,16.6382,0.0900129,2.27301
0,0.25,2.22329,17.3203,0.431318,0.356728
0,0.25,2.83789,17.3561,1.50067,1.87856
0,0.25,2.87534,18.876,0.922141,1.93686
0,0.25,3.37052,18.7711,0.790259,1.54446
0,0.25,3.8385,19.3341,0.409835,1.88027
0,0.25,5.12255,21.0713,2.06768,2.10434
0,0.25,6.28998,21.6389,1.93984,-0.442909
0,0.25,8.10748,22.0202,1.56755,-1.48827
0,0.25,7.67528,21.5136,2.2573,-0.110307
0,0.25,8.31491,21.9702,1.11321,-0.992792
0,0.25,7.26133,21.2463,2.50313,0.611386
0,0.25,9.93855,21.586,0.694486,-0.85889
0,0.25,8.90674,21.7908,1.77196,-0.42025
0,0.25,7.73775,22.1854,2.40023,-1.05851
0,0.25,6.96462,21.5674,2.66406,0.118741
0,0.25,10.3499,22.1387,0.609787,-0.0624612
0,0.25,10.5993,22.0546,0.519701,-0.897211
0,0.25,12.4541,20.7731,1.34137,-0.48769
0,0.25,12.6861,20.0971,0.998689,-2.03498
0,0.25,13.3262,18.788,0.105934,-1.13416
0,0.25,13.0492,19.2497,-0.0594651,-1.30588
0,0.25,13.3955,18.2226,0.180542,-0.410231
0,0.25,14.7684,16.197,0.0745027,-1.91201
0,0.25,13.9781,15.3726,-0.624195,-1.1714
0,0.25,13.3218,12.9935,-1.30531,-1.74634
0,0.25,10.9378,21.2175,1.35718,-2.22524
0,0.25,12.2888,13.8145,-0.754308,-0.00439785
0,0.25,12.2923,14.3001,-0.283844,0.150026
0,0.25,12.018,12.4245,-1.83752,-1.13699
0,0.25,13.1778,12.5295,-1.80584,-1.24876
0,0.25,11.8483,13.9677,-1.10077,0.228513
0,0.25,9.84697,14.0584,-0.610996,-0.392031
0,0.25,10.4626,14.5978,-0.341113,-0.0607291
0,0.25,10.5711,15.029,-0.0352555,-0.385743
0,0.25,9.9736,13.835,-0.497452,-0.375318
0,0.25,11.0674,14.0725,-0.829283,0.116237
0,0.25,10.2076,14.5911,-0.443647,-0.0520733
0,0.25,9.98285,15.0263,-0.613122,-0.351041
0,0.25,9.02406,13.9795,-0.32074,-0.302641
0,0.25,9.51796,13.7343,-0.46202,-0.241696
0,0.25,9.1868,13.2872,-0.312066,-0.45687
0,0.25,9.07389,14.4326,0.348472,-0.35915
0,0.25,8.73355,14.7629,0.214943,-0.226807
0,0.25,12.3806,11.2197,-1.52158,-1.10517
0,0.25,9.61855,10.5809,-0.592565,-1.37497
0,0.25,9.33244,13.5424,-0.603345,-0.560849
0,0.25,2.81263,12.4014,-0.460984,-1.20332
0,0.25,2.85832,12.704,-0.794023,-0.639067
0,0.25,2.77787,13.1557,-0.822252,0.114465
0,0.25,2.57517,13.3747,-0.560099,-0.0815174
0,0.25,2.59568,13.6459,-0.934765,0.310514
0,0.25,2.39692,14.1312,-0.682941,-0.258725
0,0.25,2.17957,14.7228,-1.00229,1.44438
0,0.25,2.08478,15.476,-0.191103,1.45741
0,0.25,2.03487,16.2395,0.535365,1.69201
0,0.25,2.13813,16.4467,-0.190653,1.23107
0,0.25,1.78998,17.0687,0.322285,2.3004
0,0.25,2.6307,16.9059,0.632526,0.453751
0,0.25,2.42092,15.8367,0.604117,0.805955
0,0.25,3.04573,18.0542,1.54969,-0.738757
0,0.25,3.13052,20.055,-0.215937,1.80874
0,0.25,3.34106,18.2709,0.417209,-0.89522
0,0.25,5.49627,21.5138,1.85415,1.1244
0,0.25,6.79301,21.7548,2.39409,-0.444602
0,0.25,6.63253,22.4536,1.85441,-0.936194
0,0.25,6.53719,21.6955,2.28542,-0.417811
0,0.25,3.38195,19.2712,0.633468,2.78343
0,0.25,8.43222,22.2075,1.44847,-0.89622
0,0.25,3.12926,18.3235,0.849767,-0.36607
0,0.25,5.89795,21.2633,2.29453,0.554252
0,0.25,7.13458,21.423,2.51261,0.40659
0,0.25,10.4685,21.4411,0.619816,-1.95179
0,0.25,8.65935,21.36,1.58058,0.179582
0,0.25,10.1152,21.0933,-0.190012,-0.50633
0,0.25,10.1174,22.6957,0.953113,0.25424
0,0.25,13.1721,19.461,0.24839,-1.2771
0,0.25,11.6055,20.8884,1.07041,-1.37084
0,0.25,14.5104,17.0131,1.08382,-2.12722
0,0.25,14.8167,16.6597,0.544857,-1.61467
0,0.25,14.3903,15.0466,-0.306823,-2.28924
0,0.25,13.7769,17.2175,1.24072,-1.46679
0,0.25,13.8887,13.9767,-0.468982,-1.79775
0,0.25,14.3923,15.3221,0.0462344,-1.61098
0,0.25,13.1868,12.7876,-1.61808,-1.99329
0,0.25,13.2786,14.1094,-0.650847,-0.463386
0,0.25,12.0522,14.1522,-0.63418,-0.0200316
0,0.25,13.3422,14.484,-0.133743,0.352919
0,0.25,12.6164,14.7865,0.134392,0.377086
0,0.25,11.7971,13.4613,-1.5045,-0.296531
0,0.25,12.4543,15.0209,0.185364,-0.0647125
0,0.25,10.4733,13.9396,-0.94857,-0.121774
0,0.25,12.2307,14.5754,-0.449578,0.533797
0,0.25,12.8387,13.8041,-0.911545,-0.392182
0,0.25,11.1319,15.0348,-0.215717,-0.0990395
0,0.25,9.83173,14.815,-0.545308,-0.140874
0,0.25,10.3997,14.8235,-0.452911,0.147526
0,0.25,13.662,15.0057,-0.0876444,-0.291748
0,0.25,10.0906,14.0918,-0.61441,-0.221892
0,0.25,9.32044,12.5117,-0.535904,-0.910092
0,0.25,10.1598,12.2644,-1.03612,-1.10983
0,0.25,9.69282,15.0189,-0.272147,0.0823755
0,0.25,9.8583,13.2012,-0.693379,-0.464188
0,0.25,2.99035,11.9188,-0.595968,-1.11563
0,0.25,2.969,12.2604,-1.15968,-1.10172
0,0.25,2.93491,12.9513,-0.846909,-0.194377
0,0.25,2.8218,13.419,-0.923719,0.302362
0,0.25,3.02733,13.4946,-1.26976,0.532568
0,0.25,2.80911,13.7039,-1.1467,0.27335
0,0.25,2.65368,13.9379,-0.729908,-0.035373
0,0.25,2.435,14.5794,-0.804078,0.762843
0,0.25,2.80834,14.0569,-0.602378,-0.270813
0,0.25,2.14389,15.0266,-1.2092,2.16483
0,0.25,2.06775,15.8383,0.586553,1.53773
0,0.25,2.38582,14.84,-1.44845,2.04847
0,0.25,2.25077,15.2783,-0.306226,1.43818
0,0.25,2.4189,15.0929,-0.613575,1.52145
0,0.25,2.65294,17.4706,2.03973,1.28314
0,0.25,2.79371,18.6218,1.04218,1.24021
0,0.25,3.73256,19.9181,0.668973,1.50023
0,0.25,4.39526,19.6595,2.28056,2.02406
0,0.25,5.18231,20.6037,2.14556,2.17357
0,0.25,4.06907,19.2927,-0.00753497,2.22116
0,0.25,3.73011,19.5905,0.643017,2.36007
0,0.25,4.37487,19.9253,0.308499,1.50377
0,0.25,5.818,21.4943,2.74983,0.411149
0,0.25,5.41816,20.7511,2.82792,1.74809
0,0.25,3.50946,19.5037,0.976358,2.49088
0,0.25,7.85959,21.978,1.73508,-1.07624
0,0.25,5.62317,20.6262,2.51875,1.40338
0,0.25,3.70395,18.9465,0.270145,1.42363
0,0.25,11.1639,21.124,1.36865,-1.9208
0,0.25,10.0367,21.3431,0.220169,-1.09066
0,0.25,10.5629,21.1654,-0.0261633,-1.57698
0,0.25,11.3868,21.0134,1.36918,-1.45916
0,0.25,14.0903,17.8067,1.15297,-2.08147
0,0.25,12.2178,19.8624,0.183128,-2.51531
0,0.25,13.7177,18.0597,0.469608,-0.871848
0,0.25,13.9641,17.3618,1.50177,-1.85309
0,0.25,5.19143,20.3697,1.72613,1.14602
0,0.25,13.6384,13.8943,-0.686976,-0.998372
0,0.25,13.6578,14.144,-0.503322,-1.09471
0,0.25,12.3339,13.304,-1.57693,-0.417191
0,0.25,11.9648,13.3427,-1.47394,-0.876931
0,0.25,13.561,12.0887,-0.996017,-1.22706
0,0.25,12.8596,14.0684,-0.0617602,-0.302144
0,0.25,13.4419,15.001,-0.561501,0.119492
0,0.25,12.5431,13.4496,-1.59663,-0.536516
0,0.25,13.0514,13.9465,-0.554977,-0.7581
0,0.25,13.4234,13.9123,-0.364663,-0.735005
0,0.25,13.1242,14.264,-0.0416381,0.497524
0,0.25,11.6521,14.1054,-1.07172,0.486905
0,0.25,11.7453,13.1532,-1.47232,-0.458789
0,0.25,12.7515,14.5128,-0.258585,0.362418
0,0.25,11.0625,14.6305,-0.393137,0.11989
0,0.25,13.6064,14.4767,-0.608195,-0.349483
0,0.25,9.80169,14.3202,-0.276584,-0.219632
0,0.25,9.1886,13.0406,-0.180089,-0.393377
0,0.25,13.4884,13.6419,-1.43999,-0.4147
0,0.25,3.20463,11.9862,-0.395689,-1.33478
0,0.25,3.06386,12.5574,-0.829283,-1.00729
0,0.25,3.04455,13.191,-0.67181,0.161586
0,0.25,3.25284,13.1918,-0.773313,-0.0980121
0,0.25,3.54752,13.0907,-0.974079,-0.0158441
0,0.25,3.26627,13.4746,-1.04089,0.0623281
0,0.25,3.49425,13.32,-0.864288,-0.240022
0,0.25,3.02037,13.7715,-0.748202,0.204867
0,0.25,3.25274,13.7311,-0.942698,0.336262
0,0.25,2.56706,14.2353,-0.147695,-0.314621
0,0.25,2.86203,14.2895,-0.218088,0.00868965
0,0.25,3.30675,14.0044,-0.818227,0.268289
0,0.25,2.6536,14.4403,-0.339633,0.517615
0,0.25,2.83059,14.609,-0.403516,0.177185
0,0.25,2.19824,15.6584,0.67471,1.26271
0,0.25,2.13534,16.7152,-0.00246594,2.42974
0,0.25,2.47884,16.7677,0.714233,0.510074
0,0.25,4.74484,20.5059,1.16204,2.55775
0,0.25,4.20539,19.4999,1.17231,2.06679
0,0.25,4.10379,20.2223,1.05145,2.68738
0,0.25,3.27557,19.5018,0.54966,3.28811
0,0.25,3.03402,17.4278,1.90673,0.517277
0,0.25,5.36786,20.9999,2.49712,2.0565
0,0.25,3.52775,19.0532,0.439956,2.23254
0,0.25,3.03701,18.6719,0.849519,1.07123
0,0.25,3.46155,18.5172,0.443697,0.37485
0,0.25,3.53793,19.7561,0.498053,1.9082
0,0.25,6.1575,21.3547,1.67933,-0.141015
0,0.25,6.47894,21.0238,1.29496,0.377377
0,0.25,6.842,21.3398,2.23461,0.14027
0,0.25,9.61621,21.2478,0.714512,-0.481982
0,0.25,7.5223,21.6961,2.58034,-0.110589
0,0.25,6.00502,20.8398,2.44694,1.10374
0,0.25,12.4636,20.481,0.730467,-1.54484
0,0.25,11.7989,20.7351,0.785429,-1.15342
0,0.25,9.12896,21.5324,1.92847,-0.606146
0,0.25,12.3989,19.7237,0.062351,-1.75881
0,0.25,13.4654,18.9902,0.186786,-1.21915
0,0.25,14.4199,15.6103,-0.453438,-1.79571
0,0.25,13.858,16.6458,0.0379027,-1.35754
0,0.25,14.2628,16.2846,-0.0518087,-1.07628
0,0.25,13.9739,14.1818,-0.685985,-1.52476
0,0.25,14.0022,15.5999,-0.126534,-1.09749
0,0.25,12.8755,13.0775,-2.03058,-1.10521
0,0.25,14.3374,16.5338,1.05057,-1.35997
0,0.25,13.8917,14.936,-0.380757,-1.01342
0,0.25,13.8348,16.937,0.399386,-1.79526
0,0.25,13.9773,16.0608,0.0414074,-0.381595
0,0.25,8.03669,21.7955,1.22709,-0.935836
0,0.25,12.779,13.5451,-1.23853,-0.597985
0,0.25,12.1644,13.1707,-1.15803,-0.592793
0,0.25,13.8515,13.3146,-1.45125,-1.50015
0,0.25,12.9737,12.7982,-2.09577,-0.973623
0,0.25,13.0667,14.8054,-0.0546376,0.474637
0,0.25,11.4222,15.007,-0.453858,-0.0420647
0,0.25,2.25016,16.9,0.586227,1.61691
0,0.25,3.38474,11.986,-0.457558,-1.11422
0,0.25,3.16275,12.3349,-0.520999,-1.4559
0,0.25,3.15644,12.8207,-1.12468,-0.207637
0,0.25,3.34024,12.9445,-0.8592,-0.112437
0,0.25,3.70542,12.8987,-0.912518,-0.107714
0,0.25,4.04211,12.9303,-0.627081,-0.86259
0,0.25,3.8539,13.0947,-0.881631,0.0652065
0,0.25,3.76427,13.319,-1.10254,-0.133405
0,0.25,3.52309,13.556,-0.881369,-0.40978
0,0.25,3.78741,13.5359,-0.701075,-0.135605
0,0.25,3.06671,14.0123,-0.738197,-0.388538
0,0.25,3.5024,13.8278,-0.92953,0.242039
0,0.25,3.74673,13.7954,-0.909609,0.216288
0,0.25,3.10052,14.2481,-0.025472,-0.390346
0,0.25,3.58538,14.0625,-0.961519,0.28054
0,0.25,3.04565,14.5036,-0.213644,0.500769
0,0.25,2.63354,14.7589,-0.535362,0.786269
0,0.25,2.08324,17.1412,-0.108843,1.47741
0,0.25,2.31449,16.2532,-0.421518,0.748998
0,0.25,3.22995,18.5686,1.38424,-1.3892
0,0.25,1.97999,16.9398,0.0826861,1.97859
0,0.25,2.69573,18.3618,1.3922,0.474812
0,0.25,2.97297,17.6777,1.25123,0.257495
0,0.25,3.87554,19.0881,1.05533,1.1561
0,0.25,2.31968,17.8782,1.35575,1.17459
0,0.25,3.55602,20.0517,0.439963,2.70076
0,0.25,2.19272,16.019,0.217582,1.0721
0,0.25,2.56331,16.2675,0.29671,-0.344194
0,0.25,2.34364,16.5509,0.0779953,1.25208
0,0.25,3.15323,17.7488,1.97372,-0.697118
0,0.25,7.36142,21.8819,2.7517,-0.387776
0,0.25,7.943,21.5696,1.44076,0.0615805
0,0.25,4.98276,20.2073,0.739106,0.876927
0,0.25,2.56374,16.4981,0.976268,0.413952
0,0.25,5.80422,20.772,2.68144,1.29061
0,0.25,2.36682,17.0821,1.51571,1.35085
0,0.25,14.3558,18.2667,0.939684,-1.85223
0,0.25,13.7324,18.4947,0.365708,-1.16903
0,0.25,6.56818,21.2798,1.65283,0.0713065
0,0.25,12.6878,19.3573,-0.65664,-0.520135
0,0.25,13.5997,19.1808,0.494976,-1.43062
0,0.25,14.0577,16.8834,0.802727,-2.52228
0,0.25,11.4004,21.252,2.09312,-1.61003
0,0.25,14.4751,16.152,-0.592733,-1.45644
0,0.25,11.5459,20.6455,0.667462,-1.4429
0,0.25,13.9071,17.6089,1.30473,-1.61667
0,0.25,13.2721,18.4745,-0.294517,-0.501687
0,0.25,6.74019,21.1076,1.4501,0.649063
0,0.25,13.2053,13.7796,-0.685165,-0.783763
0,0.25,12.8389,19.1506,-0.268805,-0.291363
0,0.25,13.9867,15.1247,-0.118128,-0.839041
0,0.25,13.4591,14.2587,-0.243062,-0.645555
0,0.25,12.0255,20.0156,0.606567,-2.27843
0,0.25,14.2144,15.5139,-0.18512,-2.11859
0,0.25,14.4118,14.2243,-0.471848,-2.32671
0,0.25,7.28025,22.1042,2.75793,-0.861571
0,0.25,3.58498,12.001,-0.567485,-1.2558
0,0.25,3.32955,12.5728,-0.690231,-1.22697
0,0.25,3.49239,12.7134,-0.86238,-0.875926
0,0.25,3.93694,12.7101,-0.0599021,-1.33991
0,0.25,4.55222,12.8242,-0.461738,-0.726233
0,0.25,4.81588,12.8841,-0.605912,-0.360357
0,0.25,4.30202,12.9399,-0.195457,-1.00159
0,0.25,4.14093,13.1667,-0.593473,-0.0127209
0,0.25,4.04155,13.3922,-0.839237,-0.124409
0,0.25,4.34664,13.2934,-0.539122,-0.00839997
0,0.25,4.32991,13.5293,-0.558357,-0.204998
0,0.25,4.06798,13.6028,-0.254991,-0.569526
0,0.25,4.79766,13.449,-0.299033,-0.275838
0,0.25,4.58529,13.583,-0.362416,-0.359604
0,0.25,4.27972,13.7733,-0.415599,-0.278671
0,0.25,3.35137,14.2466,-0.455107,0.147805
0,0.25,3.97957,13.8513,-0.471738,-0.0513171
0,0.25,3.69928,14.283,-0.804887,0.382152
0,0.25,3.44459,14.4214,-0.808105,0.070742
0,0.25,2.42396,15.4185,0.569437,1.18019
0,0.25,3.22182,14.5979,0.132174,0.348371
0,0.25,2.47538,15.629,0.60896,1.06066
0,0.25,2.52315,17.2245,1.19972,1.5781
0,0.25,2.87667,14.87,-0.560786,0.7624
0,0.25,4.05384,14.443,-0.560957,-0.0982616
0,0.25,2.62303,15.0347,-0.999394,0.583288
0,0.25,3.51364,14.645,-0.154752,0.11628
0,0.25,2.77976,16.1475,1.77898,-0.932693
0,0.25,2.73963,15.4953,-0.24823,0.730017
0,0.25,3.50615,15.0605,-0.0465737,0.341873
0,0.25,2.46999,16.0526,0.185859,0.31994
0,0.25,5.5485,21.1641,2.88906,1.41673
0,0.25,2.88699,16.8278,0.0648493,0.440464
0,0.25,4.57935,19.8966,0.952382,0.848151
0,0.25,4.76805,20.0296,-0.273805,0.584755
0,0.25,3.33037,19.7828,0.502988,2.86794
0,0.25,11.1618,21.363,1.46456,-2.03768
0,0.25,2.77789,16.6287,1.93813,0.216411
0,0.25,2.81551,16.3942,-0.478753,0.00684629
0,0.25,11.9642,20.3126,0.90474,-1.82654
0,0.25,2.96168,17.1269,-0.498574,1.71686
0,0.25,9.16688,21.3196,1.7048,-0.0171799
0,0.25,6.30495,21.1892,1.66568,0.217283
0,0.25,7.61062,21.9332,2.40779,-0.731378
0,0.25,10.9143,21.4618,0.917356,-2.38244
0,0.25,12.5915,19.8646,0.799036,-2.27421
0,0.25,3.2245,18.0269,0.477474,0.35248
0,0.25,11.7557,20.4771,0.842574,-1.12961
0,0.25,13.8265,17.8343,0.814379,-0.945595
0,0.25,12.8969,19.4581,0.102474,-1.31082
0,0.25,14.1838,14.9396,-0.603987,-1.66863
0,0.25,13.6012,18.7462,0.396549,-1.0613
0,0.25,7.51516,21.2721,2.56787,0.31285
0,0.25,7.40442,21.465,2.823,-0.165442
0,0.25,7.26469,21.659,2.86794,0.194726
0,0.25,2.85044,17.906,2.15574,-0.464892
0,0.25,3.39447,12.3017,0.0394743,-1.25467
0,0.25,3.57156,12.4187,-0.823615,-1.52335
0,0.25,3.72784,12.6304,-0.748521,-1.59067
0,0.25,4.20732,12.7078,-0.18355,-1.0345
0,0.25,4.70471,12.6223,-0.850223,-0.00403461
0,0.25,4.97694,12.7147,-0.870839,-0.188258
0,0.25,5.4092,12.712,-0.569166,0.018298
0,0.25,4.75967,13.0948,-0.248883,-0.219529
0,0.25,5.15612,12.8809,-0.809915,0.0155769
0,0.25,4.50059,13.0611,-0.453849,-0.627621
0,0.25,5.06742,13.0902,-0.427973,-0.116192
0,0.25,4.59678,13.3184,-0.350273,-0.107416
0,0.25,5.38629,12.9924,-0.50974,-0.0736334
0,0.25,4.96397,13.2557,-0.217101,-0.111049
0,0.25,5.3418,13.2411,-0.511743,0.0495475
0,0.25,5.59752,13.2049,-0.773472,0.067432
0,0.25,5.19003,13.4076,-0.0407111,-0.257114
0,0.25,5.05219,13.5834,-0.207869,-0.518235
0,0.25,3.84594,14.0704,-1.03226,0.134807
0,0.25,4.83961,13.7042,-0.380467,-0.331614
0,0.25,4.18079,14.006,-0.676546,-0.00478432
0,0.25,4.02996,14.2429,-0.82303,-0.215942
0,0.25,4.54969,14.0392,-0.527712,-0.158894
0,0.25,3.75942,14.4798,-0.671251,0.353672
0,0.25,4.32294,14.1583,-0.554271,-0.173712
0,0.25,6.32039,13.615,-0.603534,-0.0979285
0,0.25,5.58518,13.741,-0.604707,-0.0992234
0,0.25,5.05156,14.0284,-0.268291,-0.36246
0,0.25,3.7228,14.7504,-0.4521,-0.085833
0,0.25,4.84022,14.1504,-0.525831,-0.415541
0,0.25,3.95275,14.6652,-0.857233,-0.259976
0,0.25,3.36287,14.8159,0.339907,1.06466
0,0.25,3.09419,14.8247,0.0866082,-0.134209
0,0.25,4.25631,15.0011,-0.379983,0.110717
0,0.25,2.66122,15.3142,-0.496425,0.615574
0,0.25,5.60007,14.3742,0.236662,-0.375718
0,0.25,3.74712,14.9737,-0.15866,0.0064737
0,0.25,4.28472,14.6063,-0.786316,0.137639
0,0.25,4.46022,14.7414,-0.71786,-0.452479
0,0.25,4.85878,14.3955,-0.223312,-0.213014
0,0.25,2.86929,15.1124,-0.243446,-0.0941008
0,0.25,2.71985,17.1014,0.45883,0.629587
0,0.25,4.48472,14.9821,-0.10287,-0.844015
0,0.25,2.41212,17.4512,0.763013,0.802139
0,0.25,4.72444,14.7576,-0.186283,-0.406105
0,0.25,6.05243,21.5425,2.22384,-0.228937
0,0.25,3.92277,20.058,0.657822,2.36249
0,0.25,11.3316,20.7957,0.900823,-1.76117
0,0.25,12.4441,20.2531,1.01302,-2.00756
0,0.25,3.77166,20.2522,0.565499,2.02071
0,0.25,5.80146,21.0401,2.50966,0.941508
0,0.25,5.34777,14.7951,1.10312,-0.157437
0,0.25,2.81763,18.1567,0.432267,0.678336
0,0.25,2.72151,15.936,0.768343,0.241252
0,0.25,2.49121,17.6798,2.31536,0.775327
0,0.25,2.72428,15.7398,1.1973,0.30176
0,0.25,3.73383,12.0428,-0.763808,-0.981506
0,0.25,3.83466,12.3345,-0.510213,-0.739126
0,0.25,4.00897,12.4649,-0.569482,-0.964714
0,0.25,4.41161,12.5935,-0.882581,-0.187855
0,0.25,5.02503,12.4812,-0.815658,-0.257642
0,0.25,5.28772,12.5543,-0.737827,-0.0558318
0,0.25,6.05243,12.397,-0.775792,-0.27778
0,0.25,5.78334,12.456,-0.937984,-0.369699
0,0.25,6.07599,12.6184,-0.944571,-0.0596829
0,0.25,5.70175,12.6859,-0.749393,-0.0707864
0,0.25,5.62204,12.9187,-0.488564,0.172144
0,0.25,6.3164,12.7488,-0.738222,-0.402299
0,0.25,5.93333,12.7855,-0.983636,-0.320448
0,0.25,6.97138,12.7861,-0.279129,-0.373142
0,0.25,6.4565,12.9536,-0.36852,0.0323607
0,0.25,5.83823,13.0227,-0.744522,-0.012056
0,0.25,6.70249,13.0658,-0.470237,-0.280955
0,0.25,5.82543,13.2793,-0.69184,-0.237411
0,0.25,6.14988,12.9344,-0.582701,-0.351617
0,0.25,5.487,13.4626,-0.731391,-0.110881
0,0.25,5.32298,13.6587,-0.0809898,-0.19505
0,0.25,4.50955,13.8174,-0.679713,-0.210355
0,0.25,5.70804,13.5049,-0.406937,-0.313071
0,0.25,5.12863,13.8231,-0.0151972,-0.313069
0,0.25,4.78485,13.9071,-0.439475,-0.373972
0,0.25,5.97037,13.531,-0.673477,-0.172803
0,0.25,6.65067,13.5026,-0.234257,0.0889315
0,0.25,6.93117,13.5703,-0.160431,-0.0214949
0,0.25,5.87353,13.7547,-0.712185,-0.266605
0,0.25,5.39782,13.9004,0.220016,-0.351614
0,0.25,5.52716,14.1337,0.132124,-0.318097
0,0.25,4.12324,14.8101,-0.662046,0.125052
0,0.25,3.95879,15.022,-0.57693,-0.226895
0,0.25,5.09217,14.3137,-0.0300098,-0.379181
0,0.25,4.36013,14.3959,-0.758945,-0.135895
0,0.25,5.28036,14.1156,0.2304,-0.417951
0,0.25,5.7825,14.1847,0.0306725,-0.222178
0,0.25,6.00802,13.9794,-0.406656,-0.0338572
0,0.25,5.87967,14.4082,0.0495703,-0.202491
0,0.25,6.33073,14.1908,-0.334922,-0.337005
0,0.25,4.74326,14.9938,0.18293,-0.138693
0,0.25,5.33348,14.3689,0.362285,-0.252464
0,0.25,5.17394,14.5641,0.554742,-0.275812
0,0.25,4.61381,14.5189,-0.320324,-0.501636
0,0.25,5.4611,14.594,0.530806,-0.111739
0,0.25,3.2186,15.0294,-0.709053,0.888235
0,0.25,5.91335,14.8157,0.0117728,-0.0403772
0,0.25,5.07728,14.8066,0.352269,-0.174187
0,0.25,4.91997,14.6311,0.350172,-0.294005
0,0.25,6.09518,15.0053,-0.344569,0.00689253
0,0.25,5.6258,14.8221,0.348131,-0.0381014
0,0.25,6.36038,15.0227,-0.380852,-0.00261307
0,0.25,5.51969,15.0325,0.472587,-0.131456
0,0.25,5.80001,15.0257,0.161399,-0.132836
0,0.25,4.96975,15.0199,0.069855,-0.872897
0,0.25,5.25221,15.008,0.905849,0.0546255
0,0.25,3.93692,12.0391,-0.733101,-1.03931
0,0.25,4.11788,12.1223,-0.784817,-0.792668
0,0.25,4.21986,12.3874,-0.931672,-0.39751
0,0.25,4.53662,12.3829,-0.842618,-0.0629215
0,0.25,4.79386,12.3917,-1.00787,-0.235292
0,0.25,6.13331,12.14,-0.889591,-0.21948
0,0.25,5.18879,12.2918,-0.75255,-0.250372
0,0.25,5.54085,12.46,-0.817204,-0.00553327
0,0.25,6.34713,12.313,-1.1507,-0.298341
0,0.25,6.8451,12.2303,-0.689612,-0.344955
0,0.25,6.37226,12.5279,-0.706763,-0.336954
0,0.25,6.67477,12.4158,-0.656999,-0.266363
0,0.25,6.87323,12.5841,-0.444791,0.0204652
0,0.25,6.59746,12.6464,-0.643374,-0.420712
0,0.25,7.63553,12.4431,0.222629,-0.744429
0,0.25,7.21405,12.6058,-0.306243,-0.299664
0,0.25,7.50105,12.6586,0.189316,-0.016041
0,0.25,6.71969,12.8464,-0.302384,-0.496784
0,0.25,7.11751,12.9767,-0.140795,0.105842
0,0.25,7.68764,12.7938,-0.172169,-0.191898
0,0.25,7.44313,13.0034,0.183318,0.197391
0,0.25,6.33545,13.1445,-0.711326,-0.326999
0,0.25,6.97733,13.1269,-0.578737,-0.0195048
0,0.25,6.06677,13.1566,-0.708989,-0.286449
0,0.25,6.6373,13.2686,-0.845029,0.0256997
0,0.25,6.39901,13.379,-0.665628,-0.0341536
0,0.25,6.14138,13.3916,-0.750211,-0.167185
0,0.25,7.19352,13.2983,-0.324433,-0.0336359
0,0.25,6.9187,13.3475,-0.422858,-0.0433403
0,0.25,7.47666,13.4613,0.270959,0.346136
0,0.25,7.20701,13.539,-0.00414029,-0.040523
0,0.25,7.1664,13.7573,-0.149475,-0.0945908
0,0.25,5.71193,13.9382,-0.491322,-0.246043
0,0.25,6.55852,13.7097,-0.582179,-0.0187526
0,0.25,4.60853,14.2822,-0.663634,-0.0238008
0,0.25,6.84029,13.7757,-0.357389,-0.0962337
0,0.25,7.12238,13.9643,-0.244556,-0.0518315
0,0.25,6.1517,13.752,-0.809746,-0.362868
0,0.25,6.28779,13.9629,-0.645831,-0.314381
0,0.25,6.05412,14.1996,-0.29099,-0.266337
0,0.25,6.62508,14.1556,-0.232709,0.034657
0,0.25,7.16896,14.1846,0.0983936,-0.239873
0,0.25,6.90333,14.2176,-0.0536818,-0.258932
0,0.25,6.20047,14.4135,-0.463812,-0.214476
0,0.25,5.73102,14.6067,0.328062,-0.10905
0,0.25,6.03469,14.6068,-0.41992,-0.307584
0,0.25,6.36668,14.5848,-0.427862,-0.0938749
0,0.25,6.82396,14.4259,-0.0536335,-0.340016
0,0.25,6.20912,14.7833,-0.455977,-0.280394
0,0.25,6.96532,14.6628,-0.23165,-0.145233
0,0.25,6.64518,14.5894,-0.312951,-0.488517
0,0.25,7.23015,14.6509,0.119777,-0.309896
0,0.25,6.50153,14.8024,-0.379649,-0.503704
0,0.25,6.79946,14.8143,-0.0507807,-0.29014
0,0.25,6.65092,15.0189,-0.167866,-0.51582
0,0.25,6.95549,15.0258,-0.142127,0.180273
0,0.25,5.09571,12.0836,-0.800682,-0.504816
0,0.25,4.32791,12.1086,-0.95451,-0.615328
0,0.25,4.50236,12.0776,-0.885048,-0.531139
0,0.25,4.90131,12.1084,-0.840562,-0.532437
0,0.25,4.69696,12.1269,-1.05321,-0.272619
0,0.25,5.56816,12.1537,-0.714571,-0.31822
0,0.25,5.41219,12.2066,-0.909919,-0.192463
0,0.25,5.97529,12.1315,-0.759625,-0.522053
0,0.25,7.92443,12.1647,0.0635996,0.984101
0,0.25,6.47056,12.1394,-0.65859,-0.10717
0,0.25,5.77356,12.1999,-0.706415,-0.467385
0,0.25,7.10498,12.1945,-0.310571,-0.254401
0,0.25,6.64692,12.1587,-0.534386,0.0769007
0,0.25,7.26711,12.1687,-0.205042,-0.063475
0,0.25,7.70118,12.1714,-0.0150156,0.304606
0,0.25,7.39105,12.3823,-0.124129,-0.0560297
0,0.25,7.07257,12.4331,-0.560226,-0.122883
0,0.25,7.52101,12.1657,-0.0768995,-0.433589
0,0.25,7.91468,12.3626,0.633682,-0.60424
0,0.25,7.84683,12.5885,0.22793,-0.485491
0,0.25,8.03156,12.7047,0.0460674,-0.355817
0,0.25,7.29787,12.8131,-0.0381257,-0.27303
0,0.25,7.97256,12.938,-0.0415603,-0.090248
0,0.25,7.69987,13.0076,0.189307,-0.027814
0,0.25,7.95885,13.1464,-0.0299359,0.348151
0,0.25,7.39428,13.2119,0.0559085,0.250026
0,0.25,7.9951,13.367,0.10796,0.303164
0,0.25,7.67785,13.2501,-0.0249907,0.471256
0,0.25,8.00023,13.6019,0.11917,0.501813
0,0.25,7.73893,13.4549,0.321344,0.268076
0,0.25,8.00157,13.8504,0.202292,0.241706
0,0.25,7.7537,13.7073,0.185141,0.427751
0,0.25,7.69102,13.9028,0.157346,0.250777
0,0.25,7.46791,13.6786,0.322257,0.281118
0,0.25,7.94601,14.0564,0.233382,0.200703
0,0.25,7.41321,13.9046,0.168646,0.170685
0,0.25,7.71881,14.1573,0.265489,0.32813
0,0.25,7.44815,14.1133,0.199582,-0.00112551
0,0.25,6.53236,13.9304,-0.440435,-0.00996948
0,0.25,8.01642,14.2794,-0.0464623,0.473799
0,0.25,6.83336,13.9785,-0.288009,-0.300023
0,0.25,7.62726,14.3501,-0.0629221,0.377101
0,0.25,7.89299,14.451,0.141931,0.281372
0,0.25,7.73003,14.6074,0.552743,0.325852
0,0.25,8.04226,14.6441,-0.168681,0.399953
0,0.25,7.35471,14.3546,-0.0237089,0.114003
0,0.25,7.47337,14.5702,0.222019,-0.206688
0,0.25,6.52838,14.3597,-0.443908,-0.216554
0,0.25,7.67276,14.8325,0.559468,0.431699
0,0.25,7.10132,14.4371,-0.179129,-0.188099
0,0.25,7.92485,14.8486,0.647285,0.439626
0,0.25,7.97882,15.0335,0.262957,0.310419
0,0.25,7.1352,14.8947,0.0593993,-0.120267
0,0.25,7.42594,14.8259,0.599657,-0.347798
0,0.25,7.3399,15.0338,0.461384,-0.642517
0,0.25,7.66013,15.0564,0.129309,-0.579054
1,0.25,8.25,0.75,0,0
1,0.25,8.5,0.75,0,0
1,0.25,15.75,0.75,0,0
1,0.25,16,0.75,0,0
1,0.25,0.75,0.75,0,0
1,0.25,1,0.75,0,0
1,0.25,8.25,1,0,0
1,0.25,8.5,1,0,0
1,0.25,15.75,1,0,0
1,0.25,16,1,0,0
1,0.25,0.75,1,0,0
1,0.25,1,1,0,0
1,0.25,8.25,1.25,0,0
1,0.25,8.5,1.25,0,0
1,0.25,15.75,1.25,0,0
1,0.25,16,1.25,0,0
1,0.25,0.75,1.25,0,0
1,0.25,1,1.25,0,0
1,0.25,8.25,1.5,0,0
1,0.25,8.5,1.5,0,0
1,0.25,15.75,1.5,0,0
1,0.25,16,1.5,0,0
1,0.25,0.75,1.5,0,0
1,0.25,1,1.5,0,0
1,0.25,8.25,1.75,0,0
1,0.25,8.5,1.75,0,0
1,0.25,15.75,1.75,0,0
1,0.25,16,1.75,0,0
1,0.25,0.75,1.75,0,0
1,0.25,1,1.75,0,0
1,0.25,8.25,2,0,0
1,0.25,8.5,2,0,0
1,0.25,15.75,2,0,0
1,0.25,16,2,0,0
1,0.25,0.75,2,0,0
1,0.25,1,2,0,0
1,0.25,8.25,2.25,0,0
1,0.25,8.5,2.25,0,0
1,0.25,15.75,2.25,0,0
1,0.25,16,2.25,0,0
1,0.25,0.75,2.25,0,0
1,0.25,1,2.25,0,0
1,0.25,8.25,2.5,0,0
1,0.25,8.5,2.5,0,0
1,0.25,15.75,2.5,0,0
1,0.25,16,2.5,0,0
1,0.25,0.75,2.5,0,0
1,0.25,1,2.5,0,0
1,0.25,8.25,2.75,0,0
1,0.25,8.5,2.75,0,0
1,0.25,15.75,2.75,0,0
1,0.25,16,2.75,0,0
1,0.25,0.75,2.75,0,0
1,0.25,1,2.75,0,0
1,0.25,8.25,3,0,0
1,0.25,8.5,3,0,0
1,0.25,15.75,3,0,0
1,0.25,16,3,0,0
1,0.25,0.75,3,0,0
1,0.25,1,3,0,0
1,0.25,8.25,3.25,0,0
1,0.25,8.5,3.25,0,0
1,0.25,15.75,3.25,0,0
1,0.25,16,3.25,0,0
1,0.25,0.75,3.25,0,0
1,0.25,1,3.25,0,0
1,0.25,8.25,3.5,0,0
1,0.25,8.5,3.5,0,0
1,0.25,15.75,3.5,0,0
1,0.25,16,3.5,0,0
1,0.25,0.75,3.5,0,0
1,0.25,1,3.5,0,0
1,0.25,8.25,3.75,0,0
1,0.25,8.5,3.75,0,0
1,0.25,15.75,3.75,0,0
1,0.25,16,3.75,0,0
1,0.25,0.75,3.75,0,0
1,0.25,1,3.75,0,0
1,0.25,8.25,4,0,0
1,0.25,8.5,4,0,0
1,0.25,15.75,4,0,0
1,0.25,16,4,0,0
1,0.25,0.75,4,0,0
1,0.25,1,4,0,0
1,0.25,8.25,4.25,0,0
1,0.25,8.5,4.25,0,0
1,0.25,15.75,4.25,0,0
1,0.25,16,4.25,0,0
1,0.25,0.75,4.25,0,0
1,0.25,1,4.25,0,0
1,0.25,8.25,4.5,0,0
1,0.25,8.5,4.5,0,0
1,0.25,15.75,4.5,0,0
1,0.25,16,4.5,0,0
1,0.25,0.75,4.5,0,0
1,0.25,1,4.5,0,0
1,0.25,8.25,4.75,0,0
1,0.25,8.5,4.75,0,0
1,0.25,15.75,4.75,0,0
1,0.25,16,4.75,0,0
1,0.25,0.75,4.75,0,0
1,0.25,1,4.75,0,0
1,0.25,8.25,5,0,0
1,0.25,8.5,5,0,0
1,0.25,15.75,5,0,0
1,0.25,16,5,0,0
1,0.25,0.75,5,0,0
1,0.25,1,5,0,0
1,0.25,8.25,5.25,0,0
1,0.25,8.5,5.25,0,0
1,0.25,15.75,5.25,0,0
1,0.25,16,5.25,0,0
1,0.25,0.75,5.25,0,0
1,0.25,1,5.25,0,0
1,0.25,8.25,5.5,0,0
1,0.25,8.5,5.5,0,0
1,0.25,15.75,5.5,0,0
1,0.25,16,5.5,0,0
1,0.25,0.75,5.5,0,0
1,0.25,1,5.5,0,0
1,0.25,8.25,5.75,0,0
1,0.25,8.5,5.75,0,0
1,0.25,15.75,5.75,0,0
1,0.25,16,5.75,0,0
1,0.25,0.75,5.75,0,0
1,0.25,1,5.75,0,0
1,0.25,8.25,6,0,0
1,0.25,8.5,6,0,0
1,0.25,15.75,6,0,0
1,0.25,16,6,0,0
1,0.25,0.75,6,0,0
1,0.25,1,6,0,0
1,0.25,8.25,6.25,0,0
1,0.25,8.5,6.25,0,0
1,0.25,15.75,6.25,0,0
1,0.25,16,6.25,0,0
1,0.25,0.75,6.25,0,0
1,0.25,1,6.25,0,0
1,0.25,8.25,6.5,0,0
1,0.25,8.5,6.5,0,0
1,0.25,15.75,6.5,0,0
1,0.25,16,6.5,0,0
1,0.25,0.75,6.5,0,0
1,0.25,1,6.5,0,0
1,0.25,8.25,6.75,0,0
1,0.25,8.5,6.75,0,0
1,0.25,15.75,6.75,0,0
1,0.25,16,6.75,0,0
1,0.25,0.75,6.75,0,0
1,0.25,1,6.75,0,0
1,0.25,8.25,7,0,0
1,0.25,8.5,7,0,0
1,0.25,15.75,7,0,0
1,0.25,16,7,0,0
1,0.25,0.75,7,0,0
1,0.25,1,7,0,0
1,0.25,8.25,7.25,0,0
1,0.25,8.5,7.25,0,0
1,0.25,15.75,7.25,0,0
1,0.25,16,7.25,0,0
1,0.25,0.75,7.25,0,0
1,0.25,1,7.25,0,0
1,0.25,8.25,7.5,0,0
1,0.25,8.5,7.5,0,0
1,0.25,15.75,7.5,0,0
1,0.25,16,7.5,0,0
1,0.25,0.75,7.5,0,0
1,0.25,1,7.5,0,0
1,0.25,8.25,7.75,0,0
1,0.25,8.5,7.75,0,0
1,0.25,15.75,7.75,0,0
1,0.25,16,7.75,0,0
1,0.25,0.75,7.75,0,0
1,0.25,1,7.75,0,0
1,0.25,8.25,8,0,0
1,0.25,8.5,8,0,0
1,0.25,15.75,8,0,0
1,0.25,16,8,0,0
1,0.25,0.75,8,0,0
1,0.25,1,8,0,0
1,0.25,8.25,8.25,0,0
1,0.25,8.5,8.25,0,0
1,0.25,15.75,8.25,0,0
1,0.25,16,8.25,0,0
1,0.25,0.75,8.25,0,0
1,0.25,1,8.25,0,0
1,0.25,8.25,8.5,0,0
1,0.25,8.5,8.5,0,0
1,0.25,15.75,8.5,0,0
1,0.25,16,8.5,0,0
1,0.25,0.75,8.5,0,0
1,0.25,1,8.5,0,0
1,0.25,8.25,8.75,0,0
1,0.25,8.5,8.75,0,0
1,0.25,15.75,8.75,0,0
1,0.25,16,8.75,0,0
1,0.25,0.75,8.75,0,0
1,0.25,1,8.75,0,0
1,0.25,8.25,9,0,0
1,0.25,8.5,9,0,0
1,0.25,15.75,9,0,0
1,0.25,16,9,0,0
1,0.25,0.75,9,0,0
1,0.25,1,9,0,0
1,0.25,8.25,9.25,0,0
1,0.25,8.5,9.25,0,0
1,0.25,15.75,9.25,0,0
1,0.25,16,9.25,0,0
1,0.25,0.75,9.25,0,0
1,0.25,1,9.25,0,0
1,0.25,8.25,9.5,0,0
1,0.25,8.5,9.5,0,0
1,0.25,15.75,9.5,0,0
1,0.25,16,9.5,0,0
1,0.25,0.75,9.5,0,0
1,0.25,1,9.5,0,0
1,0.25,8.25,9.75,0,0
1,0.25,8.5,9.75,0,0
1,0.25,15.75,9.75,0,0
1,0.25,16,9.75,0,0
1,0.25,0.75,9.75,0,0
1,0.25,1,9.75,0,0
1,0.25,8.25,10,0,0
1,0.25,8.5,10,0,0
1,0.25,15.75,10,0,0
1,0.25,16,10,0,0
1,0.25,0.75,10,0,0
1,0.25,1,10,0,0
1,0.25,8.25,10.25,0,0
1,0.25,8.5,10.25,0,0
1,0.25,15.75,10.25,0,0
1,0.25,16,10.25,0,0
1,0.25,0.75,10.25,0,0
1,0.25,1,10.25,0,0
1,0.25,8.25,10.5,0,0
1,0.25,8.5,10.5,0,0
1,0.25,15.75,10.5,0,0
1,0.25,16,10.5,0,0
1,0.25,0.75,10.5,0,0
1,0.25,1,10.5,0,0
1,0.25,8.25,10.75,0,0
1,0.25,8.5,10.75,0,0
1,0.25,15.75,10.75,0,0
1,0.25,16,10.75,0,0
1,0.25,0.75,10.75,0,0
1,0.25,1,10.75,0,0
1,0.25,8.25,11,0,0
1,0.25,8.5,11,0,0
1,0.25,15.75,11,0,0
1,0.25,16,11,0,0
1,0.25,0.75,11,0,0
1,0.25,1,11,0,0
1,0.25,8.25,11.25,0,0
1,0.25,8.5,11.25,0,0
1,0.25,15.75,11.25,0,0
1,0.25,16,11.25,0,0
1,0.25,0.75,11.25,0,0
1,0.25,1,11.25,0,0
1,0.25,8.25,11.5,0,0
1,0.25,8.5,11.5,0,0
1,0.25,15.75,11.5,0,0
1,0.25,16,11.5,0,0
1,0.25,0.75,11.5,0,0
1,0.25,1,11.5,0,0
1,0.25,8.25,11.75,0,0
1,0.25,8.5,11.75,0,0
1,0.25,15.75,11.75,0,0
1,0.25,16,11.75,0,0
1,0.25,0.75,11.75,0,0
1,0.25,1,11.75,0,0
1,0.25,8.25,12,0,0
1,0.25,8.5,12,0,0
1,0.25,15.75,12,0,0
1,0.25,16,12,0,0
1,0.25,0.75,12,0,0
1,0.25,1,12,0,0
1,0.25,8.25,12.25,0,0
1,0.25,8.5,12.25,0,0
1,0.25,15.75,12.25,0,0
1,0.25,16,12.25,0,0
1,0.25,0.75,12.25,0,0
1,0.25,1,12.25,0,0
1,0.25,8.25,12.5,0,0
1,0.25,8.5,12.5,0,0
1,0.25,15.75,12.5,0,0
1,0.25,16,12.5,0,0
1,0.25,0.75,12.5,0,0
1,0.25,1,12.5,0,0
1,0.25,8.25,12.75,0,0
1,0.25,8.5,12.75,0,0
1,0.25,15.75,12.75,0,0
1,0.25,16,12.75,0,0
1,0.25,0.75,12.75,0,0
1,0.25,1,12.75,0,0
1,0.25,8.25,13,0,0
1,0.25,8.5,13,0,0
1,0.25,15.75,13,0,0
1,0.25,16,13,0,0
1,0.25,0.75,13,0,0
1,0.25,1,13,0,0
1,0.25,8.25,13.25,0,0
1,0.25,8.5,13.25,0,0
1,0.25,15.75,13.25,0,0
1,0.25,16,13.25,0,0
1,0.25,0.75,13.25,0,0
1,0.25,1,13.25,0,0
1,0.25,8.25,13.5,0,0
1,0.25,8.5,13.5,0,0
1,0.25,15.75,13.5,0,0
1,0.25,16,13.5,0,0
1,0.25,0.75,13.5,0,0
1,0.25,1,13.5,0,0
1,0.25,8.25,13.75,0,0
1,0.25,8.5,13.75,0,0
1,0.25,15.75,13.75,0,0
1,0.25,16,13.75,0,0
1,0.25,0.75,13.75,0,0
1,0.25,1,13.75,0,0
1,0.25,8.25,14,0,0
1,0.25,8.5,14,0,0
1,0.25,15.75,14,0,0
1,0.25,16,14,0,0
1,0.25,0.75,14,0,0
1,0.25,1,14,0,0
1,0.25,8.25,14.25,0,0
1,0.25,8.5,14.25,0,0
1,0.25,15.75,14.25,0,0
1,0.25,16,14.25,0,0
1,0.25,0.75,14.25,0,0
1,0.25,1,14.25,0,0
1,0.25,8.25,14.5,0,0
1,0.25,8.5,14.5,0,0
1,0.25,15.75,14.5,0,0
1,0.25,16,14.5,0,0
1,0.25,0.75,14.5,0,0
1,0.25,1,14.5,0,0
1,0.25,8.25,14.75,0,0
1,0.25,8.5,14.75,0,0
1,0.25,15.75,14.75,0,0
1,0.25,16,14.75,0,0
1,0.25,0.75,14.75,0,0
1,0.25,1,14.75,0,0
1,0.25,8.25,15,0,0
1,0.25,8.5,15,0,0
1,0.25,15.75,15,0,0
1,0.25,16,15,0,0
1,0.25,0.75,15,0,0
1,0.25,1,15,0,0
1,0.25,8.25,15.25,0,0
1,0.25,8.5,15.25,0,0
1,0.25,15.75,15.25,0,0
1,0.25,16,15.25,0,0
1,0.25,0.75,15.25,0,0
1,0.25,1,15.25,0,0
1,0.25,8.25,15.5,0,0
1,0.25,8.5,15.5,0,0
1,0.25,15.75,15.5,0,0
1,0.25,16,15.5,0,0
1,0.25,0.75,15.5,0,0
1,0.25,1,15.5,0,0
1,0.25,1.25,0.75,0,0
1,0.25,1.25,1,0,0
1,0.25,1.5,0.75,0,0
1,0.25,1.5,1,0,0
1,0.25,1.75,0.75,0,0
1,0.25,1.75,1,0,0
1,0.25,2,0.75,0,0
1,0.25,2,1,0,0
1,0.25,2.25,0.75,0,0
1,0.25,2.25,1,0,0
1,0.25,2.5,0.75,0,0
1,0.25,2.5,1,0,0
1,0.25,2.75,0.75,0,0
1,0.25,2.75,1,0,0
1,0.25,3,0.75,0,0
1,0.25,3,1,0,0
1,0.25,3,15.25,0,0
1,0.25,3,15.5,0,0
1,0.25,3.25,0.75,0,0
1,0.25,3.25,1,0,0
1,0.25,3.25,15.25,0,0
1,0.25,3.25,15.5,0,0
1,0.25,3.5,0.75,0,0
1,0.25,3.5,1,0,0
1,0.25,3.5,15.25,0,0
1,0.25,3.5,15.5,0,0
1,0.25,3.75,0.75,0,0
1,0.25,3.75,1,0,0
1,0.25,3.75,15.25,0,0
1,0.25,3.75,15.5,0,0
1,0.25,4,0.75,0,0
1,0.25,4,1,0,0
1,0.25,4,15.25,0,0
1,0.25,4,15.5,0,0
1,0.25,4.25,0.75,0,0
1,0.25,4.25,1,0,0
1,0.25,4.25,15.25,0,0
1,0.25,4.25,15.5,0,0
1,0.25,4.5,0.75,0,0
1,0.25,4.5,1,0,0
1,0.25,4.5,15.25,0,0
1,0.25,4.5,15.5,0,0
1,0.25,4.75,0.75,0,0
1,0.25,4.75,1,0,0
1,0.25,4.75,15.25,0,0
1,0.25,4.75,15.5,0,0
1,0.25,5,0.75,0,0
1,0.25,5,1,0,0
1,0.25,5,15.25,0,0
1,0.25,5,15.5,0,0
1,0.25,5.25,0.75,0,0
1,0.25,5.25,1,0,0
1,0.25,5.25,15.25,0,0
1,0.25,5.25,15.5,0,0
1,0.25,5.5,0.75,0,0
1,0.25,5.5,1,0,0
1,0.25,5.5,15.25,0,0
1,0.25,5.5,15.5,0,0
1,0.25,5.75,0.75,0,0
1,0.25,5.75,1,0,0
1,0.25,5.75,15.25,0,0
1,0.25,5.75,15.5,0,0
1,0.25,6,0.75,0,0
1,0.25,6,1,0,0
1,0.25,6,15.25,0,0
1,0.25,6,15.5,0,0
1,0.25,6.25,0.75,0,0
1,0.25,6.25,1,0,0
1,0.25,6.25,15.25,0,0
1,0.25,6.25,15.5,0,0
1,0.25,6.5,0.75,0,0
1,0.25,6.5,1,0,0
1,0.25,6.5,15.25,0,0
1,0.25,6.5,15.5,0,0
1,0.25,6.75,0.75,0,0
1,0.25,6.75,1,0,0
1,0.25,6.75,15.25,0,0
1,0.25,6.75,15.5,0,0
1,0.25,7,0.75,0,0
1,0.25,7,1,0,0
1,0.25,7,15.25,0,0
1,0.25,7,15.5,0,0
1,0.25,7.25,0.75,0,0
1,0.25,7.25,1,0,0
1,0.25,7.25,15.25,0,0
1,0.25,7.25,15.5,0,0
1,0.25,7.5,0.75,0,0
1,0.25,7.5,1,0,0
1,0.25,7.5,15.25,0,0
1,0.25,7.5,15.5,0,0
1,0.25,7.75,0.75,0,0
1,0.25,7.75,1,0,0
1,0.25,7.75,15.25,0,0
1,0.25,7.75,15.5,0,0
1,0.25,8,0.75,0,0
1,0.25,8,1,0,0
1,0.25,8,15.25,0,0
1,0.25,8,15.5,0,0
1,0.25,8.75,0.75,0,0
1,0.25,8.75,1,0,0
1,0.25,8.75,15.25,0,0
1,0.25,8.75,15.5,0,0
1,0.25,9,0.75,0,0
1,0.25,9,1,0,0
1,0.25,9,15.25,0,0
1,0.25,9,15.5,0,0
1,0.25,9.25,0.75,0,0
1,0.25,9.25,1,0,0
1,0.25,9.25,15.25,0,0
1,0.25,9.25,15.5,0,0
1,0.25,9.5,0.75,0,0
1,0.25,9.5,1,0,0
1,0.25,9.5,15.25,0,0
1,0.25,9.5,15.5,0,0
1,0.25,9.75,0.75,0,0
1,0.25,9.75,1,0,0
1,0.25,9.75,15.25,0,0
1,0.25,9.75,15.5,0,0
1,0.25,10,0.75,0,0
1,0.25,10,1,0,0
1,0.25,10,15.25,0,0
1,0.25,10,15.5,0,0
1,0.25,10.25,0.75,0,0
1,0.25,10.25,1,0,0
1,0.25,10.25,15.25,0,0
1,0.25,10.25,15.5,0,0
1,0.25,10.5,0.75,0,0
1,0.25,10.5,1,0,0
1,0.25,10.5,15.25,0,0
1,0.25,10.5,15.5,0,0
1,0.25,10.75,0.75,0,0
1,0.25,10.75,1,0,0
1,0.25,10.75,15.25,0,0
1,0.25,10.75,15.5,0,0
1,0.25,11,0.75,0,0
1,0.25,11,1,0,0
1,0.25,11,15.25,0,0
1,0.25,11,15.5,0,0
1,0.25,11.25,0.75,0,0
1,0.25,11.25,1,0,0
1,0.25,11.25,15.25,0,0
1,0.25,11.25,15.5,0,0
1,0.25,11.5,0.75,0,0
1,0.25,11.5,1,0,0
1,0.25,11.5,15.25,0,0
1,0.25,11.5,15.5,0,0
1,0.25,11.75,0.75,0,0
1,0.25,11.75,1,0,0
1,0.25,11.75,15.25,0,0
1,0.25,11.75,15.5,0,0
1,0.25,12,0.75,0,0
1,0.25,12,1,0,0
1,0.25,12,15.25,0,0
1,0.25,12,15.5,0,0
1,0.25,12.25,0.75,0,0
1,0.25,12.25,1,0,0
1,0.25,12.25,15.25,0,0
1,0.25,12.25,15.5,0,0
1,0.25,12.5,0.75,0,0
1,0.25,12.5,1,0,0
1,0.25,12.5,15.25,0,0
1,0.25,12.5,15.5,0,0
1,0.25,12.75,0.75,0,0
1,0.25,12.75,1,0,0
1,0.25,12.75,15.25,0,0
1,0.25,12.75,15.5,0,0
1,0.25,13,0.75,0,0
1,0.25,13,1,0,0
1,0.25,13,15.25,0,0
1,0.25,13,15.5,0,0
1,0.25,13.25,0.75,0,0
1,0.25,13.25,1,0,0
1,0.25,13.25,15.25,0,0
1,0.25,13.25,15.5,0,0
1,0.25,13.5,0.75,0,0
1,0.25,13.5,1,0,0
1,0.25,13.5,15.25,0,0
1,0.25,13.5,15.5,0,0
1,0.25,13.75,0.75,0,0
1,0.25,13.75,1,0,0
1,0.25,13.75,15.25,0,0
1,0.25,13.75,15.5,0,0
1,0.25,14,0.75,0,0
1,0.25,14,1,0,0
1,0.25,14.25,0.75,0,0
1,0.25,14.25,1,0,0
1,0.25,14.5,0.75,0,0
1,0.25,14.5,1,0,0
1,0.25,14.75,0.75,0,0
1,0.25,14.75,1,0,0
1,0.25,15,0.75,0,0
1,0.25,15,1,0,0
1,0.25,15.25,0.75,0,0
1,0.25,15.25,1,0,0
1,0.25,15.5,0.75,0,0
1,0.25,15.5,1,0,0
1,0.25,16,15.75,0,0
1,0.25,15.9959,16,0,0
1,0.25,15.9836,16.2496,0,0
1,0.25,15.9631,16.4988,0,0
1,0.25,15.9345,16.7471,0,0
1,0.25,15.8978,16.9944,0,0
1,0.25,15.8529,17.2403,0,0
1,0.25,15.8001,17.4847,0,0
1,0.25,15.7392,17.7271,0,0
1,0.25,15.6704,17.9675,0,0
1,0.25,15.5938,18.2054,0,0
1,0.25,15.5095,18.4408,0,0
1,0.25,15.4174,18.6732,0,0
1,0.25,15.3178,18.9025,0,0
1,0.25,15.2107,19.1284,0,0
1,0.25,15.0963,19.3506,0,0
1,0.25,14.9747,19.569,0,0
1,0.25,14.8459,19.7833,0,0
1,0.25,14.7102,19.9933,0,0
1,0.25,14.5677,20.1987,0,0
1,0.25,14.4186,20.3993,0,0
1,0.25,14.2629,20.5949,0,0
1,0.25,14.1009,20.7853,0,0
1,0.25,13.9328,20.9703,0,0
1,0.25,13.7587,21.1497,0,0
1,0.25,13.5788,21.3233,0,0
1,0.25,13.3933,21.4909,0,0
1,0.25,13.2024,21.6523,0,0
1,0.25,13.0063,21.8074,0,0
1,0.25,12.8052,21.9559,0,0
1,0.25,12.5994,22.0978,0,0
1,0.25,12.3891,22.2329,0,0
1,0.25,12.1744,22.361,0,0
1,0.25,11.9556,22.482,0,0
1,0.25,11.733,22.5957,0,0
1,0.25,11.5068,22.7021,0,0
1,0.25,11.2772,22.8011,0,0
1,0.25,11.0445,22.8924,0,0
1,0.25,10.809,22.9761,0,0
1,0.25,10.5708,23.052,0,0
1,0.25,10.3302,23.1201,0,0
1,0.25,10.0876,23.1802,0,0
1,0.25,9.8431,23.2323,0,0
1,0.25,9.59703,23.2764,0,0
1,0.25,9.34965,23.3125,0,0
1,0.25,9.10122,23.3403,0,0
1,0.25,8.85201,23.3601,0,0
1,0.25,8.60229,23.3716,0,0
1,0.25,8.35232,23.375,0,0
1,0.25,8.10238,23.3701,0,0
1,0.25,7.85273,23.3571,0,0
1,0.25,7.60364,23.3359,0,0
1,0.25,7.35539,23.3065,0,0
1,0.25,7.10822,23.269,0,0
1,0.25,6.86242,23.2235,0,0
1,0.25,6.61825,23.1699,0,0
1,0.25,6.37596,23.1083,0,0
1,0.25,6.13582,23.0388,0,0
1,0.25,5.89809,22.9615,0,0
1,0.25,5.66302,22.8764,0,0
1,0.25,5.43087,22.7837,0,0
1,0.25,5.20188,22.6834,0,0
1,0.25,4.9763,22.5756,0,0
1,0.25,4.75438,22.4606,0,0
1,0.25,4.53634,22.3383,0,0
1,0.25,4.32244,22.2089,0,0
1,0.25,4.11289,22.0726,0,0
1,0.25,3.90792,21.9295,0,0
1,0.25,3.70775,21.7797,0,0
1,0.25,3.5126,21.6235,0,0
1,0.25,3.32267,21.4609,0,0
1,0.25,3.13818,21.2922,0,0
1,0.25,2.95931,21.1176,0,0
1,0.25,2.78627,20.9372,0,0
1,0.25,2.61923,20.7512,0,0
1,0.25,2.45838,20.5598,0,0
1,0.25,2.30389,20.3633,0,0
1,0.25,2.15592,20.1618,0,0
1,0.25,2.01464,19.9555,0,0
1,0.25,1.8802,19.7448,0,0
1,0.25,1.75274,19.5297,0,0
1,0.25,1.6324,19.3106,0,0
1,0.25,1.5193,19.0877,0,0
1,0.25,1.41357,18.8611,0,0
1,0.25,1.31533,18.6313,0,0
1,0.25,1.22467,18.3983,0,0
1,0.25,1.1417,18.1625,0,0
1,0.25,1.0665,17.9241,0,0
1,0.25,0.999164,17.6833,0,0
1,0.25,0.939753,17.4405,0,0
1,0.25,0.888333,17.1958,0,0
1,0.25,0.844961,16.9496,0,0
1,0.25,0.809682,16.7022,0,0
1,0.25,0.782536,16.4536,0,0
1,0.25,0.76355,16.2044,0,0
1,0.25,0.752746,15.9546,0,0
1,0.25,0.750135,15.7046,0,0
1,0.25,15.75,15.75,0,0
1,0.25,15.7459,15.9958,0,0
1,0.25,15.7336,16.2413,0,0
1,0.25,15.7132,16.4863,0,0
1,0.25,15.6845,16.7304,0,0
1,0.25,15.6478,16.9735,0,0
1,0.25,15.603,17.2152,0,0
1,0.25,15.5501,17.4553,0,0
1,0.25,15.4893,17.6934,0,0
1,0.25,15.4206,17.9295,0,0
1,0.25,15.3441,18.1631,0,0
1,0.25,15.2598,18.394,0,0
1,0.25,15.1678,18.622,0,0
1,0.25,15.0683,18.8468,0,0
1,0.25,14.9614,19.0681,0,0
1,0.25,14.8472,19.2858,0,0
1,0.25,14.7257,19.4995,0,0
1,0.25,14.5973,19.7091,0,0
1,0.25,14.4619,19.9142,0,0
1,0.25,14.3197,20.1148,0,0
1,0.25,14.1709,20.3105,0,0
1,0.25,14.0157,20.5011,0,0
1,0.25,13.8542,20.6865,0,0
1,0.25,13.6867,20.8663,0,0
1,0.25,13.5132,21.0405,0,0
1,0.25,13.334,21.2088,0,0
1,0.25,13.1494,21.371,0,0
1,0.25,12.9594,21.527,0,0
1,0.25,12.7643,21.6766,0,0
1,0.25,12.5643,21.8196,0,0
1,0.25,12.3597,21.9558,0,0
1,0.25,12.1507,22.0852,0,0
1,0.25,11.9375,22.2075,0,0
1,0.25,11.7203,22.3227,0,0
1,0.25,11.4994,22.4305,0,0
1,0.25,11.275,22.5309,0,0
1,0.25,11.0474,22.6238,0,0
1,0.25,10.8168,22.709,0,0
1,0.25,10.5835,22.7865,0,0
1,0.25,10.3478,22.8562,0,0
1,0.25,10.1099,22.918,0,0
1,0.25,9.87002,22.9719,0,0
1,0.25,9.62851,23.0177,0,0
1,0.25,9.3856,23.0554,0,0
1,0.25,9.14157,23.0851,0,0
1,0.25,8.89669,23.1065,0,0
1,0.25,8.65122,23.1198,0,0
1,0.25,8.40546,23.1249,0,0
1,0.25,8.15965,23.1219,0,0
1,0.25,7.91409,23.1106,0,0
1,0.25,7.66904,23.0911,0,0
1,0.25,7.42477,23.0635,0,0
1,0.25,7.18156,23.0278,0,0
1,0.25,6.93968,22.984,0,0
1,0.25,6.69938,22.9321,0,0
1,0.25,6.46096,22.8723,0,0
1,0.25,6.22465,22.8045,0,0
1,0.25,5.99074,22.729,0,0
1,0.25,5.75947,22.6456,0,0
1,0.25,5.53112,22.5546,0,0
1,0.25,5.30592,22.4561,0,0
1,0.25,5.08413,22.3501,0,0
1,0.25,4.86599,22.2367,0,0
1,0.25,4.65176,22.1162,0,0
1,0.25,4.44166,21.9885,0,0
1,0.25,4.23593,21.854,0,0
1,0.25,4.0348,21.7127,0,0
1,0.25,3.8385,21.5647,0,0
1,0.25,3.64723,21.4103,0,0
1,0.25,3.46121,21.2496,0,0
1,0.25,3.28066,21.0828,0,0
1,0.25,3.10576,20.91,0,0
1,0.25,2.93672,20.7315,0,0
1,0.25,2.77372,20.5475,0,0
1,0.25,2.61695,20.3582,0,0
1,0.25,2.46657,20.1637,0,0
1,0.25,2.32275,19.9644,0,0
1,0.25,2.18566,19.7603,0,0
1,0.25,2.05545,19.5518,0,0
1,0.25,1.93225,19.3391,0,0
1,0.25,1.81622,19.1224,0,0
1,0.25,1.70747,18.9019,0,0
1,0.25,1.60613,18.678,0,0
1,0.25,1.51231,18.4508,0,0
1,0.25,1.42611,18.2205,0,0
1,0.25,1.34763,17.9876,0,0
1,0.25,1.27697,17.7521,0,0
1,0.25,1.21418,17.5145,0,0
1,0.25,1.15936,17.2748,0,0
1,0.25,1.11255,17.0335,0,0
1,0.25,1.07381,16.7908,0,0
1,0.25,1.04318,16.5469,0,0
1,0.25,1.02069,16.3021,0,0
1,0.25,1.00638,16.0567,0,0
1,0.25,1.00025,15.8109,0,0
1,0.25,1.00232,15.5651,0,0
1,0.25,13.75,15.75,0,0
1,0.25,13.7442,15.9999,0,0
1,0.25,13.7268,16.2493,0,0
1,0.25,13.6978,16.4976,0,0
1,0.25,13.6572,16.7442,0,0
1,0.25,13.6053,16.9888,0,0
1,0.25,13.5421,17.2306,0,0
1,0.25,13.4676,17.4692,0,0
1,0.25,13.3822,17.7042,0,0
1,0.25,13.2859,17.9349,0,0
1,0.25,13.179,18.1608,0,0
1,0.25,13.0617,18.3816,0,0
1,0.25,12.9343,18.5966,0,0
1,0.25,12.797,18.8056,0,0
1,0.25,12.6502,19.0079,0,0
1,0.25,12.4941,19.2031,0,0
1,0.25,12.3291,19.3909,0,0
1,0.25,12.1555,19.5708,0,0
1,0.25,11.9738,19.7424,0,0
1,0.25,11.7842,19.9054,0,0
1,0.25,11.5874,20.0595,0,0
1,0.25,11.3835,20.2042,0,0
1,0.25,11.1732,20.3392,0,0
1,0.25,10.9568,20.4644,0,0
1,0.25,10.7348,20.5793,0,0
1,0.25,10.5077,20.6838,0,0
1,0.25,10.276,20.7776,0,0
1,0.25,10.0402,20.8606,0,0
1,0.25,9.80076,20.9325,0,0
1,0.25,9.55826,20.9931,0,0
1,0.25,9.3132,21.0425,0,0
1,0.25,9.06611,21.0804,0,0
1,0.25,8.81753,21.1068,0,0
1,0.25,8.56799,21.1215,0,0
1,0.25,8.31803,21.1247,0,0
1,0.25,8.0682,21.1162,0,0
1,0.25,7.81903,21.0962,0,0
1,0.25,7.57106,21.0645,0,0
1,0.25,7.32483,21.0214,0,0
1,0.25,7.08087,20.9669,0,0
1,0.25,6.83971,20.9011,0,0
1,0.25,6.60187,20.8241,0,0
1,0.25,6.36787,20.7362,0,0
1,0.25,6.13821,20.6375,0,0
1,0.25,5.91339,20.5282,0,0
1,0.25,5.69389,20.4086,0,0
1,0.25,5.48019,20.2789,0,0
1,0.25,5.27275,20.1394,0,0
1,0.25,5.07202,19.9904,0,0
1,0.25,4.87844,19.8322,0,0
1,0.25,4.69241,19.6653,0,0
1,0.25,4.51436,19.4898,0,0
1,0.25,4.34465,19.3063,0,0
1,0.25,4.18366,19.115,0,0
1,0.25,4.03174,18.9165,0,0
1,0.25,3.88921,18.7111,0,0
1,0.25,3.75639,18.4994,0,0
1,0.25,3.63355,18.2817,0,0
1,0.25,3.52097,18.0585,0,0
1,0.25,3.41889,17.8303,0,0
1,0.25,3.32752,17.5976,0,0
1,0.25,3.24708,17.3609,0,0
1,0.25,3.17772,17.1207,0,0
1,0.25,3.11961,16.8776,0,0
1,0.25,3.07287,16.6321,0,0
1,0.25,3.03759,16.3846,0,0
1,0.25,3.01386,16.1357,0,0
1,0.25,3.00172,15.886,0,0
1,0.25,3.00121,15.6361,0,0
1,0.25,13.5,15.75,0,0
1,0.25,13.4939,15.9999,0,0
1,0.25,13.4756,16.2492,0,0
1,0.25,13.4452,16.4973,0,0
1,0.25,13.4027,16.7437,0,0
1,0.25,13.3483,16.9876,0,0
1,0.25,13.2821,17.2287,0,0
1,0.25,13.2041,17.4662,0,0
1,0.25,13.1147,17.6996,0,0
1,0.25,13.014,17.9284,0,0
1,0.25,12.9022,18.152,0,0
1,0.25,12.7797,18.3699,0,0
1,0.25,12.6467,18.5816,0,0
1,0.25,12.5036,18.7865,0,0
1,0.25,12.3506,18.9842,0,0
1,0.25,12.1882,19.1742,0,0
1,0.25,12.0167,19.3561,0,0
1,0.25,11.8365,19.5294,0,0
1,0.25,11.6481,19.6937,0,0
1,0.25,11.4519,19.8486,0,0
1,0.25,11.2484,19.9937,0,0
1,0.25,11.0381,20.1288,0,0
1,0.25,10.8214,20.2534,0,0
1,0.25,10.5989,20.3674,0,0
1,0.25,10.3711,20.4703,0,0
1,0.25,10.1385,20.562,0,0
1,0.25,9.90179,20.6423,0,0
1,0.25,9.66142,20.7109,0,0
1,0.25,9.41799,20.7677,0,0
1,0.25,9.17208,20.8126,0,0
1,0.25,8.92427,20.8455,0,0
1,0.25,8.67516,20.8662,0,0
1,0.25,8.42533,20.8748,0,0
1,0.25,8.17538,20.8711,0,0
1,0.25,7.92591,20.8553,0,0
1,0.25,7.6775,20.8273,0,0
1,0.25,7.43076,20.7873,0,0
1,0.25,7.18626,20.7352,0,0
1,0.25,6.94459,20.6713,0,0
1,0.25,6.70632,20.5957,0,0
1,0.25,6.47202,20.5086,0,0
1,0.25,6.24225,20.4101,0,0
1,0.25,6.01755,20.3006,0,0
1,0.25,5.79846,20.1802,0,0
1,0.25,5.5855,20.0493,0,0
1,0.25,5.37918,19.9082,0,0
1,0.25,5.17998,19.7572,0,0
1,0.25,4.98839,19.5966,0,0
1,0.25,4.80485,19.4269,0,0
1,0.25,4.62981,19.2485,0,0
1,0.25,4.46368,19.0617,0,0
1,0.25,4.30685,18.867,0,0
1,0.25,4.1597,18.6649,0,0
1,0.25,4.02258,18.4559,0,0
1,0.25,3.89581,18.2405,0,0
1,0.25,3.7797,18.0191,0,0
1,0.25,3.67452,17.7923,0,0
1,0.25,3.58053,17.5607,0,0
1,0.25,3.49794,17.3248,0,0
1,0.25,3.42695,17.0851,0,0
1,0.25,3.36774,16.8422,0,0
1,0.25,3.32044,16.5968,0,0
1,0.25,3.28516,16.3493,0,0
1,0.25,3.26199,16.1004,0,0
1,0.25,3.25099,15.8507,0,0
1,0.25,3.25218,15.6007,0,0
