2452 2 0.25 4000 0.15 2 0 0.001 0 9.81 18 25
0,0.25,1.66889,12.2899,0.315241,0.256122
0,0.25,1.74375,11.9476,-0.515083,-0.350224
0,0.25,1.71553,12.9539,0.127477,0.681721
0,0.25,1.68422,11.7196,0.473666,-1.40192
0,0.25,1.61277,12.667,0.352621,0.609859
0,0.25,1.23185,11.6505,1.19609,-0.127583
0,0.25,1.55266,11.6715,0.85188,-1.48335
0,0.25,1.34686,11.8063,0.774853,-0.696019
0,0.25,1.26527,12.1762,0.507303,1.01887
0,0.25,1.48976,12.4722,0.313164,0.319614
0,0.25,1.28688,12.468,0.537916,1.10118
0,0.25,1.26782,12.7138,-0.10545,-0.124524
0,0.25,1.25394,13.0126,1.38688,0.220399
0,0.25,1.19138,13.8149,-0.820811,1.09238
0,0.25,1.24666,14.4575,0.934138,0.814595
0,0.25,1.28882,15.68,-0.724402,3.18025
0,0.25,1.21877,15.8708,3.09713,2.24906
0,0.25,1.75274,18.5257,5.26511,0.802222
0,0.25,3.13176,19.623,3.44275,3.22592
0,0.25,3.32424,20.5806,3.19521,2.02544
0,0.25,3.80914,21.2035,2.71442,2.18399
0,0.25,7.77407,22.1479,2.3064,0.0389162
0,0.25,8.6498,21.6268,1.95154,-0.0762593
0,0.25,6.96661,22.7284,1.89932,-0.480457
0,0.25,11.4113,21.4486,1.44661,-0.84126
0,0.25,10.8733,22.2262,0.671981,0.755993
0,0.25,11.4494,22.2007,0.797188,0.653154
0,0.25,14.2693,18.0698,1.03488,-2.18478
0,0.25,13.9306,19.1387,1.36652,-3.04062
0,0.25,13.6772,20.1452,-0.763359,-1.85402
0,0.25,14.7915,15.7341,-0.460679,-3.57776
0,0.25,14.7798,17.5747,0.354718,-2.53455
0,0.25,14.9337,17.7811,0.77682,-2.79307
0,0.25,14.4402,14.0232,-0.922491,-3.0062
0,0.25,14.4387,12.9414,-1.47606,-2.22551
0,0.25,12.983,12.981,-1.27331,-1.23617
0,0.25,14.9977,14.6638,-0.390613,-3.76902
0,0.25,9.76649,13.3381,-1.47416,-1.14029
0,0.25,12.1865,13.0113,-1.24182,-0.0918883
0,0.25,9.71846,12.8192,-1.67375,-0.641944
0,0.25,15.1946,13.063,-0.402141,-0.465173
0,0.25,8.85446,12.7874,0.0569037,0.301541
0,0.25,10.579,13.5824,-1.28232,-0.758924
0,0.25,10.9401,12.1592,-0.421881,-0.925958
0,0.25,10.8581,12.4765,-0.707946,-0.515899
0,0.25,10.4501,13.1297,-1.25304,-1.24817
0,0.25,13.9258,11.5095,-0.0578444,-0.894352
0,0.25,12.5457,12.2027,-1.03579,-0.655238
0,0.25,15.2634,13.6068,0.0503594,-0.732185
0,0.25,12.7885,12.2684,-0.694583,-1.29904
0,0.25,11.115,13.2782,-0.803646,0.357743
0,0.25,15.4784,14.3858,0.158372,-3.75112
0,0.25,13.0786,11.7908,0.230603,-0.171552
0,0.25,10.9076,13.227,-0.665166,-0.108518
0,0.25,12.0193,12.2796,-0.717353,-0.620204
0,0.25,13.8075,12.0325,-0.924066,-0.69016
0,0.25,1.85231,12.2487,0.127159,0.323943
0,0.25,1.81082,12.6478,0.931147,0.257117
0,0.25,1.55711,13.1225,0.438564,1.02265
0,0.25,1.40352,13.5188,-0.362995,1.65927
0,0.25,1.51452,12.0866,0.553733,0.137055
0,0.25,1.44316,12.8528,0.113354,0.291218
0,0.25,1.35406,13.2125,0.028925,0.815563
0,0.25,1.22263,13.4439,0.0775697,1.3131
0,0.25,1.37188,14.0227,-0.116664,0.402257
0,0.25,1.23748,14.1433,-0.957177,0.664186
0,0.25,1.38377,16.2958,-0.627673,4.24224
0,0.25,1.29796,17.0769,3.0563,3.06833
0,0.25,1.28004,16.6012,1.49484,6.98525
0,0.25,1.77776,17.5091,0.853695,4.93062
0,0.25,3.12695,20.0316,1.10185,2.21898
0,0.25,2.79136,20.0667,1.0308,2.58967
0,0.25,3.51607,21.0045,3.84927,3.59509
0,0.25,5.19454,21.6906,3.6239,0.624223
0,0.25,4.14551,21.5247,-0.800713,1.09982
0,0.25,6.07247,22.4719,1.86423,1.01146
0,0.25,6.51419,22.6667,2.17999,0.926918
0,0.25,7.43443,22.772,1.93465,-0.612948
0,0.25,8.79763,22.877,3.36085,0.160584
0,0.25,9.80344,22.7504,0.555267,-0.0837338
0,0.25,10.1231,22.4462,2.84025,-0.801563
0,0.25,11.5406,21.888,0.601228,0.248082
0,0.25,12.1481,21.506,2.35984,-0.674719
0,0.25,11.909,21.9664,1.68171,-0.168685
0,0.25,14.6762,17.372,0.748536,-1.9167
0,0.25,14.1388,14.5393,-0.897722,-2.80467
0,0.25,12.9469,21.2499,2.74657,-1.74176
0,0.25,13.8591,20.2803,-1.19855,-0.960495
0,0.25,15.4689,16.4702,0.808604,-0.839278
0,0.25,11.2189,14.8058,0.350313,0.216086
0,0.25,13.3306,13.1802,-1.26393,-1.51985
0,0.25,14.825,18.2685,-0.30587,-3.32141
0,0.25,11.8429,15.0238,-0.723679,-0.232504
0,0.25,12.4339,12.9671,-1.25553,-1.13309
0,0.25,9.61157,13.5427,-0.746309,-0.286809
0,0.25,11.0215,13.8286,-0.44306,-0.13333
0,0.25,10.7774,13.4733,-1.24389,-0.755948
0,0.25,11.0848,12.3928,-0.0366625,-0.450638
0,0.25,9.51226,11.3602,1.50222,-0.878995
0,0.25,15.1485,10.6537,-0.211559,0.965367
0,0.25,14.649,12.414,-0.437774,-1.03516
0,0.25,11.9849,11.713,0.863426,-0.0877995
0,0.25,15.2346,13.2777,0.100977,-0.149219
0,0.25,12.0292,12.7597,-1.41509,-0.29328
0,0.25,11.3352,12.5096,-0.778506,-0.734957
0,0.25,9.72651,12.557,-0.408752,-1.05986
0,0.25,14.0358,11.2249,0.385971,-1.3411
0,0.25,13.8526,12.4559,-0.704842,-1.19292
0,0.25,11.5644,12.8446,-1.38131,0.145342
0,0.25,10.9686,12.9811,-1.0751,-0.0614376
0,0.25,11.3107,13.1188,-1.02076,0.0614009
0,0.25,11.1982,12.9309,-1.02806,-0.172914
0,0.25,1.94245,11.8304,-0.658403,-1.09821
0,0.25,1.60909,13.4124,-0.667656,1.10833
0,0.25,1.59218,14.1759,0.560317,1.12237
0,0.25,1.42721,13.7659,-0.0207969,0.957524
0,0.25,1.4183,14.3749,0.884307,1.41736
0,0.25,1.22359,14.7904,1.32571,3.47853
0,0.25,1.32521,15.2214,1.63297,3.87634
0,0.25,1.59578,17.7084,0.396976,3.42457
0,0.25,1.67932,18.2505,-1.40744,0.137723
0,0.25,1.79019,18.1198,0.441839,3.27938
0,0.25,2.28316,19.4453,4.40029,3.18209
0,0.25,3.81344,20.8588,3.83181,2.40242
0,0.25,3.57139,20.7438,4.10995,3.40415
0,0.25,3.70433,21.0413,3.2617,2.43967
0,0.25,6.25439,22.5878,2.68316,-1.73941
0,0.25,6.38847,22.3469,2.60706,-0.139773
0,0.25,8.8143,22.1391,1.70145,-1.00711
0,0.25,8.747,22.5223,3.42883,-0.197129
0,0.25,10.7526,21.7892,-0.182527,0.784997
0,0.25,10.4811,22.1525,1.64714,-0.268125
0,0.25,12.5919,20.8994,2.92762,-3.18853
0,0.25,12.3504,20.3681,2.53843,-3.20155
0,0.25,13.8473,17.613,0.766193,-2.13984
0,0.25,13.7823,19.3057,1.46965,-3.24672
0,0.25,13.7332,19.7639,-0.0226864,-3.73629
0,0.25,12.8184,20.8925,4.43907,-3.37925
0,0.25,14.3007,18.5521,0.00664378,-1.67885
0,0.25,14.9633,16.7855,-0.315614,-2.35928
0,0.25,13.5517,20.6622,-0.190205,-0.652307
0,0.25,15.3284,14.7069,-1.24352,-3.0999
0,0.25,12.6033,13.861,-0.876561,-0.56596
0,0.25,11.9429,13.5114,-1.64171,-0.0403431
0,0.25,14.844,14.3761,-0.0304697,-3.27383
0,0.25,15.2365,15.5694,0.240925,-3.91959
0,0.25,14.3492,13.7598,-0.733918,-2.97031
0,0.25,11.3653,14.4656,-0.517403,0.671087
0,0.25,9.46962,12.8031,-0.631986,-0.613715
0,0.25,15.5048,15.9836,0.438212,-1.79106
0,0.25,14.4156,12.6484,-0.793854,-0.975158
0,0.25,12.3182,13.2215,-0.850306,0.143538
0,0.25,11.6591,12.6012,-0.886107,-0.289838
0,0.25,15.4907,14.5826,0.848165,-2.63656
0,0.25,10.1738,12.7784,-0.81376,-0.44093
0,0.25,11.8382,12.645,-1.24848,-0.238475
0,0.25,15.5693,14.1446,1.66686,-1.17462
0,0.25,11.9363,12.0667,0.106881,-0.504118
0,0.25,13.0649,12.5637,-0.83494,-0.914749
0,0.25,13.56,11.7227,0.172213,-1.1874
0,0.25,11.0932,12.659,-1.28173,-0.860138
0,0.25,11.3465,12.7453,-0.837096,0.442773
0,0.25,11.7579,12.9793,-1.03232,0.255759
0,0.25,15.0087,10.3374,-1.9329,-0.00708141
0,0.25,15.4569,13.5379,-0.243365,0.226401
0,0.25,14.5999,6.19294,-1.79735,0.573444
0,0.25,15.0349,12.6722,-0.920151,-0.0985823
0,0.25,12.5143,12.4809,-0.636754,-0.635705
0,0.25,1.92123,12.9166,0.149212,0.473733
0,0.25,1.79976,13.2639,-0.19717,0.669501
0,0.25,1.63295,13.7896,-0.129762,1.03058
0,0.25,1.3506,14.8944,0.296295,5.77269
0,0.25,1.51184,15.6725,0.375626,5.37588
0,0.25,1.22509,16.1568,1.55135,2.89957
0,0.25,1.39577,16.9005,1.81249,4.00675
0,0.25,1.98804,18.8672,3.88971,4.6434
0,0.25,2.64718,19.896,3.4599,2.64699
0,0.25,3.01875,20.3841,2.80351,0.965375
0,0.25,3.32502,20.8358,3.68123,1.33771
0,0.25,5.74693,21.4006,3.80711,1.90472
0,0.25,5.17067,22.1239,1.63074,1.59542
0,0.25,4.34665,21.6415,1.88107,0.0371212
0,0.25,7.54429,22.0676,2.24516,-0.0534122
0,0.25,8.92932,22.6759,2.66852,-0.0603685
0,0.25,8.60733,22.3124,2.6824,-0.317244
0,0.25,8.05851,22.8955,1.62127,-0.0656232
0,0.25,10.3935,22.3931,2.78103,-0.38055
0,0.25,8.47823,22.8976,2.99946,0.0725361
0,0.25,12.3497,20.7971,3.42,-3.30202
0,0.25,12.3579,20.5721,2.37712,-3.79284
0,0.25,10.9806,22.4239,0.810724,0.689998
0,0.25,13.3714,20.8468,1.76478,-1.00502
0,0.25,12.3157,21.747,2.23383,0.404674
0,0.25,13.321,20.5788,0.649967,-1.15697
0,0.25,12.993,21.0311,2.77832,-2.37222
0,0.25,14.5087,16.6966,0.0271822,-2.39199
0,0.25,14.9874,16.5014,-0.229763,-2.73377
0,0.25,13.9928,20.1057,-0.975978,-1.26359
0,0.25,14.7336,16.8622,-0.303659,-2.12087
0,0.25,14.6042,13.6856,-0.465425,-2.23623
0,0.25,14.2097,13.3239,-1.23726,-2.60985
0,0.25,10.6207,14.3925,0.304642,0.616647
0,0.25,15.0288,14.2219,-0.300195,-2.60202
0,0.25,14.4542,13.4943,-1.16831,-1.93324
0,0.25,15.4328,16.7241,-0.387351,-0.426576
0,0.25,11.8573,13.7012,-1.56715,0.533417
0,0.25,10.1856,13.0219,-0.631587,-0.598349
0,0.25,14.6823,12.8798,-1.17154,-1.79077
0,0.25,11.5938,14.3795,-0.420519,0.120743
0,0.25,9.34311,11.9297,0.319851,-1.30885
0,0.25,15.2568,14.1134,1.28544,-1.6154
0,0.25,9.07577,12.0296,-0.0944162,-1.66314
0,0.25,9.94812,12.9252,-1.24186,-0.451006
0,0.25,10.718,13.0165,-0.872605,-0.18992
0,0.25,15.1742,9.54219,-0.993422,-0.552853
0,0.25,11.944,13.0325,-1.19905,-0.0824745
0,0.25,13.0096,11.5977,-0.0703226,-1.33413
0,0.25,15.3958,9.82636,-0.604363,0.219788
0,0.25,11.773,12.3139,-1.08406,0.29637
0,0.25,11.8076,13.2946,-1.14473,-0.135325
0,0.25,13.2817,11.4973,0.704393,-1.44681
0,0.25,13.324,12.2525,-0.882482,-1.42663
0,0.25,13.0846,12.097,-0.144785,-0.787529
0,0.25,14.6236,10.0391,-2.44883,-1.80322
0,0.25,2.07852,11.7722,-0.328831,-1.10586
0,0.25,1.74605,13.9999,0.108421,0.798947
0,0.25,1.48556,14.6213,0.61265,2.57808
0,0.25,1.50155,16.1112,1.16439,6.25443
0,0.25,1.46533,16.7359,1.08068,3.24678
0,0.25,1.78961,17.872,0.00151193,4.05848
0,0.25,2.19561,19.0238,3.12651,2.72736
0,0.25,2.51677,19.7059,2.98909,3.21066
0,0.25,2.95523,19.8702,4.06503,2.82935
0,0.25,4.12195,21.1641,2.5733,3.27821
0,0.25,4.96354,21.7077,3.3176,2.07119
0,0.25,6.47603,22.0906,3.87343,0.847754
0,0.25,5.85044,22.2183,3.87376,1.37846
0,0.25,6.20678,22.2499,2.40349,1.02114
0,0.25,8.89008,22.3498,2.85491,-0.259419
0,0.25,10.0948,22.0595,2.35728,-0.500476
0,0.25,6.7577,22.664,1.77673,0.403742
0,0.25,11.6234,21.3076,0.890493,-2.22238
0,0.25,10.9451,21.9518,0.520537,0.739723
0,0.25,12.4362,21.0524,2.85694,-0.882078
0,0.25,14.4754,17.457,1.47524,-1.87791
0,0.25,11.8287,21.2065,1.92813,-2.09056
0,0.25,12.7139,21.1243,3.08777,-3.23176
0,0.25,14.7727,16.6073,-0.461102,-2.60982
0,0.25,14.6709,15.331,-1.01209,-4.18595
0,0.25,14.4866,15.1819,-0.970898,-3.42571
0,0.25,14.8973,17.3046,1.27411,-1.47263
0,0.25,14.1465,19.9435,-0.485157,-1.91311
0,0.25,14.7654,15.1246,-1.32864,-3.4866
0,0.25,15.2092,15.8457,-0.572028,-3.40775
0,0.25,12.0249,14.1613,-0.987263,-0.0605451
0,0.25,15.2545,14.8806,-0.766205,-3.27301
0,0.25,12.1446,15.0305,-0.504411,-0.224764
0,0.25,13.9943,12.6092,-0.92333,-1.23409
0,0.25,15.2759,15.3567,-0.231314,-4.15963
0,0.25,15.5531,14.8839,-1.75328,-3.03788
0,0.25,10.8845,12.7422,-0.863443,-0.797302
0,0.25,12.7662,11.2615,1.11794,-1.37068
0,0.25,9.18272,12.852,-1.11336,-0.0912163
0,0.25,9.65065,12.1461,-0.720257,-0.748938
0,0.25,11.144,14.0908,-0.576561,0.442816
0,0.25,13.594,12.074,-0.0401183,-0.888927
0,0.25,15.0958,13.8826,-0.600595,-1.85712
0,0.25,13.7255,11.7664,0.022616,-0.931103
0,0.25,14.4496,12.3436,-0.121989,-1.22595
0,0.25,9.58338,7.61779,-10.8427,1.5888
0,0.25,13.2977,11.7969,-0.0353085,-1.54753
0,0.25,9.30271,12.4187,0.0784268,-1.16785
0,0.25,12.5568,11.9929,0.256981,-1.36349
0,0.25,14.1622,11.5201,0.0757669,-0.152494
0,0.25,14.2731,11.2307,0.199727,-0.827557
0,0.25,13.8906,10.721,1.56887,-2.48188
0,0.25,12.2523,12.7464,-2.04844,-1.14091
0,0.25,15.4468,12.1567,-0.629956,0.283299
0,0.25,13.3445,11.9971,-0.987094,-0.68736
0,0.25,10.6483,11.5042,1.1315,-0.51174
0,0.25,1.98076,12.4875,0.0775929,0.37313
0,0.25,1.98461,13.1996,0.129647,1.00301
0,0.25,1.55485,15.0111,1.67546,5.41764
0,0.25,1.3619,15.3067,1.53237,6.6668
0,0.25,1.91718,17.633,0.405263,5.07758
0,0.25,1.45002,17.4943,1.43427,3.77244
0,0.25,2.80632,19.7071,2.2967,1.45979
0,0.25,3.38109,20.0697,2.88205,3.13089
0,0.25,2.83566,20.2392,2.32243,1.9492
0,0.25,3.12712,20.5975,4.00288,1.45914
0,0.25,4.93784,22.0061,2.61356,0.696253
0,0.25,5.42696,21.7534,2.86024,1.36495
0,0.25,6.7807,21.4352,3.78811,1.03253
0,0.25,7.31549,22.1204,3.81745,0.56014
0,0.25,8.11628,21.366,0.318713,0.186472
0,0.25,7.19036,22.8125,1.71638,-1.39819
0,0.25,9.15234,22.6703,2.60887,-0.135886
0,0.25,9.61556,22.611,2.32552,-0.670737
0,0.25,13.2671,19.7202,1.197,-1.71329
0,0.25,10.2964,22.6213,1.14528,-0.461216
0,0.25,12.5183,21.2643,2.85028,-1.48496
0,0.25,11.8174,21.4752,2.31419,-0.903205
0,0.25,11.9519,21.629,1.63453,-0.736697
0,0.25,14.5154,17.6918,1.44687,-2.66412
0,0.25,13.5529,19.9979,0.514359,-2.235
0,0.25,13.7393,14.0733,-1.0756,-2.29261
0,0.25,15.0263,15.3335,-1.03501,-3.95953
0,0.25,12.7393,21.3851,1.5826,-0.716669
0,0.25,12.8445,14.4675,0.154689,-0.577616
0,0.25,13.9716,13.1813,-1.56066,-2.71013
0,0.25,14.8842,18.02,0.472567,-3.28268
0,0.25,13.5967,13.1379,-0.857477,-2.53387
0,0.25,14.8824,18.6317,-1.16941,-1.25325
0,0.25,9.56506,14.0627,-0.269681,-0.146358
0,0.25,11.8415,14.6021,-0.854825,-0.735276
0,0.25,15.5249,15.3195,-0.279486,-3.09581
0,0.25,11.0912,14.3005,-0.139019,0.300726
0,0.25,8.7016,13.807,-1.19733,-0.286826
0,0.25,12.3105,12.4781,-0.571376,-0.455662
0,0.25,12.1017,10.9111,2.32907,-1.09797
0,0.25,15.4704,15.099,-0.473924,-3.80055
0,0.25,14.4685,11.1879,-0.254129,-0.599626
0,0.25,12.3016,11.999,0.00251469,-0.662063
0,0.25,12.88,12.0421,-0.747266,-0.708733
0,0.25,12.3318,11.6132,0.631517,-0.40123
0,0.25,11.8224,11.9167,0.45272,-0.435042
0,0.25,10.2204,12.0686,-1.06813,-1.82623
0,0.25,11.3112,11.7872,0.037576,0.2387
0,0.25,15.1913,12.1094,-1.05571,0.97175
0,0.25,11.4182,11.2121,-0.579831,0.444951
0,0.25,15.5004,13.2957,0.0517633,0.149667
0,0.25,15.2848,12.8289,0.0544927,1.5122
0,0.25,12.3054,10.8003,2.92509,-1.05946
0,0.25,15.4402,9.29497,-1.76922,0.501372
0,0.25,11.5376,11.0629,-1.44486,2.93269
0,0.25,11.0658,11.9661,0.0914814,-0.94307
0,0.25,2.08763,12.7505,0.275537,0.0742418
0,0.25,1.77126,13.5696,-0.527316,0.983496
0,0.25,1.49254,15.9548,-0.534586,3.8804
0,0.25,1.45408,16.4953,2.06383,3.79243
0,0.25,1.56107,17.9638,-1.00098,3.50765
0,0.25,1.99922,18.6694,3.14139,4.35616
0,0.25,3.42902,19.5979,2.48596,2.41117
0,0.25,3.6214,20.2302,3.0366,4.29316
0,0.25,3.38394,20.3251,2.61127,0.205891
0,0.25,5.596,21.891,5.3076,2.0021
0,0.25,4.55423,21.7845,2.70229,0.556955
0,0.25,5.39656,22.2693,3.55553,-0.265218
0,0.25,7.98804,22.4498,1.01017,-2.04215
0,0.25,8.21948,22.2302,1.30601,-0.892362
0,0.25,7.75605,22.6291,1.7529,-1.38509
0,0.25,10.7501,21.5455,0.503298,-0.185994
0,0.25,8.25745,22.8696,1.77251,-1.6511
0,0.25,11.1757,21.8327,1.03405,0.645817
0,0.25,13.6636,19.4928,0.943328,-3.59446
0,0.25,11.3224,22.0103,0.787321,0.626686
0,0.25,10.7377,22.4814,0.877,-0.195476
0,0.25,12.0934,21.822,1.91003,-0.343313
0,0.25,11.6706,22.0845,1.07542,-0.0552279
0,0.25,14.5306,18.287,0.377848,-2.33347
0,0.25,14.0328,14.3096,-1.36245,-2.34603
0,0.25,13.1378,20.7619,2.33565,-1.38765
0,0.25,15.0033,18.4225,-0.588127,-2.08374
0,0.25,13.6294,12.7203,-0.914695,-1.19934
0,0.25,12.8807,13.2793,-1.14888,-1.05719
0,0.25,13.9191,13.3821,-0.993213,-2.74437
0,0.25,14.2933,19.75,-0.0545305,-2.41029
0,0.25,15.1371,17.9636,1.1028,-2.62053
0,0.25,9.54093,13.2487,-0.683493,-0.351267
0,0.25,15.4669,16.2472,-0.689326,-0.938795
0,0.25,8.95674,13.017,-0.32984,-0.425228
0,0.25,15.4159,16.9902,-0.00892749,-0.127035
0,0.25,15.2705,14.3535,0.311278,-3.34521
0,0.25,10.5611,14.1444,-0.526006,0.0695998
0,0.25,15.3357,13.9312,0.651052,-0.843809
0,0.25,15.0829,14.4937,-0.204796,-2.8567
0,0.25,15.4943,13.7862,-0.200442,-0.700756
0,0.25,12.2875,12.2134,-0.177734,-1.17351
0,0.25,11.2448,13.8564,-0.709889,0.530859
0,0.25,14.246,12.4539,-0.76265,-0.0244438
0,0.25,12.147,11.8775,-0.362846,-0.743852
0,0.25,14.405,11.4827,0.392927,-0.0574015
0,0.25,10.989,13.557,-0.959,0.277258
0,0.25,13.5835,12.2874,-1.05765,-1.23178
0,0.25,14.5337,12.0532,-1.29102,-1.81468
0,0.25,11.3556,13.3796,-1.6354,-0.0116996
0,0.25,15.0456,12.3691,0.271319,0.172234
0,0.25,14.5896,10.3986,-0.655002,-3.21979
0,0.25,15.3884,12.3487,-1.30064,0.127954
0,0.25,11.5391,11.9524,0.449113,-0.236254
0,0.25,10.4868,9.24831,0.137554,3.09543
0,0.25,9.56936,11.7988,0.296099,-0.238018
0,0.25,2.05685,12.186,-0.144571,-0.230489
0,0.25,2.17202,13.0261,0.00027846,0.668271
0,0.25,1.69878,14.3968,0.387123,1.89801
0,0.25,1.75482,16.3572,1.86914,7.30943
0,0.25,2.01807,17.9946,-0.0375686,4.02422
0,0.25,2.95253,19.51,2.49329,3.05766
0,0.25,2.13032,19.1882,4.98154,2.09427
0,0.25,3.23009,19.8263,3.12167,2.49519
0,0.25,3.80634,20.6079,3.47455,3.09463
0,0.25,4.68314,21.6054,3.86102,1.16346
0,0.25,4.75611,21.8659,2.20493,0.950299
0,0.25,8.23247,21.7916,1.23087,0.0272036
0,0.25,7.34738,22.3886,3.9225,-0.190861
0,0.25,9.21569,22.2315,2.10164,-0.171921
0,0.25,7.98593,22.2271,2.70328,-0.578205
0,0.25,8.26361,22.6652,2.37511,-0.82588
0,0.25,9.87803,22.5485,3.41003,-1.33935
0,0.25,11.7503,21.7779,1.92896,-0.40519
0,0.25,9.05264,22.8934,0.0535406,1.29884
0,0.25,11.2092,22.3069,0.391212,0.32732
0,0.25,13.3211,19.9632,0.772066,-1.70746
0,0.25,10.5261,22.5774,0.913465,-0.154845
0,0.25,14.4007,19.3079,1.19436,-2.4698
0,0.25,13.172,20.4264,1.98603,-1.5048
0,0.25,13.8768,19.8941,-0.682591,-3.1791
0,0.25,14.679,17.1104,0.963204,-1.77907
0,0.25,13.7053,13.7886,-1.10467,-1.91613
0,0.25,15.0096,16.2194,-0.610484,-2.86166
0,0.25,14.6447,18.0894,0.309265,-2.94234
0,0.25,12.6257,14.1138,-0.474299,-0.41339
0,0.25,14.9975,15.982,0.0799856,-3.1718
0,0.25,15.2048,16.3439,-0.0969049,-2.50062
0,0.25,15.3498,17.2501,-1.23278,0.234456
0,0.25,15.1751,16.8552,-0.218845,-1.67635
0,0.25,10.0673,13.696,-0.914359,-0.736137
0,0.25,9.20329,14.3011,-0.467518,-0.553952
0,0.25,11.5332,13.0801,-1.1323,-0.283529
0,0.25,15.5039,15.5655,-0.348914,-2.36472
0,0.25,12.0504,13.2729,-1.13789,0.543952
0,0.25,14.8257,13.6618,-0.123144,-1.98161
0,0.25,13.6351,11.209,0.875685,-1.52803
0,0.25,11.2934,12.2776,-0.40871,-1.00544
0,0.25,10.2261,12.5157,-0.608404,-0.736124
0,0.25,15.0281,11.8841,-0.822594,-0.369296
0,0.25,11.6043,13.3362,-2.0317,0.0639603
0,0.25,15.4236,10.6429,-0.643425,1.14817
0,0.25,13.8505,11.1307,1.12267,-1.03292
0,0.25,12.6921,10.97,3.08762,-1.43752
0,0.25,13.4961,10.6764,1.96308,-1.77945
0,0.25,14.9093,12.5014,-0.53305,-0.969824
0,0.25,11.1584,11.1707,0.651089,-3.04398
0,0.25,15.2534,12.5675,-2.29607,-0.153781
0,0.25,15.3588,10.8234,1.20342,0.00182647
0,0.25,14.7165,11.9224,-0.483952,-0.848116
0,0.25,14.5009,11.7725,-0.495134,-0.474685
0,0.25,12.0222,11.1412,2.28804,-0.534539
0,0.25,2.27641,11.878,-0.602192,-0.579755
0,0.25,2.0012,13.5305,-0.18793,0.688109
0,0.25,1.58529,15.4681,0.991996,5.71035
0,0.25,1.52495,17.2724,0.988707,3.59662
0,0.25,1.87703,18.4113,2.42636,2.49021
0,0.25,2.46342,19.3478,4.00986,2.86397
0,0.25,3.84976,20.1161,1.82476,4.06965
0,0.25,4.15736,20.7483,2.56144,2.67799
0,0.25,4.48633,21.2113,2.0843,2.43846
0,0.25,5.80708,21.9923,3.3853,1.35246
0,0.25,7.13614,22.273,3.1968,-0.425937
0,0.25,7.30914,21.2095,2.70153,0.284903
0,0.25,7.5347,22.5418,1.76217,-0.450793
0,0.25,7.05401,22.502,2.54822,0.252266
0,0.25,8.50278,22.5886,2.53841,-0.724806
0,0.25,9.54431,22.8212,0.0432321,0.473294
0,0.25,12.006,21.0206,2.46683,-2.28798
0,0.25,12.2097,21.0123,2.17929,-2.78034
0,0.25,12.5698,20.669,3.81953,-2.91518
0,0.25,13.4626,18.9887,2.15392,-0.870096
0,0.25,13.6948,19.0129,1.49556,-2.45024
0,0.25,13.746,18.1134,2.02663,-0.775478
0,0.25,14.0516,16.7895,0.568415,-1.50418
0,0.25,14.178,16.2411,0.0048756,-3.31469
0,0.25,14.6589,14.9168,-0.193917,-3.6219
0,0.25,13.7313,13.5506,-0.931905,-2.60449
0,0.25,14.6904,18.4748,-0.859306,-1.58698
0,0.25,15.2216,16.6007,-0.130239,-2.83446
0,0.25,13.5157,12.9168,-1.49411,-1.60138
0,0.25,13.0346,14.1326,-0.552564,-1.58176
0,0.25,11.816,14.2999,-0.117031,0.229437
0,0.25,14.9115,13.988,-0.28845,-2.22011
0,0.25,10.7156,14.8761,0.406767,0.0485627
0,0.25,13.098,13.1942,-1.42216,-0.965854
0,0.25,15.2263,17.7655,0.282376,-0.95771
0,0.25,11.5979,13.561,-0.521443,0.547095
0,0.25,9.60749,12.3716,-0.310541,-1.52625
0,0.25,8.88898,13.6207,-0.466587,-0.283408
0,0.25,9.14538,13.1435,-0.50986,0.00566598
0,0.25,8.68969,12.6359,0.707633,-0.6117
0,0.25,12.5101,12.7306,-1.11909,-0.818005
0,0.25,11.6073,12.1236,0.0297879,-1.28957
0,0.25,14.9707,12.1337,-0.770816,-0.173986
0,0.25,14.6812,12.687,-1.40844,-1.14043
0,0.25,12.6241,11.2885,1.21892,-1.51889
0,0.25,12.6974,11.6353,0.533976,-1.39861
0,0.25,13.7468,11.4347,0.507249,-1.26904
0,0.25,14.9355,11.3321,-0.390925,0.379865
0,0.25,13.916,9.26202,-4.13641,3.64417
0,0.25,14.9406,12.8925,-1.1867,0.0535872
0,0.25,14.1914,12.2435,-0.565307,-1.16413
0,0.25,15.0829,10.2523,-1.8921,0.77872
0,0.25,9.29421,11.3375,1.23157,0.723604
0,0.25,10.9088,11.4717,-0.338496,-1.90203
0,0.25,10.0465,11.5337,0.0398764,-2.87612
0,0.25,13.9264,10.8051,1.34226,-1.97136
0,0.25,2.23034,12.1561,-0.453736,-0.276568
0,0.25,2.2011,12.5049,-0.368593,0.335055
0,0.25,1.91047,13.8037,-0.143376,1.2005
0,0.25,2.04076,16.4479,2.73407,3.63856
0,0.25,2.11632,17.7525,0.350728,3.8888
0,0.25,2.41679,19.133,5.5465,3.24458
0,0.25,3.60149,19.4117,0.393905,3.50426
0,0.25,3.55625,20.4932,3.38561,2.31583
0,0.25,4.27921,20.9616,2.99241,2.96298
0,0.25,4.45188,21.447,2.79839,1.31666
0,0.25,5.58947,22.1501,3.75348,0.964453
0,0.25,7.4884,21.4626,2.19936,1.77477
0,0.25,7.02565,21.218,2.46118,2.09439
0,0.25,7.98999,22.6894,2.3078,-0.85641
0,0.25,9.87688,22.0622,1.88184,-0.812287
0,0.25,9.75301,22.3594,2.24626,-0.430285
0,0.25,9.38172,22.6491,2.25218,0.703728
0,0.25,11.0972,22.1245,0.589847,0.341986
0,0.25,12.0304,21.2953,1.65735,-1.19958
0,0.25,12.9464,20.3713,2.45037,-1.93237
0,0.25,13.5494,19.2226,1.677,-2.11568
0,0.25,13.8959,19.5571,0.669668,-4.3493
0,0.25,12.977,20.6246,3.18489,-2.72725
0,0.25,14.0455,19.3626,0.865246,-4.26845
0,0.25,14.2003,15.9476,-0.12399,-3.74295
0,0.25,13.1866,21.0041,3.25226,-1.81222
0,0.25,14.4372,19.0479,0.531676,-1.5876
0,0.25,12.74,13.0044,-1.50175,-0.895554
0,0.25,15.113,17.365,0.705066,0.123725
0,0.25,12.3222,14.5237,0.0966007,0.0306249
0,0.25,14.5628,13.3088,-0.147902,-1.89052
0,0.25,13.2616,14.0541,-0.474871,-1.68938
0,0.25,14.7216,19.0445,-0.213468,-0.969336
0,0.25,14.1466,12.9932,-1.32581,-2.77145
0,0.25,10.7872,13.7646,-0.804374,-0.524347
0,0.25,10.1465,14.3465,-0.537752,-0.0613123
0,0.25,8.98799,13.3529,-0.795229,-0.140182
0,0.25,10.418,12.9034,-0.954991,-0.730642
0,0.25,11.5521,12.3843,-0.808947,-0.381959
0,0.25,9.47955,15.0035,-1.07107,0.0786745
0,0.25,8.83035,12.0923,-0.690238,-1.69807
0,0.25,8.81431,11.8993,0.0647747,-1.30768
0,0.25,11.9317,11.4254,2.74112,-0.107297
0,0.25,11.7383,11.2461,0.737024,2.70905
0,0.25,15.3592,5.43814,-4.88535,0.837923
0,0.25,11.2755,12.0482,0.000862579,-0.760454
0,0.25,14.3978,10.7278,0.596543,-1.16534
0,0.25,15.5788,11.6397,0.578276,0.308623
0,0.25,14.8946,11.7092,-0.35662,-0.398274
0,0.25,15.4541,13.07,0.109901,0.389815
0,0.25,14.675,11.1658,-0.381655,-0.524764
0,0.25,9.90522,11.7399,0.193633,-0.120907
0,0.25,14.8693,10.5653,-1.26253,-0.300302
0,0.25,14.4406,8.7903,-2.31706,3.78845
0,0.25,15.1137,10.8703,-1.31132,-0.0293889
0,0.25,13.6231,10.5833,2.21985,-2.69144
0,0.25,2.46323,11.7212,-0.625274,-1.20904
0,0.25,2.32164,12.8078,-0.378222,0.416492
0,0.25,2.16497,13.3683,-0.353285,1.40616
0,0.25,1.64834,14.794,0.854158,3.5641
0,0.25,1.76728,16.5826,2.00443,4.78687
0,0.25,2.0485,18.3068,3.29974,2.23116
0,0.25,2.62417,19.4994,5.53669,1.97188
0,0.25,3.90025,19.8715,1.81892,4.90839
0,0.25,4.03245,20.6218,2.92696,3.60309
0,0.25,4.92286,21.4932,3.29544,2.44573
0,0.25,3.9229,21.3571,2.3176,1.7517
0,0.25,6.05168,22.1199,2.85485,0.684805
0,0.25,8.36622,22.0811,1.92537,-0.554189
0,0.25,8.56937,21.3912,0.215016,1.40137
0,0.25,8.95009,21.9197,1.90654,0.717102
0,0.25,10.3125,21.7819,0.989533,-0.4675
0,0.25,10.5416,21.6527,0.559168,0.187078
0,0.25,11.6796,20.5752,1.00536,-3.19107
0,0.25,10.0679,22.6875,1.44174,0.407739
0,0.25,11.5999,21.5865,1.78178,-0.231499
0,0.25,13.4214,18.6259,1.44595,-1.2859
0,0.25,13.0353,18.8992,1.84688,-0.987926
0,0.25,14.0257,17.9814,2.02632,-1.37905
0,0.25,14.5591,16.4703,0.168995,-3.25871
0,0.25,12.5583,21.5346,1.37915,0.17045
0,0.25,14.073,19.6939,-0.369783,-3.91247
0,0.25,15.0274,15.6957,-0.591027,-4.22674
0,0.25,15.0442,17.5873,0.918664,-1.86745
0,0.25,13.7214,20.47,-0.629275,-0.272215
0,0.25,14.6993,13.1316,-0.426171,-1.20127
0,0.25,14.4467,19.556,0.664437,-2.96014
0,0.25,12.7386,12.7434,-0.928789,-0.95176
0,0.25,10.7556,14.6269,0.396081,0.90437
0,0.25,10.9371,14.4887,0.192824,0.0992019
0,0.25,14.5971,19.2727,0.775737,-1.81649
0,0.25,11.3816,14.2148,-0.63259,0.673704
0,0.25,9.45142,12.5742,-0.673315,-0.957528
0,0.25,15.0345,13.6213,-0.459759,-1.86022
0,0.25,15.4482,15.7729,-0.216213,-2.03259
0,0.25,13.3109,12.4915,-1.05037,-1.22446
0,0.25,10.2366,11.5457,-0.986328,-0.995688
0,0.25,10.7072,10.7971,1.18799,-0.124941
0,0.25,8.73527,12.3319,1.26598,-0.922022
0,0.25,9.50292,11.6312,0.942911,-0.489228
0,0.25,8.96434,12.5744,-0.377629,0.241039
0,0.25,8.93551,12.3501,1.15933,-0.986814
0,0.25,10.6473,13.2634,-0.694007,-0.255989
0,0.25,12.3402,11.3593,1.09571,-0.933267
0,0.25,10.917,11.213,1.38058,-2.48588
0,0.25,10.5468,11.3464,0.242097,-1.02376
0,0.25,14.2148,10.9666,0.661316,-1.09408
0,0.25,15.2398,11.7639,-0.0785005,0.7808
0,0.25,14.5315,10.5967,-0.552699,-2.34623
0,0.25,11.7518,11.614,1.31416,-0.282344
0,0.25,14.8271,9.95351,-2.33811,-0.33786
0,0.25,11.0273,9.84083,0.955691,3.66172
0,0.25,2.60124,11.7254,-0.785282,-1.06543
0,0.25,2.39169,12.4193,-0.295435,0.00809396
0,0.25,2.35755,13.1398,0.00574344,0.629469
0,0.25,1.87332,14.2223,-0.335567,1.53908
0,0.25,1.68883,15.1928,-0.132959,3.8498
0,0.25,1.77454,17.2267,-0.0503603,5.31697
0,0.25,2.68922,19.1063,4.88862,3.34655
0,0.25,3.34277,18.5834,-0.380724,2.15027
0,0.25,3.84189,20.3877,2.20476,1.9901
0,0.25,4.03248,20.9862,3.55852,2.95671
0,0.25,5.63703,21.6216,4.23823,1.51994
0,0.25,5.88034,22.4579,3.34926,1.26551
0,0.25,6.68362,21.9842,4.08258,1.38444
0,0.25,8.19937,22.4828,1.87302,-0.603078
0,0.25,7.81032,22.8764,0.791794,-0.651431
0,0.25,7.60633,22.836,0.82329,-1.34546
0,0.25,10.6289,22.2981,1.18201,0.184081
0,0.25,11.4458,21.1766,0.489729,-1.76921
0,0.25,10.1125,21.1088,1.55646,0.524951
0,0.25,12.7177,19.6649,1.16808,-1.58906
0,0.25,12.2556,21.2499,2.3957,-0.767549
0,0.25,14.0629,18.2192,1.6009,-1.47804
0,0.25,12.5457,19.4916,1.75855,-1.34696
0,0.25,13.5029,20.3887,-0.190217,-1.03365
0,0.25,14.2276,19.488,0.725614,-4.04341
0,0.25,15.2746,16.088,-0.288262,-3.10091
0,0.25,14.7784,16.0037,-0.271032,-3.43652
0,0.25,14.7385,14.1411,-0.482951,-2.78963
0,0.25,14.9617,14.875,-0.53449,-3.70339
0,0.25,13.8227,13.0136,-1.04209,-2.678
0,0.25,13.0446,14.5849,0.44485,-1.14704
0,0.25,12.4789,13.62,-1.38306,-0.0478712
0,0.25,13.9175,12.8232,-1.27682,-1.35359
0,0.25,12.8653,15.0165,0.106304,0.194522
0,0.25,15.0757,18.1869,0.173015,-2.4675
0,0.25,10.4326,13.76,-1.08306,-0.101732
0,0.25,15.3107,17.5351,1.01382,-0.315618
0,0.25,9.95923,12.4124,-0.618994,-0.645883
0,0.25,9.34973,14.7881,-0.641926,0.371094
0,0.25,9.22508,15.006,-0.27333,0.542597
0,0.25,14.792,13.4085,-0.0981309,-2.08232
0,0.25,8.72749,14.1501,0.95003,-0.722519
0,0.25,13.9796,11.7807,-0.938941,-0.682914
0,0.25,11.1987,13.5495,-1.14923,0.0774661
0,0.25,14.3269,12.0263,0.0506355,-1.37833
0,0.25,12.7719,12.4953,-1.01041,-0.931244
0,0.25,15.5306,12.8274,0.45095,0.563132
0,0.25,9.91443,12.2093,-0.379792,-0.84582
0,0.25,15.2287,8.90904,-0.503645,1.18569
0,0.25,15.1117,7.34174,-2.83136,1.84303
0,0.25,14.6256,10.9274,0.0435706,-0.90861
0,0.25,10.7819,11.8885,-0.0565535,-0.748631
0,0.25,15.489,11.3536,0.0572203,0.555954
0,0.25,13.6713,10.928,1.43273,-1.19396
0,0.25,12.2815,11.1458,1.58595,-0.438692
0,0.25,15.3576,11.4662,0.480539,-0.200826
0,0.25,2.72534,11.9682,-0.661598,0.161262
0,0.25,2.46501,12.0414,-0.899832,-0.458123
0,0.25,2.50496,12.7148,-0.622333,0.64324
0,0.25,2.13848,13.7512,-0.55569,1.59072
0,0.25,1.85723,14.8565,0.686207,1.77347
0,0.25,1.78814,16.7564,1.56945,5.79555
0,0.25,2.30453,17.6648,3.23922,6.21633
0,0.25,3.2057,19.3944,2.16558,3.146
0,0.25,3.68058,19.0939,-1.28654,1.07132
0,0.25,4.25999,20.3549,3.65064,4.82624
0,0.25,4.26179,21.3112,1.95802,2.41491
0,0.25,5.16364,21.9121,3.0303,0.160686
0,0.25,5.64021,22.3624,2.43915,2.12979
0,0.25,7.63495,21.6789,2.46171,1.38997
0,0.25,7.25844,22.6064,2.98874,-1.35076
0,0.25,9.45813,22.1935,2.63064,-0.958786
0,0.25,10.3162,21.9889,1.28334,-0.180147
0,0.25,10.9735,21.4387,0.601362,-0.649623
0,0.25,11.2755,20.8317,0.391424,-2.88949
0,0.25,12.1482,20.7274,2.37232,-2.92043
0,0.25,12.9031,20.1291,2.06223,-2.19459
0,0.25,13.3659,20.2177,0.979756,-1.53744
0,0.25,13.8513,18.3019,2.23974,-1.07715
0,0.25,14.1029,18.9762,0.822973,-3.34307
0,0.25,14.2727,17.5594,0.981361,-1.86995
0,0.25,13.6963,17.4445,1.10859,-0.811796
0,0.25,13.9776,17.2768,0.81286,-1.06011
0,0.25,14.6946,17.8228,0.989415,-2.10792
0,0.25,4.76735,20.3138,2.92752,2.40369
0,0.25,13.0385,13.8736,-1.34933,-1.51263
0,0.25,14.7919,16.3276,-0.516014,-3.18757
0,0.25,11.8868,13.943,-1.39622,0.355613
0,0.25,15.1563,17.1071,-0.0221054,-1.40763
0,0.25,11.6428,13.8388,-1.47451,0.718901
0,0.25,11.6867,14.1126,-0.987307,0.5388
0,0.25,10.8213,14.2537,-0.225038,-0.190031
0,0.25,9.67126,14.3222,-0.950379,-0.323325
0,0.25,9.37751,13.0081,-0.409598,-0.335435
0,0.25,14.655,13.9124,-0.340226,-3.23915
0,0.25,9.15701,12.2547,1.14412,-1.13564
0,0.25,9.61119,14.7887,-1.06026,0.110902
0,0.25,6.8041,20.0238,5.13545,-8.33972
0,0.25,11.5025,11.6798,0.117466,0.553356
0,0.25,13.2625,11.2816,1.41757,-1.65547
0,0.25,9.39013,12.1518,0.311613,-1.27845
0,0.25,13.9176,12.2672,-1.04826,-0.0514445
0,0.25,14.0963,8.27477,2.05162,3.23267
0,0.25,14.1849,11.7366,0.72247,-0.3104
0,0.25,11.276,11.3822,0.496755,-0.711647
0,0.25,11.5971,11.4765,0.0173347,1.15476
0,0.25,11.6691,10.2623,1.0773,3.94187
0,0.25,11.1588,7.29743,10.3011,2.50736
0,0.25,10.7693,9.87415,0.929483,3.64648
0,0.25,15.0676,11.1185,-0.977631,0.511709
0,0.25,15.3828,11.9565,0.697028,-0.605764
0,0.25,15.4368,11.069,0.966516,-0.276353
0,0.25,2.87995,11.7307,-0.975514,-0.926863
0,0.25,2.56193,12.2739,-0.805502,-0.0155591
0,0.25,2.36426,13.4285,0.305095,0.862467
0,0.25,2.04953,14.0372,-0.00491003,1.08813
0,0.25,1.71077,15.8354,1.50744,5.58891
0,0.25,1.62261,17.0327,-0.697646,6.46574
0,0.25,2.32475,18.4005,3.10795,5.55507
0,0.25,3.38494,19.3364,-0.326708,0.939057
0,0.25,3.15587,20.248,3.15776,2.40621
0,0.25,4.37059,20.5831,3.22089,4.71025
0,0.25,4.54285,20.9862,2.09216,3.18198
0,0.25,5.23075,20.5768,1.50409,3.09929
0,0.25,6.56634,22.4434,4.92226,-1.72407
0,0.25,7.35507,21.6603,2.32086,1.40019
0,0.25,5.54012,20.6077,2.96535,0.241672
0,0.25,8.14307,21.9842,1.73633,0.532621
0,0.25,8.62289,22.7549,1.93872,-1.10574
0,0.25,9.97063,22.2928,2.70115,-0.305871
0,0.25,10.5365,21.8986,1.15674,0.0739772
0,0.25,11.9398,20.8356,1.15766,-2.68735
0,0.25,11.3867,21.7137,1.74741,-0.235265
0,0.25,12.3593,21.4963,1.7027,-0.215547
0,0.25,12.5882,19.8434,2.02349,-2.02847
0,0.25,13.4335,19.4887,1.26239,-2.45948
0,0.25,9.92218,21.1715,1.05033,0.171859
0,0.25,13.7084,18.5199,1.45466,-0.796314
0,0.25,14.1131,18.7094,0.36967,-1.02993
0,0.25,13.2977,18.432,1.42907,-0.948667
0,0.25,14.3875,16.3225,0.55312,-3.48912
0,0.25,14.2866,16.5818,0.641401,-2.9292
0,0.25,13.8209,16.9567,1.08988,-1.59473
0,0.25,14.9241,17.054,0.604445,-1.75177
0,0.25,14.0003,14.0704,-0.895675,-2.99912
0,0.25,13.6164,13.333,-0.932408,-2.68984
0,0.25,12.7422,13.6629,-1.43522,-0.456652
0,0.25,12.2141,13.4842,-0.973277,-0.228959
0,0.25,13.5827,12.5338,-1.28598,-1.07145
0,0.25,9.83427,13.619,-1.23819,-0.971678
0,0.25,13.335,12.7219,-1.4043,-0.969375
0,0.25,9.81679,14.1129,-0.993994,-0.325314
0,0.25,9.16867,12.6512,-0.0438267,-0.532433
0,0.25,9.91471,13.1608,-1.59204,0.166125
0,0.25,9.83117,11.5646,1.60746,0.0571348
0,0.25,8.94884,11.1991,1.33102,0.39999
0,0.25,14.0815,12.0231,-0.0517742,-0.962683
0,0.25,14.7436,11.5667,-0.576121,0.0368865
0,0.25,15.5159,9.49322,-0.185701,0.10999
0,0.25,13.0425,12.3398,-1.36622,-0.498586
0,0.25,15.0051,10.0341,-2.00717,0.402876
0,0.25,14.502,9.92617,-4.40816,-1.34652
0,0.25,10.2424,12.2852,-1.09889,-0.00460155
0,0.25,10.5055,12.0686,-0.426278,-0.804992
0,0.25,15.4875,12.535,0.449077,0.88047
0,0.25,13.06,10.9834,1.87797,-1.84636
0,0.25,12.1453,11.5128,0.841946,-0.584201
0,0.25,8.84285,11.72,0.0864682,-1.0092
0,0.25,2.99808,11.7293,-0.722224,-0.571695
0,0.25,2.78949,12.1699,-0.403682,-0.171257
0,0.25,2.55288,12.9944,-0.587777,0.818522
0,0.25,2.35795,13.6882,-0.456407,0.787394
0,0.25,1.82872,14.5594,-0.893842,2.18282
0,0.25,2.06771,16.5852,1.84287,2.99078
0,0.25,2.10156,17.4348,0.316437,5.39305
0,0.25,2.37328,18.8705,4.57514,3.57326
0,0.25,3.21091,19.0227,2.94643,1.33879
0,0.25,3.49012,19.8099,2.55711,4.4917
0,0.25,4.10221,19.6957,3.946,3.863
0,0.25,4.94343,21.2532,2.88079,2.25602
0,0.25,4.69914,21.366,3.04996,2.10942
0,0.25,5.82704,21.7664,3.10803,2.27114
0,0.25,6.83754,21.2328,0.845644,-0.421019
0,0.25,7.55948,22.2903,3.2847,-0.276095
0,0.25,9.0586,22.1117,2.39298,-0.246746
0,0.25,9.68452,22.1437,2.16348,-0.0810608
0,0.25,9.66389,21.4991,1.55401,-0.0202483
0,0.25,9.53438,22.4053,2.34523,-0.893509
0,0.25,11.6819,20.802,-0.496631,-2.91425
0,0.25,11.9167,20.6178,0.818478,-2.89316
0,0.25,12.2297,20.1548,1.96438,-4.31022
0,0.25,10.537,20.9145,0.585907,-0.526114
0,0.25,13.0822,19.9158,1.10778,-1.97418
0,0.25,13.1763,19.5011,1.5636,-1.90774
0,0.25,14.3116,18.8454,0.675245,-2.40631
0,0.25,14.2081,19.1681,0.889102,-3.97278
0,0.25,13.1434,18.665,1.70657,-0.00363883
0,0.25,14.6369,15.5622,-0.248021,-3.34392
0,0.25,14.4218,14.9235,-0.706586,-2.76181
0,0.25,14.5009,18.5839,-0.17842,-1.28392
0,0.25,14.527,14.2686,-0.895455,-3.36717
0,0.25,13.49,13.6389,-1.30527,-2.33364
0,0.25,12.1515,13.688,-1.76261,-0.144034
0,0.25,12.5402,14.3327,-0.822812,-0.097951
0,0.25,11.6608,14.8998,-0.848805,0.0502751
0,0.25,10.2981,15.0258,0.434949,-0.141931
0,0.25,11.9521,14.8104,-0.584688,-0.318959
0,0.25,10.3752,14.379,-0.265188,0.0124454
0,0.25,15.0205,13.3684,-0.436486,-1.00903
0,0.25,9.1436,13.5036,-0.972127,-0.015131
0,0.25,11.4151,13.6873,-0.883795,0.0291698
0,0.25,9.04112,13.7836,-0.624617,-0.314502
0,0.25,11.7231,10.8216,-0.28916,2.67862
0,0.25,13.301,10.9368,1.94867,-1.74466
0,0.25,11.8211,10.9885,0.764477,1.89352
0,0.25,9.72911,11.9617,0.330497,-1.42079
0,0.25,12.9723,11.403,1.21816,-1.14642
0,0.25,12.6274,10.8959,3.17916,-0.924121
0,0.25,10.4201,11.8627,0.255582,-1.33484
0,0.25,10.9916,11.7078,-0.186755,-1.27589
0,0.25,10.4896,12.3279,-0.518562,-0.668536
0,0.25,10.0119,12.0124,0.152736,-1.42799
0,0.25,15.6553,6.02903,0.583132,0.595974
0,0.25,10.7465,12.1705,-0.381109,-0.292587
0,0.25,3.02563,12.0441,-1.38369,0.302162
0,0.25,2.66155,12.5452,-0.860379,0.283476
0,0.25,2.58637,13.2709,-0.418185,1.00356
0,0.25,2.26286,13.9698,-1.14216,1.94114
0,0.25,1.87574,15.1096,-1.15746,4.59275
0,0.25,1.7855,15.4851,0.052293,5.68744
0,0.25,1.85977,16.9711,-1.01432,3.93266
0,0.25,2.20735,18.1302,1.15175,6.16302
0,0.25,2.51191,17.5049,2.43285,3.81597
0,0.25,3.48192,19.1213,0.339002,-0.0735743
0,0.25,3.63492,19.9903,2.50947,4.25267
0,0.25,4.06607,20.047,1.934,3.92118
0,0.25,5.1553,21.383,3.39809,2.4881
0,0.25,5.28025,20.8899,1.1709,1.72442
0,0.25,6.72556,22.2306,3.92241,0.0927229
0,0.25,7.43186,21.8707,3.71272,1.68895
0,0.25,8.42542,22.3626,2.64151,-2.33922
0,0.25,6.19741,20.9273,2.36503,0.102008
0,0.25,9.31472,22.0097,1.542,-0.404288
0,0.25,8.38881,21.6292,0.483431,-0.260115
0,0.25,10.235,22.2325,2.7871,-0.225472
0,0.25,11.7156,21.0222,1.0285,-2.58363
0,0.25,10.751,21.3095,1.21523,-1.49834
0,0.25,9.50626,21.2625,0.384498,0.482232
0,0.25,4.72685,20.0059,1.45207,4.35407
0,0.25,11.8505,20.1299,0.431861,-1.56987
0,0.25,12.3899,19.6895,1.41771,-1.40838
0,0.25,12.9939,19.685,1.76998,-1.34854
0,0.25,14.0748,18.4568,1.64654,-1.09885
0,0.25,14.8989,15.4775,-0.440353,-4.19912
0,0.25,14.5458,18.8351,-0.322438,-1.95364
0,0.25,14.4838,16.9399,0.876002,-1.58398
0,0.25,14.3307,14.4191,-0.483597,-2.82505
0,0.25,14.4686,14.6297,-1.03024,-2.88195
0,0.25,13.7998,14.9154,0.329205,-0.708286
0,0.25,12.6476,14.936,0.471259,0.292577
0,0.25,14.7665,18.8003,-0.0602194,-0.40797
0,0.25,11.435,14.7532,0.0781622,0.0467856
0,0.25,10.6152,13.9232,-0.914332,-0.0457856
0,0.25,9.52514,14.5405,-0.733066,0.26334
0,0.25,14.9385,13.1196,-0.334139,-1.33177
0,0.25,14.3459,13.1318,-0.911915,-2.31163
0,0.25,10.01,13.4199,-1.32114,-0.245784
0,0.25,9.94932,13.9052,-0.768851,-0.896872
0,0.25,8.86458,13.9778,-0.468056,-1.17234
0,0.25,8.73968,13,0.190725,0.147225
0,0.25,9.01074,11.3232,1.36101,0.00379577
0,0.25,12.0702,12.4879,-0.803495,-0.687915
0,0.25,10.643,11.7859,-0.0139933,-0.390583
0,0.25,13.4876,11.4807,0.355125,-1.51619
0,0.25,14.7877,10.6584,0.282148,-0.843488
0,0.25,13.4098,11.1471,1.28882,-1.1329
0,0.25,14.5069,8.90062,-2.37627,3.69501
0,0.25,14.737,12.1956,-0.141941,-1.17422
0,0.25,15.0818,11.3803,-0.42567,-0.179625
0,0.25,9.2754,11.5455,0.574874,-0.336511
0,0.25,3.19345,11.8969,-1.38679,-0.331959
0,0.25,2.86664,12.4539,-1.11481,0.563933
0,0.25,2.75015,12.8364,-0.998421,0.881304
0,0.25,2.61241,13.5198,-1.03641,0.871204
0,0.25,2.55222,13.7949,-0.805044,1.03633
0,0.25,2.07545,14.3326,-0.190335,2.21767
0,0.25,2.03269,14.595,-0.465655,2.28674
0,0.25,1.85613,16.2391,2.47476,5.16509
0,0.25,2.07982,16.8935,-0.455816,5.11982
0,0.25,1.98611,17.1962,-0.0837817,4.87344
0,0.25,2.14619,18.5598,5.89938,2.45823
0,0.25,2.79692,19.3414,3.67409,3.2709
0,0.25,3.2643,18.2179,2.23488,0.793879
0,0.25,4.67442,20.5327,1.8313,4.1752
0,0.25,5.3406,21.5083,3.3466,1.69184
0,0.25,5.50831,21.0778,2.62931,0.677086
0,0.25,6.83377,22.4354,2.35802,-0.370987
0,0.25,7.93473,21.736,1.2067,1.46161
0,0.25,7.75122,22.4153,2.67181,-1.07758
0,0.25,7.82715,21.542,1.64145,0.81539
0,0.25,9.36795,21.7509,2.22334,-0.397584
0,0.25,9.90674,21.4444,1.63304,-0.533299
0,0.25,9.01103,21.3458,1.69916,0.921877
0,0.25,10.9652,21.6997,0.223146,-0.178315
0,0.25,11.0462,20.9199,1.49293,-2.79167
0,0.25,10.3247,21.0361,1.94339,-1.01964
0,0.25,10.8061,20.8122,1.25829,-0.908364
0,0.25,12.801,20.6628,3.56328,-3.41972
0,0.25,13.6058,18.755,1.63152,-1.83366
0,0.25,14.6112,16.1828,-1.04972,-4.16763
0,0.25,14.0291,17.4807,1.72988,-1.40777
0,0.25,14.2074,15.6772,-0.602133,-3.58173
0,0.25,13.99,15.5748,-1.63157,-2.74208
0,0.25,14.6685,14.4849,-0.202798,-3.35892
0,0.25,13.3874,13.4245,-1.13955,-1.85293
0,0.25,13.2506,14.7584,0.360049,-1.06765
0,0.25,12.7695,14.7136,0.503885,-0.206454
0,0.25,11.6297,14.6262,-0.65116,-0.330576
0,0.25,12.048,14.4184,-0.58221,-0.00713432
0,0.25,10.4027,13.3883,-0.728788,-0.282955
0,0.25,10.9308,15.0298,-0.312387,0.674401
0,0.25,10.1383,14.834,0.058868,-0.560749
0,0.25,10.1901,13.2648,-1.6125,-0.430144
0,0.25,9.2558,13.7647,-0.937953,-0.572753
0,0.25,8.9855,14.9705,0.480638,-0.295021
0,0.25,8.7373,14.4014,-0.857342,0.115452
0,0.25,10.1148,8.60463,8.93732,2.92619
0,0.25,10.2254,11.7522,0.942452,-0.930076
0,0.25,9.96065,12.6473,-0.991507,0.0719563
0,0.25,11.1715,11.5749,0.203586,-0.557586
0,0.25,12.9767,11.0611,0.984246,-2.05379
0,0.25,14.4166,10.1791,-2.04275,-2.07918
0,0.25,12.7733,11.8433,-0.591661,-0.828135
0,0.25,10.9665,11.0832,0.731071,-2.92471
0,0.25,8.98829,11.5558,0.398906,-0.178792
0,0.25,14.8317,11.0047,-1.14562,-0.256298
0,0.25,3.05115,12.2887,-1.20417,-0.476203
0,0.25,2.94664,12.6986,-1.05378,0.572895
0,0.25,2.8012,13.1066,-1.25219,1.06027
0,0.25,2.87029,13.3301,-1.2943,1.41174
0,0.25,2.78908,13.6267,-1.04408,1.09299
0,0.25,2.46218,14.0904,-0.940763,2.14859
0,0.25,2.29325,14.255,-0.180792,1.08852
0,0.25,1.94916,15.411,0.32196,3.82106
0,0.25,2.0924,14.8588,-2.08784,3.82292
0,0.25,1.86311,15.8175,0.50927,7.11673
0,0.25,2.42474,18.2138,1.6651,6.01621
0,0.25,2.31548,17.9017,2.48917,5.38305
0,0.25,2.62961,18.9309,4.04765,3.98938
0,0.25,3.86898,19.6233,0.368147,1.6241
0,0.25,4.75594,21.1056,2.2996,1.4434
0,0.25,6.30535,21.9701,2.76948,2.02372
0,0.25,6.93598,22.159,4.17047,0.631986
0,0.25,7.92219,21.9649,2.5911,0.283346
0,0.25,6.21897,21.7026,3.20741,2.63377
0,0.25,8.59645,22.0697,1.75677,-1.00989
0,0.25,7.20453,21.4237,2.79018,-0.018291
0,0.25,7.60112,21.323,2.30654,0.517617
0,0.25,10.7197,22.0483,0.981139,0.544616
0,0.25,8.4823,21.8576,1.27617,0.43038
0,0.25,10.9807,21.1938,0.908571,-2.14465
0,0.25,9.14032,21.572,2.58905,0.350322
0,0.25,9.73334,21.2479,-0.22627,-0.196925
0,0.25,11.0222,20.6772,0.50632,-1.88094
0,0.25,12.7336,20.3209,3.03969,-2.29618
0,0.25,13.8621,18.8756,1.26584,-1.31504
0,0.25,13.141,20.1742,1.34687,-2.22087
0,0.25,14.3878,16.0474,-0.913037,-4.04707
0,0.25,14.4481,17.1841,1.41057,-1.61153
0,0.25,13.7985,14.3262,-0.98827,-2.10761
0,0.25,15.0012,15.0839,-0.831438,-4.18745
0,0.25,12.8276,14.2518,-0.540948,-0.602926
0,0.25,12.9463,13.5916,-1.53117,-1.07745
0,0.25,13.2545,12.9337,-1.34968,-1.31162
0,0.25,13.1836,15.0278,0.730176,-0.498872
0,0.25,15.2347,15.1178,-0.15548,-3.77078
0,0.25,12.2589,14.8559,-0.511276,-0.0675452
0,0.25,10.9645,14.7931,0.490249,0.324333
0,0.25,10.0038,14.5961,-0.280125,-0.349381
0,0.25,9.76578,14.5843,-0.966654,-0.616482
0,0.25,9.3195,14.0252,-0.362779,-0.351603
0,0.25,9.08009,14.7683,-0.171814,0.278988
0,0.25,10.6453,12.5017,-0.198034,-0.620142
0,0.25,9.42332,14.285,-0.782028,0.160055
0,0.25,8.7744,13.2434,-1.39179,0.257454
0,0.25,8.77037,15.0091,0.12421,-0.131342
0,0.25,8.71549,13.4798,0.739728,-0.945719
0,0.25,9.17575,11.8008,0.743353,-1.19697
0,0.25,10.4193,12.6249,-0.401479,-0.518513
0,0.25,8.84945,14.6004,0.281147,-0.634891
0,0.25,8.95457,14.2628,-0.319703,0.0564606
0,0.25,9.29714,14.5531,-0.947886,0.0317195
0,0.25,3.39421,11.8119,-0.435856,-0.98628
0,0.25,3.22685,12.429,-1.14936,0.531449
0,0.25,3.15663,12.7182,-1.28728,0.628509
0,0.25,3.00863,12.9821,-1.62047,0.982703
0,0.25,3.1492,13.1318,-1.69309,0.790539
0,0.25,3.0384,13.42,-1.65716,1.06062
0,0.25,2.70056,13.9412,-0.673872,0.932595
0,0.25,2.59813,14.2625,-1.48919,1.85211
0,0.25,2.25806,14.5364,-1.81468,2.23344
0,0.25,2.3023,14.8432,-1.9138,1.57931
0,0.25,2.06047,15.6606,0.219123,5.69811
0,0.25,2.35557,16.5204,-1.15742,1.73471
0,0.25,2.32592,17.3776,0.331075,6.83352
0,0.25,2.78835,17.9388,0.91775,3.22609
0,0.25,3.36311,18.852,-0.407294,1.44299
0,0.25,4.072,20.3063,1.4092,4.46074
0,0.25,5.15695,21.1071,1.25669,2.44104
0,0.25,6.87829,21.9057,3.21364,1.81152
0,0.25,6.53171,21.2793,2.04659,-0.837295
0,0.25,7.16169,21.7806,3.08803,0.038554
0,0.25,6.3771,21.0594,3.46414,-0.759298
0,0.25,8.73186,21.8487,1.9112,-0.102206
0,0.25,7.69887,21.8909,3.08885,0.619291
0,0.25,6.45336,21.7842,2.81747,0.83833
0,0.25,5.72126,21.1841,3.49679,2.64733
0,0.25,9.07042,22.4454,2.69228,-0.300092
0,0.25,9.30852,22.4417,2.42761,-0.27983
0,0.25,11.1816,21.5683,0.757287,-0.354205
0,0.25,11.4778,20.9557,0.273226,-3.18617
0,0.25,12.3975,19.9885,1.7304,-2.77702
0,0.25,12.0458,20.2755,1.4003,-4.48079
0,0.25,12.8877,19.0968,1.46883,-0.654848
0,0.25,14.4651,17.9459,1.15766,-2.49066
0,0.25,13.9465,16.3463,0.986645,-2.21017
0,0.25,14.2616,14.1721,-1.06624,-2.87588
0,0.25,9.60668,21.708,1.64042,0.376468
0,0.25,12.8405,13.9381,-0.973337,-1.21947
0,0.25,12.2595,14.2768,-1.02212,0.339524
0,0.25,12.9829,12.7586,-1.21061,-0.813723
0,0.25,14.2027,13.538,-0.983693,-2.72092
0,0.25,12.3622,13.8417,-1.45246,-0.101198
0,0.25,10.097,14.0984,-1.23455,-0.110628
0,0.25,10.5089,14.6252,0.0688747,-0.0907736
0,0.25,10.604,15.0356,0.364552,0.0633615
0,0.25,10.2554,13.8826,-1.36348,0.288196
0,0.25,11.4597,14.0064,-0.979304,0.244926
0,0.25,10.2374,14.6065,-0.215216,-0.345003
0,0.25,10.0064,15.036,-0.0353246,-0.652773
0,0.25,9.09378,14.0539,0.215851,-0.220535
0,0.25,9.71426,13.8388,-0.728265,-0.854322
0,0.25,9.3974,13.5458,-0.749026,-0.247343
0,0.25,9.05992,14.5175,-0.282671,-0.127607
0,0.25,8.7371,14.7757,-0.0516248,-0.344454
0,0.25,12.5148,11.7108,1.32546,-0.499277
0,0.25,9.48619,11.0356,1.67025,0.834851
0,0.25,9.49,13.8151,-1.0184,-1.21052
0,0.25,3.30628,12.1364,-1.32903,0.0839701
0,0.25,3.47949,12.3222,-1.38761,0.253036
0,0.25,3.37846,12.6344,-1.11976,0.648839
0,0.25,3.32267,12.9468,-1.70958,0.622635
0,0.25,3.46454,13.0834,-1.83708,0.563286
0,0.25,3.26785,13.3647,-1.95618,0.766104
0,0.25,2.95741,13.7438,-1.67833,0.743838
0,0.25,2.82677,14.1164,-1.23738,1.54635
0,0.25,2.45044,14.5121,-1.96262,1.52791
0,0.25,2.58972,14.6411,-2.07812,2.51268
0,0.25,2.10197,15.0907,-0.574545,2.65712
0,0.25,2.35243,16.2917,1.14577,1.92046
0,0.25,2.89528,14.5646,-2.14286,0.824963
0,0.25,2.83404,17.3632,0.648036,1.7779
0,0.25,2.37812,18.6797,3.65969,5.4256
0,0.25,3.25886,17.9654,2.2311,1.33622
0,0.25,4.46479,20.7518,2.77367,3.50803
0,0.25,5.51252,21.402,3.48858,1.76519
0,0.25,5.39305,22.0117,2.63926,0.499973
0,0.25,5.35937,21.2063,2.41017,3.94279
0,0.25,2.87832,18.1789,0.458864,4.40077
0,0.25,7.12764,21.9877,4.25264,1.42861
0,0.25,2.99147,17.7528,0.398435,0.831311
0,0.25,4.86786,20.6809,2.45407,2.95598
0,0.25,6.08144,21.1821,2.49293,-0.408779
0,0.25,9.16316,21.8186,2.2228,-0.0472851
0,0.25,7.86736,21.3238,1.80902,1.00452
0,0.25,9.26718,21.3232,0.99086,0.33964
0,0.25,9.29037,22.8583,-0.646389,0.765416
0,0.25,12.1279,20.4766,1.03147,-3.8993
0,0.25,10.3222,21.5504,1.86701,-0.058321
0,0.25,13.8813,18.6464,1.66662,-1.93201
0,0.25,14.3241,18.2989,1.00645,-1.77244
0,0.25,14.2693,16.8336,0.997552,-2.21047
0,0.25,13.4392,18.1767,1.08235,-0.702015
0,0.25,14.4071,15.4278,-0.287629,-2.73017
0,0.25,14.2234,17.0831,1.58145,-1.52723
0,0.25,14.1981,13.8939,-1.08141,-3.04246
0,0.25,13.6676,14.6609,-0.245186,-1.02681
0,0.25,12.3634,14.0974,-0.835122,-0.267223
0,0.25,13.4828,14.6477,-0.418415,-0.468215
0,0.25,12.4738,14.7692,0.750128,0.0998589
0,0.25,12.4701,13.398,-0.884214,-0.335205
0,0.25,12.4471,15.0546,-0.0622476,-0.919398
0,0.25,10.8708,14.035,-0.580096,-0.418338
0,0.25,12.1247,14.645,-0.631569,-0.609943
0,0.25,13.412,14.2395,-0.32906,-1.37131
0,0.25,11.1891,15.0364,-0.374142,-0.717402
0,0.25,9.86654,14.8235,-0.249998,-0.289622
0,0.25,10.4165,14.8212,0.0262913,0.186302
0,0.25,13.6117,15.0027,1.38394,-0.861081
0,0.25,10.332,14.1111,-1.12522,-0.407878
0,0.25,9.65476,13.0422,-0.973187,-0.299605
0,0.25,10.6402,12.7754,-0.80457,-0.601552
0,0.25,9.72961,15.029,-0.802334,-0.453921
0,0.25,10.2529,13.5546,-0.873106,-0.631268
0,0.25,3.55251,11.7753,-0.764807,-0.343295
0,0.25,3.53394,12.0634,-0.917451,-0.615792
0,0.25,3.64013,12.5179,-1.28542,0.550482
0,0.25,3.56059,12.7906,-1.33414,0.593843
0,0.25,3.73723,12.9622,-1.37118,0.689996
0,0.25,3.71182,13.1908,-1.97587,0.936417
0,0.25,3.4866,13.3601,-1.85433,0.756747
0,0.25,3.20847,13.6496,-1.93888,0.667076
0,0.25,3.64486,13.5104,-1.96378,0.68266
0,0.25,3.04144,13.9381,-1.5823,0.668802
0,0.25,2.78399,14.4009,-1.48724,1.80672
0,0.25,3.241,14.0029,-1.23848,0.855777
0,0.25,3.01345,14.2323,-1.13619,0.400288
0,0.25,3.3208,14.2293,-1.44831,0.447972
0,0.25,2.19728,16.1292,-0.0814092,4.08148
0,0.25,2.19877,17.1432,0.0860846,5.17698
0,0.25,2.91585,18.7693,2.43468,3.73949
0,0.25,3.93565,19.1366,-0.385343,1.08863
0,0.25,4.2222,19.9065,1.43217,3.24611
0,0.25,3.596,18.854,2.76032,1.31612
0,0.25,3.11343,18.7948,-1.45556,2.29237
0,0.25,3.76741,19.3214,2.07983,1.37663
0,0.25,4.73814,20.833,1.71165,2.40488
0,0.25,4.57146,20.1318,0.10656,6.72039
0,0.25,3.12467,18.5599,0.373107,3.60534
0,0.25,6.66984,21.7087,2.71306,1.80513
0,0.25,4.97009,20.1613,2.22762,2.7808
0,0.25,3.3607,18.3265,0.656133,-1.84178
0,0.25,9.88093,21.6745,1.79302,-0.0368661
0,0.25,8.92384,21.6599,2.54334,0.224726
0,0.25,9.41364,21.5087,2.29082,0.403344
0,0.25,10.1154,21.6227,1.8849,0.160305
0,0.25,13.3321,19.2651,1.75699,-1.99688
0,0.25,11.4767,20.4249,-0.580536,-1.32901
0,0.25,12.8709,19.4717,1.99085,-1.15932
0,0.25,13.3029,18.8497,2.27188,-0.898851
0,0.25,4.51274,19.8154,1.66368,0.595172
0,0.25,14.2301,15.0507,-0.743152,-2.47997
0,0.25,14.2297,15.3372,-0.768357,-2.87981
0,0.25,13.1882,13.6713,-1.03956,-1.51371
0,0.25,12.7192,13.3987,-1.02781,-0.161772
0,0.25,14.217,12.7696,-1.17784,-1.737
0,0.25,13.1346,14.3468,-0.328033,-1.55507
0,0.25,13.4171,14.9504,0.246029,-0.133725
0,0.25,13.3621,13.8343,-0.806766,-2.13295
0,0.25,13.587,14.3535,-0.432442,-1.50768
0,0.25,13.9984,14.7958,-0.96288,-2.06554
0,0.25,13.3142,14.4927,-0.350962,-1.18667
0,0.25,12.1277,13.9327,-0.835704,0.258107
0,0.25,12.5923,13.1398,-1.66174,-0.718995
0,0.25,12.577,14.5538,0.302411,-0.271651
0,0.25,11.1696,14.5677,0.28991,0.4351
0,0.25,14.0291,15.3167,0.309525,-2.15485
0,0.25,9.91257,14.3369,-1.16539,-0.552312
0,0.25,9.31605,13.293,-0.998527,-0.981604
0,0.25,14.265,14.7521,-0.925987,-2.92206
0,0.25,3.75315,11.7918,-1.16636,-0.270298
0,0.25,3.73783,12.2237,-1.26342,-0.35451
0,0.25,3.81114,12.7111,-1.6031,0.445546
0,0.25,4.00854,12.9281,-1.54532,0.306795
0,0.25,4.24621,12.7553,-1.56665,-0.0772478
0,0.25,4.06479,13.1127,-1.73188,0.318036
0,0.25,4.34557,12.9469,-1.41504,0.291822
0,0.25,3.87113,13.3361,-2.11277,0.638276
0,0.25,4.13175,13.3437,-1.9731,0.30172
0,0.25,3.35888,13.7129,-1.64592,0.362841
0,0.25,3.62685,13.7565,-1.62153,0.813766
0,0.25,4.06151,13.7126,-1.99648,0.264686
0,0.25,3.46895,13.955,-1.767,0.0548801
0,0.25,3.59453,14.1593,-1.16643,0.591565
0,0.25,3.13306,14.4162,-1.76876,0.324298
0,0.25,2.46683,14.9361,-1.26613,1.5121
0,0.25,2.73888,16.0622,-3.69615,1.0714
0,0.25,3.67908,19.6923,1.92508,2.40293
0,0.25,3.78841,18.8662,-1.37689,-0.0294895
0,0.25,3.06641,19.1939,3.87817,3.39445
0,0.25,2.59513,18.0555,3.1686,6.71105
0,0.25,2.88851,17.0381,1.24433,0.425767
0,0.25,4.35592,20.1309,1.44868,4.38948
0,0.25,3.0133,18.3468,1.46978,2.51977
0,0.25,2.70429,17.6068,0.52251,3.13835
0,0.25,3.04781,17.9557,0.32931,3.65509
0,0.25,2.88444,18.5125,1.55735,5.19492
0,0.25,5.0897,20.7595,1.16047,0.660287
0,0.25,5.75084,20.7395,3.11103,1.54007
0,0.25,5.91387,21.054,3.56016,0.0230764
0,0.25,8.8037,21.4143,2.18835,1.42345
0,0.25,6.2919,21.5144,2.44506,1.5257
0,0.25,5.36365,20.4496,1.45539,2.67307
0,0.25,11.2094,21.3172,0.454062,-1.0774
0,0.25,10.5156,21.405,1.87395,-0.908329
0,0.25,8.10679,21.5805,2.00829,1.09849
0,0.25,11.6651,20.3057,0.643248,-0.488666
0,0.25,12.4927,20.2134,2.20839,-2.52457
0,0.25,14.2403,17.3132,1.10422,-1.44319
0,0.25,13.6126,17.7087,0.21297,-0.281884
0,0.25,14.0525,17.7489,1.5954,-1.8111
0,0.25,14.4143,15.7059,-0.525521,-3.97838
0,0.25,13.8851,16.6585,0.540915,-1.77594
0,0.25,13.9426,13.8437,-1.0938,-3.03039
0,0.25,13.8058,17.8778,1.90438,-1.66085
0,0.25,13.989,15.8203,0.225958,-3.96816
0,0.25,13.5512,17.9582,1.73421,-0.340245
0,0.25,13.7734,17.2192,1.02309,-1.63427
0,0.25,6.91484,21.6689,3.07231,1.47734
0,0.25,13.5429,13.995,-0.955399,-1.8717
0,0.25,13.1376,13.447,-1.92508,-1.52687
0,0.25,14.7343,14.7141,-0.249802,-3.92189
0,0.25,13.9917,13.6219,-0.78453,-2.69563
0,0.25,13.0084,14.841,0.370612,-0.184652
0,0.25,11.479,15.0303,-0.0436271,0.594255
0,0.25,2.49044,15.3113,-1.33435,-0.175648
0,0.25,3.94512,11.7751,-0.843611,-0.209746
0,0.25,3.8301,12.0269,-1.35782,-0.236709
0,0.25,3.87933,12.4288,-1.78101,0.315254
0,0.25,4.04703,12.6537,-1.62323,0.371652
0,0.25,4.43002,12.5214,-1.26002,-0.222661
0,0.25,4.77585,12.5725,-0.810914,-0.284579
0,0.25,4.54991,12.7078,-0.92596,-0.0574849
0,0.25,4.61065,12.9334,-1.30299,-0.171722
0,0.25,4.35672,13.1688,-1.56332,0.473444
0,0.25,4.52148,13.2821,-1.41476,0.196222
0,0.25,3.88639,13.5811,-2.40444,0.701255
0,0.25,4.25123,13.5085,-2.17202,0.362744
0,0.25,4.50712,13.529,-1.88826,0.140177
0,0.25,3.80321,13.8682,-1.83381,0.328414
0,0.25,4.34405,13.741,-1.80581,0.489387
0,0.25,3.82092,14.1352,-1.16087,0.393525
0,0.25,3.51761,14.366,-2.03177,0.470146
0,0.25,2.16954,15.2901,-1.27259,2.65086
0,0.25,2.72736,14.7867,-2.30403,0.867718
0,0.25,2.59029,17.7973,2.77323,5.20706
0,0.25,2.41272,15.1362,-2.63356,4.35445
0,0.25,2.25844,16.7868,-0.914516,2.16099
0,0.25,2.6698,17.2147,1.10153,1.24296
0,0.25,3.55685,18.6279,-0.0446923,1.05013
0,0.25,1.92797,16.0554,0.828308,5.21354
0,0.25,2.54067,18.5214,2.67815,6.40763
0,0.25,3.0307,14.8578,-1.83913,-0.554233
0,0.25,2.60494,15.5566,-1.23495,3.03564
0,0.25,2.75476,14.9948,-3.04713,4.30955
0,0.25,3.00569,17.419,0.784829,2.93917
0,0.25,5.98355,21.5856,3.48577,2.58204
0,0.25,7.04882,21.5146,2.66579,-0.206771
0,0.25,4.36813,19.6896,0.960241,3.74753
0,0.25,2.68725,15.9885,-3.27949,-2.07755
0,0.25,5.12867,20.3365,1.01348,2.14334
0,0.25,2.25468,15.4969,-1.14258,3.84589
0,0.25,13.5053,19.7374,0.49834,-3.16241
0,0.25,12.8484,19.8954,1.38951,-1.78042
0,0.25,5.66892,20.9107,4.20081,2.02572
0,0.25,12.0439,20.0088,0.986851,-2.05915
0,0.25,12.6149,20.4611,3.06375,-4.22527
0,0.25,13.5496,18.3543,1.73854,-0.78342
0,0.25,10.054,21.8393,2.13208,-0.201272
0,0.25,14.269,17.8048,1.5839,-2.59861
0,0.25,10.3237,21.2791,2.33866,-0.0304932
0,0.25,13.1708,19.0904,1.86487,-1.43749
0,0.25,12.7244,19.2945,1.20648,-1.09414
0,0.25,5.98283,20.8272,2.83596,-0.39849
0,0.25,13.8739,14.5657,-0.553789,-2.49343
0,0.25,12.22,19.8473,1.69462,-1.29784
0,0.25,13.9717,16.0749,-0.90262,-2.54453
0,0.25,14.0143,15.0348,0.272736,-1.94482
0,0.25,11.2588,20.5597,0.0273829,-1.12827
0,0.25,14.0039,17.0357,1.69657,-1.69906
0,0.25,14.5662,15.8773,-0.707165,-3.57992
0,0.25,6.03965,21.8717,2.26862,1.86493
0,0.25,4.14299,11.7761,-0.733984,0.0242869
0,0.25,4.057,12.2649,-1.55176,-0.0189325
0,0.25,4.20767,12.4383,-1.45012,0.103213
0,0.25,4.69224,12.3774,-0.999936,-0.333161
0,0.25,5.12788,12.4116,-0.624978,-0.162864
0,0.25,5.3886,12.4911,-0.40986,-0.0769314
0,0.25,5.02711,12.5993,-0.664046,-0.274626
0,0.25,4.84451,12.8028,-0.880668,-0.101407
0,0.25,4.74035,13.1029,-0.765843,-0.280332
0,0.25,5.00947,12.9787,-0.563162,-0.251136
0,0.25,5.02023,13.1848,-0.811449,0.184277
0,0.25,4.77937,13.3352,-1.54553,0.29073
0,0.25,5.34579,13.1708,-0.201393,-0.154351
0,0.25,5.18257,13.3491,-0.576851,-0.288787
0,0.25,4.92922,13.4967,-1.18625,0.129072
0,0.25,4.04057,13.9391,-2.20012,0.221516
0,0.25,4.71017,13.6237,-1.75307,-0.120135
0,0.25,4.33305,13.9751,-1.28386,0.00124961
0,0.25,4.06661,14.1669,-1.75316,0.335098
0,0.25,3.34844,14.5548,-1.27249,0.422692
0,0.25,3.90146,14.3803,-0.90679,0.203361
0,0.25,3.1272,14.6754,-1.51356,0.361182
0,0.25,2.27672,15.7237,-1.88476,4.54344
0,0.25,3.70885,14.514,-1.47442,0.128728
0,0.25,4.6222,14.2441,-1.25741,0.526366
0,0.25,3.51563,14.7152,-1.53639,0.39126
0,0.25,4.18916,14.3694,-1.29199,0.337766
0,0.25,2.5714,15.7552,0.251666,1.22232
0,0.25,3.33182,14.8819,-0.48352,0.543736
0,0.25,4.0928,14.836,-1.73388,-0.174824
0,0.25,2.72717,15.4864,-1.21934,0.592441
0,0.25,4.52759,20.3783,2.32537,4.79358
0,0.25,2.8204,16.8784,1.32939,-1.57259
0,0.25,3.99317,19.3733,2.10586,4.09807
0,0.25,4.19703,19.4463,1.52066,1.25302
0,0.25,2.67458,18.3273,1.69566,5.51101
0,0.25,9.773,21.8698,1.72468,-0.33106
0,0.25,2.74031,16.617,-0.521503,-4.10203
0,0.25,2.7077,16.4763,1.55892,-2.54531
0,0.25,10.7951,21.0451,1.70107,-1.77542
0,0.25,2.63769,16.9005,0.713691,0.971422
0,0.25,8.35558,21.3765,0.169355,0.359648
0,0.25,5.42813,20.7801,2.88739,1.02603
0,0.25,6.55437,21.5138,3.08735,0.885468
0,0.25,9.54116,21.949,1.77505,-0.294927
0,0.25,11.458,20.6806,0.0970045,-3.49491
0,0.25,3.12474,17.6417,1.17713,2.16882
0,0.25,10.5594,21.1533,1.80168,-0.638055
0,0.25,13.0551,19.3033,1.43721,-1.2708
0,0.25,11.8614,20.3944,1.07682,-4.00242
0,0.25,14.0894,16.5006,0.964238,-2.2804
0,0.25,12.666,20.0737,1.79438,-2.36092
0,0.25,6.63018,21.0669,2.61311,-1.97572
0,0.25,6.26976,21.2966,3.32519,0.256279
0,0.25,5.97531,21.3884,2.48878,0.957404
0,0.25,2.41623,16.9056,0.488378,1.41819
0,0.25,4.0943,12.0339,-1.26939,-0.731643
0,0.25,4.30378,12.1146,-0.846576,-0.436051
0,0.25,4.44909,12.2765,-0.971236,-0.478294
0,0.25,4.93068,12.2668,-0.789668,-0.0653445
0,0.25,5.36719,12.2446,-0.847536,0.080098
0,0.25,5.6103,12.342,-1.0487,0.24073
0,0.25,5.94731,12.3431,-0.926609,0.473447
0,0.25,5.39424,12.6852,-0.517093,0.048362
0,0.25,5.74758,12.5128,-0.788363,-0.0438608
0,0.25,5.16607,12.7842,-0.701939,-0.263419
0,0.25,5.67081,12.71,-0.469096,-0.291594
0,0.25,5.31504,12.973,-0.758772,0.00148417
0,0.25,5.94728,12.7617,-0.744286,-0.0644709
0,0.25,5.56483,12.9082,-0.701558,-0.418114
0,0.25,5.86717,12.9646,-0.370561,-0.382032
0,0.25,6.15461,12.9421,-0.721289,0.235773
0,0.25,5.65076,13.1223,-0.15478,-0.498305
0,0.25,5.57142,13.3247,-0.219478,-0.43253
0,0.25,4.56542,13.8589,-1.22132,0.0855317
0,0.25,5.40088,13.4867,-0.433955,-0.339284
0,0.25,4.86273,13.8044,-0.943173,-0.321153
0,0.25,4.71862,14.0269,-1.40486,-0.145069
0,0.25,5.10581,13.83,-0.59648,0.0896139
0,0.25,4.38697,14.1769,-1.52245,0.192547
0,0.25,4.97263,14.0526,-1.23496,-0.26869
0,0.25,6.66408,13.4857,-0.298938,-0.0155102
0,0.25,6.04369,13.5705,-0.151214,-0.171896
0,0.25,5.55346,13.8422,-0.0525051,-0.352576
0,0.25,4.19924,14.5923,-1.2668,0.557586
0,0.25,5.28149,13.9911,-0.454025,0.161643
0,0.25,4.44502,14.4323,-2.10312,0.333429
0,0.25,3.94344,14.6199,-1.15616,-0.0770178
0,0.25,3.74064,14.7918,-1.51775,-0.424549
0,0.25,4.53669,14.9428,-2.30531,0.556802
0,0.25,3.47581,15.0051,-1.17091,0.0806842
0,0.25,5.89615,14.2389,0.501027,0.183492
0,0.25,4.31261,15.0648,-1.90201,0.845922
0,0.25,4.76826,14.5409,-1.5673,-0.0156319
0,0.25,4.77386,14.7627,-1.81792,-0.00727937
0,0.25,5.28844,14.3601,-0.181906,-0.0804078
0,0.25,3.74423,14.9996,-1.79758,-0.486269
0,0.25,2.50986,16.5806,2.85137,2.83189
0,0.25,4.75001,15.0306,-1.17109,-0.444854
0,0.25,2.4666,15.9715,-2.32518,2.77475
0,0.25,5.07996,14.6914,-0.713454,-0.423685
0,0.25,4.96635,20.9718,1.93197,1.36602
0,0.25,2.91949,19.0403,2.35766,2.13351
0,0.25,10.1224,21.3706,2.20241,-0.327936
0,0.25,11.218,21.0811,0.755404,-2.21368
0,0.25,2.6914,18.7027,2.94177,6.64868
0,0.25,4.97655,20.4609,0.971432,2.20977
0,0.25,5.58557,14.7747,0.605231,-0.526178
0,0.25,2.45655,17.1714,2.44985,4.14046
0,0.25,2.69721,15.1586,-0.518952,2.50694
0,0.25,2.15966,15.9402,0.787266,6.0315
0,0.25,3.05973,15.0458,-1.00131,-1.28202
0,0.25,4.33988,11.7792,-1.19884,0.145275
0,0.25,4.5303,11.9934,-1.25044,-0.205726
0,0.25,4.71322,12.1341,-0.95,-0.483177
0,0.25,5.16237,12.1542,-1.11346,0.0693855
0,0.25,5.63638,12.1028,-1.07265,0.510672
0,0.25,5.91524,12.1323,-0.970621,0.559755
0,0.25,6.53865,11.9675,-0.695218,0.45515
0,0.25,6.31511,12.1624,-0.758889,0.459624
0,0.25,6.52164,12.2996,-0.638217,0.359162
0,0.25,6.22405,12.3647,-0.692752,0.295668
0,0.25,6.05319,12.5597,-0.539463,0.147244
0,0.25,6.66183,12.5187,-0.577449,0.285939
0,0.25,6.40506,12.5479,-0.59365,0.129757
0,0.25,7.13125,12.4167,0.0840065,0.367872
0,0.25,6.67092,12.7477,-0.296803,0.300503
0,0.25,6.26746,12.7229,-0.612882,0.119902
0,0.25,6.97079,12.7924,-0.191504,0.262233
0,0.25,6.21411,13.1403,-0.308119,-0.155664
0,0.25,6.46703,12.877,-0.720827,-0.0811922
0,0.25,5.91909,13.193,-0.167823,-0.0153825
0,0.25,5.85674,13.4033,-0.2479,0.00093245
0,0.25,5.14119,13.5989,-0.551692,-0.362878
0,0.25,6.14588,13.3531,-0.182275,-0.0353396
0,0.25,5.66014,13.5656,-0.38609,-0.165544
0,0.25,5.38177,13.7287,-0.615419,0.0642119
0,0.25,6.36084,13.4816,-0.0437484,-0.0663125
0,0.25,6.90757,13.3438,-0.356986,0.271111
0,0.25,7.0531,13.5165,-0.0418601,0.0420144
0,0.25,6.35441,13.6895,-0.0393459,-0.0703427
0,0.25,5.8058,13.7253,0.262509,-0.156185
0,0.25,5.8693,13.9562,0.31133,-0.00836412
0,0.25,4.53199,14.636,-1.52219,0.314075
0,0.25,4.35666,14.7978,-1.60112,0.82723
0,0.25,5.4182,14.1412,0.129859,-0.215854
0,0.25,4.84104,14.3172,-1.66243,-0.193481
0,0.25,5.64893,14.0594,0.0876733,-0.200869
0,0.25,6.08584,14.0578,0.467587,-0.135151
0,0.25,6.29464,13.9259,0.358353,0.113082
0,0.25,6.13076,14.3309,0.598362,0.0994125
0,0.25,6.57652,14.2412,0.0559807,0.236366
0,0.25,4.96845,14.908,-1.35905,-0.332155
0,0.25,5.67744,14.2947,0.923162,-0.12198
0,0.25,5.49604,14.459,0.616101,-0.352163
0,0.25,5.04589,14.4969,-1.21005,-0.406754
0,0.25,5.72213,14.568,1.14068,0.0383399
0,0.25,3.99315,14.9983,-0.881374,-0.110004
0,0.25,6.07393,14.7731,1.31202,0.205712
0,0.25,5.32475,14.8567,0.200208,-0.661653
0,0.25,5.3495,14.6289,-0.364963,-0.332457
0,0.25,6.22425,15.0044,0.773149,0.427461
0,0.25,5.84147,14.7862,1.168,0.19948
0,0.25,6.48708,15.0309,0.216606,0.212978
0,0.25,5.72941,15.0147,0.707169,-0.164932
0,0.25,5.97914,15.0182,0.600699,-0.0584637
0,0.25,5.16231,15.0266,-0.0301142,-0.521838
0,0.25,5.48479,15.0205,0.305301,-0.177758
0,0.25,4.52635,11.7567,-1.1263,0.013304
0,0.25,4.73476,11.7603,-0.893148,0.219937
0,0.25,4.91112,11.994,-0.752206,0.0210139
0,0.25,5.20117,11.9191,-1.15909,0.425753
0,0.25,5.48418,11.9616,-1.21416,0.539747
0,0.25,6.63195,11.6631,-1.01187,0.302193
0,0.25,5.83667,11.8868,-1.16335,0.35326
0,0.25,6.11403,12.0176,-1.19735,0.53237
0,0.25,6.79914,11.8806,-0.548687,0.458851
0,0.25,7.20207,11.8432,-0.250433,0.17588
0,0.25,6.70856,12.1256,-0.426161,0.557276
0,0.25,7.02532,11.9981,-0.444751,0.252827
0,0.25,7.06037,12.1995,-0.108309,0.321002
0,0.25,6.83349,12.3243,-0.110904,0.408415
0,0.25,7.71526,12.0746,0.208667,0.402894
0,0.25,7.37084,12.2268,-0.0174535,0.301203
0,0.25,7.66105,12.2718,0.00691957,0.362515
0,0.25,6.93306,12.5721,-0.42171,0.254981
0,0.25,7.23436,12.6409,-0.0272043,0.358356
0,0.25,7.7353,12.4744,0.402997,0.268026
0,0.25,7.52637,12.6488,0.0391799,0.313886
0,0.25,6.78072,12.9659,-0.595228,0.11
0,0.25,7.25213,12.8612,-0.210272,0.371839
0,0.25,6.4732,13.087,-0.516067,-0.191762
0,0.25,7.05709,13.0342,-0.611808,0.233533
0,0.25,6.7655,13.1819,-0.397633,0.308684
0,0.25,6.51319,13.3078,-0.290524,-0.146861
0,0.25,7.39948,13.0837,-0.373041,0.241631
0,0.25,7.15495,13.212,-0.225242,0.182324
0,0.25,7.51945,13.2719,0.186132,-0.16407
0,0.25,7.29185,13.408,0.142989,0.00227709
0,0.25,7.27588,13.6611,-0.230625,0.0185975
0,0.25,6.07994,13.7787,0.0393166,0.0308013
0,0.25,6.81583,13.6565,0.00657859,0.0557025
0,0.25,5.09508,14.2342,-0.155768,-0.199667
0,0.25,7.03335,13.783,-0.12868,0.18834
0,0.25,7.32406,13.8922,-0.454234,0.196448
0,0.25,6.58882,13.7536,-0.10664,-0.206278
0,0.25,6.5448,13.9943,0.0487842,-0.0192706
0,0.25,6.33172,14.1791,0.222291,0.22431
0,0.25,6.83688,14.1567,-0.273261,0.0677015
0,0.25,7.32357,14.1554,-0.488472,0.234041
0,0.25,7.07869,14.2482,-0.381535,0.347615
0,0.25,6.3956,14.4309,0.361267,0.149601
0,0.25,5.93846,14.4969,1.17307,0.37724
0,0.25,6.18744,14.5783,1.23021,0.331936
0,0.25,6.50767,14.6139,0.631483,0.176443
0,0.25,7.00131,14.4638,-0.351761,0.224164
0,0.25,6.34697,14.7988,1.10435,0.429706
0,0.25,7.09746,14.6714,-0.336413,0.239506
0,0.25,6.76627,14.6203,0.112319,0.16262
0,0.25,7.34461,14.6681,-0.438867,-0.11426
0,0.25,6.62935,14.8429,0.238281,0.302367
0,0.25,6.92352,14.8199,-0.326758,0.280162
0,0.25,6.80088,15.0244,-0.0875016,0.175421
0,0.25,7.08613,15.0375,-0.268092,0.262799
0,0.25,5.79189,11.6683,-1.16867,0.264307
0,0.25,4.91194,11.7635,-1.01,0.616172
0,0.25,5.14478,11.6942,-1.22352,0.449305
0,0.25,5.57458,11.699,-1.12949,0.245936
0,0.25,5.39694,11.7108,-1.13422,0.57383
0,0.25,6.19252,11.6472,-1.12736,0.46547
0,0.25,6.02489,11.6969,-0.918654,0.372646
0,0.25,6.50556,11.6694,-0.443774,0.63435
0,0.25,8.05108,11.5383,-0.0432343,1.35979
0,0.25,6.91117,11.6626,-0.466749,0.292214
0,0.25,6.30552,11.8681,-0.916404,0.466439
0,0.25,7.37248,11.6602,-0.392808,0.340488
0,0.25,7.05701,11.6384,-0.805539,0.379974
0,0.25,7.49904,11.646,-0.408494,0.655958
0,0.25,7.89977,11.6491,-0.223348,0.934435
0,0.25,7.56285,11.8947,-0.03929,0.472362
0,0.25,7.36564,12.0379,-0.20514,0.199914
0,0.25,7.80119,11.7962,-0.227546,0.659076
0,0.25,8.03316,11.921,0.10798,0.513806
0,0.25,7.96399,12.1399,0.195262,0.455866
0,0.25,7.98839,12.3532,0.180012,0.22382
0,0.25,7.41896,12.4496,0.230394,0.25754
0,0.25,7.99847,12.5799,0.341665,0.400376
0,0.25,7.77756,12.7249,0.360832,0.00236403
0,0.25,8.01546,12.8354,0.305475,0.219265
0,0.25,7.51511,12.8901,0.0771504,0.225063
0,0.25,8.00714,13.0791,0.00861425,0.431831
0,0.25,7.75439,12.9656,0.0688513,-0.184918
0,0.25,8.00331,13.3197,0.0987643,0.37574
0,0.25,7.7511,13.1852,0.22017,-0.074316
0,0.25,8.00968,13.5638,-0.105287,0.553047
0,0.25,7.76522,13.4318,0.0702591,-0.0343097
0,0.25,7.78697,13.6806,-0.467221,0.112575
0,0.25,7.52496,13.5256,-0.0224318,-0.0176364
0,0.25,8.02013,13.8255,-0.254541,0.28378
0,0.25,7.54891,13.7643,-0.473831,0.0814862
0,0.25,7.79628,13.934,-0.385603,0.0980116
0,0.25,7.55414,14.0199,-0.35308,0.137971
0,0.25,6.79263,13.9395,-0.325699,0.0565979
0,0.25,8.01661,14.09,-0.221227,0.130545
0,0.25,7.0806,13.9999,-0.349001,0.196966
0,0.25,7.76219,14.1813,-0.0848426,0.120967
0,0.25,7.99914,14.3311,-0.0740427,0.391522
0,0.25,7.76619,14.4303,-0.30852,0.17287
0,0.25,8.01151,14.5722,-0.309986,0.339955
0,0.25,7.52282,14.292,-0.0646749,-0.0919552
0,0.25,7.53596,14.5439,-0.433412,-0.0749508
0,0.25,6.74404,14.3973,0.0579237,0.0805251
0,0.25,7.77416,14.6868,-0.497253,0.229358
0,0.25,7.28171,14.4173,-0.249149,-0.0418118
0,0.25,7.98715,14.8164,-0.190032,0.156697
0,0.25,7.97642,15.0169,-0.176779,0.0225605
0,0.25,7.2634,14.8984,-0.640532,-0.176645
0,0.25,7.59246,14.8205,-0.561301,0.130992
0,0.25,7.45207,15.0186,-0.514914,-0.0993778
0,0.25,7.72685,15.0168,-0.370602,0.151947
1,0.25,8.25,0.75,0,0
1,0.25,8.5,0.75,0,0
1,0.25,15.75,0.75,0,0
1,0.25,16,0.75,0,0
1,0.25,0.75,0.75,0,0
1,0.25,1,0.75,0,0
1,0.25,8.25,1,0,0
1,0.25,8.5,1,0,0
1,0.25,15.75,1,0,0
1,0.25,16,1,0,0
1,0.25,0.75,1,0,0
1,0.25,1,1,0,0
1,0.25,8.25,1.25,0,0
1,0.25,8.5,1.25,0,0
1,0.25,15.75,1.25,0,0
1,0.25,16,1.25,0,0
1,0.25,0.75,1.25,0,0
1,0.25,1,1.25,0,0
1,0.25,8.25,1.5,0,0
1,0.25,8.5,1.5,0,0
1,0.25,15.75,1.5,0,0
1,0.25,16,1.5,0,0
1,0.25,0.75,1.5,0,0
1,0.25,1,1.5,0,0
1,0.25,8.25,1.75,0,0
1,0.25,8.5,1.75,0,0
1,0.25,15.75,1.75,0,0
1,0.25,16,1.75,0,0
1,0.25,0.75,1.75,0,0
1,0.25,1,1.75,0,0
1,0.25,8.25,2,0,0
1,0.25,8.5,2,0,0
1,0.25,15.75,2,0,0
1,0.25,16,2,0,0
1,0.25,0.75,2,0,0
1,0.25,1,2,0,0
1,0.25,8.25,2.25,0,0
1,0.25,8.5,2.25,0,0
1,0.25,15.75,2.25,0,0
1,0.25,16,2.25,0,0
1,0.25,0.75,2.25,0,0
1,0.25,1,2.25,0,0
1,0.25,8.25,2.5,0,0
1,0.25,8.5,2.5,0,0
1,0.25,15.75,2.5,0,0
1,0.25,16,2.5,0,0
1,0.25,0.75,2.5,0,0
1,0.25,1,2.5,0,0
1,0.25,8.25,2.75,0,0
1,0.25,8.5,2.75,0,0
1,0.25,15.75,2.75,0,0
1,0.25,16,2.75,0,0
1,0.25,0.75,2.75,0,0
1,0.25,1,2.75,0,0
1,0.25,8.25,3,0,0
1,0.25,8.5,3,0,0
1,0.25,15.75,3,0,0
1,0.25,16,3,0,0
1,0.25,0.75,3,0,0
1,0.25,1,3,0,0
1,0.25,8.25,3.25,0,0
1,0.25,8.5,3.25,0,0
1,0.25,15.75,3.25,0,0
1,0.25,16,3.25,0,0
1,0.25,0.75,3.25,0,0
1,0.25,1,3.25,0,0
1,0.25,8.25,3.5,0,0
1,0.25,8.5,3.5,0,0
1,0.25,15.75,3.5,0,0
1,0.25,16,3.5,0,0
1,0.25,0.75,3.5,0,0
1,0.25,1,3.5,0,0
1,0.25,8.25,3.75,0,0
1,0.25,8.5,3.75,0,0
1,0.25,15.75,3.75,0,0
1,0.25,16,3.75,0,0
1,0.25,0.75,3.75,0,0
1,0.25,1,3.75,0,0
1,0.25,8.25,4,0,0
1,0.25,8.5,4,0,0
1,0.25,15.75,4,0,0
1,0.25,16,4,0,0
1,0.25,0.75,4,0,0
1,0.25,1,4,0,0
1,0.25,8.25,4.25,0,0
1,0.25,8.5,4.25,0,0
1,0.25,15.75,4.25,0,0
1,0.25,16,4.25,0,0
1,0.25,0.75,4.25,0,0
1,0.25,1,4.25,0,0
1,0.25,8.25,4.5,0,0
1,0.25,8.5,4.5,0,0
1,0.25,15.75,4.5,0,0
1,0.25,16,4.5,0,0
1,0.25,0.75,4.5,0,0
1,0.25,1,4.5,0,0
1,0.25,8.25,4.75,0,0
1,0.25,8.5,4.75,0,0
1,0.25,15.75,4.75,0,0
1,0.25,16,4.75,0,0
1,0.25,0.75,4.75,0,0
1,0.25,1,4.75,0,0
1,0.25,8.25,5,0,0
1,0.25,8.5,5,0,0
1,0.25,15.75,5,0,0
1,0.25,16,5,0,0
1,0.25,0.75,5,0,0
1,0.25,1,5,0,0
1,0.25,8.25,5.25,0,0
1,0.25,8.5,5.25,0,0
1,0.25,15.75,5.25,0,0
1,0.25,16,5.25,0,0
1,0.25,0.75,5.25,0,0
1,0.25,1,5.25,0,0
1,0.25,8.25,5.5,0,0
1,0.25,8.5,5.5,0,0
1,0.25,15.75,5.5,0,0
1,0.25,16,5.5,0,0
1,0.25,0.75,5.5,0,0
1,0.25,1,5.5,0,0
1,0.25,8.25,5.75,0,0
1,0.25,8.5,5.75,0,0
1,0.25,15.75,5.75,0,0
1,0.25,16,5.75,0,0
1,0.25,0.75,5.75,0,0
1,0.25,1,5.75,0,0
1,0.25,8.25,6,0,0
1,0.25,8.5,6,0,0
1,0.25,15.75,6,0,0
1,0.25,16,6,0,0
1,0.25,0.75,6,0,0
1,0.25,1,6,0,0
1,0.25,8.25,6.25,0,0
1,0.25,8.5,6.25,0,0
1,0.25,15.75,6.25,0,0
1,0.25,16,6.25,0,0
1,0.25,0.75,6.25,0,0
1,0.25,1,6.25,0,0
1,0.25,8.25,6.5,0,0
1,0.25,8.5,6.5,0,0
1,0.25,15.75,6.5,0,0
1,0.25,16,6.5,0,0
1,0.25,0.75,6.5,0,0
1,0.25,1,6.5,0,0
1,0.25,8.25,6.75,0,0
1,0.25,8.5,6.75,0,0
1,0.25,15.75,6.75,0,0
1,0.25,16,6.75,0,0
1,0.25,0.75,6.75,0,0
1,0.25,1,6.75,0,0
1,0.25,8.25,7,0,0
1,0.25,8.5,7,0,0
1,0.25,15.75,7,0,0
1,0.25,16,7,0,0
1,0.25,0.75,7,0,0
1,0.25,1,7,0,0
1,0.25,8.25,7.25,0,0
1,0.25,8.5,7.25,0,0
1,0.25,15.75,7.25,0,0
1,0.25,16,7.25,0,0
1,0.25,0.75,7.25,0,0
1,0.25,1,7.25,0,0
1,0.25,8.25,7.5,0,0
1,0.25,8.5,7.5,0,0
1,0.25,15.75,7.5,0,0
1,0.25,16,7.5,0,0
1,0.25,0.75,7.5,0,0
1,0.25,1,7.5,0,0
1,0.25,8.25,7.75,0,0
1,0.25,8.5,7.75,0,0
1,0.25,15.75,7.75,0,0
1,0.25,16,7.75,0,0
1,0.25,0.75,7.75,0,0
1,0.25,1,7.75,0,0
1,0.25,8.25,8,0,0
1,0.25,8.5,8,0,0
1,0.25,15.75,8,0,0
1,0.25,16,8,0,0
1,0.25,0.75,8,0,0
1,0.25,1,8,0,0
1,0.25,8.25,8.25,0,0
1,0.25,8.5,8.25,0,0
1,0.25,15.75,8.25,0,0
1,0.25,16,8.25,0,0
1,0.25,0.75,8.25,0,0
1,0.25,1,8.25,0,0
1,0.25,8.25,8.5,0,0
1,0.25,8.5,8.5,0,0
1,0.25,15.75,8.5,0,0
1,0.25,16,8.5,0,0
1,0.25,0.75,8.5,0,0
1,0.25,1,8.5,0,0
1,0.25,8.25,8.75,0,0
1,0.25,8.5,8.75,0,0
1,0.25,15.75,8.75,0,0
1,0.25,16,8.75,0,0
1,0.25,0.75,8.75,0,0
1,0.25,1,8.75,0,0
1,0.25,8.25,9,0,0
1,0.25,8.5,9,0,0
1,0.25,15.75,9,0,0
1,0.25,16,9,0,0
1,0.25,0.75,9,0,0
1,0.25,1,9,0,0
1,0.25,8.25,9.25,0,0
1,0.25,8.5,9.25,0,0
1,0.25,15.75,9.25,0,0
1,0.25,16,9.25,0,0
1,0.25,0.75,9.25,0,0
1,0.25,1,9.25,0,0
1,0.25,8.25,9.5,0,0
1,0.25,8.5,9.5,0,0
1,0.25,15.75,9.5,0,0
1,0.25,16,9.5,0,0
1,0.25,0.75,9.5,0,0
1,0.25,1,9.5,0,0
1,0.25,8.25,9.75,0,0
1,0.25,8.5,9.75,0,0
1,0.25,15.75,9.75,0,0
1,0.25,16,9.75,0,0
1,0.25,0.75,9.75,0,0
1,0.25,1,9.75,0,0
1,0.25,8.25,10,0,0
1,0.25,8.5,10,0,0
1,0.25,15.75,10,0,0
1,0.25,16,10,0,0
1,0.25,0.75,10,0,0
1,0.25,1,10,0,0
1,0.25,8.25,10.25,0,0
1,0.25,8.5,10.25,0,0
1,0.25,15.75,10.25,0,0
1,0.25,16,10.25,0,0
1,0.25,0.75,10.25,0,0
1,0.25,1,10.25,0,0
1,0.25,8.25,10.5,0,0
1,0.25,8.5,10.5,0,0
1,0.25,15.75,10.5,0,0
1,0.25,16,10.5,0,0
1,0.25,0.75,10.5,0,0
1,0.25,1,10.5,0,0
1,0.25,8.25,10.75,0,0
1,0.25,8.5,10.75,0,0
1,0.25,15.75,10.75,0,0
1,0.25,16,10.75,0,0
1,0.25,0.75,10.75,0,0
1,0.25,1,10.75,0,0
1,0.25,8.25,11,0,0
1,0.25,8.5,11,0,0
1,0.25,15.75,11,0,0
1,0.25,16,11,0,0
1,0.25,0.75,11,0,0
1,0.25,1,11,0,0
1,0.25,8.25,11.25,0,0
1,0.25,8.5,11.25,0,0
1,0.25,15.75,11.25,0,0
1,0.25,16,11.25,0,0
1,0.25,0.75,11.25,0,0
1,0.25,1,11.25,0,0
1,0.25,8.25,11.5,0,0
1,0.25,8.5,11.5,0,0
1,0.25,15.75,11.5,0,0
1,0.25,16,11.5,0,0
1,0.25,0.75,11.5,0,0
1,0.25,1,11.5,0,0
1,0.25,8.25,11.75,0,0
1,0.25,8.5,11.75,0,0
1,0.25,15.75,11.75,0,0
1,0.25,16,11.75,0,0
1,0.25,0.75,11.75,0,0
1,0.25,1,11.75,0,0
1,0.25,8.25,12,0,0
1,0.25,8.5,12,0,0
1,0.25,15.75,12,0,0
1,0.25,16,12,0,0
1,0.25,0.75,12,0,0
1,0.25,1,12,0,0
1,0.25,8.25,12.25,0,0
1,0.25,8.5,12.25,0,0
1,0.25,15.75,12.25,0,0
1,0.25,16,12.25,0,0
1,0.25,0.75,12.25,0,0
1,0.25,1,12.25,0,0
1,0.25,8.25,12.5,0,0
1,0.25,8.5,12.5,0,0
1,0.25,15.75,12.5,0,0
1,0.25,16,12.5,0,0
1,0.25,0.75,12.5,0,0
1,0.25,1,12.5,0,0
1,0.25,8.25,12.75,0,0
1,0.25,8.5,12.75,0,0
1,0.25,15.75,12.75,0,0
1,0.25,16,12.75,0,0
1,0.25,0.75,12.75,0,0
1,0.25,1,12.75,0,0
1,0.25,8.25,13,0,0
1,0.25,8.5,13,0,0
1,0.25,15.75,13,0,0
1,0.25,16,13,0,0
1,0.25,0.75,13,0,0
1,0.25,1,13,0,0
1,0.25,8.25,13.25,0,0
1,0.25,8.5,13.25,0,0
1,0.25,15.75,13.25,0,0
1,0.25,16,13.25,0,0
1,0.25,0.75,13.25,0,0
1,0.25,1,13.25,0,0
1,0.25,8.25,13.5,0,0
1,0.25,8.5,13.5,0,0
1,0.25,15.75,13.5,0,0
1,0.25,16,13.5,0,0
1,0.25,0.75,13.5,0,0
1,0.25,1,13.5,0,0
1,0.25,8.25,13.75,0,0
1,0.25,8.5,13.75,0,0
1,0.25,15.75,13.75,0,0
1,0.25,16,13.75,0,0
1,0.25,0.75,13.75,0,0
1,0.25,1,13.75,0,0
1,0.25,8.25,14,0,0
1,0.25,8.5,14,0,0
1,0.25,15.75,14,0,0
1,0.25,16,14,0,0
1,0.25,0.75,14,0,0
1,0.25,1,14,0,0
1,0.25,8.25,14.25,0,0
1,0.25,8.5,14.25,0,0
1,0.25,15.75,14.25,0,0
1,0.25,16,14.25,0,0
1,0.25,0.75,14.25,0,0
1,0.25,1,14.25,0,0
1,0.25,8.25,14.5,0,0
1,0.25,8.5,14.5,0,0
1,0.25,15.75,14.5,0,0
1,0.25,16,14.5,0,0
1,0.25,0.75,14.5,0,0
1,0.25,1,14.5,0,0
1,0.25,8.25,14.75,0,0
1,0.25,8.5,14.75,0,0
1,0.25,15.75,14.75,0,0
1,0.25,16,14.75,0,0
1,0.25,0.75,14.75,0,0
1,0.25,1,14.75,0,0
1,0.25,8.25,15,0,0
1,0.25,8.5,15,0,0
1,0.25,15.75,15,0,0
1,0.25,16,15,0,0
1,0.25,0.75,15,0,0
1,0.25,1,15,0,0
1,0.25,8.25,15.25,0,0
1,0.25,8.5,15.25,0,0
1,0.25,15.75,15.25,0,0
1,0.25,16,15.25,0,0
1,0.25,0.75,15.25,0,0
1,0.25,1,15.25,0,0
1,0.25,8.25,15.5,0,0
1,0.25,8.5,15.5,0,0
1,0.25,15.75,15.5,0,0
1,0.25,16,15.5,0,0
1,0.25,0.75,15.5,0,0
1,0.25,1,15.5,0,0
1,0.25,1.25,0.75,0,0
1,0.25,1.25,1,0,0
1,0.25,1.5,0.75,0,0
1,0.25,1.5,1,0,0
1,0.25,1.75,0.75,0,0
1,0.25,1.75,1,0,0
1,0.25,2,0.75,0,0
1,0.25,2,1,0,0
1,0.25,2.25,0.75,0,0
1,0.25,2.25,1,0,0
1,0.25,2.5,0.75,0,0
1,0.25,2.5,1,0,0
1,0.25,2.75,0.75,0,0
1,0.25,2.75,1,0,0
1,0.25,3,0.75,0,0
1,0.25,3,1,0,0
1,0.25,3,15.25,0,0
1,0.25,3,15.5,0,0
1,0.25,3.25,0.75,0,0
1,0.25,3.25,1,0,0
1,0.25,3.25,15.25,0,0
1,0.25,3.25,15.5,0,0
1,0.25,3.5,0.75,0,0
1,0.25,3.5,1,0,0
1,0.25,3.5,15.25,0,0
1,0.25,3.5,15.5,0,0
1,0.25,3.75,0.75,0,0
1,0.25,3.75,1,0,0
1,0.25,3.75,15.25,0,0
1,0.25,3.75,15.5,0,0
1,0.25,4,0.75,0,0
1,0.25,4,1,0,0
1,0.25,4,15.25,0,0
1,0.25,4,15.5,0,0
1,0.25,4.25,0.75,0,0
1,0.25,4.25,1,0,0
1,0.25,4.25,15.25,0,0
1,0.25,4.25,15.5,0,0
1,0.25,4.5,0.75,0,0
1,0.25,4.5,1,0,0
1,0.25,4.5,15.25,0,0
1,0.25,4.5,15.5,0,0
1,0.25,4.75,0.75,0,0
1,0.25,4.75,1,0,0
1,0.25,4.75,15.25,0,0
1,0.25,4.75,15.5,0,0
1,0.25,5,0.75,0,0
1,0.25,5,1,0,0
1,0.25,5,15.25,0,0
1,0.25,5,15.5,0,0
1,0.25,5.25,0.75,0,0
1,0.25,5.25,1,0,0
1,0.25,5.25,15.25,0,0
1,0.25,5.25,15.5,0,0
1,0.25,5.5,0.75,0,0
1,0.25,5.5,1,0,0
1,0.25,5.5,15.25,0,0
1,0.25,5.5,15.5,0,0
1,0.25,5.75,0.75,0,0
1,0.25,5.75,1,0,0
1,0.25,5.75,15.25,0,0
1,0.25,5.75,15.5,0,0
1,0.25,6,0.75,0,0
1,0.25,6,1,0,0
1,0.25,6,15.25,0,0
1,0.25,6,15.5,0,0
1,0.25,6.25,0.75,0,0
1,0.25,6.25,1,0,0
1,0.25,6.25,15.25,0,0
1,0.25,6.25,15.5,0,0
1,0.25,6.5,0.75,0,0
1,0.25,6.5,1,0,0
1,0.25,6.5,15.25,0,0
1,0.25,6.5,15.5,0,0
1,0.25,6.75,0.75,0,0
1,0.25,6.75,1,0,0
1,0.25,6.75,15.25,0,0
1,0.25,6.75,15.5,0,0
1,0.25,7,0.75,0,0
1,0.25,7,1,0,0
1,0.25,7,15.25,0,0
1,0.25,7,15.5,0,0
1,0.25,7.25,0.75,0,0
1,0.25,7.25,1,0,0
1,0.25,7.25,15.25,0,0
1,0.25,7.25,15.5,0,0
1,0.25,7.5,0.75,0,0
1,0.25,7.5,1,0,0
1,0.25,7.5,15.25,0,0
1,0.25,7.5,15.5,0,0
1,0.25,7.75,0.75,0,0
1,0.25,7.75,1,0,0
1,0.25,7.75,15.25,0,0
1,0.25,7.75,15.5,0,0
1,0.25,8,0.75,0,0
1,0.25,8,1,0,0
1,0.25,8,15.25,0,0
1,0.25,8,15.5,0,0
1,0.25,8.75,0.75,0,0
1,0.25,8.75,1,0,0
1,0.25,8.75,15.25,0,0
1,0.25,8.75,15.5,0,0
1,0.25,9,0.75,0,0
1,0.25,9,1,0,0
1,0.25,9,15.25,0,0
1,0.25,9,15.5,0,0
1,0.25,9.25,0.75,0,0
1,0.25,9.25,1,0,0
1,0.25,9.25,15.25,0,0
1,0.25,9.25,15.5,0,0
1,0.25,9.5,0.75,0,0
1,0.25,9.5,1,0,0
1,0.25,9.5,15.25,0,0
1,0.25,9.5,15.5,0,0
1,0.25,9.75,0.75,0,0
1,0.25,9.75,1,0,0
1,0.25,9.75,15.25,0,0
1,0.25,9.75,15.5,0,0
1,0.25,10,0.75,0,0
1,0.25,10,1,0,0
1,0.25,10,15.25,0,0
1,0.25,10,15.5,0,0
1,0.25,10.25,0.75,0,0
1,0.25,10.25,1,0,0
1,0.25,10.25,15.25,0,0
1,0.25,10.25,15.5,0,0
1,0.25,10.5,0.75,0,0
1,0.25,10.5,1,0,0
1,0.25,10.5,15.25,0,0
1,0.25,10.5,15.5,0,0
1,0.25,10.75,0.75,0,0
1,0.25,10.75,1,0,0
1,0.25,10.75,15.25,0,0
1,0.25,10.75,15.5,0,0
1,0.25,11,0.75,0,0
1,0.25,11,1,0,0
1,0.25,11,15.25,0,0
1,0.25,11,15.5,0,0
1,0.25,11.25,0.75,0,0
1,0.25,11.25,1,0,0
1,0.25,11.25,15.25,0,0
1,0.25,11.25,15.5,0,0
1,0.25,11.5,0.75,0,0
1,0.25,11.5,1,0,0
1,0.25,11.5,15.25,0,0
1,0.25,11.5,15.5,0,0
1,0.25,11.75,0.75,0,0
1,0.25,11.75,1,0,0
1,0.25,11.75,15.25,0,0
1,0.25,11.75,15.5,0,0
1,0.25,12,0.75,0,0
1,0.25,12,1,0,0
1,0.25,12,15.25,0,0
1,0.25,12,15.5,0,0
1,0.25,12.25,0.75,0,0
1,0.25,12.25,1,0,0
1,0.25,12.25,15.25,0,0
1,0.25,12.25,15.5,0,0
1,0.25,12.5,0.75,0,0
1,0.25,12.5,1,0,0
1,0.25,12.5,15.25,0,0
1,0.25,12.5,15.5,0,0
1,0.25,12.75,0.75,0,0
1,0.25,12.75,1,0,0
1,0.25,12.75,15.25,0,0
1,0.25,12.75,15.5,0,0
1,0.25,13,0.75,0,0
1,0.25,13,1,0,0
1,0.25,13,15.25,0,0
1,0.25,13,15.5,0,0
1,0.25,13.25,0.75,0,0
1,0.25,13.25,1,0,0
1,0.25,13.25,15.25,0,0
1,0.25,13.25,15.5,0,0
1,0.25,13.5,0.75,0,0
1,0.25,13.5,1,0,0
1,0.25,13.5,15.25,0,0
1,0.25,13.5,15.5,0,0
1,0.25,13.75,0.75,0,0
1,0.25,13.75,1,0,0
1,0.25,13.75,15.25,0,0
1,0.25,13.75,15.5,0,0
1,0.25,14,0.75,0,0
1,0.25,14,1,0,0
1,0.25,14.25,0.75,0,0
1,0.25,14.25,1,0,0
1,0.25,14.5,0.75,0,0
1,0.25,14.5,1,0,0
1,0.25,14.75,0.75,0,0
1,0.25,14.75,1,0,0
1,0.25,15,0.75,0,0
1,0.25,15,1,0,0
1,0.25,15.25,0.75,0,0
1,0.25,15.25,1,0,0
1,0.25,15.5,0.75,0,0
1,0.25,15.5,1,0,0
1,0.25,16,15.75,0,0
1,0.25,15.9959,16,0,0
1,0.25,15.9836,16.2496,0,0
1,0.25,15.9631,16.4988,0,0
1,0.25,15.9345,16.7471,0,0
1,0.25,15.8978,16.9944,0,0
1,0.25,15.8529,17.2403,0,0
1,0.25,15.8001,17.4847,0,0
1,0.25,15.7392,17.7271,0,0
1,0.25,15.6704,17.9675,0,0
1,0.25,15.5938,18.2054,0,0
1,0.25,15.5095,18.4408,0,0
1,0.25,15.4174,18.6732,0,0
1,0.25,15.3178,18.9025,0,0
1,0.25,15.2107,19.1284,0,0
1,0.25,15.0963,19.3506,0,0
1,0.25,14.9747,19.569,0,0
1,0.25,14.8459,19.7833,0,0
1,0.25,14.7102,19.9933,0,0
1,0.25,14.5677,20.1987,0,0
1,0.25,14.4186,20.3993,0,0
1,0.25,14.2629,20.5949,0,0
1,0.25,14.1009,20.7853,0,0
1,0.25,13.9328,20.9703,0,0
1,0.25,13.7587,21.1497,0,0
1,0.25,13.5788,21.3233,0,0
1,0.25,13.3933,21.4909,0,0
1,0.25,13.2024,21.6523,0,0
1,0.25,13.0063,21.8074,0,0
1,0.25,12.8052,21.9559,0,0
1,0.25,12.5994,22.0978,0,0
1,0.25,12.3891,22.2329,0,0
1,0.25,12.1744,22.361,0,0
1,0.25,11.9556,22.482,0,0
1,0.25,11.733,22.5957,0,0
1,0.25,11.5068,22.7021,0,0
1,0.25,11.2772,22.8011,0,0
1,0.25,11.0445,22.8924,0,0
1,0.25,10.809,22.9761,0,0
1,0.25,10.5708,23.052,0,0
1,0.25,10.3302,23.1201,0,0
1,0.25,10.0876,23.1802,0,0
1,0.25,9.8431,23.2323,0,0
1,0.25,9.59703,23.2764,0,0
1,0.25,9.34965,23.3125,0,0
1,0.25,9.10122,23.3403,0,0
1,0.25,8.85201,23.3601,0,0
1,0.25,8.60229,23.3716,0,0
1,0.25,8.35232,23.375,0,0
1,0.25,8.10238,23.3701,0,0
1,0.25,7.85273,23.3571,0,0
1,0.25,7.60364,23.3359,0,0
1,0.25,7.35539,23.3065,0,0
1,0.25,7.10822,23.269,0,0
1,0.25,6.86242,23.2235,0,0
1,0.25,6.61825,23.1699,0,0
1,0.25,6.37596,23.1083,0,0
1,0.25,6.13582,23.0388,0,0
1,0.25,5.89809,22.9615,0,0
1,0.25,5.66302,22.8764,0,0
1,0.25,5.43087,22.7837,0,0
1,0.25,5.20188,22.6834,0,0
1,0.25,4.9763,22.5756,0,0
1,0.25,4.75438,22.4606,0,0
1,0.25,4.53634,22.3383,0,0
1,0.25,4.32244,22.2089,0,0
1,0.25,4.11289,22.0726,0,0
1,0.25,3.90792,21.9295,0,0
1,0.25,3.70775,21.7797,0,0
1,0.25,3.5126,21.6235,0,0
1,0.25,3.32267,21.4609,0,0
1,0.25,3.13818,21.2922,0,0
1,0.25,2.95931,21.1176,0,0
1,0.25,2.78627,20.9372,0,0
1,0.25,2.61923,20.7512,0,0
1,0.25,2.45838,20.5598,0,0
1,0.25,2.30389,20.3633,0,0
1,0.25,2.15592,20.1618,0,0
1,0.25,2.01464,19.9555,0,0
1,0.25,1.8802,19.7448,0,0
1,0.25,1.75274,19.5297,0,0
1,0.25,1.6324,19.3106,0,0
1,0.25,1.5193,19.0877,0,0
1,0.25,1.41357,18.8611,0,0
1,0.25,1.31533,18.6313,0,0
1,0.25,1.22467,18.3983,0,0
1,0.25,1.1417,18.1625,0,0
1,0.25,1.0665,17.9241,0,0
1,0.25,0.999164,17.6833,0,0
1,0.25,0.939753,17.4405,0,0
1,0.25,0.888333,17.1958,0,0
1,0.25,0.844961,16.9496,0,0
1,0.25,0.809682,16.7022,0,0
1,0.25,0.782536,16.4536,0,0
1,0.25,0.76355,16.2044,0,0
1,0.25,0.752746,15.9546,0,0
1,0.25,0.750135,15.7046,0,0
1,0.25,15.75,15.75,0,0
1,0.25,15.7459,15.9958,0,0
1,0.25,15.7336,16.2413,0,0
1,0.25,15.7132,16.4863,0,0
1,0.25,15.6845,16.7304,0,0
1,0.25,15.6478,16.9735,0,0
1,0.25,15.603,17.2152,0,0
1,0.25,15.5501,17.4553,0,0
1,0.25,15.4893,17.6934,0,0
1,0.25,15.4206,17.9295,0,0
1,0.25,15.3441,18.1631,0,0
1,0.25,15.2598,18.394,0,0
1,0.25,15.1678,18.622,0,0
1,0.25,15.0683,18.8468,0,0
1,0.25,14.9614,19.0681,0,0
1,0.25,14.8472,19.2858,0,0
1,0.25,14.7257,19.4995,0,0
1,0.25,14.5973,19.7091,0,0
1,0.25,14.4619,19.9142,0,0
1,0.25,14.3197,20.1148,0,0
1,0.25,14.1709,20.3105,0,0
1,0.25,14.0157,20.5011,0,0
1,0.25,13.8542,20.6865,0,0
1,0.25,13.6867,20.8663,0,0
1,0.25,13.5132,21.0405,0,0
1,0.25,13.334,21.2088,0,0
1,0.25,13.1494,21.371,0,0
1,0.25,12.9594,21.527,0,0
1,0.25,12.7643,21.6766,0,0
1,0.25,12.5643,21.8196,0,0
1,0.25,12.3597,21.9558,0,0
1,0.25,12.1507,22.0852,0,0
1,0.25,11.9375,22.2075,0,0
1,0.25,11.7203,22.3227,0,0
1,0.25,11.4994,22.4305,0,0
1,0.25,11.275,22.5309,0,0
1,0.25,11.0474,22.6238,0,0
1,0.25,10.8168,22.709,0,0
1,0.25,10.5835,22.7865,0,0
1,0.25,10.3478,22.8562,0,0
1,0.25,10.1099,22.918,0,0
1,0.25,9.87002,22.9719,0,0
1,0.25,9.62851,23.0177,0,0
1,0.25,9.3856,23.0554,0,0
1,0.25,9.14157,23.0851,0,0
1,0.25,8.89669,23.1065,0,0
1,0.25,8.65122,23.1198,0,0
1,0.25,8.40546,23.1249,0,0
1,0.25,8.15965,23.1219,0,0
1,0.25,7.91409,23.1106,0,0
1,0.25,7.66904,23.0911,0,0
1,0.25,7.42477,23.0635,0,0
1,0.25,7.18156,23.0278,0,0
1,0.25,6.93968,22.984,0,0
1,0.25,6.69938,22.9321,0,0
1,0.25,6.46096,22.8723,0,0
1,0.25,6.22465,22.8045,0,0
1,0.25,5.99074,22.729,0,0
1,0.25,5.75947,22.6456,0,0
1,0.25,5.53112,22.5546,0,0
1,0.25,5.30592,22.4561,0,0
1,0.25,5.08413,22.3501,0,0
1,0.25,4.86599,22.2367,0,0
1,0.25,4.65176,22.1162,0,0
1,0.25,4.44166,21.9885,0,0
1,0.25,4.23593,21.854,0,0
1,0.25,4.0348,21.7127,0,0
1,0.25,3.8385,21.5647,0,0
1,0.25,3.64723,21.4103,0,0
1,0.25,3.46121,21.2496,0,0
1,0.25,3.28066,21.0828,0,0
1,0.25,3.10576,20.91,0,0
1,0.25,2.93672,20.7315,0,0
1,0.25,2.77372,20.5475,0,0
1,0.25,2.61695,20.3582,0,0
1,0.25,2.46657,20.1637,0,0
1,0.25,2.32275,19.9644,0,0
1,0.25,2.18566,19.7603,0,0
1,0.25,2.05545,19.5518,0,0
1,0.25,1.93225,19.3391,0,0
1,0.25,1.81622,19.1224,0,0
1,0.25,1.70747,18.9019,0,0
1,0.25,1.60613,18.678,0,0
1,0.25,1.51231,18.4508,0,0
1,0.25,1.42611,18.2205,0,0
1,0.25,1.34763,17.9876,0,0
1,0.25,1.27697,17.7521,0,0
1,0.25,1.21418,17.5145,0,0
1,0.25,1.15936,17.2748,0,0
1,0.25,1.11255,17.0335,0,0
1,0.25,1.07381,16.7908,0,0
1,0.25,1.04318,16.5469,0,0
1,0.25,1.02069,16.3021,0,0
1,0.25,1.00638,16.0567,0,0
1,0.25,1.00025,15.8109,0,0
1,0.25,1.00232,15.5651,0,0
1,0.25,13.75,15.75,0,0
1,0.25,13.7442,15.9999,0,0
1,0.25,13.7268,16.2493,0,0
1,0.25,13.6978,16.4976,0,0
1,0.25,13.6572,16.7442,0,0
1,0.25,13.6053,16.9888,0,0
1,0.25,13.5421,17.2306,0,0
1,0.25,13.4676,17.4692,0,0
1,0.25,13.3822,17.7042,0,0
1,0.25,13.2859,17.9349,0,0
1,0.25,13.179,18.1608,0,0
1,0.25,13.0617,18.3816,0,0
1,0.25,12.9343,18.5966,0,0
1,0.25,12.797,18.8056,0,0
1,0.25,12.6502,19.0079,0,0
1,0.25,12.4941,19.2031,0,0
1,0.25,12.3291,19.3909,0,0
1,0.25,12.1555,19.5708,0,0
1,0.25,11.9738,19.7424,0,0
1,0.25,11.7842,19.9054,0,0
1,0.25,11.5874,20.0595,0,0
1,0.25,11.3835,20.2042,0,0
1,0.25,11.1732,20.3392,0,0
1,0.25,10.9568,20.4644,0,0
1,0.25,10.7348,20.5793,0,0
1,0.25,10.5077,20.6838,0,0
1,0.25,10.276,20.7776,0,0
1,0.25,10.0402,20.8606,0,0
1,0.25,9.80076,20.9325,0,0
1,0.25,9.55826,20.9931,0,0
1,0.25,9.3132,21.0425,0,0
1,0.25,9.06611,21.0804,0,0
1,0.25,8.81753,21.1068,0,0
1,0.25,8.56799,21.1215,0,0
1,0.25,8.31803,21.1247,0,0
1,0.25,8.0682,21.1162,0,0
1,0.25,7.81903,21.0962,0,0
1,0.25,7.57106,21.0645,0,0
1,0.25,7.32483,21.0214,0,0
1,0.25,7.08087,20.9669,0,0
1,0.25,6.83971,20.9011,0,0
1,0.25,6.60187,20.8241,0,0
1,0.25,6.36787,20.7362,0,0
1,0.25,6.13821,20.6375,0,0
1,0.25,5.91339,20.5282,0,0
1,0.25,5.69389,20.4086,0,0
1,0.25,5.48019,20.2789,0,0
1,0.25,5.27275,20.1394,0,0
1,0.25,5.07202,19.9904,0,0
1,0.25,4.87844,19.8322,0,0
1,0.25,4.69241,19.6653,0,0
1,0.25,4.51436,19.4898,0,0
1,0.25,4.34465,19.3063,0,0
1,0.25,4.18366,19.115,0,0
1,0.25,4.03174,18.9165,0,0
1,0.25,3.88921,18.7111,0,0
1,0.25,3.75639,18.4994,0,0
1,0.25,3.63355,18.2817,0,0
1,0.25,3.52097,18.0585,0,0
1,0.25,3.41889,17.8303,0,0
1,0.25,3.32752,17.5976,0,0
1,0.25,3.24708,17.3609,0,0
1,0.25,3.17772,17.1207,0,0
1,0.25,3.11961,16.8776,0,0
1,0.25,3.07287,16.6321,0,0
1,0.25,3.03759,16.3846,0,0
1,0.25,3.01386,16.1357,0,0
1,0.25,3.00172,15.886,0,0
1,0.25,3.00121,15.6361,0,0
1,0.25,13.5,15.75,0,0
1,0.25,13.4939,15.9999,0,0
1,0.25,13.4756,16.2492,0,0
1,0.25,13.4452,16.4973,0,0
1,0.25,13.4027,16.7437,0,0
1,0.25,13.3483,16.9876,0,0
1,0.25,13.2821,17.2287,0,0
1,0.25,13.2041,17.4662,0,0
1,0.25,13.1147,17.6996,0,0
1,0.25,13.014,17.9284,0,0
1,0.25,12.9022,18.152,0,0
1,0.25,12.7797,18.3699,0,0
1,0.25,12.6467,18.5816,0,0
1,0.25,12.5036,18.7865,0,0
1,0.25,12.3506,18.9842,0,0
1,0.25,12.1882,19.1742,0,0
1,0.25,12.0167,19.3561,0,0
1,0.25,11.8365,19.5294,0,0
1,0.25,11.6481,19.6937,0,0
1,0.25,11.4519,19.8486,0,0
1,0.25,11.2484,19.9937,0,0
1,0.25,11.0381,20.1288,0,0
1,0.25,10.8214,20.2534,0,0
1,0.25,10.5989,20.3674,0,0
1,0.25,10.3711,20.4703,0,0
1,0.25,10.1385,20.562,0,0
1,0.25,9.90179,20.6423,0,0
1,0.25,9.66142,20.7109,0,0
1,0.25,9.41799,20.7677,0,0
1,0.25,9.17208,20.8126,0,0
1,0.25,8.92427,20.8455,0,0
1,0.25,8.67516,20.8662,0,0
1,0.25,8.42533,20.8748,0,0
1,0.25,8.17538,20.8711,0,0
1,0.25,7.92591,20.8553,0,0
1,0.25,7.6775,20.8273,0,0
1,0.25,7.43076,20.7873,0,0
1,0.25,7.18626,20.7352,0,0
1,0.25,6.94459,20.6713,0,0
1,0.25,6.70632,20.5957,0,0
1,0.25,6.47202,20.5086,0,0
1,0.25,6.24225,20.4101,0,0
1,0.25,6.01755,20.3006,0,0
1,0.25,5.79846,20.1802,0,0
1,0.25,5.5855,20.0493,0,0
1,0.25,5.37918,19.9082,0,0
1,0.25,5.17998,19.7572,0,0
1,0.25,4.98839,19.5966,0,0
1,0.25,4.80485,19.4269,0,0
1,0.25,4.62981,19.2485,0,0
1,0.25,4.46368,19.0617,0,0
1,0.25,4.30685,18.867,0,0
1,0.25,4.1597,18.6649,0,0
1,0.25,4.02258,18.4559,0,0
1,0.25,3.89581,18.2405,0,0
1,0.25,3.7797,18.0191,0,0
1,0.25,3.67452,17.7923,0,0
1,0.25,3.58053,17.5607,0,0
1,0.25,3.49794,17.3248,0,0
1,0.25,3.42695,17.0851,0,0
1,0.25,3.36774,16.8422,0,0
1,0.25,3.32044,16.5968,0,0
1,0.25,3.28516,16.3493,0,0
1,0.25,3.26199,16.1004,0,0
1,0.25,3.25099,15.8507,0,0
1,0.25,3.25218,15.6007,0,0
