2452 2 0.25 4000 0.15 2 0 0.001 0 9.81 18 25
0,0.25,1.22528,13.6364,-0.0407917,0.177716
0,0.25,1.35844,13.1293,0.0303888,-0.115279
0,0.25,1.55024,14.5194,0.137973,-0.598915
0,0.25,1.48687,12.4001,-0.352253,-0.34186
0,0.25,1.56073,14.0738,0.164323,-0.385484
0,0.25,1.33417,12.4747,-0.279068,-0.531574
0,0.25,1.2475,12.6671,-0.0144396,-0.227726
0,0.25,1.21844,12.9666,0.102507,-0.230666
0,0.25,1.24917,13.9008,0.0680972,0.168965
0,0.25,1.48641,13.8514,0.102327,-0.284296
0,0.25,1.26423,14.1241,-0.0680018,0.0963344
0,0.25,1.25412,14.3545,-0.0650638,0.129267
0,0.25,1.24164,14.8149,-0.21888,0.212083
0,0.25,1.45165,15.7231,0.375329,-0.646537
0,0.25,1.3428,17.0422,-0.0376203,-0.257416
0,0.25,1.7818,18.467,-0.0821126,0.183264
0,0.25,1.8769,18.6814,0.00562177,0.219159
0,0.25,3.18114,20.6356,0.339825,0.237452
0,0.25,4.91761,20.948,-0.178165,-0.319283
0,0.25,5.03869,21.7971,-0.342992,-0.59736
0,0.25,5.2857,22.2006,-0.398347,-0.270536
0,0.25,9.97263,22.0978,-0.315492,-0.106272
0,0.25,10.355,21.2299,-0.549627,0.0964143
0,0.25,8.79306,22.4445,-0.0773477,0.180866
0,0.25,13.3439,19.9056,-0.26576,0.437457
0,0.25,12.7329,21.17,-0.593275,0.367941
0,0.25,12.2953,21.7251,-0.325291,0.0620406
0,0.25,14.8039,15.4827,-0.401925,0.620229
0,0.25,14.7776,16.5697,-0.4469,0.49029
0,0.25,14.7822,18.3138,-0.24331,0.379858
0,0.25,13.7764,12.6228,0.248335,0.13802
0,0.25,14.7626,14.879,-0.240692,0.749647
0,0.25,15.2396,15.7325,-0.418205,0.59071
0,0.25,12.5243,12.2686,0.439085,-0.0154963
0,0.25,13.8998,11.1486,0.131962,-0.113158
0,0.25,11.2783,12.8843,-0.261688,-0.242241
0,0.25,13.2395,12.1378,0.359568,-0.0702628
0,0.25,9.25452,13.3323,0.134163,0.0374351
0,0.25,11.2134,13.3339,-0.0736026,-0.144962
0,0.25,9.25134,12.4046,0.0966941,0.192736
0,0.25,14.4552,12.3863,-0.0756392,0.245796
0,0.25,8.75097,12.9171,0.103739,0.0519523
0,0.25,10.0515,13.5919,0.0710751,-0.0215422
0,0.25,10.9051,11.5269,-0.360381,0.0723524
0,0.25,10.098,11.8585,0.00986748,-0.00986413
0,0.25,9.59123,12.9788,0.301306,0.0286921
0,0.25,14.2225,10.8477,0.0277517,-0.140446
0,0.25,11.087,11.9972,-0.0994647,-0.0138943
0,0.25,15.0701,13.179,0.0742684,0.315525
0,0.25,11.3423,12.0558,0.0285557,-0.273207
0,0.25,10.2663,13.517,0.0281444,0.0543594
0,0.25,15.5124,14.1881,-0.0668331,0.534337
0,0.25,12.9987,10.8447,0.0667446,-0.236578
0,0.25,10.1786,13.2359,0.0936068,0.0712228
0,0.25,10.5272,12.3889,-0.0716519,-0.0958939
0,0.25,13.7739,10.5014,0.283918,-0.0493583
0,0.25,1.46538,13.3569,0.100323,-0.0946786
0,0.25,1.68621,13.6449,0.201479,-0.390592
0,0.25,1.4951,14.7246,-0.268753,-0.674543
0,0.25,1.20935,15.8678,-0.0422569,-0.314042
0,0.25,1.20771,13.3491,0.0813112,0.0351501
0,0.25,1.25989,14.5787,-0.0784863,0.0619143
0,0.25,1.23144,15.0694,0.0249149,0.298857
0,0.25,1.28275,15.5785,0.217725,-0.272167
0,0.25,1.30433,16.6496,-0.0534097,-0.276967
0,0.25,1.406,16.8215,0.0431244,-0.42555
0,0.25,2.08129,19.0998,0.165611,0.219191
0,0.25,2.31235,19.5156,0.178403,0.175564
0,0.25,2.19281,19.3071,0.248204,0.168797
0,0.25,2.98937,20.0676,-0.50607,-0.38565
0,0.25,4.79529,21.3996,-0.313051,-0.450622
0,0.25,4.08963,21.4617,-0.0668326,0.0322838
0,0.25,5.06139,22.0756,-0.089638,-0.27446
0,0.25,7.06515,22.3077,-0.243741,-0.0902372
0,0.25,5.80994,22.4373,-0.788398,-0.274575
0,0.25,8.04628,22.8978,-0.694297,-0.141957
0,0.25,8.60125,22.9031,-0.765396,0.02667
0,0.25,8.95992,22.6544,-0.0974996,0.185503
0,0.25,10.1536,22.6778,-0.321445,-0.00104255
0,0.25,10.9524,22.4275,-0.609406,0.130374
0,0.25,12.0535,21.6159,-0.500738,0.137257
0,0.25,13.2665,20.6012,-0.199669,0.278474
0,0.25,13.8108,20.0095,-0.134997,0.600411
0,0.25,12.7386,21.4224,-0.802443,0.472277
0,0.25,14.7653,14.3499,-0.260103,0.681201
0,0.25,12.8367,12.7728,0.652733,-0.101997
0,0.25,13.6046,20.5824,-0.505503,0.659954
0,0.25,14.3822,19.646,-0.394952,0.613151
0,0.25,15.4786,15.5339,-0.26455,0.400118
0,0.25,11.8025,14.7928,0.0123875,-0.135749
0,0.25,11.5397,12.6753,-0.0869018,-0.335086
0,0.25,15.0454,16.1604,-0.677198,0.471637
0,0.25,12.4152,15.0143,0.137054,-0.00498947
0,0.25,11.1103,13.1098,-0.161833,-0.159657
0,0.25,9.56607,13.6463,0.117408,0.047261
0,0.25,10.7456,13.9864,0.0552504,-0.116424
0,0.25,9.98842,13.3339,0.0578969,-0.040519
0,0.25,10.4523,11.7587,-0.101881,-0.113284
0,0.25,9.58496,10.7678,-0.208667,-0.263118
0,0.25,15.3026,10.9678,-0.399249,0.110046
0,0.25,14.767,11.6992,0.0874245,0.0512614
0,0.25,11.9028,11.364,0.0376044,-0.386657
0,0.25,14.8229,13.029,0.0242678,0.258534
0,0.25,10.8399,13.1067,-0.120714,-0.0883892
0,0.25,10.1845,12.2638,-0.0319998,-0.0028898
0,0.25,9.26121,12.1647,0.156782,0.311695
0,0.25,14.4773,10.7606,0.0392654,-0.100675
0,0.25,12.3885,11.5749,0.273946,-0.228903
0,0.25,10.3322,13.0305,0.0454937,-0.0236331
0,0.25,9.79389,12.8189,0.25254,0.0336629
0,0.25,10.4195,13.3023,-0.0543346,-0.0817591
0,0.25,10.0729,12.9794,0.122087,0.0432436
0,0.25,1.44307,12.7962,0.0339566,-0.324998
0,0.25,1.52617,15.4703,0.187815,-0.916011
0,0.25,1.52493,16.4514,-0.096547,-0.557694
0,0.25,1.24131,16.1437,-0.0205739,-0.352848
0,0.25,1.61204,16.6374,0.161158,-0.65062
0,0.25,1.52662,17.7741,0.131495,-0.0125803
0,0.25,1.76645,17.7875,0.0112615,-0.314065
0,0.25,2.58469,19.9234,0.0470653,0.3366
0,0.25,2.87852,20.2885,0.180725,0.360205
0,0.25,3.25379,20.0526,-0.362104,-0.0584588
0,0.25,3.91476,21.0506,0.155098,0.00728214
0,0.25,5.66692,21.9246,-0.135223,0.0224871
0,0.25,5.25742,21.9431,-0.359461,-0.577698
0,0.25,5.48823,22.0825,-0.480534,-0.391724
0,0.25,8.3225,22.9064,-0.844634,-0.0214739
0,0.25,8.46155,22.7064,-0.430926,0.150437
0,0.25,10.9659,21.4085,-0.582067,0.0508035
0,0.25,11.1874,21.8107,-0.312378,0.072652
0,0.25,12.8048,20.4679,-0.151775,0.237106
0,0.25,12.685,20.9113,-0.174389,0.235772
0,0.25,14.3119,18.8121,-0.167715,0.714464
0,0.25,13.7377,18.4915,-0.165066,0.428643
0,0.25,14.1858,15.9038,-0.436663,0.616864
0,0.25,14.751,16.8497,-0.143338,0.502062
0,0.25,14.9081,17.4002,-0.356321,0.510086
0,0.25,14.4092,18.5816,-0.250161,0.64291
0,0.25,15.0439,15.8802,-0.496286,0.56107
0,0.25,14.8647,13.8305,-0.374129,0.478848
0,0.25,14.0627,20.0672,-0.280813,0.473694
0,0.25,15.0667,13.4464,-0.242542,0.41517
0,0.25,12.7345,13.9029,0.564553,-0.0388005
0,0.25,11.4629,13.7574,-0.00796881,-0.139263
0,0.25,13.2779,11.8717,0.397401,-0.111701
0,0.25,15.0939,13.6962,-0.261236,0.561394
0,0.25,12.5667,12.003,0.261589,-0.0852592
0,0.25,11.9726,14.5642,0.0935836,-0.164479
0,0.25,8.99701,12.5547,0.0840628,0.244106
0,0.25,15.4758,15.0983,-0.187566,0.617329
0,0.25,14.377,11.3104,-0.00359495,0.0414184
0,0.25,11.6245,13.5437,0.0322689,-0.207135
0,0.25,10.2173,12.7803,0.0495432,-0.00167541
0,0.25,15.3029,14.0412,-0.373233,0.675596
0,0.25,9.52768,12.0236,0.0475783,0.204702
0,0.25,10.4879,12.8289,-0.0924332,-0.100275
0,0.25,15.5238,13.9078,-0.297978,0.533595
0,0.25,11.2632,11.7843,-0.132377,-0.0846869
0,0.25,11.2472,12.2685,-0.171555,-0.281848
0,0.25,13.9059,10.2054,0.265477,-0.0788352
0,0.25,10.0014,12.1217,0.0854445,0.0680954
0,0.25,9.98692,12.6861,0.206963,0.0677798
0,0.25,10.5815,13.0849,-0.0913291,-0.059355
0,0.25,15.2369,10.7138,0.0377099,-0.014399
0,0.25,15.5183,13.6266,0.161819,0.73223
0,0.25,13.4686,10.0145,0.0148669,0.132891
0,0.25,14.4611,12.1036,-0.106479,0.155276
0,0.25,10.8055,12.409,-0.0953348,-0.0195581
0,0.25,1.5113,14.2918,-0.174895,-0.442041
0,0.25,1.24606,15.3264,0.180219,0.0764895
0,0.25,1.44793,15.9631,0.117418,-0.572101
0,0.25,1.68691,18.244,-0.047677,0.0641685
0,0.25,2.16358,18.7555,-0.382175,-0.723714
0,0.25,1.9767,18.8919,0.137756,0.242593
0,0.25,2.53526,19.447,-0.0269637,-0.193492
0,0.25,3.34283,20.8104,0.328685,0.162971
0,0.25,3.89289,21.3109,0.0849705,0.0233415
0,0.25,4.47517,21.7157,0.0592827,-0.0863589
0,0.25,4.85924,21.9521,0.0101452,-0.158045
0,0.25,7.79338,21.9863,-0.181328,0.07924
0,0.25,7.04986,22.7662,0.100562,0.0840802
0,0.25,6.08058,22.5314,-0.603868,-0.136664
0,0.25,9.81001,21.9217,-0.167527,0.0810997
0,0.25,10.9835,21.9164,-0.345257,0.0604817
0,0.25,10.9541,21.6633,-0.369506,0.0547057
0,0.25,9.37864,22.827,-0.143316,0.0900748
0,0.25,12.2859,21.4868,-0.787625,0.00479309
0,0.25,9.89407,22.7384,-0.140848,-0.00422318
0,0.25,14.0489,18.8601,-0.162674,0.764897
0,0.25,13.8752,18.6988,-0.183805,0.677226
0,0.25,11.8726,21.9752,-0.307596,0.101364
0,0.25,13.9082,20.245,-0.274396,0.650492
0,0.25,13.1387,21.0716,-0.656092,0.70691
0,0.25,14.5895,18.7575,-0.104966,0.411163
0,0.25,14.3918,19.1993,-0.138975,0.482323
0,0.25,14.4914,13.6051,-0.153614,0.111747
0,0.25,14.656,13.4448,-0.0783246,0.223192
0,0.25,14.5268,19.4082,-0.296988,0.645333
0,0.25,14.6245,13.8059,-0.361848,0.332941
0,0.25,13.0642,11.7634,0.408738,-0.278452
0,0.25,12.5955,11.7166,0.28201,-0.115958
0,0.25,11.2793,14.4113,-0.25058,-0.140077
0,0.25,13.4813,11.9863,0.324028,0.0153965
0,0.25,12.8378,11.6776,0.396752,-0.304668
0,0.25,15.4831,15.753,-0.298524,0.361476
0,0.25,11.8755,13.9448,0.0222622,-0.187395
0,0.25,9.5086,12.5028,0.172182,0.20043
0,0.25,14.1259,11.4299,0.106761,-0.13146
0,0.25,12.2437,14.5571,0.18435,-0.0405912
0,0.25,9.37635,11.2505,0.355383,0.0184579
0,0.25,13.8454,12.0772,0.199468,0.0978047
0,0.25,8.75205,11.7254,0.053595,0.237257
0,0.25,9.5131,12.2661,0.223022,0.191567
0,0.25,9.73954,12.559,0.23481,0.0258176
0,0.25,15.4768,10.6375,0.239591,0.111557
0,0.25,10.9395,13.3321,-0.0660776,-0.148749
0,0.25,13.1929,10.6896,0.15171,-0.0908087
0,0.25,15.4845,10.4049,0.119378,0.126389
0,0.25,10.1701,12.4974,0.0334469,0.0621317
0,0.25,11.0511,13.5527,0.0786428,-0.0950931
0,0.25,13.6799,10.2168,0.101928,0.0681095
0,0.25,12.4897,11.3246,0.234413,-0.280745
0,0.25,12.7641,11.0102,0.221267,-0.280017
0,0.25,14.8496,9.77327,0.297775,-0.0949316
0,0.25,1.64359,12.4584,-0.305618,-0.309679
0,0.25,1.25958,16.4124,0.0893455,-0.408136
0,0.25,1.4057,17.2936,0.0502547,-0.167673
0,0.25,2.53018,18.9847,-0.224183,-0.30261
0,0.25,2.65533,19.2089,-0.151532,-0.308355
0,0.25,3.46343,19.6352,-0.358855,-0.115839
0,0.25,3.52701,20.6883,-0.0107462,-0.100758
0,0.25,3.6993,21.1503,0.179193,0.100826
0,0.25,4.58903,21.518,-0.449864,-0.508411
0,0.25,5.97487,22.2811,-0.42607,0.0690277
0,0.25,6.92584,22.5077,-0.0369008,0.0515709
0,0.25,8.4075,22.249,-0.00945632,0.160276
0,0.25,7.92745,22.6827,-0.568603,-0.391396
0,0.25,8.19463,22.7071,-0.623981,-0.149295
0,0.25,11.1725,21.5554,-0.459131,0.0372575
0,0.25,12.2726,20.9767,-0.253273,-0.0779106
0,0.25,8.71514,22.685,-0.117281,0.279904
0,0.25,13.517,19.7127,-0.325576,0.534989
0,0.25,13.0347,20.5383,-0.194726,0.296148
0,0.25,14.2123,19.0467,-0.180378,0.782662
0,0.25,14.7147,14.5868,-0.134661,0.682524
0,0.25,13.6879,19.5179,-0.437936,0.474014
0,0.25,14.2724,19.4158,-0.183614,0.4695
0,0.25,14.4202,13.3032,-0.0119173,0.111288
0,0.25,13.3076,12.9006,0.33214,0.0836512
0,0.25,13.1224,12.7217,0.429661,-0.08477
0,0.25,14.9557,14.5819,-0.138519,0.564457
0,0.25,14.6541,19.1702,-0.237475,0.561266
0,0.25,13.3485,12.617,0.423029,0.0470045
0,0.25,15.0864,13.9647,-0.428411,0.502316
0,0.25,12.5774,14.1178,0.480761,-0.0860989
0,0.25,13.7983,12.347,0.22532,0.101939
0,0.25,12.6674,15.0115,0.150741,0.0107047
0,0.25,12.6658,11.4508,0.27774,-0.16613
0,0.25,15.3183,13.7633,-0.255015,0.562501
0,0.25,14.6147,13.1624,0.0527491,0.207128
0,0.25,9.92717,12.407,0.116972,0.00194336
0,0.25,13.862,9.92305,0.0790501,0.0839458
0,0.25,9.02079,12.7897,0.21354,0.122441
0,0.25,9.65635,11.3762,-0.0655294,0.0858561
0,0.25,11.034,13.978,-0.0689755,-0.0585474
0,0.25,13.4478,10.6619,0.283113,-0.258166
0,0.25,13.7491,11.8705,0.204335,0.0657458
0,0.25,14.0126,10.4468,0.316019,-0.152417
0,0.25,14.1456,11.1785,0.124278,-0.226294
0,0.25,14.2366,9.90869,0.0901764,-0.196767
0,0.25,13.5478,10.4622,0.176045,-0.115556
0,0.25,9.29668,11.7121,0.144237,0.218639
0,0.25,11.9051,11.6033,0.161271,-0.374046
0,0.25,14.6071,10.9807,-0.0449714,0.0320209
0,0.25,14.8601,11.1815,-0.151804,0.0199219
0,0.25,15.0595,9.99076,0.192476,-0.0899058
0,0.25,10.7427,12.8667,-0.200582,-0.114022
0,0.25,15.5177,13.087,0.360995,0.402467
0,0.25,13.13,11.0231,0.0318087,-0.172234
0,0.25,11.2677,11.1271,-0.0404023,0.113516
0,0.25,1.4512,13.5858,0.0231737,-0.083768
0,0.25,1.46908,14.9865,0.0392717,-0.771959
0,0.25,1.69793,17.541,0.0425988,-0.402123
0,0.25,1.84886,18.0291,-0.0367614,-0.324629
0,0.25,3.56537,19.4117,-0.476145,-0.307008
0,0.25,2.6714,19.6614,-0.177802,-0.096239
0,0.25,4.35077,21.371,-0.397883,-0.269963
0,0.25,4.9879,21.2481,-0.171596,-0.371737
0,0.25,4.28742,21.5911,-0.0102171,-2.97622e-05
0,0.25,4.66515,21.8353,0.0709474,-0.179837
0,0.25,6.81324,22.7162,0.0560846,0.0706647
0,0.25,7.3099,22.3589,-0.400072,-0.307214
0,0.25,8.38926,21.7881,-0.278576,0.014965
0,0.25,9.69571,22.1472,-0.473641,0.0274392
0,0.25,9.33739,21.2944,-0.282074,0.106975
0,0.25,8.87015,22.8842,-0.474174,0.183596
0,0.25,11.2069,22.0734,-0.326105,0.114791
0,0.25,11.6236,21.8513,-0.332594,0.0281536
0,0.25,14.4298,17.4747,-0.311304,0.375539
0,0.25,11.2071,22.3207,-0.511535,0.208499
0,0.25,14.1376,19.6235,-0.321889,0.39533
0,0.25,13.7637,19.7486,-0.407099,0.609851
0,0.25,13.6404,20.2131,-0.114188,0.524613
0,0.25,14.5854,15.0291,-0.299899,0.797311
0,0.25,14.8259,17.6415,-0.598114,0.572862
0,0.25,12.6171,13.2518,0.463963,-0.184447
0,0.25,14.007,12.5087,0.104406,0.0825148
0,0.25,13.4546,20.7434,-0.545298,0.617408
0,0.25,13.4769,14.3706,0.47581,0.220404
0,0.25,12.0713,12.2174,0.184465,-0.158573
0,0.25,15.2486,16.0194,-0.35727,0.566591
0,0.25,11.7022,12.5077,-0.0458689,-0.383711
0,0.25,15.2257,17.7898,-0.254379,0.494174
0,0.25,9.63419,14.3258,0.321611,0.200938
0,0.25,12.5145,14.5487,0.277091,-0.0235806
0,0.25,15.2487,14.275,-0.190236,0.567682
0,0.25,11.4368,14.1884,-0.214878,-0.11957
0,0.25,8.74816,14.1044,0.169291,0.313691
0,0.25,10.6632,12.6222,-0.136789,0.0322773
0,0.25,11.4178,10.5173,-0.0773751,-0.124903
0,0.25,15.4829,14.4223,-0.0248397,0.596166
0,0.25,15.0065,11.5816,-0.132722,0.19087
0,0.25,11.5052,11.8599,0.0879232,-0.247545
0,0.25,12.1698,11.4843,0.192281,-0.267136
0,0.25,12.2276,11.2615,0.190011,-0.188963
0,0.25,10.8255,11.9447,-0.232388,0.0566771
0,0.25,10.5904,11.1969,-0.245179,-0.0036369
0,0.25,11.6153,11.1769,-0.0432159,-0.151872
0,0.25,15.0924,12.684,-0.258762,0.116507
0,0.25,11.8058,10.6807,-0.223167,-0.106194
0,0.25,15.2956,13.4737,-0.218298,0.601368
0,0.25,14.0478,11.9252,0.0521795,-0.103428
0,0.25,12.4517,10.3406,-0.120037,-0.234897
0,0.25,15.2456,9.81055,0.337394,0.0626208
0,0.25,12.0028,10.783,0.183029,-0.297461
0,0.25,11.1635,11.5042,-0.309953,0.0445578
0,0.25,1.7515,13.8832,0.167894,-0.433773
0,0.25,1.70687,15.6697,0.229975,-0.910707
0,0.25,2.28523,18.9943,-0.253196,-0.58268
0,0.25,2.40802,19.2239,-0.102544,-0.354329
0,0.25,2.73153,20.1091,0.0701704,0.413562
0,0.25,3.33675,20.4867,-0.290551,-0.39408
0,0.25,5.14024,20.8335,-0.0490089,-0.151844
0,0.25,5.19679,21.3781,-0.127482,-0.339105
0,0.25,5.01572,21.5298,-0.20874,-0.455348
0,0.25,7.56152,22.408,-0.527233,-0.448842
0,0.25,6.33585,22.6008,-0.297944,-0.00775678
0,0.25,7.2891,22.8077,0.0505402,0.00898787
0,0.25,10.334,22.2085,-0.683582,0.00198355
0,0.25,10.2508,22.0188,-0.0836924,-0.122428
0,0.25,9.9768,22.5134,-0.392181,-0.0924672
0,0.25,12.7487,20.2193,-0.421105,0.302486
0,0.25,9.6358,22.7885,-0.0822049,0.0325525
0,0.25,13.2202,20.3521,-0.208034,0.307736
0,0.25,14.7285,17.1275,-0.10385,0.514018
0,0.25,13.0868,20.7918,-0.169007,0.327578
0,0.25,11.6603,22.0929,-0.324486,0.109145
0,0.25,12.95,21.2481,-0.832606,0.606422
0,0.25,12.5147,21.5845,-0.567895,0.260948
0,0.25,15.0272,15.6058,-0.370769,0.549015
0,0.25,12.6744,12.9715,0.735813,-0.0394758
0,0.25,14.4942,18.9783,-0.050394,0.450564
0,0.25,15.3057,17.5212,-0.256447,0.765965
0,0.25,11.8765,12.0345,0.110394,-0.285194
0,0.25,11.652,13.1234,-0.0280792,-0.273458
0,0.25,11.9987,12.4649,0.228839,-0.370648
0,0.25,14.7643,18.94,-0.13137,0.44978
0,0.25,15.4216,16.955,-0.150727,0.820722
0,0.25,9.23992,13.0897,0.180713,0.0629527
0,0.25,15.4871,15.3151,-0.232623,0.444575
0,0.25,8.99465,13.0174,0.193178,0.082096
0,0.25,15.4781,15.9718,-0.287455,0.286166
0,0.25,14.6098,12.869,0.00557331,0.28737
0,0.25,11.0032,14.4155,-0.312334,-0.0107186
0,0.25,14.0415,12.2439,0.0715021,0.0852448
0,0.25,13.6003,12.1768,0.245535,0.0879566
0,0.25,14.852,13.2953,-0.00258247,0.378762
0,0.25,10.7116,12.1758,-0.223817,0.0930825
0,0.25,11.312,13.9773,-0.118419,-0.0703938
0,0.25,13.4195,11.11,0.0429071,-0.279088
0,0.25,11.632,11.6466,-0.0216928,-0.326128
0,0.25,14.6071,11.2257,-0.0735321,0.122179
0,0.25,10.3273,13.7725,0.0692617,-0.0814765
0,0.25,12.87,11.1854,0.212939,-0.191072
0,0.25,14.5552,11.5077,-0.025293,0.0704556
0,0.25,10.5078,13.5559,0.0740587,-0.12801
0,0.25,14.8721,12.5142,-0.195247,0.129522
0,0.25,15.0128,9.74958,0.309506,-0.0413459
0,0.25,14.8444,12.7732,-0.169056,0.274026
0,0.25,10.564,11.9659,-0.237451,0.0331172
0,0.25,10.4853,10.749,-0.123878,-0.152561
0,0.25,9.64536,11.1688,0.111538,-0.0132381
0,0.25,1.58347,13.0148,0.0157233,-0.353537
0,0.25,1.77933,14.2428,0.0276621,-0.620313
0,0.25,1.57718,17.0357,-0.00213126,-0.513976
0,0.25,2.66091,18.7548,-0.226193,-0.353098
0,0.25,3.36933,19.8576,-0.589564,-0.121853
0,0.25,4.56685,21.2715,-0.339271,-0.465104
0,0.25,3.51767,20.9798,0.347166,0.130946
0,0.25,4.77721,21.1298,-0.17602,-0.350168
0,0.25,5.44835,21.8093,-0.121034,-0.208589
0,0.25,6.68654,22.4533,-0.131603,0.0803999
0,0.25,6.57706,22.6613,-0.0820234,0.0025418
0,0.25,10.3284,21.505,-0.803738,0.00548353
0,0.25,9.55099,22.3719,-0.572594,0.0295693
0,0.25,11.395,21.4477,-0.568119,-0.0358857
0,0.25,10.064,21.8645,-0.132733,0.00610138
0,0.25,10.5099,22.3812,-0.619656,0.0287049
0,0.25,11.8345,21.7366,-0.376873,0.0578462
0,0.25,13.453,20.4081,-0.165108,0.345282
0,0.25,10.4156,22.6091,-0.449714,0.105542
0,0.25,12.083,21.8538,-0.262846,0.138501
0,0.25,14.5869,17.6591,-0.557533,0.616197
0,0.25,11.4396,22.2069,-0.387009,0.174269
0,0.25,15.155,17.3259,-0.318726,0.806886
0,0.25,14.6146,18.1199,-0.45528,0.595979
0,0.25,14.8774,18.086,-0.309618,0.438011
0,0.25,14.6993,14.0536,-0.218211,0.435319
0,0.25,12.3444,13.2795,0.292582,-0.304718
0,0.25,14.41,13.0085,0.0235925,0.350158
0,0.25,15.0029,15.3325,-0.298743,0.63493
0,0.25,13.1264,14.1203,0.545077,0.168931
0,0.25,14.8416,13.5895,-0.24968,0.436014
0,0.25,15.2304,14.5295,0.101097,0.574473
0,0.25,15.488,16.2013,-0.160372,0.39087
0,0.25,15.2197,14.9786,-0.259355,0.627835
0,0.25,9.83395,13.763,0.14038,0.0207471
0,0.25,9.36933,14.3425,0.169952,-0.164856
0,0.25,10.6711,13.3309,-0.0253158,-0.105534
0,0.25,15.5038,14.6468,-0.00361883,0.762853
0,0.25,11.3356,13.5486,0.03655,-0.149571
0,0.25,13.6106,11.4776,0.338429,-0.167608
0,0.25,14.2013,10.6112,0.146337,-0.129538
0,0.25,10.7294,11.7179,-0.280506,0.138602
0,0.25,10.1017,11.4968,-0.138905,0.120378
0,0.25,14.891,12.2338,-0.228801,0.0924783
0,0.25,10.7795,13.5566,0.0821081,-0.106015
0,0.25,15.5236,11.1708,-0.260391,-0.0308836
0,0.25,14.7232,10.6979,-0.0746315,-0.0170413
0,0.25,14.5563,10.283,0.334839,-0.14664
0,0.25,14.6208,9.82156,0.26774,-0.043369
0,0.25,14.5464,11.7819,0.0247564,-0.0139865
0,0.25,12.2964,10.5892,0.0341046,-0.220572
0,0.25,14.6385,12.5825,-0.116602,0.125136
0,0.25,15.5066,11.689,-0.174269,0.104691
0,0.25,14.8859,11.9455,-0.137353,0.26776
0,0.25,14.3595,11.0406,0.0567081,-0.0530043
0,0.25,8.68781,10.8306,0.140169,-0.0224337
0,0.25,1.65223,12.7398,0.0154254,-0.382354
0,0.25,1.75039,15.3921,0.173944,-0.951849
0,0.25,2.05014,18.5111,-0.424706,-0.669663
0,0.25,2.44201,19.7235,0.121099,0.202896
0,0.25,3.02605,20.4632,0.229866,0.331783
0,0.25,4.13432,20.9571,0.100917,-0.249216
0,0.25,5.58421,21.3628,-0.0683635,-0.106677
0,0.25,5.88889,22.0115,-0.233873,0.13755
0,0.25,6.34996,22.1377,-0.276124,0.136137
0,0.25,7.81637,22.4524,-0.474696,-0.343804
0,0.25,9.29173,22.3954,-0.390295,0.133167
0,0.25,9.00039,21.5461,-0.00918433,0.109978
0,0.25,9.71248,22.5637,-0.268456,0.00452766
0,0.25,9.03941,22.417,-0.211451,0.0990231
0,0.25,10.7401,21.7836,-0.339015,0.00998349
0,0.25,10.765,22.2882,-0.569214,0.12251
0,0.25,13.8348,19.3106,-0.353941,0.556618
0,0.25,13.9512,19.0896,-0.218649,0.674744
0,0.25,14.1441,18.6271,-0.244796,0.755551
0,0.25,14.3187,16.8349,-0.348553,0.495473
0,0.25,14.5559,16.7103,-0.363924,0.609696
0,0.25,14.3973,16.0413,-0.471784,0.687295
0,0.25,14.1936,14.3483,0.268697,0.70222
0,0.25,13.9815,13.3433,0.106491,0.080042
0,0.25,13.1626,12.4458,0.408475,-0.0476537
0,0.25,12.0824,12.8521,0.154251,-0.286481
0,0.25,15.2537,16.2946,-0.351429,0.321726
0,0.25,15.2448,14.7491,-0.228648,0.522671
0,0.25,11.5245,12.3,-0.0680964,-0.267645
0,0.25,13.2596,13.8934,0.616364,0.314633
0,0.25,12.4123,14.3358,0.340849,-0.124131
0,0.25,13.5515,11.727,0.322739,0.0472219
0,0.25,11.2297,14.8323,-0.0925939,-0.138607
0,0.25,11.5386,12.8933,-0.171418,-0.255437
0,0.25,15.4538,16.6908,-0.098834,0.532562
0,0.25,11.1817,13.7633,0.075863,-0.0697354
0,0.25,9.53563,11.5966,0.167,0.184237
0,0.25,8.75088,13.8765,-0.0618731,0.39305
0,0.25,8.9907,13.2646,0.120771,0.0805536
0,0.25,8.75081,12.6853,0.0560283,0.264144
0,0.25,11.0055,12.8836,-0.247878,-0.18852
0,0.25,10.4195,12.1922,-0.155474,0.103092
0,0.25,14.6766,12.3001,-0.12373,0.0940949
0,0.25,14.3189,11.5896,-0.00918385,0.095143
0,0.25,13.2101,10.43,0.0244701,-0.0330232
0,0.25,12.7802,10.7472,0.0312995,-0.196715
0,0.25,14.2705,10.3638,0.313972,-0.188007
0,0.25,15.2984,12.0492,-0.0292838,0.308457
0,0.25,11.5797,10.4785,-0.17618,-0.0656894
0,0.25,14.3204,11.8487,-0.0870943,0.0082724
0,0.25,13.3724,10.8916,0.105688,-0.26129
0,0.25,15.5246,10.8789,-0.174627,0.420533
0,0.25,9.46096,10.977,0.0604282,-0.144873
0,0.25,11.0901,10.9166,-0.163385,0.0862562
0,0.25,9.72836,10.7327,-0.212851,-0.285201
0,0.25,15.0042,10.5046,0.145413,-0.0808314
0,0.25,1.81936,12.9894,0.0389593,-0.420562
0,0.25,1.81644,13.451,0.149509,-0.410907
0,0.25,1.46315,16.2201,0.24071,-0.678032
0,0.25,3.10629,18.2011,-0.24243,-0.350903
0,0.25,3.72839,19.6501,-0.46156,-0.076938
0,0.25,3.94503,20.7828,0.166446,-0.0693706
0,0.25,5.15407,20.5925,0.016106,-0.0509586
0,0.25,5.23291,21.6693,-0.112606,-0.409593
0,0.25,6.11645,22.079,-0.305191,0.126481
0,0.25,6.44916,22.3981,-0.264261,0.0679755
0,0.25,7.66687,22.6446,-0.434876,-0.348738
0,0.25,9.24958,21.5404,-0.115315,0.247065
0,0.25,8.61064,21.3498,0.0826815,-0.0376602
0,0.25,10.2435,22.4511,-0.489906,-0.0636754
0,0.25,12.0871,21.1239,-0.361989,-0.147854
0,0.25,12.0646,21.3764,-0.757854,-0.0156447
0,0.25,11.4161,21.9648,-0.309926,0.0846358
0,0.25,12.9203,20.9869,-0.289342,0.381041
0,0.25,13.9419,19.5244,-0.48661,0.702598
0,0.25,14.3592,18.1552,-0.491134,0.695947
0,0.25,14.5324,16.9787,-0.106653,0.448628
0,0.25,14.9547,17.1588,-0.091796,0.472392
0,0.25,14.5116,18.3532,-0.343883,0.596082
0,0.25,14.9726,16.9193,-0.061686,0.407151
0,0.25,13.8116,13.5249,0.291312,0.264507
0,0.25,13.7602,20.422,-0.446829,0.662297
0,0.25,15.1998,17.0548,-0.133162,0.581858
0,0.25,11.3777,13.1183,-0.188305,-0.196563
0,0.25,14.9837,14.8057,-0.1809,0.601106
0,0.25,13.0359,14.5624,0.428306,0.138375
0,0.25,13.6525,11.2491,0.152659,-0.226652
0,0.25,12.8744,13.6759,0.562111,-0.0742234
0,0.25,15.0519,18.2695,-0.153318,0.306309
0,0.25,12.3684,11.8348,0.281935,-0.138122
0,0.25,10.4529,13.9696,0.0924671,-0.17602
0,0.25,10.5699,14.6269,-0.232173,0.127327
0,0.25,9.0145,13.4893,0.125254,0.0480217
0,0.25,9.74937,12.252,0.128193,0.0747402
0,0.25,10.2743,11.989,-0.0327783,-0.00420764
0,0.25,9.66373,15.0064,-0.058293,0.0981866
0,0.25,8.75365,12.2024,0.0581525,0.251909
0,0.25,8.75435,11.9653,0.183196,0.251145
0,0.25,11.0771,10.5538,-0.319879,0.188334
0,0.25,11.983,11.1602,0.073086,-0.386714
0,0.25,11.1994,10.6981,-0.127249,-0.150214
0,0.25,11.0197,11.7496,-0.23039,0.0786251
0,0.25,15.0928,11.0394,-0.264401,0.259047
0,0.25,15.5153,12.8139,-0.405586,0.303573
0,0.25,15.1014,12.138,-0.0870288,0.148052
0,0.25,15.5136,13.3588,-0.44004,0.578382
0,0.25,15.0702,11.8306,-0.0755845,0.244284
0,0.25,10.1908,10.9234,-0.0590235,-0.0251372
0,0.25,15.2975,11.2442,-0.00640173,0.496569
0,0.25,13.0255,10.1908,-0.118411,-0.00430971
0,0.25,15.508,11.4373,0.0669249,0.226137
0,0.25,13.2465,10.0697,-0.0657404,0.0438796
0,0.25,2.01074,12.3664,-0.0413442,-0.309746
0,0.25,1.90906,14.0508,0.257743,-0.519359
0,0.25,1.47049,15.2362,0.261382,-0.944749
0,0.25,1.60366,18.0112,0.0191363,0.0277897
0,0.25,2.78129,18.984,-0.160681,-0.417687
0,0.25,3.15836,20.2733,-0.553295,-0.439858
0,0.25,4.12265,21.219,0.0350059,-0.134006
0,0.25,5.58142,21.1002,-0.0914265,-0.151536
0,0.25,5.61538,21.6404,-0.108598,-0.0510041
0,0.25,6.82419,22.2516,-0.228731,0.0550164
0,0.25,5.53786,22.3245,-0.700098,-0.344904
0,0.25,8.06922,22.4815,-0.230532,-0.127503
0,0.25,10.5243,21.6571,-0.513277,-0.0133916
0,0.25,9.75633,21.2071,-0.5276,-0.0492078
0,0.25,11.0105,21.1525,-0.772727,0.0146797
0,0.25,12.3604,20.5763,-0.323385,0.108393
0,0.25,12.5622,20.407,-0.293104,0.206436
0,0.25,13.128,19.1853,-0.118566,0.468187
0,0.25,10.9962,22.1841,-0.401306,0.10116
0,0.25,13.5825,19.9604,-0.200415,0.553878
0,0.25,14.155,16.4498,-0.372809,0.437483
0,0.25,13.5836,17.8111,-0.27476,0.650946
0,0.25,14.5956,15.3384,-0.366635,0.757824
0,0.25,14.1963,13.225,-0.00554707,0.110359
0,0.25,13.2978,20.8999,-0.5323,0.656305
0,0.25,14.9762,17.8492,-0.488824,0.505507
0,0.25,14.4295,12.691,0.0301929,0.252201
0,0.25,15.2347,15.4624,-0.230863,0.552914
0,0.25,14.2232,19.8701,-0.368714,0.450928
0,0.25,13.8866,11.4108,0.241837,-0.167018
0,0.25,14.8641,18.7168,-0.130195,0.364653
0,0.25,10.928,12.6511,-0.170979,-0.092611
0,0.25,11.4017,14.6148,-0.166796,-0.211112
0,0.25,11.56,14.392,-0.0958536,-0.179726
0,0.25,14.9601,18.4949,-0.132028,0.31313
0,0.25,11.8467,14.3651,0.0743882,-0.249998
0,0.25,9.28544,11.9262,0.144107,0.171929
0,0.25,14.2367,12.1006,0.0162721,-0.0174637
0,0.25,15.4951,14.8812,-0.240265,0.750651
0,0.25,11.6151,12.0816,0.036789,-0.35097
0,0.25,10.1268,10.6781,-0.178259,0.0114959
0,0.25,9.293,10.7945,0.143375,-0.271577
0,0.25,8.74915,12.4428,0.116753,0.20418
0,0.25,9.8021,10.9928,-0.0738171,-0.115575
0,0.25,9.01536,12.0669,0.187904,0.292362
0,0.25,9.00877,11.8356,0.120994,0.244995
0,0.25,9.86895,13.0619,0.201023,0.00946628
0,0.25,12.9887,10.532,0.0812038,-0.0445383
0,0.25,10.8449,10.5911,-0.101366,-0.181048
0,0.25,10.3323,10.6408,-0.328417,0.181208
0,0.25,14.854,10.9345,-0.0433488,-0.1091
0,0.25,15.1008,12.4268,-0.235785,0.0648359
0,0.25,15.0151,10.751,0.0909318,0.00183669
0,0.25,11.6609,11.3979,0.017289,-0.171513
0,0.25,15.4916,9.89979,0.0789956,-0.0427428
0,0.25,12.031,10.4364,-0.054965,-0.0206593
0,0.25,1.84677,12.5617,-0.140013,-0.537
0,0.25,1.68242,13.2586,0.0077842,-0.348624
0,0.25,1.79774,14.4852,0.0707265,-0.624154
0,0.25,1.72052,16.8384,0.00382309,-0.584415
0,0.25,1.94148,18.2685,-0.293182,-0.453224
0,0.25,2.82598,19.8642,-0.419738,-0.161935
0,0.25,4.3402,21.123,-0.0232525,-0.49414
0,0.25,4.15931,19.859,-0.552487,-0.34084
0,0.25,5.40438,21.5159,-0.0577143,-0.257386
0,0.25,5.73116,22.1971,-0.530984,-0.0744034
0,0.25,7.45999,22.1613,-0.408855,-0.383228
0,0.25,7.78277,22.8751,-0.391469,-0.191054
0,0.25,8.76271,21.9967,-0.424638,-0.045061
0,0.25,10.5669,22.1274,-0.461906,0.112163
0,0.25,9.45507,22.6017,-0.141125,0.134575
0,0.25,9.12542,22.8574,-0.27301,0.135037
0,0.25,12.521,21.3412,-0.817815,0.158879
0,0.25,13.3104,19.6276,-0.64673,0.775281
0,0.25,11.356,20.5366,-0.138906,0.239776
0,0.25,13.8243,17.7679,-0.223434,0.314338
0,0.25,14.0937,19.286,-0.349252,0.789417
0,0.25,14.5923,15.6166,-0.518503,0.665439
0,0.25,13.2397,18.5405,-0.350718,0.645468
0,0.25,14.6857,18.5369,-0.155701,0.384927
0,0.25,15.0774,17.597,-0.551913,0.69735
0,0.25,15.0261,14.3441,-0.271309,0.674249
0,0.25,14.2125,12.6718,0.115993,0.0523374
0,0.25,13.3455,11.6023,0.388477,-0.122889
0,0.25,13.3846,12.3173,0.293147,0.0541415
0,0.25,11.8044,12.2867,0.0871172,-0.248008
0,0.25,13.5627,14.5976,0.454943,0.166417
0,0.25,12.0413,13.7274,0.135903,-0.222522
0,0.25,12.1228,11.9555,0.149763,-0.26624
0,0.25,13.4578,15.0274,0.385274,0.0463429
0,0.25,15.3721,17.2375,-0.271446,0.894705
0,0.25,10.0793,13.8385,0.0479978,-0.0496917
0,0.25,15.4685,16.4419,-0.217165,0.390374
0,0.25,9.83315,11.5541,0.102027,0.071319
0,0.25,9.54696,14.7842,0.0374958,0.0338298
0,0.25,9.41217,15.0098,-0.00846225,-0.077711
0,0.25,13.3705,11.3476,0.347151,-0.163044
0,0.25,8.82157,14.5525,0.309955,0.490314
0,0.25,13.924,10.7111,0.10575,-0.14449
0,0.25,10.6138,13.7773,0.115495,-0.290886
0,0.25,13.6714,10.9894,0.0273258,-0.103775
0,0.25,10.9731,12.2042,-0.162789,-0.123025
0,0.25,15.0702,12.9347,-0.0675476,0.230534
0,0.25,9.9417,11.3123,-0.141701,0.0225225
0,0.25,15.4523,9.66359,0.271646,0.177969
0,0.25,14.819,10.23,0.172657,-0.0419842
0,0.25,15.0629,11.3324,-0.0745252,0.194375
0,0.25,11.0698,11.2791,-0.265128,-0.0202259
0,0.25,15.5265,12.5163,0.144151,0.581773
0,0.25,14.7552,10.4792,0.107519,-0.0121274
0,0.25,11.8433,10.4594,-0.164866,0.00491609
0,0.25,15.3266,12.6399,-0.275865,0.142428
0,0.25,2.25859,12.7931,0.0330072,-0.400296
0,0.25,1.94511,12.7814,-0.127208,-0.480309
0,0.25,1.9605,13.6739,0.19757,-0.392835
0,0.25,1.88258,15.7993,0.136969,-0.794178
0,0.25,1.87617,17.3336,0.0449517,-0.440797
0,0.25,2.91186,19.2121,-0.162146,-0.464428
0,0.25,3.64371,19.1855,-0.385896,-0.329006
0,0.25,4.91153,20.7013,-0.0725841,-0.209965
0,0.25,4.72377,20.3199,-0.0653405,-0.396424
0,0.25,6.03252,21.5677,-0.341917,0.11195
0,0.25,6.21223,22.344,-0.347991,0.103023
0,0.25,7.16805,22.558,-0.0733948,-0.0281373
0,0.25,7.53182,22.8444,-0.122144,-0.11143
0,0.25,9.64654,21.7319,-0.140631,0.164567
0,0.25,9.2052,22.6275,-0.136943,0.187262
0,0.25,11.6233,21.3339,-0.61522,-0.0605265
0,0.25,12.452,20.8156,-0.0641935,-0.0022263
0,0.25,12.9386,20.0286,-0.519474,0.441063
0,0.25,12.7914,19.5619,-0.499671,0.521698
0,0.25,13.7703,18.9455,-0.23891,0.705806
0,0.25,14.2171,17.9581,-0.445054,0.518605
0,0.25,14.7201,17.8821,-0.55575,0.615841
0,0.25,14.3904,15.7631,-0.522679,0.753095
0,0.25,14.8148,16.2881,-0.633281,0.486599
0,0.25,14.545,14.7304,-0.094279,0.748401
0,0.25,13.9588,16.2778,-0.253171,0.594878
0,0.25,14.369,14.8909,-0.0702945,0.916604
0,0.25,14.9781,15.0616,-0.413844,0.575907
0,0.25,6.36911,21.2013,0.370523,0.0932749
0,0.25,12.6099,13.6831,0.473878,-0.167196
0,0.25,14.2086,12.9354,0.186231,-0.0612415
0,0.25,12.1352,14.3409,0.26409,-0.227426
0,0.25,15.2208,15.2152,-0.365053,0.528169
0,0.25,11.5912,13.9634,-0.0710385,-0.109904
0,0.25,12.0044,14.1453,0.168816,-0.202739
0,0.25,11.1612,14.1954,-0.244395,-0.0681868
0,0.25,10.15,14.3553,0.124219,-0.00200668
0,0.25,9.25623,12.6422,0.229736,0.155348
0,0.25,12.7958,11.9288,0.31958,-0.266696
0,0.25,9.04699,11.6093,0.222653,0.198038
0,0.25,9.81987,14.7768,0.0602951,0.201994
0,0.25,6.02024,19.6657,-0.394358,0.167763
0,0.25,11.3955,11.563,-0.203728,-0.0693823
0,0.25,14.4316,10.1056,0.317542,-0.199694
0,0.25,9.31752,11.4523,0.112145,0.0440957
0,0.25,13.1394,11.2482,0.401549,-0.220584
0,0.25,15.2496,10.4392,0.161109,0.0167618
0,0.25,13.9876,10.9327,0.0729404,-0.205137
0,0.25,11.3603,10.9186,-0.339839,-0.020373
0,0.25,11.8719,10.991,0.00946223,-0.292946
0,0.25,12.2658,11.0438,0.158702,-0.234368
0,0.25,15.4939,10.1593,0.213715,-0.0188229
0,0.25,10.8502,10.8663,-0.0673313,-0.104455
0,0.25,15.5195,11.9609,0.131678,0.27409
0,0.25,15.3051,12.9228,-0.0909799,0.482728
0,0.25,15.5109,12.2286,-0.234899,0.292238
0,0.25,2.1414,12.5745,-0.122337,-0.310542
0,0.25,1.93978,13.209,0.0439192,-0.385863
0,0.25,1.70095,15.1273,0.215395,-1.03535
0,0.25,1.82753,16.4083,0.0422307,-0.66828
0,0.25,2.40776,18.7601,-0.303517,-0.346105
0,0.25,2.78646,19.4279,-0.158321,-0.331378
0,0.25,3.7582,20.6101,0.0921725,-0.0222185
0,0.25,4.69091,20.5734,-0.014554,-0.546249
0,0.25,4.81693,21.6582,-0.361201,-0.561157
0,0.25,5.83328,21.7385,-0.198054,0.0830839
0,0.25,6.28835,21.8836,-0.230893,0.168853
0,0.25,6.88529,21.3663,-0.112925,0.00175281
0,0.25,8.55202,22.4721,0.07329,0.297564
0,0.25,9.39091,21.7581,-0.118966,0.273905
0,0.25,7.06933,21.1991,0.0279611,0.0169478
0,0.25,10.3073,21.7812,-0.301102,-0.134367
0,0.25,10.7818,22.0263,-0.33522,0.110728
0,0.25,12.3055,21.2393,-0.611787,-0.00512633
0,0.25,12.6225,20.6468,-0.100786,0.100268
0,0.25,13.65,19.1855,-0.434306,0.742259
0,0.25,13.4081,20.1618,-0.19648,0.372581
0,0.25,13.9817,19.8179,-0.319591,0.470696
0,0.25,13.7168,18.0212,-0.250268,0.366504
0,0.25,14.4961,17.2314,-0.135475,0.390335
0,0.25,11.1382,20.6266,-0.249471,-0.144576
0,0.25,14.3873,16.3105,-0.482205,0.665249
0,0.25,14.8332,16.0178,-0.642031,0.397307
0,0.25,13.7652,17.3139,-0.205196,0.644821
0,0.25,13.993,13.0659,0.205339,0.0543844
0,0.25,14.2571,13.4902,0.0137266,0.0660009
0,0.25,13.9785,15.7371,-0.249304,0.562158
0,0.25,14.9279,14.1265,-0.303644,0.627003
0,0.25,12.357,12.8119,0.394382,-0.213375
0,0.25,11.8818,12.6818,0.115226,-0.287363
0,0.25,12.3259,13.7074,0.303415,-0.251348
0,0.25,11.7514,13.7432,0.00184715,-0.142062
0,0.25,12.1174,11.7278,0.226259,-0.246645
0,0.25,9.56355,13.8684,0.251459,-0.0844112
0,0.25,11.3754,12.4966,-0.13058,-0.216066
0,0.25,9.94996,14.1477,0.210369,-0.133568
0,0.25,9.00261,12.3091,0.0404185,0.307593
0,0.25,9.52284,12.7526,0.32954,0.139876
0,0.25,9.95737,10.7453,-0.177471,0.0373752
0,0.25,8.80112,11.0444,0.193799,-0.051587
0,0.25,13.6812,10.7843,0.153299,-0.0209182
0,0.25,14.7944,11.4414,-0.0905968,0.0536363
0,0.25,15.3441,9.52424,0.307539,0.345057
0,0.25,11.8013,11.8291,0.214007,-0.416124
0,0.25,15.0672,10.253,0.17303,0.0519321
0,0.25,8.9409,10.8333,0.114441,-0.366294
0,0.25,10.2307,11.2454,-0.234697,0.072856
0,0.25,10.7747,11.3292,-0.333043,-0.0758633
0,0.25,15.3014,13.2044,0.0399748,0.402801
0,0.25,14.4454,9.84933,0.148102,-0.0444169
0,0.25,12.5434,10.6629,0.0782603,-0.243739
0,0.25,8.79162,11.5025,0.239538,0.136341
0,0.25,2.31488,12.3961,-0.0337657,-0.22823
0,0.25,2.10899,12.9735,-0.0336142,-0.526584
0,0.25,2.1537,14.1486,0.283858,-0.513683
0,0.25,1.95415,15.5195,0.204902,-0.834544
0,0.25,1.46496,17.532,0.0258435,-0.0543671
0,0.25,2.92233,18.7659,-0.186113,-0.400686
0,0.25,3.08859,19.8506,-0.475555,-0.257277
0,0.25,3.72032,20.8746,0.218052,-0.0719053
0,0.25,4.47693,20.4275,-0.0539596,-0.646244
0,0.25,5.14481,21.0833,-0.110026,-0.276638
0,0.25,5.6132,20.8648,0.167865,-0.0186287
0,0.25,6.75508,21.9967,-0.312,-0.0485453
0,0.25,6.58645,22.1937,-0.216505,0.069413
0,0.25,7.69918,22.2064,-0.23914,-0.188339
0,0.25,8.35515,21.3571,-0.000767599,0.0249077
0,0.25,9.81528,22.3336,-0.633871,-0.0257697
0,0.25,11.2012,21.2979,-0.767693,0.00330375
0,0.25,11.858,21.2342,-0.486225,-0.106309
0,0.25,11.3298,20.7897,-0.655644,0.159321
0,0.25,11.8261,21.4867,-0.598617,-0.0360072
0,0.25,13.3946,19.2003,-0.252173,0.539863
0,0.25,13.5219,18.9749,-0.105728,0.451107
0,0.25,13.4901,18.5188,-0.18693,0.436063
0,0.25,11.7437,20.3471,-0.324062,0.816339
0,0.25,14.3302,17.7146,-0.402534,0.470715
0,0.25,14.2317,17.3009,-0.121343,0.309286
0,0.25,15.014,16.4221,-0.448444,0.393258
0,0.25,14.9871,16.6743,-0.286931,0.391828
0,0.25,13.6813,17.5608,-0.294888,0.611298
0,0.25,13.5356,13.0148,0.267319,0.0494382
0,0.25,12.9186,12.54,0.34259,-0.244284
0,0.25,15.2323,16.5522,-0.278668,0.372536
0,0.25,12.7692,12.1974,0.507578,-0.29039
0,0.25,12.1872,13.0652,0.343417,-0.315583
0,0.25,12.1653,13.9279,0.259174,-0.208581
0,0.25,13.2209,14.3525,0.459878,0.23703
0,0.25,12.1622,15.0118,0.0188786,0.0171647
0,0.25,10.7775,15.0336,-0.0780723,0.0448986
0,0.25,12.5891,14.7777,0.227515,0.022262
0,0.25,10.8379,14.6304,-0.331894,0.0973765
0,0.25,13.8353,11.6429,0.0448484,-0.122298
0,0.25,8.99279,13.719,-0.00419533,0.177622
0,0.25,10.8978,13.7712,0.0916222,-0.148579
0,0.25,8.97184,14.1454,0.093598,0.133073
0,0.25,12.2072,10.8312,0.0938171,-0.249973
0,0.25,14.7433,10.0273,0.149931,-0.125567
0,0.25,12.2117,10.3968,-0.111958,-0.303008
0,0.25,10.009,11.0925,-0.0337365,-0.0169932
0,0.25,13.3747,10.2784,0.00145429,0.0649443
0,0.25,12.7413,10.4932,0.0733814,-0.182603
0,0.25,10.6298,10.9542,-0.191152,-0.100191
0,0.25,11.3924,11.3156,-0.12156,-0.0358933
0,0.25,10.3979,11.3959,-0.207238,0.0927027
0,0.25,10.3871,11.0468,-0.0784378,0.0127896
0,0.25,15.2804,10.1269,0.15743,-0.233355
0,0.25,10.5823,11.5254,-0.181809,-0.0986274
0,0.25,2.56797,12.8904,0.116988,-0.288473
0,0.25,2.09772,13.436,0.0942429,-0.486379
0,0.25,1.86099,14.6912,0.206841,-0.719254
0,0.25,1.70705,16.2265,0.223338,-0.6533
0,0.25,2.098,18.0587,-0.012416,-0.583573
0,0.25,2.29657,18.5319,-0.319793,-0.470877
0,0.25,2.93041,19.6407,-0.301843,-0.379583
0,0.25,3.62044,19.8596,-0.518695,-0.158939
0,0.25,3.2551,18.9355,-0.25797,-0.565127
0,0.25,4.53163,20.1792,-0.200983,-0.61005
0,0.25,5.36728,21.2267,-0.0762385,-0.190735
0,0.25,5.79474,21.2156,-0.1518,-0.168044
0,0.25,6.98747,22.0543,-0.39767,-0.140214
0,0.25,6.94994,21.6083,-0.650543,-0.153021
0,0.25,8.64856,22.2316,-0.182825,0.0969289
0,0.25,9.54665,21.9583,-0.253751,0.131076
0,0.25,10.5141,21.9103,-0.143389,0.023515
0,0.25,7.66686,21.5064,0.0560167,0.134537
0,0.25,11.4466,21.1888,-0.895437,0.047629
0,0.25,10.1372,21.3301,-0.718029,-0.088768
0,0.25,12.5058,21.0808,-0.381324,0.0531268
0,0.25,13.4949,19.4134,-0.655526,0.784437
0,0.25,12.6861,19.9824,-0.760033,0.508457
0,0.25,10.6645,20.8576,-0.355435,0.0975268
0,0.25,6.09455,20.8802,-0.0905164,0.0279538
0,0.25,12.7142,19.314,-0.244283,0.421358
0,0.25,13.123,18.7559,-0.301971,0.623205
0,0.25,14.1602,17.5272,-0.223171,0.303443
0,0.25,14.6091,15.891,-0.569415,0.511038
0,0.25,13.5435,12.7552,0.315596,0.0743193
0,0.25,15.2179,16.7997,-0.0415525,0.406633
0,0.25,14.4435,13.9971,-0.147176,0.355848
0,0.25,12.5955,12.7243,0.637686,0.0100838
0,0.25,12.7091,12.4583,0.387637,-0.167527
0,0.25,14.0207,14.4934,0.250878,0.48905
0,0.25,13.1859,15.0186,0.388553,0.058776
0,0.25,15.1393,18.036,-0.209565,0.341141
0,0.25,12.0694,14.7832,0.0312404,-0.11953
0,0.25,10.6079,14.1903,-0.0195999,-0.155969
0,0.25,10.0151,14.5745,0.12708,0.0612709
0,0.25,14.0764,11.7014,-0.0128001,-0.103163
0,0.25,13.126,11.5179,0.460224,-0.200882
0,0.25,9.53449,13.4163,0.153182,-0.0189006
0,0.25,9.7981,13.9959,0.113249,0.0158701
0,0.25,8.72538,14.358,0.00785891,0.549035
0,0.25,8.74401,13.1614,0.10801,0.0737268
0,0.25,9.00538,11.1698,0.284212,-0.0732609
0,0.25,10.393,12.5818,-0.0592014,-0.0215891
0,0.25,10.9119,11.1108,-0.239941,-0.0245138
0,0.25,14.1427,10.1561,0.317652,-0.0973655
0,0.25,15.2868,11.7657,-0.0202521,0.441792
0,0.25,14.4685,10.5232,0.178484,-0.108953
0,0.25,12.921,10.2593,-0.16744,-0.0815111
0,0.25,14.6682,12.0151,-0.281336,-0.0464329
0,0.25,15.3131,12.3482,-0.0127881,0.432228
0,0.25,9.21216,11.071,0.171901,-0.119799
0,0.25,2.45496,12.6521,0.0162768,-0.294408
0,0.25,2.19797,13.2099,-0.0426914,-0.540424
0,0.25,2.07569,13.852,0.366917,-0.446863
0,0.25,1.93653,15.233,0.242932,-0.905089
0,0.25,1.67225,15.9505,0.125704,-0.735168
0,0.25,1.82154,17.0836,0.0313361,-0.528319
0,0.25,1.63457,17.2872,0.0138013,-0.440306
0,0.25,2.81534,18.5409,-0.303931,-0.442344
0,0.25,3.05223,19.4348,-0.22515,-0.327443
0,0.25,3.20406,19.6472,-0.420941,-0.11233
0,0.25,3.41336,20.2508,-0.265191,0.0776679
0,0.25,4.56695,21.0117,-0.0450957,-0.477889
0,0.25,4.14667,19.4847,-0.373295,-0.0637468
0,0.25,6.26961,21.6429,-0.545753,-0.0129256
0,0.25,7.22199,22.1084,-0.435138,-0.365849
0,0.25,7.20579,21.6662,-0.5484,-0.194453
0,0.25,8.89603,22.2088,-0.347739,0.0192396
0,0.25,9.93233,21.4175,-0.711956,-0.0759385
0,0.25,10.0797,22.2763,-0.709699,-0.0666818
0,0.25,9.48872,21.5236,-0.332047,0.23137
0,0.25,11.5025,20.9433,-0.727392,0.0730674
0,0.25,11.5663,20.6627,-0.481834,0.340728
0,0.25,10.1879,21.0577,-0.305206,0.0753277
0,0.25,12.9869,20.2788,-0.241415,0.275115
0,0.25,12.6117,19.7477,-0.732537,0.536525
0,0.25,11.5266,20.3887,-0.555326,-0.0902097
0,0.25,11.8383,20.1567,-1.10744,0.261438
0,0.25,14.2476,18.3924,-0.371131,0.719145
0,0.25,14.3558,16.5769,-0.46625,0.625498
0,0.25,13.9825,12.7839,0.229661,0.133473
0,0.25,14.186,15.3316,-0.376694,0.735846
0,0.25,13.619,13.7097,0.410863,0.286424
0,0.25,14.0614,13.5989,0.201972,0.168236
0,0.25,13.0243,12.0207,0.415846,-0.263868
0,0.25,11.7983,12.8908,-0.0457993,-0.338688
0,0.25,13.8627,14.6667,0.343252,0.370623
0,0.25,13.3768,14.814,0.477429,0.133432
0,0.25,12.332,14.7811,0.0991078,-0.0448562
0,0.25,12.6924,14.3209,0.458728,0.0173495
0,0.25,9.74218,13.2591,0.118918,0.0496214
0,0.25,11.3689,15.0275,-0.0388983,-0.101396
0,0.25,10.4611,15.0285,-0.0642136,0.0498291
0,0.25,9.48644,13.1724,0.138759,0.115361
0,0.25,9.05761,13.9278,0.282341,0.120023
0,0.25,9.17667,14.9926,0.0120642,0.224661
0,0.25,8.72818,14.7604,0.0841068,0.451633
0,0.25,12.5921,10.3052,-0.12749,-0.0831435
0,0.25,10.7052,10.6217,-0.000519573,0.145116
0,0.25,9.60504,11.8022,0.128952,0.282407
0,0.25,11.6273,10.968,-0.0718035,-0.0998991
0,0.25,14.0266,9.89484,0.0955802,-0.033198
0,0.25,13.641,9.96916,-0.00828294,0.160701
0,0.25,12.5472,11.113,0.258951,-0.235583
0,0.25,11.5346,10.7391,-0.191557,-0.116559
0,0.25,8.73394,11.2928,0.0942241,0.107158
0,0.25,15.259,11.5084,-0.178715,0.292164
0,0.25,2.40459,13.0341,0.0113975,-0.472443
0,0.25,2.24552,13.5842,0.169002,-0.522392
0,0.25,2.03021,14.3426,0.0579376,-0.60247
0,0.25,1.70137,14.8691,0.00422515,-1.01755
0,0.25,2.12434,15.665,0.221621,-0.780441
0,0.25,2.08359,16.4634,0.0267783,-0.674526
0,0.25,1.88387,16.6334,0.095372,-0.625291
0,0.25,2.19063,18.2989,-0.216902,-0.558597
0,0.25,1.94151,17.5764,0.092293,-0.435251
0,0.25,2.45368,18.3115,-0.325305,-0.370058
0,0.25,3.54972,20.0801,-0.64557,-0.188027
0,0.25,3.80555,19.4341,-0.668464,-0.221632
0,0.25,4.3676,20.8659,-0.0198774,-0.570812
0,0.25,5.38417,20.7293,0.0811748,-0.0289023
0,0.25,6.52172,21.9407,-0.281685,0.0800849
0,0.25,8.3132,22.4879,0.0297745,0.154605
0,0.25,9.15394,22.191,-0.442819,0.0207313
0,0.25,10.1216,21.6082,-0.680238,-0.0543179
0,0.25,8.17143,22.253,0.074141,0.18304
0,0.25,10.7381,21.5265,-0.521563,0.0923842
0,0.25,9.13524,21.766,-0.228278,0.113349
0,0.25,8.86585,21.3338,0.0921879,-0.00128031
0,0.25,12.8547,20.7289,-0.12945,0.331776
0,0.25,10.541,21.3843,-0.740296,0.200133
0,0.25,12.8703,19.7955,-0.774648,0.562501
0,0.25,10.8354,21.0024,-0.661689,0.145644
0,0.25,10.9088,20.7443,-0.318513,0.0410712
0,0.25,12.0338,20.0282,-0.69548,0.464558
0,0.25,14.0993,18.2025,-0.392645,0.590449
0,0.25,14.5903,16.4325,-0.527657,0.637474
0,0.25,14.4723,17.91,-0.568649,0.66216
0,0.25,13.7758,13.1622,0.273905,-0.0508309
0,0.25,14.5447,14.253,-0.140663,0.411639
0,0.25,12.8515,13.1432,0.734928,0.127451
0,0.25,13.5754,12.4684,0.263022,0.112997
0,0.25,13.3894,14.1299,0.52124,0.304412
0,0.25,12.2127,13.5042,0.177445,-0.228657
0,0.25,11.2077,12.6738,-0.215357,-0.252181
0,0.25,13.7369,15.0182,0.287901,0.0716773
0,0.25,14.2477,12.3999,0.00669603,0.0303065
0,0.25,12.847,14.7846,0.292638,0.0540588
0,0.25,11.5219,14.8114,-0.042973,-0.209666
0,0.25,10.3518,14.807,-0.0865846,0.139507
0,0.25,10.2701,14.5876,0.0256457,0.0773844
0,0.25,9.22564,14.1826,0.061944,0.02721
0,0.25,9.28077,14.7612,0.213697,-0.0670219
0,0.25,10.2545,11.6471,-0.177512,0.00247734
0,0.25,9.88208,14.3643,0.338457,-0.125936
0,0.25,8.74531,13.4041,0.000373017,0.0644439
0,0.25,8.96354,14.9577,0.14122,0.0422315
0,0.25,8.74794,13.6419,0.147603,0.0437016
0,0.25,9.06278,11.3818,0.171111,0.0600372
0,0.25,9.88981,11.7624,0.0426546,0.0289678
0,0.25,9.01306,14.718,0.392874,0.270953
0,0.25,9.173,14.5355,0.473731,-0.0530765
0,0.25,9.7179,14.5683,0.397368,0.0736423
0,0.25,2.45737,12.3935,-0.041494,-0.27435
0,0.25,2.42684,13.2971,-0.0170395,-0.536618
0,0.25,2.52659,13.4909,0.154086,-0.651108
0,0.25,2.29604,13.9439,0.388692,-0.561794
0,0.25,2.30673,14.3886,0.20462,-0.563514
0,0.25,1.93062,14.9658,0.117373,-0.873458
0,0.25,1.89453,16.0749,0.194512,-0.754962
0,0.25,1.97963,16.8782,0.0448907,-0.598212
0,0.25,2.0649,17.1371,-0.0405804,-0.655524
0,0.25,2.12916,17.382,0.0530881,-0.608569
0,0.25,2.35319,18.0893,-0.11984,-0.591527
0,0.25,2.988,17.9406,-0.162169,-0.36837
0,0.25,3.31371,19.4225,-0.249021,-0.0633993
0,0.25,4.00855,19.3199,-0.245806,0.127469
0,0.25,4.34418,20.0277,-0.403501,-0.487834
0,0.25,5.80401,21.4759,-0.183603,0.00840327
0,0.25,7.03354,21.8387,-0.814312,-0.309514
0,0.25,9.01742,21.9843,-0.412431,0.0246604
0,0.25,8.48124,21.5638,0.0373494,-0.0565667
0,0.25,9.28081,21.9766,-0.393493,0.0613062
0,0.25,7.84221,21.3271,0.0289401,0.0685461
0,0.25,10.7712,21.2658,-0.716333,0.236453
0,0.25,9.89225,21.6803,-0.383444,0.0281939
0,0.25,8.51522,22.0138,-0.311512,0.0216733
0,0.25,7.68957,21.7349,-0.350015,0.11808
0,0.25,11.3952,21.7053,-0.372033,-0.00251943
0,0.25,11.6065,21.5942,-0.463199,-0.0486315
0,0.25,13.1716,20.0953,-0.235905,0.376602
0,0.25,13.2343,19.4081,-0.491962,0.643696
0,0.25,13.6049,18.273,-0.214914,0.417627
0,0.25,13.3789,18.7561,-0.125628,0.41142
0,0.25,13.4752,18.0627,-0.341989,0.660641
0,0.25,14.7839,15.1885,-0.306178,0.697386
0,0.25,14.1924,15.0457,0.00736238,0.824893
0,0.25,12.4563,12.5308,0.44174,0.10186
0,0.25,11.7297,20.8256,-0.409265,0.281526
0,0.25,13.0193,13.8762,0.619507,0.0202518
0,0.25,12.9543,14.3316,0.48809,0.0960641
0,0.25,11.0755,12.4469,-0.177389,-0.188382
0,0.25,12.328,12.1085,0.254947,-0.0958178
0,0.25,12.4561,13.9041,0.476548,-0.167622
0,0.25,10.3406,14.2061,0.128637,-0.0840271
0,0.25,11.1167,14.6285,-0.284773,-0.0617251
0,0.25,11.0772,15.0299,-0.0536333,-0.101018
0,0.25,10.1703,14.0391,0.221202,-0.0429029
0,0.25,11.7177,14.1661,-0.0186091,-0.179731
0,0.25,10.6307,14.8486,-0.0924825,0.0919356
0,0.25,10.1874,15.0225,-0.0718782,0.0950648
0,0.25,9.01569,14.3775,0.0012298,0.313576
0,0.25,9.5758,14.1259,0.243687,0.176322
0,0.25,9.27127,13.7655,0.110882,0.0460114
0,0.25,9.45357,14.5598,0.436375,-0.0825152
0,0.25,8.74698,15.0122,-0.020907,0.475491
0,0.25,12.4864,10.8737,0.0103134,-0.220982
0,0.25,9.11009,10.793,-0.0653027,-0.518157
0,0.25,9.34519,13.9896,0.387325,0.0841619
0,0.25,2.79732,12.9914,0.0959962,-0.224854
0,0.25,2.65563,13.1941,0.0534146,-0.349276
0,0.25,2.68161,13.7058,0.285417,-0.636867
0,0.25,2.41313,13.7313,0.24171,-0.610845
0,0.25,2.43422,14.1684,0.302105,-0.478735
0,0.25,2.10462,14.5774,0.360171,-0.74154
0,0.25,2.17132,15.3585,0.127379,-0.778408
0,0.25,2.06619,16.2263,0.159027,-0.713103
0,0.25,2.23343,16.9707,0.069322,-0.696935
0,0.25,2.31971,17.2462,0.0351021,-0.831715
0,0.25,2.01393,17.8182,0.036852,-0.475773
0,0.25,2.79297,17.4279,0.108005,-0.472724
0,0.25,2.55757,16.3963,-0.0256629,-0.539465
0,0.25,3.2288,18.461,-0.0589881,-0.430025
0,0.25,3.58057,20.4348,-0.0527898,0.122527
0,0.25,3.75461,18.9411,0.128271,0.213674
0,0.25,6.05795,21.8171,-0.220478,0.170574
0,0.25,7.55235,21.9493,-0.410046,-0.115507
0,0.25,7.41461,22.6019,-0.216448,-0.209297
0,0.25,7.29885,21.8995,-0.663071,-0.352477
0,0.25,3.89226,19.8722,-0.470193,0.0167555
0,0.25,9.42274,22.1762,-0.509725,0.0268471
0,0.25,3.36083,18.7078,-0.118914,-0.368633
0,0.25,6.45969,21.4605,-0.7271,-0.198796
0,0.25,7.94114,21.5383,0.0626998,0.116862
0,0.25,11.2538,21.0462,-0.84078,-0.00759563
0,0.25,9.11043,21.3174,-0.0435556,0.0678497
0,0.25,10.4219,20.9645,-0.322663,0.0814721
0,0.25,10.6849,22.5238,-0.555347,0.177452
0,0.25,13.6298,18.7372,-0.0785478,0.428605
0,0.25,12.3067,20.356,-0.578046,0.399362
0,0.25,14.6123,16.1588,-0.58639,0.552842
0,0.25,14.8152,15.7525,-0.468475,0.44436
0,0.25,14.3242,13.7781,-0.0505422,0.208072
0,0.25,13.83,17.063,-0.23129,0.731366
0,0.25,13.4192,13.2105,0.570055,0.212042
0,0.25,14.2799,14.1527,0.0639558,0.551553
0,0.25,12.2646,12.3731,0.447874,-0.208804
0,0.25,13.5194,13.9081,0.597508,0.342151
0,0.25,12.8669,14.0983,0.533822,-0.03317
0,0.25,13.9004,14.2488,0.416999,0.373836
0,0.25,13.1048,14.7976,0.415404,0.0859558
0,0.25,11.9214,13.5277,0.116575,-0.219355
0,0.25,12.9207,15.0185,0.330193,-0.0347561
0,0.25,10.8886,14.1943,-0.213737,-0.0460478
0,0.25,12.7746,14.5511,0.385575,0.0403349
0,0.25,13.0821,13.5799,0.7181,0.274182
0,0.25,11.6457,15.0172,-0.00216692,-0.0629429
0,0.25,10.0781,14.8108,0.00883424,0.0485155
0,0.25,10.9299,14.8374,-0.136947,-0.00933611
0,0.25,13.9855,15.182,-0.021829,0.486028
0,0.25,10.7315,14.4062,-0.203396,0.00420478
0,0.25,9.29632,12.8757,0.412813,0.049401
0,0.25,9.79728,11.9964,0.0436211,0.21883
0,0.25,9.91072,15.0191,-2.93682e-05,0.0537529
0,0.25,9.7974,13.518,0.131618,-0.015368
0,0.25,2.7113,12.406,-0.0178421,-0.163837
0,0.25,2.72495,12.6648,0.0507903,-0.144953
0,0.25,2.77845,13.4478,0.198533,-0.397201
0,0.25,2.57783,13.9567,0.280216,-0.569024
0,0.25,2.81555,13.9352,0.181327,-0.475463
0,0.25,2.68375,14.214,0.207118,-0.402286
0,0.25,2.56254,14.4271,0.230916,-0.360474
0,0.25,2.1515,15.0992,0.264992,-0.830289
0,0.25,2.7176,14.6064,0.445571,-0.363159
0,0.25,2.10876,15.9322,0.107802,-0.761499
0,0.25,2.34229,16.5374,0.000888438,-0.684594
0,0.25,2.34224,15.4821,0.249863,-0.829688
0,0.25,2.30089,16.0386,0.0956038,-0.723775
0,0.25,2.33877,15.7586,0.12528,-0.712833
0,0.25,2.85446,18.1346,-0.276226,-0.380077
0,0.25,3.16899,19.2107,-0.170772,-0.193559
0,0.25,4.22796,20.4863,-0.034648,-0.416913
0,0.25,4.99098,20.2248,-0.010962,-0.0512807
0,0.25,5.84926,20.9931,0.257241,0.114133
0,0.25,4.6182,19.9328,-0.184275,-0.37498
0,0.25,4.27171,20.2587,-0.185384,-0.439482
0,0.25,4.93242,20.4547,0.0514738,-0.149792
0,0.25,6.51329,21.7068,-0.759073,-0.139016
0,0.25,6.10155,21.1068,0.52838,0.103826
0,0.25,4.07287,20.0765,-0.319139,-0.17447
0,0.25,8.63225,21.7799,-0.302996,-0.104557
0,0.25,6.32346,20.9751,-0.044209,-0.0875226
0,0.25,4.29046,19.6433,-0.399086,-0.227482
0,0.25,11.9654,20.7204,-0.0462376,0.290545
0,0.25,10.5899,21.1177,-0.553876,0.188601
0,0.25,11.0833,20.8882,-0.704393,-0.0652813
0,0.25,12.0806,20.5058,-0.563162,0.0918898
0,0.25,14.2775,17.0725,-0.150415,0.361908
0,0.25,12.3753,19.6788,-0.423093,0.36208
0,0.25,13.9222,17.5142,-0.215064,0.314796
0,0.25,14.1117,16.7186,-0.37666,0.399175
0,0.25,5.8714,20.7687,-0.00203682,0.0891983
0,0.25,13.1795,13.1165,0.585783,0.217148
0,0.25,13.4745,13.5112,0.597521,0.158729
0,0.25,12.0694,13.3062,0.155081,-0.307267
0,0.25,11.7852,13.3315,0.0526375,-0.331944
0,0.25,12.9001,11.4149,0.322867,-0.256804
0,0.25,13.64,14.1739,0.514986,0.3113
0,0.25,13.9584,14.9132,0.271166,0.432883
0,0.25,12.5009,13.4797,0.335687,-0.180406
0,0.25,13.3066,13.671,0.700796,0.267163
0,0.25,13.2409,13.3768,0.601719,0.229375
0,0.25,13.752,14.4301,0.410795,0.288322
0,0.25,12.2976,14.1232,0.3746,-0.201432
0,0.25,11.4953,13.3377,-0.0347673,-0.18936
0,0.25,13.2944,14.5885,0.472069,0.203277
0,0.25,11.6902,14.5881,0.00958686,-0.2164
0,0.25,13.8757,13.7784,0.359281,0.18614
0,0.25,10.4555,14.4189,-0.0279503,-0.0546676
0,0.25,9.29223,13.555,0.104046,0.144131
0,0.25,13.0121,12.9487,0.707989,0.0583657
0,0.25,2.8549,12.4203,-0.0521395,-0.123152
0,0.25,3.06999,13.0341,0.140957,-0.247873
0,0.25,2.931,13.6752,0.283969,-0.400913
0,0.25,3.05938,13.4661,0.258469,-0.376337
0,0.25,3.47037,13.3041,0.149858,-0.323763
0,0.25,3.19219,13.7163,0.228,-0.310939
0,0.25,3.33277,13.51,0.209373,-0.33267
0,0.25,2.91882,14.1836,0.129138,-0.37298
0,0.25,3.0591,13.9304,0.173289,-0.335675
0,0.25,2.36592,14.6225,0.484675,-0.560301
0,0.25,2.56777,14.7827,0.554235,-0.385953
0,0.25,3.15605,14.1979,0.0962527,-0.259418
0,0.25,2.12413,14.8101,0.222605,-0.808611
0,0.25,2.34995,14.8938,0.192003,-0.720603
0,0.25,2.3051,16.2906,0.0359557,-0.721574
0,0.25,2.40016,17.5311,0.0872067,-0.8938
0,0.25,2.5445,17.3353,0.111686,-0.66139
0,0.25,5.36378,20.9703,-0.0166912,-0.153737
0,0.25,4.79768,20.0792,-0.0867652,-0.161652
0,0.25,4.68716,20.8216,-0.161257,-0.53635
0,0.25,3.79896,20.0837,-0.517759,-0.107723
0,0.25,3.25464,18.0221,-0.085666,-0.215471
0,0.25,6.01177,21.3108,-0.424973,-0.14616
0,0.25,3.98371,19.6609,-0.673965,-0.175259
0,0.25,3.40395,19.175,-0.426202,-0.372418
0,0.25,3.88059,19.1399,-0.0439037,0.203508
0,0.25,4.00492,20.2942,-0.297809,-0.193974
0,0.25,6.6989,21.5345,-0.716338,-0.162679
0,0.25,7.32021,21.2533,0.102462,0.0327351
0,0.25,7.45324,21.7065,-0.404829,-0.0500908
0,0.25,9.96463,21.1352,-0.426276,-0.00668906
0,0.25,8.15194,21.7841,-0.330837,0.0328571
0,0.25,6.81913,21.1306,0.0248519,-0.0355659
0,0.25,13.1232,19.8319,-0.622298,0.656079
0,0.25,12.4997,20.1682,-0.677617,0.444215
0,0.25,9.71644,21.4828,-0.566225,0.0173298
0,0.25,12.5496,19.4959,-0.317539,0.355695
0,0.25,13.8504,18.2417,-0.261934,0.389364
0,0.25,14.4594,14.4568,-0.00330575,0.641313
0,0.25,13.9253,16.5389,-0.281714,0.646118
0,0.25,14.178,15.6203,-0.390072,0.642873
0,0.25,13.6463,13.3473,0.475229,0.0840488
0,0.25,13.9725,15.4558,-0.168333,0.534646
0,0.25,12.4428,13.0409,0.494354,-0.282938
0,0.25,14.3826,15.4772,-0.453531,0.872546
0,0.25,14.0374,14.0722,0.294309,0.422976
0,0.25,13.883,16.8014,-0.23906,0.736658
0,0.25,13.9705,16.0112,-0.255871,0.592942
0,0.25,8.88174,21.7696,-0.278077,0.0570386
0,0.25,12.7771,13.4443,0.414125,-0.1234
0,0.25,11.9247,13.101,0.112256,-0.352601
0,0.25,12.9901,12.2759,0.428325,-0.219946
0,0.25,12.1944,12.6299,0.266918,-0.153808
0,0.25,13.656,14.8085,0.348842,0.218744
0,0.25,11.907,15.0174,-0.00704427,0.0515754
0,0.25,2.63019,17.6112,0.0841526,-0.580948
0,0.25,3.20216,12.3933,0.0957316,-0.0823181
0,0.25,2.93332,12.7833,0.110872,-0.22317
0,0.25,2.90942,13.2422,0.153205,-0.333717
0,0.25,3.20393,13.264,0.140425,-0.352332
0,0.25,3.61308,13.1031,0.130829,-0.294474
0,0.25,3.88794,13.127,0.0946466,-0.257698
0,0.25,3.74954,13.3401,0.120282,-0.286356
0,0.25,3.60149,13.5454,0.189651,-0.277245
0,0.25,3.455,13.7589,0.126838,-0.269224
0,0.25,3.69022,13.8148,0.0417331,-0.271586
0,0.25,2.88669,14.4324,0.262533,-0.354834
0,0.25,3.30627,13.976,0.123556,-0.221592
0,0.25,3.52838,14.0469,0.0670688,-0.114827
0,0.25,2.96403,14.7004,0.494591,-0.264626
0,0.25,3.36798,14.2826,0.105708,-0.177536
0,0.25,2.83431,14.9055,0.783129,-0.255037
0,0.25,2.38681,15.1426,0.217569,-0.717618
0,0.25,2.26944,17.8548,0.0389594,-0.674126
0,0.25,2.40166,16.7883,0.0153098,-0.676299
0,0.25,3.49874,18.9447,-0.186195,-0.26802
0,0.25,2.19646,17.6194,0.131577,-0.678933
0,0.25,3.0392,18.9889,-0.0802308,-0.361374
0,0.25,3.36864,18.267,-0.0405236,-0.173295
0,0.25,4.44629,19.7916,-0.306137,-0.363896
0,0.25,2.55456,18.5302,-0.301224,-0.294036
0,0.25,3.96163,20.5105,-0.124805,-0.304502
0,0.25,2.15084,16.7106,0.0598796,-0.707673
0,0.25,2.65627,16.9036,0.0333697,-0.603387
0,0.25,2.47315,17.0554,0.079702,-0.644097
0,0.25,3.49449,18.5003,0.136534,0.0333163
0,0.25,8.03051,22.0124,-0.112289,0.118838
0,0.25,8.74364,21.5542,0.0715064,-0.0370668
0,0.25,5.64747,20.6423,0.0356639,0.00906887
0,0.25,2.72024,17.166,0.116325,-0.554448
0,0.25,6.56775,21.0545,0.00281565,-0.132715
0,0.25,2.48834,17.8105,0.0129164,-0.757669
0,0.25,14.6792,17.3984,-0.301791,0.57231
0,0.25,14.0671,17.7581,-0.286858,0.301039
0,0.25,7.39742,21.4751,-0.0277225,0.0218496
0,0.25,12.8664,19.1354,-0.238013,0.491046
0,0.25,13.9833,18.4499,-0.281962,0.637317
0,0.25,14.1782,16.1776,-0.38918,0.469917
0,0.25,12.1949,20.7524,-0.240645,0.0838952
0,0.25,14.3998,15.1885,-0.217518,1.05635
0,0.25,12.0374,20.3098,-0.855151,0.164461
0,0.25,14.057,16.9866,-0.229234,0.427617
0,0.25,13.3587,18.3077,-0.351023,0.6661
0,0.25,7.5781,21.2962,0.0998011,0.10158
0,0.25,12.9932,13.3281,0.578046,0.24424
0,0.25,13.0017,18.9523,-0.27054,0.573939
0,0.25,14.128,14.7603,0.195913,0.660363
0,0.25,13.7749,13.9814,0.495957,0.271868
0,0.25,12.1975,19.856,-0.610348,0.370418
0,0.25,14.2943,14.607,0.145404,0.81506
0,0.25,13.7648,12.8967,0.295897,0.096253
0,0.25,7.93634,22.2408,-0.0592012,-0.00161898
0,0.25,3.39664,12.3744,0.0190908,-0.115356
0,0.25,3.18422,12.8165,0.0196314,-0.24256
0,0.25,3.3384,13.0534,0.0880334,-0.254586
0,0.25,3.74424,12.8886,0.0607297,-0.205822
0,0.25,4.40075,13.1832,0.0920005,-0.123365
0,0.25,4.6419,13.1839,0.0657474,-0.119165
0,0.25,4.14712,13.1712,0.0950195,-0.208251
0,0.25,4.00629,13.3838,0.131738,-0.216902
0,0.25,3.85414,13.5974,0.0866273,-0.265657
0,0.25,4.10407,13.6406,0.107031,-0.204348
0,0.25,4.18673,13.8859,0.124573,-0.252839
0,0.25,3.92987,13.8595,0.0739314,-0.247379
0,0.25,4.61521,13.6972,0.181019,-0.15209
0,0.25,4.45766,13.9125,0.160019,-0.19562
0,0.25,4.00058,14.1036,0.0674535,-0.275078
0,0.25,3.12247,14.4683,0.240979,-0.245481
0,0.25,3.75108,14.088,0.0583625,-0.24758
0,0.25,3.33813,14.5513,0.277318,-0.120695
0,0.25,3.18535,14.7682,0.384463,-0.109194
0,0.25,2.53998,15.8917,0.0975931,-0.459174
0,0.25,3.04323,15.0115,0.5354,-0.0322235
0,0.25,2.53433,16.1494,0.0461278,-0.464618
0,0.25,2.7303,17.8749,-0.116329,-0.394623
0,0.25,2.7344,15.4727,0.154618,-0.323355
0,0.25,4.13937,14.5641,0.214001,-0.25818
0,0.25,2.53321,15.3126,0.283851,-0.709624
0,0.25,3.44306,14.8052,0.332876,-0.0941581
0,0.25,2.85796,16.7701,-0.0727175,-0.624607
0,0.25,2.7641,16.0301,0.0262172,-0.479215
0,0.25,3.57848,15.026,0.257525,0.0450965
0,0.25,2.60026,16.6464,0.00266237,-0.565301
0,0.25,6.23144,21.3903,-0.63527,-0.204888
0,0.25,3.05583,17.523,-0.0357794,-0.378644
0,0.25,5.19935,20.3682,0.0533561,-0.0234693
0,0.25,5.4196,20.5082,0.0101472,0.0279947
0,0.25,3.75025,20.3016,-0.418412,-0.293956
0,0.25,11.9583,20.9517,-0.698039,0.213
0,0.25,2.97561,17.274,0.00360481,-0.492406
0,0.25,2.91118,17.0222,-0.0877366,-0.579442
0,0.25,12.4292,19.9345,-0.855551,0.541247
0,0.25,3.1478,17.7733,-0.0644561,-0.261664
0,0.25,9.55055,21.26,-0.445531,0.0606412
0,0.25,7.13803,21.432,-0.1072,-0.0622388
0,0.25,8.2715,22.0205,-0.227855,0.0489726
0,0.25,11.7077,21.0715,-0.907412,0.194235
0,0.25,12.9663,19.3755,-0.282976,0.496014
0,0.25,3.62213,18.7275,0.119295,0.171912
0,0.25,12.2454,20.1265,-0.825603,0.462913
0,0.25,14.0005,17.2551,-0.114587,0.375054
0,0.25,13.2639,18.9802,-0.0784047,0.426676
0,0.25,14.1256,13.8671,0.109465,0.252475
0,0.25,13.9619,17.9958,-0.276575,0.358211
0,0.25,8.10111,21.3508,-0.0175527,0.0442743
0,0.25,8.21404,21.5618,0.0517963,0.074237
0,0.25,7.92055,21.7637,-0.353731,0.111788
0,0.25,2.98622,18.4046,-0.272095,-0.441106
0,0.25,3.05892,12.5511,-0.0110669,-0.253739
0,0.25,3.35927,12.6462,0.0509931,-0.166267
0,0.25,3.48554,12.8555,0.0412367,-0.260585
0,0.25,4.02607,12.9166,0.0316728,-0.201494
0,0.25,4.53288,12.945,0.00217523,-0.0976331
0,0.25,4.74738,12.8921,-0.00451287,-0.0654846
0,0.25,5.28746,12.8142,0.0653131,-0.00751134
0,0.25,4.51029,13.4338,0.153933,-0.129694
0,0.25,4.95189,13.0361,0.0470289,-0.069132
0,0.25,4.26539,13.4248,0.105575,-0.184344
0,0.25,4.86711,13.2546,0.0976254,-0.121276
0,0.25,4.36077,13.6711,0.107941,-0.19325
0,0.25,5.22207,13.0391,0.0065853,-0.0743685
0,0.25,4.74906,13.477,0.124182,-0.145175
0,0.25,5.14705,13.2709,0.112589,-0.159457
0,0.25,5.4183,13.2586,0.100994,-0.129437
0,0.25,5.03029,13.4806,0.133557,-0.13612
0,0.25,4.89847,13.6953,0.137608,-0.145932
0,0.25,3.5905,14.3373,0.102973,-0.226947
0,0.25,4.7501,13.9085,0.186708,-0.100926
0,0.25,3.8347,14.3417,0.125094,-0.282066
0,0.25,3.85642,14.5731,0.222096,-0.204656
0,0.25,4.54387,14.1257,0.172438,-0.208392
0,0.25,3.58881,14.5816,0.322835,-0.146692
0,0.25,4.09026,14.3443,0.112916,-0.270786
0,0.25,6.33191,13.5657,-0.036006,-0.0771561
0,0.25,5.49922,13.6977,0.134549,-0.253917
0,0.25,5.08219,14.1152,0.0517102,-0.180851
0,0.25,3.71652,14.8039,0.227259,-0.127742
0,0.25,4.91658,14.3454,0.109362,-0.00506731
0,0.25,3.98592,14.7869,0.137143,-0.196145
0,0.25,3.2956,15.0136,0.478583,-0.0182199
0,0.25,2.62971,15.0262,0.313689,-0.758721
0,0.25,4.37564,15.0122,0.027342,-0.0928842
0,0.25,2.56273,15.6192,-0.00616961,-0.583277
0,0.25,5.74838,14.3039,-0.156317,-0.0996156
0,0.25,3.85666,15.0205,0.0639304,0.020061
0,0.25,4.43062,14.5563,0.173382,-0.181034
0,0.25,4.51238,14.7706,0.0442312,-0.0934989
0,0.25,5.03816,14.5441,0.15154,-0.0400487
0,0.25,2.76956,15.7743,-0.0884319,-0.36903
0,0.25,2.88412,17.6845,-0.013328,-0.400478
0,0.25,4.62551,15.0139,0.116356,-0.0110156
0,0.25,2.59167,18.0683,-0.281394,-0.499019
0,0.25,4.76343,14.7735,0.0514155,-0.0521291
0,0.25,6.76796,21.7716,-0.858727,-0.246791
0,0.25,4.45959,20.6667,-0.0156341,-0.583698
0,0.25,11.794,20.5533,-0.563313,0.679128
0,0.25,13.0526,19.6032,-0.621769,0.662236
0,0.25,4.17151,20.6975,-0.0263411,-0.451937
0,0.25,6.6308,21.2864,0.0773639,0.0247819
0,0.25,5.50456,14.7657,-0.0629421,-0.0635772
0,0.25,3.12039,18.6763,-0.263451,-0.599113
0,0.25,2.81346,16.5221,-0.0211988,-0.626456
0,0.25,2.70952,18.307,-0.388243,-0.428522
0,0.25,2.78405,16.2772,-0.0127675,-0.53942
0,0.25,3.57398,12.4087,0.0490604,-0.0953
0,0.25,3.64829,12.6259,0.00247999,-0.0771029
0,0.25,3.90411,12.6944,0.0805025,-0.216714
0,0.25,4.26521,12.9324,0.0425129,-0.136386
0,0.25,4.81158,12.6348,-0.00307468,-0.00717504
0,0.25,5.01824,12.8035,0.053254,-0.0274117
0,0.25,5.9109,12.5165,-0.066152,0.0520295
0,0.25,5.62966,12.5495,0.002745,0.0671205
0,0.25,6.12452,12.6176,-0.0689228,0.0199276
0,0.25,5.56708,12.7896,0.0545299,0.0135777
0,0.25,5.49075,13.0231,0.0700214,-0.0570597
0,0.25,6.27499,12.8055,-0.00535404,-0.0546547
0,0.25,5.83831,12.7562,0.0156463,0.00176672
0,0.25,7.03109,12.6269,-0.0614961,0.013896
0,0.25,6.44213,13.0064,-0.101585,-0.0649566
0,0.25,5.75966,12.9961,0.0197411,-0.0272321
0,0.25,6.71015,12.952,-0.112197,-0.0162524
0,0.25,5.68759,13.2399,0.0903107,-0.117078
0,0.25,6.03295,12.8967,0.0331193,0.0528742
0,0.25,5.3146,13.4879,0.160553,-0.162781
0,0.25,5.1895,13.6974,0.132558,-0.214681
0,0.25,4.26361,14.1176,0.128831,-0.288265
0,0.25,5.59135,13.4708,0.0855101,-0.237321
0,0.25,5.04153,13.8999,0.184103,-0.168263
0,0.25,4.81261,14.124,0.0949419,-0.116308
0,0.25,5.88027,13.4085,0.0717132,-0.0830118
0,0.25,6.76122,13.4064,-0.147096,-0.0331251
0,0.25,7.02557,13.3652,-0.122529,0.0408162
0,0.25,5.79905,13.6396,0.0598152,-0.104951
0,0.25,5.35473,13.8816,0.100124,-0.251675
0,0.25,5.59906,14.0733,0.0593863,-0.142661
0,0.25,4.25236,14.7791,0.0928963,-0.153051
0,0.25,4.11909,15.014,0.0648433,-0.0146093
0,0.25,5.19824,14.3406,0.0747882,-0.219223
0,0.25,4.35762,14.3434,0.136528,-0.26896
0,0.25,5.34033,14.1063,-0.000787313,-0.228909
0,0.25,5.87166,14.0745,-0.100688,-0.117466
0,0.25,5.97814,13.8426,-0.0973667,-0.158667
0,0.25,6.00728,14.307,-0.162703,-0.173435
0,0.25,6.38282,14.0454,-0.120283,-0.06614
0,0.25,4.87945,15.0161,0.0773038,0.02154
0,0.25,5.48703,14.3192,-0.139879,-0.120222
0,0.25,5.34028,14.5322,-0.0387262,-0.0649412
0,0.25,4.73838,14.5495,0.207782,-0.119613
0,0.25,5.62006,14.5377,-0.14168,-0.154855
0,0.25,2.77937,15.2147,0.0835381,-0.518134
0,0.25,6.01865,14.7678,-0.17781,-0.127635
0,0.25,5.25609,14.7578,-0.00125664,0.0512362
0,0.25,5.01115,14.7743,-0.02346,0.0212367
0,0.25,6.12449,15.0063,-0.0829365,-0.1068
0,0.25,5.75936,14.7679,-0.0855975,-0.111007
0,0.25,6.37429,15.0052,0.0499293,-0.00119553
0,0.25,5.62328,15.0119,-0.00729483,-0.061262
0,0.25,5.87389,15.0079,-0.0611367,0.0455958
0,0.25,5.13201,15.0135,0.0615253,0.0264705
0,0.25,5.37595,15.0066,0.00299266,0.0536209
0,0.25,3.83139,12.3898,-0.0176161,-0.144685
0,0.25,3.96021,12.3977,-0.0275148,-0.0891122
0,0.25,4.1329,12.6168,-0.0617602,-0.0950894
0,0.25,4.35367,12.7162,-0.021394,-0.119599
0,0.25,4.57178,12.6403,-0.044936,-0.054443
0,0.25,6.05883,12.2806,-0.0307315,0.0726485
0,0.25,5.08579,12.5673,-0.058234,0.036421
0,0.25,5.36564,12.5887,0.0234393,0.0551652
0,0.25,6.20065,12.2688,-0.0564327,0.127933
0,0.25,6.85402,12.2161,0.0148502,0.100895
0,0.25,6.33085,12.4959,-0.0561885,0.0365902
0,0.25,6.59146,12.5059,-0.0500451,0.0727352
0,0.25,6.87273,12.4252,0.0277153,-0.0140509
0,0.25,6.51986,12.7482,-0.0420067,-0.00705813
0,0.25,7.8118,12.4938,0.0997554,0.212377
0,0.25,7.21127,12.4884,-0.00695632,0.123391
0,0.25,7.62852,12.6106,0.0399248,0.0824825
0,0.25,6.76801,12.6995,-0.0738543,-0.0323574
0,0.25,7.23113,12.7966,-0.0735532,0.0526629
0,0.25,7.68581,12.8572,-0.0268545,0.149189
0,0.25,7.56247,13.071,-0.00365206,0.139649
0,0.25,6.21213,13.0984,-0.0224488,-0.0351754
0,0.25,6.96819,12.877,-0.0991799,0.0174935
0,0.25,5.96496,13.1579,0.0436239,-0.0690134
0,0.25,6.60294,13.2059,-0.119509,-0.0820204
0,0.25,6.39451,13.3108,-0.0433287,-0.0263897
0,0.25,6.14595,13.3562,0.0178237,-0.0833667
0,0.25,7.11035,13.0863,-0.156122,0.0512467
0,0.25,6.8719,13.1483,-0.148454,-0.037383
0,0.25,7.4954,13.3302,-0.0559718,0.134899
0,0.25,7.25213,13.3442,-0.0907933,0.000550725
0,0.25,7.17552,13.6244,-0.127706,-0.00952096
0,0.25,5.69058,13.8642,-0.0245847,-0.129502
0,0.25,6.57703,13.5422,-0.062021,0.0549015
0,0.25,4.63258,14.353,0.141072,-0.140375
0,0.25,6.91625,13.6077,-0.0539476,-0.0278419
0,0.25,7.00861,13.8482,-0.0864292,-0.0116738
0,0.25,6.07232,13.6115,0.00895075,-0.108904
0,0.25,6.24913,13.8171,-0.108211,-0.0964626
0,0.25,6.13661,14.0596,-0.0891454,-0.0615017
0,0.25,6.62543,14.0521,-0.0766447,-0.0420286
0,0.25,7.10422,14.1045,0.010945,-0.0833005
0,0.25,6.8495,14.0541,-0.063445,-0.0552568
0,0.25,6.25909,14.3051,-0.185624,-0.175135
0,0.25,5.88599,14.538,-0.171457,-0.110922
0,0.25,6.1539,14.5424,-0.179789,-0.111001
0,0.25,6.42527,14.55,-0.155592,-0.0696311
0,0.25,6.73329,14.3239,-0.104771,-0.0698539
0,0.25,6.28333,14.7662,-0.107615,-0.15224
0,0.25,6.98684,14.5757,-0.0842744,-0.0837331
0,0.25,6.70163,14.5621,-0.108967,-0.0633033
0,0.25,7.13803,14.7683,-0.0623575,-0.0963793
0,0.25,6.55591,14.7693,-0.125448,-0.0943538
0,0.25,6.84068,14.7704,-0.0156831,-0.0621625
0,0.25,6.62152,15.0047,0.0520966,-0.0050095
0,0.25,6.86903,15.0056,0.067823,-0.0326936
0,0.25,5.00273,12.3413,-0.0594437,0.0208232
0,0.25,4.25923,12.4007,-0.113359,-0.149274
0,0.25,4.39189,12.3772,-0.046433,-0.102266
0,0.25,4.80723,12.3571,-0.0595008,-0.0645268
0,0.25,4.62505,12.3909,-0.132773,-0.039168
0,0.25,5.40067,12.326,-0.0549419,0.0411249
0,0.25,5.23432,12.3299,-0.0844142,0.0052676
0,0.25,5.79655,12.2809,-0.0975554,0.0832095
0,0.25,8.03044,12.6478,0.00361195,0.197195
0,0.25,6.45572,12.2544,-0.00870729,0.102243
0,0.25,5.63617,12.2985,-0.102801,0.0730177
0,0.25,7.24809,12.2214,0.00844877,0.07872
0,0.25,6.61593,12.2401,-0.0654856,0.102886
0,0.25,7.48628,12.225,0.00587841,0.191036
0,0.25,7.84407,12.2337,0.0117079,0.201897
0,0.25,7.44403,12.4633,0.0738504,0.0639078
0,0.25,7.0862,12.2244,0.0273159,0.0828194
0,0.25,7.65847,12.2041,0.0108223,0.163719
0,0.25,8.01706,12.3381,0.0858155,0.170516
0,0.25,7.91428,12.8301,-0.0546905,0.23016
0,0.25,8.01375,13.0514,-0.137271,0.334318
0,0.25,7.43009,12.778,0.00306596,0.0460325
0,0.25,8.01055,13.3212,0.00349675,0.369856
0,0.25,7.79828,13.1417,-0.0748765,0.303221
0,0.25,7.95032,13.5425,-0.0303472,0.352906
0,0.25,7.33904,13.0651,-0.106145,0.00612844
0,0.25,7.9918,13.7525,0.0757601,0.367906
0,0.25,7.72191,13.3857,-0.0862806,0.264245
0,0.25,7.99612,14.0022,0.119897,0.404224
0,0.25,7.6707,13.6174,-0.0423464,0.228604
0,0.25,8.02807,14.2618,0.132423,0.291874
0,0.25,7.7469,13.8388,0.00777549,0.227056
0,0.25,7.48189,13.8221,-0.024858,0.0147424
0,0.25,7.40017,13.5754,-0.0729302,-0.0066487
0,0.25,7.78349,14.0979,0.0429605,0.211275
0,0.25,7.25972,13.8833,-0.0856318,-0.00851561
0,0.25,7.52932,14.0667,0.0123986,-0.0372401
0,0.25,7.32897,14.1714,0.045697,-0.0441067
0,0.25,6.51195,13.7937,-0.0707247,-0.0194558
0,0.25,7.87697,14.4391,-0.0950478,0.139396
0,0.25,6.74317,13.7834,-0.122591,-0.0433524
0,0.25,7.44979,14.414,-0.079914,0.0164266
0,0.25,7.66215,14.3069,-0.0610902,0.0161074
0,0.25,7.65072,14.5849,0.00433767,0.0806896
0,0.25,8.01616,14.6038,0.0712512,0.0622554
0,0.25,7.19802,14.4114,-0.0536298,-0.0328163
0,0.25,7.3291,14.6368,-0.00480056,0.0394834
0,0.25,6.49691,14.3073,-0.107498,-0.119103
0,0.25,7.75106,14.7734,0.142881,0.0136007
0,0.25,6.96694,14.3215,-0.0100592,-0.123584
0,0.25,8.00284,14.849,0.17119,0.116433
0,0.25,7.90142,15.0273,0.255541,0.135753
0,0.25,7.11429,14.9972,0.104652,-0.0290537
0,0.25,7.48507,14.8123,0.111383,0.00292318
0,0.25,7.35763,15.0146,0.13614,0.0186601
0,0.25,7.6331,15.0241,0.124514,-0.0418339
1,0.25,8.25,0.75,0,0
1,0.25,8.5,0.75,0,0
1,0.25,15.75,0.75,0,0
1,0.25,16,0.75,0,0
1,0.25,0.75,0.75,0,0
1,0.25,1,0.75,0,0
1,0.25,8.25,1,0,0
1,0.25,8.5,1,0,0
1,0.25,15.75,1,0,0
1,0.25,16,1,0,0
1,0.25,0.75,1,0,0
1,0.25,1,1,0,0
1,0.25,8.25,1.25,0,0
1,0.25,8.5,1.25,0,0
1,0.25,15.75,1.25,0,0
1,0.25,16,1.25,0,0
1,0.25,0.75,1.25,0,0
1,0.25,1,1.25,0,0
1,0.25,8.25,1.5,0,0
1,0.25,8.5,1.5,0,0
1,0.25,15.75,1.5,0,0
1,0.25,16,1.5,0,0
1,0.25,0.75,1.5,0,0
1,0.25,1,1.5,0,0
1,0.25,8.25,1.75,0,0
1,0.25,8.5,1.75,0,0
1,0.25,15.75,1.75,0,0
1,0.25,16,1.75,0,0
1,0.25,0.75,1.75,0,0
1,0.25,1,1.75,0,0
1,0.25,8.25,2,0,0
1,0.25,8.5,2,0,0
1,0.25,15.75,2,0,0
1,0.25,16,2,0,0
1,0.25,0.75,2,0,0
1,0.25,1,2,0,0
1,0.25,8.25,2.25,0,0
1,0.25,8.5,2.25,0,0
1,0.25,15.75,2.25,0,0
1,0.25,16,2.25,0,0
1,0.25,0.75,2.25,0,0
1,0.25,1,2.25,0,0
1,0.25,8.25,2.5,0,0
1,0.25,8.5,2.5,0,0
1,0.25,15.75,2.5,0,0
1,0.25,16,2.5,0,0
1,0.25,0.75,2.5,0,0
1,0.25,1,2.5,0,0
1,0.25,8.25,2.75,0,0
1,0.25,8.5,2.75,0,0
1,0.25,15.75,2.75,0,0
1,0.25,16,2.75,0,0
1,0.25,0.75,2.75,0,0
1,0.25,1,2.75,0,0
1,0.25,8.25,3,0,0
1,0.25,8.5,3,0,0
1,0.25,15.75,3,0,0
1,0.25,16,3,0,0
1,0.25,0.75,3,0,0
1,0.25,1,3,0,0
1,0.25,8.25,3.25,0,0
1,0.25,8.5,3.25,0,0
1,0.25,15.75,3.25,0,0
1,0.25,16,3.25,0,0
1,0.25,0.75,3.25,0,0
1,0.25,1,3.25,0,0
1,0.25,8.25,3.5,0,0
1,0.25,8.5,3.5,0,0
1,0.25,15.75,3.5,0,0
1,0.25,16,3.5,0,0
1,0.25,0.75,3.5,0,0
1,0.25,1,3.5,0,0
1,0.25,8.25,3.75,0,0
1,0.25,8.5,3.75,0,0
1,0.25,15.75,3.75,0,0
1,0.25,16,3.75,0,0
1,0.25,0.75,3.75,0,0
1,0.25,1,3.75,0,0
1,0.25,8.25,4,0,0
1,0.25,8.5,4,0,0
1,0.25,15.75,4,0,0
1,0.25,16,4,0,0
1,0.25,0.75,4,0,0
1,0.25,1,4,0,0
1,0.25,8.25,4.25,0,0
1,0.25,8.5,4.25,0,0
1,0.25,15.75,4.25,0,0
1,0.25,16,4.25,0,0
1,0.25,0.75,4.25,0,0
1,0.25,1,4.25,0,0
1,0.25,8.25,4.5,0,0
1,0.25,8.5,4.5,0,0
1,0.25,15.75,4.5,0,0
1,0.25,16,4.5,0,0
1,0.25,0.75,4.5,0,0
1,0.25,1,4.5,0,0
1,0.25,8.25,4.75,0,0
1,0.25,8.5,4.75,0,0
1,0.25,15.75,4.75,0,0
1,0.25,16,4.75,0,0
1,0.25,0.75,4.75,0,0
1,0.25,1,4.75,0,0
1,0.25,8.25,5,0,0
1,0.25,8.5,5,0,0
1,0.25,15.75,5,0,0
1,0.25,16,5,0,0
1,0.25,0.75,5,0,0
1,0.25,1,5,0,0
1,0.25,8.25,5.25,0,0
1,0.25,8.5,5.25,0,0
1,0.25,15.75,5.25,0,0
1,0.25,16,5.25,0,0
1,0.25,0.75,5.25,0,0
1,0.25,1,5.25,0,0
1,0.25,8.25,5.5,0,0
1,0.25,8.5,5.5,0,0
1,0.25,15.75,5.5,0,0
1,0.25,16,5.5,0,0
1,0.25,0.75,5.5,0,0
1,0.25,1,5.5,0,0
1,0.25,8.25,5.75,0,0
1,0.25,8.5,5.75,0,0
1,0.25,15.75,5.75,0,0
1,0.25,16,5.75,0,0
1,0.25,0.75,5.75,0,0
1,0.25,1,5.75,0,0
1,0.25,8.25,6,0,0
1,0.25,8.5,6,0,0
1,0.25,15.75,6,0,0
1,0.25,16,6,0,0
1,0.25,0.75,6,0,0
1,0.25,1,6,0,0
1,0.25,8.25,6.25,0,0
1,0.25,8.5,6.25,0,0
1,0.25,15.75,6.25,0,0
1,0.25,16,6.25,0,0
1,0.25,0.75,6.25,0,0
1,0.25,1,6.25,0,0
1,0.25,8.25,6.5,0,0
1,0.25,8.5,6.5,0,0
1,0.25,15.75,6.5,0,0
1,0.25,16,6.5,0,0
1,0.25,0.75,6.5,0,0
1,0.25,1,6.5,0,0
1,0.25,8.25,6.75,0,0
1,0.25,8.5,6.75,0,0
1,0.25,15.75,6.75,0,0
1,0.25,16,6.75,0,0
1,0.25,0.75,6.75,0,0
1,0.25,1,6.75,0,0
1,0.25,8.25,7,0,0
1,0.25,8.5,7,0,0
1,0.25,15.75,7,0,0
1,0.25,16,7,0,0
1,0.25,0.75,7,0,0
1,0.25,1,7,0,0
1,0.25,8.25,7.25,0,0
1,0.25,8.5,7.25,0,0
1,0.25,15.75,7.25,0,0
1,0.25,16,7.25,0,0
1,0.25,0.75,7.25,0,0
1,0.25,1,7.25,0,0
1,0.25,8.25,7.5,0,0
1,0.25,8.5,7.5,0,0
1,0.25,15.75,7.5,0,0
1,0.25,16,7.5,0,0
1,0.25,0.75,7.5,0,0
1,0.25,1,7.5,0,0
1,0.25,8.25,7.75,0,0
1,0.25,8.5,7.75,0,0
1,0.25,15.75,7.75,0,0
1,0.25,16,7.75,0,0
1,0.25,0.75,7.75,0,0
1,0.25,1,7.75,0,0
1,0.25,8.25,8,0,0
1,0.25,8.5,8,0,0
1,0.25,15.75,8,0,0
1,0.25,16,8,0,0
1,0.25,0.75,8,0,0
1,0.25,1,8,0,0
1,0.25,8.25,8.25,0,0
1,0.25,8.5,8.25,0,0
1,0.25,15.75,8.25,0,0
1,0.25,16,8.25,0,0
1,0.25,0.75,8.25,0,0
1,0.25,1,8.25,0,0
1,0.25,8.25,8.5,0,0
1,0.25,8.5,8.5,0,0
1,0.25,15.75,8.5,0,0
1,0.25,16,8.5,0,0
1,0.25,0.75,8.5,0,0
1,0.25,1,8.5,0,0
1,0.25,8.25,8.75,0,0
1,0.25,8.5,8.75,0,0
1,0.25,15.75,8.75,0,0
1,0.25,16,8.75,0,0
1,0.25,0.75,8.75,0,0
1,0.25,1,8.75,0,0
1,0.25,8.25,9,0,0
1,0.25,8.5,9,0,0
1,0.25,15.75,9,0,0
1,0.25,16,9,0,0
1,0.25,0.75,9,0,0
1,0.25,1,9,0,0
1,0.25,8.25,9.25,0,0
1,0.25,8.5,9.25,0,0
1,0.25,15.75,9.25,0,0
1,0.25,16,9.25,0,0
1,0.25,0.75,9.25,0,0
1,0.25,1,9.25,0,0
1,0.25,8.25,9.5,0,0
1,0.25,8.5,9.5,0,0
1,0.25,15.75,9.5,0,0
1,0.25,16,9.5,0,0
1,0.25,0.75,9.5,0,0
1,0.25,1,9.5,0,0
1,0.25,8.25,9.75,0,0
1,0.25,8.5,9.75,0,0
1,0.25,15.75,9.75,0,0
1,0.25,16,9.75,0,0
1,0.25,0.75,9.75,0,0
1,0.25,1,9.75,0,0
1,0.25,8.25,10,0,0
1,0.25,8.5,10,0,0
1,0.25,15.75,10,0,0
1,0.25,16,10,0,0
1,0.25,0.75,10,0,0
1,0.25,1,10,0,0
1,0.25,8.25,10.25,0,0
1,0.25,8.5,10.25,0,0
1,0.25,15.75,10.25,0,0
1,0.25,16,10.25,0,0
1,0.25,0.75,10.25,0,0
1,0.25,1,10.25,0,0
1,0.25,8.25,10.5,0,0
1,0.25,8.5,10.5,0,0
1,0.25,15.75,10.5,0,0
1,0.25,16,10.5,0,0
1,0.25,0.75,10.5,0,0
1,0.25,1,10.5,0,0
1,0.25,8.25,10.75,0,0
1,0.25,8.5,10.75,0,0
1,0.25,15.75,10.75,0,0
1,0.25,16,10.75,0,0
1,0.25,0.75,10.75,0,0
1,0.25,1,10.75,0,0
1,0.25,8.25,11,0,0
1,0.25,8.5,11,0,0
1,0.25,15.75,11,0,0
1,0.25,16,11,0,0
1,0.25,0.75,11,0,0
1,0.25,1,11,0,0
1,0.25,8.25,11.25,0,0
1,0.25,8.5,11.25,0,0
1,0.25,15.75,11.25,0,0
1,0.25,16,11.25,0,0
1,0.25,0.75,11.25,0,0
1,0.25,1,11.25,0,0
1,0.25,8.25,11.5,0,0
1,0.25,8.5,11.5,0,0
1,0.25,15.75,11.5,0,0
1,0.25,16,11.5,0,0
1,0.25,0.75,11.5,0,0
1,0.25,1,11.5,0,0
1,0.25,8.25,11.75,0,0
1,0.25,8.5,11.75,0,0
1,0.25,15.75,11.75,0,0
1,0.25,16,11.75,0,0
1,0.25,0.75,11.75,0,0
1,0.25,1,11.75,0,0
1,0.25,8.25,12,0,0
1,0.25,8.5,12,0,0
1,0.25,15.75,12,0,0
1,0.25,16,12,0,0
1,0.25,0.75,12,0,0
1,0.25,1,12,0,0
1,0.25,8.25,12.25,0,0
1,0.25,8.5,12.25,0,0
1,0.25,15.75,12.25,0,0
1,0.25,16,12.25,0,0
1,0.25,0.75,12.25,0,0
1,0.25,1,12.25,0,0
1,0.25,8.25,12.5,0,0
1,0.25,8.5,12.5,0,0
1,0.25,15.75,12.5,0,0
1,0.25,16,12.5,0,0
1,0.25,0.75,12.5,0,0
1,0.25,1,12.5,0,0
1,0.25,8.25,12.75,0,0
1,0.25,8.5,12.75,0,0
1,0.25,15.75,12.75,0,0
1,0.25,16,12.75,0,0
1,0.25,0.75,12.75,0,0
1,0.25,1,12.75,0,0
1,0.25,8.25,13,0,0
1,0.25,8.5,13,0,0
1,0.25,15.75,13,0,0
1,0.25,16,13,0,0
1,0.25,0.75,13,0,0
1,0.25,1,13,0,0
1,0.25,8.25,13.25,0,0
1,0.25,8.5,13.25,0,0
1,0.25,15.75,13.25,0,0
1,0.25,16,13.25,0,0
1,0.25,0.75,13.25,0,0
1,0.25,1,13.25,0,0
1,0.25,8.25,13.5,0,0
1,0.25,8.5,13.5,0,0
1,0.25,15.75,13.5,0,0
1,0.25,16,13.5,0,0
1,0.25,0.75,13.5,0,0
1,0.25,1,13.5,0,0
1,0.25,8.25,13.75,0,0
1,0.25,8.5,13.75,0,0
1,0.25,15.75,13.75,0,0
1,0.25,16,13.75,0,0
1,0.25,0.75,13.75,0,0
1,0.25,1,13.75,0,0
1,0.25,8.25,14,0,0
1,0.25,8.5,14,0,0
1,0.25,15.75,14,0,0
1,0.25,16,14,0,0
1,0.25,0.75,14,0,0
1,0.25,1,14,0,0
1,0.25,8.25,14.25,0,0
1,0.25,8.5,14.25,0,0
1,0.25,15.75,14.25,0,0
1,0.25,16,14.25,0,0
1,0.25,0.75,14.25,0,0
1,0.25,1,14.25,0,0
1,0.25,8.25,14.5,0,0
1,0.25,8.5,14.5,0,0
1,0.25,15.75,14.5,0,0
1,0.25,16,14.5,0,0
1,0.25,0.75,14.5,0,0
1,0.25,1,14.5,0,0
1,0.25,8.25,14.75,0,0
1,0.25,8.5,14.75,0,0
1,0.25,15.75,14.75,0,0
1,0.25,16,14.75,0,0
1,0.25,0.75,14.75,0,0
1,0.25,1,14.75,0,0
1,0.25,8.25,15,0,0
1,0.25,8.5,15,0,0
1,0.25,15.75,15,0,0
1,0.25,16,15,0,0
1,0.25,0.75,15,0,0
1,0.25,1,15,0,0
1,0.25,8.25,15.25,0,0
1,0.25,8.5,15.25,0,0
1,0.25,15.75,15.25,0,0
1,0.25,16,15.25,0,0
1,0.25,0.75,15.25,0,0
1,0.25,1,15.25,0,0
1,0.25,8.25,15.5,0,0
1,0.25,8.5,15.5,0,0
1,0.25,15.75,15.5,0,0
1,0.25,16,15.5,0,0
1,0.25,0.75,15.5,0,0
1,0.25,1,15.5,0,0
1,0.25,1.25,0.75,0,0
1,0.25,1.25,1,0,0
1,0.25,1.5,0.75,0,0
1,0.25,1.5,1,0,0
1,0.25,1.75,0.75,0,0
1,0.25,1.75,1,0,0
1,0.25,2,0.75,0,0
1,0.25,2,1,0,0
1,0.25,2.25,0.75,0,0
1,0.25,2.25,1,0,0
1,0.25,2.5,0.75,0,0
1,0.25,2.5,1,0,0
1,0.25,2.75,0.75,0,0
1,0.25,2.75,1,0,0
1,0.25,3,0.75,0,0
1,0.25,3,1,0,0
1,0.25,3,15.25,0,0
1,0.25,3,15.5,0,0
1,0.25,3.25,0.75,0,0
1,0.25,3.25,1,0,0
1,0.25,3.25,15.25,0,0
1,0.25,3.25,15.5,0,0
1,0.25,3.5,0.75,0,0
1,0.25,3.5,1,0,0
1,0.25,3.5,15.25,0,0
1,0.25,3.5,15.5,0,0
1,0.25,3.75,0.75,0,0
1,0.25,3.75,1,0,0
1,0.25,3.75,15.25,0,0
1,0.25,3.75,15.5,0,0
1,0.25,4,0.75,0,0
1,0.25,4,1,0,0
1,0.25,4,15.25,0,0
1,0.25,4,15.5,0,0
1,0.25,4.25,0.75,0,0
1,0.25,4.25,1,0,0
1,0.25,4.25,15.25,0,0
1,0.25,4.25,15.5,0,0
1,0.25,4.5,0.75,0,0
1,0.25,4.5,1,0,0
1,0.25,4.5,15.25,0,0
1,0.25,4.5,15.5,0,0
1,0.25,4.75,0.75,0,0
1,0.25,4.75,1,0,0
1,0.25,4.75,15.25,0,0
1,0.25,4.75,15.5,0,0
1,0.25,5,0.75,0,0
1,0.25,5,1,0,0
1,0.25,5,15.25,0,0
1,0.25,5,15.5,0,0
1,0.25,5.25,0.75,0,0
1,0.25,5.25,1,0,0
1,0.25,5.25,15.25,0,0
1,0.25,5.25,15.5,0,0
1,0.25,5.5,0.75,0,0
1,0.25,5.5,1,0,0
1,0.25,5.5,15.25,0,0
1,0.25,5.5,15.5,0,0
1,0.25,5.75,0.75,0,0
1,0.25,5.75,1,0,0
1,0.25,5.75,15.25,0,0
1,0.25,5.75,15.5,0,0
1,0.25,6,0.75,0,0
1,0.25,6,1,0,0
1,0.25,6,15.25,0,0
1,0.25,6,15.5,0,0
1,0.25,6.25,0.75,0,0
1,0.25,6.25,1,0,0
1,0.25,6.25,15.25,0,0
1,0.25,6.25,15.5,0,0
1,0.25,6.5,0.75,0,0
1,0.25,6.5,1,0,0
1,0.25,6.5,15.25,0,0
1,0.25,6.5,15.5,0,0
1,0.25,6.75,0.75,0,0
1,0.25,6.75,1,0,0
1,0.25,6.75,15.25,0,0
1,0.25,6.75,15.5,0,0
1,0.25,7,0.75,0,0
1,0.25,7,1,0,0
1,0.25,7,15.25,0,0
1,0.25,7,15.5,0,0
1,0.25,7.25,0.75,0,0
1,0.25,7.25,1,0,0
1,0.25,7.25,15.25,0,0
1,0.25,7.25,15.5,0,0
1,0.25,7.5,0.75,0,0
1,0.25,7.5,1,0,0
1,0.25,7.5,15.25,0,0
1,0.25,7.5,15.5,0,0
1,0.25,7.75,0.75,0,0
1,0.25,7.75,1,0,0
1,0.25,7.75,15.25,0,0
1,0.25,7.75,15.5,0,0
1,0.25,8,0.75,0,0
1,0.25,8,1,0,0
1,0.25,8,15.25,0,0
1,0.25,8,15.5,0,0
1,0.25,8.75,0.75,0,0
1,0.25,8.75,1,0,0
1,0.25,8.75,15.25,0,0
1,0.25,8.75,15.5,0,0
1,0.25,9,0.75,0,0
1,0.25,9,1,0,0
1,0.25,9,15.25,0,0
1,0.25,9,15.5,0,0
1,0.25,9.25,0.75,0,0
1,0.25,9.25,1,0,0
1,0.25,9.25,15.25,0,0
1,0.25,9.25,15.5,0,0
1,0.25,9.5,0.75,0,0
1,0.25,9.5,1,0,0
1,0.25,9.5,15.25,0,0
1,0.25,9.5,15.5,0,0
1,0.25,9.75,0.75,0,0
1,0.25,9.75,1,0,0
1,0.25,9.75,15.25,0,0
1,0.25,9.75,15.5,0,0
1,0.25,10,0.75,0,0
1,0.25,10,1,0,0
1,0.25,10,15.25,0,0
1,0.25,10,15.5,0,0
1,0.25,10.25,0.75,0,0
1,0.25,10.25,1,0,0
1,0.25,10.25,15.25,0,0
1,0.25,10.25,15.5,0,0
1,0.25,10.5,0.75,0,0
1,0.25,10.5,1,0,0
1,0.25,10.5,15.25,0,0
1,0.25,10.5,15.5,0,0
1,0.25,10.75,0.75,0,0
1,0.25,10.75,1,0,0
1,0.25,10.75,15.25,0,0
1,0.25,10.75,15.5,0,0
1,0.25,11,0.75,0,0
1,0.25,11,1,0,0
1,0.25,11,15.25,0,0
1,0.25,11,15.5,0,0
1,0.25,11.25,0.75,0,0
1,0.25,11.25,1,0,0
1,0.25,11.25,15.25,0,0
1,0.25,11.25,15.5,0,0
1,0.25,11.5,0.75,0,0
1,0.25,11.5,1,0,0
1,0.25,11.5,15.25,0,0
1,0.25,11.5,15.5,0,0
1,0.25,11.75,0.75,0,0
1,0.25,11.75,1,0,0
1,0.25,11.75,15.25,0,0
1,0.25,11.75,15.5,0,0
1,0.25,12,0.75,0,0
1,0.25,12,1,0,0
1,0.25,12,15.25,0,0
1,0.25,12,15.5,0,0
1,0.25,12.25,0.75,0,0
1,0.25,12.25,1,0,0
1,0.25,12.25,15.25,0,0
1,0.25,12.25,15.5,0,0
1,0.25,12.5,0.75,0,0
1,0.25,12.5,1,0,0
1,0.25,12.5,15.25,0,0
1,0.25,12.5,15.5,0,0
1,0.25,12.75,0.75,0,0
1,0.25,12.75,1,0,0
1,0.25,12.75,15.25,0,0
1,0.25,12.75,15.5,0,0
1,0.25,13,0.75,0,0
1,0.25,13,1,0,0
1,0.25,13,15.25,0,0
1,0.25,13,15.5,0,0
1,0.25,13.25,0.75,0,0
1,0.25,13.25,1,0,0
1,0.25,13.25,15.25,0,0
1,0.25,13.25,15.5,0,0
1,0.25,13.5,0.75,0,0
1,0.25,13.5,1,0,0
1,0.25,13.5,15.25,0,0
1,0.25,13.5,15.5,0,0
1,0.25,13.75,0.75,0,0
1,0.25,13.75,1,0,0
1,0.25,13.75,15.25,0,0
1,0.25,13.75,15.5,0,0
1,0.25,14,0.75,0,0
1,0.25,14,1,0,0
1,0.25,14.25,0.75,0,0
1,0.25,14.25,1,0,0
1,0.25,14.5,0.75,0,0
1,0.25,14.5,1,0,0
1,0.25,14.75,0.75,0,0
1,0.25,14.75,1,0,0
1,0.25,15,0.75,0,0
1,0.25,15,1,0,0
1,0.25,15.25,0.75,0,0
1,0.25,15.25,1,0,0
1,0.25,15.5,0.75,0,0
1,0.25,15.5,1,0,0
1,0.25,16,15.75,0,0
1,0.25,15.9959,16,0,0
1,0.25,15.9836,16.2496,0,0
1,0.25,15.9631,16.4988,0,0
1,0.25,15.9345,16.7471,0,0
1,0.25,15.8978,16.9944,0,0
1,0.25,15.8529,17.2403,0,0
1,0.25,15.8001,17.4847,0,0
1,0.25,15.7392,17.7271,0,0
1,0.25,15.6704,17.9675,0,0
1,0.25,15.5938,18.2054,0,0
1,0.25,15.5095,18.4408,0,0
1,0.25,15.4174,18.6732,0,0
1,0.25,15.3178,18.9025,0,0
1,0.25,15.2107,19.1284,0,0
1,0.25,15.0963,19.3506,0,0
1,0.25,14.9747,19.569,0,0
1,0.25,14.8459,19.7833,0,0
1,0.25,14.7102,19.9933,0,0
1,0.25,14.5677,20.1987,0,0
1,0.25,14.4186,20.3993,0,0
1,0.25,14.2629,20.5949,0,0
1,0.25,14.1009,20.7853,0,0
1,0.25,13.9328,20.9703,0,0
1,0.25,13.7587,21.1497,0,0
1,0.25,13.5788,21.3233,0,0
1,0.25,13.3933,21.4909,0,0
1,0.25,13.2024,21.6523,0,0
1,0.25,13.0063,21.8074,0,0
1,0.25,12.8052,21.9559,0,0
1,0.25,12.5994,22.0978,0,0
1,0.25,12.3891,22.2329,0,0
1,0.25,12.1744,22.361,0,0
1,0.25,11.9556,22.482,0,0
1,0.25,11.733,22.5957,0,0
1,0.25,11.5068,22.7021,0,0
1,0.25,11.2772,22.8011,0,0
1,0.25,11.0445,22.8924,0,0
1,0.25,10.809,22.9761,0,0
1,0.25,10.5708,23.052,0,0
1,0.25,10.3302,23.1201,0,0
1,0.25,10.0876,23.1802,0,0
1,0.25,9.8431,23.2323,0,0
1,0.25,9.59703,23.2764,0,0
1,0.25,9.34965,23.3125,0,0
1,0.25,9.10122,23.3403,0,0
1,0.25,8.85201,23.3601,0,0
1,0.25,8.60229,23.3716,0,0
1,0.25,8.35232,23.375,0,0
1,0.25,8.10238,23.3701,0,0
1,0.25,7.85273,23.3571,0,0
1,0.25,7.60364,23.3359,0,0
1,0.25,7.35539,23.3065,0,0
1,0.25,7.10822,23.269,0,0
1,0.25,6.86242,23.2235,0,0
1,0.25,6.61825,23.1699,0,0
1,0.25,6.37596,23.1083,0,0
1,0.25,6.13582,23.0388,0,0
1,0.25,5.89809,22.9615,0,0
1,0.25,5.66302,22.8764,0,0
1,0.25,5.43087,22.7837,0,0
1,0.25,5.20188,22.6834,0,0
1,0.25,4.9763,22.5756,0,0
1,0.25,4.75438,22.4606,0,0
1,0.25,4.53634,22.3383,0,0
1,0.25,4.32244,22.2089,0,0
1,0.25,4.11289,22.0726,0,0
1,0.25,3.90792,21.9295,0,0
1,0.25,3.70775,21.7797,0,0
1,0.25,3.5126,21.6235,0,0
1,0.25,3.32267,21.4609,0,0
1,0.25,3.13818,21.2922,0,0
1,0.25,2.95931,21.1176,0,0
1,0.25,2.78627,20.9372,0,0
1,0.25,2.61923,20.7512,0,0
1,0.25,2.45838,20.5598,0,0
1,0.25,2.30389,20.3633,0,0
1,0.25,2.15592,20.1618,0,0
1,0.25,2.01464,19.9555,0,0
1,0.25,1.8802,19.7448,0,0
1,0.25,1.75274,19.5297,0,0
1,0.25,1.6324,19.3106,0,0
1,0.25,1.5193,19.0877,0,0
1,0.25,1.41357,18.8611,0,0
1,0.25,1.31533,18.6313,0,0
1,0.25,1.22467,18.3983,0,0
1,0.25,1.1417,18.1625,0,0
1,0.25,1.0665,17.9241,0,0
1,0.25,0.999164,17.6833,0,0
1,0.25,0.939753,17.4405,0,0
1,0.25,0.888333,17.1958,0,0
1,0.25,0.844961,16.9496,0,0
1,0.25,0.809682,16.7022,0,0
1,0.25,0.782536,16.4536,0,0
1,0.25,0.76355,16.2044,0,0
1,0.25,0.752746,15.9546,0,0
1,0.25,0.750135,15.7046,0,0
1,0.25,15.75,15.75,0,0
1,0.25,15.7459,15.9958,0,0
1,0.25,15.7336,16.2413,0,0
1,0.25,15.7132,16.4863,0,0
1,0.25,15.6845,16.7304,0,0
1,0.25,15.6478,16.9735,0,0
1,0.25,15.603,17.2152,0,0
1,0.25,15.5501,17.4553,0,0
1,0.25,15.4893,17.6934,0,0
1,0.25,15.4206,17.9295,0,0
1,0.25,15.3441,18.1631,0,0
1,0.25,15.2598,18.394,0,0
1,0.25,15.1678,18.622,0,0
1,0.25,15.0683,18.8468,0,0
1,0.25,14.9614,19.0681,0,0
1,0.25,14.8472,19.2858,0,0
1,0.25,14.7257,19.4995,0,0
1,0.25,14.5973,19.7091,0,0
1,0.25,14.4619,19.9142,0,0
1,0.25,14.3197,20.1148,0,0
1,0.25,14.1709,20.3105,0,0
1,0.25,14.0157,20.5011,0,0
1,0.25,13.8542,20.6865,0,0
1,0.25,13.6867,20.8663,0,0
1,0.25,13.5132,21.0405,0,0
1,0.25,13.334,21.2088,0,0
1,0.25,13.1494,21.371,0,0
1,0.25,12.9594,21.527,0,0
1,0.25,12.7643,21.6766,0,0
1,0.25,12.5643,21.8196,0,0
1,0.25,12.3597,21.9558,0,0
1,0.25,12.1507,22.0852,0,0
1,0.25,11.9375,22.2075,0,0
1,0.25,11.7203,22.3227,0,0
1,0.25,11.4994,22.4305,0,0
1,0.25,11.275,22.5309,0,0
1,0.25,11.0474,22.6238,0,0
1,0.25,10.8168,22.709,0,0
1,0.25,10.5835,22.7865,0,0
1,0.25,10.3478,22.8562,0,0
1,0.25,10.1099,22.918,0,0
1,0.25,9.87002,22.9719,0,0
1,0.25,9.62851,23.0177,0,0
1,0.25,9.3856,23.0554,0,0
1,0.25,9.14157,23.0851,0,0
1,0.25,8.89669,23.1065,0,0
1,0.25,8.65122,23.1198,0,0
1,0.25,8.40546,23.1249,0,0
1,0.25,8.15965,23.1219,0,0
1,0.25,7.91409,23.1106,0,0
1,0.25,7.66904,23.0911,0,0
1,0.25,7.42477,23.0635,0,0
1,0.25,7.18156,23.0278,0,0
1,0.25,6.93968,22.984,0,0
1,0.25,6.69938,22.9321,0,0
1,0.25,6.46096,22.8723,0,0
1,0.25,6.22465,22.8045,0,0
1,0.25,5.99074,22.729,0,0
1,0.25,5.75947,22.6456,0,0
1,0.25,5.53112,22.5546,0,0
1,0.25,5.30592,22.4561,0,0
1,0.25,5.08413,22.3501,0,0
1,0.25,4.86599,22.2367,0,0
1,0.25,4.65176,22.1162,0,0
1,0.25,4.44166,21.9885,0,0
1,0.25,4.23593,21.854,0,0
1,0.25,4.0348,21.7127,0,0
1,0.25,3.8385,21.5647,0,0
1,0.25,3.64723,21.4103,0,0
1,0.25,3.46121,21.2496,0,0
1,0.25,3.28066,21.0828,0,0
1,0.25,3.10576,20.91,0,0
1,0.25,2.93672,20.7315,0,0
1,0.25,2.77372,20.5475,0,0
1,0.25,2.61695,20.3582,0,0
1,0.25,2.46657,20.1637,0,0
1,0.25,2.32275,19.9644,0,0
1,0.25,2.18566,19.7603,0,0
1,0.25,2.05545,19.5518,0,0
1,0.25,1.93225,19.3391,0,0
1,0.25,1.81622,19.1224,0,0
1,0.25,1.70747,18.9019,0,0
1,0.25,1.60613,18.678,0,0
1,0.25,1.51231,18.4508,0,0
1,0.25,1.42611,18.2205,0,0
1,0.25,1.34763,17.9876,0,0
1,0.25,1.27697,17.7521,0,0
1,0.25,1.21418,17.5145,0,0
1,0.25,1.15936,17.2748,0,0
1,0.25,1.11255,17.0335,0,0
1,0.25,1.07381,16.7908,0,0
1,0.25,1.04318,16.5469,0,0
1,0.25,1.02069,16.3021,0,0
1,0.25,1.00638,16.0567,0,0
1,0.25,1.00025,15.8109,0,0
1,0.25,1.00232,15.5651,0,0
1,0.25,13.75,15.75,0,0
1,0.25,13.7442,15.9999,0,0
1,0.25,13.7268,16.2493,0,0
1,0.25,13.6978,16.4976,0,0
1,0.25,13.6572,16.7442,0,0
1,0.25,13.6053,16.9888,0,0
1,0.25,13.5421,17.2306,0,0
1,0.25,13.4676,17.4692,0,0
1,0.25,13.3822,17.7042,0,0
1,0.25,13.2859,17.9349,0,0
1,0.25,13.179,18.1608,0,0
1,0.25,13.0617,18.3816,0,0
1,0.25,12.9343,18.5966,0,0
1,0.25,12.797,18.8056,0,0
1,0.25,12.6502,19.0079,0,0
1,0.25,12.4941,19.2031,0,0
1,0.25,12.3291,19.3909,0,0
1,0.25,12.1555,19.5708,0,0
1,0.25,11.9738,19.7424,0,0
1,0.25,11.7842,19.9054,0,0
1,0.25,11.5874,20.0595,0,0
1,0.25,11.3835,20.2042,0,0
1,0.25,11.1732,20.3392,0,0
1,0.25,10.9568,20.4644,0,0
1,0.25,10.7348,20.5793,0,0
1,0.25,10.5077,20.6838,0,0
1,0.25,10.276,20.7776,0,0
1,0.25,10.0402,20.8606,0,0
1,0.25,9.80076,20.9325,0,0
1,0.25,9.55826,20.9931,0,0
1,0.25,9.3132,21.0425,0,0
1,0.25,9.06611,21.0804,0,0
1,0.25,8.81753,21.1068,0,0
1,0.25,8.56799,21.1215,0,0
1,0.25,8.31803,21.1247,0,0
1,0.25,8.0682,21.1162,0,0
1,0.25,7.81903,21.0962,0,0
1,0.25,7.57106,21.0645,0,0
1,0.25,7.32483,21.0214,0,0
1,0.25,7.08087,20.9669,0,0
1,0.25,6.83971,20.9011,0,0
1,0.25,6.60187,20.8241,0,0
1,0.25,6.36787,20.7362,0,0
1,0.25,6.13821,20.6375,0,0
1,0.25,5.91339,20.5282,0,0
1,0.25,5.69389,20.4086,0,0
1,0.25,5.48019,20.2789,0,0
1,0.25,5.27275,20.1394,0,0
1,0.25,5.07202,19.9904,0,0
1,0.25,4.87844,19.8322,0,0
1,0.25,4.69241,19.6653,0,0
1,0.25,4.51436,19.4898,0,0
1,0.25,4.34465,19.3063,0,0
1,0.25,4.18366,19.115,0,0
1,0.25,4.03174,18.9165,0,0
1,0.25,3.88921,18.7111,0,0
1,0.25,3.75639,18.4994,0,0
1,0.25,3.63355,18.2817,0,0
1,0.25,3.52097,18.0585,0,0
1,0.25,3.41889,17.8303,0,0
1,0.25,3.32752,17.5976,0,0
1,0.25,3.24708,17.3609,0,0
1,0.25,3.17772,17.1207,0,0
1,0.25,3.11961,16.8776,0,0
1,0.25,3.07287,16.6321,0,0
1,0.25,3.03759,16.3846,0,0
1,0.25,3.01386,16.1357,0,0
1,0.25,3.00172,15.886,0,0
1,0.25,3.00121,15.6361,0,0
1,0.25,13.5,15.75,0,0
1,0.25,13.4939,15.9999,0,0
1,0.25,13.4756,16.2492,0,0
1,0.25,13.4452,16.4973,0,0
1,0.25,13.4027,16.7437,0,0
1,0.25,13.3483,16.9876,0,0
1,0.25,13.2821,17.2287,0,0
1,0.25,13.2041,17.4662,0,0
1,0.25,13.1147,17.6996,0,0
1,0.25,13.014,17.9284,0,0
1,0.25,12.9022,18.152,0,0
1,0.25,12.7797,18.3699,0,0
1,0.25,12.6467,18.5816,0,0
1,0.25,12.5036,18.7865,0,0
1,0.25,12.3506,18.9842,0,0
1,0.25,12.1882,19.1742,0,0
1,0.25,12.0167,19.3561,0,0
1,0.25,11.8365,19.5294,0,0
1,0.25,11.6481,19.6937,0,0
1,0.25,11.4519,19.8486,0,0
1,0.25,11.2484,19.9937,0,0
1,0.25,11.0381,20.1288,0,0
1,0.25,10.8214,20.2534,0,0
1,0.25,10.5989,20.3674,0,0
1,0.25,10.3711,20.4703,0,0
1,0.25,10.1385,20.562,0,0
1,0.25,9.90179,20.6423,0,0
1,0.25,9.66142,20.7109,0,0
1,0.25,9.41799,20.7677,0,0
1,0.25,9.17208,20.8126,0,0
1,0.25,8.92427,20.8455,0,0
1,0.25,8.67516,20.8662,0,0
1,0.25,8.42533,20.8748,0,0
1,0.25,8.17538,20.8711,0,0
1,0.25,7.92591,20.8553,0,0
1,0.25,7.6775,20.8273,0,0
1,0.25,7.43076,20.7873,0,0
1,0.25,7.18626,20.7352,0,0
1,0.25,6.94459,20.6713,0,0
1,0.25,6.70632,20.5957,0,0
1,0.25,6.47202,20.5086,0,0
1,0.25,6.24225,20.4101,0,0
1,0.25,6.01755,20.3006,0,0
1,0.25,5.79846,20.1802,0,0
1,0.25,5.5855,20.0493,0,0
1,0.25,5.37918,19.9082,0,0
1,0.25,5.17998,19.7572,0,0
1,0.25,4.98839,19.5966,0,0
1,0.25,4.80485,19.4269,0,0
1,0.25,4.62981,19.2485,0,0
1,0.25,4.46368,19.0617,0,0
1,0.25,4.30685,18.867,0,0
1,0.25,4.1597,18.6649,0,0
1,0.25,4.02258,18.4559,0,0
1,0.25,3.89581,18.2405,0,0
1,0.25,3.7797,18.0191,0,0
1,0.25,3.67452,17.7923,0,0
1,0.25,3.58053,17.5607,0,0
1,0.25,3.49794,17.3248,0,0
1,0.25,3.42695,17.0851,0,0
1,0.25,3.36774,16.8422,0,0
1,0.25,3.32044,16.5968,0,0
1,0.25,3.28516,16.3493,0,0
1,0.25,3.26199,16.1004,0,0
1,0.25,3.25099,15.8507,0,0
1,0.25,3.25218,15.6007,0,0
