2452 2 0.25 4000 0.15 2 0 0.001 0 9.81 18 25
0,0.25,1.24838,13.6657,0.0686305,0.166815
0,0.25,1.25574,13.2185,0.115098,0.0450144
0,0.25,1.94627,12.6367,-0.0183823,-0.235843
0,0.25,1.23869,12.2941,0.414465,-0.0149894
0,0.25,2.15628,12.4781,0.105148,-0.119127
0,0.25,1.30018,12.5208,-0.0910708,0.149402
0,0.25,1.25537,12.7487,0.106588,0.122061
0,0.25,1.26227,12.9641,0.0168776,0.145671
0,0.25,1.25767,13.9043,0.0719225,0.135396
0,0.25,1.48971,13.0445,0.150617,-0.0867166
0,0.25,1.26967,14.1173,0.0303097,0.17354
0,0.25,1.67714,13.4465,0.264882,-0.261172
0,0.25,1.2597,14.5718,0.125884,0.170608
0,0.25,1.50555,13.6118,0.0423499,-0.362387
0,0.25,1.33207,16.8665,0.0817194,0.165144
0,0.25,1.68343,18.2363,0.139189,0.0949871
0,0.25,1.77068,18.4692,0.0496419,-0.0231532
0,0.25,3.02176,20.4738,0.0211949,0.0162245
0,0.25,2.94931,18.8682,-0.186234,-0.22671
0,0.25,3.10832,20.2159,-0.0462915,0.0208249
0,0.25,5.0842,22.0816,0.00769097,0.0642443
0,0.25,7.57285,22.219,-0.760552,-0.532125
0,0.25,8.21578,21.6057,0.112005,0.252965
0,0.25,6.58341,22.2297,-0.016408,-0.199605
0,0.25,11.4545,21.4646,-0.147572,0.152781
0,0.25,10.6689,22.2679,-0.142833,0.0733696
0,0.25,11.4863,22.1679,0.06805,-0.0992986
0,0.25,14.4815,17.7891,0.34206,0.464628
0,0.25,14.1032,18.7573,0.100067,0.276365
0,0.25,13.9086,19.8567,-0.0767153,0.203203
0,0.25,14.1564,13.5661,0.0626508,0.304025
0,0.25,14.5894,17.209,-0.109724,0.432707
0,0.25,14.9865,17.5617,0.139259,-0.0852196
0,0.25,12.6513,12.4993,0.176187,-0.0514992
0,0.25,14.3499,12.1575,0.338552,0.123258
0,0.25,11.4279,12.7266,0.196946,0.00153421
0,0.25,13.5453,12.6451,0.185192,0.0159072
0,0.25,9.39242,13.6385,0.192349,0.0988594
0,0.25,11.3892,13.1701,0.207522,0.00675813
0,0.25,9.19631,12.9753,0.100477,0.124087
0,0.25,14.3515,14.3306,-0.0326344,0.345518
0,0.25,8.96068,13.9356,0.223776,-0.0296182
0,0.25,10.2059,13.312,0.229683,-0.0702524
0,0.25,10.6145,11.5087,0.147403,0.0991163
0,0.25,9.77226,11.9501,0.131484,0.0271533
0,0.25,9.59315,13.0793,0.06688,0.135488
0,0.25,14.5879,12.2718,0.297091,0.19389
0,0.25,11.0367,11.8053,0.085382,0.0906291
0,0.25,15.0001,15.0615,0.110226,0.206186
0,0.25,11.3468,11.8254,0.0621864,0.0774268
0,0.25,10.4597,13.3317,0.239591,-0.109951
0,0.25,15.4987,15.973,0.000113817,0.38468
0,0.25,13.0651,11.3555,0.478659,-0.0160338
0,0.25,10.3438,13.0838,0.175027,-0.089632
0,0.25,10.6874,12.1498,0.101601,0.0612094
0,0.25,14.0754,11.3655,0.39651,-0.0581637
0,0.25,1.52111,12.6552,-0.0431958,0.0258637
0,0.25,2.02784,12.3116,-0.0206612,-0.0439021
0,0.25,1.51798,13.2883,0.0391263,-0.0573397
0,0.25,1.32147,15.4341,0.187796,-0.118959
0,0.25,1.28427,13.4381,-0.094229,0.0552001
0,0.25,1.25642,14.3461,-0.00343605,0.151212
0,0.25,1.26633,14.7967,0.0131033,0.0826365
0,0.25,1.24148,15.2243,-0.15185,-0.0139772
0,0.25,1.26264,16.3765,0.0580986,0.0923979
0,0.25,1.29365,16.6257,-0.0157835,0.149548
0,0.25,1.98003,18.9113,-0.0627354,-0.0781837
0,0.25,2.20758,19.3254,-0.0777467,-0.0702138
0,0.25,2.09143,19.1207,-0.055376,-0.0879119
0,0.25,1.86936,18.0187,0.132585,0.0565252
0,0.25,2.89588,19.5764,-0.336814,-0.00716817
0,0.25,3.89539,21.2958,-0.0380199,-0.0183088
0,0.25,4.87304,21.9676,-0.0154687,0.0336307
0,0.25,4.87041,21.4595,-0.426519,-0.14482
0,0.25,5.50951,22.286,0.0221129,-0.0333779
0,0.25,7.56208,22.8552,-0.154819,-0.147321
0,0.25,8.14253,22.9081,-0.403038,0.00122007
0,0.25,6.65964,22.4532,-0.287398,0.00264326
0,0.25,9.68236,22.7737,-0.0752967,-0.0333124
0,0.25,10.3963,22.6009,-0.109034,0.0162949
0,0.25,9.97658,22.4812,-0.0927862,0.0148083
0,0.25,11.4215,21.9582,-0.268538,0.0965294
0,0.25,12.1294,21.5746,-0.0343219,0.0440594
0,0.25,11.9098,21.9506,-0.0272875,-0.0583824
0,0.25,14.7129,16.6143,-0.011013,0.33048
0,0.25,13.1779,12.9848,0.177899,-0.0384789
0,0.25,12.8958,21.2678,0.0720844,-0.0697653
0,0.25,13.7498,20.4346,-0.0652607,0.137071
0,0.25,15.201,17.1494,-0.172923,0.019794
0,0.25,11.9321,14.8264,0.216367,0.000551237
0,0.25,11.5955,12.5241,0.178689,-0.0125056
0,0.25,14.5736,18.2448,0.0357448,0.461358
0,0.25,12.6394,15.0232,0.115406,0.00633183
0,0.25,11.2699,12.9337,0.198217,-0.00721542
0,0.25,9.83344,13.5761,0.311222,-0.0297664
0,0.25,10.9753,13.8303,0.241422,-0.00625471
0,0.25,10.0951,13.0602,0.121979,-0.00391012
0,0.25,10.1877,11.742,0.0901789,0.082479
0,0.25,8.75378,10.8682,-0.0263885,0.456829
0,0.25,15.2747,13.1525,0.0363088,0.324939
0,0.25,14.8318,13.5882,0.0200601,0.226975
0,0.25,11.8246,11.4068,0.205697,0.135693
0,0.25,14.7974,14.9078,-0.0729785,0.204904
0,0.25,10.9998,12.907,0.205098,-0.0346999
0,0.25,10.2115,12.0794,0.126093,0.0529417
0,0.25,9.15399,12.6734,0.110647,0.121101
0,0.25,14.7578,12.1228,0.213745,0.116669
0,0.25,12.5477,11.8305,0.19361,-0.04272
0,0.25,10.4779,12.8548,0.154885,-0.0569175
0,0.25,9.98571,12.7872,0.0251144,0.0796512
0,0.25,10.5973,13.1042,0.199339,-0.0764425
0,0.25,10.2246,12.8309,0.0951323,-0.00517022
0,0.25,1.44427,12.1229,-0.057791,-0.118458
0,0.25,1.86313,13.277,0.261766,-0.214315
0,0.25,1.78642,13.7013,0.0145762,-0.266685
0,0.25,1.22257,15.8463,0.0489487,0.188221
0,0.25,1.51972,14.2637,0.0300694,-0.311403
0,0.25,1.47963,17.5599,0.0783162,0.203991
0,0.25,1.341,15.6273,-0.354918,-0.0451029
0,0.25,2.45535,19.7218,-0.0110206,-0.0511053
0,0.25,2.72772,20.1016,0.00408483,0.0180186
0,0.25,1.97738,17.5526,0.0285545,-0.247287
0,0.25,2.36366,19.1309,-0.191472,-0.415927
0,0.25,3.59242,20.44,-0.132308,-0.190962
0,0.25,3.26928,20.4093,0.0621291,-0.0382079
0,0.25,3.43153,20.5866,0.0165041,0.0133499
0,0.25,7.84149,22.8905,-0.465676,-0.054362
0,0.25,6.13828,22.2942,-0.0923585,-0.0923779
0,0.25,8.48144,22.0357,-0.0535264,0.294472
0,0.25,9.0853,22.3877,-0.294216,-0.0756408
0,0.25,10.7746,21.7674,-0.168828,-0.0210149
0,0.25,10.7194,22.0178,-0.222126,0.00320653
0,0.25,12.9805,20.6155,-0.167309,-0.150119
0,0.25,12.3327,20.3657,-0.57836,0.153333
0,0.25,13.6582,18.2604,-0.00729673,0.279764
0,0.25,13.9834,18.9821,0.0392036,0.274252
0,0.25,13.9522,19.4251,-0.238093,0.30216
0,0.25,13.1606,20.4387,-0.111362,-0.153724
0,0.25,14.6562,17.9681,0.152464,0.523385
0,0.25,14.8182,16.0346,0.00761116,0.378574
0,0.25,13.4276,20.7857,-0.121204,0.0251562
0,0.25,14.9804,15.5667,-0.0545446,0.196507
0,0.25,12.7893,13.9544,0.149658,0.0631631
0,0.25,11.6244,13.6517,0.22764,0.0249979
0,0.25,13.6815,12.4498,0.214105,0.0321409
0,0.25,15.0273,15.8845,0.0716641,0.376291
0,0.25,12.8214,12.3226,0.197612,-0.0612124
0,0.25,12.0896,14.6033,0.258432,-1.59088e-05
0,0.25,9.0022,13.1408,0.119743,0.0571566
0,0.25,15.3164,16.8482,-0.109003,0.243392
0,0.25,14.6281,12.8502,0.0895212,0.29905
0,0.25,11.7701,13.4349,0.218545,0.00217837
0,0.25,10.3711,12.6052,0.128865,0.0192392
0,0.25,15.2589,15.8513,0.0548973,0.218545
0,0.25,9.42877,12.4391,0.113504,0.0580136
0,0.25,10.6251,12.6342,0.175339,-0.00772098
0,0.25,15.5004,15.7323,-0.0295278,0.385571
0,0.25,11.1828,11.6266,0.120516,0.0698005
0,0.25,11.3762,12.0498,0.13676,0.0496274
0,0.25,14.3031,11.3941,0.345333,-0.0037251
0,0.25,9.85837,12.2055,0.184404,0.0319064
0,0.25,10.1315,12.558,0.102395,0.0942848
0,0.25,10.7357,12.8825,0.194376,-0.0469147
0,0.25,15.2661,12.8961,0.042671,0.292788
0,0.25,15.4791,15.5157,0.0454103,0.425971
0,0.25,13.5323,11.0318,0.345577,-0.0233085
0,0.25,14.3643,14.0521,0.0346985,0.357094
0,0.25,10.938,12.2093,0.110302,0.0261625
0,0.25,1.74417,13.076,0.12534,-0.0813221
0,0.25,1.29166,15.0055,0.183681,0.0231732
0,0.25,1.52566,13.8389,-0.0693172,-0.28278
0,0.25,1.60882,18.0082,0.0520395,0.184162
0,0.25,1.5348,16.6127,0.0209352,-0.0578859
0,0.25,1.87138,18.6961,-0.0155886,-0.055763
0,0.25,1.68293,17.336,0.0718564,0.112359
0,0.25,3.18397,20.659,0.000193838,-0.0444129
0,0.25,3.71742,21.1483,-0.0346621,-0.0336444
0,0.25,4.26519,21.5829,-0.0964967,-0.06367
0,0.25,4.6655,21.8476,-0.0946879,0.0465795
0,0.25,5.31488,21.2465,-0.313008,-0.0311221
0,0.25,6.6429,22.6693,0.0115692,0.0124978
0,0.25,5.73088,22.3785,0.00935306,0.0493939
0,0.25,7.20871,21.9174,-0.257883,-0.493218
0,0.25,8.84479,22.4252,-0.279042,0.14922
0,0.25,8.65106,22.2299,-0.388888,0.238169
0,0.25,8.96725,22.8686,0.0653958,0.0463859
0,0.25,10.2099,22.4188,-0.0750985,0.0241963
0,0.25,9.44149,22.8129,-0.0203491,-0.0767835
0,0.25,12.6061,20.6794,-0.0458594,-0.122996
0,0.25,12.3781,20.6191,-0.162207,-0.0254537
0,0.25,10.4383,22.3471,-0.04186,0.0591701
0,0.25,13.2558,20.9569,-0.0456696,-0.0427564
0,0.25,12.3309,21.6948,0.018357,0.0741481
0,0.25,13.4084,20.4895,-0.194353,0.124234
0,0.25,13.0214,20.8689,-0.116639,-0.149931
0,0.25,14.6208,15.6206,0.289018,0.217313
0,0.25,14.747,15.4289,0.0317439,0.123252
0,0.25,13.9018,20.2542,0.0270563,0.110169
0,0.25,14.6147,15.8915,0.0392423,0.155102
0,0.25,13.3209,12.1545,0.275117,-0.0372722
0,0.25,12.9503,12.1185,0.202818,-0.0618723
0,0.25,11.4597,14.3512,0.261464,0.0270903
0,0.25,13.8198,12.7132,0.175102,0.0208771
0,0.25,13.146,11.9824,0.262316,-0.0039915
0,0.25,15.3356,17.3339,0.0204974,-0.0698014
0,0.25,11.9948,13.9159,0.242544,-0.00731772
0,0.25,9.6099,12.6819,0.0858344,-0.0391571
0,0.25,14.4202,12.6997,0.166101,0.147065
0,0.25,12.3611,14.6016,0.261305,0.00109177
0,0.25,9.13925,11.3201,-0.0391142,0.183587
0,0.25,14.1799,13.0488,0.140805,0.203043
0,0.25,8.76032,12.9211,0.0700166,0.38019
0,0.25,9.37358,12.7016,0.0856562,0.09672
0,0.25,9.87903,12.5518,0.111933,0.0608161
0,0.25,15.518,12.8094,0.0553341,0.444713
0,0.25,11.1221,13.1464,0.200515,-0.0236336
0,0.25,13.4062,11.508,0.41054,0.0861591
0,0.25,15.2861,12.6475,-0.00634262,0.331468
0,0.25,10.2952,12.3274,0.127101,0.0583665
0,0.25,11.2433,13.3855,0.21346,-0.00129407
0,0.25,13.913,11.0639,0.335269,-0.0648719
0,0.25,12.6527,11.628,0.31276,-0.0140356
0,0.25,12.762,11.3214,0.407082,0.0563818
0,0.25,15.2269,11.1126,0.25699,-0.129977
0,0.25,1.24088,12.0098,-0.466302,0.146259
0,0.25,1.24051,16.116,0.0513217,0.108653
0,0.25,1.37492,17.1015,0.0362141,0.221137
0,0.25,1.70093,16.149,-0.0715697,-0.171602
0,0.25,1.73407,16.4162,-0.0761859,-0.109352
0,0.25,2.22706,16.948,-0.0657956,-0.369416
0,0.25,2.13665,18.6885,0.0570151,-0.15112
0,0.25,3.54064,20.9961,-0.00546438,-0.0380582
0,0.25,2.80103,19.8136,-0.19845,-0.0161263
0,0.25,3.80746,20.9272,-0.0383095,-0.138839
0,0.25,4.66004,21.5801,-0.339073,-0.0694327
0,0.25,6.03716,21.8138,-0.280759,0.0135107
0,0.25,5.63521,22.107,-0.271266,-0.0529339
0,0.25,5.89031,22.206,-0.123869,-0.0140735
0,0.25,8.8991,22.1881,-0.312793,0.125898
0,0.25,10.0754,21.9644,-0.0535397,0.00964715
0,0.25,6.38787,22.3842,-0.0289121,-0.128976
0,0.25,11.6934,21.34,-0.174213,0.0850436
0,0.25,11.2108,21.8353,-0.210275,0.229313
0,0.25,12.789,20.7876,-0.142753,0.0240516
0,0.25,14.6145,16.908,-0.231438,0.489942
0,0.25,11.9387,21.2078,-0.133094,0.0156881
0,0.25,12.8155,21.044,-0.0137302,0.00888599
0,0.25,14.5263,15.2512,0.129778,0.319155
0,0.25,13.5667,13.2892,0.143202,0.0798774
0,0.25,13.4474,13.0313,0.209301,0.0196911
0,0.25,14.9279,16.6698,0.0659272,0.107147
0,0.25,13.5935,20.278,-0.0732497,0.274356
0,0.25,13.7305,13.1434,0.179089,0.0741508
0,0.25,15.016,16.1644,0.0399864,0.296716
0,0.25,12.6448,14.1697,0.227663,0.0584543
0,0.25,14.1967,13.3207,0.057003,0.299186
0,0.25,12.9074,15.0188,0.0871239,0.0136071
0,0.25,12.8157,11.8755,0.202265,-0.0464857
0,0.25,15.2137,15.6268,-0.0931412,0.264225
0,0.25,14.7628,15.1724,0.163124,0.064531
0,0.25,10.0424,12.3155,0.166484,0.0921331
0,0.25,14.0898,11.0691,0.396796,-0.0763563
0,0.25,9.0007,13.3814,0.0686548,0.024498
0,0.25,9.31641,11.4743,0.037158,0.057488
0,0.25,11.229,13.8514,0.240862,0.000799731
0,0.25,13.6842,11.504,0.41194,0.0144239
0,0.25,14.1037,12.8094,0.226469,0.138237
0,0.25,14.4177,11.667,0.343818,0.0488681
0,0.25,14.3841,12.4223,0.222454,0.103711
0,0.25,14.4746,11.1057,0.340082,-0.0698267
0,0.25,13.8311,11.3098,0.473545,0.0503146
0,0.25,9.16313,12.0819,0.142527,0.115033
0,0.25,12.067,11.5465,0.21455,-0.0258373
0,0.25,14.8276,12.4468,0.187087,0.236438
0,0.25,15.0436,12.9167,0.049243,0.186019
0,0.25,15.2914,11.4237,0.169206,0.0294283
0,0.25,10.8833,12.6657,0.190021,-0.0175788
0,0.25,15.4889,15.0658,0.0755973,0.413731
0,0.25,13.1811,11.5794,0.320735,0.00885585
0,0.25,10.7369,11.2881,0.136602,0.154197
0,0.25,1.62228,12.8348,0.230538,-0.0217455
0,0.25,1.88816,12.8589,0.218151,-0.120321
0,0.25,1.56823,14.9471,0.174008,-0.369382
0,0.25,1.46069,15.8556,0.108354,-0.313842
0,0.25,2.37402,16.765,-0.142465,-0.412709
0,0.25,1.74534,17.56,0.132424,0.130191
0,0.25,2.64536,19.5978,-0.2576,-0.266189
0,0.25,2.99721,19.3349,-0.398681,-0.0544581
0,0.25,4.07675,21.44,-0.0234586,-0.071888
0,0.25,4.46221,21.7186,-0.0923704,-0.0342563
0,0.25,6.41171,22.6149,-0.0867029,0.0149573
0,0.25,5.09582,21.6063,-0.445657,-0.142878
0,0.25,5.99489,21.3265,-0.519488,-0.0568106
0,0.25,7.28527,22.1525,-0.365175,-0.33701
0,0.25,7.20293,21.231,-0.158915,-0.0720334
0,0.25,8.43988,22.9105,-0.284178,0.00106235
0,0.25,9.02657,22.6291,-0.0972989,-0.00125134
0,0.25,9.5007,22.5749,-0.144711,-0.11054
0,0.25,13.2693,19.6341,-0.108917,0.159395
0,0.25,10.6249,22.5258,-0.0381127,0.098387
0,0.25,12.5976,21.2225,-0.102203,-0.00427377
0,0.25,12.1396,21.3262,-0.0995252,0.0207335
0,0.25,11.8974,21.7068,-0.107195,-0.0467204
0,0.25,14.3781,17.3469,0.0637797,0.509845
0,0.25,13.7964,19.6343,-0.228706,0.343395
0,0.25,12.7812,13.3071,0.125366,-0.0653271
0,0.25,13.9585,13.6939,-0.00340504,0.316032
0,0.25,12.7091,21.4099,0.0746044,-0.10072
0,0.25,13.647,14.4854,0.487273,0.263167
0,0.25,12.2415,12.2191,0.181526,-0.0610038
0,0.25,14.9482,17.7934,0.217726,0.00258847
0,0.25,11.7584,12.3206,0.170179,-0.0251895
0,0.25,14.6805,19.0777,-0.0540676,0.144927
0,0.25,10.0018,14.2923,0.217906,-0.0332868
0,0.25,12.639,14.6065,0.250056,0.0317678
0,0.25,15.2452,16.0963,0.0750322,0.239446
0,0.25,11.5981,14.1212,0.254346,0.0346872
0,0.25,8.74423,14.8211,0.0205006,-0.0403819
0,0.25,10.7779,12.4135,0.158342,0.0133295
0,0.25,10.7655,10.7715,0.267213,0.29506
0,0.25,15.4826,16.2055,0.00467048,0.384679
0,0.25,15.0543,13.4887,0.0689082,0.254328
0,0.25,11.6079,11.8097,0.0941101,0.131894
0,0.25,12.3555,11.5805,0.238951,-0.0173329
0,0.25,12.1755,11.3551,0.288507,0.038685
0,0.25,10.6225,11.8136,0.115161,0.0876566
0,0.25,10.0154,11.2098,0.132772,0.101467
0,0.25,11.316,11.2057,0.30252,0.158231
0,0.25,15.024,14.5269,0.0575277,0.290158
0,0.25,11.0718,11.0099,0.292671,0.261678
0,0.25,15.2301,15.3953,0.0737561,0.328227
0,0.25,14.4175,13.22,0.0146105,0.251971
0,0.25,12.0127,10.8441,0.405935,0.131576
0,0.25,15.5144,11.2778,0.0538264,0.22399
0,0.25,11.5688,10.7783,0.380894,0.201108
0,0.25,10.9487,11.4596,0.20109,0.128785
0,0.25,1.7477,12.5348,-0.0347384,-0.0147439
0,0.25,2.26278,12.9829,0.272674,-0.295981
0,0.25,1.57466,16.861,-0.00742385,-0.0162161
0,0.25,1.62892,17.1073,0.0680711,0.0502378
0,0.25,2.58849,19.915,-0.0364011,-0.0124977
0,0.25,2.03183,18.4739,0.105694,-0.0334258
0,0.25,3.2036,18.8706,-0.200756,-0.122967
0,0.25,3.15054,19.5415,-0.359108,-0.146199
0,0.25,3.05365,19.7791,-0.223894,-0.0767123
0,0.25,5.33016,21.7466,-0.394708,-0.150955
0,0.25,5.95359,22.4649,0.0321175,-0.010903
0,0.25,6.86927,22.7216,0.0306983,0.0476344
0,0.25,8.12615,22.5105,-0.168443,0.0865455
0,0.25,7.86109,22.2789,-0.838725,-0.271441
0,0.25,7.71372,22.6863,-0.345882,-0.38922
0,0.25,10.7941,21.5189,-0.159559,0.0887872
0,0.25,9.20363,22.8409,0.0661471,-0.0615749
0,0.25,11.4447,21.7157,-0.0911839,0.151616
0,0.25,13.8424,19.2012,-0.103833,0.29414
0,0.25,11.1613,22.0735,-0.359634,0.202936
0,0.25,11.0657,22.3567,0.0846415,0.0645976
0,0.25,12.1216,21.8291,-0.072341,-0.00846604
0,0.25,11.6991,22.0647,0.0574839,-0.0397081
0,0.25,14.7204,17.7128,0.283786,0.380139
0,0.25,12.9827,13.1398,0.132267,-0.0783035
0,0.25,13.2193,20.6881,-0.203013,-0.0646437
0,0.25,14.7894,18.8659,-0.0134083,0.155388
0,0.25,12.1209,11.9894,0.193236,-0.0472817
0,0.25,11.8162,12.9902,0.17735,-0.0207646
0,0.25,12.0644,12.4052,0.168582,-0.0512646
0,0.25,14.0421,20.0693,0.0322169,0.0293049
0,0.25,14.9852,18.4337,0.0146967,0.0667336
0,0.25,9.21472,13.4713,0.112451,0.121356
0,0.25,15.4176,17.046,-0.0985927,0.202239
0,0.25,8.99115,13.6473,0.181627,0.0225294
0,0.25,15.2517,17.5371,0.130921,-0.063637
0,0.25,14.5671,14.7511,0.0347506,0.327426
0,0.25,11.2142,14.3341,0.253003,-0.0017255
0,0.25,14.366,13.7725,0.0934923,0.332216
0,0.25,13.9081,12.9553,0.184498,0.0480075
0,0.25,14.978,15.3186,0.088025,0.244164
0,0.25,10.8175,11.9434,0.103011,0.0631173
0,0.25,11.4824,13.8733,0.25072,0.0267592
0,0.25,13.7909,11.8014,0.338753,-0.000641776
0,0.25,11.7576,11.6287,0.157471,0.124397
0,0.25,14.8332,12.7343,0.0808997,0.314137
0,0.25,10.5911,13.5717,0.254241,-0.0597873
0,0.25,12.874,11.5344,0.348167,-0.00109017
0,0.25,14.8336,13.3133,0.0586569,0.27902
0,0.25,10.7187,13.3451,0.228353,-0.0524508
0,0.25,14.8015,14.3715,-0.0373545,0.302343
0,0.25,15.3682,11.1197,0.187111,-0.0433574
0,0.25,14.7952,14.6384,0.0963552,0.274465
0,0.25,10.3943,11.861,0.0849834,0.0603783
0,0.25,9.70211,10.8996,0.020705,0.272247
0,0.25,9.21606,11.0678,0.0621733,0.0618392
0,0.25,1.51591,12.3658,0.00643355,0.0114927
0,0.25,2.37132,12.2788,0.0741724,-0.088219
0,0.25,1.53088,14.496,0.0367508,-0.277682
0,0.25,1.90629,15.9149,0.016651,-0.407485
0,0.25,2.12763,17.3666,0.0708724,-0.314609
0,0.25,2.74377,19.3669,-0.360294,-0.16142
0,0.25,3.36045,20.8363,-0.0212001,-0.00163965
0,0.25,2.85027,19.1259,-0.272924,-0.1192
0,0.25,3.37757,20.2104,-0.166487,-0.206369
0,0.25,4.44522,21.4362,-0.389226,-0.182684
0,0.25,6.18025,22.5412,0.0245564,-0.0744215
0,0.25,7.86036,21.8466,0.101601,-0.0157424
0,0.25,7.37731,22.37,-0.371757,-0.151849
0,0.25,9.14577,22.1497,-0.215687,-0.0552106
0,0.25,7.46514,21.9933,-0.422426,-0.606689
0,0.25,8.27704,22.7262,-0.394205,0.1282
0,0.25,9.73915,22.5345,-0.141411,-0.078432
0,0.25,11.6654,21.8351,-0.144786,0.0348432
0,0.25,9.92326,22.7251,-0.123166,-0.0146693
0,0.25,11.2766,22.2631,0.120687,-0.0315514
0,0.25,13.5275,19.6387,-0.24134,0.409584
0,0.25,10.8474,22.4442,-0.0153698,0.0125485
0,0.25,14.4824,18.9714,-0.0720855,0.257689
0,0.25,13.495,20.0544,-0.043298,0.205069
0,0.25,14.0591,19.6556,-0.140362,0.15638
0,0.25,14.599,16.1654,0.00859915,0.170378
0,0.25,12.4836,13.2904,0.163655,-0.0756719
0,0.25,14.5545,14.9908,-0.15649,0.437844
0,0.25,14.7542,17.4591,0.10989,0.233353
0,0.25,13.2502,14.1095,0.124728,0.032784
0,0.25,14.8373,15.7479,0.182715,0.417949
0,0.25,15.2253,16.3465,0.0959722,0.234153
0,0.25,15.2161,17.7561,0.0449396,-0.0852384
0,0.25,15.0913,16.8387,-0.123835,0.270643
0,0.25,10.0864,13.5627,0.300751,-0.0648238
0,0.25,9.75675,14.3205,0.214684,0.0265714
0,0.25,10.8581,13.1238,0.215574,-0.0447662
0,0.25,15.4577,16.4359,0.00349479,0.385533
0,0.25,11.5072,13.4084,0.212872,0.0208917
0,0.25,13.8735,12.2672,0.296543,0.0110259
0,0.25,14.5428,11.9685,0.277792,0.105173
0,0.25,10.409,11.5902,0.137381,0.12218
0,0.25,9.72137,11.6443,0.0547324,0.121358
0,0.25,14.801,14.1108,-0.0449566,0.274895
0,0.25,10.9806,13.3641,0.219929,-0.0301972
0,0.25,15.5142,13.3196,0.0327298,0.456788
0,0.25,15.0217,12.0276,0.141792,0.133284
0,0.25,14.8771,11.5788,0.219918,-0.0420718
0,0.25,14.8312,11.1183,0.267828,-0.0973874
0,0.25,14.6021,13.6813,0.0571429,0.2975
0,0.25,12.1024,11.0859,0.268786,0.149091
0,0.25,14.5763,14.4839,-0.0382133,0.410432
0,0.25,15.5159,13.8448,-0.000255421,0.454468
0,0.25,14.8206,13.8543,0.0141051,0.250763
0,0.25,14.6202,12.5465,0.167183,0.252044
0,0.25,8.73662,11.8965,0.0245948,0.340853
0,0.25,1.38687,11.7658,-0.00909282,0.0898627
0,0.25,2.16898,12.7736,0.108887,-0.250763
0,0.25,1.496,16.3632,-0.0444538,-0.109487
0,0.25,2.32925,19.5251,-0.0416407,-0.0408212
0,0.25,2.87029,20.2876,0.00598437,-0.0046107
0,0.25,2.4794,18.8854,-0.0607374,-0.509323
0,0.25,3.40755,19.5292,-0.343548,-0.334229
0,0.25,3.81238,20.6613,-0.0236277,-0.179873
0,0.25,4.23451,21.0164,-0.0883306,-0.360108
0,0.25,5.58139,21.8671,-0.324131,0.0162494
0,0.25,7.10768,22.3345,-0.160263,0.0088886
0,0.25,6.79958,21.3561,-0.166594,0.0249048
0,0.25,7.45955,22.6072,-0.0194546,-0.417911
0,0.25,6.8458,22.292,-0.129004,0.0681621
0,0.25,8.39954,22.2681,-0.501643,0.273166
0,0.25,8.54158,22.7055,-0.208154,0.174099
0,0.25,12.179,21.0608,0.0228566,0.0537968
0,0.25,12.3958,20.8786,0.067729,-0.00610836
0,0.25,12.8199,20.4746,-0.217352,-0.045123
0,0.25,13.505,18.956,-0.0177546,0.283721
0,0.25,13.7473,18.9601,0.0255855,0.269812
0,0.25,13.9083,18.2262,-0.0181681,0.345393
0,0.25,14.3225,16.5437,0.116126,0.295011
0,0.25,14.0742,14.9583,-0.0689146,0.324546
0,0.25,13.3503,12.787,0.173681,0.000462023
0,0.25,12.2777,12.8542,0.168663,-0.0695532
0,0.25,14.8807,18.0196,0.237598,0.0333815
0,0.25,15.2057,16.5925,0.0671508,0.281063
0,0.25,11.6306,12.0858,0.176016,-0.0151225
0,0.25,13.4705,13.937,-0.0252832,0.0175065
0,0.25,12.502,14.3859,0.254824,0.0299417
0,0.25,13.9424,12.5185,0.202022,0.0756722
0,0.25,11.358,14.8242,0.155846,0.0193532
0,0.25,11.7067,12.7565,0.176907,-0.0186108
0,0.25,15.075,18.2084,-0.00346536,0.0613681
0,0.25,11.3657,13.6276,0.227068,0.0124089
0,0.25,9.32419,11.8867,0.0939055,0.14494
0,0.25,8.75465,14.5944,-0.0236805,-0.0438686
0,0.25,9.18819,13.7703,0.202944,0.0992796
0,0.25,8.73953,13.8801,0.0850654,0.19517
0,0.25,11.1522,12.6985,0.205124,-0.0209268
0,0.25,10.4647,12.1024,0.110937,0.0430919
0,0.25,14.572,14.2184,-0.0150272,0.411668
0,0.25,14.6205,13.1118,0.0433103,0.323864
0,0.25,13.2803,11.2608,0.535958,0.101792
0,0.25,12.5943,11.1427,0.500045,0.104674
0,0.25,14.6343,11.697,0.333617,0.0329697
0,0.25,15.2747,14.1887,-0.117632,0.308276
0,0.25,10.9623,10.7784,0.290081,0.273771
0,0.25,14.6186,13.4024,0.000874435,0.248253
0,0.25,13.5529,11.7319,0.346519,0.0770063
0,0.25,15.5071,13.061,0.00689595,0.43334
0,0.25,9.01758,10.8716,0.0167992,0.344012
0,0.25,10.2252,10.9084,0.117143,0.207062
0,0.25,8.80964,10.662,-0.240403,0.291836
0,0.25,15.2602,11.9453,0.0690239,0.102805
0,0.25,1.66245,12.0497,-0.112132,-0.155068
0,0.25,2.21174,12.1342,-0.138759,0.0459509
0,0.25,1.56711,14.047,0.115504,-0.308719
0,0.25,2.52357,15.8011,-0.158147,-0.275419
0,0.25,2.46206,17.0584,-0.0567925,-0.524483
0,0.25,2.35608,18.6298,-0.0473599,-0.554305
0,0.25,3.62557,19.1109,-0.253265,-0.227608
0,0.25,3.21259,19.9884,-0.128865,-0.14844
0,0.25,4.02692,20.8479,0.0094491,-0.246506
0,0.25,4.2303,21.278,-0.309755,-0.363644
0,0.25,5.37329,21.9834,-0.423792,-0.201412
0,0.25,7.05598,21.4166,-0.124752,-0.0615916
0,0.25,6.48181,21.0371,-0.251921,-0.133945
0,0.25,7.99596,22.7242,-0.500765,0.0569591
0,0.25,9.85217,22.0301,-0.0222761,0.101422
0,0.25,10.0281,22.2279,-0.0163116,0.0389167
0,0.25,9.2635,22.6025,-0.14146,-0.161922
0,0.25,10.9085,22.1814,-0.213945,0.170239
0,0.25,12.3748,21.1608,-0.0864545,0.179801
0,0.25,13.2057,20.0673,-0.278142,0.180366
0,0.25,13.5932,19.1919,-0.0415874,0.252545
0,0.25,14.1022,19.2119,-0.158222,0.287162
0,0.25,13.337,20.2542,-0.0488847,0.0194588
0,0.25,14.2379,18.9872,0.00658628,0.276175
0,0.25,13.9662,15.1395,0.173393,0.429855
0,0.25,13.0726,21.1126,0.0307287,-0.13022
0,0.25,14.6035,18.7251,0.0836114,0.241899
0,0.25,11.5413,12.9593,0.187688,0.013281
0,0.25,14.813,16.9102,-0.201943,-0.0679985
0,0.25,13.1842,14.5738,0.248676,0.0222174
0,0.25,14.0814,12.0933,0.352832,0.0453068
0,0.25,12.9624,13.7447,0.0578033,0.0303003
0,0.25,14.4464,19.492,-0.0357833,0.0980937
0,0.25,12.6775,12.0808,0.195667,-0.0528259
0,0.25,10.722,13.815,0.248788,-0.0131693
0,0.25,10.8518,14.5611,0.246771,0.0155264
0,0.25,9.19632,14.015,0.170373,0.163904
0,0.25,9.68768,12.4359,0.146241,-0.00716302
0,0.25,10.0238,11.9758,0.103586,0.0682268
0,0.25,9.89282,15.0095,0.0375829,0.0314758
0,0.25,8.75026,13.4,0.0707851,0.340204
0,0.25,8.75033,13.1598,0.0341426,0.336352
0,0.25,10.3614,10.6758,0.247393,0.359049
0,0.25,11.5983,11.1737,0.327436,0.14719
0,0.25,10.5533,10.7482,0.24207,0.213357
0,0.25,10.8192,11.6512,0.125543,0.084694
0,0.25,15.0343,12.6294,0.047197,0.158445
0,0.25,15.4997,14.8389,0.0355699,0.371686
0,0.25,15.0419,14.0155,-0.0391007,0.252999
0,0.25,15.5,15.2928,0.0167965,0.423148
0,0.25,15.0538,13.7544,0.0007377,0.219851
0,0.25,9.50347,11.0113,0.0351604,0.274586
0,0.25,15.2822,13.4133,0.0281789,0.305391
0,0.25,13.1596,10.995,0.441797,0.0510761
0,0.25,15.5139,13.5805,0.0236755,0.442046
0,0.25,13.2907,10.9852,0.487205,-0.0252439
0,0.25,1.73893,11.6585,0.113916,0.0588714
0,0.25,3.03162,12.3082,0.220493,-0.109106
0,0.25,2.03304,13.0591,0.306336,-0.226131
0,0.25,1.54234,17.7821,0.0928961,0.162483
0,0.25,1.91818,16.1998,-0.119134,-0.406264
0,0.25,1.9405,18.2521,0.228088,-0.0218216
0,0.25,2.49755,19.3646,-0.342652,-0.422138
0,0.25,3.51384,19.3187,-0.317946,-0.297243
0,0.25,3.45767,19.9762,-0.192609,-0.320218
0,0.25,4.6529,21.3142,-0.415716,-0.0822763
0,0.25,5.29647,22.1843,0.0482251,0.0116573
0,0.25,5.83198,21.9646,-0.250087,0.101472
0,0.25,7.98793,22.0853,-0.277432,0.14785
0,0.25,7.66998,21.3246,0.18792,0.00555896
0,0.25,8.58496,21.7977,0.0110722,0.239365
0,0.25,10.3116,21.6689,-0.285734,-0.0484076
0,0.25,10.5852,21.3495,-0.266366,0.0948324
0,0.25,11.5206,20.7119,-0.163452,0.243102
0,0.25,8.78867,22.6694,-0.0831231,0.203782
0,0.25,11.9057,21.461,-0.0480152,-0.0218788
0,0.25,13.4023,18.7143,-0.0116561,0.284317
0,0.25,12.3712,19.6866,-0.114488,0.132518
0,0.25,14.2992,17.6313,0.302742,0.503901
0,0.25,14.3182,15.0895,-0.237159,0.656719
0,0.25,12.5245,21.5502,0.106131,-0.0327503
0,0.25,14.206,19.4452,-0.159322,0.192411
0,0.25,14.35,14.6006,-0.0192846,0.383464
0,0.25,15.027,17.3479,-0.0239735,-0.00924173
0,0.25,13.5929,20.6114,-0.102673,0.12603
0,0.25,14.1373,12.333,0.249488,0.0809473
0,0.25,14.1827,19.8853,-0.00840488,0.00218109
0,0.25,11.0372,12.4584,0.183303,-0.00573399
0,0.25,11.5738,14.6007,0.262036,0.0281931
0,0.25,11.7091,14.3674,0.26555,0.0298702
0,0.25,14.3167,19.6915,-0.0422806,0.0297686
0,0.25,11.9667,14.3754,0.265422,0.00496984
0,0.25,9.2163,12.3912,0.0223921,0.157614
0,0.25,14.3984,13.5098,0.0609524,0.30678
0,0.25,15.4591,16.671,0.00937236,0.398345
0,0.25,11.8285,11.9516,0.192845,-0.0109058
0,0.25,9.41735,10.6278,0.0639988,0.0756486
0,0.25,8.745,11.143,0.00573346,0.369542
0,0.25,8.75665,13.6362,0.0807183,0.273264
0,0.25,8.99463,10.5992,-0.178999,0.439105
0,0.25,8.95828,12.5607,-0.0282422,0.218767
0,0.25,9.00416,12.292,0.085568,0.201598
0,0.25,9.86578,13.0713,0.0795157,-0.0203981
0,0.25,12.9445,11.1377,0.515903,0.0317614
0,0.25,10.1847,10.6561,0.142296,0.279893
0,0.25,9.59679,10.6174,-0.0307962,0.326058
0,0.25,14.9759,12.2758,0.167693,0.191297
0,0.25,15.0323,14.2678,-0.0807445,0.27726
0,0.25,15.1839,12.4215,0.189382,0.187263
0,0.25,11.5476,11.3923,0.221942,0.173646
0,0.25,15.4967,11.8179,0.113306,0.395412
0,0.25,11.4223,10.7513,0.388708,0.226642
0,0.25,1.25318,11.7297,-0.0898939,0.220681
0,0.25,1.75824,12.3004,-0.0522734,-0.0759074
0,0.25,2.53231,12.4416,0.193473,-0.158203
0,0.25,2.0913,13.79,0.176686,-0.171676
0,0.25,1.4678,16.1108,0.0405307,-0.254818
0,0.25,1.80279,17.7886,0.0957577,0.139562
0,0.25,2.60357,19.1351,-0.209542,-0.368569
0,0.25,2.96701,17.9625,0.00291945,-0.214946
0,0.25,3.30671,19.7538,-0.251659,-0.273534
0,0.25,3.61038,20.7531,0.0191157,-0.0736576
0,0.25,5.08962,21.3529,-0.365021,-0.0806731
0,0.25,7.32238,22.8038,0.0985145,-0.0831559
0,0.25,6.24788,21.6618,-0.37058,-0.0913027
0,0.25,8.36928,22.4982,-0.199129,0.186988
0,0.25,7.20755,22.5543,-0.148476,0.0838449
0,0.25,8.71607,22.8962,-0.103213,0.0624126
0,0.25,10.483,22.0908,-0.124244,-0.0271365
0,0.25,11.4874,21.2139,-0.247122,0.175574
0,0.25,9.36039,21.2681,-0.117935,-0.0596961
0,0.25,12.6067,19.7615,-0.162256,0.161726
0,0.25,12.59,20.9723,-0.0686453,0.0298764
0,0.25,14.2413,17.911,0.158964,0.3678
0,0.25,11.8343,20.1744,-0.389726,0.151317
0,0.25,13.7577,20.0651,-0.00601151,0.295712
0,0.25,14.3486,19.2167,-0.13412,0.285262
0,0.25,14.9895,16.437,0.145867,0.203404
0,0.25,14.1472,14.1496,-0.00598011,0.1429
0,0.25,13.5989,12.1987,0.332399,0.0192293
0,0.25,13.6395,12.8881,0.187672,0.0555377
0,0.25,11.9494,12.1788,0.165101,-0.0337788
0,0.25,13.8545,14.8089,0.115029,0.26793
0,0.25,12.1469,13.6976,0.209909,-0.0294859
0,0.25,12.3994,12.0249,0.189979,-0.0568806
0,0.25,13.7088,15.0103,0.0434522,0.127013
0,0.25,14.8875,18.6499,0.0249133,0.103577
0,0.25,10.3344,13.5604,0.285018,-0.0781541
0,0.25,15.1483,17.9799,0.160588,0.0212445
0,0.25,9.48653,11.6379,0.0340608,0.147071
0,0.25,9.77552,14.7754,0.0754586,0.00107184
0,0.25,9.64407,15.0109,0.0183484,-0.0152088
0,0.25,13.8011,12.0293,0.358478,0.0250328
0,0.25,9.32081,14.5416,0.145019,0.0951079
0,0.25,14.1728,11.6395,0.387259,0.0170715
0,0.25,10.8484,13.5866,0.227025,-0.0183995
0,0.25,14.0486,11.8571,0.351448,0.019035
0,0.25,11.1076,12.027,0.115464,0.0626673
0,0.25,15.0159,14.7867,0.0460494,0.313507
0,0.25,9.43463,11.2313,0.0021975,0.228889
0,0.25,15.5081,12.0702,0.00610381,0.401988
0,0.25,15.0624,11.4401,0.189767,-0.0894223
0,0.25,15.0528,13.2151,0.0450833,0.211664
0,0.25,10.5129,11.2302,0.164862,0.122112
0,0.25,15.5035,14.5994,0.0442475,0.347035
0,0.25,15.0452,11.7687,0.191195,0.0330426
0,0.25,11.1682,10.7738,0.297835,0.24589
0,0.25,15.2577,14.6847,0.0295177,0.31516
0,0.25,2.33123,11.6537,0.10485,-0.0411715
0,0.25,1.62968,11.8212,-0.178173,0.0138123
0,0.25,2.67749,12.1534,0.0798125,-0.204555
0,0.25,2.53908,13.1154,0.245915,-0.179828
0,0.25,1.82798,14.144,0.0784545,-0.303507
0,0.25,1.95056,16.499,-0.0624801,-0.381047
0,0.25,2.68479,17.1726,-0.0448187,-0.622188
0,0.25,3.06332,18.6428,-0.0806706,-0.163533
0,0.25,3.32812,18.6604,-0.0888603,-0.116174
0,0.25,3.86561,20.1701,-0.285355,-0.266706
0,0.25,4.01551,21.1036,-0.196253,-0.238176
0,0.25,4.88076,21.7171,-0.356749,-0.0809591
0,0.25,7.0969,22.7674,0.0701867,0.0313005
0,0.25,7.14374,21.6696,-0.343397,-0.365788
0,0.25,6.93972,22.5143,-0.222684,-0.0144314
0,0.25,9.38695,22.1185,-0.144218,-0.0677636
0,0.25,10.3048,21.901,-0.129758,-0.0533212
0,0.25,11.0193,21.4282,-0.16481,0.195867
0,0.25,11.0705,20.9241,-0.0815691,0.196035
0,0.25,12.1797,20.7951,0.0806962,0.102072
0,0.25,12.9447,20.0456,-0.30716,0.061166
0,0.25,13.6445,19.846,-0.118323,0.347586
0,0.25,14.006,17.9704,0.0711863,0.268888
0,0.25,14.2152,18.5323,0.0281656,0.230877
0,0.25,14.4124,17.0505,-0.210746,0.398893
0,0.25,13.2769,18.4894,-0.0395765,0.184125
0,0.25,14.2012,17.168,-0.0660097,0.5301
0,0.25,14.7942,17.2123,-0.165794,0.0673357
0,0.25,4.45921,20.1178,-0.317643,-0.334806
0,0.25,12.6909,13.7239,0.118855,0.00877225
0,0.25,14.3075,14.8425,0.231914,0.665391
0,0.25,12.2314,14.3802,0.255929,0.00741928
0,0.25,14.9919,17.0731,-0.308006,0.116938
0,0.25,11.7378,13.8955,0.247106,0.0198209
0,0.25,12.1118,14.1501,0.246032,-0.000496774
0,0.25,11.3478,14.1015,0.248637,0.0152937
0,0.25,10.4909,14.294,0.228369,0.00528594
0,0.25,9.43449,12.9472,0.0979066,0.102884
0,0.25,13.1272,12.3089,0.206262,-0.0804932
0,0.25,8.9511,12.013,0.0765672,0.266968
0,0.25,10.0293,14.7738,0.0895176,-0.00876825
0,0.25,7.84093,20.7343,0.164747,0.019228
0,0.25,11.4615,11.5902,0.15859,0.127777
0,0.25,14.7395,11.3863,0.275838,-0.0644911
0,0.25,9.19077,11.7019,0.0623128,0.0869477
0,0.25,13.3061,11.8054,0.290173,-0.00368764
0,0.25,15.2561,12.1996,0.0901366,0.198132
0,0.25,14.3101,11.9093,0.330537,0.080201
0,0.25,10.5309,10.9819,0.168974,0.165836
0,0.25,11.3752,10.9896,0.283713,0.179024
0,0.25,11.9065,11.2108,0.255555,0.103935
0,0.25,15.5038,12.539,-0.0101807,0.459866
0,0.25,9.971,10.7272,0.0915628,0.182318
0,0.25,15.5109,14.1021,-0.0260839,0.41485
0,0.25,15.238,14.9282,0.11353,0.305709
0,0.25,15.5096,14.3553,-0.0337879,0.340621
0,0.25,1.92713,11.6755,0.0455548,-0.0334588
0,0.25,1.90481,12.0755,-0.101813,-0.0894477
0,0.25,2.49189,12.8578,0.253355,-0.212822
0,0.25,1.95401,13.5376,0.260969,-0.114868
0,0.25,1.69133,15.8762,0.0544813,-0.273013
0,0.25,1.7731,16.6903,0.0443341,-0.121592
0,0.25,2.2312,18.369,-0.0489867,-0.572247
0,0.25,2.93099,18.4067,0.000677741,-0.231307
0,0.25,2.95779,20.0156,-0.025769,-0.0324129
0,0.25,3.61218,20.2102,-0.242342,-0.271296
0,0.25,4.04365,20.5927,-0.121779,-0.288352
0,0.25,4.91342,20.4446,-0.269671,-0.114357
0,0.25,6.33627,22.1421,-0.0787863,-0.0652155
0,0.25,6.90577,21.6109,-0.446304,-0.102946
0,0.25,5.21313,20.389,-0.0754684,-0.0624379
0,0.25,7.73087,22.0573,-0.382651,-0.428427
0,0.25,8.60686,22.4656,-0.218523,0.218007
0,0.25,10.2535,22.1599,-0.0281455,0.0193574
0,0.25,10.5594,21.5964,-0.251024,-0.0141134
0,0.25,11.97,20.9541,0.0196846,0.112022
0,0.25,11.6731,21.5889,-0.0743463,0.0351982
0,0.25,12.3594,21.4084,-0.070448,0.198609
0,0.25,12.4348,19.946,-0.255538,0.175808
0,0.25,13.4323,19.4161,-0.048908,0.224662
0,0.25,9.10037,21.3034,-0.25584,-0.0261819
0,0.25,13.7866,18.4833,-0.0420136,0.352237
0,0.25,14.3239,18.3009,-0.0421274,0.278986
0,0.25,12.706,19.31,-0.118243,0.113536
0,0.25,14.1349,14.4529,0.0470881,0.249327
0,0.25,14.4294,15.4494,0.0125487,0.2484
0,0.25,13.4964,18.0615,-0.0151652,0.223716
0,0.25,14.795,16.3211,0.0381506,0.328302
0,0.25,12.5891,12.8731,0.184671,-0.0994129
0,0.25,11.8697,12.5575,0.16332,-0.0531734
0,0.25,12.4171,13.7095,0.171254,-0.0173302
0,0.25,11.8843,13.6743,0.220882,-0.0101582
0,0.25,12.2682,11.7853,0.186006,-0.0363194
0,0.25,9.9685,13.8055,0.285834,-0.0312331
0,0.25,11.4831,12.2942,0.168895,-0.00714255
0,0.25,10.362,14.0439,0.247597,-0.0272873
0,0.25,8.97863,12.8625,0.0342727,0.0739551
0,0.25,9.75368,12.8491,-0.00955323,0.0396577
0,0.25,9.17264,10.6139,-0.1201,0.34636
0,0.25,8.73985,12.1697,0.0932963,0.321308
0,0.25,13.9281,11.5837,0.419094,0.0458535
0,0.25,14.8491,13.0354,0.0650223,0.303581
0,0.25,15.5214,11.5698,0.0306259,0.350755
0,0.25,11.9866,11.7616,0.200014,-0.0260834
0,0.25,15.2661,11.6732,0.104799,0.0790741
0,0.25,8.74562,11.6313,0.161519,0.479967
0,0.25,9.61186,11.3849,0.107877,0.20606
0,0.25,10.2876,11.3726,0.142054,0.150323
0,0.25,15.2334,15.1671,0.061217,0.323621
0,0.25,14.6599,11.0792,0.323515,-0.131475
0,0.25,12.4272,10.9042,0.474191,0.163419
0,0.25,8.72594,12.6709,-0.0223507,0.353608
0,0.25,2.13874,11.6651,0.104667,0.0342696
0,0.25,2.02963,11.9044,-0.0107083,-0.0165417
0,0.25,3.2622,12.4035,0.346702,-0.184174
0,0.25,2.74434,13.0173,0.250246,-0.171634
0,0.25,1.42223,17.3324,0.106994,0.187831
0,0.25,2.1205,16.0252,-0.0242671,-0.403882
0,0.25,1.90101,17.2649,-0.0166513,-0.207111
0,0.25,2.2463,18.9062,-0.0593472,-0.284619
0,0.25,2.81099,18.1595,0.0434606,-0.261375
0,0.25,3.09466,19.0928,-0.357598,-0.154072
0,0.25,3.67232,19.5522,-0.304676,-0.410707
0,0.25,4.45183,20.8997,-0.0464627,-0.295178
0,0.25,4.4415,21.1692,-0.254388,-0.232287
0,0.25,5.31576,21.4966,-0.372904,-0.0662057
0,0.25,6.25273,20.9477,-0.302874,-0.0509054
0,0.25,7.64008,22.4415,-0.108548,-0.547953
0,0.25,8.73246,21.9937,-0.0436061,0.198759
0,0.25,9.62514,22.0841,-0.112455,-0.0325123
0,0.25,9.24653,21.491,-0.179598,-0.144425
0,0.25,9.79641,22.2881,-0.0998423,-0.00243322
0,0.25,11.7491,20.8404,-0.0316711,0.223639
0,0.25,11.9546,20.6937,-0.134718,0.218368
0,0.25,12.0807,20.2772,-0.572055,0.177613
0,0.25,9.78064,21.3861,-0.00333936,-0.0248799
0,0.25,13.1087,19.8445,-0.178556,0.124529
0,0.25,13.1841,19.4,-0.098568,0.17029
0,0.25,14.4697,18.5075,0.0361606,0.312101
0,0.25,14.3582,18.7527,0.0739993,0.224479
0,0.25,12.5414,19.5035,-0.12262,0.147329
0,0.25,13.6856,13.5033,0.192441,-0.0267877
0,0.25,13.0741,12.7562,0.20821,-0.0467233
0,0.25,14.8059,18.2465,0.0897523,0.0802432
0,0.25,12.9797,12.5169,0.224064,-0.0769781
0,0.25,12.3881,13.0638,0.187156,-0.0851206
0,0.25,12.2594,13.9286,0.218779,0.00296431
0,0.25,13.3393,14.3558,0.325682,0.118896
0,0.25,12.3596,15.0258,0.146136,-0.00175185
0,0.25,10.9217,15.0174,0.122001,0.00151612
0,0.25,12.7893,14.8036,0.184165,0.013417
0,0.25,11.0892,14.5768,0.258961,-0.00994312
0,0.25,14.1873,12.6026,0.171854,0.0954272
0,0.25,9.40903,14.09,0.205903,0.0561172
0,0.25,11.1073,13.6059,0.228858,-0.015035
0,0.25,9.02907,14.4338,0.132279,0.0149635
0,0.25,11.7379,11.0019,0.257104,0.102539
0,0.25,15.0137,11.1964,0.296866,-0.05523
0,0.25,11.8856,10.8197,0.480203,0.244018
0,0.25,9.31386,10.8395,0.0530542,0.165288
0,0.25,13.5371,11.2888,0.482014,0.0503791
0,0.25,12.7091,10.9072,0.535133,0.0888773
0,0.25,9.95754,10.9804,0.072625,0.166355
0,0.25,11.2161,11.3953,0.271416,0.124439
0,0.25,9.86296,11.414,0.142214,0.0963811
0,0.25,9.7541,11.162,0.0633285,0.220789
0,0.25,15.4875,12.315,0.0839233,0.412439
0,0.25,10.0937,11.5017,0.134328,0.09233
0,0.25,2.96686,11.6818,0.188901,0.0186771
0,0.25,2.51639,12.0246,-0.033654,-0.0391118
0,0.25,2.6388,12.6975,0.278719,-0.210048
0,0.25,2.10751,13.3207,0.19784,-0.219528
0,0.25,1.51599,15.179,0.024758,-0.368835
0,0.25,1.62373,15.6204,-0.156011,-0.307944
0,0.25,1.81889,16.9675,-0.0485308,-0.175529
0,0.25,2.29469,17.2264,0.0543975,-0.350212
0,0.25,2.3244,16.1743,-0.014373,-0.337597
0,0.25,3.19458,18.4319,-0.0256103,-0.116852
0,0.25,3.25101,19.3096,-0.422018,-0.196997
0,0.25,3.56555,19.7537,-0.291155,-0.382452
0,0.25,4.65696,21.0502,-0.205853,-0.129281
0,0.25,4.68907,20.5308,-0.208685,-0.239274
0,0.25,6.28807,21.9026,-0.155785,-0.0714883
0,0.25,6.96604,21.8618,-0.215159,-0.105656
0,0.25,8.14029,22.2929,-0.691746,0.120942
0,0.25,5.58043,20.8909,-0.174549,-0.0460712
0,0.25,8.98766,21.9531,-0.0706088,0.0642671
0,0.25,7.98264,21.6095,0.229871,0.167049
0,0.25,10.5383,21.8352,-0.176964,-0.0752944
0,0.25,11.7324,21.091,-0.169132,0.152422
0,0.25,10.8147,21.2647,-0.243284,0.17051
0,0.25,8.5848,21.356,-0.227432,0.105773
0,0.25,4.47841,19.8273,-0.036112,-0.119754
0,0.25,11.0868,20.6701,-0.248843,0.213133
0,0.25,11.6581,20.3183,-0.44508,0.219843
0,0.25,13.017,19.6114,-0.105173,0.0851086
0,0.25,14.1455,18.1774,-0.0420522,0.277747
0,0.25,13.9021,13.4362,0.249383,0.199204
0,0.25,14.7076,18.4793,0.0925184,0.181672
0,0.25,14.3937,16.0081,0.0902936,0.0442887
0,0.25,12.8744,12.9243,0.174693,-0.104358
0,0.25,12.7916,12.6958,0.202402,-0.0993887
0,0.25,14.0511,16.9583,-0.0202098,0.509447
0,0.25,13.4537,15.0169,-0.0095371,-0.00489066
0,0.25,14.5662,19.2854,-0.0589634,0.101663
0,0.25,12.2168,14.8181,0.217036,-0.0102219
0,0.25,10.8525,14.0628,0.229429,0.00397711
0,0.25,10.3749,14.5435,0.207323,-0.0104703
0,0.25,14.3831,12.9422,0.103829,0.157222
0,0.25,13.5104,11.9717,0.294671,0.0493634
0,0.25,9.6023,13.5314,0.263002,0.124979
0,0.25,10.2198,13.8019,0.287405,-0.0575417
0,0.25,8.79315,15.0494,-0.0689589,0.0115179
0,0.25,8.73926,14.1398,0.0888298,0.043499
0,0.25,8.98146,11.4842,-0.0406299,0.16343
0,0.25,10.5266,12.3824,0.122171,0.0326896
0,0.25,10.2662,11.1335,0.162526,0.19164
0,0.25,14.5307,11.4053,0.3021,-0.00379866
0,0.25,15.2803,13.9336,-0.0288741,0.320625
0,0.25,14.8,11.8694,0.250039,0.0660879
0,0.25,12.8324,10.9275,0.480222,-0.0110597
0,0.25,14.582,13.9434,0.0203487,0.350789
0,0.25,15.263,14.4377,0.0231395,0.300896
0,0.25,8.96705,11.1274,-0.00161347,0.327315
0,0.25,2.71989,11.6781,0.037284,0.0927038
0,0.25,2.32586,11.8986,-0.0604341,0.0507277
0,0.25,3.28952,12.1635,0.25614,-0.126374
0,0.25,3.01388,13.063,0.251194,-0.213811
0,0.25,2.32197,13.2331,0.208536,-0.245921
0,0.25,1.83225,13.9112,0.0565772,-0.360439
0,0.25,1.53015,14.7195,0.125802,-0.273687
0,0.25,2.07698,15.7352,-0.222048,-0.51377
0,0.25,1.99707,16.7986,0.0322575,-0.247285
0,0.25,2.04276,17.0811,-0.00418799,-0.215168
0,0.25,2.0484,17.8285,0.0939092,-0.319617
0,0.25,2.71886,18.8987,-0.118208,-0.285157
0,0.25,3.24305,18.0263,0.0204489,-0.0929439
0,0.25,4.05541,20.3297,-0.258488,-0.327648
0,0.25,4.86982,21.2017,-0.355193,-0.0912123
0,0.25,4.90559,20.6925,-0.113287,-0.116106
0,0.25,6.53935,21.9876,-0.109864,-0.178991
0,0.25,7.75947,21.586,0.272211,-0.00748249
0,0.25,7.88309,22.4981,-0.056483,-0.084085
0,0.25,7.30275,21.4845,0.0495544,-0.287641
0,0.25,9.10008,21.7227,-0.166064,-0.0570828
0,0.25,9.51652,21.4505,-0.102472,-0.0991237
0,0.25,8.11572,21.3674,0.101112,0.124116
0,0.25,11.0047,21.6855,-0.0687911,0.145679
0,0.25,10.829,21.0231,-0.0685904,0.128988
0,0.25,9.61242,21.2191,-0.0450667,0.0199075
0,0.25,9.86489,21.1502,-0.0544315,0.0190167
0,0.25,13.0249,20.2702,-0.34115,0.015063
0,0.25,13.6486,18.7251,-0.01038,0.292565
0,0.25,13.9504,13.9972,-0.0631406,0.186646
0,0.25,13.8341,17.77,0.0746551,0.312562
0,0.25,13.9898,15.4062,-0.0538355,0.45177
0,0.25,14.2011,15.2791,0.000216813,0.816931
0,0.25,13.4183,12.3923,0.225225,-0.0162845
0,0.25,11.9828,12.7913,0.168924,-0.0555826
0,0.25,13.82,17.0365,-0.0713503,0.490553
0,0.25,13.6144,14.7772,0.109812,0.0826301
0,0.25,12.5008,14.8172,0.195698,0.00808926
0,0.25,12.778,14.3923,0.266952,0.0772386
0,0.25,9.72416,13.3006,0.169548,0.066183
0,0.25,11.4886,15.0247,0.184418,-0.000683235
0,0.25,10.656,15.0132,0.0835671,-0.014075
0,0.25,9.45978,13.3179,0.139671,0.185997
0,0.25,9.23963,14.3,0.174207,0.0975757
0,0.25,9.39788,15.0077,-0.0198002,0.0298598
0,0.25,9.03771,14.6465,0.00412978,-0.00958452
0,0.25,12.3027,10.8974,0.471774,0.243565
0,0.25,9.77718,10.6511,0.126694,0.3612
0,0.25,9.39039,12.1615,0.10054,0.22405
0,0.25,10.9947,11.2197,0.194739,0.209081
0,0.25,14.2811,11.1077,0.292205,-0.0992931
0,0.25,13.6929,11.0366,0.452954,0.00539004
0,0.25,12.513,11.4118,0.322384,0.0161456
0,0.25,10.7787,11.0227,0.276491,0.214212
0,0.25,8.76139,12.407,0.0125713,0.269158
0,0.25,15.2866,13.6756,0.0307806,0.348459
0,0.25,2.77399,11.8941,0.183695,0.0187596
0,0.25,2.96614,12.107,0.247018,-0.0583189
0,0.25,2.76912,12.3704,0.145081,-0.210155
0,0.25,2.36748,12.6152,0.245615,-0.131827
0,0.25,3.08752,13.4971,0.234465,-0.226812
0,0.25,2.60365,13.6218,0.171242,-0.202124
0,0.25,2.2048,13.5797,0.197896,-0.189142
0,0.25,1.59258,15.3929,-0.0761321,-0.347648
0,0.25,1.77702,14.3663,0.0181092,-0.324893
0,0.25,1.82797,15.3325,-0.109078,-0.566048
0,0.25,2.21019,17.6455,0.0647223,-0.412575
0,0.25,2.77504,17.4544,4.77207e-05,-0.547182
0,0.25,2.59415,18.6548,-0.065489,-0.41562
0,0.25,3.77657,19.336,-0.203382,-0.318133
0,0.25,4.25081,20.749,-0.0239732,-0.375058
0,0.25,6.08446,22.0531,-0.112221,-0.0788621
0,0.25,6.78209,22.0581,-0.0256186,-0.010205
0,0.25,7.62719,21.8106,-0.0695123,-0.283302
0,0.25,5.78843,21.7223,-0.287663,0.109776
0,0.25,8.23427,22.0668,-0.0886493,0.304937
0,0.25,6.67282,21.5586,-0.504893,-0.0831141
0,0.25,6.71367,21.1119,-0.200066,-0.0445171
0,0.25,10.9642,21.9388,-0.3101,0.101794
0,0.25,8.09462,21.8481,0.100689,0.346413
0,0.25,11.0466,21.1724,-0.226564,0.202696
0,0.25,8.71449,21.5603,-0.0777487,0.113538
0,0.25,8.83749,21.3334,-0.326292,-0.000595747
0,0.25,10.125,21.0691,-0.0791116,0.00241745
0,0.25,12.7711,20.2441,-0.447212,0.0193882
0,0.25,13.8861,18.7134,0.0508752,0.34354
0,0.25,13.3683,19.856,-0.253619,0.323246
0,0.25,13.9532,14.2981,0.0237169,0.0959934
0,0.25,14.5695,16.4339,0.115895,0.217983
0,0.25,13.0898,13.3549,0.095119,-0.0880957
0,0.25,13.969,13.2184,0.103909,0.0653173
0,0.25,13.4995,14.1897,0.164564,0.0697258
0,0.25,12.3069,13.4852,0.181752,-0.0488909
0,0.25,11.3134,12.4983,0.193707,-0.00666913
0,0.25,13.9738,15.9354,0.0465067,0.528799
0,0.25,14.1513,13.8612,0.0597407,0.228261
0,0.25,13.0601,14.7989,0.143197,0.0014013
0,0.25,11.6453,14.8291,0.194314,0.027924
0,0.25,10.5377,14.7875,0.0946049,0.00666731
0,0.25,10.614,14.5475,0.227137,0.0164133
0,0.25,9.64914,14.0933,0.227824,0.0602105
0,0.25,9.51728,14.7709,0.0531693,0.0455763
0,0.25,9.93997,11.7239,0.0719857,0.0462902
0,0.25,10.2491,14.2919,0.216378,-0.0396491
0,0.25,8.76286,14.3733,0.0972107,-0.00852951
0,0.25,9.14921,15.0261,-0.0434402,-0.00465343
0,0.25,8.99189,14.1906,0.1043,0.0194649
0,0.25,8.97814,11.7482,0.161591,0.272025
0,0.25,9.56019,11.8985,0.0449965,0.11203
0,0.25,9.27259,14.7647,0.00123852,0.0245272
0,0.25,9.61596,14.5495,0.171921,0.0288812
0,0.25,10.1322,14.5318,0.201266,-0.0408947
0,0.25,2.55307,11.6857,0.112565,0.0718571
0,0.25,3.08578,11.9212,0.309286,-0.0217338
0,0.25,3.37105,11.9712,0.42383,-0.0469003
0,0.25,3.53496,12.3832,0.329756,-0.170564
0,0.25,3.11302,12.6107,0.268669,-0.166678
0,0.25,2.88413,12.8269,0.23894,-0.198472
0,0.25,2.65542,13.3419,0.218334,-0.175862
0,0.25,2.376,13.9658,0.0780755,-0.172208
0,0.25,2.10233,14.0074,0.0254787,-0.19682
0,0.25,2.05678,14.2539,0.0474432,-0.186376
0,0.25,1.78156,15.0914,0.154357,-0.461703
0,0.25,2.48113,15.5271,-0.190721,-0.270434
0,0.25,2.16025,16.6328,-0.119435,-0.476304
0,0.25,3.14479,17.7994,-0.0344844,-0.096821
0,0.25,3.07196,18.2009,0.0347693,-0.175153
0,0.25,3.71265,19.976,-0.24973,-0.318938
0,0.25,4.67788,20.7918,-0.0747565,-0.180038
0,0.25,6.48918,21.7459,-0.336729,-0.176531
0,0.25,6.29448,21.1949,-0.19119,-0.0655874
0,0.25,6.73017,21.8117,-0.22665,-0.0568443
0,0.25,5.81563,20.7572,-0.22341,-0.059287
0,0.25,8.336,21.8275,0.0570152,0.272298
0,0.25,7.38599,21.7476,-0.179844,-0.579199
0,0.25,6.00722,21.5763,-0.355771,-0.000359616
0,0.25,5.33304,20.9963,-0.21139,-0.0278299
0,0.25,9.32371,22.3609,-0.233701,-0.133299
0,0.25,9.55968,22.3314,-0.165126,-0.0830305
0,0.25,11.2272,21.5812,-0.0676069,0.208854
0,0.25,11.5202,20.9649,-0.117839,0.191349
0,0.25,12.2577,20.1165,-0.467216,0.172732
0,0.25,11.9039,20.4348,-0.525175,0.222637
0,0.25,12.1964,19.8587,-0.12935,0.108563
0,0.25,14.5321,17.5196,0.265172,0.472823
0,0.25,13.9122,17.5095,0.0749678,0.415764
0,0.25,12.4671,12.6734,0.170535,-0.0814885
0,0.25,9.36192,21.6893,-0.228484,-0.157973
0,0.25,13.0623,13.9728,0.122577,0.0266294
0,0.25,13.0843,14.3411,0.317897,-0.0200279
0,0.25,11.2095,12.2633,0.153602,0.0342596
0,0.25,12.5279,12.2667,0.179111,-0.0429938
0,0.25,12.5245,13.9396,0.191479,0.0363612
0,0.25,10.6058,14.0503,0.237769,0.00846197
0,0.25,11.3289,14.5897,0.260728,0.0265783
0,0.25,11.1995,15.0213,0.152028,-0.00293316
0,0.25,10.4686,13.8015,0.269955,-0.0314455
0,0.25,11.8516,14.1402,0.254951,0.00711109
0,0.25,10.8017,14.7982,0.124848,0.00231228
0,0.25,10.3976,15.0127,0.0561161,0.0264171
0,0.25,9.48959,14.3476,0.174994,0.0630882
0,0.25,10.1181,14.0495,0.236794,-0.0526599
0,0.25,9.71353,13.8082,0.252408,0.0223262
0,0.25,9.88346,14.5414,0.198321,0.0111944
0,0.25,8.99502,14.8755,-0.0354543,-0.000476718
0,0.25,12.3494,11.2005,0.395766,0.0399577
0,0.25,8.75627,11.3818,-0.140437,0.463494
0,0.25,9.87461,14.0457,0.227452,-0.0361672
0,0.25,3.97798,11.991,0.398992,-0.0118009
0,0.25,3.71251,11.9945,0.338448,-0.166338
0,0.25,3.80419,12.4206,0.344832,-0.0797472
0,0.25,3.58159,12.1696,0.411606,-0.136194
0,0.25,3.39177,12.6241,0.258034,-0.151292
0,0.25,2.87059,12.5785,0.278278,-0.237714
0,0.25,3.16441,13.2739,0.26819,-0.204673
0,0.25,2.42178,13.4558,0.199853,-0.247192
0,0.25,2.30608,14.202,0.0981617,-0.230862
0,0.25,2.26448,14.4471,0.0925928,-0.332642
0,0.25,1.79207,14.6157,0.0655391,-0.320434
0,0.25,2.56911,15.0567,0.249978,-0.121194
0,0.25,2.83715,14.1675,0.0678592,-0.360646
0,0.25,2.53611,16.0768,-0.0550232,-0.268613
0,0.25,2.12365,18.1004,0.102831,-0.501382
0,0.25,2.97935,17.3506,0.0205641,-0.186595
0,0.25,3.82365,20.4227,-0.225376,-0.224697
0,0.25,5.09769,21.1014,-0.28306,-0.0288734
0,0.25,5.11486,21.8546,-0.380011,-0.117687
0,0.25,4.88452,20.9476,-0.170662,-0.0924721
0,0.25,2.53448,17.3474,0.0445153,-0.525225
0,0.25,7.02782,22.1032,-0.0903767,-0.0641914
0,0.25,2.53714,16.3468,-0.0222185,-0.236068
0,0.25,4.23499,20.1986,-0.350662,-0.427755
0,0.25,5.80932,21.0055,-0.237495,-0.0188693
0,0.25,8.84104,21.7592,-0.0584082,0.0818572
0,0.25,6.95492,21.1748,-0.215724,-0.0466518
0,0.25,8.34534,21.3673,-0.0542267,0.105789
0,0.25,10.1614,22.6671,-0.10538,0.0392002
0,0.25,12.1463,20.5319,-0.434607,0.18558
0,0.25,10.1153,21.5031,-0.406192,0.068595
0,0.25,14.0183,18.4458,-0.0384973,0.36064
0,0.25,14.4227,18.0549,0.0975552,0.386204
0,0.25,14.4032,15.7375,0.120428,-0.0383569
0,0.25,12.8646,19.1108,-0.0733088,0.0683706
0,0.25,13.7225,13.9999,-0.0320855,0.0078401
0,0.25,14.3692,16.2775,0.13986,0.254192
0,0.25,12.3577,12.447,0.166473,-0.084641
0,0.25,14.1831,15.8208,0.034534,0.866261
0,0.25,12.9217,14.1832,0.208394,0.0930202
0,0.25,14.1092,16.6764,-0.00863165,0.472515
0,0.25,13.3315,14.814,0.117411,-0.0315688
0,0.25,12.039,13.4601,0.20575,-0.0454668
0,0.25,13.1774,15.0204,0.0616278,-0.00910377
0,0.25,11.0994,14.0811,0.242055,-0.00891191
0,0.25,12.9286,14.5773,0.273545,-0.00624455
0,0.25,13.2626,13.8127,0.0650225,-0.0157414
0,0.25,11.7842,15.0273,0.212001,0.00271336
0,0.25,10.2796,14.7813,0.102164,-0.0268172
0,0.25,11.0754,14.8136,0.132006,-0.00459936
0,0.25,13.6706,17.5834,-0.0414949,0.374922
0,0.25,10.9727,14.3169,0.242162,-0.0034759
0,0.25,9.26893,13.2144,0.164174,0.129112
0,0.25,9.61099,12.1923,0.17498,0.0134044
0,0.25,10.1431,15.0126,0.0464224,-0.044612
0,0.25,9.96622,13.3283,0.195417,-0.060589
0,0.25,3.17219,11.6767,0.25109,0.00593696
0,0.25,3.55119,11.774,0.293168,-0.282492
0,0.25,3.89575,12.2216,0.356176,-0.077557
0,0.25,3.65617,12.6184,0.255639,-0.143115
0,0.25,3.91459,13.019,0.214255,-0.0300626
0,0.25,3.7035,12.871,0.285011,-0.117929
0,0.25,3.78448,13.2307,0.217483,0.0265062
0,0.25,3.29324,13.0534,0.285758,-0.176799
0,0.25,3.60987,14.0065,-0.00405113,0.007923
0,0.25,2.8785,13.2709,0.268701,-0.208673
0,0.25,2.6389,13.9737,0.0634202,-0.340579
0,0.25,3.34543,13.5125,0.207888,-0.146799
0,0.25,2.84877,13.5321,0.197688,-0.226054
0,0.25,3.25069,13.7559,0.224337,-0.0842241
0,0.25,2.24436,15.3353,0.00625298,-0.279375
0,0.25,2.33122,16.4651,-0.0828119,-0.421691
0,0.25,2.56986,18.0996,0.102838,-0.458471
0,0.25,3.89901,19.1278,-0.115874,-0.155815
0,0.25,4.0805,19.7676,-0.327239,-0.321662
0,0.25,3.60544,18.6953,-0.0509176,-0.0453601
0,0.25,2.70843,17.9043,0.126183,-0.393472
0,0.25,3.47331,18.886,-0.207199,-0.140269
0,0.25,4.26195,20.4833,-0.212996,-0.382631
0,0.25,4.25443,19.951,-0.308055,-0.379884
0,0.25,2.6164,17.6282,0.15672,-0.513928
0,0.25,6.2185,21.4086,-0.522243,-0.166113
0,0.25,4.64812,19.9666,-0.0455072,-0.0521949
0,0.25,3.35066,18.2501,-0.00349501,-0.0489148
0,0.25,9.7849,21.8176,-0.256709,0.171362
0,0.25,8.46018,21.5896,0.0175463,0.218467
0,0.25,8.97777,21.5246,-0.170136,-0.0587168
0,0.25,9.86923,21.5823,-0.393564,0.170679
0,0.25,13.348,19.1809,-0.0864428,0.235449
0,0.25,10.6317,20.8786,-0.0880331,0.0464681
0,0.25,12.7765,19.5647,-0.145625,0.11365
0,0.25,13.2612,18.9358,-0.0576143,0.239353
0,0.25,4.32825,19.6727,-0.121783,-0.0865434
0,0.25,13.3824,13.4654,0.0180261,-0.0075414
0,0.25,13.8623,14.5565,0.446169,0.271865
0,0.25,12.2038,13.2518,0.187538,-0.0719877
0,0.25,11.9275,13.228,0.193558,-0.0344282
0,0.25,13.0019,11.7563,0.274348,-0.000437229
0,0.25,13.9245,16.4953,0.00927456,0.557648
0,0.25,13.7471,17.322,-0.101363,0.480379
0,0.25,12.5937,13.5043,0.146562,-0.0312615
0,0.25,13.7303,14.2553,0.0209765,0.119476
0,0.25,13.4922,13.6828,-0.00696912,-0.0941933
0,0.25,13.8864,16.7655,-0.0737436,0.540988
0,0.25,12.3769,14.1604,0.238557,0.0255564
0,0.25,11.6567,13.1946,0.194438,0.00975985
0,0.25,13.4465,14.5896,0.292462,-0.0210743
0,0.25,11.8274,14.6049,0.265172,0.0189503
0,0.25,14.2123,15.5442,-0.0747966,0.862746
0,0.25,10.7316,14.3013,0.235152,0.0191553
0,0.25,9.49266,13.8522,0.249097,0.0724685
0,0.25,13.2955,13.2214,0.169173,-0.0390846
0,0.25,3.35028,11.7026,0.203919,0.0178733
0,0.25,4.35948,12.2208,0.35416,-0.0295748
0,0.25,3.90674,12.7131,0.269504,-0.103101
0,0.25,4.05792,12.5322,0.34607,-0.0398796
0,0.25,4.5461,12.694,0.213841,0.0671558
0,0.25,4.1063,12.8646,0.2081,0.00560356
0,0.25,4.31544,12.8235,0.210176,0.0470153
0,0.25,3.86574,13.4508,0.138636,0.0545637
0,0.25,4.08338,13.1956,0.166068,0.0499085
0,0.25,3.44114,12.8506,0.28101,-0.143573
0,0.25,3.61529,13.4541,0.146621,-0.00209465
0,0.25,3.97342,13.7055,0.122203,0.0419815
0,0.25,3.16035,12.8352,0.254512,-0.191004
0,0.25,3.58568,13.0888,0.307931,-0.104008
0,0.25,2.76906,13.801,0.268382,-0.227638
0,0.25,2.13462,14.7056,0.289565,-0.351215
0,0.25,2.41888,14.6449,0.168725,-0.387496
0,0.25,3.35568,19.0928,-0.329451,-0.155421
0,0.25,3.75006,18.9148,-0.108175,-0.100504
0,0.25,2.81484,18.6273,-0.0725683,-0.310375
0,0.25,2.38001,17.5159,0.118926,-0.416255
0,0.25,2.78258,16.4672,-0.0198201,-0.278629
0,0.25,3.83868,19.7905,-0.378982,-0.435621
0,0.25,2.86448,17.7167,0.0354202,-0.376898
0,0.25,2.60863,16.8769,0.0497514,-0.471097
0,0.25,3.0563,17.575,0.0587282,-0.146649
0,0.25,2.47564,17.8119,0.167391,-0.521658
0,0.25,4.46268,20.3685,-0.288122,-0.354103
0,0.25,5.41125,20.5227,-0.174029,0.015617
0,0.25,5.11772,20.8516,-0.163077,-0.0378771
0,0.25,7.89382,21.3503,0.203269,-0.00765494
0,0.25,5.77094,21.2346,-0.412247,-0.0114725
0,0.25,5.01539,20.2505,-0.0752027,0.00504544
0,0.25,11.2484,21.325,-0.240593,0.197866
0,0.25,10.353,21.4273,-0.342691,0.0244118
0,0.25,7.53414,21.5497,0.20619,-0.233874
0,0.25,10.8667,20.775,-0.14955,0.13855
0,0.25,12.5116,20.1939,-0.524473,0.0962014
0,0.25,14.4781,16.7122,0.00373277,0.258515
0,0.25,13.1498,18.7008,-0.00435897,0.143543
0,0.25,13.7561,18.0196,0.0520573,0.287904
0,0.25,14.0839,14.6965,0.355476,0.449138
0,0.25,13.5848,17.8312,-0.0222721,0.292097
0,0.25,12.6709,13.0979,0.164416,-0.0846868
0,0.25,14.0758,17.7112,0.201084,0.337725
0,0.25,14.1371,16.383,0.00731591,0.547896
0,0.25,13.0131,18.9078,-0.0400789,0.0870805
0,0.25,13.3942,18.278,-0.0452351,0.190059
0,0.25,6.44393,21.4907,-0.516311,-0.239256
0,0.25,12.8827,13.5195,0.0894819,-0.0314989
0,0.25,12.0897,13.0267,0.1741,-0.0720555
0,0.25,13.2452,12.5525,0.221074,-0.0693165
0,0.25,12.1719,12.6291,0.15736,-0.0613709
0,0.25,13.9811,15.661,-0.0205101,0.5214
0,0.25,12.0766,15.0265,0.192186,0.00266723
0,0.25,2.34626,14.8673,0.284403,-0.272867
0,0.25,4.14539,11.7385,0.224332,-0.0954243
0,0.25,3.75881,11.7241,0.186005,-0.0749671
0,0.25,4.13464,12.291,0.375082,-0.0220786
0,0.25,4.27812,12.5606,0.341229,-0.0046812
0,0.25,4.74089,12.4789,0.283287,0.0393032
0,0.25,4.96421,12.5841,0.197335,0.0262754
0,0.25,4.7638,12.7665,0.17835,0.0807596
0,0.25,4.51951,12.9708,0.172309,0.0965439
0,0.25,4.28458,13.1132,0.151069,0.0558272
0,0.25,4.32607,13.4301,0.168074,0.0750818
0,0.25,3.7363,13.7075,0.116644,0.044066
0,0.25,4.10854,13.4448,0.167204,0.0603241
0,0.25,4.19581,13.7202,0.138335,0.0683966
0,0.25,3.49413,14.5048,-0.0771177,0.0186445
0,0.25,3.83212,13.9603,0.0244926,0.0327379
0,0.25,3.37738,14.2621,-0.0253715,0.00869511
0,0.25,3.43988,13.2793,0.269409,-0.162365
0,0.25,1.8163,14.836,0.289999,-0.34398
0,0.25,2.56809,14.2026,0.138875,-0.251396
0,0.25,2.55676,16.6112,-0.101971,-0.28545
0,0.25,2.01422,14.5086,0.039061,-0.227599
0,0.25,2.12436,16.3194,-0.117137,-0.484833
0,0.25,2.81495,16.6915,-0.00947962,-0.324823
0,0.25,3.47254,18.4732,-0.00576559,-0.0378229
0,0.25,1.85144,15.6184,-0.231469,-0.507086
0,0.25,2.36384,18.1608,0.115704,-0.486471
0,0.25,2.39493,13.7553,0.199724,-0.212225
0,0.25,2.5338,14.425,0.239111,-0.286963
0,0.25,2.7174,14.6124,0.162977,-0.252273
0,0.25,2.85415,16.9128,0.0916239,-0.283016
0,0.25,5.53962,21.3762,-0.345764,0.0463556
0,0.25,6.54498,21.2864,-0.14351,-0.0983279
0,0.25,3.92343,19.5592,-0.210593,-0.362429
0,0.25,2.62626,14.8307,0.0382992,-0.244932
0,0.25,4.82634,20.1093,-0.0257914,-0.0186459
0,0.25,2.04152,14.9138,0.275579,-0.373403
0,0.25,13.6882,19.4195,-0.187769,0.364819
0,0.25,12.8505,19.8149,-0.150456,0.0523738
0,0.25,5.35875,20.755,-0.212261,-0.00726649
0,0.25,11.2902,20.5631,-0.332469,0.254872
0,0.25,12.5794,20.4354,-0.381651,-0.0562078
0,0.25,13.5373,18.4904,-0.0517323,0.258156
0,0.25,10.0534,21.7409,-0.267206,0.0465714
0,0.25,14.1444,17.434,0.143026,0.505925
0,0.25,10.0458,21.299,-0.0115009,0.000941466
0,0.25,13.1067,19.1513,-0.102459,0.183551
0,0.25,12.0149,20.0197,-0.247156,0.100984
0,0.25,5.61236,20.6458,-0.193027,-0.0798328
0,0.25,13.1707,13.5879,-0.0272436,-0.0478074
0,0.25,11.4788,20.4474,-0.421852,0.245698
0,0.25,13.9697,17.234,-0.0572956,0.492623
0,0.25,13.956,16.211,-0.0851859,0.507431
0,0.25,10.3834,20.9777,-0.0799704,0.0121662
0,0.25,14.2736,16.8596,-0.0250477,0.303875
0,0.25,13.7336,13.7621,-0.104526,-0.0215375
0,0.25,5.54732,21.6216,-0.328932,0.0584353
0,0.25,4.31845,11.7528,0.307761,-0.0389116
0,0.25,4.21538,12.0173,0.389248,-0.058837
0,0.25,4.48264,12.4439,0.343239,0.0030126
0,0.25,4.94096,12.3026,0.270664,-0.0187777
0,0.25,5.18772,12.9661,0.150406,-0.0092042
0,0.25,5.40111,12.7748,0.123599,-0.0233917
0,0.25,4.96581,12.892,0.177983,0.023395
0,0.25,4.74082,13.0493,0.173528,0.0758536
0,0.25,4.49491,13.2344,0.155174,0.0802136
0,0.25,4.56887,13.494,0.193218,0.0772724
0,0.25,4.65713,13.756,0.159241,0.0737775
0,0.25,4.41495,13.709,0.121005,0.0630876
0,0.25,5.02993,13.4264,0.171824,0.0172299
0,0.25,4.90728,13.7996,0.153671,0.0883343
0,0.25,4.28182,13.9922,0.0766252,0.112123
0,0.25,3.62305,14.2544,-0.023773,-0.00153138
0,0.25,4.05734,13.992,0.0361956,0.00454195
0,0.25,3.73649,14.4943,-0.088998,0.00314827
0,0.25,3.38733,14.7614,-0.115047,0.0407345
0,0.25,3.02673,13.7593,0.255167,-0.272118
0,0.25,3.11367,15.023,-0.0289684,0.0289706
0,0.25,2.98104,13.9936,0.156612,-0.244832
0,0.25,2.27146,15.0811,0.205258,-0.328779
0,0.25,3.16113,14.7848,-0.00885353,0.0818358
0,0.25,4.43858,14.5076,-0.0219711,-0.00232503
0,0.25,3.39008,13.9614,0.0120439,0.0389067
0,0.25,3.61842,14.7623,-0.0906496,-0.0671049
0,0.25,2.75152,15.2723,0.0150799,0.160736
0,0.25,3.01102,14.5736,-0.0652477,0.101682
0,0.25,3.62828,15.0117,0.0270565,-0.0726587
0,0.25,2.8253,14.3981,0.185665,-0.315706
0,0.25,4.0204,20.0111,-0.393631,-0.382508
0,0.25,2.76066,15.9897,-0.0507235,-0.192786
0,0.25,4.04336,19.3282,-0.0919814,-0.144678
0,0.25,4.1809,19.5114,-0.0617972,-0.126411
0,0.25,2.28673,17.9084,0.193106,-0.510963
0,0.25,9.51314,21.881,-0.19614,-0.0528902
0,0.25,2.74729,15.744,-0.0944079,-0.0751354
0,0.25,2.70948,15.4978,-0.121596,0.057467
0,0.25,10.5769,21.1185,-0.0303434,0.0301134
0,0.25,2.77195,16.2351,-0.0485073,-0.250969
0,0.25,7.44316,21.2846,0.0512368,-0.158027
0,0.25,5.13834,20.6064,-0.205451,-0.115146
0,0.25,5.77079,21.4815,-0.396889,0.102373
0,0.25,9.24777,21.9141,-0.103946,-0.0858465
0,0.25,11.3028,20.8228,-0.113827,0.210039
0,0.25,2.91048,17.1298,0.0377731,-0.217381
0,0.25,10.3144,21.2095,-0.00134363,-0.0205202
0,0.25,12.9438,19.3607,-0.154888,0.103966
0,0.25,11.7187,20.5821,-0.339,0.262775
0,0.25,14.174,16.1026,0.120468,0.767491
0,0.25,12.6836,20.0111,-0.283416,0.096974
0,0.25,6.02888,20.8558,-0.259003,-0.0708784
0,0.25,6.04888,21.1022,-0.245824,-0.0269491
0,0.25,5.54812,21.1285,-0.312563,-0.011829
0,0.25,2.2748,15.6145,-0.234135,-0.313998
0,0.25,3.92662,11.7219,0.352138,-0.0133792
0,0.25,4.50676,12.0127,0.379479,-0.0212056
0,0.25,4.65703,12.2341,0.349143,-0.0150672
0,0.25,5.16227,12.3802,0.22986,-0.0255542
0,0.25,5.36888,12.5052,0.216892,-0.062472
0,0.25,5.60014,12.316,0.213263,-0.0403833
0,0.25,6.04442,12.3009,0.124533,-0.0247061
0,0.25,4.97655,13.1674,0.156959,0.0299404
0,0.25,5.60947,12.58,0.155019,-0.00409801
0,0.25,4.75337,13.2995,0.16627,0.0802442
0,0.25,5.42563,13.0403,0.124709,5.51135e-05
0,0.25,4.82821,13.5483,0.184604,0.0767428
0,0.25,5.85386,12.6479,0.103591,0.0381257
0,0.25,5.2184,13.2335,0.159686,0.00849324
0,0.25,5.64195,12.8441,0.0897922,0.0204928
0,0.25,5.87804,12.9111,0.0754912,0.0434365
0,0.25,5.46314,13.3052,0.12456,0.0384088
0,0.25,5.2747,13.4997,0.159833,0.0271804
0,0.25,3.86248,14.2338,-0.012928,0.0212058
0,0.25,5.11116,13.6974,0.140867,0.0187085
0,0.25,4.09483,14.2568,-0.00947551,-0.0122799
0,0.25,4.20342,14.5074,-0.0417588,0.0247471
0,0.25,4.74393,14.0241,0.0985705,0.0750402
0,0.25,3.966,14.503,-0.0575266,-0.0333372
0,0.25,4.33713,14.2526,0.0378613,0.0522913
0,0.25,6.4324,13.4887,0.0661898,0.0722162
0,0.25,5.714,13.3705,0.107151,0.0407479
0,0.25,5.20492,13.9656,0.104897,0.0257343
0,0.25,3.8469,14.761,-0.0645448,0.0404732
0,0.25,5.07321,14.2904,0.112554,0.0742027
0,0.25,4.07655,14.7685,-0.115143,-0.0803936
0,0.25,3.37687,15.0236,0.0606619,0.0960549
0,0.25,3.5117,13.7137,0.106804,-0.0183794
0,0.25,4.38855,15.0191,-0.0161008,-0.0225625
0,0.25,3.19601,14.0967,-0.00828104,0.0255024
0,0.25,5.80976,14.3071,0.113507,0.0312112
0,0.25,3.88036,15.0231,0.0227701,0.0409337
0,0.25,4.67689,14.5066,0.0350374,0.0454028
0,0.25,4.54691,14.7629,-0.0509152,-0.0130915
0,0.25,5.17435,14.5312,0.0874171,0.0346968
0,0.25,3.08534,14.315,0.00779154,0.0257103
0,0.25,2.48051,15.2686,0.0504129,-0.235225
0,0.25,4.63846,15.0069,0.0198609,0.0344309
0,0.25,2.02877,15.1625,0.227568,-0.367616
0,0.25,4.78812,14.7637,-0.00660862,-0.00554182
0,0.25,4.47232,20.6367,-0.0857897,-0.323538
0,0.25,2.68613,18.3696,-0.00313341,-0.357134
0,0.25,9.61718,21.6526,-0.265632,-0.0400128
0,0.25,11.2824,21.0728,-0.176821,0.207358
0,0.25,2.47258,18.4072,-0.0378362,-0.4685
0,0.25,4.68072,20.2807,-0.294818,-0.255824
0,0.25,5.5215,14.755,0.103569,0.0187134
0,0.25,2.31694,15.886,-0.0989623,-0.353167
0,0.25,2.83894,15.0344,0.0106148,0.0555201
0,0.25,2.04074,15.4549,-0.20087,-0.502912
0,0.25,2.9006,14.8083,-0.0828046,0.0243625
0,0.25,4.53017,11.7677,0.240971,-0.0647789
0,0.25,4.7849,12.0415,0.317091,-0.0690325
0,0.25,5.02718,12.0721,0.278195,-0.0563133
0,0.25,5.17048,12.6871,0.18131,-0.0378785
0,0.25,5.74701,12.1005,0.17952,-0.0734848
0,0.25,5.82776,12.3925,0.149103,0.00802113
0,0.25,6.63959,12.0711,0.0767618,-0.0689584
0,0.25,6.41001,12.0684,0.0944017,-0.117921
0,0.25,6.85406,12.1206,0.0686243,-0.0561718
0,0.25,6.27403,12.3962,0.0933479,-0.00667112
0,0.25,6.08864,12.5792,0.0898007,0.00422517
0,0.25,6.72791,12.3621,0.0486271,-0.0682861
0,0.25,6.48671,12.326,0.0497335,-0.0971786
0,0.25,7.39559,12.3707,0.0790067,-0.122374
0,0.25,6.80336,12.6562,0.0433265,-0.0512334
0,0.25,6.32859,12.6631,0.0638667,-0.00789182
0,0.25,7.04928,12.7148,0.0280542,-0.0657228
0,0.25,6.10543,12.8404,0.0552657,0.0094338
0,0.25,6.55918,12.5823,0.0621921,-0.0894836
0,0.25,5.66211,13.1096,0.101842,0.0384169
0,0.25,5.5338,13.5613,0.127764,0.0632874
0,0.25,4.50795,13.9805,0.0847225,0.00785057
0,0.25,5.90933,13.1699,0.0874465,0.0425066
0,0.25,5.35847,13.7604,0.132203,0.0510641
0,0.25,4.99331,14.0485,0.125221,0.078438
0,0.25,6.13045,13.1228,0.0770703,0.0445862
0,0.25,6.80185,13.1683,0.0186784,-0.102576
0,0.25,7.04704,13.2564,0.0117329,-0.024319
0,0.25,5.96377,13.4269,0.0871439,0.0303743
0,0.25,5.61603,13.8158,0.112949,0.0594765
0,0.25,5.70651,14.0656,0.0902485,0.0510941
0,0.25,4.31331,14.7657,-0.0374569,0.0151915
0,0.25,4.13494,15.0115,0.0219175,-0.0333573
0,0.25,5.29535,14.2372,0.100497,0.0170734
0,0.25,4.56823,14.2495,0.0613722,0.0328826
0,0.25,5.44637,14.0246,0.105406,0.0567163
0,0.25,5.87912,13.8958,0.0858178,0.0205867
0,0.25,6.04174,13.6856,0.110488,0.0159379
0,0.25,5.98487,14.1663,0.0799525,0.00775482
0,0.25,6.35281,13.9762,0.0703709,0.103684
0,0.25,4.88721,15.0129,0.0132837,-0.0992664
0,0.25,5.54417,14.2769,0.114523,0.0532229
0,0.25,5.40329,14.4967,0.100845,0.0234831
0,0.25,4.92085,14.5224,0.0388119,0.0221321
0,0.25,5.65082,14.5264,0.100049,0.0265429
0,0.25,3.25494,14.5011,-0.0839624,0.0217591
0,0.25,6.02824,14.7755,0.0968948,0.000607722
0,0.25,5.28336,14.771,0.0437052,-0.00320005
0,0.25,5.03111,14.7697,0.0565168,0.023461
0,0.25,6.13729,15.0061,0.0343415,0.00278205
0,0.25,5.76896,14.7708,0.0818983,0.00436446
0,0.25,6.36757,15.0016,0.0331812,-0.00888257
0,0.25,5.63556,15.006,0.0565464,0.0505182
0,0.25,5.88379,15.0111,0.0538538,-0.0305401
0,0.25,5.13833,15.0098,0.0451119,0.0823367
0,0.25,5.39021,15.0101,0.0535117,-0.0816202
0,0.25,4.71738,11.7702,0.286455,-0.0784883
0,0.25,4.91866,11.7706,0.236396,-0.125301
0,0.25,5.23694,12.027,0.200497,-0.101886
0,0.25,5.3601,12.223,0.19861,-0.066043
0,0.25,5.5357,12.0248,0.178599,-0.0078488
0,0.25,6.79571,11.7929,0.131685,-0.0779605
0,0.25,5.96505,12.0511,0.149993,-0.0261577
0,0.25,6.20091,12.0888,0.129561,-0.0237141
0,0.25,6.97841,11.8375,0.104738,-0.0229759
0,0.25,7.48115,11.7491,0.0278225,-0.165376
0,0.25,7.06177,12.1596,0.0621814,0.000492277
0,0.25,7.28136,12.1026,0.0990929,-0.0554804
0,0.25,7.48578,12.0701,0.100317,-0.148669
0,0.25,6.94344,12.4434,0.0479839,-0.0619907
0,0.25,7.98911,13.0121,-0.0469837,0.0405273
0,0.25,7.62959,12.2625,0.0644332,-0.123906
0,0.25,7.7591,12.505,-0.0342764,-0.100451
0,0.25,7.17459,12.4087,0.0827714,-0.0525378
0,0.25,7.46376,12.8268,0.0279562,-0.0250127
0,0.25,7.71493,12.7788,0.030149,-0.101237
0,0.25,7.72509,13.0272,-0.0726475,-0.100207
0,0.25,6.55378,12.8351,-0.00967489,-0.0866091
0,0.25,7.26401,12.6585,0.0309794,-0.0559163
0,0.25,6.3245,12.9424,0.0082368,0.0269887
0,0.25,6.79824,12.9058,-0.0151963,-0.0742187
0,0.25,6.56583,13.0962,-0.00501564,-0.0859476
0,0.25,6.35725,13.2228,0.0410064,0.0668482
0,0.25,7.24681,12.9491,-0.0245364,-0.0714761
0,0.25,7.02637,12.9832,0.0102086,-0.0535989
0,0.25,7.47504,13.3697,-0.032952,0.0188236
0,0.25,7.28076,13.2239,-0.0423939,-0.00639493
0,0.25,7.18394,13.4778,0.0468907,0.0155281
0,0.25,5.78979,13.6327,0.116684,0.0473732
0,0.25,6.63223,13.3586,0.00267346,-0.128473
0,0.25,4.81531,14.2763,0.0652515,0.0408488
0,0.25,6.89211,13.4448,-0.00848998,-0.0891311
0,0.25,6.97437,13.6738,0.0382204,-0.121317
0,0.25,6.18972,13.4125,0.0939223,0.0710535
0,0.25,6.27119,13.6888,0.106986,0.0991996
0,0.25,6.12344,13.9477,0.0758559,0.00686281
0,0.25,6.60119,14.0213,0.0750652,0.0606795
0,0.25,7.04311,13.9376,-0.0436565,-0.0948343
0,0.25,6.78689,13.8557,-0.0195148,-0.154065
0,0.25,6.2174,14.2272,0.0884349,-0.00117629
0,0.25,5.91132,14.5403,0.115582,0.0165231
0,0.25,6.11807,14.4559,0.0759983,-0.0191049
0,0.25,6.3647,14.478,0.0785715,0.0247907
0,0.25,6.69592,14.3046,0.116736,0.0312248
0,0.25,6.24426,14.7076,0.0840788,-0.009005
0,0.25,6.85351,14.4913,0.0654309,0.043782
0,0.25,6.59896,14.539,0.0748703,0.0355428
0,0.25,6.95365,14.7525,0.0880385,0.0051553
0,0.25,6.4686,14.773,0.074607,0.0206361
0,0.25,6.72258,14.7642,0.0775529,0.00814323
0,0.25,6.61831,15.0141,0.00653088,0.00454315
0,0.25,6.86614,15.0071,0.00336019,-0.00793252
0,0.25,5.84933,11.7736,0.181761,-0.0769252
0,0.25,5.09708,11.7511,0.25012,-0.185715
0,0.25,5.29209,11.7486,0.175423,-0.124925
0,0.25,5.68471,11.7686,0.165185,-0.0776511
0,0.25,5.47072,11.7688,0.22748,-0.0518286
0,0.25,6.23542,11.77,0.160679,-0.0860636
0,0.25,6.05937,11.783,0.148394,-0.046641
0,0.25,6.61597,11.7748,0.127467,-0.0889308
0,0.25,7.97189,13.2375,-0.108353,-0.0302621
0,0.25,7.16739,11.8457,0.120335,0.00485715
0,0.25,6.42421,11.777,0.136224,-0.139859
0,0.25,7.85932,11.8715,0.0720752,-0.261549
0,0.25,7.35369,11.732,0.0861907,-0.144386
0,0.25,7.9818,11.9703,-0.0183869,-0.0903092
0,0.25,7.98322,12.5587,-0.0309249,0.0290664
0,0.25,7.83453,12.2004,0.0932717,-0.125248
0,0.25,7.67028,11.8894,0.0758074,-0.12252
0,0.25,8.0262,12.3043,-0.0297128,0.0239192
0,0.25,7.96758,12.7857,0.058301,0.0119391
0,0.25,7.71517,13.2807,-0.0979618,-0.0678087
0,0.25,7.98288,13.4603,-0.0212268,-0.0420108
0,0.25,7.53207,12.5749,-0.00132287,-0.0479051
0,0.25,7.96431,13.6802,0.0174509,-0.0342105
0,0.25,7.71341,13.5235,0.015294,-0.0387234
0,0.25,7.98513,13.8923,-0.0508546,-0.00853045
0,0.25,7.49695,13.0867,-0.0673808,-0.0137941
0,0.25,7.98227,14.1189,-0.0152,-0.0405847
0,0.25,7.68349,13.7537,0.0198044,-0.0347231
0,0.25,7.99444,14.3474,0.0190844,-0.00872572
0,0.25,7.72335,13.9811,-0.0819179,-0.0462141
0,0.25,8.00682,14.6019,-0.022344,-0.000477518
0,0.25,7.48668,14.1106,-0.0768947,-0.0255542
0,0.25,7.44856,13.8631,-0.0632615,0.0438888
0,0.25,7.43809,13.6038,0.0433277,0.0484767
0,0.25,7.72964,14.2253,0.0217075,-0.06277
0,0.25,7.21949,13.7258,0.0167501,0.0239303
0,0.25,7.24116,14.0319,-0.129892,0.0685462
0,0.25,7.0314,14.2572,-0.100015,0.0130696
0,0.25,6.50523,13.7668,0.0882706,0.0903736
0,0.25,7.7821,14.4823,-0.00585053,-0.0704339
0,0.25,6.69516,13.6162,-0.000844411,-0.116918
0,0.25,7.33718,14.5533,0.0882938,-0.0232014
0,0.25,7.26717,14.2924,-0.0500721,-0.00877446
0,0.25,7.51222,14.3684,0.0146942,-0.0743137
0,0.25,7.97276,14.8186,-0.0236629,-0.0116082
0,0.25,7.08859,14.5116,0.105967,-0.0167137
0,0.25,7.19187,14.7747,0.0559027,-0.030797
0,0.25,6.46032,14.2355,0.0978677,0.0935848
0,0.25,7.60856,14.6199,0.0127473,-0.045592
0,0.25,6.85508,14.1162,-0.00608225,-0.121602
0,0.25,7.73357,14.8318,-0.0328261,-0.021278
0,0.25,7.97195,15.0398,-0.0093522,-0.0146485
0,0.25,7.11132,15.0166,-0.0361486,0.00242485
0,0.25,7.44286,14.8048,0.0420715,0.0389101
0,0.25,7.37309,15.0221,-0.0567689,-0.00306235
0,0.25,7.65553,15.0334,-0.013184,0.0190052
1,0.25,8.25,0.75,0,0
1,0.25,8.5,0.75,0,0
1,0.25,15.75,0.75,0,0
1,0.25,16,0.75,0,0
1,0.25,0.75,0.75,0,0
1,0.25,1,0.75,0,0
1,0.25,8.25,1,0,0
1,0.25,8.5,1,0,0
1,0.25,15.75,1,0,0
1,0.25,16,1,0,0
1,0.25,0.75,1,0,0
1,0.25,1,1,0,0
1,0.25,8.25,1.25,0,0
1,0.25,8.5,1.25,0,0
1,0.25,15.75,1.25,0,0
1,0.25,16,1.25,0,0
1,0.25,0.75,1.25,0,0
1,0.25,1,1.25,0,0
1,0.25,8.25,1.5,0,0
1,0.25,8.5,1.5,0,0
1,0.25,15.75,1.5,0,0
1,0.25,16,1.5,0,0
1,0.25,0.75,1.5,0,0
1,0.25,1,1.5,0,0
1,0.25,8.25,1.75,0,0
1,0.25,8.5,1.75,0,0
1,0.25,15.75,1.75,0,0
1,0.25,16,1.75,0,0
1,0.25,0.75,1.75,0,0
1,0.25,1,1.75,0,0
1,0.25,8.25,2,0,0
1,0.25,8.5,2,0,0
1,0.25,15.75,2,0,0
1,0.25,16,2,0,0
1,0.25,0.75,2,0,0
1,0.25,1,2,0,0
1,0.25,8.25,2.25,0,0
1,0.25,8.5,2.25,0,0
1,0.25,15.75,2.25,0,0
1,0.25,16,2.25,0,0
1,0.25,0.75,2.25,0,0
1,0.25,1,2.25,0,0
1,0.25,8.25,2.5,0,0
1,0.25,8.5,2.5,0,0
1,0.25,15.75,2.5,0,0
1,0.25,16,2.5,0,0
1,0.25,0.75,2.5,0,0
1,0.25,1,2.5,0,0
1,0.25,8.25,2.75,0,0
1,0.25,8.5,2.75,0,0
1,0.25,15.75,2.75,0,0
1,0.25,16,2.75,0,0
1,0.25,0.75,2.75,0,0
1,0.25,1,2.75,0,0
1,0.25,8.25,3,0,0
1,0.25,8.5,3,0,0
1,0.25,15.75,3,0,0
1,0.25,16,3,0,0
1,0.25,0.75,3,0,0
1,0.25,1,3,0,0
1,0.25,8.25,3.25,0,0
1,0.25,8.5,3.25,0,0
1,0.25,15.75,3.25,0,0
1,0.25,16,3.25,0,0
1,0.25,0.75,3.25,0,0
1,0.25,1,3.25,0,0
1,0.25,8.25,3.5,0,0
1,0.25,8.5,3.5,0,0
1,0.25,15.75,3.5,0,0
1,0.25,16,3.5,0,0
1,0.25,0.75,3.5,0,0
1,0.25,1,3.5,0,0
1,0.25,8.25,3.75,0,0
1,0.25,8.5,3.75,0,0
1,0.25,15.75,3.75,0,0
1,0.25,16,3.75,0,0
1,0.25,0.75,3.75,0,0
1,0.25,1,3.75,0,0
1,0.25,8.25,4,0,0
1,0.25,8.5,4,0,0
1,0.25,15.75,4,0,0
1,0.25,16,4,0,0
1,0.25,0.75,4,0,0
1,0.25,1,4,0,0
1,0.25,8.25,4.25,0,0
1,0.25,8.5,4.25,0,0
1,0.25,15.75,4.25,0,0
1,0.25,16,4.25,0,0
1,0.25,0.75,4.25,0,0
1,0.25,1,4.25,0,0
1,0.25,8.25,4.5,0,0
1,0.25,8.5,4.5,0,0
1,0.25,15.75,4.5,0,0
1,0.25,16,4.5,0,0
1,0.25,0.75,4.5,0,0
1,0.25,1,4.5,0,0
1,0.25,8.25,4.75,0,0
1,0.25,8.5,4.75,0,0
1,0.25,15.75,4.75,0,0
1,0.25,16,4.75,0,0
1,0.25,0.75,4.75,0,0
1,0.25,1,4.75,0,0
1,0.25,8.25,5,0,0
1,0.25,8.5,5,0,0
1,0.25,15.75,5,0,0
1,0.25,16,5,0,0
1,0.25,0.75,5,0,0
1,0.25,1,5,0,0
1,0.25,8.25,5.25,0,0
1,0.25,8.5,5.25,0,0
1,0.25,15.75,5.25,0,0
1,0.25,16,5.25,0,0
1,0.25,0.75,5.25,0,0
1,0.25,1,5.25,0,0
1,0.25,8.25,5.5,0,0
1,0.25,8.5,5.5,0,0
1,0.25,15.75,5.5,0,0
1,0.25,16,5.5,0,0
1,0.25,0.75,5.5,0,0
1,0.25,1,5.5,0,0
1,0.25,8.25,5.75,0,0
1,0.25,8.5,5.75,0,0
1,0.25,15.75,5.75,0,0
1,0.25,16,5.75,0,0
1,0.25,0.75,5.75,0,0
1,0.25,1,5.75,0,0
1,0.25,8.25,6,0,0
1,0.25,8.5,6,0,0
1,0.25,15.75,6,0,0
1,0.25,16,6,0,0
1,0.25,0.75,6,0,0
1,0.25,1,6,0,0
1,0.25,8.25,6.25,0,0
1,0.25,8.5,6.25,0,0
1,0.25,15.75,6.25,0,0
1,0.25,16,6.25,0,0
1,0.25,0.75,6.25,0,0
1,0.25,1,6.25,0,0
1,0.25,8.25,6.5,0,0
1,0.25,8.5,6.5,0,0
1,0.25,15.75,6.5,0,0
1,0.25,16,6.5,0,0
1,0.25,0.75,6.5,0,0
1,0.25,1,6.5,0,0
1,0.25,8.25,6.75,0,0
1,0.25,8.5,6.75,0,0
1,0.25,15.75,6.75,0,0
1,0.25,16,6.75,0,0
1,0.25,0.75,6.75,0,0
1,0.25,1,6.75,0,0
1,0.25,8.25,7,0,0
1,0.25,8.5,7,0,0
1,0.25,15.75,7,0,0
1,0.25,16,7,0,0
1,0.25,0.75,7,0,0
1,0.25,1,7,0,0
1,0.25,8.25,7.25,0,0
1,0.25,8.5,7.25,0,0
1,0.25,15.75,7.25,0,0
1,0.25,16,7.25,0,0
1,0.25,0.75,7.25,0,0
1,0.25,1,7.25,0,0
1,0.25,8.25,7.5,0,0
1,0.25,8.5,7.5,0,0
1,0.25,15.75,7.5,0,0
1,0.25,16,7.5,0,0
1,0.25,0.75,7.5,0,0
1,0.25,1,7.5,0,0
1,0.25,8.25,7.75,0,0
1,0.25,8.5,7.75,0,0
1,0.25,15.75,7.75,0,0
1,0.25,16,7.75,0,0
1,0.25,0.75,7.75,0,0
1,0.25,1,7.75,0,0
1,0.25,8.25,8,0,0
1,0.25,8.5,8,0,0
1,0.25,15.75,8,0,0
1,0.25,16,8,0,0
1,0.25,0.75,8,0,0
1,0.25,1,8,0,0
1,0.25,8.25,8.25,0,0
1,0.25,8.5,8.25,0,0
1,0.25,15.75,8.25,0,0
1,0.25,16,8.25,0,0
1,0.25,0.75,8.25,0,0
1,0.25,1,8.25,0,0
1,0.25,8.25,8.5,0,0
1,0.25,8.5,8.5,0,0
1,0.25,15.75,8.5,0,0
1,0.25,16,8.5,0,0
1,0.25,0.75,8.5,0,0
1,0.25,1,8.5,0,0
1,0.25,8.25,8.75,0,0
1,0.25,8.5,8.75,0,0
1,0.25,15.75,8.75,0,0
1,0.25,16,8.75,0,0
1,0.25,0.75,8.75,0,0
1,0.25,1,8.75,0,0
1,0.25,8.25,9,0,0
1,0.25,8.5,9,0,0
1,0.25,15.75,9,0,0
1,0.25,16,9,0,0
1,0.25,0.75,9,0,0
1,0.25,1,9,0,0
1,0.25,8.25,9.25,0,0
1,0.25,8.5,9.25,0,0
1,0.25,15.75,9.25,0,0
1,0.25,16,9.25,0,0
1,0.25,0.75,9.25,0,0
1,0.25,1,9.25,0,0
1,0.25,8.25,9.5,0,0
1,0.25,8.5,9.5,0,0
1,0.25,15.75,9.5,0,0
1,0.25,16,9.5,0,0
1,0.25,0.75,9.5,0,0
1,0.25,1,9.5,0,0
1,0.25,8.25,9.75,0,0
1,0.25,8.5,9.75,0,0
1,0.25,15.75,9.75,0,0
1,0.25,16,9.75,0,0
1,0.25,0.75,9.75,0,0
1,0.25,1,9.75,0,0
1,0.25,8.25,10,0,0
1,0.25,8.5,10,0,0
1,0.25,15.75,10,0,0
1,0.25,16,10,0,0
1,0.25,0.75,10,0,0
1,0.25,1,10,0,0
1,0.25,8.25,10.25,0,0
1,0.25,8.5,10.25,0,0
1,0.25,15.75,10.25,0,0
1,0.25,16,10.25,0,0
1,0.25,0.75,10.25,0,0
1,0.25,1,10.25,0,0
1,0.25,8.25,10.5,0,0
1,0.25,8.5,10.5,0,0
1,0.25,15.75,10.5,0,0
1,0.25,16,10.5,0,0
1,0.25,0.75,10.5,0,0
1,0.25,1,10.5,0,0
1,0.25,8.25,10.75,0,0
1,0.25,8.5,10.75,0,0
1,0.25,15.75,10.75,0,0
1,0.25,16,10.75,0,0
1,0.25,0.75,10.75,0,0
1,0.25,1,10.75,0,0
1,0.25,8.25,11,0,0
1,0.25,8.5,11,0,0
1,0.25,15.75,11,0,0
1,0.25,16,11,0,0
1,0.25,0.75,11,0,0
1,0.25,1,11,0,0
1,0.25,8.25,11.25,0,0
1,0.25,8.5,11.25,0,0
1,0.25,15.75,11.25,0,0
1,0.25,16,11.25,0,0
1,0.25,0.75,11.25,0,0
1,0.25,1,11.25,0,0
1,0.25,8.25,11.5,0,0
1,0.25,8.5,11.5,0,0
1,0.25,15.75,11.5,0,0
1,0.25,16,11.5,0,0
1,0.25,0.75,11.5,0,0
1,0.25,1,11.5,0,0
1,0.25,8.25,11.75,0,0
1,0.25,8.5,11.75,0,0
1,0.25,15.75,11.75,0,0
1,0.25,16,11.75,0,0
1,0.25,0.75,11.75,0,0
1,0.25,1,11.75,0,0
1,0.25,8.25,12,0,0
1,0.25,8.5,12,0,0
1,0.25,15.75,12,0,0
1,0.25,16,12,0,0
1,0.25,0.75,12,0,0
1,0.25,1,12,0,0
1,0.25,8.25,12.25,0,0
1,0.25,8.5,12.25,0,0
1,0.25,15.75,12.25,0,0
1,0.25,16,12.25,0,0
1,0.25,0.75,12.25,0,0
1,0.25,1,12.25,0,0
1,0.25,8.25,12.5,0,0
1,0.25,8.5,12.5,0,0
1,0.25,15.75,12.5,0,0
1,0.25,16,12.5,0,0
1,0.25,0.75,12.5,0,0
1,0.25,1,12.5,0,0
1,0.25,8.25,12.75,0,0
1,0.25,8.5,12.75,0,0
1,0.25,15.75,12.75,0,0
1,0.25,16,12.75,0,0
1,0.25,0.75,12.75,0,0
1,0.25,1,12.75,0,0
1,0.25,8.25,13,0,0
1,0.25,8.5,13,0,0
1,0.25,15.75,13,0,0
1,0.25,16,13,0,0
1,0.25,0.75,13,0,0
1,0.25,1,13,0,0
1,0.25,8.25,13.25,0,0
1,0.25,8.5,13.25,0,0
1,0.25,15.75,13.25,0,0
1,0.25,16,13.25,0,0
1,0.25,0.75,13.25,0,0
1,0.25,1,13.25,0,0
1,0.25,8.25,13.5,0,0
1,0.25,8.5,13.5,0,0
1,0.25,15.75,13.5,0,0
1,0.25,16,13.5,0,0
1,0.25,0.75,13.5,0,0
1,0.25,1,13.5,0,0
1,0.25,8.25,13.75,0,0
1,0.25,8.5,13.75,0,0
1,0.25,15.75,13.75,0,0
1,0.25,16,13.75,0,0
1,0.25,0.75,13.75,0,0
1,0.25,1,13.75,0,0
1,0.25,8.25,14,0,0
1,0.25,8.5,14,0,0
1,0.25,15.75,14,0,0
1,0.25,16,14,0,0
1,0.25,0.75,14,0,0
1,0.25,1,14,0,0
1,0.25,8.25,14.25,0,0
1,0.25,8.5,14.25,0,0
1,0.25,15.75,14.25,0,0
1,0.25,16,14.25,0,0
1,0.25,0.75,14.25,0,0
1,0.25,1,14.25,0,0
1,0.25,8.25,14.5,0,0
1,0.25,8.5,14.5,0,0
1,0.25,15.75,14.5,0,0
1,0.25,16,14.5,0,0
1,0.25,0.75,14.5,0,0
1,0.25,1,14.5,0,0
1,0.25,8.25,14.75,0,0
1,0.25,8.5,14.75,0,0
1,0.25,15.75,14.75,0,0
1,0.25,16,14.75,0,0
1,0.25,0.75,14.75,0,0
1,0.25,1,14.75,0,0
1,0.25,8.25,15,0,0
1,0.25,8.5,15,0,0
1,0.25,15.75,15,0,0
1,0.25,16,15,0,0
1,0.25,0.75,15,0,0
1,0.25,1,15,0,0
1,0.25,8.25,15.25,0,0
1,0.25,8.5,15.25,0,0
1,0.25,15.75,15.25,0,0
1,0.25,16,15.25,0,0
1,0.25,0.75,15.25,0,0
1,0.25,1,15.25,0,0
1,0.25,8.25,15.5,0,0
1,0.25,8.5,15.5,0,0
1,0.25,15.75,15.5,0,0
1,0.25,16,15.5,0,0
1,0.25,0.75,15.5,0,0
1,0.25,1,15.5,0,0
1,0.25,1.25,0.75,0,0
1,0.25,1.25,1,0,0
1,0.25,1.5,0.75,0,0
1,0.25,1.5,1,0,0
1,0.25,1.75,0.75,0,0
1,0.25,1.75,1,0,0
1,0.25,2,0.75,0,0
1,0.25,2,1,0,0
1,0.25,2.25,0.75,0,0
1,0.25,2.25,1,0,0
1,0.25,2.5,0.75,0,0
1,0.25,2.5,1,0,0
1,0.25,2.75,0.75,0,0
1,0.25,2.75,1,0,0
1,0.25,3,0.75,0,0
1,0.25,3,1,0,0
1,0.25,3,15.25,0,0
1,0.25,3,15.5,0,0
1,0.25,3.25,0.75,0,0
1,0.25,3.25,1,0,0
1,0.25,3.25,15.25,0,0
1,0.25,3.25,15.5,0,0
1,0.25,3.5,0.75,0,0
1,0.25,3.5,1,0,0
1,0.25,3.5,15.25,0,0
1,0.25,3.5,15.5,0,0
1,0.25,3.75,0.75,0,0
1,0.25,3.75,1,0,0
1,0.25,3.75,15.25,0,0
1,0.25,3.75,15.5,0,0
1,0.25,4,0.75,0,0
1,0.25,4,1,0,0
1,0.25,4,15.25,0,0
1,0.25,4,15.5,0,0
1,0.25,4.25,0.75,0,0
1,0.25,4.25,1,0,0
1,0.25,4.25,15.25,0,0
1,0.25,4.25,15.5,0,0
1,0.25,4.5,0.75,0,0
1,0.25,4.5,1,0,0
1,0.25,4.5,15.25,0,0
1,0.25,4.5,15.5,0,0
1,0.25,4.75,0.75,0,0
1,0.25,4.75,1,0,0
1,0.25,4.75,15.25,0,0
1,0.25,4.75,15.5,0,0
1,0.25,5,0.75,0,0
1,0.25,5,1,0,0
1,0.25,5,15.25,0,0
1,0.25,5,15.5,0,0
1,0.25,5.25,0.75,0,0
1,0.25,5.25,1,0,0
1,0.25,5.25,15.25,0,0
1,0.25,5.25,15.5,0,0
1,0.25,5.5,0.75,0,0
1,0.25,5.5,1,0,0
1,0.25,5.5,15.25,0,0
1,0.25,5.5,15.5,0,0
1,0.25,5.75,0.75,0,0
1,0.25,5.75,1,0,0
1,0.25,5.75,15.25,0,0
1,0.25,5.75,15.5,0,0
1,0.25,6,0.75,0,0
1,0.25,6,1,0,0
1,0.25,6,15.25,0,0
1,0.25,6,15.5,0,0
1,0.25,6.25,0.75,0,0
1,0.25,6.25,1,0,0
1,0.25,6.25,15.25,0,0
1,0.25,6.25,15.5,0,0
1,0.25,6.5,0.75,0,0
1,0.25,6.5,1,0,0
1,0.25,6.5,15.25,0,0
1,0.25,6.5,15.5,0,0
1,0.25,6.75,0.75,0,0
1,0.25,6.75,1,0,0
1,0.25,6.75,15.25,0,0
1,0.25,6.75,15.5,0,0
1,0.25,7,0.75,0,0
1,0.25,7,1,0,0
1,0.25,7,15.25,0,0
1,0.25,7,15.5,0,0
1,0.25,7.25,0.75,0,0
1,0.25,7.25,1,0,0
1,0.25,7.25,15.25,0,0
1,0.25,7.25,15.5,0,0
1,0.25,7.5,0.75,0,0
1,0.25,7.5,1,0,0
1,0.25,7.5,15.25,0,0
1,0.25,7.5,15.5,0,0
1,0.25,7.75,0.75,0,0
1,0.25,7.75,1,0,0
1,0.25,7.75,15.25,0,0
1,0.25,7.75,15.5,0,0
1,0.25,8,0.75,0,0
1,0.25,8,1,0,0
1,0.25,8,15.25,0,0
1,0.25,8,15.5,0,0
1,0.25,8.75,0.75,0,0
1,0.25,8.75,1,0,0
1,0.25,8.75,15.25,0,0
1,0.25,8.75,15.5,0,0
1,0.25,9,0.75,0,0
1,0.25,9,1,0,0
1,0.25,9,15.25,0,0
1,0.25,9,15.5,0,0
1,0.25,9.25,0.75,0,0
1,0.25,9.25,1,0,0
1,0.25,9.25,15.25,0,0
1,0.25,9.25,15.5,0,0
1,0.25,9.5,0.75,0,0
1,0.25,9.5,1,0,0
1,0.25,9.5,15.25,0,0
1,0.25,9.5,15.5,0,0
1,0.25,9.75,0.75,0,0
1,0.25,9.75,1,0,0
1,0.25,9.75,15.25,0,0
1,0.25,9.75,15.5,0,0
1,0.25,10,0.75,0,0
1,0.25,10,1,0,0
1,0.25,10,15.25,0,0
1,0.25,10,15.5,0,0
1,0.25,10.25,0.75,0,0
1,0.25,10.25,1,0,0
1,0.25,10.25,15.25,0,0
1,0.25,10.25,15.5,0,0
1,0.25,10.5,0.75,0,0
1,0.25,10.5,1,0,0
1,0.25,10.5,15.25,0,0
1,0.25,10.5,15.5,0,0
1,0.25,10.75,0.75,0,0
1,0.25,10.75,1,0,0
1,0.25,10.75,15.25,0,0
1,0.25,10.75,15.5,0,0
1,0.25,11,0.75,0,0
1,0.25,11,1,0,0
1,0.25,11,15.25,0,0
1,0.25,11,15.5,0,0
1,0.25,11.25,0.75,0,0
1,0.25,11.25,1,0,0
1,0.25,11.25,15.25,0,0
1,0.25,11.25,15.5,0,0
1,0.25,11.5,0.75,0,0
1,0.25,11.5,1,0,0
1,0.25,11.5,15.25,0,0
1,0.25,11.5,15.5,0,0
1,0.25,11.75,0.75,0,0
1,0.25,11.75,1,0,0
1,0.25,11.75,15.25,0,0
1,0.25,11.75,15.5,0,0
1,0.25,12,0.75,0,0
1,0.25,12,1,0,0
1,0.25,12,15.25,0,0
1,0.25,12,15.5,0,0
1,0.25,12.25,0.75,0,0
1,0.25,12.25,1,0,0
1,0.25,12.25,15.25,0,0
1,0.25,12.25,15.5,0,0
1,0.25,12.5,0.75,0,0
1,0.25,12.5,1,0,0
1,0.25,12.5,15.25,0,0
1,0.25,12.5,15.5,0,0
1,0.25,12.75,0.75,0,0
1,0.25,12.75,1,0,0
1,0.25,12.75,15.25,0,0
1,0.25,12.75,15.5,0,0
1,0.25,13,0.75,0,0
1,0.25,13,1,0,0
1,0.25,13,15.25,0,0
1,0.25,13,15.5,0,0
1,0.25,13.25,0.75,0,0
1,0.25,13.25,1,0,0
1,0.25,13.25,15.25,0,0
1,0.25,13.25,15.5,0,0
1,0.25,13.5,0.75,0,0
1,0.25,13.5,1,0,0
1,0.25,13.5,15.25,0,0
1,0.25,13.5,15.5,0,0
1,0.25,13.75,0.75,0,0
1,0.25,13.75,1,0,0
1,0.25,13.75,15.25,0,0
1,0.25,13.75,15.5,0,0
1,0.25,14,0.75,0,0
1,0.25,14,1,0,0
1,0.25,14.25,0.75,0,0
1,0.25,14.25,1,0,0
1,0.25,14.5,0.75,0,0
1,0.25,14.5,1,0,0
1,0.25,14.75,0.75,0,0
1,0.25,14.75,1,0,0
1,0.25,15,0.75,0,0
1,0.25,15,1,0,0
1,0.25,15.25,0.75,0,0
1,0.25,15.25,1,0,0
1,0.25,15.5,0.75,0,0
1,0.25,15.5,1,0,0
1,0.25,16,15.75,0,0
1,0.25,15.9959,16,0,0
1,0.25,15.9836,16.2496,0,0
1,0.25,15.9631,16.4988,0,0
1,0.25,15.9345,16.7471,0,0
1,0.25,15.8978,16.9944,0,0
1,0.25,15.8529,17.2403,0,0
1,0.25,15.8001,17.4847,0,0
1,0.25,15.7392,17.7271,0,0
1,0.25,15.6704,17.9675,0,0
1,0.25,15.5938,18.2054,0,0
1,0.25,15.5095,18.4408,0,0
1,0.25,15.4174,18.6732,0,0
1,0.25,15.3178,18.9025,0,0
1,0.25,15.2107,19.1284,0,0
1,0.25,15.0963,19.3506,0,0
1,0.25,14.9747,19.569,0,0
1,0.25,14.8459,19.7833,0,0
1,0.25,14.7102,19.9933,0,0
1,0.25,14.5677,20.1987,0,0
1,0.25,14.4186,20.3993,0,0
1,0.25,14.2629,20.5949,0,0
1,0.25,14.1009,20.7853,0,0
1,0.25,13.9328,20.9703,0,0
1,0.25,13.7587,21.1497,0,0
1,0.25,13.5788,21.3233,0,0
1,0.25,13.3933,21.4909,0,0
1,0.25,13.2024,21.6523,0,0
1,0.25,13.0063,21.8074,0,0
1,0.25,12.8052,21.9559,0,0
1,0.25,12.5994,22.0978,0,0
1,0.25,12.3891,22.2329,0,0
1,0.25,12.1744,22.361,0,0
1,0.25,11.9556,22.482,0,0
1,0.25,11.733,22.5957,0,0
1,0.25,11.5068,22.7021,0,0
1,0.25,11.2772,22.8011,0,0
1,0.25,11.0445,22.8924,0,0
1,0.25,10.809,22.9761,0,0
1,0.25,10.5708,23.052,0,0
1,0.25,10.3302,23.1201,0,0
1,0.25,10.0876,23.1802,0,0
1,0.25,9.8431,23.2323,0,0
1,0.25,9.59703,23.2764,0,0
1,0.25,9.34965,23.3125,0,0
1,0.25,9.10122,23.3403,0,0
1,0.25,8.85201,23.3601,0,0
1,0.25,8.60229,23.3716,0,0
1,0.25,8.35232,23.375,0,0
1,0.25,8.10238,23.3701,0,0
1,0.25,7.85273,23.3571,0,0
1,0.25,7.60364,23.3359,0,0
1,0.25,7.35539,23.3065,0,0
1,0.25,7.10822,23.269,0,0
1,0.25,6.86242,23.2235,0,0
1,0.25,6.61825,23.1699,0,0
1,0.25,6.37596,23.1083,0,0
1,0.25,6.13582,23.0388,0,0
1,0.25,5.89809,22.9615,0,0
1,0.25,5.66302,22.8764,0,0
1,0.25,5.43087,22.7837,0,0
1,0.25,5.20188,22.6834,0,0
1,0.25,4.9763,22.5756,0,0
1,0.25,4.75438,22.4606,0,0
1,0.25,4.53634,22.3383,0,0
1,0.25,4.32244,22.2089,0,0
1,0.25,4.11289,22.0726,0,0
1,0.25,3.90792,21.9295,0,0
1,0.25,3.70775,21.7797,0,0
1,0.25,3.5126,21.6235,0,0
1,0.25,3.32267,21.4609,0,0
1,0.25,3.13818,21.2922,0,0
1,0.25,2.95931,21.1176,0,0
1,0.25,2.78627,20.9372,0,0
1,0.25,2.61923,20.7512,0,0
1,0.25,2.45838,20.5598,0,0
1,0.25,2.30389,20.3633,0,0
1,0.25,2.15592,20.1618,0,0
1,0.25,2.01464,19.9555,0,0
1,0.25,1.8802,19.7448,0,0
1,0.25,1.75274,19.5297,0,0
1,0.25,1.6324,19.3106,0,0
1,0.25,1.5193,19.0877,0,0
1,0.25,1.41357,18.8611,0,0
1,0.25,1.31533,18.6313,0,0
1,0.25,1.22467,18.3983,0,0
1,0.25,1.1417,18.1625,0,0
1,0.25,1.0665,17.9241,0,0
1,0.25,0.999164,17.6833,0,0
1,0.25,0.939753,17.4405,0,0
1,0.25,0.888333,17.1958,0,0
1,0.25,0.844961,16.9496,0,0
1,0.25,0.809682,16.7022,0,0
1,0.25,0.782536,16.4536,0,0
1,0.25,0.76355,16.2044,0,0
1,0.25,0.752746,15.9546,0,0
1,0.25,0.750135,15.7046,0,0
1,0.25,15.75,15.75,0,0
1,0.25,15.7459,15.9958,0,0
1,0.25,15.7336,16.2413,0,0
1,0.25,15.7132,16.4863,0,0
1,0.25,15.6845,16.7304,0,0
1,0.25,15.6478,16.9735,0,0
1,0.25,15.603,17.2152,0,0
1,0.25,15.5501,17.4553,0,0
1,0.25,15.4893,17.6934,0,0
1,0.25,15.4206,17.9295,0,0
1,0.25,15.3441,18.1631,0,0
1,0.25,15.2598,18.394,0,0
1,0.25,15.1678,18.622,0,0
1,0.25,15.0683,18.8468,0,0
1,0.25,14.9614,19.0681,0,0
1,0.25,14.8472,19.2858,0,0
1,0.25,14.7257,19.4995,0,0
1,0.25,14.5973,19.7091,0,0
1,0.25,14.4619,19.9142,0,0
1,0.25,14.3197,20.1148,0,0
1,0.25,14.1709,20.3105,0,0
1,0.25,14.0157,20.5011,0,0
1,0.25,13.8542,20.6865,0,0
1,0.25,13.6867,20.8663,0,0
1,0.25,13.5132,21.0405,0,0
1,0.25,13.334,21.2088,0,0
1,0.25,13.1494,21.371,0,0
1,0.25,12.9594,21.527,0,0
1,0.25,12.7643,21.6766,0,0
1,0.25,12.5643,21.8196,0,0
1,0.25,12.3597,21.9558,0,0
1,0.25,12.1507,22.0852,0,0
1,0.25,11.9375,22.2075,0,0
1,0.25,11.7203,22.3227,0,0
1,0.25,11.4994,22.4305,0,0
1,0.25,11.275,22.5309,0,0
1,0.25,11.0474,22.6238,0,0
1,0.25,10.8168,22.709,0,0
1,0.25,10.5835,22.7865,0,0
1,0.25,10.3478,22.8562,0,0
1,0.25,10.1099,22.918,0,0
1,0.25,9.87002,22.9719,0,0
1,0.25,9.62851,23.0177,0,0
1,0.25,9.3856,23.0554,0,0
1,0.25,9.14157,23.0851,0,0
1,0.25,8.89669,23.1065,0,0
1,0.25,8.65122,23.1198,0,0
1,0.25,8.40546,23.1249,0,0
1,0.25,8.15965,23.1219,0,0
1,0.25,7.91409,23.1106,0,0
1,0.25,7.66904,23.0911,0,0
1,0.25,7.42477,23.0635,0,0
1,0.25,7.18156,23.0278,0,0
1,0.25,6.93968,22.984,0,0
1,0.25,6.69938,22.9321,0,0
1,0.25,6.46096,22.8723,0,0
1,0.25,6.22465,22.8045,0,0
1,0.25,5.99074,22.729,0,0
1,0.25,5.75947,22.6456,0,0
1,0.25,5.53112,22.5546,0,0
1,0.25,5.30592,22.4561,0,0
1,0.25,5.08413,22.3501,0,0
1,0.25,4.86599,22.2367,0,0
1,0.25,4.65176,22.1162,0,0
1,0.25,4.44166,21.9885,0,0
1,0.25,4.23593,21.854,0,0
1,0.25,4.0348,21.7127,0,0
1,0.25,3.8385,21.5647,0,0
1,0.25,3.64723,21.4103,0,0
1,0.25,3.46121,21.2496,0,0
1,0.25,3.28066,21.0828,0,0
1,0.25,3.10576,20.91,0,0
1,0.25,2.93672,20.7315,0,0
1,0.25,2.77372,20.5475,0,0
1,0.25,2.61695,20.3582,0,0
1,0.25,2.46657,20.1637,0,0
1,0.25,2.32275,19.9644,0,0
1,0.25,2.18566,19.7603,0,0
1,0.25,2.05545,19.5518,0,0
1,0.25,1.93225,19.3391,0,0
1,0.25,1.81622,19.1224,0,0
1,0.25,1.70747,18.9019,0,0
1,0.25,1.60613,18.678,0,0
1,0.25,1.51231,18.4508,0,0
1,0.25,1.42611,18.2205,0,0
1,0.25,1.34763,17.9876,0,0
1,0.25,1.27697,17.7521,0,0
1,0.25,1.21418,17.5145,0,0
1,0.25,1.15936,17.2748,0,0
1,0.25,1.11255,17.0335,0,0
1,0.25,1.07381,16.7908,0,0
1,0.25,1.04318,16.5469,0,0
1,0.25,1.02069,16.3021,0,0
1,0.25,1.00638,16.0567,0,0
1,0.25,1.00025,15.8109,0,0
1,0.25,1.00232,15.5651,0,0
1,0.25,13.75,15.75,0,0
1,0.25,13.7442,15.9999,0,0
1,0.25,13.7268,16.2493,0,0
1,0.25,13.6978,16.4976,0,0
1,0.25,13.6572,16.7442,0,0
1,0.25,13.6053,16.9888,0,0
1,0.25,13.5421,17.2306,0,0
1,0.25,13.4676,17.4692,0,0
1,0.25,13.3822,17.7042,0,0
1,0.25,13.2859,17.9349,0,0
1,0.25,13.179,18.1608,0,0
1,0.25,13.0617,18.3816,0,0
1,0.25,12.9343,18.5966,0,0
1,0.25,12.797,18.8056,0,0
1,0.25,12.6502,19.0079,0,0
1,0.25,12.4941,19.2031,0,0
1,0.25,12.3291,19.3909,0,0
1,0.25,12.1555,19.5708,0,0
1,0.25,11.9738,19.7424,0,0
1,0.25,11.7842,19.9054,0,0
1,0.25,11.5874,20.0595,0,0
1,0.25,11.3835,20.2042,0,0
1,0.25,11.1732,20.3392,0,0
1,0.25,10.9568,20.4644,0,0
1,0.25,10.7348,20.5793,0,0
1,0.25,10.5077,20.6838,0,0
1,0.25,10.276,20.7776,0,0
1,0.25,10.0402,20.8606,0,0
1,0.25,9.80076,20.9325,0,0
1,0.25,9.55826,20.9931,0,0
1,0.25,9.3132,21.0425,0,0
1,0.25,9.06611,21.0804,0,0
1,0.25,8.81753,21.1068,0,0
1,0.25,8.56799,21.1215,0,0
1,0.25,8.31803,21.1247,0,0
1,0.25,8.0682,21.1162,0,0
1,0.25,7.81903,21.0962,0,0
1,0.25,7.57106,21.0645,0,0
1,0.25,7.32483,21.0214,0,0
1,0.25,7.08087,20.9669,0,0
1,0.25,6.83971,20.9011,0,0
1,0.25,6.60187,20.8241,0,0
1,0.25,6.36787,20.7362,0,0
1,0.25,6.13821,20.6375,0,0
1,0.25,5.91339,20.5282,0,0
1,0.25,5.69389,20.4086,0,0
1,0.25,5.48019,20.2789,0,0
1,0.25,5.27275,20.1394,0,0
1,0.25,5.07202,19.9904,0,0
1,0.25,4.87844,19.8322,0,0
1,0.25,4.69241,19.6653,0,0
1,0.25,4.51436,19.4898,0,0
1,0.25,4.34465,19.3063,0,0
1,0.25,4.18366,19.115,0,0
1,0.25,4.03174,18.9165,0,0
1,0.25,3.88921,18.7111,0,0
1,0.25,3.75639,18.4994,0,0
1,0.25,3.63355,18.2817,0,0
1,0.25,3.52097,18.0585,0,0
1,0.25,3.41889,17.8303,0,0
1,0.25,3.32752,17.5976,0,0
1,0.25,3.24708,17.3609,0,0
1,0.25,3.17772,17.1207,0,0
1,0.25,3.11961,16.8776,0,0
1,0.25,3.07287,16.6321,0,0
1,0.25,3.03759,16.3846,0,0
1,0.25,3.01386,16.1357,0,0
1,0.25,3.00172,15.886,0,0
1,0.25,3.00121,15.6361,0,0
1,0.25,13.5,15.75,0,0
1,0.25,13.4939,15.9999,0,0
1,0.25,13.4756,16.2492,0,0
1,0.25,13.4452,16.4973,0,0
1,0.25,13.4027,16.7437,0,0
1,0.25,13.3483,16.9876,0,0
1,0.25,13.2821,17.2287,0,0
1,0.25,13.2041,17.4662,0,0
1,0.25,13.1147,17.6996,0,0
1,0.25,13.014,17.9284,0,0
1,0.25,12.9022,18.152,0,0
1,0.25,12.7797,18.3699,0,0
1,0.25,12.6467,18.5816,0,0
1,0.25,12.5036,18.7865,0,0
1,0.25,12.3506,18.9842,0,0
1,0.25,12.1882,19.1742,0,0
1,0.25,12.0167,19.3561,0,0
1,0.25,11.8365,19.5294,0,0
1,0.25,11.6481,19.6937,0,0
1,0.25,11.4519,19.8486,0,0
1,0.25,11.2484,19.9937,0,0
1,0.25,11.0381,20.1288,0,0
1,0.25,10.8214,20.2534,0,0
1,0.25,10.5989,20.3674,0,0
1,0.25,10.3711,20.4703,0,0
1,0.25,10.1385,20.562,0,0
1,0.25,9.90179,20.6423,0,0
1,0.25,9.66142,20.7109,0,0
1,0.25,9.41799,20.7677,0,0
1,0.25,9.17208,20.8126,0,0
1,0.25,8.92427,20.8455,0,0
1,0.25,8.67516,20.8662,0,0
1,0.25,8.42533,20.8748,0,0
1,0.25,8.17538,20.8711,0,0
1,0.25,7.92591,20.8553,0,0
1,0.25,7.6775,20.8273,0,0
1,0.25,7.43076,20.7873,0,0
1,0.25,7.18626,20.7352,0,0
1,0.25,6.94459,20.6713,0,0
1,0.25,6.70632,20.5957,0,0
1,0.25,6.47202,20.5086,0,0
1,0.25,6.24225,20.4101,0,0
1,0.25,6.01755,20.3006,0,0
1,0.25,5.79846,20.1802,0,0
1,0.25,5.5855,20.0493,0,0
1,0.25,5.37918,19.9082,0,0
1,0.25,5.17998,19.7572,0,0
1,0.25,4.98839,19.5966,0,0
1,0.25,4.80485,19.4269,0,0
1,0.25,4.62981,19.2485,0,0
1,0.25,4.46368,19.0617,0,0
1,0.25,4.30685,18.867,0,0
1,0.25,4.1597,18.6649,0,0
1,0.25,4.02258,18.4559,0,0
1,0.25,3.89581,18.2405,0,0
1,0.25,3.7797,18.0191,0,0
1,0.25,3.67452,17.7923,0,0
1,0.25,3.58053,17.5607,0,0
1,0.25,3.49794,17.3248,0,0
1,0.25,3.42695,17.0851,0,0
1,0.25,3.36774,16.8422,0,0
1,0.25,3.32044,16.5968,0,0
1,0.25,3.28516,16.3493,0,0
1,0.25,3.26199,16.1004,0,0
1,0.25,3.25099,15.8507,0,0
1,0.25,3.25218,15.6007,0,0
