2452 2 0.25 4000 0.15 2 0 0.001 0 9.81 18 25
0,0.25,1.26945,3.22719,0.165853,3.05685
0,0.25,1.36122,3.34723,0.642942,2.52512
0,0.25,1.30861,3.54204,0.910198,2.76411
0,0.25,1.27657,3.7448,-0.186432,2.29024
0,0.25,1.2744,3.96695,0.605772,2.12208
0,0.25,1.23246,4.19908,-0.438364,2.10663
0,0.25,1.2637,4.44021,0.199875,2.02892
0,0.25,1.22384,4.68277,-0.293426,1.97095
0,0.25,1.25858,4.93015,0.0551812,2.07738
0,0.25,1.22726,5.17546,-0.165533,1.97554
0,0.25,1.253,5.42506,-0.0397941,2.06181
0,0.25,1.23193,5.66977,-0.0588863,1.91091
0,0.25,1.24707,5.91906,-0.0729508,1.98746
0,0.25,1.23541,6.1638,-0.00906273,1.8457
0,0.25,1.24182,6.41132,-0.0104495,1.91887
0,0.25,1.23669,6.65758,0.0867688,1.9174
0,0.25,1.23851,6.90481,0.0587968,1.98353
0,0.25,1.23633,7.15328,0.067891,1.99436
0,0.25,1.23636,7.40098,0.0205234,1.98726
0,0.25,1.2352,7.65065,-0.0402957,1.87488
0,0.25,1.23436,7.89773,0.000237048,1.78161
0,0.25,1.23347,8.14759,-0.0190252,1.70386
0,0.25,1.23143,8.39541,0.0881858,1.70424
0,0.25,1.2296,8.64701,0.0647384,1.86023
0,0.25,1.22578,8.89944,0.0732853,1.99193
0,0.25,1.22277,9.15607,-0.0438537,2.17543
0,0.25,1.21963,9.41582,-0.124106,2.16839
0,0.25,1.21896,9.67901,-0.162437,2.15026
0,0.25,1.22067,9.9428,-0.0503495,2.10396
0,0.25,1.22389,10.2045,0.0750781,2.13557
0,0.25,1.22647,10.4646,0.195078,2.26232
0,0.25,1.22718,10.7238,0.213231,2.43654
0,0.25,1.22785,10.9839,0.199515,2.58798
0,0.25,1.22666,11.2438,0.115048,2.65499
0,0.25,1.22705,11.5045,0.0250859,2.62498
0,0.25,1.22535,11.764,-0.06696,2.64208
0,0.25,1.22652,12.0246,-0.104513,2.70737
0,0.25,1.22116,12.2906,-0.187472,3.21727
0,0.25,1.21979,12.572,-0.235352,3.85964
0,0.25,1.2119,12.8724,0.0852815,4.99984
0,0.25,1.22572,13.1511,-0.140886,3.83965
0,0.25,1.19962,13.4267,-1.00708,3.83529
0,0.25,1.18969,13.7458,0.701687,5.73729
0,0.25,1.19122,14.1474,-0.107339,7.26484
0,0.25,1.20877,14.583,1.11056,8.30167
0,0.25,1.23691,15.1018,-0.0190376,9.29283
0,0.25,1.29118,15.6718,1.58017,12.5559
0,0.25,1.23172,16.1905,-4.16313,8.18067
0,0.25,1.53894,16.9432,4.7267,13.1736
0,0.25,1.34691,17.1323,1.70624,7.55625
0,0.25,1.63847,17.8825,1.60979,9.63695
0,0.25,1.61789,18.1678,4.52132,8.63087
0,0.25,2.20367,18.8224,3.76942,12.91
0,0.25,2.18536,18.9924,4.99017,11.827
0,0.25,2.20325,19.3612,6.01146,5.79358
0,0.25,2.41228,19.5459,4.23585,8.09347
0,0.25,1.65012,3.53381,0.793263,3.15762
0,0.25,1.57429,3.73244,0.378621,2.59606
0,0.25,1.52803,3.9776,0.345119,3.04931
0,0.25,1.52325,4.20307,-0.0395511,2.71804
0,0.25,1.5031,4.44692,0.197132,2.99412
0,0.25,1.50368,4.68489,-0.214231,2.83292
0,0.25,1.4968,4.92383,0.102664,2.88752
0,0.25,1.49478,5.17062,-0.215102,2.91421
0,0.25,1.49395,5.4071,-0.0294009,2.7956
0,0.25,1.49017,5.65607,-0.176682,2.82712
0,0.25,1.49028,5.89345,-0.0931856,2.71969
0,0.25,1.48691,6.14093,-0.1627,2.67946
0,0.25,1.48529,6.38001,-0.14887,2.70436
0,0.25,1.48316,6.62477,-0.132653,2.71646
0,0.25,1.48107,6.8652,-0.130158,2.73478
0,0.25,1.47925,7.10764,-0.07187,2.7657
0,0.25,1.47727,7.34943,-0.0944334,2.6536
0,0.25,1.47588,7.59031,-0.111109,2.66845
0,0.25,1.47432,7.83149,-0.0915763,2.4899
0,0.25,1.47379,8.06958,-0.0646509,2.58257
0,0.25,1.47165,8.30806,0.0529538,2.51746
0,0.25,1.47092,8.54213,0.126772,2.74241
0,0.25,1.46753,8.77672,0.15216,2.87122
0,0.25,1.46593,9.00635,0.113568,3.02122
0,0.25,1.46283,9.23614,0.0122289,3.06841
0,0.25,1.46048,9.46362,-0.0861543,2.88134
0,0.25,1.4587,9.69132,-0.100998,2.63376
0,0.25,1.45629,9.92028,-0.0895804,2.29431
0,0.25,1.45486,10.1527,0.0213779,2.09866
0,0.25,1.45114,10.3897,0.0943151,2.03956
0,0.25,1.44786,10.6329,0.151908,2.1403
0,0.25,1.44223,10.8813,0.150451,2.33774
0,0.25,1.43815,11.1355,0.0969037,2.46038
0,0.25,1.4319,11.3932,0.0668213,2.56935
0,0.25,1.42811,11.6563,-0.015767,2.58488
0,0.25,1.42182,11.9236,-0.0275275,2.70825
0,0.25,1.41154,12.2041,-0.222957,3.06324
0,0.25,1.39185,12.4964,-0.529044,3.55292
0,0.25,1.37243,12.8236,-0.41255,4.42866
0,0.25,1.39333,13.2021,0.368583,5.66946
0,0.25,1.34142,13.61,-0.515173,4.48157
0,0.25,1.33868,14.0039,-0.684206,6.49598
0,0.25,1.31063,14.4219,-0.938881,6.77043
0,0.25,1.24403,14.8821,-2.06721,8.95347
0,0.25,1.22835,15.3935,1.19239,8.91928
0,0.25,1.26835,15.996,-2.34476,10.5399
0,0.25,1.34444,16.4887,3.4486,10.7891
0,0.25,1.60198,17.2683,2.87237,11.5076
0,0.25,1.50458,17.3665,7.28521,11.7879
0,0.25,1.48767,17.7217,0.787836,13.1706
0,0.25,1.8204,18.3751,2.30096,10.6078
0,0.25,2.03503,18.6541,4.74805,11.939
0,0.25,1.80823,18.7255,1.79016,10.3126
0,0.25,2.67929,19.7272,8.90762,12.3302
0,0.25,2.97336,20.3307,7.09948,9.10002
0,0.25,2.49309,19.7476,4.17003,6.92054
0,0.25,1.85891,3.62033,0.601613,2.94154
0,0.25,1.78572,3.88883,0.170848,3.21805
0,0.25,1.78439,4.1451,0.128486,3.25729
0,0.25,1.75606,4.38655,0.0258994,3.16236
0,0.25,1.76061,4.63697,-0.0884736,3.30862
0,0.25,1.74645,4.87832,-0.0166912,3.1657
0,0.25,1.74955,5.12709,-0.206389,3.27047
0,0.25,1.74186,5.36784,-0.0842838,3.08316
0,0.25,1.74203,5.61486,-0.245494,3.17649
0,0.25,1.73839,5.85433,-0.105808,2.96846
0,0.25,1.73573,6.09911,-0.193165,2.95819
0,0.25,1.73378,6.33784,-0.0829983,2.88844
0,0.25,1.7302,6.58055,-0.153648,2.88881
0,0.25,1.7284,6.81825,-0.11205,2.90657
0,0.25,1.72551,7.05981,-0.130805,2.87823
0,0.25,1.72271,7.29865,-0.15602,2.75926
0,0.25,1.72042,7.54037,-0.144338,2.71126
0,0.25,1.71708,7.78192,-0.209294,2.61151
0,0.25,1.71525,8.02449,-0.156412,2.684
0,0.25,1.71236,8.26967,-0.16307,2.79471
0,0.25,1.71091,8.51644,-0.0553325,2.99389
0,0.25,1.70879,8.76789,-0.030961,3.25614
0,0.25,1.70704,9.02081,0.000975648,3.42194
0,0.25,1.70401,9.27625,-0.0402509,3.58624
0,0.25,1.70104,9.52967,-0.0777773,3.53866
0,0.25,1.6975,9.78302,-0.0611387,3.44642
0,0.25,1.69268,10.0344,-0.0230756,3.25439
0,0.25,1.68685,10.2867,0.0502626,3.14867
0,0.25,1.67883,10.5394,0.0841901,3.09201
0,0.25,1.66989,10.794,0.0738646,3.09721
0,0.25,1.65988,11.0507,0.0600206,3.13225
0,0.25,1.65021,11.3095,-0.0115814,3.09068
0,0.25,1.63906,11.5722,-0.0464939,3.1099
0,0.25,1.63071,11.8382,-0.0898506,3.0884
0,0.25,1.61449,12.1098,-0.267101,3.37595
0,0.25,1.59538,12.3882,-0.402193,3.74374
0,0.25,1.56668,12.6775,-0.728163,4.13967
0,0.25,1.53566,12.9755,-0.863303,5.39563
0,0.25,1.55066,13.32,-0.030795,7.10563
0,0.25,1.51521,13.5874,-1.65381,6.91873
0,0.25,1.46426,13.8928,-1.0285,6.73011
0,0.25,1.42658,14.287,-0.947389,7.10951
0,0.25,1.38893,14.7662,-0.791525,9.39378
0,0.25,1.40499,15.3211,0.419689,10.8626
0,0.25,1.45808,16.006,0.762469,13.2428
0,0.25,1.43748,16.6857,2.6175,15.3313
0,0.25,1.36253,16.9222,0.808098,9.20528
0,0.25,1.66661,17.6168,3.08255,13.9563
0,0.25,1.95299,18.3326,5.1343,12.7041
0,0.25,2.22725,18.5102,5.35216,12.4869
0,0.25,2.62516,19.1783,6.03217,11.3706
0,0.25,2.47101,19.3633,6.09079,10.2148
0,0.25,3.01267,20.068,8.07518,12.1832
0,0.25,2.72447,19.9739,6.46792,11.0121
0,0.25,2.73876,20.1336,5.55075,7.15068
0,0.25,3.30311,20.6364,10.9562,12.0139
0,0.25,2.0319,3.64123,0.49711,3.0492
0,0.25,2.02733,3.90765,0.210937,3.35402
0,0.25,2.02485,4.17294,0.158313,3.30583
0,0.25,2.00467,4.42516,0.0489536,3.48827
0,0.25,2.00899,4.67494,-0.0133598,3.46181
0,0.25,1.99581,4.92397,-0.0186464,3.58441
0,0.25,1.99957,5.17058,-0.100852,3.47186
0,0.25,1.9909,5.41777,-0.094788,3.58007
0,0.25,1.99295,5.66225,-0.191434,3.46972
0,0.25,1.98722,5.90685,-0.173026,3.50893
0,0.25,1.98702,6.14888,-0.231114,3.39252
0,0.25,1.9827,6.39147,-0.18283,3.42548
0,0.25,1.98074,6.63105,-0.231339,3.34871
0,0.25,1.9771,6.87057,-0.191544,3.41381
0,0.25,1.97446,7.10758,-0.245025,3.27054
0,0.25,1.9709,7.34401,-0.215167,3.18825
0,0.25,1.96864,7.5789,-0.240208,2.98558
0,0.25,1.96481,7.81186,-0.223066,2.85739
0,0.25,1.96264,8.04287,-0.185526,2.75424
0,0.25,1.958,8.27163,-0.178309,2.6948
0,0.25,1.95506,8.49952,-0.124799,2.66639
0,0.25,1.94937,8.72756,-0.154466,2.70025
0,0.25,1.94628,8.95749,-0.151836,2.73386
0,0.25,1.93931,9.1886,-0.216532,2.8433
0,0.25,1.93656,9.42355,-0.232713,2.91357
0,0.25,1.92887,9.65984,-0.225068,3.00601
0,0.25,1.9248,9.90075,-0.228958,3.04633
0,0.25,1.91586,10.1439,-0.127475,3.1257
0,0.25,1.9073,10.3915,-0.185133,3.19952
0,0.25,1.89627,10.6421,-0.0765059,3.36915
0,0.25,1.88253,10.896,-0.203549,3.47919
0,0.25,1.86983,11.153,-0.131609,3.64627
0,0.25,1.85212,11.414,-0.276445,3.6159
0,0.25,1.83709,11.6785,-0.196423,3.66298
0,0.25,1.81729,11.9527,-0.355361,3.61321
0,0.25,1.79537,12.2315,-0.43409,3.79278
0,0.25,1.76348,12.5226,-0.830041,4.19933
0,0.25,1.73026,12.8184,-1.21278,4.88785
0,0.25,1.70815,13.1225,-1.48666,5.38151
0,0.25,1.70994,13.4744,-0.453048,6.53597
0,0.25,1.66323,13.8448,-1.07478,6.8405
0,0.25,1.59921,14.2074,-1.11366,6.79544
0,0.25,1.55578,14.6205,-1.15087,8.1465
0,0.25,1.51048,15.1292,-0.779444,9.34589
0,0.25,1.45257,15.7139,-1.55529,12.2898
0,0.25,1.46847,16.3396,1.3427,12.192
0,0.25,1.78576,17.1763,4.4431,13.9515
0,0.25,1.89565,17.7723,1.67239,14.1161
0,0.25,1.79245,18.068,1.79928,10.2476
0,0.25,2.59171,19.011,7.16551,13.0765
0,0.25,2.20376,19.201,3.94126,8.45626
0,0.25,3.01457,19.8296,7.90705,11.873
0,0.25,3.29606,20.2702,10.288,11.3104
0,0.25,3.07856,20.4285,8.96919,11.436
0,0.25,3.38865,20.9079,5.7325,11.2418
0,0.25,4.49389,21.8828,14.2178,10.1891
0,0.25,2.25984,3.6568,0.121991,3.04336
0,0.25,2.26863,3.91194,0.128302,3.20489
0,0.25,2.26461,4.17159,0.102233,3.28966
0,0.25,2.25195,4.42361,-0.0557979,3.4234
0,0.25,2.25616,4.67287,0.0136309,3.48625
0,0.25,2.24335,4.92175,-0.16631,3.51866
0,0.25,2.24805,5.16828,-0.0832038,3.50546
0,0.25,2.23848,5.41548,-0.193566,3.51415
0,0.25,2.24079,5.661,-0.127207,3.49222
0,0.25,2.23408,5.90645,-0.193157,3.4876
0,0.25,2.23393,6.15097,-0.174676,3.45637
0,0.25,2.22927,6.39561,-0.227619,3.49788
0,0.25,2.22757,6.63957,-0.207342,3.52553
0,0.25,2.22403,6.88348,-0.230986,3.59988
0,0.25,2.22123,7.12735,-0.223268,3.5679
0,0.25,2.21772,7.37192,-0.242557,3.5483
0,0.25,2.21466,7.61674,-0.284219,3.49634
0,0.25,2.21082,7.8616,-0.283921,3.58533
0,0.25,2.20803,8.10593,-0.298289,3.64975
0,0.25,2.2035,8.34987,-0.274828,3.81724
0,0.25,2.19991,8.59439,-0.261284,3.86596
0,0.25,2.19382,8.83984,-0.280124,3.94155
0,0.25,2.18843,9.08604,-0.328373,3.93821
0,0.25,2.18043,9.33248,-0.401999,3.93846
0,0.25,2.17324,9.57782,-0.480523,3.88396
0,0.25,2.16345,9.82338,-0.467347,3.82621
0,0.25,2.15383,10.0684,-0.495343,3.72062
0,0.25,2.14159,10.3162,-0.390598,3.70314
0,0.25,2.12845,10.5633,-0.459116,3.65003
0,0.25,2.11339,10.8157,-0.345086,3.76986
0,0.25,2.09637,11.0641,-0.526719,3.78675
0,0.25,2.07734,11.3196,-0.397877,3.91598
0,0.25,2.05802,11.5678,-0.586349,3.96596
0,0.25,2.03503,11.8222,-0.446672,4.03253
0,0.25,2.01586,12.0722,-0.577243,4.15645
0,0.25,1.98681,12.3266,-0.674664,4.3198
0,0.25,1.96186,12.5791,-0.876147,4.66283
0,0.25,1.92988,12.8382,-1.10108,4.895
0,0.25,1.89414,13.1035,-1.29624,5.39731
0,0.25,1.88914,13.3931,-0.916046,5.63731
0,0.25,1.81207,13.7232,-1.67641,6.20703
0,0.25,1.75164,14.0848,-1.57818,6.97607
0,0.25,1.67564,14.4907,-1.97846,7.66537
0,0.25,1.58081,14.9428,-1.8081,9.75749
0,0.25,1.55066,15.5463,-1.2756,13.3602
0,0.25,1.62056,16.1895,-0.0234123,12.2786
0,0.25,1.72216,16.8172,3.48114,13.9657
0,0.25,1.85833,17.4916,7.67866,15.3734
0,0.25,1.98511,18.0069,5.63329,13.63
0,0.25,2.47724,18.7978,7.35892,13.7295
0,0.25,2.72562,19.454,7.19863,11.0391
0,0.25,3.40629,20.1253,11.1304,11.1664
0,0.25,3.44865,20.4582,10.2281,13.6281
0,0.25,3.51411,20.6395,8.78312,13.0429
0,0.25,3.65762,20.9267,10.8719,8.96369
0,0.25,3.64061,21.1128,14.5095,8.26396
0,0.25,2.50193,3.65554,0.0264801,3.04402
0,0.25,2.5088,3.90886,0.0889784,3.17867
0,0.25,2.50787,4.16605,0.0820708,3.25872
0,0.25,2.49993,4.41616,0.0391496,3.36433
0,0.25,2.50432,4.66592,0.0404082,3.37673
0,0.25,2.49251,4.9135,-0.044199,3.44103
0,0.25,2.49756,5.16066,-0.0637502,3.40654
0,0.25,2.48789,5.40577,-0.141363,3.45037
0,0.25,2.49056,5.65078,-0.126168,3.40032
0,0.25,2.48361,5.89365,-0.177984,3.38777
0,0.25,2.48301,6.1368,-0.15885,3.2753
0,0.25,2.4774,6.37835,-0.226091,3.30963
0,0.25,2.47507,6.61994,-0.238372,3.23924
0,0.25,2.47009,6.85941,-0.330704,3.31267
0,0.25,2.46683,7.09928,-0.306135,3.21598
0,0.25,2.46219,7.33803,-0.37308,3.10463
0,0.25,2.4583,7.57653,-0.347943,2.96169
0,0.25,2.45329,7.81462,-0.375049,2.93643
0,0.25,2.44926,8.05105,-0.357909,2.86559
0,0.25,2.44322,8.28663,-0.376914,2.96835
0,0.25,2.43902,8.52253,-0.366894,2.9405
0,0.25,2.4316,8.7588,-0.430129,2.99273
0,0.25,2.42694,8.99736,-0.443853,3.02444
0,0.25,2.4175,9.23653,-0.5218,3.06005
0,0.25,2.41234,9.47668,-0.520137,3.13033
0,0.25,2.39966,9.71669,-0.574494,3.13895
0,0.25,2.39311,9.95729,-0.54873,3.16082
0,0.25,2.37543,10.1992,-0.603997,3.13088
0,0.25,2.36731,10.4437,-0.582491,3.19762
0,0.25,2.34338,10.6906,-0.667685,3.22831
0,0.25,2.33413,10.9409,-0.678469,3.41654
0,0.25,2.30431,11.1918,-0.759742,3.50296
0,0.25,2.29338,11.4443,-0.787934,3.63538
0,0.25,2.26161,11.6961,-0.76487,3.63211
0,0.25,2.24476,11.9481,-0.82231,3.61552
0,0.25,2.21266,12.2031,-0.746169,3.67344
0,0.25,2.18338,12.4636,-0.973255,3.95919
0,0.25,2.14989,12.7317,-1.01216,4.20472
0,0.25,2.10598,13.013,-1.51378,5.01343
0,0.25,2.07233,13.3121,-1.16638,5.21427
0,0.25,2.00783,13.6447,-1.93728,6.07784
0,0.25,1.93922,13.9832,-1.88855,7.12002
0,0.25,1.85134,14.3464,-2.20306,7.12689
0,0.25,1.73994,14.7959,-2.49212,9.61591
0,0.25,1.6893,15.3662,-1.63089,11.8962
0,0.25,1.70702,15.9438,0.388937,14.2227
0,0.25,1.66104,16.5744,1.36457,12.6591
0,0.25,2.01932,17.3322,4.09598,17.1811
0,0.25,2.14975,17.9154,7.38011,13.7709
0,0.25,2.51647,18.5403,6.4361,11.9912
0,0.25,2.89573,19.2583,8.56246,12.0843
0,0.25,3.20126,19.9526,8.44923,12.0066
0,0.25,3.80203,20.3904,9.32492,12.4855
0,0.25,3.81283,20.7946,10.4533,11.2017
0,0.25,4.15567,21.3654,13.4508,15.0666
0,0.25,4.30885,21.7257,10.6767,12.869
0,0.25,2.75092,3.66322,0.0231118,3.07413
0,0.25,2.75433,3.91324,0.0652915,3.18991
0,0.25,2.75234,4.1666,0.0334799,3.25833
0,0.25,2.74845,4.41653,-0.0407951,3.37453
0,0.25,2.75026,4.66569,0.00176402,3.38484
0,0.25,2.74204,4.91421,-0.0700256,3.43809
0,0.25,2.74482,5.16086,-0.0358348,3.39731
0,0.25,2.73683,5.40782,-0.100067,3.47272
0,0.25,2.73782,5.65261,-0.108102,3.41964
0,0.25,2.73187,5.89697,-0.159681,3.46152
0,0.25,2.73041,6.14047,-0.167627,3.35524
0,0.25,2.72589,6.38408,-0.192224,3.42686
0,0.25,2.72272,6.62689,-0.215153,3.34783
0,0.25,2.71832,6.86887,-0.224002,3.50656
0,0.25,2.71454,7.11122,-0.28198,3.39313
0,0.25,2.70949,7.35265,-0.318032,3.38495
0,0.25,2.70539,7.59488,-0.351308,3.28441
0,0.25,2.69997,7.83626,-0.395504,3.34764
0,0.25,2.69552,8.07656,-0.422104,3.35463
0,0.25,2.68918,8.31616,-0.454299,3.54366
0,0.25,2.68423,8.55607,-0.484522,3.51512
0,0.25,2.67614,8.79656,-0.544071,3.63952
0,0.25,2.67026,9.03891,-0.6003,3.63437
0,0.25,2.65965,9.28101,-0.707819,3.73808
0,0.25,2.65299,9.52302,-0.746164,3.78629
0,0.25,2.63885,9.7639,-0.831805,3.83758
0,0.25,2.63107,10.0036,-0.799674,3.80778
0,0.25,2.61134,10.2441,-0.87027,3.7757
0,0.25,2.60269,10.4837,-0.830702,3.71743
0,0.25,2.57581,10.7259,-0.942838,3.72517
0,0.25,2.56711,10.9661,-0.928081,3.71356
0,0.25,2.53297,11.2094,-1.05324,3.8004
0,0.25,2.52371,11.4499,-1.02492,3.72189
0,0.25,2.48525,11.6936,-1.05027,3.74605
0,0.25,2.46857,11.937,-1.04878,3.568
0,0.25,2.42954,12.1835,-1.00296,3.60096
0,0.25,2.39581,12.4345,-1.04194,3.55552
0,0.25,2.35636,12.6935,-1.21712,4.16421
0,0.25,2.30677,12.9646,-1.21866,4.17681
0,0.25,2.26606,13.2437,-1.51329,5.1704
0,0.25,2.19277,13.5534,-1.82422,5.48313
0,0.25,2.11739,13.8816,-2.39444,6.57309
0,0.25,2.02651,14.2317,-2.52839,6.40942
0,0.25,1.91139,14.6001,-2.62888,8.83004
0,0.25,1.78458,15.1047,-2.51911,10.7729
0,0.25,1.7454,15.7536,-2.8076,14.0096
0,0.25,1.80637,16.4777,0.198867,15.2238
0,0.25,1.91368,17.0556,2.41199,13.4261
0,0.25,2.07296,17.632,4.96552,13.3834
0,0.25,2.29521,18.3763,5.26187,11.4003
0,0.25,2.83985,18.9736,7.40577,13.6711
0,0.25,2.89248,19.6208,9.88209,11.9603
0,0.25,3.67743,20.187,9.62269,12.7559
0,0.25,3.90393,20.6383,10.0434,12.9503
0,0.25,4.04104,20.8341,11.1688,14.1068
0,0.25,4.04426,21.5444,10.6698,12.2736
0,0.25,2.99868,3.66152,0.00754821,3.10853
0,0.25,3,3.91117,0.0707567,3.21157
0,0.25,2.99973,4.16388,0.0999915,3.2121
0,0.25,2.99599,4.41214,0.0713235,3.32086
0,0.25,2.99829,4.66175,0.0689134,3.34738
0,0.25,2.99016,4.90895,-0.0113327,3.4031
0,0.25,2.99351,5.15586,0.0344183,3.37156
0,0.25,2.98549,5.40164,-0.04213,3.39944
0,0.25,2.98652,5.64587,-0.0274202,3.3485
0,0.25,2.98007,5.88944,-0.0979771,3.35902
0,0.25,2.9787,6.1319,-0.125108,3.24602
0,0.25,2.9738,6.37403,-0.221023,3.27477
0,0.25,2.9702,6.6149,-0.240488,3.23936
0,0.25,2.96592,6.85561,-0.289288,3.30407
0,0.25,2.96102,7.09482,-0.32587,3.20323
0,0.25,2.95612,7.33474,-0.333284,3.15147
0,0.25,2.95087,7.57348,-0.373818,3.00705
0,0.25,2.94503,7.81249,-0.396901,3.01979
0,0.25,2.93969,8.04908,-0.432795,2.96549
0,0.25,2.93269,8.2856,-0.488744,3.09622
0,0.25,2.92723,8.52123,-0.552109,3.0144
0,0.25,2.91839,8.75795,-0.637903,3.09156
0,0.25,2.91262,8.99611,-0.697249,3.04216
0,0.25,2.90092,9.23469,-0.792088,3.12301
0,0.25,2.89465,9.47344,-0.790921,3.17721
0,0.25,2.87907,9.71186,-0.875012,3.24351
0,0.25,2.87207,9.94922,-0.820196,3.24927
0,0.25,2.85095,10.1887,-0.928591,3.23107
0,0.25,2.84393,10.4272,-0.852665,3.17644
0,0.25,2.81515,10.6706,-1.03178,3.20003
0,0.25,2.80925,10.9106,-0.927271,3.17751
0,0.25,2.77082,11.157,-1.15356,3.30981
0,0.25,2.76454,11.3964,-1.05032,3.26752
0,0.25,2.71983,11.6442,-1.1696,3.32395
0,0.25,2.70344,11.8842,-1.19702,3.28539
0,0.25,2.65898,12.1322,-1.13348,3.15986
0,0.25,2.62297,12.3774,-1.25591,3.35449
0,0.25,2.57608,12.6326,-1.20712,3.46277
0,0.25,2.52703,12.8896,-1.44573,4.01909
0,0.25,2.47051,13.1701,-1.3897,4.545
0,0.25,2.40544,13.4542,-2.0716,5.09582
0,0.25,2.32096,13.7641,-2.39079,5.5098
0,0.25,2.22185,14.0908,-3.05906,6.35235
0,0.25,2.11682,14.4805,-2.83451,8.24089
0,0.25,1.95804,14.8501,-3.35212,8.39722
0,0.25,1.84488,15.3916,-2.81556,12.0617
0,0.25,1.81392,16.2283,1.16377,14.5305
0,0.25,1.94006,16.7683,3.77554,15.8781
0,0.25,2.20103,17.4968,5.10115,14.5248
0,0.25,2.36674,18.1995,5.82531,12.2554
0,0.25,3.01667,18.8448,7.31824,12.9577
0,0.25,3.17951,19.5322,7.41934,13.7591
0,0.25,3.50407,19.8948,10.6194,11.4353
0,0.25,3.948,19.7037,8.39717,11.067
0,0.25,4.03167,20.401,8.55389,12.0808
0,0.25,4.10894,21.0773,11.4665,14.626
0,0.25,3.24843,3.66423,0.000121231,3.13409
0,0.25,3.24827,3.91278,0.0117568,3.23655
0,0.25,3.24707,4.16346,-0.00789884,3.2554
0,0.25,3.24437,4.41199,0.00239349,3.32639
0,0.25,3.24518,4.66056,0.0202164,3.32568
0,0.25,3.23898,4.90783,-0.00924855,3.39448
0,0.25,3.24099,5.15472,-0.0262422,3.3537
0,0.25,3.23376,5.40015,-0.0639584,3.40759
0,0.25,3.23475,5.64465,-0.0512663,3.34885
0,0.25,3.22861,5.8881,-0.0850793,3.36338
0,0.25,3.22724,6.13112,-0.110934,3.23253
0,0.25,3.2217,6.37315,-0.120568,3.29302
0,0.25,3.219,6.6154,-0.159844,3.26525
0,0.25,3.21361,6.85572,-0.214661,3.33257
0,0.25,3.20953,7.09635,-0.238908,3.30659
0,0.25,3.20421,7.33657,-0.286871,3.22346
0,0.25,3.19914,7.57645,-0.316133,3.13609
0,0.25,3.19311,7.81639,-0.360883,3.14001
0,0.25,3.18758,8.05421,-0.390253,3.13477
0,0.25,3.18044,8.29162,-0.459107,3.23015
0,0.25,3.17458,8.52788,-0.509238,3.19313
0,0.25,3.16556,8.76495,-0.603575,3.24358
0,0.25,3.15916,9.0026,-0.661627,3.21609
0,0.25,3.14694,9.23991,-0.775941,3.30317
0,0.25,3.1403,9.47664,-0.780899,3.35771
0,0.25,3.12355,9.71099,-0.896578,3.39976
0,0.25,3.11705,9.94453,-0.807465,3.37865
0,0.25,3.09348,10.1764,-0.953858,3.26082
0,0.25,3.08848,10.4096,-0.797638,3.15152
0,0.25,3.05558,10.6426,-1.05675,3.07339
0,0.25,3.05332,10.8776,-0.869864,3.03267
0,0.25,3.00884,11.1148,-1.22492,3.11796
0,0.25,3.00633,11.3511,-1.0837,3.18861
0,0.25,2.95456,11.5928,-1.27953,3.17098
0,0.25,2.94034,11.8322,-1.33663,3.32223
0,0.25,2.89123,12.0754,-1.23688,3.09077
0,0.25,2.8536,12.321,-1.46897,3.33814
0,0.25,2.80515,12.5658,-1.32953,3.22191
0,0.25,2.74879,12.8229,-1.53878,3.8287
0,0.25,2.69015,13.0815,-1.58807,3.87062
0,0.25,2.62023,13.36,-1.89892,4.96542
0,0.25,2.5362,13.6483,-2.49564,5.05065
0,0.25,2.43305,13.9552,-3.03214,5.91654
0,0.25,2.30173,14.3045,-3.98877,6.59111
0,0.25,2.17425,14.6736,-4.38602,7.92141
0,0.25,1.97902,15.0745,-4.56786,10.2192
0,0.25,1.92245,15.7152,-2.6218,14.1758
0,0.25,2.05012,16.5541,2.00204,15.001
0,0.25,2.34698,17.3215,6.42003,14.3196
0,0.25,2.55708,17.9993,4.75652,13.9124
0,0.25,2.80705,18.7044,7.89125,14.0083
0,0.25,3.12689,19.41,7.91479,11.8292
0,0.25,3.32721,19.7,8.45194,12.019
0,0.25,3.76209,19.9682,8.44113,11.7649
0,0.25,3.96719,19.942,7.75434,12.0304
0,0.25,3.9518,20.203,8.33385,12.8027
0,0.25,3.49744,3.66231,-0.0076856,3.15217
0,0.25,3.49654,3.91072,0.0129234,3.21128
0,0.25,3.49588,4.16148,0.00551282,3.22494
0,0.25,3.49323,4.40905,-0.00663226,3.32088
0,0.25,3.49363,4.65775,0.0243484,3.35213
0,0.25,3.48798,4.90455,0.000935892,3.36426
0,0.25,3.48885,5.15066,0.0415411,3.3252
0,0.25,3.48256,5.39611,-0.00482325,3.38562
0,0.25,3.48245,5.64013,-0.0081823,3.30816
0,0.25,3.47727,5.8831,-0.0694804,3.30454
0,0.25,3.47542,6.12484,-0.0688142,3.19574
0,0.25,3.47103,6.36671,-0.101642,3.23108
0,0.25,3.46746,6.60709,-0.148445,3.15749
0,0.25,3.4623,6.84679,-0.163301,3.24825
0,0.25,3.45786,7.08623,-0.21542,3.17537
0,0.25,3.45189,7.32521,-0.249168,3.11289
0,0.25,3.44663,7.56395,-0.271843,3.00188
0,0.25,3.43998,7.80233,-0.308088,2.99619
0,0.25,3.43424,8.03903,-0.342545,2.96277
0,0.25,3.42644,8.27499,-0.414343,3.03563
0,0.25,3.42033,8.51038,-0.469161,2.99683
0,0.25,3.41071,8.74659,-0.580418,3.04326
0,0.25,3.40393,8.98386,-0.628625,3.05042
0,0.25,3.39134,9.2221,-0.736868,3.18653
0,0.25,3.38397,9.45959,-0.725402,3.30087
0,0.25,3.36735,9.6969,-0.810775,3.43104
0,0.25,3.36008,9.93186,-0.717046,3.43886
0,0.25,3.33772,10.1676,-0.841343,3.39579
0,0.25,3.33199,10.401,-0.679999,3.22734
0,0.25,3.30039,10.6373,-0.945499,3.18206
0,0.25,3.29767,10.8689,-0.72513,3.04012
0,0.25,3.25203,11.1058,-1.14307,3.08433
0,0.25,3.25141,11.3342,-0.941961,3.07573
0,0.25,3.19403,11.57,-1.28011,3.01863
0,0.25,3.18434,11.7982,-1.28119,3.07985
0,0.25,3.12789,12.0323,-1.32683,2.98782
0,0.25,3.09369,12.2675,-1.47409,2.98749
0,0.25,3.04044,12.5036,-1.49581,3.22937
0,0.25,2.98362,12.7486,-1.55651,3.23486
0,0.25,2.92026,12.9971,-1.75756,3.85138
0,0.25,2.84932,13.2574,-1.82609,4.11624
0,0.25,2.77271,13.5276,-2.1067,4.47161
0,0.25,2.67444,13.7992,-2.80159,4.99722
0,0.25,2.55516,14.0975,-3.20681,5.35351
0,0.25,2.42044,14.4463,-4.19747,7.61982
0,0.25,2.19302,14.9508,-3.61886,11.528
0,0.25,2.04872,15.4501,-4.88688,15.3238
0,0.25,1.96935,16.0537,-1.11821,14.9589
0,0.25,2.22932,17.1153,5.48969,13.3079
0,0.25,2.33323,17.8335,5.48265,14.3337
0,0.25,2.59524,18.2218,4.28503,13.7337
0,0.25,2.72038,18.5083,6.13815,12.3465
0,0.25,3.10155,19.1446,7.46526,12.3146
0,0.25,3.53193,19.2182,9.42637,11.3677
0,0.25,3.68857,19.6318,8.72029,10.7705
0,0.25,3.65423,19.4983,9.3113,11.2512
0,0.25,3.74733,3.66235,-0.00899393,3.16395
0,0.25,3.74544,3.91056,0.00891248,3.2333
0,0.25,3.74436,4.16014,0.031875,3.25393
0,0.25,3.74168,4.40803,0.0273675,3.31946
0,0.25,3.74166,4.65579,0.00706814,3.32591
0,0.25,3.73681,4.90229,-0.0390827,3.38092
0,0.25,3.73728,5.14858,-0.00215397,3.34218
0,0.25,3.73203,5.39357,-0.034689,3.36049
0,0.25,3.73137,5.63754,-0.0239773,3.27864
0,0.25,3.72618,5.88018,-0.051673,3.30484
0,0.25,3.7241,6.12249,-0.0371049,3.19474
0,0.25,3.71934,6.36361,-0.0911308,3.19701
0,0.25,3.71578,6.60409,-0.085202,3.17915
0,0.25,3.71113,6.84405,-0.126686,3.2365
0,0.25,3.7066,7.08278,-0.154928,3.17723
0,0.25,3.70123,7.32189,-0.185351,3.13428
0,0.25,3.6958,7.56009,-0.199787,3.02498
0,0.25,3.68941,7.79838,-0.22062,3.00129
0,0.25,3.6834,8.03441,-0.253721,2.93924
0,0.25,3.67567,8.26946,-0.30843,2.98353
0,0.25,3.66936,8.5031,-0.35726,2.893
0,0.25,3.65943,8.73634,-0.45292,2.89485
0,0.25,3.65259,8.96978,-0.484196,2.84991
0,0.25,3.63913,9.20244,-0.61302,2.91309
0,0.25,3.63197,9.43443,-0.592085,3.007
0,0.25,3.6136,9.6644,-0.727807,3.09206
0,0.25,3.60722,9.89362,-0.604485,3.11424
0,0.25,3.58237,10.1223,-0.762732,3.06923
0,0.25,3.57798,10.3512,-0.559934,2.93426
0,0.25,3.5446,10.5832,-0.816214,2.89604
0,0.25,3.5429,10.8139,-0.604004,2.84128
0,0.25,3.49786,11.051,-0.993715,2.92542
0,0.25,3.4975,11.2811,-0.80225,2.97808
0,0.25,3.44041,11.5197,-1.20271,3.06587
0,0.25,3.43322,11.7467,-1.12278,3.00658
0,0.25,3.3724,11.9829,-1.2975,3.04561
0,0.25,3.34272,12.2097,-1.47892,2.92169
0,0.25,3.28532,12.4437,-1.42605,3.01965
0,0.25,3.23028,12.6748,-1.68863,3.01363
0,0.25,3.16677,12.9128,-1.71981,3.36817
0,0.25,3.0983,13.155,-1.82418,3.60329
0,0.25,3.01169,13.4081,-2.2773,4.34787
0,0.25,2.92336,13.6876,-2.51696,4.89756
0,0.25,2.79615,13.974,-3.77717,5.59266
0,0.25,2.60902,14.3013,-4.86243,5.68817
0,0.25,2.39976,14.7103,-6.55828,9.08371
0,0.25,2.17134,15.2832,-5.41935,11.9278
0,0.25,2.11894,15.9783,-0.86868,15.6606
0,0.25,2.26229,16.613,3.92385,16.6135
0,0.25,2.12261,16.9328,5.02846,14.4164
0,0.25,2.47563,17.6028,4.77159,15.2411
0,0.25,2.80574,17.9804,6.94884,13.6225
0,0.25,3.17643,18.4877,7.71518,11.9749
0,0.25,3.32263,18.9161,8.88452,11.9883
0,0.25,3.48488,19.3693,8.89364,12.6356
0,0.25,3.34479,19.0608,8.3914,11.8334
0,0.25,3.99695,3.66027,-0.016345,3.17363
0,0.25,3.99523,3.90842,-0.0205135,3.23119
0,0.25,3.99422,4.15794,-0.0466342,3.23696
0,0.25,3.99135,4.40549,-0.063864,3.29623
0,0.25,3.99036,4.65316,-0.0292293,3.3138
0,0.25,3.98608,4.8995,-0.0379312,3.36622
0,0.25,3.98559,5.14535,-0.034063,3.32714
0,0.25,3.98071,5.39018,-0.0622283,3.3688
0,0.25,3.97936,5.63372,-0.0175696,3.28601
0,0.25,3.97556,5.87625,-0.0214337,3.30194
0,0.25,3.97298,6.11771,-0.023218,3.15627
0,0.25,3.96879,6.35825,-0.0294354,3.17836
0,0.25,3.96538,6.59823,-0.0572223,3.11548
0,0.25,3.96041,6.83704,-0.11851,3.16928
0,0.25,3.95579,7.07547,-0.141471,3.12324
0,0.25,3.95016,7.31363,-0.174218,3.07888
0,0.25,3.94451,7.55136,-0.185454,2.99364
0,0.25,3.93785,7.78905,-0.210658,2.96245
0,0.25,3.93141,8.02492,-0.224256,2.91704
0,0.25,3.92353,8.26041,-0.268246,2.97019
0,0.25,3.91673,8.49479,-0.304577,2.91943
0,0.25,3.90686,8.73005,-0.378673,2.98124
0,0.25,3.89934,8.96584,-0.420799,3.00305
0,0.25,3.88635,9.20217,-0.515346,3.15138
0,0.25,3.87802,9.43775,-0.519527,3.30864
0,0.25,3.86088,9.67188,-0.624901,3.46779
0,0.25,3.85275,9.90372,-0.547614,3.48617
0,0.25,3.82959,10.1342,-0.701417,3.42765
0,0.25,3.82362,10.3623,-0.511822,3.22322
0,0.25,3.7906,10.5903,-0.792959,3.03051
0,0.25,3.78962,10.8158,-0.499518,2.89807
0,0.25,3.74159,11.0416,-0.98029,2.80479
0,0.25,3.74722,11.2643,-0.603132,2.7737
0,0.25,3.68297,11.4898,-1.16967,2.84667
0,0.25,3.68776,11.7089,-0.923297,2.76455
0,0.25,3.61679,11.9359,-1.21813,2.8281
0,0.25,3.60116,12.1554,-1.35578,2.79592
0,0.25,3.534,12.3809,-1.39002,2.79678
0,0.25,3.48872,12.6076,-1.63261,2.91766
0,0.25,3.41692,12.8374,-1.85709,3.15884
0,0.25,3.34156,13.0763,-2.13841,3.53046
0,0.25,3.25389,13.3286,-2.25185,3.88857
0,0.25,3.1579,13.574,-2.52777,4.40352
0,0.25,3.052,13.8424,-3.26195,4.69513
0,0.25,2.89258,14.1187,-4.38896,6.03727
0,0.25,2.78369,14.3872,-4.23202,5.63416
0,0.25,2.60851,14.6367,-5.06595,4.81035
0,0.25,2.39361,14.935,-5.8995,9.23694
0,0.25,2.09256,15.6769,-2.18064,16.4748
0,0.25,2.08169,16.3073,-0.101049,15.6322
0,0.25,2.37169,16.7952,0.97069,14.4457
0,0.25,2.62225,17.0963,3.693,14.7236
0,0.25,2.77699,17.8545,5.65228,14.2466
0,0.25,3.01638,18.4119,7.34573,11.9662
0,0.25,3.22159,18.6584,8.0554,12.9888
0,0.25,2.84145,18.2992,5.9724,11.4595
0,0.25,4.24689,3.65928,-0.0204387,3.16366
0,0.25,4.24451,3.90742,-0.0396864,3.2036
0,0.25,4.24351,4.15604,-0.0431282,3.22999
0,0.25,4.24058,4.40359,-0.0444867,3.31918
0,0.25,4.24001,4.65073,-0.0392126,3.33311
0,0.25,4.23598,4.897,-0.05746,3.37259
0,0.25,4.23495,5.14262,-0.0358507,3.30644
0,0.25,4.23076,5.38709,-0.0564627,3.36516
0,0.25,4.22881,5.63082,-0.0655173,3.28701
0,0.25,4.22487,5.87291,-0.0982216,3.28747
0,0.25,4.22189,6.11397,-0.0890587,3.16349
0,0.25,4.21814,6.35449,-0.109237,3.1644
0,0.25,4.21439,6.59395,-0.115262,3.07724
0,0.25,4.21009,6.83244,-0.129673,3.14175
0,0.25,4.20557,7.07031,-0.145248,3.09953
0,0.25,4.20024,7.30757,-0.159362,3.06533
0,0.25,4.19465,7.54437,-0.165634,2.95911
0,0.25,4.18805,7.78068,-0.185985,2.90585
0,0.25,4.18163,8.01505,-0.197081,2.82147
0,0.25,4.17372,8.24816,-0.232855,2.80253
0,0.25,4.16691,8.47902,-0.250254,2.68566
0,0.25,4.15689,8.70921,-0.312758,2.63996
0,0.25,4.14939,8.93872,-0.332965,2.57264
0,0.25,4.13581,9.16771,-0.445485,2.64637
0,0.25,4.1279,9.39628,-0.439464,2.75976
0,0.25,4.10955,9.62414,-0.592735,2.95582
0,0.25,4.10218,9.85092,-0.517088,3.03953
0,0.25,4.07795,10.079,-0.664754,3.08746
0,0.25,4.07222,10.3054,-0.529814,2.9845
0,0.25,4.04099,10.5358,-0.710926,2.88694
0,0.25,4.03806,10.7618,-0.510378,2.74494
0,0.25,3.99571,10.9936,-0.87834,2.76879
0,0.25,3.99716,11.2152,-0.577076,2.64564
0,0.25,3.93899,11.4464,-1.10062,2.80762
0,0.25,3.94177,11.6611,-0.838691,2.67594
0,0.25,3.87188,11.8902,-1.20453,2.8045
0,0.25,3.8604,12.1013,-1.2844,2.66813
0,0.25,3.79061,12.3281,-1.35911,2.77392
0,0.25,3.74578,12.5417,-1.76031,2.82597
0,0.25,3.6792,12.7689,-1.72842,2.84988
0,0.25,3.609,12.9825,-1.88846,3.00207
0,0.25,3.54392,13.1983,-1.87099,2.68352
0,0.25,3.47839,13.3964,-1.85289,2.8683
0,0.25,3.39211,13.6017,-2.49053,3.26487
0,0.25,3.3041,13.7976,-2.81664,3.15382
0,0.25,3.16545,14.0341,-4.06344,4.0989
0,0.25,3.04391,14.2588,-4.51618,4.84238
0,0.25,2.85257,14.5607,-6.18419,7.12482
0,0.25,2.65771,14.8723,-9.41978,7.62848
0,0.25,2.29388,15.2666,-5.69893,11.9622
0,0.25,2.38714,15.6862,-1.94557,12.6283
0,0.25,2.34238,16.0385,1.21767,13.7468
0,0.25,2.50812,16.54,1.7545,13.6311
0,0.25,2.52616,17.204,4.34978,14.2503
0,0.25,2.56489,17.6863,4.50751,13.3878
0,0.25,2.45977,16.9069,1.70124,13.9834
0,0.25,4.49667,3.65709,-0.0210397,3.15159
0,0.25,4.49425,3.90513,-0.0318829,3.19933
0,0.25,4.49309,4.1539,-0.0376367,3.22014
0,0.25,4.48992,4.40135,-0.0752544,3.28684
0,0.25,4.48869,4.64826,-0.105749,3.29379
0,0.25,4.48479,4.89411,-0.146348,3.36593
0,0.25,4.48349,5.13949,-0.131949,3.32517
0,0.25,4.47971,5.38407,-0.131433,3.36118
0,0.25,4.4778,5.62723,-0.124724,3.25933
0,0.25,4.47426,5.86923,-0.119745,3.2913
0,0.25,4.47164,6.11035,-0.119165,3.14869
0,0.25,4.46797,6.3501,-0.13868,3.13923
0,0.25,4.4645,6.58919,-0.161559,3.06423
0,0.25,4.46015,6.82714,-0.188363,3.12388
0,0.25,4.45568,7.06446,-0.206284,3.07803
0,0.25,4.45027,7.30124,-0.234317,3.06386
0,0.25,4.44437,7.53778,-0.236083,2.97789
0,0.25,4.43773,7.77422,-0.247069,2.93845
0,0.25,4.43099,8.00925,-0.259506,2.89561
0,0.25,4.4232,8.24376,-0.274138,2.92239
0,0.25,4.41604,8.47701,-0.285057,2.88371
0,0.25,4.4066,8.71041,-0.311548,2.91238
0,0.25,4.39863,8.94394,-0.327045,2.90903
0,0.25,4.38633,9.17716,-0.407575,3.02877
0,0.25,4.37746,9.40939,-0.434397,3.13989
0,0.25,4.36088,9.63935,-0.57872,3.29909
0,0.25,4.35236,9.86673,-0.559619,3.34846
0,0.25,4.32965,10.0917,-0.735906,3.28337
0,0.25,4.32365,10.3148,-0.597201,3.13789
0,0.25,4.2915,10.5363,-0.859443,2.90641
0,0.25,4.29156,10.7569,-0.549079,2.73257
0,0.25,4.24507,10.9765,-1.00431,2.61769
0,0.25,4.25378,11.1939,-0.559718,2.53083
0,0.25,4.18992,11.4132,-1.15939,2.60645
0,0.25,4.20386,11.6244,-0.725386,2.45619
0,0.25,4.12634,11.8447,-1.24721,2.60643
0,0.25,4.13254,12.0475,-1.09686,2.37936
0,0.25,4.0529,12.2652,-1.22759,2.34597
0,0.25,4.03161,12.4627,-1.57352,2.26769
0,0.25,3.96333,12.6692,-1.35742,2.11061
0,0.25,3.91921,12.8598,-1.55005,1.99443
0,0.25,3.85897,13.0576,-1.51156,2.30596
0,0.25,3.80234,13.2395,-1.71147,2.21472
0,0.25,3.75149,13.4421,-1.57715,2.25845
0,0.25,3.64505,13.6254,-2.62809,2.85075
0,0.25,3.59203,13.8224,-3.34045,2.81711
0,0.25,3.40712,14.0092,-3.12297,3.02348
0,0.25,3.33408,14.2231,-4.91403,2.9719
0,0.25,3.14449,14.4204,-4.88726,3.69146
0,0.25,2.9835,14.6726,-6.9446,5.48171
0,0.25,2.73455,14.9817,-9.12871,9.10691
0,0.25,2.52854,15.1981,-6.78566,9.02786
0,0.25,2.36465,15.7316,-3.53969,12.9434
0,0.25,2.4048,16.1666,-0.944203,15.7864
0,0.25,2.276,16.3586,-0.0118632,14.2478
0,0.25,2.5914,15.3431,-7.07062,10.6543
0,0.25,4.74677,3.65538,-0.0255511,3.13544
0,0.25,4.74423,3.90326,-0.0654148,3.16903
0,0.25,4.74341,4.15172,-0.0963051,3.20303
0,0.25,4.73975,4.39894,-0.112978,3.25901
0,0.25,4.73908,4.64546,-0.123353,3.26713
0,0.25,4.73529,4.89133,-0.137897,3.35012
0,0.25,4.73384,5.13663,-0.16031,3.29915
0,0.25,4.7303,5.38087,-0.19831,3.34888
0,0.25,4.72768,5.62405,-0.208175,3.26791
0,0.25,4.7245,5.86586,-0.223185,3.27672
0,0.25,4.72158,6.10638,-0.248625,3.12951
0,0.25,4.71786,6.34597,-0.253036,3.12077
0,0.25,4.71469,6.58447,-0.252752,3.02048
0,0.25,4.71056,6.82167,-0.266689,3.0846
0,0.25,4.70637,7.05804,-0.274403,3.02744
0,0.25,4.70126,7.29328,-0.286429,3.00275
0,0.25,4.69568,7.52825,-0.301419,2.90981
0,0.25,4.68928,7.76282,-0.317425,2.82214
0,0.25,4.68262,7.99542,-0.332864,2.73535
0,0.25,4.67508,8.22681,-0.343951,2.69974
0,0.25,4.66787,8.45549,-0.338537,2.57287
0,0.25,4.65856,8.68309,-0.353205,2.51994
0,0.25,4.65086,8.90961,-0.338167,2.40036
0,0.25,4.63862,9.13587,-0.417884,2.45464
0,0.25,4.63073,9.36162,-0.427232,2.5438
0,0.25,4.61436,9.58755,-0.568493,2.75119
0,0.25,4.60688,9.81235,-0.564796,2.8945
0,0.25,4.58544,10.0381,-0.726028,2.97686
0,0.25,4.57954,10.2615,-0.65257,2.88481
0,0.25,4.55082,10.4875,-0.859018,2.78696
0,0.25,4.54855,10.7083,-0.679188,2.58088
0,0.25,4.50795,10.9335,-1.01694,2.54499
0,0.25,4.51201,11.1486,-0.675056,2.37511
0,0.25,4.45482,11.3717,-1.20943,2.50997
0,0.25,4.46755,11.5779,-0.701551,2.35241
0,0.25,4.39234,11.7992,-1.33997,2.49525
0,0.25,4.41002,11.9957,-0.833705,2.31556
0,0.25,4.32154,12.2116,-1.40728,2.21178
0,0.25,4.33631,12.3995,-0.911461,2.03744
0,0.25,4.24171,12.602,-1.51702,1.83183
0,0.25,4.24962,12.784,-1.00401,1.69355
0,0.25,4.15004,12.9774,-1.72382,1.6611
0,0.25,4.14543,13.1552,-1.40094,1.83506
0,0.25,4.04345,13.3431,-1.91739,1.74428
0,0.25,4.02263,13.5297,-1.35773,2.1133
0,0.25,3.88026,13.6987,-3.04253,1.48842
0,0.25,3.84776,13.9241,-3.24076,2.99962
0,0.25,3.66375,14.0432,-2.68307,1.69381
0,0.25,3.58906,14.2477,-5.03303,2.75357
0,0.25,3.39424,14.4312,-3.42401,2.27412
0,0.25,3.47437,14.6388,-4.46491,2.70661
0,0.25,3.22566,14.6463,-5.20109,1.32533
0,0.25,3.32583,14.8533,-6.0289,1.68909
0,0.25,3.0476,14.8531,-6.48697,2.02019
0,0.25,2.86503,15.106,-9.18706,6.26968
0,0.25,3.1816,15.0271,-5.58997,0.107305
0,0.25,4.99657,3.65335,-0.0301291,3.1011
0,0.25,4.99393,3.9012,-0.0799795,3.12083
0,0.25,4.99293,4.14953,-0.119054,3.16545
0,0.25,4.98927,4.39687,-0.172778,3.23744
0,0.25,4.98828,4.64327,-0.192845,3.26207
0,0.25,4.98482,4.88895,-0.211375,3.32856
0,0.25,4.98299,5.13371,-0.239134,3.27791
0,0.25,4.97987,5.37792,-0.239098,3.32754
0,0.25,4.97755,5.62083,-0.263956,3.24453
0,0.25,4.97447,5.86266,-0.273202,3.25933
0,0.25,4.97183,6.10299,-0.276829,3.11994
0,0.25,4.96847,6.34241,-0.289893,3.11763
0,0.25,4.9653,6.58074,-0.323301,3.02544
0,0.25,4.96116,6.81785,-0.347224,3.08304
0,0.25,4.95712,7.05385,-0.381877,3.04783
0,0.25,4.952,7.28931,-0.396141,3.04128
0,0.25,4.94662,7.52435,-0.414846,2.95842
0,0.25,4.94039,7.75956,-0.433506,2.91562
0,0.25,4.93372,7.99358,-0.436954,2.88238
0,0.25,4.9267,8.22693,-0.433678,2.91949
0,0.25,4.91953,8.45872,-0.416231,2.88387
0,0.25,4.9113,8.69,-0.405506,2.90185
0,0.25,4.90355,8.92073,-0.391914,2.83176
0,0.25,4.89284,9.15055,-0.429942,2.86501
0,0.25,4.88446,9.37908,-0.455558,2.90948
0,0.25,4.87022,9.60477,-0.576565,3.01161
0,0.25,4.86257,9.8282,-0.586763,3.07545
0,0.25,4.84288,10.0486,-0.777316,3.06144
0,0.25,4.8382,10.2678,-0.678215,2.97003
0,0.25,4.80906,10.4854,-0.950811,2.80263
0,0.25,4.8101,10.7024,-0.678833,2.6257
0,0.25,4.76725,10.9186,-1.11837,2.50299
0,0.25,4.77794,11.1312,-0.638199,2.37846
0,0.25,4.71672,11.3457,-1.29829,2.38964
0,0.25,4.73955,11.5511,-0.651954,2.31743
0,0.25,4.65737,11.764,-1.42478,2.37416
0,0.25,4.69181,11.9601,-0.715932,2.2314
0,0.25,4.59069,12.1719,-1.4574,2.32076
0,0.25,4.6332,12.358,-0.839907,2.08791
0,0.25,4.51529,12.5684,-1.51463,2.16813
0,0.25,4.56788,12.747,-0.89722,2.014
0,0.25,4.42998,12.9428,-1.62178,1.60729
0,0.25,4.48708,13.1174,-1.27226,1.56601
0,0.25,4.33554,13.2993,-1.60698,1.52311
0,0.25,4.33359,13.4845,-2.26499,1.70582
0,0.25,4.21925,13.675,-1.50638,1.9401
0,0.25,4.08207,13.856,-3.98416,1.33679
0,0.25,3.99622,14.1113,-3.04119,2.59884
0,0.25,3.83413,14.2713,-5.37472,2.16186
0,0.25,3.67776,14.4561,-4.22622,2.64204
0,0.25,3.96142,14.4743,-3.31977,1.75934
0,0.25,3.74135,14.6545,-2.5423,0.826913
0,0.25,3.87711,14.8271,-3.25488,2.12871
0,0.25,3.58824,14.8438,-3.16918,0.214207
0,0.25,3.46006,15.0373,-4.40398,0.27957
0,0.25,3.7265,15.0294,-3.62267,-0.790154
0,0.25,5.24677,3.65098,-0.0288912,3.06644
0,0.25,5.24381,3.89852,-0.0728208,3.07621
0,0.25,5.24298,4.14728,-0.0796412,3.13605
0,0.25,5.23912,4.39413,-0.115005,3.17318
0,0.25,5.23845,4.64035,-0.191154,3.21805
0,0.25,5.23513,4.88603,-0.244116,3.28525
0,0.25,5.23324,5.13062,-0.287027,3.24851
0,0.25,5.23115,5.37491,-0.310118,3.30734
0,0.25,5.22817,5.61757,-0.34283,3.2196
0,0.25,5.22561,5.85908,-0.339803,3.24974
0,0.25,5.22252,6.09898,-0.354863,3.10751
0,0.25,5.21909,6.33807,-0.351454,3.07141
0,0.25,5.21612,6.57524,-0.371387,2.95081
0,0.25,5.21235,6.8115,-0.395682,3.00021
0,0.25,5.20881,7.0459,-0.422594,2.93476
0,0.25,5.20454,7.27939,-0.455265,2.92046
0,0.25,5.19952,7.51211,-0.47834,2.80675
0,0.25,5.19421,7.74451,-0.493284,2.72375
0,0.25,5.18774,7.97536,-0.515059,2.65176
0,0.25,5.18125,8.20517,-0.506081,2.64137
0,0.25,5.17404,8.43213,-0.486491,2.54204
0,0.25,5.16613,8.65818,-0.452762,2.49561
0,0.25,5.1587,8.88258,-0.410986,2.34181
0,0.25,5.14886,9.10678,-0.420328,2.32298
0,0.25,5.14174,9.33037,-0.402476,2.33266
0,0.25,5.12895,9.55367,-0.500274,2.47648
0,0.25,5.12266,9.77585,-0.501339,2.59487
0,0.25,5.10523,9.99811,-0.661552,2.68819
0,0.25,5.10074,10.2179,-0.610519,2.62675
0,0.25,5.07562,10.4391,-0.830877,2.56145
0,0.25,5.07512,10.6552,-0.659309,2.37052
0,0.25,5.03757,10.8754,-1.00224,2.33684
0,0.25,5.04509,11.0866,-0.659965,2.23698
0,0.25,4.98996,11.3051,-1.19382,2.30602
0,0.25,5.01054,11.5095,-0.609857,2.25696
0,0.25,4.93301,11.7252,-1.4114,2.38301
0,0.25,4.97108,11.9211,-0.599118,2.28985
0,0.25,4.86603,12.1347,-1.61212,2.40393
0,0.25,4.92304,12.3238,-0.749705,2.32263
0,0.25,4.79148,12.5327,-1.57177,2.12053
0,0.25,4.85929,12.7167,-1.10241,2.11714
0,0.25,4.71206,12.9293,-1.48144,2.29875
0,0.25,4.79489,13.1087,-0.947974,2.08679
0,0.25,4.61151,13.3003,-1.83732,1.73006
0,0.25,4.66796,13.4773,-2.41167,1.84761
0,0.25,4.47835,13.6606,-1.98731,1.92099
0,0.25,4.45297,13.8664,-4.00732,2.92279
0,0.25,4.24624,13.9752,-3.7728,1.06035
0,0.25,4.37352,14.1556,-3.32069,2.40151
0,0.25,4.12545,14.2648,-4.24451,1.06455
0,0.25,4.26657,14.4128,-3.49988,1.22111
0,0.25,4.04079,14.6299,-3.36136,1.07162
0,0.25,4.30503,14.634,-2.87893,0.545704
0,0.25,4.14829,14.8388,-2.83674,0.477268
0,0.25,3.97194,15.0324,-2.17071,1.28727
0,0.25,4.23612,15.0139,-2.30498,-0.309649
0,0.25,5.49648,3.64902,-0.0308812,3.02976
0,0.25,5.49356,3.8966,-0.0745704,3.05292
0,0.25,5.49259,4.14525,-0.113368,3.11712
0,0.25,5.48878,4.39249,-0.1683,3.12441
0,0.25,5.48781,4.63856,-0.199109,3.15381
0,0.25,5.48559,4.88409,-0.221345,3.24256
0,0.25,5.4829,5.12869,-0.285715,3.22017
0,0.25,5.48147,5.37256,-0.298745,3.27001
0,0.25,5.47803,5.61488,-0.349532,3.21327
0,0.25,5.47636,5.85649,-0.350739,3.24505
0,0.25,5.47312,6.09617,-0.377074,3.1101
0,0.25,5.47062,6.33535,-0.383413,3.08536
0,0.25,5.46712,6.57315,-0.414566,2.97978
0,0.25,5.46397,6.80997,-0.435117,3.02348
0,0.25,5.46015,7.0452,-0.493211,3.00164
0,0.25,5.45624,7.2798,-0.51349,3.01274
0,0.25,5.45147,7.5137,-0.54918,2.96448
0,0.25,5.44657,7.74814,-0.545751,2.92602
0,0.25,5.44066,7.98109,-0.550682,2.92262
0,0.25,5.43483,8.21381,-0.528421,2.98686
0,0.25,5.42828,8.444,-0.500116,2.9688
0,0.25,5.42162,8.67344,-0.455652,2.9798
0,0.25,5.41459,8.90161,-0.41427,2.85646
0,0.25,5.40623,9.12843,-0.400318,2.82534
0,0.25,5.39876,9.35416,-0.385902,2.78048
0,0.25,5.38783,9.57677,-0.439348,2.82813
0,0.25,5.3814,9.79745,-0.430524,2.861
0,0.25,5.36644,10.0147,-0.557597,2.85427
0,0.25,5.3632,10.2308,-0.478209,2.79464
0,0.25,5.33986,10.445,-0.718834,2.66027
0,0.25,5.34211,10.6587,-0.491077,2.5555
0,0.25,5.30416,10.8708,-0.914271,2.39436
0,0.25,5.31666,11.0809,-0.449539,2.32181
0,0.25,5.25871,11.2903,-1.13648,2.28855
0,0.25,5.28853,11.4932,-0.369116,2.20161
0,0.25,5.20401,11.7015,-1.38524,2.32545
0,0.25,5.25586,11.8945,-0.427828,2.15402
0,0.25,5.14012,12.1039,-1.54604,2.24354
0,0.25,5.20995,12.2888,-0.768351,2.12879
0,0.25,5.06823,12.5032,-1.56501,2.4386
0,0.25,5.15887,12.6835,-0.82743,2.21295
0,0.25,4.98547,12.8875,-1.67339,2.03108
0,0.25,5.08662,13.0651,-1.41129,2.14218
0,0.25,4.89283,13.2934,-1.94644,2.40358
0,0.25,5.00071,13.4462,-2.55979,2.12788
0,0.25,4.74879,13.6453,-2.48185,2.31578
0,0.25,4.88432,13.7636,-2.31865,1.89081
0,0.25,4.65231,13.9161,-2.72258,1.31552
0,0.25,4.8029,14.0366,-2.47766,0.862983
0,0.25,4.54814,14.1842,-2.87084,0.675196
0,0.25,4.74037,14.291,-1.79829,0.641446
0,0.25,4.49562,14.4374,-2.82428,0.102024
0,0.25,4.63944,14.5767,-3.01253,-0.594119
0,0.25,4.44863,14.7659,-3.2824,0.525672
0,0.25,4.45011,14.999,-2.31156,1.25549
0,0.25,4.67993,15.0423,-1.80543,-1.97268
0,0.25,5.74682,3.64576,-0.0304716,2.99806
0,0.25,5.74333,3.89308,-0.083423,2.99083
0,0.25,5.74261,4.14281,-0.122785,3.04857
0,0.25,5.73913,4.38935,-0.1532,3.08032
0,0.25,5.73764,4.63592,-0.202121,3.14605
0,0.25,5.73634,4.88151,-0.215128,3.18532
0,0.25,5.73293,5.12528,-0.306077,3.15087
0,0.25,5.73286,5.36954,-0.324725,3.22664
0,0.25,5.72884,5.61143,-0.395435,3.15927
0,0.25,5.72833,5.85274,-0.381854,3.20843
0,0.25,5.72448,6.09162,-0.405661,3.08567
0,0.25,5.72267,6.33026,-0.360035,3.02459
0,0.25,5.71951,6.56618,-0.383388,2.87844
0,0.25,5.71686,6.80196,-0.389464,2.8767
0,0.25,5.71382,7.03423,-0.419669,2.78366
0,0.25,5.71088,7.26618,-0.44709,2.77676
0,0.25,5.70697,7.49577,-0.464171,2.6536
0,0.25,5.70317,7.72578,-0.483316,2.5886
0,0.25,5.69762,7.95351,-0.489146,2.50457
0,0.25,5.6928,8.18108,-0.483242,2.54789
0,0.25,5.68599,8.40606,-0.467012,2.4842
0,0.25,5.68008,8.63019,-0.418455,2.48176
0,0.25,5.67295,8.85312,-0.36855,2.31244
0,0.25,5.66558,9.07531,-0.320717,2.22779
0,0.25,5.65933,9.29679,-0.267421,2.13684
0,0.25,5.65013,9.51722,-0.279494,2.1638
0,0.25,5.64521,9.73615,-0.246536,2.21639
0,0.25,5.63212,9.95434,-0.346253,2.27815
0,0.25,5.62884,10.1707,-0.305618,2.2638
0,0.25,5.60893,10.3882,-0.460676,2.22964
0,0.25,5.60894,10.6022,-0.344388,2.09725
0,0.25,5.57836,10.8195,-0.596763,2.10276
0,0.25,5.58646,11.029,-0.307848,1.98422
0,0.25,5.5382,11.2452,-0.813233,2.13079
0,0.25,5.56254,11.4482,-0.24988,2.08811
0,0.25,5.48661,11.6621,-1.1003,2.24244
0,0.25,5.53617,11.8577,-0.239222,2.21249
0,0.25,5.42351,12.0685,-1.43822,2.31464
0,0.25,5.50356,12.2555,-0.339363,2.23581
0,0.25,5.34728,12.46,-1.78798,1.98504
0,0.25,5.4439,12.6432,-1.11783,2.0774
0,0.25,5.26887,12.8666,-1.67772,2.42611
0,0.25,5.39852,13.0371,-1.32662,2.03529
0,0.25,5.17834,13.2275,-1.65504,2.18911
0,0.25,5.31626,13.3824,-2.0472,1.70285
0,0.25,5.11266,13.5905,-1.98181,1.75043
0,0.25,5.2522,13.7037,-1.68956,1.11589
0,0.25,5.05827,13.8839,-1.10468,1.25612
0,0.25,5.2158,14.013,-1.47284,1.19598
0,0.25,4.98392,14.1412,-2.07238,0.553458
0,0.25,5.10837,14.3102,-1.55538,0.577649
0,0.25,4.87078,14.426,-1.40967,0.255023
0,0.25,5.12428,14.5199,-0.897393,0.194367
0,0.25,4.87704,14.6575,-2.04119,-0.502697
0,0.25,4.68177,14.8125,-3.03824,-1.58181
0,0.25,5.08006,15.0417,-1.64473,0.0207234
0,0.25,5.99602,3.6439,-0.033758,2.96026
0,0.25,5.99231,3.89172,-0.0577219,2.97871
0,0.25,5.99172,4.14128,-0.0460574,3.04631
0,0.25,5.98863,4.38846,-0.076984,3.05476
0,0.25,5.98699,4.63476,-0.136767,3.07602
0,0.25,5.98692,4.88036,-0.177505,3.14905
0,0.25,5.98275,5.12449,-0.239011,3.10924
0,0.25,5.98432,5.36841,-0.25551,3.18335
0,0.25,5.9792,5.61034,-0.338704,3.15577
0,0.25,5.97976,5.85185,-0.34133,3.23312
0,0.25,5.97556,6.09091,-0.378308,3.12665
0,0.25,5.97478,6.33009,-0.395644,3.11039
0,0.25,5.97106,6.56758,-0.393988,2.96121
0,0.25,5.9694,6.80455,-0.415238,3.01834
0,0.25,5.96578,7.04025,-0.413019,2.99485
0,0.25,5.96355,7.27481,-0.424858,3.0571
0,0.25,5.95952,7.50914,-0.427189,3.04227
0,0.25,5.95626,7.7434,-0.424833,3.0454
0,0.25,5.95115,7.97696,-0.411493,3.07944
0,0.25,5.94701,8.20942,-0.374071,3.13764
0,0.25,5.94117,8.43949,-0.362657,3.15198
0,0.25,5.93648,8.66768,-0.311745,3.12845
0,0.25,5.93034,8.89387,-0.294334,2.99289
0,0.25,5.92428,9.11861,-0.239683,2.91683
0,0.25,5.9179,9.34189,-0.210936,2.8174
0,0.25,5.91024,9.56246,-0.188808,2.82984
0,0.25,5.90424,9.78147,-0.171507,2.81096
0,0.25,5.89401,9.99649,-0.195694,2.7773
0,0.25,5.88973,10.2105,-0.172335,2.68044
0,0.25,5.87414,10.4206,-0.275824,2.52109
0,0.25,5.87446,10.6311,-0.155131,2.41945
0,0.25,5.84658,10.838,-0.440275,2.26537
0,0.25,5.85747,11.0464,-0.102576,2.29941
0,0.25,5.8084,11.2502,-0.678439,2.1728
0,0.25,5.83919,11.4544,-0.0252275,2.25518
0,0.25,5.76022,11.6551,-0.971367,2.15819
0,0.25,5.82007,11.8488,-0.0164132,2.06577
0,0.25,5.70145,12.0506,-1.24773,2.10274
0,0.25,5.79378,12.2305,-0.290708,1.86805
0,0.25,5.63408,12.4371,-1.31179,2.06703
0,0.25,5.76067,12.6001,-0.679465,1.56028
0,0.25,5.55079,12.7966,-1.61217,1.75539
0,0.25,5.68489,12.957,-1.31252,1.27117
0,0.25,5.49814,13.1872,-1.4444,1.52623
0,0.25,5.66471,13.3375,-1.84249,0.999967
0,0.25,5.45851,13.5032,-1.2009,1.15326
0,0.25,5.5349,13.7075,-2.04552,0.920735
0,0.25,5.42063,13.8794,-1.14442,0.993169
0,0.25,5.52056,14.0593,-1.27039,1.50422
0,0.25,5.3228,14.2057,-1.2042,0.715422
0,0.25,5.54471,14.3281,-0.399398,0.95895
0,0.25,5.35664,14.454,-0.40596,0.0328674
0,0.25,5.31273,14.6869,-2.6118,-0.0961314
0,0.25,5.03899,14.7557,-3.15322,0.42261
0,0.25,4.88348,14.9606,-2.75776,0.0117642
0,0.25,5.3801,15.0321,-2.12825,0.651826
0,0.25,6.24652,3.63869,-0.0301228,2.94111
0,0.25,6.2414,3.88701,-0.0712676,2.96027
0,0.25,6.24036,4.13842,-0.112723,2.99239
0,0.25,6.23918,4.38514,-0.114241,3.01406
0,0.25,6.23581,4.63214,-0.161373,3.03323
0,0.25,6.23874,4.87755,-0.129427,3.09088
0,0.25,6.23273,5.12095,-0.22069,3.05952
0,0.25,6.23614,5.36488,-0.195626,3.10188
0,0.25,6.23014,5.60565,-0.307814,3.051
0,0.25,6.23241,5.84686,-0.321784,3.13553
0,0.25,6.22768,6.08489,-0.382424,3.03137
0,0.25,6.22845,6.3227,-0.336455,2.98167
0,0.25,6.22509,6.55774,-0.336865,2.83717
0,0.25,6.22452,6.79216,-0.265062,2.76898
0,0.25,6.22197,7.02277,-0.274687,2.67249
0,0.25,6.22035,7.25234,-0.241406,2.59199
0,0.25,6.21761,7.47836,-0.243195,2.47409
0,0.25,6.215,7.70462,-0.232195,2.34698
0,0.25,6.21102,7.92765,-0.251772,2.29093
0,0.25,6.20745,8.15169,-0.257699,2.3247
0,0.25,6.20209,8.37247,-0.266519,2.30298
0,0.25,6.19781,8.59384,-0.258739,2.39198
0,0.25,6.1918,8.81384,-0.216468,2.25674
0,0.25,6.18656,9.03336,-0.184665,2.22968
0,0.25,6.18111,9.25273,-0.117818,2.0894
0,0.25,6.1748,9.47004,-0.0843555,2.05578
0,0.25,6.1705,9.68596,-0.0309358,2.02915
0,0.25,6.16173,9.90015,-0.0407103,2.01572
0,0.25,6.15868,10.1122,-0.0137629,1.99537
0,0.25,6.14546,10.3252,-0.0588131,1.94337
0,0.25,6.14399,10.5356,-0.0537072,1.84973
0,0.25,6.1236,10.7499,-0.127402,1.81161
0,0.25,6.12549,10.9581,-0.1139,1.69532
0,0.25,6.09408,11.1735,-0.235868,1.81425
0,0.25,6.10645,11.3758,-0.108632,1.71289
0,0.25,6.05518,11.5911,-0.413963,1.93764
0,0.25,6.09089,11.787,-0.0880805,1.91413
0,0.25,6.00259,11.9992,-0.820771,2.06398
0,0.25,6.07311,12.1911,-0.203465,2.03234
0,0.25,5.93438,12.3962,-1.20653,2.13427
0,0.25,6.05178,12.5854,-0.352877,2.18203
0,0.25,5.86503,12.7726,-1.3391,1.79291
0,0.25,6.00122,12.9448,-1.45856,1.45887
0,0.25,5.79321,13.1191,-0.977551,1.79222
0,0.25,5.9359,13.2913,-1.3472,1.59425
0,0.25,5.76469,13.5036,-0.837244,1.21735
0,0.25,6.00744,13.5854,-1.27715,0.308622
0,0.25,5.75807,13.7193,-1.42392,0.757456
0,0.25,5.73924,13.9492,-1.76444,-0.331127
0,0.25,5.72212,14.1984,-0.572697,0.61793
0,0.25,5.76756,14.4458,-1.23198,1.35178
0,0.25,5.55393,14.5922,-1.40625,1.42496
0,0.25,5.81485,14.6424,-1.25032,1.55746
0,0.25,5.52803,14.8266,-2.95932,0.534561
0,0.25,5.24281,14.8877,-2.07213,-0.341672
0,0.25,5.89725,15.0216,-1.26456,0.23737
0,0.25,6.49433,3.63721,-0.0419498,2.92064
0,0.25,6.48818,3.88608,-0.0624915,2.93143
0,0.25,6.48821,4.13837,-0.0733011,3.0016
0,0.25,6.48879,4.3864,-0.00729456,3.02709
0,0.25,6.48522,4.63306,-0.101053,3.0308
0,0.25,6.48974,4.87916,-0.0471678,3.08525
0,0.25,6.48383,5.12202,-0.163145,3.04012
0,0.25,6.48834,5.36655,-0.154039,3.1011
0,0.25,6.48228,5.60772,-0.247621,3.04964
0,0.25,6.48498,5.84991,-0.241895,3.17997
0,0.25,6.48041,6.0887,-0.306115,3.14145
0,0.25,6.48077,6.32873,-0.280952,3.18715
0,0.25,6.47768,6.56589,-0.283739,3.08305
0,0.25,6.4767,6.80449,-0.25541,3.16036
0,0.25,6.47444,7.04023,-0.220029,3.11925
0,0.25,6.47297,7.27675,-0.198276,3.25067
0,0.25,6.47063,7.51175,-0.157984,3.21475
0,0.25,6.46848,7.74779,-0.130064,3.24886
0,0.25,6.46524,7.98195,-0.0971806,3.23145
0,0.25,6.46216,8.21575,-0.0878574,3.27713
0,0.25,6.45795,8.44557,-0.101749,3.21244
0,0.25,6.4545,8.67368,-0.113692,3.19417
0,0.25,6.44979,8.89857,-0.127203,2.98723
0,0.25,6.44597,9.12167,-0.108505,2.92222
0,0.25,6.44096,9.34288,-0.0887062,2.75817
0,0.25,6.43636,9.56147,-0.0582253,2.75962
0,0.25,6.43071,9.77863,-0.0524665,2.71038
0,0.25,6.4243,9.99221,-0.0251437,2.67463
0,0.25,6.41793,10.2054,-0.0633767,2.59231
0,0.25,6.40902,10.4143,-0.038167,2.43493
0,0.25,6.40307,10.6248,-0.108745,2.31727
0,0.25,6.38996,10.829,-0.0730076,2.18518
0,0.25,6.38762,11.0372,-0.131161,2.1563
0,0.25,6.36425,11.2357,-0.208578,2.0915
0,0.25,6.37558,11.4428,-0.119707,2.22128
0,0.25,6.32719,11.6327,-0.496499,2.05161
0,0.25,6.37002,11.8399,-0.015768,2.30086
0,0.25,6.27608,12.0171,-0.881873,1.92669
0,0.25,6.36422,12.2145,-0.0440945,1.80691
0,0.25,6.21816,12.391,-1.04201,1.81904
0,0.25,6.34308,12.5539,-0.478156,0.959125
0,0.25,6.17741,12.7634,-0.564278,1.80319
0,0.25,6.33222,12.8936,-0.687803,1.24423
0,0.25,6.11665,13.0977,-1.16215,1.29354
0,0.25,6.28322,13.2018,-1.01604,0.780416
0,0.25,6.11259,13.4075,-0.0857765,0.84002
0,0.25,6.31066,13.5672,-0.811662,1.12433
0,0.25,6.17945,13.7598,-1.39618,0.526615
0,0.25,5.95864,13.8417,-0.57838,0.61933
0,0.25,5.9413,14.101,-2.56257,0.75757
0,0.25,5.97539,14.3062,-0.764732,1.15612
0,0.25,6.06331,14.5079,-1.6277,1.05585
0,0.25,6.05564,14.7106,-0.628982,0.710079
0,0.25,5.74488,14.8347,-1.62347,0.64739
0,0.25,5.6327,15.0522,-1.59961,-0.425374
0,0.25,6.27881,15.064,-0.820569,-0.331755
0,0.25,6.74447,3.62753,-0.0544556,2.90463
0,0.25,6.73422,3.8795,-0.118938,2.9268
0,0.25,6.73393,4.13559,-0.0734828,2.99378
0,0.25,6.73947,4.38371,-0.0313347,3.00308
0,0.25,6.73344,4.63016,-0.0632648,2.97422
0,0.25,6.7416,4.87549,-0.0440048,3.03356
0,0.25,6.73455,5.11775,-0.0757575,2.94416
0,0.25,6.74125,5.3603,-0.0757048,2.99183
0,0.25,6.73444,5.60045,-0.131575,2.92706
0,0.25,6.73865,5.84009,-0.118325,3.01417
0,0.25,6.73335,6.07738,-0.190417,2.926
0,0.25,6.73588,6.31351,-0.171842,2.93426
0,0.25,6.73233,6.54755,-0.197153,2.754
0,0.25,6.73383,6.77969,-0.124816,2.72173
0,0.25,6.73129,7.00882,-0.116642,2.52887
0,0.25,6.73172,7.23485,-0.0365073,2.46551
0,0.25,6.72903,7.45844,-0.0501286,2.28414
0,0.25,6.72793,7.68018,-0.00612785,2.18964
0,0.25,6.72427,7.90059,-0.0421754,2.10126
0,0.25,6.7222,8.12056,-0.0399217,2.2127
0,0.25,6.71762,8.34031,-0.0916256,2.24365
0,0.25,6.71549,8.55899,-0.0968399,2.43864
0,0.25,6.71072,8.77929,-0.123891,2.45003
0,0.25,6.70814,8.99746,-0.108518,2.4731
0,0.25,6.70455,9.21694,-0.102901,2.44669
0,0.25,6.70109,9.43374,-0.0713184,2.37054
0,0.25,6.69769,9.64929,-0.0597989,2.35516
0,0.25,6.69283,9.86246,-0.0352391,2.26923
0,0.25,6.6884,10.0729,-0.0584503,2.20346
0,0.25,6.68194,10.2828,-0.0541764,2.07701
0,0.25,6.67692,10.4897,-0.102565,1.96794
0,0.25,6.66763,10.6982,-0.100619,1.86551
0,0.25,6.6639,10.9028,-0.197131,1.79504
0,0.25,6.64915,11.1112,-0.17475,1.80814
0,0.25,6.64991,11.3122,-0.313658,1.76955
0,0.25,6.62579,11.5216,-0.223896,1.93381
0,0.25,6.63451,11.7161,-0.475629,1.77452
0,0.25,6.59787,11.928,-0.219113,1.95097
0,0.25,6.62052,12.1188,-0.467077,1.88511
0,0.25,6.55938,12.3281,-0.473457,1.97684
0,0.25,6.61581,12.526,-0.257133,2.19417
0,0.25,6.50196,12.7164,-0.777975,1.77908
0,0.25,6.62736,12.9137,-0.375406,2.07205
0,0.25,6.47884,13.0784,-0.745127,1.49815
0,0.25,6.61725,13.2714,-0.494802,1.16001
0,0.25,6.4157,13.3923,-0.403287,0.810351
0,0.25,6.54104,13.6645,-1.26257,1.1015
0,0.25,6.40625,13.8378,-1.313,1.06279
0,0.25,6.17155,13.9911,-1.77169,0.814779
0,0.25,6.45667,14.0504,-1.17424,1.00612
0,0.25,6.22115,14.1791,-2.17091,-0.160038
0,0.25,6.25608,14.4126,-1.24454,0.164539
0,0.25,6.32877,14.6538,-0.957575,-0.15123
0,0.25,6.28282,14.8558,-0.870723,-0.0415175
0,0.25,6.04427,14.9366,-1.22503,0.975923
0,0.25,6.55855,15.0287,-0.339709,0.102594
0,0.25,6.98607,3.62689,-0.149219,2.8912
0,0.25,6.97681,3.88022,-0.0867975,2.97082
0,0.25,6.97754,4.1392,-0.101126,3.03896
0,0.25,6.99091,4.38869,0.0676039,3.05176
0,0.25,6.98282,4.63483,-0.0106293,3.0162
0,0.25,6.99486,4.88048,0.0551731,3.053
0,0.25,6.98696,5.12341,-0.0158741,3.00917
0,0.25,6.99453,5.36635,-0.0249445,3.01745
0,0.25,6.98793,5.60812,-0.0859772,3.04048
0,0.25,6.99212,5.84995,-0.124161,3.11175
0,0.25,6.98738,6.09049,-0.16969,3.1641
0,0.25,6.98906,6.33109,-0.165448,3.24379
0,0.25,6.98599,6.57105,-0.143001,3.28434
0,0.25,6.98621,6.81105,-0.0918061,3.36734
0,0.25,6.98442,7.05,-0.0555217,3.42272
0,0.25,6.98406,7.28823,-0.0012668,3.47121
0,0.25,6.98305,7.52521,0.0269016,3.42665
0,0.25,6.98209,7.76088,0.0513018,3.33249
0,0.25,6.98068,7.99425,0.0776546,3.21062
0,0.25,6.97853,8.22459,0.0384485,3.07857
0,0.25,6.97635,8.45077,0.0384667,2.92629
0,0.25,6.97422,8.67357,-0.0419616,2.75508
0,0.25,6.97159,8.89329,-0.0896911,2.57873
0,0.25,6.97,9.11172,-0.115293,2.44454
0,0.25,6.96741,9.32829,-0.144647,2.32935
0,0.25,6.96583,9.54379,-0.129963,2.29755
0,0.25,6.96191,9.7575,-0.152358,2.23982
0,0.25,6.95903,9.96958,-0.158574,2.20953
0,0.25,6.95276,10.1805,-0.197424,2.11801
0,0.25,6.94808,10.3903,-0.221473,2.04464
0,0.25,6.93986,10.5995,-0.303021,1.93788
0,0.25,6.93442,10.8083,-0.282383,1.87032
0,0.25,6.9252,11.0164,-0.402819,1.84743
0,0.25,6.91945,11.2221,-0.296268,1.8421
0,0.25,6.91053,11.4282,-0.495216,1.80359
0,0.25,6.90153,11.6278,-0.293477,1.84758
0,0.25,6.89953,11.831,-0.533147,1.81173
0,0.25,6.87474,12.0197,-0.328378,1.75726
0,0.25,6.89889,12.2254,-0.437238,1.79251
0,0.25,6.83227,12.3951,-0.628628,1.58477
0,0.25,6.91448,12.6014,-0.186335,1.62711
0,0.25,6.7919,12.7504,-0.947721,1.41553
0,0.25,6.93788,12.9292,-0.192341,0.639107
0,0.25,6.78768,13.1048,-0.10657,1.42274
0,0.25,6.90227,13.2701,-0.162665,1.0991
0,0.25,6.67744,13.4843,-0.943273,1.36122
0,0.25,6.90535,13.5094,-0.333679,0.320899
0,0.25,6.77885,13.7331,-0.630567,0.233254
0,0.25,6.6704,13.9238,-1.1702,0.0539545
0,0.25,6.74179,14.1063,-1.66088,0.232037
0,0.25,6.46354,14.2692,-1.82753,0.570116
0,0.25,6.71175,14.3013,-0.856882,-0.161101
0,0.25,6.49231,14.4953,-0.734917,0.134255
0,0.25,6.66603,14.6962,-0.71051,0.384155
0,0.25,6.53679,14.8344,-1.19655,0.236219
0,0.25,6.79628,15.0169,-0.181725,0.273319
0,0.25,7.21181,3.61019,-0.689185,3.00588
0,0.25,7.21797,3.87969,-0.118359,3.15811
0,0.25,7.21948,4.13762,-0.132621,3.03133
0,0.25,7.2381,4.39126,-0.0340279,3.1159
0,0.25,7.23383,4.63463,0.0174793,2.9733
0,0.25,7.24335,4.88245,-0.0146392,3.06736
0,0.25,7.23967,5.12275,0.0159861,2.92892
0,0.25,7.24467,5.36706,-0.0456653,3.00041
0,0.25,7.24122,5.60524,-0.0349234,2.92224
0,0.25,7.24419,5.84611,-0.0830506,3.03112
0,0.25,7.24123,6.08111,-0.0487136,2.96273
0,0.25,7.24305,6.31703,-0.089181,3.01312
0,0.25,7.24097,6.54763,-0.0449407,2.88121
0,0.25,7.24249,6.77747,-0.0639585,2.78567
0,0.25,7.24137,7.00121,-0.0123852,2.61838
0,0.25,7.24288,7.22301,0.0251538,2.48321
0,0.25,7.24222,7.43977,0.0847001,2.25707
0,0.25,7.24352,7.65519,0.124574,2.13587
0,0.25,7.24154,7.86952,0.13063,2.04055
0,0.25,7.2424,8.08395,0.161462,2.04418
0,0.25,7.23955,8.29937,0.0966933,2.13178
0,0.25,7.23988,8.51623,0.0705661,2.28662
0,0.25,7.23652,8.73449,-0.0392303,2.38407
0,0.25,7.23506,8.95404,-0.115897,2.51886
0,0.25,7.23246,9.17487,-0.184694,2.54149
0,0.25,7.23047,9.39495,-0.212528,2.58831
0,0.25,7.22871,9.61453,-0.217156,2.56891
0,0.25,7.2259,9.83114,-0.21783,2.4978
0,0.25,7.22249,10.0464,-0.247113,2.41404
0,0.25,7.21793,10.2584,-0.285567,2.22866
0,0.25,7.21204,10.4694,-0.346735,2.07794
0,0.25,7.20696,10.6773,-0.379348,1.91399
0,0.25,7.1994,10.8838,-0.427523,1.814
0,0.25,7.19561,11.0884,-0.423979,1.68717
0,0.25,7.18695,11.2905,-0.531405,1.68158
0,0.25,7.1864,11.4927,-0.411812,1.6063
0,0.25,7.17661,11.6883,-0.579075,1.60416
0,0.25,7.17605,11.8903,-0.379758,1.61745
0,0.25,7.16864,12.0756,-0.605997,1.5827
0,0.25,7.16004,12.2789,-0.181621,1.5978
0,0.25,7.1591,12.4588,-0.771419,1.48667
0,0.25,7.14273,12.6711,-0.0577833,1.5836
0,0.25,7.1849,12.8587,-0.429865,1.86246
0,0.25,7.10707,13.0812,-0.834924,1.88068
0,0.25,7.22872,13.2417,0.644013,1.42164
0,0.25,7.11056,13.4161,-0.204789,1.22927
0,0.25,7.19679,13.6105,-0.178797,1.40973
0,0.25,6.97984,13.77,-1.12852,0.667117
0,0.25,6.98061,13.9956,-1.20508,0.762544
0,0.25,7.19881,14.0729,-0.545849,0.373959
0,0.25,6.98046,14.2224,-0.66816,-0.0969752
0,0.25,6.98534,14.4444,-0.647878,-0.1934
0,0.25,6.74965,14.5115,-1.13061,-0.312095
0,0.25,6.96454,14.6716,-1.41248,-0.58654
0,0.25,6.89822,14.8594,-0.813297,-0.18914
0,0.25,7.07069,15.0397,-0.349314,-0.404991
0,0.25,7.38896,3.58916,-0.573586,2.75103
0,0.25,7.46296,3.85769,-0.176127,3.09683
0,0.25,7.46097,4.10905,-0.0729892,2.87901
0,0.25,7.48957,4.34657,-0.0890292,2.81476
0,0.25,7.48603,4.59239,0.13862,2.75007
0,0.25,7.49518,4.82852,-0.0608307,2.59189
0,0.25,7.49585,5.07161,0.179269,2.59898
0,0.25,7.49614,5.30643,-0.0729397,2.41692
0,0.25,7.49977,5.54797,0.118416,2.44313
0,0.25,7.49697,5.7816,-0.0910377,2.45487
0,0.25,7.50039,6.02232,0.0443159,2.45668
0,0.25,7.49861,6.25527,-0.0825971,2.51191
0,0.25,7.50107,6.49492,0.0060316,2.52974
0,0.25,7.50134,6.72911,-0.00147791,2.54766
0,0.25,7.50376,6.9672,0.0628281,2.60896
0,0.25,7.50519,7.2025,0.0988124,2.67435
0,0.25,7.50649,7.44025,0.0868252,2.67719
0,0.25,7.50627,7.67658,0.0728747,2.66779
0,0.25,7.50413,7.91326,0.0342792,2.63918
0,0.25,7.50143,8.14727,0.0381243,2.54987
0,0.25,7.49768,8.37825,-0.00477553,2.52951
0,0.25,7.49493,8.6068,-0.0469538,2.42235
0,0.25,7.49181,8.83096,-0.145533,2.368
0,0.25,7.48949,9.05423,-0.220913,2.32127
0,0.25,7.48796,9.27498,-0.269621,2.27716
0,0.25,7.48842,9.49424,-0.267399,2.28205
0,0.25,7.48866,9.71107,-0.25652,2.2028
0,0.25,7.48794,9.92613,-0.267864,2.15758
0,0.25,7.48665,10.1397,-0.286343,2.0517
0,0.25,7.48364,10.3512,-0.322234,1.97118
0,0.25,7.48067,10.5607,-0.352394,1.89142
0,0.25,7.47701,10.768,-0.398656,1.83273
0,0.25,7.47243,10.9723,-0.438912,1.78285
0,0.25,7.47202,11.1747,-0.346609,1.70416
0,0.25,7.46206,11.3734,-0.457201,1.61431
0,0.25,7.46876,11.5717,-0.27458,1.46514
0,0.25,7.4504,11.7679,-0.59793,1.28649
0,0.25,7.4656,11.9658,-0.270496,1.25513
0,0.25,7.43877,12.1613,-0.810847,1.26665
0,0.25,7.45966,12.3555,-0.0349301,1.4178
0,0.25,7.42177,12.5471,-0.722116,1.39633
0,0.25,7.44717,12.7327,0.0302138,1.12729
0,0.25,7.41209,12.948,-0.586999,1.31378
0,0.25,7.44722,13.1271,-0.277925,0.93815
0,0.25,7.45404,13.3696,0.0238373,1.82516
0,0.25,7.42334,13.5484,-0.400455,1.57015
0,0.25,7.48903,13.7749,-0.241815,1.41188
0,0.25,7.20648,13.8195,-1.19647,1.12635
0,0.25,7.41954,13.9583,0.00973595,0.623031
0,0.25,7.42333,14.1876,-1.14637,0.712519
0,0.25,7.19743,14.3233,-0.543551,0.696886
0,0.25,7.38492,14.4377,-0.0819427,0.255192
0,0.25,7.19517,14.6024,-0.790668,0.395411
0,0.25,7.40721,14.6748,-0.670195,0.0983631
0,0.25,7.1874,14.8344,-0.819791,-0.22783
0,0.25,7.32205,15.0243,-0.447702,0.307422
0,0.25,7.59625,3.50699,-0.527081,3.13316
0,0.25,7.68041,3.69053,-0.277126,2.52745
0,0.25,7.71275,3.94724,-0.298034,2.67279
0,0.25,7.73521,4.16621,0.11456,2.47898
0,0.25,7.74086,4.40708,-0.0855374,2.47733
0,0.25,7.74875,4.64453,0.216651,2.29609
0,0.25,7.74818,4.87686,-0.0293579,2.2574
0,0.25,7.7532,5.12241,0.118641,2.1979
0,0.25,7.74997,5.35505,0.000338986,2.20101
0,0.25,7.7544,5.59935,0.0178656,2.16925
0,0.25,7.751,5.83399,0.0123692,2.33926
0,0.25,7.75334,6.07559,-0.0393931,2.28004
0,0.25,7.75199,6.3111,0.00238178,2.43768
0,0.25,7.75287,6.55102,-0.0422463,2.44556
0,0.25,7.75262,6.78687,-0.00397484,2.45134
0,0.25,7.75359,7.02347,-0.0130647,2.52046
0,0.25,7.75355,7.25767,-0.00471404,2.42404
0,0.25,7.75523,7.48881,0.0122845,2.40051
0,0.25,7.75582,7.71704,0.0379547,2.24273
0,0.25,7.75797,7.94096,0.0928667,2.1988
0,0.25,7.75945,8.16098,0.101485,1.99935
0,0.25,7.76078,8.37637,0.104863,2.06432
0,0.25,7.76212,8.59004,0.0472183,1.91056
0,0.25,7.76212,8.79853,-0.0238731,1.90698
0,0.25,7.7603,9.00767,-0.107267,1.89071
0,0.25,7.7581,9.21514,-0.172224,1.77653
0,0.25,7.75744,9.42448,-0.170827,1.78594
0,0.25,7.75595,9.63652,-0.176621,1.67444
0,0.25,7.75417,9.85055,-0.168841,1.59797
0,0.25,7.7514,10.0675,-0.176874,1.44599
0,0.25,7.74819,10.286,-0.226644,1.29643
0,0.25,7.74449,10.5061,-0.308858,1.16819
0,0.25,7.74171,10.7272,-0.38262,1.10826
0,0.25,7.73877,10.9476,-0.430775,1.16874
0,0.25,7.7395,11.1666,-0.377169,1.28684
0,0.25,7.73608,11.3811,-0.339068,1.38687
0,0.25,7.7381,11.5942,-0.130753,1.51283
0,0.25,7.72722,11.8002,-0.291405,1.39756
0,0.25,7.72813,12.0128,-0.256964,1.30272
0,0.25,7.71867,12.2181,-0.554332,1.13091
0,0.25,7.72082,12.4292,-0.613626,1.34535
0,0.25,7.72802,12.6232,0.00464747,1.4919
0,0.25,7.68998,12.8225,-0.594394,1.76463
0,0.25,7.72537,13.0115,0.0454892,1.5277
0,0.25,7.67534,13.2201,-0.618712,1.73821
0,0.25,7.72888,13.4302,0.125003,1.33976
0,0.25,7.67608,13.6373,0.00974974,1.56714
0,0.25,7.76314,13.8472,0.697472,1.00361
0,0.25,7.64813,14.0413,-0.235306,0.883239
0,0.25,7.82004,14.1873,0.25823,0.61328
0,0.25,7.61094,14.3178,0.197186,-0.181385
0,0.25,7.86884,14.4025,-0.242906,0.873115
0,0.25,7.63101,14.5307,-0.66406,0.207903
0,0.25,7.64963,14.7595,-0.210962,0.114822
0,0.25,7.47799,14.905,-0.721918,-0.152922
0,0.25,7.64975,15.0598,-0.627909,-0.161583
0,0.25,7.98476,3.20615,-0.158254,3.03084
0,0.25,7.88416,3.32214,-0.640036,2.68364
0,0.25,7.93659,3.52495,-0.797817,2.78829
0,0.25,7.98604,3.72268,0.261103,2.22283
0,0.25,7.96332,3.94748,-0.272004,1.85247
0,0.25,8.0313,4.17226,-0.0327414,1.8148
0,0.25,7.98117,4.41678,0.122793,1.74075
0,0.25,8.02605,4.64919,-0.236902,1.59582
0,0.25,7.99001,4.89859,0.228055,1.571
0,0.25,8.01716,5.13499,-0.263434,1.54924
0,0.25,7.99611,5.38302,0.235601,1.52551
0,0.25,8.01227,5.62055,-0.259423,1.57299
0,0.25,8.00044,5.86577,0.168018,1.68731
0,0.25,8.00893,6.10469,-0.192664,1.70558
0,0.25,8.00277,6.34716,0.0887497,1.82721
0,0.25,8.00669,6.58785,-0.102174,1.82019
0,0.25,8.00438,6.8285,0.0427104,1.84799
0,0.25,8.00728,7.06942,-0.0329278,1.81983
0,0.25,8.00776,7.30898,0.0323814,1.76563
0,0.25,8.01118,7.54872,-0.00537941,1.62438
0,0.25,8.01236,7.78745,0.00623814,1.56676
0,0.25,8.01564,8.02808,0.032897,1.34142
0,0.25,8.01684,8.26862,0.0127221,1.32612
0,0.25,8.01961,8.51342,0.0971885,1.22241
0,0.25,8.021,8.75756,0.058072,1.31124
0,0.25,8.02023,9.0029,0.0802113,1.4281
0,0.25,8.01717,9.24262,-0.00533603,1.53287
0,0.25,8.01363,9.4795,-0.0420364,1.64118
0,0.25,8.01016,9.71213,-0.0848143,1.65035
0,0.25,8.00705,9.94228,-0.0942903,1.66102
0,0.25,8.00415,10.1688,-0.0957642,1.6068
0,0.25,8.00069,10.3926,-0.14801,1.59377
0,0.25,7.998,10.6126,-0.182514,1.61619
0,0.25,7.99499,10.8295,-0.23703,1.59265
0,0.25,7.99363,11.0443,-0.2805,1.50832
0,0.25,7.99435,11.2589,-0.319727,1.45574
0,0.25,7.99519,11.4711,-0.251835,1.3813
0,0.25,7.99713,11.6833,-0.102743,1.44836
0,0.25,7.99048,11.8893,-0.0785292,1.48678
0,0.25,7.99002,12.0936,-0.101063,1.57264
0,0.25,7.98704,12.2935,-0.178145,1.39511
0,0.25,7.98555,12.4959,-0.509144,1.30968
0,0.25,8.0053,12.701,-0.133978,1.49972
0,0.25,7.96496,12.8878,-0.330525,1.17299
0,0.25,8.01407,13.0933,0.355408,1.42597
0,0.25,7.92615,13.2568,-0.941042,0.889184
0,0.25,8.03106,13.4495,1.49939,0.610075
0,0.25,7.9231,13.6193,-0.580057,0.249764
0,0.25,8.04369,13.8087,1.04788,0.233486
0,0.25,7.95049,13.9936,0.0884097,0.565016
0,0.25,8.06216,14.2156,0.112009,0.677308
0,0.25,8.04668,14.5263,0.222262,0.548961
0,0.25,7.85953,14.6516,-0.193494,0.31665
0,0.25,8.04217,14.8119,-0.0899909,0.595922
0,0.25,7.82857,14.9167,-0.442147,0.128425
0,0.25,7.99617,15.052,-0.267098,0.172389
1,0.25,8.25,0.75,0,0
1,0.25,8.5,0.75,0,0
1,0.25,15.75,0.75,0,0
1,0.25,16,0.75,0,0
1,0.25,0.75,0.75,0,0
1,0.25,1,0.75,0,0
1,0.25,8.25,1,0,0
1,0.25,8.5,1,0,0
1,0.25,15.75,1,0,0
1,0.25,16,1,0,0
1,0.25,0.75,1,0,0
1,0.25,1,1,0,0
1,0.25,8.25,1.25,0,0
1,0.25,8.5,1.25,0,0
1,0.25,15.75,1.25,0,0
1,0.25,16,1.25,0,0
1,0.25,0.75,1.25,0,0
1,0.25,1,1.25,0,0
1,0.25,8.25,1.5,0,0
1,0.25,8.5,1.5,0,0
1,0.25,15.75,1.5,0,0
1,0.25,16,1.5,0,0
1,0.25,0.75,1.5,0,0
1,0.25,1,1.5,0,0
1,0.25,8.25,1.75,0,0
1,0.25,8.5,1.75,0,0
1,0.25,15.75,1.75,0,0
1,0.25,16,1.75,0,0
1,0.25,0.75,1.75,0,0
1,0.25,1,1.75,0,0
1,0.25,8.25,2,0,0
1,0.25,8.5,2,0,0
1,0.25,15.75,2,0,0
1,0.25,16,2,0,0
1,0.25,0.75,2,0,0
1,0.25,1,2,0,0
1,0.25,8.25,2.25,0,0
1,0.25,8.5,2.25,0,0
1,0.25,15.75,2.25,0,0
1,0.25,16,2.25,0,0
1,0.25,0.75,2.25,0,0
1,0.25,1,2.25,0,0
1,0.25,8.25,2.5,0,0
1,0.25,8.5,2.5,0,0
1,0.25,15.75,2.5,0,0
1,0.25,16,2.5,0,0
1,0.25,0.75,2.5,0,0
1,0.25,1,2.5,0,0
1,0.25,8.25,2.75,0,0
1,0.25,8.5,2.75,0,0
1,0.25,15.75,2.75,0,0
1,0.25,16,2.75,0,0
1,0.25,0.75,2.75,0,0
1,0.25,1,2.75,0,0
1,0.25,8.25,3,0,0
1,0.25,8.5,3,0,0
1,0.25,15.75,3,0,0
1,0.25,16,3,0,0
1,0.25,0.75,3,0,0
1,0.25,1,3,0,0
1,0.25,8.25,3.25,0,0
1,0.25,8.5,3.25,0,0
1,0.25,15.75,3.25,0,0
1,0.25,16,3.25,0,0
1,0.25,0.75,3.25,0,0
1,0.25,1,3.25,0,0
1,0.25,8.25,3.5,0,0
1,0.25,8.5,3.5,0,0
1,0.25,15.75,3.5,0,0
1,0.25,16,3.5,0,0
1,0.25,0.75,3.5,0,0
1,0.25,1,3.5,0,0
1,0.25,8.25,3.75,0,0
1,0.25,8.5,3.75,0,0
1,0.25,15.75,3.75,0,0
1,0.25,16,3.75,0,0
1,0.25,0.75,3.75,0,0
1,0.25,1,3.75,0,0
1,0.25,8.25,4,0,0
1,0.25,8.5,4,0,0
1,0.25,15.75,4,0,0
1,0.25,16,4,0,0
1,0.25,0.75,4,0,0
1,0.25,1,4,0,0
1,0.25,8.25,4.25,0,0
1,0.25,8.5,4.25,0,0
1,0.25,15.75,4.25,0,0
1,0.25,16,4.25,0,0
1,0.25,0.75,4.25,0,0
1,0.25,1,4.25,0,0
1,0.25,8.25,4.5,0,0
1,0.25,8.5,4.5,0,0
1,0.25,15.75,4.5,0,0
1,0.25,16,4.5,0,0
1,0.25,0.75,4.5,0,0
1,0.25,1,4.5,0,0
1,0.25,8.25,4.75,0,0
1,0.25,8.5,4.75,0,0
1,0.25,15.75,4.75,0,0
1,0.25,16,4.75,0,0
1,0.25,0.75,4.75,0,0
1,0.25,1,4.75,0,0
1,0.25,8.25,5,0,0
1,0.25,8.5,5,0,0
1,0.25,15.75,5,0,0
1,0.25,16,5,0,0
1,0.25,0.75,5,0,0
1,0.25,1,5,0,0
1,0.25,8.25,5.25,0,0
1,0.25,8.5,5.25,0,0
1,0.25,15.75,5.25,0,0
1,0.25,16,5.25,0,0
1,0.25,0.75,5.25,0,0
1,0.25,1,5.25,0,0
1,0.25,8.25,5.5,0,0
1,0.25,8.5,5.5,0,0
1,0.25,15.75,5.5,0,0
1,0.25,16,5.5,0,0
1,0.25,0.75,5.5,0,0
1,0.25,1,5.5,0,0
1,0.25,8.25,5.75,0,0
1,0.25,8.5,5.75,0,0
1,0.25,15.75,5.75,0,0
1,0.25,16,5.75,0,0
1,0.25,0.75,5.75,0,0
1,0.25,1,5.75,0,0
1,0.25,8.25,6,0,0
1,0.25,8.5,6,0,0
1,0.25,15.75,6,0,0
1,0.25,16,6,0,0
1,0.25,0.75,6,0,0
1,0.25,1,6,0,0
1,0.25,8.25,6.25,0,0
1,0.25,8.5,6.25,0,0
1,0.25,15.75,6.25,0,0
1,0.25,16,6.25,0,0
1,0.25,0.75,6.25,0,0
1,0.25,1,6.25,0,0
1,0.25,8.25,6.5,0,0
1,0.25,8.5,6.5,0,0
1,0.25,15.75,6.5,0,0
1,0.25,16,6.5,0,0
1,0.25,0.75,6.5,0,0
1,0.25,1,6.5,0,0
1,0.25,8.25,6.75,0,0
1,0.25,8.5,6.75,0,0
1,0.25,15.75,6.75,0,0
1,0.25,16,6.75,0,0
1,0.25,0.75,6.75,0,0
1,0.25,1,6.75,0,0
1,0.25,8.25,7,0,0
1,0.25,8.5,7,0,0
1,0.25,15.75,7,0,0
1,0.25,16,7,0,0
1,0.25,0.75,7,0,0
1,0.25,1,7,0,0
1,0.25,8.25,7.25,0,0
1,0.25,8.5,7.25,0,0
1,0.25,15.75,7.25,0,0
1,0.25,16,7.25,0,0
1,0.25,0.75,7.25,0,0
1,0.25,1,7.25,0,0
1,0.25,8.25,7.5,0,0
1,0.25,8.5,7.5,0,0
1,0.25,15.75,7.5,0,0
1,0.25,16,7.5,0,0
1,0.25,0.75,7.5,0,0
1,0.25,1,7.5,0,0
1,0.25,8.25,7.75,0,0
1,0.25,8.5,7.75,0,0
1,0.25,15.75,7.75,0,0
1,0.25,16,7.75,0,0
1,0.25,0.75,7.75,0,0
1,0.25,1,7.75,0,0
1,0.25,8.25,8,0,0
1,0.25,8.5,8,0,0
1,0.25,15.75,8,0,0
1,0.25,16,8,0,0
1,0.25,0.75,8,0,0
1,0.25,1,8,0,0
1,0.25,8.25,8.25,0,0
1,0.25,8.5,8.25,0,0
1,0.25,15.75,8.25,0,0
1,0.25,16,8.25,0,0
1,0.25,0.75,8.25,0,0
1,0.25,1,8.25,0,0
1,0.25,8.25,8.5,0,0
1,0.25,8.5,8.5,0,0
1,0.25,15.75,8.5,0,0
1,0.25,16,8.5,0,0
1,0.25,0.75,8.5,0,0
1,0.25,1,8.5,0,0
1,0.25,8.25,8.75,0,0
1,0.25,8.5,8.75,0,0
1,0.25,15.75,8.75,0,0
1,0.25,16,8.75,0,0
1,0.25,0.75,8.75,0,0
1,0.25,1,8.75,0,0
1,0.25,8.25,9,0,0
1,0.25,8.5,9,0,0
1,0.25,15.75,9,0,0
1,0.25,16,9,0,0
1,0.25,0.75,9,0,0
1,0.25,1,9,0,0
1,0.25,8.25,9.25,0,0
1,0.25,8.5,9.25,0,0
1,0.25,15.75,9.25,0,0
1,0.25,16,9.25,0,0
1,0.25,0.75,9.25,0,0
1,0.25,1,9.25,0,0
1,0.25,8.25,9.5,0,0
1,0.25,8.5,9.5,0,0
1,0.25,15.75,9.5,0,0
1,0.25,16,9.5,0,0
1,0.25,0.75,9.5,0,0
1,0.25,1,9.5,0,0
1,0.25,8.25,9.75,0,0
1,0.25,8.5,9.75,0,0
1,0.25,15.75,9.75,0,0
1,0.25,16,9.75,0,0
1,0.25,0.75,9.75,0,0
1,0.25,1,9.75,0,0
1,0.25,8.25,10,0,0
1,0.25,8.5,10,0,0
1,0.25,15.75,10,0,0
1,0.25,16,10,0,0
1,0.25,0.75,10,0,0
1,0.25,1,10,0,0
1,0.25,8.25,10.25,0,0
1,0.25,8.5,10.25,0,0
1,0.25,15.75,10.25,0,0
1,0.25,16,10.25,0,0
1,0.25,0.75,10.25,0,0
1,0.25,1,10.25,0,0
1,0.25,8.25,10.5,0,0
1,0.25,8.5,10.5,0,0
1,0.25,15.75,10.5,0,0
1,0.25,16,10.5,0,0
1,0.25,0.75,10.5,0,0
1,0.25,1,10.5,0,0
1,0.25,8.25,10.75,0,0
1,0.25,8.5,10.75,0,0
1,0.25,15.75,10.75,0,0
1,0.25,16,10.75,0,0
1,0.25,0.75,10.75,0,0
1,0.25,1,10.75,0,0
1,0.25,8.25,11,0,0
1,0.25,8.5,11,0,0
1,0.25,15.75,11,0,0
1,0.25,16,11,0,0
1,0.25,0.75,11,0,0
1,0.25,1,11,0,0
1,0.25,8.25,11.25,0,0
1,0.25,8.5,11.25,0,0
1,0.25,15.75,11.25,0,0
1,0.25,16,11.25,0,0
1,0.25,0.75,11.25,0,0
1,0.25,1,11.25,0,0
1,0.25,8.25,11.5,0,0
1,0.25,8.5,11.5,0,0
1,0.25,15.75,11.5,0,0
1,0.25,16,11.5,0,0
1,0.25,0.75,11.5,0,0
1,0.25,1,11.5,0,0
1,0.25,8.25,11.75,0,0
1,0.25,8.5,11.75,0,0
1,0.25,15.75,11.75,0,0
1,0.25,16,11.75,0,0
1,0.25,0.75,11.75,0,0
1,0.25,1,11.75,0,0
1,0.25,8.25,12,0,0
1,0.25,8.5,12,0,0
1,0.25,15.75,12,0,0
1,0.25,16,12,0,0
1,0.25,0.75,12,0,0
1,0.25,1,12,0,0
1,0.25,8.25,12.25,0,0
1,0.25,8.5,12.25,0,0
1,0.25,15.75,12.25,0,0
1,0.25,16,12.25,0,0
1,0.25,0.75,12.25,0,0
1,0.25,1,12.25,0,0
1,0.25,8.25,12.5,0,0
1,0.25,8.5,12.5,0,0
1,0.25,15.75,12.5,0,0
1,0.25,16,12.5,0,0
1,0.25,0.75,12.5,0,0
1,0.25,1,12.5,0,0
1,0.25,8.25,12.75,0,0
1,0.25,8.5,12.75,0,0
1,0.25,15.75,12.75,0,0
1,0.25,16,12.75,0,0
1,0.25,0.75,12.75,0,0
1,0.25,1,12.75,0,0
1,0.25,8.25,13,0,0
1,0.25,8.5,13,0,0
1,0.25,15.75,13,0,0
1,0.25,16,13,0,0
1,0.25,0.75,13,0,0
1,0.25,1,13,0,0
1,0.25,8.25,13.25,0,0
1,0.25,8.5,13.25,0,0
1,0.25,15.75,13.25,0,0
1,0.25,16,13.25,0,0
1,0.25,0.75,13.25,0,0
1,0.25,1,13.25,0,0
1,0.25,8.25,13.5,0,0
1,0.25,8.5,13.5,0,0
1,0.25,15.75,13.5,0,0
1,0.25,16,13.5,0,0
1,0.25,0.75,13.5,0,0
1,0.25,1,13.5,0,0
1,0.25,8.25,13.75,0,0
1,0.25,8.5,13.75,0,0
1,0.25,15.75,13.75,0,0
1,0.25,16,13.75,0,0
1,0.25,0.75,13.75,0,0
1,0.25,1,13.75,0,0
1,0.25,8.25,14,0,0
1,0.25,8.5,14,0,0
1,0.25,15.75,14,0,0
1,0.25,16,14,0,0
1,0.25,0.75,14,0,0
1,0.25,1,14,0,0
1,0.25,8.25,14.25,0,0
1,0.25,8.5,14.25,0,0
1,0.25,15.75,14.25,0,0
1,0.25,16,14.25,0,0
1,0.25,0.75,14.25,0,0
1,0.25,1,14.25,0,0
1,0.25,8.25,14.5,0,0
1,0.25,8.5,14.5,0,0
1,0.25,15.75,14.5,0,0
1,0.25,16,14.5,0,0
1,0.25,0.75,14.5,0,0
1,0.25,1,14.5,0,0
1,0.25,8.25,14.75,0,0
1,0.25,8.5,14.75,0,0
1,0.25,15.75,14.75,0,0
1,0.25,16,14.75,0,0
1,0.25,0.75,14.75,0,0
1,0.25,1,14.75,0,0
1,0.25,8.25,15,0,0
1,0.25,8.5,15,0,0
1,0.25,15.75,15,0,0
1,0.25,16,15,0,0
1,0.25,0.75,15,0,0
1,0.25,1,15,0,0
1,0.25,8.25,15.25,0,0
1,0.25,8.5,15.25,0,0
1,0.25,15.75,15.25,0,0
1,0.25,16,15.25,0,0
1,0.25,0.75,15.25,0,0
1,0.25,1,15.25,0,0
1,0.25,8.25,15.5,0,0
1,0.25,8.5,15.5,0,0
1,0.25,15.75,15.5,0,0
1,0.25,16,15.5,0,0
1,0.25,0.75,15.5,0,0
1,0.25,1,15.5,0,0
1,0.25,1.25,0.75,0,0
1,0.25,1.25,1,0,0
1,0.25,1.5,0.75,0,0
1,0.25,1.5,1,0,0
1,0.25,1.75,0.75,0,0
1,0.25,1.75,1,0,0
1,0.25,2,0.75,0,0
1,0.25,2,1,0,0
1,0.25,2.25,0.75,0,0
1,0.25,2.25,1,0,0
1,0.25,2.5,0.75,0,0
1,0.25,2.5,1,0,0
1,0.25,2.75,0.75,0,0
1,0.25,2.75,1,0,0
1,0.25,3,0.75,0,0
1,0.25,3,1,0,0
1,0.25,3,15.25,0,0
1,0.25,3,15.5,0,0
1,0.25,3.25,0.75,0,0
1,0.25,3.25,1,0,0
1,0.25,3.25,15.25,0,0
1,0.25,3.25,15.5,0,0
1,0.25,3.5,0.75,0,0
1,0.25,3.5,1,0,0
1,0.25,3.5,15.25,0,0
1,0.25,3.5,15.5,0,0
1,0.25,3.75,0.75,0,0
1,0.25,3.75,1,0,0
1,0.25,3.75,15.25,0,0
1,0.25,3.75,15.5,0,0
1,0.25,4,0.75,0,0
1,0.25,4,1,0,0
1,0.25,4,15.25,0,0
1,0.25,4,15.5,0,0
1,0.25,4.25,0.75,0,0
1,0.25,4.25,1,0,0
1,0.25,4.25,15.25,0,0
1,0.25,4.25,15.5,0,0
1,0.25,4.5,0.75,0,0
1,0.25,4.5,1,0,0
1,0.25,4.5,15.25,0,0
1,0.25,4.5,15.5,0,0
1,0.25,4.75,0.75,0,0
1,0.25,4.75,1,0,0
1,0.25,4.75,15.25,0,0
1,0.25,4.75,15.5,0,0
1,0.25,5,0.75,0,0
1,0.25,5,1,0,0
1,0.25,5,15.25,0,0
1,0.25,5,15.5,0,0
1,0.25,5.25,0.75,0,0
1,0.25,5.25,1,0,0
1,0.25,5.25,15.25,0,0
1,0.25,5.25,15.5,0,0
1,0.25,5.5,0.75,0,0
1,0.25,5.5,1,0,0
1,0.25,5.5,15.25,0,0
1,0.25,5.5,15.5,0,0
1,0.25,5.75,0.75,0,0
1,0.25,5.75,1,0,0
1,0.25,5.75,15.25,0,0
1,0.25,5.75,15.5,0,0
1,0.25,6,0.75,0,0
1,0.25,6,1,0,0
1,0.25,6,15.25,0,0
1,0.25,6,15.5,0,0
1,0.25,6.25,0.75,0,0
1,0.25,6.25,1,0,0
1,0.25,6.25,15.25,0,0
1,0.25,6.25,15.5,0,0
1,0.25,6.5,0.75,0,0
1,0.25,6.5,1,0,0
1,0.25,6.5,15.25,0,0
1,0.25,6.5,15.5,0,0
1,0.25,6.75,0.75,0,0
1,0.25,6.75,1,0,0
1,0.25,6.75,15.25,0,0
1,0.25,6.75,15.5,0,0
1,0.25,7,0.75,0,0
1,0.25,7,1,0,0
1,0.25,7,15.25,0,0
1,0.25,7,15.5,0,0
1,0.25,7.25,0.75,0,0
1,0.25,7.25,1,0,0
1,0.25,7.25,15.25,0,0
1,0.25,7.25,15.5,0,0
1,0.25,7.5,0.75,0,0
1,0.25,7.5,1,0,0
1,0.25,7.5,15.25,0,0
1,0.25,7.5,15.5,0,0
1,0.25,7.75,0.75,0,0
1,0.25,7.75,1,0,0
1,0.25,7.75,15.25,0,0
1,0.25,7.75,15.5,0,0
1,0.25,8,0.75,0,0
1,0.25,8,1,0,0
1,0.25,8,15.25,0,0
1,0.25,8,15.5,0,0
1,0.25,8.75,0.75,0,0
1,0.25,8.75,1,0,0
1,0.25,8.75,15.25,0,0
1,0.25,8.75,15.5,0,0
1,0.25,9,0.75,0,0
1,0.25,9,1,0,0
1,0.25,9,15.25,0,0
1,0.25,9,15.5,0,0
1,0.25,9.25,0.75,0,0
1,0.25,9.25,1,0,0
1,0.25,9.25,15.25,0,0
1,0.25,9.25,15.5,0,0
1,0.25,9.5,0.75,0,0
1,0.25,9.5,1,0,0
1,0.25,9.5,15.25,0,0
1,0.25,9.5,15.5,0,0
1,0.25,9.75,0.75,0,0
1,0.25,9.75,1,0,0
1,0.25,9.75,15.25,0,0
1,0.25,9.75,15.5,0,0
1,0.25,10,0.75,0,0
1,0.25,10,1,0,0
1,0.25,10,15.25,0,0
1,0.25,10,15.5,0,0
1,0.25,10.25,0.75,0,0
1,0.25,10.25,1,0,0
1,0.25,10.25,15.25,0,0
1,0.25,10.25,15.5,0,0
1,0.25,10.5,0.75,0,0
1,0.25,10.5,1,0,0
1,0.25,10.5,15.25,0,0
1,0.25,10.5,15.5,0,0
1,0.25,10.75,0.75,0,0
1,0.25,10.75,1,0,0
1,0.25,10.75,15.25,0,0
1,0.25,10.75,15.5,0,0
1,0.25,11,0.75,0,0
1,0.25,11,1,0,0
1,0.25,11,15.25,0,0
1,0.25,11,15.5,0,0
1,0.25,11.25,0.75,0,0
1,0.25,11.25,1,0,0
1,0.25,11.25,15.25,0,0
1,0.25,11.25,15.5,0,0
1,0.25,11.5,0.75,0,0
1,0.25,11.5,1,0,0
1,0.25,11.5,15.25,0,0
1,0.25,11.5,15.5,0,0
1,0.25,11.75,0.75,0,0
1,0.25,11.75,1,0,0
1,0.25,11.75,15.25,0,0
1,0.25,11.75,15.5,0,0
1,0.25,12,0.75,0,0
1,0.25,12,1,0,0
1,0.25,12,15.25,0,0
1,0.25,12,15.5,0,0
1,0.25,12.25,0.75,0,0
1,0.25,12.25,1,0,0
1,0.25,12.25,15.25,0,0
1,0.25,12.25,15.5,0,0
1,0.25,12.5,0.75,0,0
1,0.25,12.5,1,0,0
1,0.25,12.5,15.25,0,0
1,0.25,12.5,15.5,0,0
1,0.25,12.75,0.75,0,0
1,0.25,12.75,1,0,0
1,0.25,12.75,15.25,0,0
1,0.25,12.75,15.5,0,0
1,0.25,13,0.75,0,0
1,0.25,13,1,0,0
1,0.25,13,15.25,0,0
1,0.25,13,15.5,0,0
1,0.25,13.25,0.75,0,0
1,0.25,13.25,1,0,0
1,0.25,13.25,15.25,0,0
1,0.25,13.25,15.5,0,0
1,0.25,13.5,0.75,0,0
1,0.25,13.5,1,0,0
1,0.25,13.5,15.25,0,0
1,0.25,13.5,15.5,0,0
1,0.25,13.75,0.75,0,0
1,0.25,13.75,1,0,0
1,0.25,13.75,15.25,0,0
1,0.25,13.75,15.5,0,0
1,0.25,14,0.75,0,0
1,0.25,14,1,0,0
1,0.25,14.25,0.75,0,0
1,0.25,14.25,1,0,0
1,0.25,14.5,0.75,0,0
1,0.25,14.5,1,0,0
1,0.25,14.75,0.75,0,0
1,0.25,14.75,1,0,0
1,0.25,15,0.75,0,0
1,0.25,15,1,0,0
1,0.25,15.25,0.75,0,0
1,0.25,15.25,1,0,0
1,0.25,15.5,0.75,0,0
1,0.25,15.5,1,0,0
1,0.25,16,15.75,0,0
1,0.25,15.9959,16,0,0
1,0.25,15.9836,16.2496,0,0
1,0.25,15.9631,16.4988,0,0
1,0.25,15.9345,16.7471,0,0
1,0.25,15.8978,16.9944,0,0
1,0.25,15.8529,17.2403,0,0
1,0.25,15.8001,17.4847,0,0
1,0.25,15.7392,17.7271,0,0
1,0.25,15.6704,17.9675,0,0
1,0.25,15.5938,18.2054,0,0
1,0.25,15.5095,18.4408,0,0
1,0.25,15.4174,18.6732,0,0
1,0.25,15.3178,18.9025,0,0
1,0.25,15.2107,19.1284,0,0
1,0.25,15.0963,19.3506,0,0
1,0.25,14.9747,19.569,0,0
1,0.25,14.8459,19.7833,0,0
1,0.25,14.7102,19.9933,0,0
1,0.25,14.5677,20.1987,0,0
1,0.25,14.4186,20.3993,0,0
1,0.25,14.2629,20.5949,0,0
1,0.25,14.1009,20.7853,0,0
1,0.25,13.9328,20.9703,0,0
1,0.25,13.7587,21.1497,0,0
1,0.25,13.5788,21.3233,0,0
1,0.25,13.3933,21.4909,0,0
1,0.25,13.2024,21.6523,0,0
1,0.25,13.0063,21.8074,0,0
1,0.25,12.8052,21.9559,0,0
1,0.25,12.5994,22.0978,0,0
1,0.25,12.3891,22.2329,0,0
1,0.25,12.1744,22.361,0,0
1,0.25,11.9556,22.482,0,0
1,0.25,11.733,22.5957,0,0
1,0.25,11.5068,22.7021,0,0
1,0.25,11.2772,22.8011,0,0
1,0.25,11.0445,22.8924,0,0
1,0.25,10.809,22.9761,0,0
1,0.25,10.5708,23.052,0,0
1,0.25,10.3302,23.1201,0,0
1,0.25,10.0876,23.1802,0,0
1,0.25,9.8431,23.2323,0,0
1,0.25,9.59703,23.2764,0,0
1,0.25,9.34965,23.3125,0,0
1,0.25,9.10122,23.3403,0,0
1,0.25,8.85201,23.3601,0,0
1,0.25,8.60229,23.3716,0,0
1,0.25,8.35232,23.375,0,0
1,0.25,8.10238,23.3701,0,0
1,0.25,7.85273,23.3571,0,0
1,0.25,7.60364,23.3359,0,0
1,0.25,7.35539,23.3065,0,0
1,0.25,7.10822,23.269,0,0
1,0.25,6.86242,23.2235,0,0
1,0.25,6.61825,23.1699,0,0
1,0.25,6.37596,23.1083,0,0
1,0.25,6.13582,23.0388,0,0
1,0.25,5.89809,22.9615,0,0
1,0.25,5.66302,22.8764,0,0
1,0.25,5.43087,22.7837,0,0
1,0.25,5.20188,22.6834,0,0
1,0.25,4.9763,22.5756,0,0
1,0.25,4.75438,22.4606,0,0
1,0.25,4.53634,22.3383,0,0
1,0.25,4.32244,22.2089,0,0
1,0.25,4.11289,22.0726,0,0
1,0.25,3.90792,21.9295,0,0
1,0.25,3.70775,21.7797,0,0
1,0.25,3.5126,21.6235,0,0
1,0.25,3.32267,21.4609,0,0
1,0.25,3.13818,21.2922,0,0
1,0.25,2.95931,21.1176,0,0
1,0.25,2.78627,20.9372,0,0
1,0.25,2.61923,20.7512,0,0
1,0.25,2.45838,20.5598,0,0
1,0.25,2.30389,20.3633,0,0
1,0.25,2.15592,20.1618,0,0
1,0.25,2.01464,19.9555,0,0
1,0.25,1.8802,19.7448,0,0
1,0.25,1.75274,19.5297,0,0
1,0.25,1.6324,19.3106,0,0
1,0.25,1.5193,19.0877,0,0
1,0.25,1.41357,18.8611,0,0
1,0.25,1.31533,18.6313,0,0
1,0.25,1.22467,18.3983,0,0
1,0.25,1.1417,18.1625,0,0
1,0.25,1.0665,17.9241,0,0
1,0.25,0.999164,17.6833,0,0
1,0.25,0.939753,17.4405,0,0
1,0.25,0.888333,17.1958,0,0
1,0.25,0.844961,16.9496,0,0
1,0.25,0.809682,16.7022,0,0
1,0.25,0.782536,16.4536,0,0
1,0.25,0.76355,16.2044,0,0
1,0.25,0.752746,15.9546,0,0
1,0.25,0.750135,15.7046,0,0
1,0.25,15.75,15.75,0,0
1,0.25,15.7459,15.9958,0,0
1,0.25,15.7336,16.2413,0,0
1,0.25,15.7132,16.4863,0,0
1,0.25,15.6845,16.7304,0,0
1,0.25,15.6478,16.9735,0,0
1,0.25,15.603,17.2152,0,0
1,0.25,15.5501,17.4553,0,0
1,0.25,15.4893,17.6934,0,0
1,0.25,15.4206,17.9295,0,0
1,0.25,15.3441,18.1631,0,0
1,0.25,15.2598,18.394,0,0
1,0.25,15.1678,18.622,0,0
1,0.25,15.0683,18.8468,0,0
1,0.25,14.9614,19.0681,0,0
1,0.25,14.8472,19.2858,0,0
1,0.25,14.7257,19.4995,0,0
1,0.25,14.5973,19.7091,0,0
1,0.25,14.4619,19.9142,0,0
1,0.25,14.3197,20.1148,0,0
1,0.25,14.1709,20.3105,0,0
1,0.25,14.0157,20.5011,0,0
1,0.25,13.8542,20.6865,0,0
1,0.25,13.6867,20.8663,0,0
1,0.25,13.5132,21.0405,0,0
1,0.25,13.334,21.2088,0,0
1,0.25,13.1494,21.371,0,0
1,0.25,12.9594,21.527,0,0
1,0.25,12.7643,21.6766,0,0
1,0.25,12.5643,21.8196,0,0
1,0.25,12.3597,21.9558,0,0
1,0.25,12.1507,22.0852,0,0
1,0.25,11.9375,22.2075,0,0
1,0.25,11.7203,22.3227,0,0
1,0.25,11.4994,22.4305,0,0
1,0.25,11.275,22.5309,0,0
1,0.25,11.0474,22.6238,0,0
1,0.25,10.8168,22.709,0,0
1,0.25,10.5835,22.7865,0,0
1,0.25,10.3478,22.8562,0,0
1,0.25,10.1099,22.918,0,0
1,0.25,9.87002,22.9719,0,0
1,0.25,9.62851,23.0177,0,0
1,0.25,9.3856,23.0554,0,0
1,0.25,9.14157,23.0851,0,0
1,0.25,8.89669,23.1065,0,0
1,0.25,8.65122,23.1198,0,0
1,0.25,8.40546,23.1249,0,0
1,0.25,8.15965,23.1219,0,0
1,0.25,7.91409,23.1106,0,0
1,0.25,7.66904,23.0911,0,0
1,0.25,7.42477,23.0635,0,0
1,0.25,7.18156,23.0278,0,0
1,0.25,6.93968,22.984,0,0
1,0.25,6.69938,22.9321,0,0
1,0.25,6.46096,22.8723,0,0
1,0.25,6.22465,22.8045,0,0
1,0.25,5.99074,22.729,0,0
1,0.25,5.75947,22.6456,0,0
1,0.25,5.53112,22.5546,0,0
1,0.25,5.30592,22.4561,0,0
1,0.25,5.08413,22.3501,0,0
1,0.25,4.86599,22.2367,0,0
1,0.25,4.65176,22.1162,0,0
1,0.25,4.44166,21.9885,0,0
1,0.25,4.23593,21.854,0,0
1,0.25,4.0348,21.7127,0,0
1,0.25,3.8385,21.5647,0,0
1,0.25,3.64723,21.4103,0,0
1,0.25,3.46121,21.2496,0,0
1,0.25,3.28066,21.0828,0,0
1,0.25,3.10576,20.91,0,0
1,0.25,2.93672,20.7315,0,0
1,0.25,2.77372,20.5475,0,0
1,0.25,2.61695,20.3582,0,0
1,0.25,2.46657,20.1637,0,0
1,0.25,2.32275,19.9644,0,0
1,0.25,2.18566,19.7603,0,0
1,0.25,2.05545,19.5518,0,0
1,0.25,1.93225,19.3391,0,0
1,0.25,1.81622,19.1224,0,0
1,0.25,1.70747,18.9019,0,0
1,0.25,1.60613,18.678,0,0
1,0.25,1.51231,18.4508,0,0
1,0.25,1.42611,18.2205,0,0
1,0.25,1.34763,17.9876,0,0
1,0.25,1.27697,17.7521,0,0
1,0.25,1.21418,17.5145,0,0
1,0.25,1.15936,17.2748,0,0
1,0.25,1.11255,17.0335,0,0
1,0.25,1.07381,16.7908,0,0
1,0.25,1.04318,16.5469,0,0
1,0.25,1.02069,16.3021,0,0
1,0.25,1.00638,16.0567,0,0
1,0.25,1.00025,15.8109,0,0
1,0.25,1.00232,15.5651,0,0
1,0.25,13.75,15.75,0,0
1,0.25,13.7442,15.9999,0,0
1,0.25,13.7268,16.2493,0,0
1,0.25,13.6978,16.4976,0,0
1,0.25,13.6572,16.7442,0,0
1,0.25,13.6053,16.9888,0,0
1,0.25,13.5421,17.2306,0,0
1,0.25,13.4676,17.4692,0,0
1,0.25,13.3822,17.7042,0,0
1,0.25,13.2859,17.9349,0,0
1,0.25,13.179,18.1608,0,0
1,0.25,13.0617,18.3816,0,0
1,0.25,12.9343,18.5966,0,0
1,0.25,12.797,18.8056,0,0
1,0.25,12.6502,19.0079,0,0
1,0.25,12.4941,19.2031,0,0
1,0.25,12.3291,19.3909,0,0
1,0.25,12.1555,19.5708,0,0
1,0.25,11.9738,19.7424,0,0
1,0.25,11.7842,19.9054,0,0
1,0.25,11.5874,20.0595,0,0
1,0.25,11.3835,20.2042,0,0
1,0.25,11.1732,20.3392,0,0
1,0.25,10.9568,20.4644,0,0
1,0.25,10.7348,20.5793,0,0
1,0.25,10.5077,20.6838,0,0
1,0.25,10.276,20.7776,0,0
1,0.25,10.0402,20.8606,0,0
1,0.25,9.80076,20.9325,0,0
1,0.25,9.55826,20.9931,0,0
1,0.25,9.3132,21.0425,0,0
1,0.25,9.06611,21.0804,0,0
1,0.25,8.81753,21.1068,0,0
1,0.25,8.56799,21.1215,0,0
1,0.25,8.31803,21.1247,0,0
1,0.25,8.0682,21.1162,0,0
1,0.25,7.81903,21.0962,0,0
1,0.25,7.57106,21.0645,0,0
1,0.25,7.32483,21.0214,0,0
1,0.25,7.08087,20.9669,0,0
1,0.25,6.83971,20.9011,0,0
1,0.25,6.60187,20.8241,0,0
1,0.25,6.36787,20.7362,0,0
1,0.25,6.13821,20.6375,0,0
1,0.25,5.91339,20.5282,0,0
1,0.25,5.69389,20.4086,0,0
1,0.25,5.48019,20.2789,0,0
1,0.25,5.27275,20.1394,0,0
1,0.25,5.07202,19.9904,0,0
1,0.25,4.87844,19.8322,0,0
1,0.25,4.69241,19.6653,0,0
1,0.25,4.51436,19.4898,0,0
1,0.25,4.34465,19.3063,0,0
1,0.25,4.18366,19.115,0,0
1,0.25,4.03174,18.9165,0,0
1,0.25,3.88921,18.7111,0,0
1,0.25,3.75639,18.4994,0,0
1,0.25,3.63355,18.2817,0,0
1,0.25,3.52097,18.0585,0,0
1,0.25,3.41889,17.8303,0,0
1,0.25,3.32752,17.5976,0,0
1,0.25,3.24708,17.3609,0,0
1,0.25,3.17772,17.1207,0,0
1,0.25,3.11961,16.8776,0,0
1,0.25,3.07287,16.6321,0,0
1,0.25,3.03759,16.3846,0,0
1,0.25,3.01386,16.1357,0,0
1,0.25,3.00172,15.886,0,0
1,0.25,3.00121,15.6361,0,0
1,0.25,13.5,15.75,0,0
1,0.25,13.4939,15.9999,0,0
1,0.25,13.4756,16.2492,0,0
1,0.25,13.4452,16.4973,0,0
1,0.25,13.4027,16.7437,0,0
1,0.25,13.3483,16.9876,0,0
1,0.25,13.2821,17.2287,0,0
1,0.25,13.2041,17.4662,0,0
1,0.25,13.1147,17.6996,0,0
1,0.25,13.014,17.9284,0,0
1,0.25,12.9022,18.152,0,0
1,0.25,12.7797,18.3699,0,0
1,0.25,12.6467,18.5816,0,0
1,0.25,12.5036,18.7865,0,0
1,0.25,12.3506,18.9842,0,0
1,0.25,12.1882,19.1742,0,0
1,0.25,12.0167,19.3561,0,0
1,0.25,11.8365,19.5294,0,0
1,0.25,11.6481,19.6937,0,0
1,0.25,11.4519,19.8486,0,0
1,0.25,11.2484,19.9937,0,0
1,0.25,11.0381,20.1288,0,0
1,0.25,10.8214,20.2534,0,0
1,0.25,10.5989,20.3674,0,0
1,0.25,10.3711,20.4703,0,0
1,0.25,10.1385,20.562,0,0
1,0.25,9.90179,20.6423,0,0
1,0.25,9.66142,20.7109,0,0
1,0.25,9.41799,20.7677,0,0
1,0.25,9.17208,20.8126,0,0
1,0.25,8.92427,20.8455,0,0
1,0.25,8.67516,20.8662,0,0
1,0.25,8.42533,20.8748,0,0
1,0.25,8.17538,20.8711,0,0
1,0.25,7.92591,20.8553,0,0
1,0.25,7.6775,20.8273,0,0
1,0.25,7.43076,20.7873,0,0
1,0.25,7.18626,20.7352,0,0
1,0.25,6.94459,20.6713,0,0
1,0.25,6.70632,20.5957,0,0
1,0.25,6.47202,20.5086,0,0
1,0.25,6.24225,20.4101,0,0
1,0.25,6.01755,20.3006,0,0
1,0.25,5.79846,20.1802,0,0
1,0.25,5.5855,20.0493,0,0
1,0.25,5.37918,19.9082,0,0
1,0.25,5.17998,19.7572,0,0
1,0.25,4.98839,19.5966,0,0
1,0.25,4.80485,19.4269,0,0
1,0.25,4.62981,19.2485,0,0
1,0.25,4.46368,19.0617,0,0
1,0.25,4.30685,18.867,0,0
1,0.25,4.1597,18.6649,0,0
1,0.25,4.02258,18.4559,0,0
1,0.25,3.89581,18.2405,0,0
1,0.25,3.7797,18.0191,0,0
1,0.25,3.67452,17.7923,0,0
1,0.25,3.58053,17.5607,0,0
1,0.25,3.49794,17.3248,0,0
1,0.25,3.42695,17.0851,0,0
1,0.25,3.36774,16.8422,0,0
1,0.25,3.32044,16.5968,0,0
1,0.25,3.28516,16.3493,0,0
1,0.25,3.26199,16.1004,0,0
1,0.25,3.25099,15.8507,0,0
1,0.25,3.25218,15.6007,0,0
