1396 2 0.5 5e+06 0.05 2 0 0.001 0 9.81 35 35
0,250,3.05197,22.5273,1.31531,3.93686
0,250,2.65066,23.4777,-0.107933,4.59665
0,250,2.6413,23.8469,0.143326,3.7378
0,250,2.53993,24.7111,-0.423519,3.59066
0,250,2.56676,25.2459,-0.247291,3.2861
0,250,2.8428,25.5836,0.140686,3.00564
0,250,2.58309,25.7917,0.265924,2.5437
0,250,2.97734,26.3443,0.104673,3.80921
0,250,2.41139,26.3321,-1.58806,1.7543
0,250,2.45012,27.0297,1.31757,3.06977
0,250,2.8174,27.2953,0.738681,3.1019
0,250,2.37454,27.6612,-3.2829,4.30796
0,250,2.86507,27.877,-1.98694,1.61433
0,250,2.51261,28.4726,-1.71953,1.53181
0,250,2.50071,28.9746,0.744222,0.992619
0,250,2.54756,29.4088,0.111063,2.14234
0,250,3.0444,29.5122,-1.01355,1.53613
0,250,2.59945,29.8912,0.751112,0.582513
0,250,3.14031,30.0009,-0.733685,3.43435
0,250,2.4592,30.2621,-2.89079,2.75566
0,250,2.78257,30.6354,2.1865,-2.1146
0,250,2.54715,31.0136,1.05653,2.27679
0,250,2.47237,31.3873,-1.19233,1.15531
0,250,2.52217,32.0263,0.746537,1.91413
0,250,3.41865,31.0976,1.71292,-0.699354
0,250,2.85575,31.8132,2.73036,1.37361
0,250,4.11062,31.2614,1.3253,-0.815399
0,250,3.17693,31.6595,2.47416,-1.34444
0,250,3.64027,31.5655,4.04323,0.330704
0,250,3.57769,32.0241,0.137492,1.00145
0,250,3.44765,22.3202,0.847648,3.81775
0,250,2.8548,21.9414,-0.0460309,2.26609
0,250,2.51062,23.0372,2.61827,2.92655
0,250,3.50403,23.016,-0.044258,3.78591
0,250,3.34197,23.6096,0.824487,3.68489
0,250,3.33838,24.1073,-0.368952,3.54624
0,250,2.8319,24.1553,-1.75049,2.91004
0,250,2.90684,24.6831,-1.19052,2.20557
0,250,3.33902,25.7812,1.96724,0.950672
0,250,3.61838,25.3021,0.0522643,2.6513
0,250,3.83794,25.7183,1.58342,1.8509
0,250,2.79826,26.6524,0.460653,2.79398
0,250,3.48027,26.7411,-0.25621,1.71717
0,250,3.25426,27.0667,-0.258655,1.15024
0,250,3.20621,27.6443,-0.0136064,1.89296
0,250,3.47007,28.1713,0.182197,0.176956
0,250,2.93258,28.3951,-0.125151,1.00231
0,250,3.03059,28.9701,0.0252788,0.974782
0,250,3.46623,29.3596,0.418358,1.47135
0,250,4.00734,29.4825,1.80255,1.10781
0,250,3.64802,29.8831,0.831808,-0.631174
0,250,4.20012,29.9856,2.27514,2.25381
0,250,3.32553,30.3611,1.08509,0.437574
0,250,3.09826,30.9561,1.57329,2.9129
0,250,3.82657,30.8412,3.77425,1.4893
0,250,4.29713,30.5983,2.96361,1.35901
0,250,4.4485,31.0408,0.735807,0.807319
0,250,4.42237,31.6378,1.3007,1.367
0,250,4.75537,32.0248,4.1958,-0.437486
0,250,4.11011,31.9501,2.50252,2.43222
0,250,4.13273,22.0433,0.553174,3.19754
0,250,2.95905,22.9442,-1.06228,4.57858
0,250,3.80941,22.9592,0.505052,3.09624
0,250,3.73906,23.5918,-0.376801,3.1825
0,250,4.05675,24.0828,0.319644,3.80846
0,250,3.49015,24.4529,-0.427497,3.17485
0,250,4.13203,25.0963,0.0657471,3.72838
0,250,3.3873,24.8997,-0.753812,3.32023
0,250,4.44448,25.4759,0.606738,2.63109
0,250,4.22876,26.0804,0.468638,2.78497
0,250,3.42191,26.1814,2.5092,2.94809
0,250,3.92697,26.3354,-0.785247,1.35278
0,250,4.18478,26.8111,-0.209767,1.92657
0,250,3.77858,27.1488,0.53265,3.11349
0,250,3.69831,27.7599,-0.0709362,1.91133
0,250,3.9649,28.6048,1.31376,2.32466
0,250,4.40911,28.5209,0.291056,1.61358
0,250,3.32595,28.6884,-0.0245591,1.84284
0,250,3.78546,28.9998,-0.32587,0.713491
0,250,4.32575,29.1515,-0.25619,-0.943972
0,250,4.57604,29.6239,2.03505,0.842616
0,250,5.05917,29.8926,2.73988,-0.196503
0,250,3.75198,30.3606,-0.90068,0.5476
0,250,5.20489,30.4551,1.65502,0.138781
0,250,4.60358,30.1303,1.69465,-0.255835
0,250,4.81668,30.6419,1.83838,-0.128298
0,250,5.08894,31.3519,1.5634,-0.136598
0,250,5.06524,31.7546,3.62073,1.25175
0,250,5.65267,31.5355,0.301084,-1.84087
0,250,5.49087,32.1222,1.59434,0.726672
0,250,4.18433,22.5311,0.248343,3.40695
0,250,4.47128,22.8755,0.727447,2.77542
0,250,4.31983,23.3338,0.643379,3.84883
0,250,4.43528,23.8344,0.0758661,2.26287
0,250,4.08679,24.4899,-0.409607,3.96273
0,250,4.53408,24.6401,-0.375063,4.70729
0,250,4.70772,25.036,1.17067,3.06605
0,250,4.9527,25.4908,1.25459,3.00052
0,250,4.772,25.9808,-0.338696,1.65964
0,250,4.56993,26.5035,0.120267,1.34526
0,250,5.09118,26.7734,0.384763,3.74649
0,250,4.66545,27.0167,1.47421,2.44183
0,250,4.68056,27.4986,1.03922,2.80557
0,250,4.13905,27.4039,-0.0365789,0.865218
0,250,4.49741,27.9281,-1.93714,2.82729
0,250,4.08362,28.0187,0.533723,2.01211
0,250,4.82369,28.4129,0.949723,2.16702
0,250,4.73922,29.0018,1.09231,1.01072
0,250,5.12681,29.4036,1.23484,2.31786
0,250,5.58324,29.5878,2.05743,1.47587
0,250,5.50436,30.0807,2.31337,-1.75045
0,250,5.99178,29.7816,2.17559,0.434423
0,250,6.10871,30.2711,2.82277,0.513104
0,250,6.73814,30.4621,2.08818,1.17278
0,250,5.71923,30.6267,2.15549,1.18182
0,250,5.17362,30.9997,0.250812,0.20999
0,250,6.55128,31.1557,1.85902,-0.235969
0,250,5.83234,31.0458,1.45494,-0.717354
0,250,6.17565,31.3588,1.87785,-0.577892
0,250,5.87688,31.8373,3.16376,-0.701716
0,250,4.68816,22.1159,0.403468,4.12275
0,250,5.13664,22.5373,0.562627,3.17763
0,250,4.81649,23.0667,0.0187253,3.62529
0,250,4.85405,23.776,0.249554,4.61606
0,250,5.26187,23.6603,-0.0175498,2.90351
0,250,4.83388,24.25,1.06565,3.53884
0,250,5.21067,24.4324,0.649768,3.02925
0,250,5.24269,24.9454,1.00424,3.03331
0,250,5.60269,25.3466,0.0603726,2.34619
0,250,5.36459,25.7312,-0.0636842,1.57967
0,250,5.0874,26.2256,1.53025,0.907445
0,250,5.50648,26.6625,0.0804359,2.49656
0,250,5.42297,27.1905,0.808644,3.33626
0,250,5.86942,27.4462,2.25982,2.9999
0,250,5.10885,27.5048,-1.48738,0.833634
0,250,5.5518,27.8111,1.71992,1.64575
0,250,5.12944,28.106,0.855153,2.82119
0,250,5.401,28.4872,-0.147582,0.52173
0,250,5.25797,28.9633,2.05167,2.26668
0,250,6.18584,29.0882,1.34732,1.16191
0,250,5.72165,29.0559,0.585019,1.15236
0,250,6.40375,29.5324,0.989405,0.880558
0,250,6.94376,29.6264,1.5921,2.33983
0,250,6.57037,29.9894,2.51164,1.83696
0,250,7.02021,30.8092,0.576876,0.824041
0,250,6.23363,30.6842,1.19114,-1.30964
0,250,6.94681,31.3796,2.53266,1.17419
0,250,6.62503,31.7294,2.6258,-1.72678
0,250,6.36833,32.1256,0.11906,0.579422
0,250,7.00799,32.0056,0.914434,2.22949
0,250,5.57573,22.5695,0.877679,2.70209
0,250,5.23232,23.0384,-0.158385,3.80847
0,250,5.70278,23.1535,0.878289,2.87914
0,250,5.82268,23.6564,1.61225,3.0759
0,250,5.65911,24.1583,1.83972,3.23353
0,250,6.03029,24.3569,0.945576,3.43327
0,250,5.6514,24.7003,1.34349,3.16181
0,250,6.20115,24.9011,0.715104,1.51466
0,250,6.04785,25.3284,1.49068,1.12594
0,250,5.97243,25.9615,1.0852,2.43826
0,250,5.66301,26.1452,0.584588,1.65099
0,250,6.34975,26.4411,0.956936,1.37918
0,250,6.02916,26.7044,1.0197,0.695615
0,250,6.20193,27.0984,0.864988,1.27431
0,250,6.4233,27.4878,2.12366,-0.129922
0,250,6.36458,27.9126,1.13127,1.76083
0,250,5.89347,28.1058,1.05989,2.0856
0,250,6.41085,28.4383,0.595824,2.56
0,250,5.9174,28.5644,2.12605,1.04516
0,250,6.54471,28.8328,1.53292,1.89992
0,250,6.98115,29.1187,2.27965,1.6854
0,250,7.41286,29.527,1.21638,-0.202668
0,250,7.57707,30.0457,1.32117,-0.453702
0,250,7.09722,30.1293,1.81616,-0.419419
0,250,7.48166,30.5946,2.10009,1.34549
0,250,7.44326,31.042,1.47494,-1.66359
0,250,8.70634,30.8155,1.95543,-0.919351
0,250,8.02462,31.5924,3.72326,1.67166
0,250,7.50693,31.5245,2.75698,1.30868
0,250,7.47397,31.9099,2.02854,0.0984207
0,250,6.03852,22.6101,1.41153,4.04897
0,250,6.77396,22.4274,1.63719,3.36344
0,250,6.16559,23.0544,1.67816,2.84161
0,250,6.55626,23.5697,0.92699,3.1173
0,250,6.2253,23.872,1.27409,3.38043
0,250,6.74405,24.3311,1.80983,2.33954
0,250,6.56917,24.6739,0.849361,2.92731
0,250,6.72571,25.1895,1.28366,1.99358
0,250,6.4427,25.5871,0.775464,1.58012
0,250,7.16925,25.9795,2.51022,1.89306
0,250,6.51082,25.9861,0.323698,3.27997
0,250,6.89238,26.4411,1.63438,1.80756
0,250,6.86616,26.845,1.70038,1.44691
0,250,6.92511,27.2862,1.52362,1.88241
0,250,6.95099,27.7785,1.6597,0.92129
0,250,7.4458,27.8443,2.49178,0.665262
0,250,6.9104,28.2023,0.810232,2.01528
0,250,7.45455,28.335,2.54122,0.593034
0,250,7.14959,28.6969,0.0906818,2.16046
0,250,8.12313,29.0691,1.58567,2.29651
0,250,7.54893,29.1074,2.59671,0.47535
0,250,7.99205,29.5953,1.11516,1.03228
0,250,8.8601,29.9036,3.28296,0.57109
0,250,8.25075,29.9862,2.10448,0.747654
0,250,7.89834,30.3368,1.46772,0.240265
0,250,8.04346,31.0916,1.469,1.72616
0,250,8.21355,30.7327,1.11908,-0.433597
0,250,9.15503,31.1332,2.71395,1.624
0,250,8.47401,31.3425,1.99666,1.32082
0,250,8.03768,32.0693,1.48665,3.54283
0,250,6.93381,22.4692,1.36012,3.26105
0,250,6.68555,22.9806,0.905591,3.74569
0,250,7.01806,23.2121,1.16106,3.27578
0,250,6.93915,23.7419,1.05833,2.555
0,250,7.15183,24.1674,1.96705,3.31667
0,250,7.25106,24.6413,1.85888,2.23211
0,250,7.1864,25.0712,1.16824,2.60343
0,250,7.61869,25.3243,2.59764,2.56604
0,250,7.06943,25.5938,1.60395,1.8366
0,250,7.67636,25.8412,1.90516,2.6825
0,250,7.48499,26.459,0.91381,2.72331
0,250,7.73616,26.7081,1.99651,2.47738
0,250,7.34452,27.0839,1.57239,0.483673
0,250,8.06395,27.1349,2.51402,2.13177
0,250,7.62114,27.4211,2.29242,1.84575
0,250,7.98197,27.8627,1.7508,2.58894
0,250,7.99912,28.2327,1.69548,1.08018
0,250,8.46337,28.6774,1.08279,2.39791
0,250,7.83153,28.7109,1.69678,0.789411
0,250,9.1348,29.4286,3.00845,1.53142
0,250,8.42904,29.5024,3.19932,1.00379
0,250,9.75632,29.7678,2.32079,0.0827009
0,250,9.25508,29.9797,2.61226,-1.06103
0,250,8.62087,30.3359,0.999307,-0.996636
0,250,9.77692,30.6764,0.593883,2.24911
0,250,9.08026,30.5369,2.30524,-0.991837
0,250,9.4626,31.1519,5.32033,-1.7713
0,250,9.54821,31.6471,2.64082,0.685511
0,250,8.89409,31.5904,5.14605,-0.594145
0,250,8.51623,31.8908,0.754844,-4.23004
0,250,7.56463,22.6741,2.21566,4.06688
0,250,7.50807,22.9539,1.5835,2.89771
0,250,7.48137,23.4951,1.18598,4.02313
0,250,7.70837,23.8091,1.3566,3.587
0,250,7.7391,24.2734,1.28541,2.9057
0,250,8.0861,24.6957,2.11996,3.24276
0,250,7.8467,24.9822,1.67986,3.05672
0,250,8.16747,25.573,1.69967,4.03596
0,250,8.38282,26.1962,2.25274,3.13999
0,250,8.7789,26.5757,3.11499,4.08524
0,250,7.99247,26.0989,3.21273,1.35188
0,250,8.41072,26.7644,2.14215,2.42036
0,250,8.70736,27.1568,1.21676,0.758541
0,250,9.12756,27.5522,3.68409,1.21335
0,250,8.2997,27.4818,2.31942,0.0725282
0,250,8.68967,27.796,1.64404,1.09173
0,250,8.61939,28.325,3.75789,0.701876
0,250,9.93817,28.8141,1.91061,1.85417
0,250,8.71781,29.0925,2.87141,0.26031
0,250,9.51171,29.3069,3.03075,1.0962
0,250,10.1777,29.7797,4.30486,0.0509965
0,250,10.1036,30.2223,5.17839,0.0572084
0,250,11.055,30.3587,3.82157,0.0861728
0,250,9.57146,30.3877,3.58568,0.189452
0,250,10.4396,30.5377,2.94274,0.733811
0,250,10.1324,30.9892,2.68097,0.0336884
0,250,10.0804,31.4159,4.54382,2.65637
0,250,10.4414,31.8713,2.96635,1.14783
0,250,9.06233,32.0227,2.2494,2.98933
0,250,9.56089,32.0354,0.747388,-2.62662
0,250,8.2634,22.7861,1.7132,3.85213
0,250,8.08278,23.1728,1.14048,3.60994
0,250,8.24593,23.5747,1.65565,3.27631
0,250,8.33355,24.0428,1.53363,3.28131
0,250,8.47068,24.4615,2.27671,3.37675
0,250,8.67375,24.9034,2.56752,2.72605
0,250,8.48013,25.3277,1.02574,3.70622
0,250,8.93848,25.507,1.55077,3.21366
0,250,8.75712,25.8643,1.35096,3.0007
0,250,9.21565,26.0873,1.68288,2.38941
0,250,9.30848,26.5048,2.77867,2.46142
0,250,9.64479,27.2714,1.66664,1.02725
0,250,9.15929,26.9966,2.24395,1.05744
0,250,9.46755,27.8291,1.68935,2.40285
0,250,9.01112,28.1277,1.59063,1.20893
0,250,9.68251,28.2791,1.50085,0.978868
0,250,9.4182,28.6588,2.55976,2.43172
0,250,10.1592,28.3158,2.53172,1.11959
0,250,9.11887,28.8389,0.759822,-0.592227
0,250,9.99713,29.2325,3.4191,1.29191
0,250,10.7638,29.6157,2.65191,0.712619
0,250,10.6941,30.0658,3.35258,0.0168384
0,250,11.2705,29.7725,4.25522,0.479626
0,250,11.2978,30.8429,3.00956,0.506484
0,250,10.9467,31.5294,3.96128,1.0284
0,250,11.427,31.219,3.51935,1.97135
0,250,10.7679,30.8568,3.25664,2.7235
0,250,10.606,31.2845,2.40095,0.643631
0,250,10.9345,32.0596,2.17163,0.549503
0,250,10.1109,31.9375,1.8162,-1.18918
0,250,8.61054,22.8298,1.60251,3.42534
0,250,8.7548,23.2295,1.87993,3.77347
0,250,8.79998,23.6985,1.43744,3.42467
0,250,8.99338,24.0849,1.39438,2.41544
0,250,9.12196,24.4561,2.08531,3.40103
0,250,9.21204,24.8858,1.00494,3.1673
0,250,9.40961,25.2473,1.92673,2.86068
0,250,9.55709,25.7279,2.4435,3.0379
0,250,9.8535,26.1324,2.05424,2.27309
0,250,10.1551,26.4285,3.22515,2.13579
0,250,9.67082,26.7905,1.66396,3.28621
0,250,10.2348,26.8444,2.96306,1.92736
0,250,10.0836,27.2783,1.3123,2.18849
0,250,11.072,27.8758,4.13207,2.84247
0,250,9.9724,27.8256,1.92593,2.74086
0,250,10.4702,27.8502,3.30631,1.08097
0,250,10.761,28.2352,2.39336,1.80131
0,250,10.9594,28.7171,2.64016,1.60707
0,250,10.4968,28.7408,2.67896,0.558344
0,250,11.0667,29.2766,4.09592,0.0493387
0,250,10.5156,29.1989,1.73687,0.284211
0,250,11.6754,29.4983,4.22533,1.46249
0,250,11.496,30.2722,2.67682,0.85992
0,250,12.1416,30.3541,4.93285,-0.77562
0,250,11.8017,30.8341,4.62055,1.78672
0,250,12.6626,31.4593,6.00788,2.67431
0,250,12.1446,31.3848,3.82783,0.418628
0,250,11.784,31.5969,3.71142,-1.99118
0,250,11.791,32.1313,2.63415,-3.98157
0,250,11.3381,31.7908,2.06935,-0.0470123
0,250,9.20352,22.9557,1.64027,3.1185
0,250,9.43419,23.4094,2.17726,3.99599
0,250,9.49397,23.7757,2.26516,3.48991
0,250,9.6769,24.1826,2.18487,3.14065
0,250,9.72155,24.5935,2.40341,2.76552
0,250,10.025,24.8865,2.62093,2.93726
0,250,9.88153,25.3435,2.81628,3.06052
0,250,10.2309,25.7209,1.87078,3.38525
0,250,10.4907,26.0525,2.72707,2.69664
0,250,10.7587,26.8032,2.97899,2.28857
0,250,10.9544,27.2044,2.67892,2.19445
0,250,11.385,27.5885,2.60064,3.10258
0,250,10.595,27.4173,2.20465,2.36132
0,250,11.7352,27.9642,3.08664,2.53772
0,250,11.2962,28.3826,2.75537,1.92277
0,250,12.4131,28.3694,5.01442,1.83762
0,250,11.7345,28.5487,5.26923,0.387329
0,250,12.1851,28.733,2.57485,1.25116
0,250,11.4324,28.9547,1.46265,0.316898
0,250,11.9331,29.1059,2.79988,1.07667
0,250,11.8138,29.9832,3.25738,2.48993
0,250,12.5695,29.9464,5.12592,1.29316
0,250,12.5538,30.4861,3.45714,0.0619325
0,250,12.7721,31.0562,3.54956,-1.16074
0,250,12.2027,30.935,4.06483,0.603609
0,250,13.1545,31.6589,3.83425,1.76706
0,250,12.3114,31.9064,4.49967,1.51262
0,250,12.6604,32.0127,4.02046,0.638627
0,250,14.4923,31.7644,4.50341,0.954604
0,250,13.9802,31.9169,3.81232,-1.00675
0,250,9.91569,23.07,2.5249,3.90993
0,250,10.0888,23.5067,1.78671,3.14027
0,250,10.2352,23.9782,2.11153,3.31449
0,250,10.3452,24.3237,1.77646,3.12966
0,250,10.5522,24.7555,3.02523,3.79803
0,250,10.5076,25.1973,1.77212,2.69084
0,250,10.7699,25.5984,3.65093,3.25924
0,250,11.1247,25.9219,3.7026,2.58681
0,250,10.9857,26.3868,1.95682,2.93571
0,250,11.3603,26.5414,2.25251,1.98387
0,250,11.4512,27.0626,4.08553,3.32005
0,250,11.8504,27.3795,3.66045,1.86691
0,250,12.3741,27.4956,4.37398,1.92001
0,250,12.9432,28.3085,4.18307,2.29308
0,250,12.0945,27.9349,2.82598,1.37554
0,250,13.4678,28.4128,3.8016,2.03504
0,250,12.7395,28.8516,2.85847,1.45991
0,250,13.049,29.3277,4.08209,0.930254
0,250,12.5418,29.3555,3.60434,3.40411
0,250,12.2278,29.6148,3.06826,0.531246
0,250,12.9588,30.1997,4.77029,2.00818
0,250,13.51,30.1438,3.88613,0.988852
0,250,13.1006,30.7434,3.61155,2.45789
0,250,13.5104,30.5667,3.03785,0.0133225
0,250,13.3313,31.2289,3.76027,1.3574
0,250,13.7335,31.7733,1.89907,0.186945
0,250,13.2599,32.1551,4.33566,-4.22885
0,250,14.1056,31.2886,3.90695,-1.05221
0,250,14.9606,31.5875,4.14802,1.95293
0,250,14.7847,32.1245,5.84466,1.5745
0,250,10.4549,23.2605,2.06904,3.88213
0,250,10.6812,23.6761,2.44121,3.14027
0,250,10.9823,24.0314,2.36754,3.8114
0,250,10.9947,24.4473,2.99259,3.65283
0,250,11.1044,24.9117,2.0379,3.12196
0,250,11.2635,25.2517,2.5286,2.20495
0,250,11.5444,25.6717,1.55163,2.96543
0,250,11.6871,26.1371,2.95889,2.81955
0,250,12.1988,26.4612,2.79058,2.79009
0,250,11.8546,26.7776,2.77931,1.80006
0,250,12.2973,27.0427,3.11104,2.27808
0,250,12.8304,27.273,2.41539,1.72926
0,250,12.6909,27.9214,4.41537,0.771514
0,250,13.1294,27.7262,3.68807,1.75219
0,250,13.6417,28.0244,3.68746,2.46931
0,250,13.7292,29.2141,4.99489,1.51587
0,250,13.1838,28.8784,4.45836,2.59903
0,250,13.6731,29.6097,3.56575,1.62927
0,250,13.1774,29.7427,4.29251,1.50355
0,250,14.5331,29.1335,4.06567,0.35632
0,250,14.0779,29.8389,6.08212,2.18683
0,250,14.5605,30.0707,2.82921,1.12422
0,250,14.02,30.3192,3.94438,0.605981
0,250,14.1527,30.7246,3.84823,1.85423
0,250,13.7106,31.1341,3.00773,0.979018
0,250,15.1977,31.1647,2.43706,0.47462
0,250,14.5874,31.3031,3.70468,0.042812
0,250,15.5041,31.6726,3.68453,-1.24684
0,250,16.03,31.8751,6.54475,3.24728
0,250,15.5324,32.0476,5.75185,-1.71664
0,250,11.1643,23.3339,2.36666,3.83974
0,250,11.4644,23.9147,3.38146,3.62887
0,250,11.616,24.336,3.30616,4.16552
0,250,11.6904,24.6756,2.91464,3.3769
0,250,11.81,25.1126,2.81901,3.78924
0,250,12.1749,25.3333,2.77768,2.7546
0,250,12.0237,25.8301,3.58535,3.03742
0,250,12.4396,26.1104,2.59825,2.45265
0,250,12.7248,26.7793,4.442,2.08066
0,250,13.238,26.9011,2.41204,1.66384
0,250,13.3962,27.4186,3.40454,3.20423
0,250,13.9092,27.6543,4.67438,2.04055
0,250,14.1086,28.394,3.68434,1.7839
0,250,15.0276,28.8509,4.94334,3.8168
0,250,13.7838,28.7577,3.71858,1.72557
0,250,14.3382,28.8626,4.75547,2.28957
0,250,15.3519,29.2417,5.24511,1.64859
0,250,15.8095,29.5179,5.75875,1.33549
0,250,15.011,29.5793,2.88656,2.57827
0,250,14.882,30.2994,4.63405,1.03688
0,250,14.4614,29.5673,3.67509,2.12295
0,250,15.0477,30.7555,3.87183,2.66306
0,250,14.5645,30.7365,3.32726,1.68791
0,250,16.3939,31.0296,4.9852,1.18871
0,250,15.6813,30.769,6.08683,-0.909523
0,250,17.2644,31.2121,2.00822,0.398183
0,250,16.1052,31.4737,4.40886,-1.17399
0,250,17.2336,31.5752,8.2035,1.2055
0,250,17.3607,32.0931,3.11114,2.62692
0,250,16.6444,31.9222,3.35367,-0.974287
0,250,11.7596,23.581,3.055,4.03211
0,250,12.0955,23.7298,3.10336,3.637
0,250,12.2664,24.4378,2.19566,2.36714
0,250,12.358,24.8132,3.10499,4.44792
0,250,12.7436,25.1987,3.50231,2.91857
0,250,12.6534,25.6156,2.97849,2.2834
0,250,13.1039,25.8182,2.52331,2.35204
0,250,12.8786,26.3468,2.38574,3.213
0,250,13.3416,26.3026,3.36875,1.95446
0,250,13.6686,26.8985,2.92061,2.08395
0,250,14.1539,27.3101,4.74357,2.12821
0,250,14.3555,28.0729,4.30948,2.57763
0,250,14.8832,28.4942,4.73404,2.28184
0,250,15.211,28.2095,3.73013,2.07743
0,250,15.6127,28.8108,5.52611,1.63665
0,250,16.5744,29.4688,5.30157,1.23638
0,250,16.0649,29.2044,4.80426,2.50165
0,250,16.1179,29.8401,5.30359,0.202864
0,250,15.3213,29.8082,3.81606,2.5361
0,250,15.8194,30.2481,4.20981,0.217888
0,250,15.4132,30.292,4.63963,0.81514
0,250,16.5317,30.263,4.69606,0.334155
0,250,16.2308,30.5887,6.66574,1.38262
0,250,16.7939,30.9497,6.08449,0.485479
0,250,15.7347,31.1498,5.64827,1.73501
0,250,19.4796,31.0343,8.31135,0.202205
0,250,16.6202,31.645,4.4505,1.04931
0,250,17.7175,31.4527,8.47301,-2.54688
0,250,18.6245,31.6192,6.36858,1.79177
0,250,17.7901,31.9283,7.57362,-2.25758
0,250,12.583,23.7706,2.856,4.66643
0,250,12.7382,24.2482,3.19638,3.11655
0,250,13.0115,24.684,2.69517,3.64336
0,250,13.2545,25.0143,2.49176,2.79172
0,250,13.4035,25.3988,2.7318,3.92754
0,250,13.6605,25.7701,4.47274,1.59545
0,250,13.7372,26.2554,4.94292,4.12334
0,250,14.3292,26.4131,5.16843,0.758782
0,250,14.0423,26.7796,2.73473,2.73523
0,250,14.5471,27.2034,5.09178,1.98864
0,250,14.6814,27.8506,5.0535,3.15475
0,250,15.0389,27.6886,4.37648,1.78374
0,250,15.6203,27.8819,5.38329,0.951674
0,250,15.701,28.3851,3.38408,0.553564
0,250,16.1159,28.7256,5.64589,1.03259
0,250,16.6574,29.014,4.6309,1.43061
0,250,17.1812,29.2546,6.95217,0.246844
0,250,17.7814,29.6126,6.39442,1.87004
0,250,17.1879,29.6912,6.70594,2.78376
0,250,17.4602,29.9736,7.33815,1.1634
0,250,16.6702,29.8703,4.15527,2.49726
0,250,17.3399,30.4282,5.98811,2.37291
0,250,16.9645,30.5418,5.94828,1.01115
0,250,17.593,30.8222,7.92823,-2.67801
0,250,18.424,30.9599,9.0807,-1.21716
0,250,19.8887,31.367,6.78348,2.20553
0,250,18.194,31.2123,8.56676,0.977334
0,250,18.9486,30.9263,6.93581,0.231148
0,250,18.9094,31.3495,8.20842,1.0472
0,250,18.2294,31.8223,5.19429,-0.793626
0,250,13.1428,23.873,2.99462,4.08728
0,250,13.3727,24.3836,3.52462,3.82657
0,250,13.8687,24.7865,3.57643,2.84225
0,250,13.9793,25.237,3.54185,3.48936
0,250,14.27,25.6247,3.78435,1.41022
0,250,14.2745,25.9649,4.14604,2.26124
0,250,14.9308,26.2743,3.2917,1.73719
0,250,14.7238,26.6696,4.61288,1.09387
0,250,14.9804,27.1092,3.96132,3.45771
0,250,15.4494,27.3949,3.91948,1.40708
0,250,16.015,27.576,5.58737,3.13367
0,250,16.1626,28.035,5.98352,1.32963
0,250,16.4987,28.4775,6.75772,2.45895
0,250,17.024,28.7856,5.00736,1.73109
0,250,17.6832,28.8301,5.87306,0.639513
0,250,17.7886,29.2394,5.98203,1.18752
0,250,18.2994,29.744,7.11289,1.04613
0,250,19.5253,29.5835,8.75933,-0.10165
0,250,18.5179,30.2563,5.24773,1.85982
0,250,19.1363,29.8764,8.81746,-0.526568
0,250,17.9879,30.2449,4.58129,-0.972451
0,250,18.8094,30.4362,7.15461,2.83905
0,250,17.9527,30.5951,6.60054,0.623304
0,250,20.138,30.4996,8.21306,1.59105
0,250,19.2843,30.325,7.74244,0.475028
0,250,20.2961,31.5923,6.1589,-0.185571
0,250,19.4828,31.6267,5.30387,1.17984
0,250,19.7081,32.1078,5.5491,-2.11812
0,250,20.9841,32.0919,5.19274,-2.55976
0,250,18.6903,32.1146,10.37,1.8835
0,250,13.7629,24.2166,3.04205,4.31125
0,250,14.2109,24.5415,3.83748,3.70916
0,250,14.463,25.0984,4.39628,3.5066
0,250,14.9521,25.4574,4.05015,3.61291
0,250,14.9591,25.8762,3.56783,4.25543
0,250,15.5416,26.2719,4.55491,4.03264
0,250,15.3205,26.7145,4.64037,2.33701
0,250,15.637,26.9898,5.34355,2.73783
0,250,16.2515,27.1444,6.27586,1.61399
0,250,16.5231,27.7235,4.79669,1.53961
0,250,16.8135,28.1317,3.71663,2.61318
0,250,17.2688,28.4137,7.66091,1.90617
0,250,17.9101,28.4846,8.24728,1.62805
0,250,18.3942,28.9489,6.01873,1.07451
0,250,18.6573,29.2201,7.37664,1.9351
0,250,18.7099,29.6682,4.677,1.58459
0,250,20.3013,30.0575,7.34229,3.56628
0,250,20.7436,30.1147,10.0894,2.13583
0,250,19.6896,30.1184,9.39849,0.491771
0,250,21.3013,30.0559,8.14035,1.8745
0,250,20.6872,30.6525,6.99292,1.64485
0,250,21.7966,30.9881,7.85875,0.118468
0,250,21.1851,30.5691,8.49204,-0.583416
0,250,20.2332,30.9722,8.40947,0.691513
0,250,19.6772,30.7286,6.90826,-0.653836
0,250,20.8679,31.6529,6.58658,0.621903
0,250,20.2449,32.0051,9.11111,0.251973
0,250,22.4635,32.1322,10.9322,-6.9073
0,250,21.36,31.7941,6.84253,0.954497
0,250,19.2408,31.8849,6.19936,2.4255
0,250,14.6187,24.4314,4.21477,4.06956
0,250,14.9804,24.9145,3.63384,3.95257
0,250,15.3644,25.3214,4.32129,3.56355
0,250,15.5529,25.8586,4.4467,2.50739
0,250,16.0353,26.2849,5.77215,3.01122
0,250,16.1061,26.7197,4.0173,2.63042
0,250,16.6506,26.7552,5.09021,1.72286
0,250,16.7628,27.2688,5.11388,2.62565
0,250,17.1296,27.5444,5.02249,0.666408
0,250,17.2682,27.9216,6.04254,0.687251
0,250,17.8237,28.0849,6.99974,0.828882
0,250,18.4508,28.5372,6.08304,1.39933
0,250,19.0933,28.8833,6.53581,1.62437
0,250,19.2918,29.1919,7.20443,2.04749
0,250,19.9674,29.6474,5.60681,1.96688
0,250,20.6161,29.6123,9.50433,1.57518
0,250,21.0598,29.6346,7.83692,1.05325
0,250,22.1099,30.1446,8.9308,-0.528167
0,250,22.1874,30.5465,9.12402,1.77987
0,250,22.338,30.9191,7.73661,-0.762189
0,250,21.6513,30.5009,9.14212,1.59393
0,250,22.3054,31.3376,10.4758,1.27661
0,250,21.4637,31.2907,7.84574,-1.15817
0,250,22.0184,31.6552,8.34841,0.0720536
0,250,20.6503,31.2698,7.76528,0.357471
0,250,21.1211,31.0242,5.29133,-0.106971
0,250,23.2528,31.6813,7.94749,-2.29212
0,250,24.0657,30.7958,10.0418,-2.2001
0,250,23.5914,31.3095,8.53745,-1.38781
0,250,21.7662,31.8949,6.83263,0.905857
0,250,15.2479,24.6743,4.70757,3.76958
0,250,15.6847,25.0147,4.93797,2.90107
0,250,16.0377,25.4921,6.07192,3.70766
0,250,16.348,25.9773,5.15203,3.21407
0,250,16.6938,26.321,5.0147,2.85247
0,250,17.1673,26.8047,5.14342,3.4622
0,250,17.4079,27.0994,4.90669,3.48614
0,250,17.8898,27.3148,6.74383,1.3153
0,250,17.9643,27.7123,6.62632,2.07371
0,250,18.5382,28.0238,5.52345,2.56693
0,250,18.9019,28.385,7.35578,2.16477
0,250,19.7749,28.7778,7.80122,4.03535
0,250,19.9221,29.1465,6.33779,0.697037
0,250,20.5147,29.1871,7.8685,0.574115
0,250,21.6861,29.7767,8.3095,1.45974
0,250,22.2938,29.744,9.57583,-0.906544
0,250,22.7571,30.2067,8.395,0.523788
0,250,22.9878,30.4201,8.32181,-0.0307319
0,250,24.4508,30.35,11.5835,-2.38132
0,250,24.9441,30.226,10.8244,-1.49917
0,250,22.9874,30.9259,5.5773,-0.273284
0,250,23.4294,30.9654,8.51287,1.52089
0,250,22.6894,31.789,7.77323,0.0064669
0,250,24.8119,30.7608,9.49163,-1.16076
0,250,22.8897,31.325,6.27916,3.87389
0,250,24.4023,31.605,9.64941,-1.20797
0,250,24.2837,31.1156,12.0411,0.154628
0,250,25.3165,31.7718,12.2479,-2.13611
0,250,24.8152,31.5801,8.681,-0.599042
0,250,23.5849,31.7991,9.76656,-0.0108559
0,250,16.088,25.068,5.07432,3.90027
0,250,16.5564,25.5934,5.54445,3.78603
0,250,17.1116,25.9687,5.61402,3.14309
0,250,17.3381,26.3383,5.93977,1.78986
0,250,17.8928,26.8662,6.52741,2.28082
0,250,18.4605,27.0706,5.57055,2.37895
0,250,18.4875,27.5982,6.56569,1.85338
0,250,18.9598,27.7069,7.55821,2.21843
0,250,19.3444,28.3862,6.32813,3.48736
0,250,20.0195,28.2432,7.67627,1.06239
0,250,20.2706,28.6732,9.57359,1.36668
0,250,20.7933,28.8183,6.72231,1.91645
0,250,21.1533,29.1248,7.31193,-0.35811
0,250,21.9356,29.4155,9.01958,1.47133
0,250,22.8904,29.7091,9.30962,0.634093
0,250,23.2955,29.8358,8.05143,-0.550294
0,250,23.5612,30.3813,7.91861,-1.56426
0,250,24.1525,30.2367,10.1576,0.405139
0,250,25.3883,30.1989,9.65287,0.908019
0,250,25.7062,30.8384,7.52616,0.0316493
0,250,25.3103,30.6507,11.7545,0.228429
0,250,26.3027,31.2838,7.45894,1.24145
0,250,24.9208,31.1444,9.82918,-1.46681
0,250,26.901,31.163,6.47818,0.601822
0,250,25.7259,31.2719,6.34577,-0.609356
0,250,26.6223,31.6218,5.86191,-2.07428
0,250,25.9891,31.67,9.55347,-1.07727
0,250,27.8363,30.9821,9.92515,-3.34251
0,250,26.9938,32.0796,7.42431,-1.50521
0,250,24.1007,31.8206,9.46903,-2.06994
0,250,16.5484,25.031,4.86938,4.30094
0,250,17.1758,25.5213,5.23173,3.96848
0,250,17.8985,26.3135,6.99006,3.6698
0,250,18.222,26.5308,8.22376,2.72642
0,250,18.8241,27.0729,6.24707,3.6192
0,250,19.339,27.4748,8.01154,1.54389
0,250,19.4681,27.9911,6.89947,2.54135
0,250,20.1295,27.8059,7.83465,0.665782
0,250,20.5676,28.2603,7.74973,1.07336
0,250,21.1206,28.487,9.36066,1.11517
0,250,21.5458,29.1462,8.7937,0.796991
0,250,22.2943,28.9476,7.57708,1.35766
0,250,22.5673,29.3117,7.61837,1.31393
0,250,23.1614,29.2654,9.40487,1.05921
0,250,23.746,29.877,9.75101,0.150965
0,250,24.4531,29.6801,8.9491,1.23061
0,250,24.9585,29.731,10.7613,-0.473444
0,250,26.4636,30.853,10.7569,0.794409
0,250,26.7367,30.5628,7.86821,-2.78246
0,250,27.3036,30.3649,4.24177,0.165595
0,250,27.278,31.4857,10.5536,-3.13961
0,250,27.8079,30.3397,6.36538,-1.50974
0,250,26.4349,32.0272,8.09344,-2.65728
0,250,27.8619,31.3344,5.88268,4.61422
0,250,25.8677,32.079,6.37197,1.55574
0,250,27.2829,30.8801,8.01348,-4.68421
0,250,27.9458,31.8601,6.05556,-0.198558
0,250,27.3706,31.7844,11.8243,1.56536
0,250,29.3864,31.495,8.93235,-0.0318867
0,250,25.2071,32.0087,4.4158,-3.10279
0,250,17.5655,25.7128,4.82686,3.70527
0,250,18.7145,26.2644,6.41268,4.4426
0,250,18.9773,26.6085,6.42413,2.30765
0,250,19.4059,27.0623,8.14559,1.73112
0,250,19.9356,27.5212,5.65177,1.78806
0,250,20.7331,27.6728,8.48847,2.96161
0,250,21.161,28.1123,7.83932,1.57288
0,250,21.8437,28.2905,8.67802,1.62761
0,250,21.7273,28.6765,7.47527,0.774586
0,250,22.8201,28.292,8.64769,-0.431615
0,250,22.7917,28.8101,8.44352,-1.52461
0,250,23.6846,29.3612,9.63764,-0.196175
0,250,24.1512,29.442,9.01539,-0.246231
0,250,25.3551,29.4675,11.2749,-0.443577
0,250,25.662,29.8229,9.72796,-1.10937
0,250,26.0193,30.4009,11.4873,-0.668026
0,250,26.9298,30.1437,9.19716,-1.05538
0,250,27.4086,29.7695,10.1012,-1.0937
0,250,28.1252,29.9223,5.2034,-2.41478
0,250,28.1582,30.6439,7.98015,0.579788
0,250,28.9024,30.2171,6.84768,-1.39508
0,250,28.4037,31.4274,4.9365,-1.36489
0,250,28.4574,31.0111,4.12865,0.146872
0,250,29.5871,29.6668,6.29331,-8.37307
0,250,28.9385,30.7333,4.11069,-0.0101389
0,250,30.5606,30.2903,8.44811,-11.4878
0,250,28.9272,31.3981,4.87822,-0.370364
0,250,29.2668,30.3567,8.01177,-6.00214
0,250,30.3605,29.9742,-5.23159,-2.48694
0,250,28.3808,32.0708,4.66187,-2.53946
0,250,18.0667,25.8464,6.28382,3.73787
0,250,19.0524,26.0482,6.49128,3.87299
0,250,19.7262,26.8197,6.66867,3.80223
0,250,20.3287,26.981,8.2171,2.65522
0,250,21.0246,27.5988,8.06583,2.49001
0,250,22.2609,27.8606,9.27658,2.1881
0,250,22.2209,28.5478,9.71193,0.241919
0,250,23.432,28.9331,11.3223,1.43861
0,250,24.1008,28.7497,9.36108,0.274406
0,250,24.4496,28.9551,9.37949,-1.14628
0,250,24.8402,29.2629,11.0633,-0.224516
0,250,25.9833,29.0868,11.7512,-4.76154
0,250,25.972,29.5519,7.74804,1.89396
0,250,26.2593,30.2953,8.20122,0.732769
0,250,26.4231,29.7411,7.18722,0.255907
0,250,26.9225,29.5727,4.68856,-0.195023
0,250,27.9362,29.224,5.89177,-6.98825
0,250,28.3685,30.186,7.06973,-0.250868
0,250,28.7896,29.559,4.77635,-4.30663
0,250,29.9027,30.2222,12.5812,2.82232
0,250,29.608,31.9735,9.36723,-2.07157
0,250,29.2531,30.9528,4.77449,-2.72325
0,250,28.6889,31.8592,6.36018,-1.67378
0,250,31.1112,29.3169,5.04817,-17.8789
0,250,30.062,30.5599,5.05127,4.15111
0,250,30.3897,29.0933,0.992346,-3.09093
0,250,30.7847,29.759,-1.90826,-4.22438
0,250,29.8355,31.1899,6.39766,-0.0842588
0,250,30.4763,31.1169,-0.383398,-0.37642
0,250,29.1194,31.9524,0.555367,-6.16722
0,250,19.4406,26.377,7.1446,3.41621
0,250,20.8086,26.8625,7.76073,3.05914
0,250,21.6483,27.2157,8.72232,2.26771
0,250,21.6675,27.7799,7.72441,1.77935
0,250,23.0982,28.0434,9.83694,2.56304
0,250,23.2821,28.5606,9.28328,1.36213
0,250,24.8568,28.4228,10.9688,0.858488
0,250,24.9657,28.7958,11.5197,-0.149811
0,250,25.4671,28.9982,8.94352,0.991215
0,250,26.4939,29.3531,10.5507,-3.8367
0,250,27.0085,29.1054,9.92648,-3.96912
0,250,27.5438,29.5596,7.75043,0.358272
0,250,28.0649,28.7592,5.8609,-8.27273
0,250,28.304,29.5687,7.25111,2.49452
0,250,28.8098,28.8128,4.79781,-7.21028
0,250,29.2441,28.9033,8.94091,-7.07847
0,250,29.5157,29.1885,6.8769,-7.62886
0,250,30.0459,28.6932,3.07605,-3.42038
0,250,29.0578,29.7174,4.99722,-1.84501
0,250,29.7739,27.6472,1.66021,-8.36342
0,250,30.3055,29.2058,7.70697,-0.947561
0,250,31.9568,27.8569,2.53717,-9.42948
0,250,31.053,28.7268,-2.51702,-6.52623
0,250,31.88,27.492,-12.913,-21.0782
0,250,30.7209,32.0524,2.55032,-6.95579
0,250,30.4076,27.9536,-3.81181,-14.8316
0,250,29.8936,31.4331,5.86222,-0.76249
0,250,29.9691,32.1339,-1.44231,-16.009
0,250,31.4903,28.9965,7.79733,-0.0124304
0,250,30.6813,30.9977,1.8578,-1.17196
0,250,19.9268,26.4562,7.46086,3.13533
0,250,21.0298,27.0708,8.38069,2.63536
0,250,22.3321,27.4265,10.7535,3.23754
0,250,22.7415,27.744,9.1728,1.53623
0,250,23.9402,28.4114,9.15619,1.19946
0,250,25.5877,28.4765,10.8224,-0.537075
0,250,26.621,28.7727,7.57727,-0.299792
0,250,26.9641,28.5724,12.4045,-3.18566
0,250,27.3961,28.9178,8.17175,-4.57775
0,250,27.5894,28.5099,6.82201,-5.32387
0,250,28.4624,29.032,6.92038,-6.5264
0,250,28.6706,28.3245,8.0245,-11.2988
0,250,29.1175,28.3799,9.94382,-9.7033
0,250,29.5557,28.5005,2.80361,-5.61406
0,250,30.1916,28.2985,7.84333,-16.3069
0,250,30.0452,27.634,3.0522,-18.1873
0,250,29.925,29.631,10.9298,0.921648
0,250,31.0531,26.4682,-0.191082,-15.2468
0,250,30.7166,28.5898,-5.15476,-11.3408
0,250,31.945,28.7561,-0.98178,8.25057
0,250,30.8997,27.8638,3.56378,-6.57017
0,250,30.4162,31.708,0.864635,2.4352
0,250,31.4136,26.4968,4.0089,-17.7365
0,250,31.4236,24.7499,0.912772,-20.6381
0,250,31.6119,29.7753,5.94033,-1.4704
0,250,32.1139,30.0697,-7.49768,-15.628
0,250,31.4618,32.0823,8.57317,-5.56661
0,250,31.8446,30.949,-11.8446,0.373032
0,250,31.3042,30.8585,-9.57495,-0.496704
0,250,30.8814,31.4172,-0.061654,9.08266
0,250,22.1506,27.1211,10.2929,1.86981
0,250,23.7203,27.6737,9.5914,2.10906
0,250,24.0163,27.9146,11.8586,1.47939
0,250,25.2,27.7942,10.3115,0.0206234
0,250,25.8576,28.652,11.7208,-0.328512
0,250,27.6571,28.0774,9.13951,-3.79848
0,250,28.1269,27.5462,9.88197,-9.94126
0,250,28.7514,27.7384,8.11782,-12.0465
0,250,29.3999,27.3961,-0.610052,-9.41024
0,250,30.2571,26.3309,9.37438,-12.8204
0,250,29.5925,28.0808,0.312764,-9.63623
0,250,30.5206,27.2656,3.09983,-7.74633
0,250,30.0916,26.8855,5.47704,-11.8915
0,250,30.6277,26.5858,-3.63897,-10.6947
0,250,30.6514,27.2097,-2.06855,-25.1107
0,250,31.6936,27.3946,-3.24753,-18.0679
0,250,32.0833,25.4187,8.81277,-12.2987
0,250,29.5668,22.1156,-10.0469,-21.323
0,250,31.9784,26.2273,3.47395,-11.9067
0,250,31.5409,28.2916,-5.94742,-7.79782
0,250,31.595,30.244,11.0926,0.0211155
0,250,29.9087,24.2024,-4.10564,-13.3082
0,250,32.0355,30.6093,6.08558,1.18556
0,250,30.7173,16.2941,-2.16815,-30.0311
0,250,27.1116,21.6873,-16.0894,-17.3239
0,250,31.1455,29.9141,-0.314642,1.43739
0,250,32.0952,31.517,3.64079,14.5688
0,250,30.3293,22.5353,-5.28383,-17.1568
0,250,31.2508,28.1299,-0.0603503,-9.29698
0,250,31.9825,32.0589,-9.5686,-3.13963
0,250,23.2088,27.5052,10.4288,2.41556
0,250,24.3899,28.0443,11.074,1.66385
0,250,25.8078,28.055,11.1343,0.0113274
0,250,26.7708,28.1792,10.8245,-1.8614
0,250,28.2039,27.8082,10.3047,-5.89359
0,250,28.2316,28.3654,2.95733,-4.54717
0,250,29.7134,27.0189,9.91227,-13.9126
0,250,29.6908,25.841,6.19078,-13.855
0,250,30.5654,25.9545,7.28869,-13.0003
0,250,30.468,24.8873,2.43528,-12.7379
0,250,30.7753,25.1654,3.8756,-13.1511
0,250,31.3899,25.5523,3.30771,-7.4379
0,250,31.0412,18.5189,2.82221,-26.8269
0,250,29.7788,23.193,-1.69024,-14.8185
0,250,31.1184,18.35,-0.465494,-24.2362
0,250,30.0686,22.9538,-3.15125,-17.6391
0,250,31.2379,23.7861,0.656751,-13.2343
0,250,30.7702,21.4201,0.610412,-21.5401
0,250,29.6015,17.8051,-7.55119,-25.6632
0,250,30.3978,20.2306,-5.08841,-20.1935
0,250,31.3277,23.8469,1.59193,-19.0679
0,250,30.0148,21.1481,-4.45969,-23.0299
0,250,31.1739,27.6452,5.75289,-11.9488
0,250,31.9856,24.8041,0.968493,-20.4109
0,250,31.6505,26.7001,-0.416078,-5.92178
0,250,29.5624,20.5301,-4.51261,-20.3684
0,250,31.3378,30.7379,-10.3161,-6.983
0,250,31.326,21.251,-0.370066,-24.5865
0,250,32.2514,21.7917,2.2798,-23.1173
0,250,32.1572,23.5104,-8.09774,-14.1655
0,250,24.9044,28.0224,11.7693,0.354226
0,250,26.3375,27.957,10.6523,-0.342006
0,250,27.3498,27.9608,11.7754,-1.05119
0,250,28.906,27.4451,9.03231,-5.66235
0,250,29.2032,27.0302,6.104,-13.3627
0,250,29.8961,25.6002,6.86212,-14.3582
0,250,29.7021,24.8948,0.0614448,-15.404
0,250,29.7547,23.4627,-2.08629,-18.6653
0,250,29.6719,24.0345,-0.342307,-12.0178
0,250,30.0723,21.4058,-2.98491,-26.4891
0,250,31.6351,21.7162,5.7151,-24.6585
0,250,30.3247,18.1645,-0.67146,-23.666
0,250,32.1088,19.2564,1.12691,-19.8825
0,250,29.0375,19.8705,-4.87031,-18.9661
0,250,29.5282,17.2441,-6.23561,-27.9462
0,250,31.0679,17.8533,1.38985,-22.0396
0,250,30.1758,17.2085,-5.54999,-22.5731
0,250,30.0062,16.3584,-6.86064,-25.6401
0,250,31.3639,15.5201,-0.930514,-28.1805
0,250,30.1815,15.6045,-5.66598,-24.1324
0,250,32.0128,26.883,-2.11214,-20.9914
0,250,32.0734,14.2266,0.523305,-23.5456
0,250,30.7289,15.3371,-3.77788,-23.5663
0,250,30.3904,11.329,-2.45775,-28.9784
0,250,28.3024,15.3813,-8.29374,-26.1959
0,250,18.3975,9.29266,-23.1317,-31.2867
0,250,29.828,14.4357,-5.48835,-30.1991
0,250,31.6581,29.3087,2.12898,-9.01551
0,250,26.5146,5.68856,-7.49099,-34.5175
0,250,28.2385,16.6057,-6.92837,-21.2308
1,250,1.5,1.5,0,0
1,250,1.5,2,0,0
1,250,32.5,1.5,0,0
1,250,33,1.5,0,0
1,250,2.5,32.5,0,0
1,250,2.5,33,0,0
1,250,1.5,2.5,0,0
1,250,2,2.5,0,0
1,250,2,1.5,0,0
1,250,2,2,0,0
1,250,32.5,2,0,0
1,250,33,2,0,0
1,250,3,32.5,0,0
1,250,3,33,0,0
1,250,1.5,3,0,0
1,250,2,3,0,0
1,250,2.5,1.5,0,0
1,250,2.5,2,0,0
1,250,32.5,2.5,0,0
1,250,33,2.5,0,0
1,250,3.5,32.5,0,0
1,250,3.5,33,0,0
1,250,1.5,3.5,0,0
1,250,2,3.5,0,0
1,250,3,1.5,0,0
1,250,3,2,0,0
1,250,32.5,3,0,0
1,250,33,3,0,0
1,250,4,32.5,0,0
1,250,4,33,0,0
1,250,1.5,4,0,0
1,250,2,4,0,0
1,250,3.5,1.5,0,0
1,250,3.5,2,0,0
1,250,32.5,3.5,0,0
1,250,33,3.5,0,0
1,250,4.5,32.5,0,0
1,250,4.5,33,0,0
1,250,1.5,4.5,0,0
1,250,2,4.5,0,0
1,250,4,1.5,0,0
1,250,4,2,0,0
1,250,32.5,4,0,0
1,250,33,4,0,0
1,250,5,32.5,0,0
1,250,5,33,0,0
1,250,1.5,5,0,0
1,250,2,5,0,0
1,250,4.5,1.5,0,0
1,250,4.5,2,0,0
1,250,32.5,4.5,0,0
1,250,33,4.5,0,0
1,250,5.5,32.5,0,0
1,250,5.5,33,0,0
1,250,1.5,5.5,0,0
1,250,2,5.5,0,0
1,250,5,1.5,0,0
1,250,5,2,0,0
1,250,32.5,5,0,0
1,250,33,5,0,0
1,250,6,32.5,0,0
1,250,6,33,0,0
1,250,1.5,6,0,0
1,250,2,6,0,0
1,250,5.5,1.5,0,0
1,250,5.5,2,0,0
1,250,32.5,5.5,0,0
1,250,33,5.5,0,0
1,250,6.5,32.5,0,0
1,250,6.5,33,0,0
1,250,1.5,6.5,0,0
1,250,2,6.5,0,0
1,250,6,1.5,0,0
1,250,6,2,0,0
1,250,32.5,6,0,0
1,250,33,6,0,0
1,250,7,32.5,0,0
1,250,7,33,0,0
1,250,1.5,7,0,0
1,250,2,7,0,0
1,250,6.5,1.5,0,0
1,250,6.5,2,0,0
1,250,32.5,6.5,0,0
1,250,33,6.5,0,0
1,250,7.5,32.5,0,0
1,250,7.5,33,0,0
1,250,1.5,7.5,0,0
1,250,2,7.5,0,0
1,250,7,1.5,0,0
1,250,7,2,0,0
1,250,32.5,7,0,0
1,250,33,7,0,0
1,250,8,32.5,0,0
1,250,8,33,0,0
1,250,1.5,8,0,0
1,250,2,8,0,0
1,250,7.5,1.5,0,0
1,250,7.5,2,0,0
1,250,32.5,7.5,0,0
1,250,33,7.5,0,0
1,250,8.5,32.5,0,0
1,250,8.5,33,0,0
1,250,1.5,8.5,0,0
1,250,2,8.5,0,0
1,250,8,1.5,0,0
1,250,8,2,0,0
1,250,32.5,8,0,0
1,250,33,8,0,0
1,250,9,32.5,0,0
1,250,9,33,0,0
1,250,1.5,9,0,0
1,250,2,9,0,0
1,250,8.5,1.5,0,0
1,250,8.5,2,0,0
1,250,32.5,8.5,0,0
1,250,33,8.5,0,0
1,250,9.5,32.5,0,0
1,250,9.5,33,0,0
1,250,1.5,9.5,0,0
1,250,2,9.5,0,0
1,250,9,1.5,0,0
1,250,9,2,0,0
1,250,32.5,9,0,0
1,250,33,9,0,0
1,250,10,32.5,0,0
1,250,10,33,0,0
1,250,1.5,10,0,0
1,250,2,10,0,0
1,250,9.5,1.5,0,0
1,250,9.5,2,0,0
1,250,32.5,9.5,0,0
1,250,33,9.5,0,0
1,250,10.5,32.5,0,0
1,250,10.5,33,0,0
1,250,1.5,10.5,0,0
1,250,2,10.5,0,0
1,250,10,1.5,0,0
1,250,10,2,0,0
1,250,32.5,10,0,0
1,250,33,10,0,0
1,250,11,32.5,0,0
1,250,11,33,0,0
1,250,1.5,11,0,0
1,250,2,11,0,0
1,250,10.5,1.5,0,0
1,250,10.5,2,0,0
1,250,32.5,10.5,0,0
1,250,33,10.5,0,0
1,250,11.5,32.5,0,0
1,250,11.5,33,0,0
1,250,1.5,11.5,0,0
1,250,2,11.5,0,0
1,250,11,1.5,0,0
1,250,11,2,0,0
1,250,32.5,11,0,0
1,250,33,11,0,0
1,250,12,32.5,0,0
1,250,12,33,0,0
1,250,1.5,12,0,0
1,250,2,12,0,0
1,250,11.5,1.5,0,0
1,250,11.5,2,0,0
1,250,32.5,11.5,0,0
1,250,33,11.5,0,0
1,250,12.5,32.5,0,0
1,250,12.5,33,0,0
1,250,1.5,12.5,0,0
1,250,2,12.5,0,0
1,250,12,1.5,0,0
1,250,12,2,0,0
1,250,32.5,12,0,0
1,250,33,12,0,0
1,250,13,32.5,0,0
1,250,13,33,0,0
1,250,1.5,13,0,0
1,250,2,13,0,0
1,250,12.5,1.5,0,0
1,250,12.5,2,0,0
1,250,32.5,12.5,0,0
1,250,33,12.5,0,0
1,250,13.5,32.5,0,0
1,250,13.5,33,0,0
1,250,1.5,13.5,0,0
1,250,2,13.5,0,0
1,250,13,1.5,0,0
1,250,13,2,0,0
1,250,32.5,13,0,0
1,250,33,13,0,0
1,250,14,32.5,0,0
1,250,14,33,0,0
1,250,1.5,14,0,0
1,250,2,14,0,0
1,250,13.5,1.5,0,0
1,250,13.5,2,0,0
1,250,32.5,13.5,0,0
1,250,33,13.5,0,0
1,250,14.5,32.5,0,0
1,250,14.5,33,0,0
1,250,1.5,14.5,0,0
1,250,2,14.5,0,0
1,250,14,1.5,0,0
1,250,14,2,0,0
1,250,32.5,14,0,0
1,250,33,14,0,0
1,250,15,32.5,0,0
1,250,15,33,0,0
1,250,1.5,15,0,0
1,250,2,15,0,0
1,250,14.5,1.5,0,0
1,250,14.5,2,0,0
1,250,32.5,14.5,0,0
1,250,33,14.5,0,0
1,250,15.5,32.5,0,0
1,250,15.5,33,0,0
1,250,1.5,15.5,0,0
1,250,2,15.5,0,0
1,250,15,1.5,0,0
1,250,15,2,0,0
1,250,32.5,15,0,0
1,250,33,15,0,0
1,250,16,32.5,0,0
1,250,16,33,0,0
1,250,1.5,16,0,0
1,250,2,16,0,0
1,250,15.5,1.5,0,0
1,250,15.5,2,0,0
1,250,32.5,15.5,0,0
1,250,33,15.5,0,0
1,250,16.5,32.5,0,0
1,250,16.5,33,0,0
1,250,1.5,16.5,0,0
1,250,2,16.5,0,0
1,250,16,1.5,0,0
1,250,16,2,0,0
1,250,32.5,16,0,0
1,250,33,16,0,0
1,250,17,32.5,0,0
1,250,17,33,0,0
1,250,1.5,17,0,0
1,250,2,17,0,0
1,250,16.5,1.5,0,0
1,250,16.5,2,0,0
1,250,32.5,16.5,0,0
1,250,33,16.5,0,0
1,250,17.5,32.5,0,0
1,250,17.5,33,0,0
1,250,1.5,17.5,0,0
1,250,2,17.5,0,0
1,250,17,1.5,0,0
1,250,17,2,0,0
1,250,32.5,17,0,0
1,250,33,17,0,0
1,250,18,32.5,0,0
1,250,18,33,0,0
1,250,1.5,18,0,0
1,250,2,18,0,0
1,250,17.5,1.5,0,0
1,250,17.5,2,0,0
1,250,32.5,17.5,0,0
1,250,33,17.5,0,0
1,250,18.5,32.5,0,0
1,250,18.5,33,0,0
1,250,1.5,18.5,0,0
1,250,2,18.5,0,0
1,250,18,1.5,0,0
1,250,18,2,0,0
1,250,32.5,18,0,0
1,250,33,18,0,0
1,250,19,32.5,0,0
1,250,19,33,0,0
1,250,1.5,19,0,0
1,250,2,19,0,0
1,250,18.5,1.5,0,0
1,250,18.5,2,0,0
1,250,32.5,18.5,0,0
1,250,33,18.5,0,0
1,250,19.5,32.5,0,0
1,250,19.5,33,0,0
1,250,1.5,19.5,0,0
1,250,2,19.5,0,0
1,250,19,1.5,0,0
1,250,19,2,0,0
1,250,32.5,19,0,0
1,250,33,19,0,0
1,250,20,32.5,0,0
1,250,20,33,0,0
1,250,1.5,20,0,0
1,250,2,20,0,0
1,250,19.5,1.5,0,0
1,250,19.5,2,0,0
1,250,32.5,19.5,0,0
1,250,33,19.5,0,0
1,250,20.5,32.5,0,0
1,250,20.5,33,0,0
1,250,1.5,20.5,0,0
1,250,2,20.5,0,0
1,250,20,1.5,0,0
1,250,20,2,0,0
1,250,32.5,20,0,0
1,250,33,20,0,0
1,250,21,32.5,0,0
1,250,21,33,0,0
1,250,1.5,21,0,0
1,250,2,21,0,0
1,250,20.5,1.5,0,0
1,250,20.5,2,0,0
1,250,32.5,20.5,0,0
1,250,33,20.5,0,0
1,250,21.5,32.5,0,0
1,250,21.5,33,0,0
1,250,1.5,21.5,0,0
1,250,2,21.5,0,0
1,250,21,1.5,0,0
1,250,21,2,0,0
1,250,32.5,21,0,0
1,250,33,21,0,0
1,250,22,32.5,0,0
1,250,22,33,0,0
1,250,1.5,22,0,0
1,250,2,22,0,0
1,250,21.5,1.5,0,0
1,250,21.5,2,0,0
1,250,32.5,21.5,0,0
1,250,33,21.5,0,0
1,250,22.5,32.5,0,0
1,250,22.5,33,0,0
1,250,1.5,22.5,0,0
1,250,2,22.5,0,0
1,250,22,1.5,0,0
1,250,22,2,0,0
1,250,32.5,22,0,0
1,250,33,22,0,0
1,250,23,32.5,0,0
1,250,23,33,0,0
1,250,1.5,23,0,0
1,250,2,23,0,0
1,250,22.5,1.5,0,0
1,250,22.5,2,0,0
1,250,32.5,22.5,0,0
1,250,33,22.5,0,0
1,250,23.5,32.5,0,0
1,250,23.5,33,0,0
1,250,1.5,23.5,0,0
1,250,2,23.5,0,0
1,250,23,1.5,0,0
1,250,23,2,0,0
1,250,32.5,23,0,0
1,250,33,23,0,0
1,250,24,32.5,0,0
1,250,24,33,0,0
1,250,1.5,24,0,0
1,250,2,24,0,0
1,250,23.5,1.5,0,0
1,250,23.5,2,0,0
1,250,32.5,23.5,0,0
1,250,33,23.5,0,0
1,250,24.5,32.5,0,0
1,250,24.5,33,0,0
1,250,1.5,24.5,0,0
1,250,2,24.5,0,0
1,250,24,1.5,0,0
1,250,24,2,0,0
1,250,32.5,24,0,0
1,250,33,24,0,0
1,250,25,32.5,0,0
1,250,25,33,0,0
1,250,1.5,25,0,0
1,250,2,25,0,0
1,250,24.5,1.5,0,0
1,250,24.5,2,0,0
1,250,32.5,24.5,0,0
1,250,33,24.5,0,0
1,250,25.5,32.5,0,0
1,250,25.5,33,0,0
1,250,1.5,25.5,0,0
1,250,2,25.5,0,0
1,250,25,1.5,0,0
1,250,25,2,0,0
1,250,32.5,25,0,0
1,250,33,25,0,0
1,250,26,32.5,0,0
1,250,26,33,0,0
1,250,1.5,26,0,0
1,250,2,26,0,0
1,250,25.5,1.5,0,0
1,250,25.5,2,0,0
1,250,32.5,25.5,0,0
1,250,33,25.5,0,0
1,250,26.5,32.5,0,0
1,250,26.5,33,0,0
1,250,1.5,26.5,0,0
1,250,2,26.5,0,0
1,250,26,1.5,0,0
1,250,26,2,0,0
1,250,32.5,26,0,0
1,250,33,26,0,0
1,250,27,32.5,0,0
1,250,27,33,0,0
1,250,1.5,27,0,0
1,250,2,27,0,0
1,250,26.5,1.5,0,0
1,250,26.5,2,0,0
1,250,32.5,26.5,0,0
1,250,33,26.5,0,0
1,250,27.5,32.5,0,0
1,250,27.5,33,0,0
1,250,1.5,27.5,0,0
1,250,2,27.5,0,0
1,250,27,1.5,0,0
1,250,27,2,0,0
1,250,32.5,27,0,0
1,250,33,27,0,0
1,250,28,32.5,0,0
1,250,28,33,0,0
1,250,1.5,28,0,0
1,250,2,28,0,0
1,250,27.5,1.5,0,0
1,250,27.5,2,0,0
1,250,32.5,27.5,0,0
1,250,33,27.5,0,0
1,250,28.5,32.5,0,0
1,250,28.5,33,0,0
1,250,1.5,28.5,0,0
1,250,2,28.5,0,0
1,250,28,1.5,0,0
1,250,28,2,0,0
1,250,32.5,28,0,0
1,250,33,28,0,0
1,250,29,32.5,0,0
1,250,29,33,0,0
1,250,1.5,29,0,0
1,250,2,29,0,0
1,250,28.5,1.5,0,0
1,250,28.5,2,0,0
1,250,32.5,28.5,0,0
1,250,33,28.5,0,0
1,250,29.5,32.5,0,0
1,250,29.5,33,0,0
1,250,1.5,29.5,0,0
1,250,2,29.5,0,0
1,250,29,1.5,0,0
1,250,29,2,0,0
1,250,32.5,29,0,0
1,250,33,29,0,0
1,250,30,32.5,0,0
1,250,30,33,0,0
1,250,1.5,30,0,0
1,250,2,30,0,0
1,250,29.5,1.5,0,0
1,250,29.5,2,0,0
1,250,32.5,29.5,0,0
1,250,33,29.5,0,0
1,250,30.5,32.5,0,0
1,250,30.5,33,0,0
1,250,1.5,30.5,0,0
1,250,2,30.5,0,0
1,250,30,1.5,0,0
1,250,30,2,0,0
1,250,32.5,30,0,0
1,250,33,30,0,0
1,250,31,32.5,0,0
1,250,31,33,0,0
1,250,1.5,31,0,0
1,250,2,31,0,0
1,250,30.5,1.5,0,0
1,250,30.5,2,0,0
1,250,32.5,30.5,0,0
1,250,33,30.5,0,0
1,250,31.5,32.5,0,0
1,250,31.5,33,0,0
1,250,1.5,31.5,0,0
1,250,2,31.5,0,0
1,250,31,1.5,0,0
1,250,31,2,0,0
1,250,32.5,31,0,0
1,250,33,31,0,0
1,250,32,32.5,0,0
1,250,32,33,0,0
1,250,1.5,32,0,0
1,250,2,32,0,0
1,250,31.5,1.5,0,0
1,250,31.5,2,0,0
1,250,32.5,31.5,0,0
1,250,33,31.5,0,0
1,250,32.5,32.5,0,0
1,250,32.5,33,0,0
1,250,1.5,32.5,0,0
1,250,2,32.5,0,0
1,250,32,1.5,0,0
1,250,32,2,0,0
1,250,32.5,32,0,0
1,250,33,32,0,0
1,250,33,32.5,0,0
1,250,33,33,0,0
1,250,1.5,33,0,0
1,250,2,33,0,0
