1396 2 0.5 5e+06 0.05 2 0 0.001 0 9.81 35 35
0,250,3.60499,24.5501,1.89504,1.60105
0,250,2.56442,25.5755,2.37033,2.70121
0,250,2.74732,25.2939,0.224726,2.50085
0,250,2.43603,28.4813,0.313435,2.62658
0,250,3.12169,27.6179,0.596492,2.33215
0,250,2.61936,26.9536,-1.63225,3.60451
0,250,4.08324,27.6034,2.05695,1.619
0,250,3.55907,28.0245,0.695458,-0.815196
0,250,2.51869,28.8973,2.35022,3.9871
0,250,3.10489,28.9108,1.3022,-0.629256
0,250,3.36004,28.1463,0.665922,-1.91298
0,250,2.671,29.2905,3.12495,1.15594
0,250,3.42562,28.8331,1.59539,-1.30455
0,250,3.07749,29.3994,1.8842,-1.27384
0,250,2.83653,30.0538,-3.24083,-1.27863
0,250,2.84273,30.4959,1.03138,3.28669
0,250,3.49938,31.7255,4.82425,-1.0027
0,250,3.10182,31.1361,5.02874,-0.0785983
0,250,4.08938,30.53,1.36987,4.38802
0,250,3.85421,31.106,6.41173,0.650505
0,250,2.25733,30.8006,-3.96657,0.707558
0,250,2.7247,31.7774,3.99088,-11.8499
0,250,3.40816,31.9398,1.2721,-6.58609
0,250,4.00303,32.0443,11.368,-8.28951
0,250,5.27299,30.5789,2.5824,0.761971
0,250,5.02271,31.9697,4.25111,-2.00372
0,250,5.99546,31.6106,0.611029,1.87059
0,250,4.53242,31.9677,-0.0464731,2.75131
0,250,4.96817,31.4258,-0.608422,0.248411
0,250,5.51579,31.3574,3.66033,-4.23971
0,250,3.84677,24.8555,-1.16939,2.16917
0,250,3.1926,24.4408,0.905314,2.44771
0,250,2.48084,24.994,2.19917,1.5076
0,250,3.8571,25.3789,-0.546032,3.01615
0,250,3.66411,25.5152,-1.18276,2.22112
0,250,3.00771,26.0554,0.779329,2.33652
0,250,2.45846,26.48,2.95322,3.43462
0,250,2.82117,27.5334,-2.19026,2.62549
0,250,4.01891,27.1329,-0.304441,1.71186
0,250,3.24872,26.7874,-0.825624,1.97942
0,250,5.4102,27.402,2.31669,2.30889
0,250,2.83537,28.1489,-2.12476,1.96722
0,250,3.95234,28.5249,-0.359644,2.3006
0,250,3.80327,29.0607,1.18877,1.03193
0,250,3.73894,29.6268,1.80823,4.37474
0,250,4.68808,29.4634,4.08273,-0.0533584
0,250,3.48514,29.953,1.3358,-0.350115
0,250,2.71628,29.8412,2.03324,6.17396
0,250,3.12149,31.169,0.0971331,6.10418
0,250,5.55864,30.2446,4.37344,-0.107533
0,250,5.9099,30.8417,4.46925,5.39054
0,250,6.21618,30.9915,4.10537,4.78533
0,250,4.12659,31.3241,-5.06627,0.0489999
0,250,4.47561,30.9343,-3.60734,-0.525393
0,250,4.80047,30.9139,5.55336,1.59807
0,250,5.49822,30.9504,-0.274805,-1.4932
0,250,6.45267,32.1301,1.0405,2.95544
0,250,5.68568,32.2675,-1.17623,4.50824
0,250,7.20846,32.0482,4.91603,-5.18944
0,250,5.26661,31.7761,0.847155,-1.53556
0,250,4.83605,25.3068,0.693594,3.33091
0,250,3.15134,24.6987,1.04903,0.807982
0,250,4.3519,25.7086,0.0937984,2.00157
0,250,4.17461,26.2429,0.388228,2.63031
0,250,4.73245,26.0325,1.36535,1.75131
0,250,3.74222,26.3111,-0.0287721,2.79667
0,250,4.67813,27.204,1.1604,1.97099
0,250,2.80789,26.3754,2.03345,2.15846
0,250,5.4049,26.8907,2.1159,0.269486
0,250,5.35097,28.1144,2.11831,-0.502159
0,250,3.65035,27.1213,1.1989,2.34363
0,250,4.23086,27.81,0.297945,2.35851
0,250,5.04498,27.6077,1.78797,0.77221
0,250,4.22354,28.6512,-0.645945,1.43443
0,250,4.81066,28.8903,1.28556,2.36967
0,250,4.49928,30.1201,-0.672694,-0.209569
0,250,5.05305,29.8648,-0.239106,1.81874
0,250,3.57539,30.3685,2.4561,-0.913828
0,250,4.06935,30.0016,2.56746,-1.29959
0,250,4.7464,30.3591,0.222773,0.762213
0,250,6.37406,30.3532,3.15221,-0.690311
0,250,6.72925,30.4303,-0.16449,2.18603
0,250,2.88274,32.0386,-2.93046,-1.88633
0,250,7.17997,30.3964,0.0373072,1.91256
0,250,6.4108,31.5619,5.0241,-0.948413
0,250,7.07972,31.0666,3.28973,4.34405
0,250,6.75237,31.6416,8.14905,0.731906
0,250,7.93885,31.3621,-1.83543,-2.43354
0,250,7.70417,31.1299,1.1805,2.46119
0,250,7.52525,31.9159,3.31425,1.4715
0,250,4.28531,24.6055,0.770677,1.22588
0,250,5.37342,25.2802,1.04607,1.87044
0,250,4.52168,25.2398,1.12989,2.72788
0,250,5.28524,25.5948,1.65331,4.02457
0,250,4.15193,26.5996,0.152483,2.85286
0,250,4.6432,26.7744,1.25187,3.09375
0,250,5.12245,26.7069,-0.922649,1.6098
0,250,5.96127,27.0801,1.01199,3.13509
0,250,5.71808,27.7718,2.93155,4.03439
0,250,5.73382,28.3354,1.85889,1.82349
0,250,5.14909,28.722,0.325244,3.81576
0,250,4.67092,28.0099,-1.53314,-0.695671
0,250,5.7836,28.7909,2.5588,0.822545
0,250,4.8472,28.4091,1.41816,0.799795
0,250,5.02227,29.4547,1.37726,3.41131
0,250,4.27865,29.1508,0.961881,2.5317
0,250,5.63644,29.6628,1.39412,2.25751
0,250,6.05064,30.1364,5.40677,-0.0147201
0,250,6.44909,29.5077,0.493455,2.76842
0,250,6.73524,29.7019,1.70954,2.05844
0,250,7.26802,29.9863,-0.566341,1.42463
0,250,7.74982,29.8326,2.89213,-0.0983417
0,250,9.26278,30.3969,5.28239,-2.50821
0,250,10.0329,31.125,-1.12915,-2.8766
0,250,8.08086,30.0758,2.38952,0.336141
0,250,7.25534,30.9669,3.64056,0.228418
0,250,8.40032,30.885,-0.199838,2.91419
0,250,7.95989,30.699,1.80494,-0.999997
0,250,8.67325,31.1462,2.9452,-2.8373
0,250,8.19168,31.9296,-3.11446,-0.239236
0,250,5.56849,24.8044,0.127285,2.19911
0,250,6.2222,25.0494,1.0371,2.6616
0,250,5.55512,26.1121,0.0527481,2.73746
0,250,5.80178,26.5135,1.47747,1.72159
0,250,6.25567,25.6783,1.59169,1.14556
0,250,5.00898,26.174,1.48148,0.461846
0,250,6.21362,25.9298,1.37204,1.66208
0,250,6.19102,26.4831,1.37558,1.82372
0,250,6.5587,27.1335,2.32198,2.34878
0,250,6.60351,27.7591,0.906149,2.83937
0,250,6.13756,27.4038,2.05292,1.65125
0,250,6.30575,27.983,0.268355,-0.749305
0,250,7.21624,28.3396,1.25507,1.96242
0,250,8.10724,28.2425,2.29697,0.176925
0,250,6.29118,28.4654,0.692937,1.11399
0,250,6.81558,28.6228,-0.25629,1.93722
0,250,5.59828,29.1557,-0.500751,0.564153
0,250,6.43884,28.9316,0.615613,2.81761
0,250,6.026,29.3476,1.34643,1.31253
0,250,7.63724,29.1665,1.28125,0.861881
0,250,7.30763,29.4684,1.15721,0.263347
0,250,8.52476,29.8211,2.01127,0.494773
0,250,8.86706,30.1761,1.35865,1.14469
0,250,9.31408,31.3458,0.466227,-1.09372
0,250,9.0294,32.2044,2.20814,4.52463
0,250,8.34154,30.3596,1.64072,2.37003
0,250,9.55404,31.8815,-3.8105,5.46166
0,250,9.03269,30.9168,3.47924,1.75734
0,250,8.42908,31.619,0.822919,0.543267
0,250,9.06593,31.6425,-2.43535,-0.326439
0,250,6.81055,25.2736,2.23608,3.66236
0,250,5.8751,25.1259,0.552494,2.04098
0,250,6.96587,25.6581,2.02863,2.68671
0,250,7.39031,25.4798,2.49663,2.30573
0,250,7.01549,26.2263,1.6774,2.89895
0,250,7.53547,26.1146,1.77598,1.24711
0,250,6.65456,26.3235,0.763446,2.47057
0,250,7.70715,26.6632,1.35666,2.63412
0,250,6.84145,26.7848,-0.978901,2.21656
0,250,7.30505,26.8562,0.520758,1.57297
0,250,7.08103,27.3856,1.04926,1.15454
0,250,7.60632,27.287,0.662861,1.38964
0,250,6.96163,27.9759,1.14959,1.0758
0,250,7.50734,27.8696,1.45683,0.5707
0,250,8.4508,28.8033,3.24109,1.61132
0,250,8.40652,29.2804,1.76669,2.22656
0,250,7.49464,28.7004,0.576653,1.53417
0,250,7.88938,28.6763,2.0395,-0.856405
0,250,6.95341,29.0723,1.01372,0.225689
0,250,8.1006,29.3346,0.247437,-1.46113
0,250,9.31603,29.9988,0.915491,-0.313233
0,250,9.84314,30.6007,3.59387,2.55838
0,250,10.1667,30.3021,2.26845,1.60543
0,250,9.49184,30.8692,0.848917,-0.705143
0,250,10.4398,30.9804,6.35327,-1.89615
0,250,10.6182,31.9173,8.49326,-1.05345
0,250,12.434,30.1257,4.18208,0.202707
0,250,11.4917,31.9328,2.48273,4.24843
0,250,10.975,31.3919,2.05243,3.1586
0,250,9.91338,31.7857,-1.14457,-6.09083
0,250,7.11084,24.7247,1.05196,2.55555
0,250,7.90169,25.1595,1.78926,2.36457
0,250,7.15875,24.8871,-0.0290289,2.29723
0,250,7.86235,25.854,1.94942,2.14902
0,250,8.04962,26.4853,2.30161,3.7275
0,250,8.31122,25.7104,2.31205,2.15956
0,250,8.52372,26.1882,2.09582,1.24251
0,250,8.46282,26.5997,1.66293,1.65184
0,250,7.95111,27.245,1.63414,1.75683
0,250,8.94399,27.5641,1.90731,2.37091
0,250,8.40563,27.4933,2.62103,2.49409
0,250,8.51321,28.0518,1.83228,1.52223
0,250,7.96241,27.813,0.111465,2.2202
0,250,8.69809,28.4989,1.8825,1.27341
0,250,9.03871,28.9762,1.84775,1.71787
0,250,9.27704,28.702,2.35042,0.990172
0,250,9.15248,29.5434,3.629,-0.642394
0,250,9.82546,29.0975,1.3378,0.261581
0,250,9.53577,29.4293,3.95101,1.4261
0,250,10.9353,29.2826,2.02538,2.34279
0,250,9.83995,29.9855,2.75383,0.622602
0,250,10.4858,30.0266,1.75388,1.67656
0,250,11.2009,30.4402,4.06767,-1.51475
0,250,10.9973,29.8994,5.15313,-0.118057
0,250,10.8233,30.4021,1.88429,-1.41813
0,250,10.1112,31.4774,6.49103,-1.31949
0,250,10.8027,31.018,5.40428,0.256707
0,250,12.8609,31.1184,3.0851,1.65768
0,250,11.832,30.4247,0.0228438,-1.7579
0,250,10.8198,31.8308,4.54844,-1.96322
0,250,9.22301,24.9299,2.89955,1.71696
0,250,8.41577,25.2714,4.41611,2.24909
0,250,8.86914,25.0939,1.40551,1.70229
0,250,8.97609,25.7925,2.78609,1.98593
0,250,9.57642,25.8927,4.37743,2.06161
0,250,9.17745,26.2822,2.9244,2.44811
0,250,8.97309,26.7386,2.73492,1.63789
0,250,9.55735,26.9255,3.24594,2.2839
0,250,8.66254,27.1109,1.83872,2.55018
0,250,9.76492,27.459,0.905021,-0.114963
0,250,9.21929,27.3318,2.89396,1.15664
0,250,9.67125,27.9024,1.04016,3.11225
0,250,9.05137,28.0525,1.43299,1.29358
0,250,10.1856,27.8862,4.05419,1.58797
0,250,9.55684,28.3007,2.64799,0.797946
0,250,9.84769,28.6789,0.352604,0.0412925
0,250,10.3305,28.9457,3.22636,1.62942
0,250,10.4967,29.4471,3.67974,2.40723
0,250,10.1163,29.5687,2.73225,1.25973
0,250,11.5387,29.9549,0.684732,-1.24216
0,250,11.4741,29.5578,3.50011,0.668358
0,250,13.9466,29.9943,5.14648,0.72993
0,250,12.1169,30.5414,4.15238,1.40795
0,250,11.5015,31.3184,7.17758,2.53797
0,250,13.5711,30.7587,5.92714,2.64886
0,250,12.8016,30.7553,2.28063,0.893933
0,250,13.0786,30.5411,4.16585,-0.934172
0,250,12.489,31.592,1.57438,-0.980639
0,250,11.7938,31.9051,-2.13478,0.128424
0,250,11.9538,31.3317,3.3404,-2.82967
0,250,9.90269,25.3994,3.11972,2.29957
0,250,9.80456,24.9363,3.10936,2.90514
0,250,9.32484,25.2827,1.743,0.771687
0,250,10.2113,26.3403,2.75287,2.24279
0,250,9.57934,26.4301,1.91147,0.85739
0,250,10.589,26.4694,3.33311,1.46983
0,250,10.0613,26.9249,2.6219,1.83361
0,250,10.451,27.0859,3.31616,0.706694
0,250,11.0841,27.8385,2.41247,0.200766
0,250,11.9743,27.6569,6.40014,0.860079
0,250,10.488,27.8415,3.33725,2.78154
0,250,10.8961,28.3585,3.43856,-1.41374
0,250,11.5154,28.0123,2.14731,0.458272
0,250,11.8716,28.4156,4.01346,0.419923
0,250,10.4592,28.3911,0.464118,-1.06002
0,250,11.4959,28.5695,4.00549,2.22233
0,250,10.8996,28.8302,3.58654,-1.27805
0,250,12.7787,29.3804,3.40077,-0.464886
0,250,11.3814,29.0507,5.86028,-1.43083
0,250,12.7365,30.0166,-0.414022,-0.274683
0,250,14.3734,30.6267,5.9827,-0.0530687
0,250,13.8748,30.4549,1.9509,1.83474
0,250,15.2564,30.8531,3.50364,-0.821211
0,250,13.2313,30.0695,4.85385,-0.990368
0,250,13.4089,31.405,3.58045,2.05413
0,250,12.8179,31.8082,3.37595,0.148709
0,250,13.1951,31.8616,2.7945,0.897856
0,250,14.5601,32.1302,3.98467,-1.25254
0,250,11.5239,30.8358,3.22773,0.641372
0,250,12.1853,31.0554,1.65093,-2.4007
0,250,10.3731,25.3023,2.85587,2.5323
0,250,10.0023,25.9817,1.94683,1.55007
0,250,10.5708,25.7149,2.36376,2.32024
0,250,11.111,26.4851,3.00427,2.12146
0,250,11.6768,26.2779,4.95419,1.72425
0,250,11.4606,27.0166,5.54501,2.95633
0,250,10.7945,27.0187,2.78644,1.49335
0,250,11.4643,27.2905,4.53463,1.14361
0,250,10.941,27.5093,3.37172,1.79766
0,250,12.2447,27.1767,4.17931,0.971115
0,250,12.6913,28.1731,4.31118,1.4809
0,250,13.096,28.4091,4.41706,0.536803
0,250,12.1795,27.8946,3.55022,-1.75736
0,250,12.47,28.5324,3.13512,-0.831479
0,250,11.9331,28.8774,2.51374,-0.199936
0,250,12.4573,28.9422,2.42057,0.304728
0,250,12.2734,29.557,2.48906,-1.52241
0,250,13.2704,29.5275,1.74821,0.914607
0,250,11.9401,29.4278,1.86278,2.72077
0,250,13.6243,29.6963,3.71491,-0.126667
0,250,15.06,30.1689,3.20982,-1.63869
0,250,13.7123,31.0951,5.92587,-0.918856
0,250,14.9377,30.7029,4.93689,1.24043
0,250,15.1106,31.4606,4.60143,0.225355
0,250,14.2478,31.2675,3.18777,0.11583
0,250,16.3948,31.682,7.34658,2.81797
0,250,14.0957,31.6442,6.33172,1.55696
0,250,13.7171,31.683,2.61702,-1.99372
0,250,14.6381,31.6976,3.22789,-1.33697
0,250,12.4344,32.0755,3.31403,-3.29619
0,250,10.9983,25.6431,3.47067,1.71337
0,250,11.3064,25.3687,3.55803,1.471
0,250,11.1092,26.0616,2.80633,2.21743
0,250,11.7146,25.5586,3.51568,1.78706
0,250,12.2673,26.4827,4.05447,2.26895
0,250,11.9586,26.876,2.77906,2.48274
0,250,12.8966,27.2735,4.99747,1.72611
0,250,12.7215,27.6819,3.34177,1.68376
0,250,13.2285,27.7317,2.19634,0.220546
0,250,13.9963,28.2313,5.12021,1.60463
0,250,13.437,28.1253,3.62271,0.307529
0,250,14.3866,28.6383,7.4241,-2.15896
0,250,13.56,28.603,3.49769,-0.171426
0,250,15.0064,29.0605,8.45782,-1.43728
0,250,12.9479,28.9716,3.45498,0.371846
0,250,13.5244,29.1195,4.30695,-1.61231
0,250,14.3525,29.2216,3.73598,1.66613
0,250,14.6426,29.7818,2.57865,-0.442397
0,250,14.2534,29.5038,7.90534,-0.29868
0,250,15.831,29.9185,6.08398,0.993235
0,250,14.457,30.2546,3.05903,2.68157
0,250,16.2033,30.3218,7.54543,0.791308
0,250,15.4349,30.2861,7.89056,-0.348861
0,250,16.1102,31.2783,5.0138,2.62655
0,250,15.789,31.2428,2.28304,2.21382
0,250,17.8823,31.1615,4.50128,2.59321
0,250,15.8359,31.7541,9.13938,-0.771331
0,250,16.4549,32.1207,3.71013,1.48943
0,250,15.1764,32.0812,6.28165,-2.66792
0,250,14.735,31.2166,6.68322,1.753
0,250,12.108,25.3778,4.22655,3.09229
0,250,12.4594,25.7145,4.26558,2.70304
0,250,11.9144,25.9914,3.5616,-0.210943
0,250,12.9875,26.3334,3.25312,1.20112
0,250,12.5975,26.8377,3.31002,2.29966
0,250,13.6581,26.6914,4.68579,1.39592
0,250,13.1958,26.6719,4.74635,1.23699
0,250,13.3345,27.2045,3.32888,0.0451913
0,250,14.0461,27.6866,6.91904,1.92651
0,250,14.8111,28.6436,5.34353,-0.311945
0,250,15.3328,28.6268,3.48854,1.75396
0,250,15.613,29.1004,5.43348,0.00436667
0,250,13.8836,28.9415,5.37698,0.321082
0,250,16.4193,29.2871,7.17259,-0.16135
0,250,15.0414,29.5295,4.25902,0.973284
0,250,16.9318,29.8726,7.49255,-0.181829
0,250,16.876,29.2705,7.07824,0.252681
0,250,16.5856,29.8189,6.98751,-0.709479
0,250,15.4179,29.6201,4.60352,0.973396
0,250,16.0844,29.6315,6.80822,-1.39765
0,250,15.851,30.5311,6.1848,0.128
0,250,17.3485,30.1722,7.01471,0.509071
0,250,17.3255,30.7653,6.3859,2.72804
0,250,17.6654,31.5913,5.73753,2.05193
0,250,16.9036,31.2739,11.4928,1.55489
0,250,17.2471,31.6547,6.60991,-1.512
0,250,15.512,31.8101,4.98433,0.565276
0,250,16.9562,31.86,8.34728,1.93761
0,250,19.4462,32.1654,9.21426,0.733149
0,250,18.6667,31.7285,5.6114,-8.679
0,250,13.1945,25.5242,4.106,2.47784
0,250,12.5627,25.9881,3.83624,1.7555
0,250,13.2747,26.061,4.44754,2.31193
0,250,14.0144,26.7883,5.1683,4.28794
0,250,14.2521,27.2269,4.44503,1.70368
0,250,13.7336,27.4453,3.97485,0.727753
0,250,14.8024,27.8547,5.44948,2.23356
0,250,15.0419,28.1159,5.13624,0.734797
0,250,14.3535,28.1413,5.72983,-0.163411
0,250,15.4831,28.1319,5.77239,0.012925
0,250,15.8632,28.8633,5.55013,1.87232
0,250,16.4544,28.8779,4.55994,0.19199
0,250,17.5358,28.4892,5.8612,1.28327
0,250,17.4361,29.6572,6.06375,2.10448
0,250,17.2544,29.0912,7.63636,2.5649
0,250,18.1716,29.1851,4.09086,-0.900729
0,250,16.9988,30.5694,9.28284,1.83289
0,250,17.8226,30.0779,6.8248,-0.942916
0,250,16.6426,31.1436,4.62479,0.615737
0,250,16.5606,30.4455,6.51914,1.76211
0,250,18.7584,30.8935,8.27331,0.58667
0,250,18.6072,30.477,6.41218,-1.90759
0,250,17.698,30.6887,4.30662,-0.195863
0,250,19.1646,30.9854,8.29274,0.862357
0,250,18.1975,31.0016,8.12495,-1.65661
0,250,18.1242,31.8016,4.48525,-2.60605
0,250,17.8718,32.0748,0.988323,-2.50746
0,250,19.1305,31.5818,10.6368,-0.568935
0,250,20.2482,31.7578,8.93192,1.4686
0,250,21.0644,32.109,4.53694,3.37199
0,250,13.6801,25.8135,4.82699,1.77766
0,250,14.2861,25.6647,4.79744,1.46341
0,250,14.0129,26.2037,4.31408,1.12607
0,250,14.761,26.4844,3.935,1.60822
0,250,14.5065,26.7247,4.68232,1.46347
0,250,14.7007,27.4015,4.52574,2.58708
0,250,15.2294,27.2125,5.12271,0.97348
0,250,15.6322,27.4868,3.51764,0.275363
0,250,16.3045,28.0027,6.83274,2.43662
0,250,15.8612,28.3544,6.26504,-2.44927
0,250,16.4919,28.403,5.65762,-1.25089
0,250,17.9869,28.3141,5.45131,2.28606
0,250,17.7332,29.1849,7.53866,-0.644687
0,250,18.1447,28.7223,4.3925,4.02314
0,250,18.7029,28.9248,3.81859,0.900877
0,250,19.5475,30.1617,5.4937,3.07429
0,250,18.0875,29.672,3.63039,0.575622
0,250,18.484,29.9193,4.6786,0.505215
0,250,18.1857,30.4402,7.38096,-0.403216
0,250,20.2699,30.2067,4.20909,1.16577
0,250,19.108,30.3177,6.61328,2.30058
0,250,19.9683,31.4114,7.95667,1.53465
0,250,19.5755,30.7109,6.31123,1.72837
0,250,19.5337,31.3548,7.89757,0.366053
0,250,18.5396,31.4133,2.87719,-1.90154
0,250,20.6416,31.8384,8.32592,3.88118
0,250,19.5978,31.8306,4.59083,1.77055
0,250,21.4411,31.3686,2.87541,-1.56094
0,250,21.8562,31.6568,2.56134,3.51026
0,250,21.5886,31.8678,6.88423,-2.08922
0,250,14.6533,26.0583,5.11081,1.63115
0,250,14.9939,25.863,5.13551,1.75253
0,250,15.5848,26.44,5.78048,0.912224
0,250,15.1282,26.8871,4.93168,1.32839
0,250,15.7877,27.0349,5.21953,2.77883
0,250,16.3625,27.2262,4.86147,0.655168
0,250,15.9545,27.7464,5.74432,2.90047
0,250,16.6609,27.6752,5.11946,0.878156
0,250,16.9721,28.6562,6.51666,1.25574
0,250,17.9271,27.8061,3.39068,0.37906
0,250,18.631,28.4677,2.41244,1.83561
0,250,19.2034,29.1259,3.26293,3.70321
0,250,18.6407,29.4028,4.64963,1.412
0,250,20.6908,29.9146,10.2932,1.45011
0,250,18.9432,29.7353,5.60115,3.41285
0,250,19.3379,29.59,5.21794,2.21373
0,250,21.023,30.3321,6.56022,4.99227
0,250,21.2604,29.8065,3.57529,-0.283454
0,250,20.1545,31.0051,8.62271,2.16192
0,250,21.0679,31.0865,6.20791,3.33746
0,250,19.9124,30.5437,6.98242,3.86999
0,250,20.9691,31.5236,5.30239,1.27204
0,250,20.5838,30.9424,3.28648,5.15829
0,250,22.6681,31.5683,7.47688,2.95563
0,250,21.8334,30.566,7.57879,-0.391141
0,250,22.8266,31.9649,1.5808,0.365986
0,250,22.255,31.4423,1.1535,1.1651
0,250,23.7429,31.8065,2.29486,1.03628
0,250,23.1529,31.5459,9.33855,3.74633
0,250,22.3027,32.1843,2.30429,-2.09562
0,250,15.8404,26.1839,5.84662,2.0158
0,250,16.1282,26.2671,5.51091,1.92907
0,250,16.1911,26.868,4.46985,2.1397
0,250,16.7449,26.9097,5.7303,1.15615
0,250,17.4922,27.4123,3.701,1.60761
0,250,17.0169,27.4461,5.13453,2.77764
0,250,17.4132,28.0949,5.72767,1.27831
0,250,17.0063,28.2254,5.53008,-0.435067
0,250,18.4333,27.625,5.46673,-0.675712
0,250,18.4385,28.0686,4.89421,1.18696
0,250,19.3401,28.7683,4.03303,4.78337
0,250,19.8595,29.3333,6.32099,3.69545
0,250,19.8224,29.8159,8.00991,3.00827
0,250,20.3114,29.6648,4.9487,2.61172
0,250,21.0413,29.4379,6.4517,2.10674
0,250,22.7219,30.3893,2.09263,-1.51833
0,250,22.5938,29.8277,9.35655,1.10034
0,250,22.907,29.6812,7.17926,-0.851471
0,250,20.6631,30.4753,6.70549,2.97601
0,250,21.5689,30.2237,4.28488,4.85308
0,250,21.372,30.8136,6.15818,1.74792
0,250,22.0899,29.9109,8.12225,3.70708
0,250,22.3877,31.0059,1.88231,2.6238
0,250,22.794,30.8669,0.712844,-0.765657
0,250,21.8926,30.9994,5.68973,2.16484
0,250,26.2841,30.4118,8.92419,-3.97251
0,250,23.1466,31.0099,6.31614,-3.52269
0,250,23.5245,31.2882,6.12639,0.433244
0,250,24.2027,31.5725,3.80367,-0.930386
0,250,24.0339,32.1771,7.0486,0.341448
0,250,16.8249,26.4081,4.84483,2.16601
0,250,17.2988,26.1481,5.7256,2.7695
0,250,17.2687,27.0264,5.82108,2.22007
0,250,17.8502,26.8141,4.17081,0.478412
0,250,17.9246,27.3409,4.96394,0.430644
0,250,18.7362,27.4953,4.39845,1.32367
0,250,19.1284,27.9072,2.12983,0.0941581
0,250,19.7909,28.0463,6.87785,3.9549
0,250,19.1768,28.2294,1.957,-1.14188
0,250,19.8804,28.9077,8.44452,2.77999
0,250,20.4177,29.2125,4.55053,3.81573
0,250,20.8655,29.0468,4.74403,1.05962
0,250,22.2777,28.6497,7.6745,1.37105
0,250,21.5945,29.2245,6.88489,0.592285
0,250,21.8206,29.7592,5.41815,1.32509
0,250,22.4761,29.2874,7.50736,-0.23084
0,250,23.3792,29.4364,6.87733,-0.225967
0,250,23.9081,29.5096,2.79091,-2.49414
0,250,23.5522,29.8424,5.32033,-1.10037
0,250,23.7245,30.2252,6.09962,-0.364137
0,250,23.3479,30.5856,6.96924,0.672783
0,250,23.88,30.7579,6.02788,2.79925
0,250,22.2537,30.4616,2.81281,-0.00192959
0,250,23.3091,32.125,6.37151,-2.19841
0,250,25.2284,30.7435,8.19055,-1.83984
0,250,26.1009,31.7929,7.35167,-3.64643
0,250,23.9777,31.2604,4.02909,-2.58208
0,250,25.2324,30.2794,5.33283,-0.432583
0,250,25.2798,31.1926,3.12935,1.0086
0,250,24.7019,31.7295,3.56009,-1.69235
0,250,17.5462,26.4532,6.18197,1.24694
0,250,18.4251,26.428,5.31861,-1.20131
0,250,18.8326,26.9512,4.46787,1.04051
0,250,18.2662,26.9051,4.01749,0.964345
0,250,19.2152,27.076,4.86584,-3.48897
0,250,19.489,27.5152,4.24459,-0.0141523
0,250,20.5241,28.2868,2.73005,3.8579
0,250,19.7442,28.3672,6.94795,2.15593
0,250,20.3017,28.6973,3.72207,4.07203
0,250,21.4506,28.7243,8.77278,0.906011
0,250,22.6367,28.3978,9.07898,-1.51869
0,250,22.1015,29.1983,8.67403,-1.29505
0,250,23.2005,29.029,5.72869,-4.02507
0,250,23.1648,30.1749,8.06708,-0.672205
0,250,24.1254,29.1632,4.14479,0.91149
0,250,24.5905,29.8113,5.315,4.67522
0,250,25.1001,29.6331,3.31387,-0.733608
0,250,26.5971,28.7739,5.66905,-0.769624
0,250,24.5347,30.4545,0.303222,-0.282427
0,250,26.2154,29.3475,3.39377,-5.81907
0,250,24.3445,29.5589,1.00778,-2.98843
0,250,24.8598,30.1468,5.02429,-3.65597
0,250,24.0726,30.4629,6.43689,-0.764287
0,250,26.6921,29.9351,9.53839,-2.39943
0,250,25.754,30.0381,7.71828,1.28939
0,250,25.5329,31.5062,7.80272,1.28873
0,250,24.7982,31.423,4.28912,3.69784
0,250,25.9489,31.2717,4.6471,5.12421
0,250,26.8088,31.7283,5.776,-0.956689
0,250,24.5753,30.9665,5.53349,2.28717
0,250,18.7172,26.4362,6.61102,-2.13778
0,250,19.2483,26.5468,5.98338,-1.14349
0,250,19.719,26.9978,2.61362,1.55969
0,250,20.1582,26.9983,7.95679,1.68412
0,250,19.9249,27.6236,2.57442,0.451444
0,250,21.1916,28.1699,9.52522,2.63708
0,250,20.9272,28.6311,8.84474,3.16588
0,250,21.9027,28.7137,7.36299,6.50953
0,250,22.96,28.0285,10.7211,2.51327
0,250,22.8307,28.981,3.51093,-1.30643
0,250,23.6383,28.2276,7.83424,-5.53346
0,250,23.5822,28.7848,5.44644,2.36133
0,250,24.4452,28.8295,6.66756,0.472951
0,250,24.9957,29.0873,4.84547,-2.07944
0,250,25.4629,29.6676,5.6106,1.14992
0,250,25.7466,29.3194,5.26991,-5.44659
0,250,26.5613,29.4043,7.61821,-6.34661
0,250,27.4924,30.1272,7.72642,-0.721995
0,250,26.0705,30.0281,4.98657,-2.59222
0,250,28.0171,29.4828,3.18759,-1.03827
0,250,26.9663,29.8971,6.91949,1.7978
0,250,27.8309,31.3564,8.77219,0.275298
0,250,27.5464,30.743,3.25561,4.04816
0,250,26.2029,30.8026,5.17972,0.647483
0,250,25.8498,30.6023,4.10191,0.718088
0,250,26.9232,30.8366,8.1753,1.39862
0,250,26.1443,32.0342,10.8002,-7.34769
0,250,28.0281,30.554,2.55877,1.8685
0,250,26.3675,31.4132,3.65507,-0.816121
0,250,25.245,32.0611,5.60121,4.49823
0,250,19.6379,26.378,2.06394,-4.49429
0,250,19.8677,26.0599,-1.14928,-5.71272
0,250,20.3516,26.6495,3.07345,-2.73605
0,250,20.4664,27.7646,-1.96181,1.21055
0,250,21.7671,28.0245,10.71,4.83984
0,250,21.9834,28.0135,6.97825,3.12417
0,250,23.0785,27.7266,9.12043,-3.29453
0,250,23.0753,28.4576,5.16806,0.259046
0,250,24.303,28.2412,5.09978,-3.51847
0,250,23.9506,28.6352,5.47144,-2.7122
0,250,24.7702,28.2,6.39464,-5.72198
0,250,24.8417,28.9042,2.80443,-2.14645
0,250,25.8611,28.8107,5.82042,-5.86915
0,250,26.1517,28.5214,2.36225,-6.20803
0,250,26.907,29.0532,3.85425,-2.3336
0,250,27.1886,29.3307,2.86067,-5.03452
0,250,27.6031,29.5539,4.69186,-3.58097
0,250,28.3303,27.7066,2.9747,-6.39592
0,250,28.5868,28.4288,3.83872,-5.35707
0,250,29.1111,32.054,-5.6552,0.21907
0,250,28.2577,28.82,4.46493,-7.44409
0,250,28.9929,30.9182,5.2842,-0.744197
0,250,27.6429,31.692,6.94325,-4.51238
0,250,28.5707,31.4961,7.50592,4.9747
0,250,27.1742,30.6808,7.50319,3.38811
0,250,27.0622,31.336,-0.198479,4.23655
0,250,28.4452,30.1767,6.0711,0.243072
0,250,30.0573,29.7,3.04405,-2.65408
0,250,28.9529,30.3425,2.68202,-2.68371
0,250,27.4853,32.0545,-2.43741,-3.99567
0,250,20.9809,26.0153,12.5409,-6.85661
0,250,22.4546,27.1147,12.529,1.15502
0,250,22.2642,27.6793,11.0154,-0.58836
0,250,22.5787,27.1219,6.36292,-1.92822
0,250,23.4581,27.1973,11.0686,-1.82416
0,250,23.7437,27.8578,9.99971,-0.581536
0,250,24.4195,27.8761,5.00897,-8.82646
0,250,24.8685,26.9817,6.2498,-1.47119
0,250,25.2116,27.5546,10.1627,-5.13601
0,250,25.1141,27.5602,6.61173,-6.17532
0,250,25.4453,28.8258,5.60027,-3.40551
0,250,25.4993,28.3158,8.44425,-7.25788
0,250,26.6298,28.1748,8.0732,-5.94357
0,250,27.4486,28.8303,3.29301,-1.2894
0,250,27.7889,28.6776,5.59514,-3.82743
0,250,27.9382,26.7908,0.581164,-3.71646
0,250,28.4126,30.5822,-1.74132,1.40665
0,250,28.7631,27.0105,4.59085,-8.67808
0,250,29.8075,28.1098,5.28199,-0.342325
0,250,29.9354,27.1107,-0.24863,-6.55211
0,250,27.7798,30.1152,3.35928,-0.624244
0,250,29.0357,28.4946,3.62461,-3.63477
0,250,28.0131,31.1226,4.30799,-2.62519
0,250,28.8156,27.4683,0.552423,-3.34695
0,250,28.044,32.1682,5.36747,5.26338
0,250,31.3798,30.9442,7.66677,-0.0490153
0,250,29.4468,28.2987,0.49004,-1.964
0,250,28.7022,31.2367,2.9189,-6.17925
0,250,29.7274,30.0719,0.544413,-8.62331
0,250,28.8273,29.4493,0.864037,-5.62257
0,250,23.2079,25.875,19.0137,-6.7829
0,250,23.4055,26.7987,7.46749,0.269835
0,250,23.7861,27.4157,9.2939,-2.95687
0,250,24.2709,27.5148,10.9758,-2.18208
0,250,24.2418,26.8925,7.28411,0.136851
0,250,25.7547,27.3757,5.03423,-2.69543
0,250,26.0537,27.7375,5.06609,-2.11426
0,250,25.2449,28.2399,8.04766,-6.79317
0,250,26.638,27.6718,3.61761,-5.2958
0,250,27.157,28.4565,5.24459,-2.67633
0,250,27.2066,28.11,3.54142,-0.953549
0,250,27.4882,27.0875,3.78988,-4.61887
0,250,28.067,28.2251,5.84477,-3.53212
0,250,28.6302,26.1151,2.74794,-4.3017
0,250,28.4245,26.7329,2.51778,-7.11685
0,250,29.3224,27.1299,4.17303,-7.08973
0,250,29.0991,29.2379,7.98161,-3.8136
0,250,28.691,28.0772,3.66911,-5.79756
0,250,30.3474,28.0127,6.83352,-1.41687
0,250,29.4844,27.4902,0.25281,-4.37244
0,250,30.3023,28.58,-4.48676,-5.09705
0,250,29.8831,28.6069,1.13248,-1.51511
0,250,29.1725,27.7205,2.41664,-5.00055
0,250,30.7598,28.6868,-2.74291,-5.26161
0,250,30.0707,31.9331,8.37039,-10.376
0,250,29.5181,31.7995,3.63513,-2.56286
0,250,32.3053,31.8517,15.2925,0.25509
0,250,31.7095,28.6838,-0.0255652,-5.88675
0,250,29.3701,31.3426,4.11908,3.8298
0,250,28.2491,29.4112,2.55061,0.767564
0,250,23.0722,26.7783,12.0106,-5.55252
0,250,23.9831,26.6761,7.97375,-0.033806
0,250,25.7551,26.6886,6.61349,-5.00939
0,250,26.3762,26.0221,5.75626,-4.10798
0,250,26.105,28.0818,3.16141,-0.658853
0,250,26.6338,26.5893,3.37722,-2.60357
0,250,26.7072,27.3977,1.65628,-5.41477
0,250,27.2921,27.4823,5.25026,-2.45908
0,250,27.7308,26.4181,3.61536,-4.11607
0,250,27.6811,28.0101,3.51501,-2.79712
0,250,28.1931,27.2917,3.97259,-5.22138
0,250,29.0164,26.3224,3.91612,-6.50331
0,250,29.2749,26.6724,3.40309,-3.57363
0,250,28.869,25.6215,5.71482,-8.94247
0,250,29.4333,26.2245,-3.49955,-9.11261
0,250,30.008,26.7178,2.31214,-4.63159
0,250,29.8809,26.2205,0.444716,-6.0534
0,250,30.0318,30.8107,3.88365,5.35924
0,250,30.3701,26.2576,-2.62696,-1.66365
0,250,31.8544,25.2944,-5.61909,-18.4964
0,250,29.5464,29.5078,-2.41961,3.35623
0,250,31.88,26.8977,-22.0059,-3.16378
0,250,29.9624,30.8696,3.48028,8.2995
0,250,30.8677,28.2789,-4.62964,-9.27153
0,250,29.0345,29.7696,8.35095,-1.52588
0,250,29.8938,29.1638,-7.57758,-4.21985
0,250,29.2308,30.2455,-0.997113,-2.31112
0,250,30.5876,31.498,16.6904,2.57963
0,250,32.0568,27.5278,4.72866,-6.59281
0,250,31.5111,31.9783,-5.83994,0.946274
0,250,24.8232,26.2585,7.64485,-0.84407
0,250,27.0278,26.0075,6.31212,-4.43624
0,250,26.0017,27.1643,9.79574,0.201391
0,250,27.1212,25.6809,5.96095,-9.07594
0,250,26.9237,27.021,1.72142,-2.01989
0,250,28.0548,25.401,3.01424,-7.79493
0,250,28.2362,26.1823,3.29685,-7.2149
0,250,28.6092,25.6327,5.7823,-8.63694
0,250,27.7402,27.5257,3.50688,-2.16539
0,250,29.6076,23.8066,2.07426,-8.41499
0,250,29.461,24.6789,2.37096,-6.23096
0,250,29.9076,25.7136,3.99325,-10.5637
0,250,30.0823,24.0657,1.03174,-6.31377
0,250,30.1227,24.7441,3.81334,-7.56489
0,250,30.8607,26.4464,-2.97205,-7.06852
0,250,30.1268,27.675,0.110294,1.53986
0,250,30.8767,24.7226,1.19537,-8.23393
0,250,30.4855,22.7519,-0.064529,-6.82449
0,250,31.7906,24.3284,3.65691,-6.10388
0,250,31.7981,26.6706,-2.43914,-7.48185
0,250,31.5797,28.0421,5.71363,-5.64973
0,250,29.282,28.8189,3.9532,-3.57817
0,250,31.9246,25.9412,-0.766502,-3.5536
0,250,32.0597,22.43,-4.78577,-3.72423
0,250,30.5403,23.5788,3.54069,-9.31823
0,250,30.9262,18.8775,1.23523,-12.7841
0,250,31.0168,27.6376,-3.74374,3.81162
0,250,30.8444,24.0065,5.41332,-5.32778
0,250,31.1078,18.1095,-5.84579,-15.8748
0,250,30.8566,30.2628,-4.37435,-1.6356
0,250,25.6478,26.6759,5.71859,-1.34465
0,250,26.36,26.645,3.87662,-1.14754
0,250,27.2037,26.5367,4.42216,-5.06824
0,250,27.7489,25.1241,1.20391,-7.32933
0,250,28.8268,24.9994,6.08896,-7.94094
0,250,28.8422,24.2316,3.1475,-7.97904
0,250,29.0938,25.0794,1.88312,-7.17139
0,250,29.5599,25.4623,-0.12549,-6.94884
0,250,30.08,25.073,0.353833,-7.65527
0,250,29.3092,22.4114,-0.220151,-7.43631
0,250,31.24,24.8671,3.22994,-4.3298
0,250,30.5772,23.0783,3.14518,-3.33005
0,250,30.5395,24.5535,4.91472,-9.14866
0,250,30.4151,26.983,0.485593,-8.44905
0,250,31.1138,25.5211,2.69449,-13.4188
0,250,31.2884,26.1629,2.32004,7.04766
0,250,31.5785,20.664,2.01172,-10.2304
0,250,31.1472,22.7056,0.0136274,-8.92993
0,250,30.1731,21.4426,-2.0528,-9.39698
0,250,31.5284,17.8362,-0.301709,-13.0156
0,250,32.1273,29.7842,4.75883,8.8849
0,250,32.0355,26.2808,2.67778,-5.17907
0,250,31.5138,28.6626,-0.580909,-7.37538
0,250,31.884,22.7292,2.14099,-4.61725
0,250,30.2697,29.1523,-2.43883,-0.252495
0,250,30.4207,20.3714,-0.664731,-7.80285
0,250,31.1946,22.2972,-2.41797,-4.87058
0,250,31.5988,25.743,-0.650376,-8.21021
0,250,31.7572,31.2128,-6.34612,-10.1455
0,250,30.8422,29.1404,2.11711,-0.800335
0,250,27.5459,26.0212,5.37367,-5.63021
0,250,28.0723,24.7802,2.7827,-6.43991
0,250,29.3705,23.6193,3.09276,-10.1175
0,250,28.4857,23.5661,4.25136,-8.30469
0,250,29.5807,24.5111,2.16685,-6.91794
0,250,30.4483,25.6123,1.3261,-7.01837
0,250,30.1395,23.1251,1.29558,-8.29705
0,250,30.443,25.267,5.95869,-8.3533
0,250,29.5397,21.9899,-3.04798,-9.04648
0,250,30.5696,20.5606,-0.345048,-12.2479
0,250,28.9649,21.9131,-1.87083,-7.71945
0,250,29.3226,21.2379,-2.61835,-8.74141
0,250,30.4697,18.9923,-1.79226,-10.981
0,250,31.0566,23.5932,0.755814,-4.24805
0,250,31.5236,19.3335,2.43678,-10.4468
0,250,29.044,17.3356,-3.66142,-10.3359
0,250,30.631,22.2866,-0.0252049,-8.0031
0,250,30.402,16.2659,-3.70697,-15.3541
0,250,31.5753,23.7065,-2.31103,-3.53855
0,250,26.2284,16.365,-5.00955,-8.81551
0,250,31.1728,24.3649,-0.780634,-6.70175
0,250,29.2409,16.6742,-4.55847,-10.7978
0,250,31.9087,18.5132,-1.04325,-8.13575
0,250,31.2056,16.8446,1.76638,-8.24487
0,250,30.0371,30.3328,2.77576,0.257843
0,250,28.3862,18.1959,-5.99975,-3.03219
0,250,30.9365,31.7708,-14.2049,4.17992
0,250,30.6683,29.8452,-3.1385,10.3799
0,250,30.6155,19.4468,-3.17267,-10.2365
0,250,31.3454,28.0285,5.2208,-6.30259
0,250,27.881,25.7165,8.61003,-8.07213
0,250,28.3104,24.5375,3.0084,-7.16207
0,250,28.8303,23.3247,0.57128,-5.43234
0,250,29.1052,23.0591,0.631706,-6.5966
0,250,29.6919,23.2853,1.44019,-7.72073
0,250,28.3068,21.4343,-1.11474,-6.9661
0,250,30.4324,21.1267,1.46733,-9.56445
0,250,29.9707,19.1729,-5.65108,-8.11696
0,250,30.4771,21.8665,-2.60946,-5.68437
0,250,28.2788,20.2695,-4.22035,-7.32447
0,250,29.7623,20.2484,-1.2077,-9.07534
0,250,27.7528,20.6453,-2.87961,-3.93591
0,250,29.2688,19.8622,-2.30711,-7.19838
0,250,28.2963,18.6599,-2.86939,-7.14609
0,250,28.1339,18.8892,-5.01579,-7.35117
0,250,31.7148,13.3197,1.52234,-9.48412
0,250,30.1049,19.9866,-3.21647,-10.4025
0,250,25.7738,12.5992,-6.44254,-14.1587
0,250,29.0486,18.1222,-7.243,-10.3797
0,250,31.8386,23.5343,3.153,-2.67217
0,250,29.1041,19.5043,-3.49874,-7.01462
0,250,30.9276,29.0243,6.21253,-6.21806
0,250,31.3853,17.4539,-0.350833,-4.77359
0,250,22.1185,6.77272,-11.8427,-14.7482
0,250,31.9025,24.2555,2.77483,-14.8515
0,250,28.8625,14.371,-4.1649,-14.5448
0,250,30.7283,27.0933,-13.8973,-8.68931
0,250,31.7742,30.0468,-9.28517,-12.82
0,250,31.4394,30.1852,2.43949,-2.53666
0,250,30.9253,30.8008,-0.863949,1.652
0,250,28.9904,24.206,2.77034,-7.97111
0,250,27.7586,22.0824,-3.12761,-7.26042
0,250,28.9506,21.6669,-0.175189,-8.45007
0,250,29.3826,20.8441,-1.51435,-6.50896
0,250,28.4272,21.3089,-3.11475,-7.98158
0,250,28.6763,17.3586,-3.86646,-6.21205
0,250,25.0268,16.832,-7.30117,-7.3746
0,250,26.955,17.7914,-4.88127,-6.85156
0,250,31.0737,14.5614,0.535009,-10.4519
0,250,30.2986,16.5121,0.746145,-7.16842
0,250,27.3198,18.5339,-4.02972,-6.8438
0,250,30.696,17.4057,0.0938109,-14.9447
0,250,25.7854,12.4315,-4.93143,-11.3977
0,250,30.8117,15.4949,-0.0658478,-5.34292
0,250,30.9253,15.8496,-1.95319,-6.47597
0,250,21.3725,16.2894,-10.5476,-6.87695
0,250,31.6775,11.1081,0.409054,-11.7584
0,250,20.0239,6.32768,-10.0348,-11.657
0,250,31.4642,14.5647,-0.722911,-8.09634
0,250,30.9032,17.1493,-0.291671,-12.8976
0,250,31.8445,30.3621,-1.00256,3.48204
0,250,25.2142,15.3349,-5.17983,-4.91445
0,250,31.534,27.2993,-14.2181,-10.1288
0,250,28.5409,12.4447,-2.34282,27.1981
0,250,11.8267,9.66097,-16.0894,-8.00441
0,250,30.6994,26.0492,9.02767,-13.222
0,250,30.4615,30.2927,11.3827,2.05939
0,250,25.4458,10.3532,-5.20138,-8.27447
0,250,26.8562,15.9963,-17.3045,-3.21518
0,250,32.2536,30.7733,-6.87367,-6.87626
0,250,28.8826,22.4833,0.832387,-7.56043
0,250,29.697,22.7272,0.801694,-6.91597
0,250,27.9294,20.5696,-3.10515,-8.95988
0,250,27.4177,18.8521,-2.82373,-6.51086
0,250,27.2665,17.5664,-3.5142,-8.28514
0,250,29.5175,18.9439,-1.38826,-8.51369
0,250,29.1273,15.5235,4.73779,-8.04954
0,250,28.6855,13.6716,-1.73314,-8.76008
0,250,31.0179,12.196,0.0854182,-11.5938
0,250,30.4652,9.45142,-0.530462,-13.3345
0,250,31.505,9.46092,-1.83905,-11.3232
0,250,25.608,9.02377,-7.94812,-12.2452
0,250,30.8963,4.18335,-1.37786,23.1533
0,250,27.1887,13.1056,-2.80656,-6.17053
0,250,30.4397,2.22234,-4.69046,0.912218
0,250,27.923,9.48522,-2.37099,-9.21762
0,250,27.6703,12.4215,-7.56682,-10.5456
0,250,31.0611,5.35841,0.210321,-12.0324
0,250,22.4377,6.43987,-7.54406,20.037
0,250,25.7081,4.02536,-4.95971,-12.6885
0,250,31.3086,8.17857,-0.184246,-11.9799
0,250,24.9523,4.63023,-5.45982,-12.2876
0,250,29.9707,17.6171,-0.811047,-6.28386
0,250,25.3106,2.48338,-8.24775,-19.4931
0,250,29.7796,15.8217,-3.50311,-9.16282
0,250,24.96,5.5967,-4.93852,-10.8931
0,250,31.2719,25.2759,-4.84797,-3.00813
0,250,31.0001,2.42106,0.289299,-15.0993
0,250,26.0582,4.96224,-6.55072,-12.888
0,250,26.74,13.6369,-5.3188,-6.15991
0,250,29.1321,20.3246,-1.66977,-9.07523
0,250,28.6515,20.0759,-1.56448,-7.09118
0,250,30.1268,19.5909,-0.148278,-10.6479
0,250,25.7656,18.2695,-4.56123,-5.07734
0,250,27.7159,12.0803,-2.32225,-10.3575
0,250,29.8693,10.8291,-0.327186,-11.2208
0,250,28.802,15.858,7.58875,-3.9932
0,250,27.503,11.8886,-2.40944,-7.43789
0,250,27.8991,14.2359,-2.22248,-6.21953
0,250,28.1714,2.32045,-2.36702,1.49137
0,250,30.1639,4.20024,-2.78155,-12.9404
0,250,27.8902,3.01593,-9.76054,9.62098
0,250,31.6744,7.28788,-0.749126,-6.91909
0,250,24.4104,6.29085,-4.87465,-9.52938
0,250,19.9126,11.0345,-17.1989,28.5119
0,250,31.0939,4.07046,-2.29697,12.7153
0,250,24.8997,3.71512,-5.54872,13.1793
0,250,25.1041,3.79568,-2.99081,7.10809
0,250,30.6042,11.7096,-0.613829,24.5512
0,250,26.7384,8.18709,0.730972,21.3003
0,250,32.1699,13.8108,1.00759,-10.4882
0,250,28.0487,6.28784,-10.0141,26.4346
0,250,27.3628,7.50727,-3.18664,19.6721
0,250,27.6042,17.4224,-8.76657,20.9495
0,250,20.4485,10.0739,-8.30841,23.3273
0,250,6.7066,23.5337,21.8298,34.1149
0,250,24.6687,15.0635,-5.37758,28.3898
0,250,30.4556,27.5679,-1.85659,-0.758756
0,250,20.7634,27.9051,5.09887,2.73953
0,250,21.7112,3.33374,-6.36142,13.5017
1,250,1.5,1.5,0,0
1,250,1.5,2,0,0
1,250,32.5,1.5,0,0
1,250,33,1.5,0,0
1,250,2.5,32.5,0,0
1,250,2.5,33,0,0
1,250,1.5,2.5,0,0
1,250,2,2.5,0,0
1,250,2,1.5,0,0
1,250,2,2,0,0
1,250,32.5,2,0,0
1,250,33,2,0,0
1,250,3,32.5,0,0
1,250,3,33,0,0
1,250,1.5,3,0,0
1,250,2,3,0,0
1,250,2.5,1.5,0,0
1,250,2.5,2,0,0
1,250,32.5,2.5,0,0
1,250,33,2.5,0,0
1,250,3.5,32.5,0,0
1,250,3.5,33,0,0
1,250,1.5,3.5,0,0
1,250,2,3.5,0,0
1,250,3,1.5,0,0
1,250,3,2,0,0
1,250,32.5,3,0,0
1,250,33,3,0,0
1,250,4,32.5,0,0
1,250,4,33,0,0
1,250,1.5,4,0,0
1,250,2,4,0,0
1,250,3.5,1.5,0,0
1,250,3.5,2,0,0
1,250,32.5,3.5,0,0
1,250,33,3.5,0,0
1,250,4.5,32.5,0,0
1,250,4.5,33,0,0
1,250,1.5,4.5,0,0
1,250,2,4.5,0,0
1,250,4,1.5,0,0
1,250,4,2,0,0
1,250,32.5,4,0,0
1,250,33,4,0,0
1,250,5,32.5,0,0
1,250,5,33,0,0
1,250,1.5,5,0,0
1,250,2,5,0,0
1,250,4.5,1.5,0,0
1,250,4.5,2,0,0
1,250,32.5,4.5,0,0
1,250,33,4.5,0,0
1,250,5.5,32.5,0,0
1,250,5.5,33,0,0
1,250,1.5,5.5,0,0
1,250,2,5.5,0,0
1,250,5,1.5,0,0
1,250,5,2,0,0
1,250,32.5,5,0,0
1,250,33,5,0,0
1,250,6,32.5,0,0
1,250,6,33,0,0
1,250,1.5,6,0,0
1,250,2,6,0,0
1,250,5.5,1.5,0,0
1,250,5.5,2,0,0
1,250,32.5,5.5,0,0
1,250,33,5.5,0,0
1,250,6.5,32.5,0,0
1,250,6.5,33,0,0
1,250,1.5,6.5,0,0
1,250,2,6.5,0,0
1,250,6,1.5,0,0
1,250,6,2,0,0
1,250,32.5,6,0,0
1,250,33,6,0,0
1,250,7,32.5,0,0
1,250,7,33,0,0
1,250,1.5,7,0,0
1,250,2,7,0,0
1,250,6.5,1.5,0,0
1,250,6.5,2,0,0
1,250,32.5,6.5,0,0
1,250,33,6.5,0,0
1,250,7.5,32.5,0,0
1,250,7.5,33,0,0
1,250,1.5,7.5,0,0
1,250,2,7.5,0,0
1,250,7,1.5,0,0
1,250,7,2,0,0
1,250,32.5,7,0,0
1,250,33,7,0,0
1,250,8,32.5,0,0
1,250,8,33,0,0
1,250,1.5,8,0,0
1,250,2,8,0,0
1,250,7.5,1.5,0,0
1,250,7.5,2,0,0
1,250,32.5,7.5,0,0
1,250,33,7.5,0,0
1,250,8.5,32.5,0,0
1,250,8.5,33,0,0
1,250,1.5,8.5,0,0
1,250,2,8.5,0,0
1,250,8,1.5,0,0
1,250,8,2,0,0
1,250,32.5,8,0,0
1,250,33,8,0,0
1,250,9,32.5,0,0
1,250,9,33,0,0
1,250,1.5,9,0,0
1,250,2,9,0,0
1,250,8.5,1.5,0,0
1,250,8.5,2,0,0
1,250,32.5,8.5,0,0
1,250,33,8.5,0,0
1,250,9.5,32.5,0,0
1,250,9.5,33,0,0
1,250,1.5,9.5,0,0
1,250,2,9.5,0,0
1,250,9,1.5,0,0
1,250,9,2,0,0
1,250,32.5,9,0,0
1,250,33,9,0,0
1,250,10,32.5,0,0
1,250,10,33,0,0
1,250,1.5,10,0,0
1,250,2,10,0,0
1,250,9.5,1.5,0,0
1,250,9.5,2,0,0
1,250,32.5,9.5,0,0
1,250,33,9.5,0,0
1,250,10.5,32.5,0,0
1,250,10.5,33,0,0
1,250,1.5,10.5,0,0
1,250,2,10.5,0,0
1,250,10,1.5,0,0
1,250,10,2,0,0
1,250,32.5,10,0,0
1,250,33,10,0,0
1,250,11,32.5,0,0
1,250,11,33,0,0
1,250,1.5,11,0,0
1,250,2,11,0,0
1,250,10.5,1.5,0,0
1,250,10.5,2,0,0
1,250,32.5,10.5,0,0
1,250,33,10.5,0,0
1,250,11.5,32.5,0,0
1,250,11.5,33,0,0
1,250,1.5,11.5,0,0
1,250,2,11.5,0,0
1,250,11,1.5,0,0
1,250,11,2,0,0
1,250,32.5,11,0,0
1,250,33,11,0,0
1,250,12,32.5,0,0
1,250,12,33,0,0
1,250,1.5,12,0,0
1,250,2,12,0,0
1,250,11.5,1.5,0,0
1,250,11.5,2,0,0
1,250,32.5,11.5,0,0
1,250,33,11.5,0,0
1,250,12.5,32.5,0,0
1,250,12.5,33,0,0
1,250,1.5,12.5,0,0
1,250,2,12.5,0,0
1,250,12,1.5,0,0
1,250,12,2,0,0
1,250,32.5,12,0,0
1,250,33,12,0,0
1,250,13,32.5,0,0
1,250,13,33,0,0
1,250,1.5,13,0,0
1,250,2,13,0,0
1,250,12.5,1.5,0,0
1,250,12.5,2,0,0
1,250,32.5,12.5,0,0
1,250,33,12.5,0,0
1,250,13.5,32.5,0,0
1,250,13.5,33,0,0
1,250,1.5,13.5,0,0
1,250,2,13.5,0,0
1,250,13,1.5,0,0
1,250,13,2,0,0
1,250,32.5,13,0,0
1,250,33,13,0,0
1,250,14,32.5,0,0
1,250,14,33,0,0
1,250,1.5,14,0,0
1,250,2,14,0,0
1,250,13.5,1.5,0,0
1,250,13.5,2,0,0
1,250,32.5,13.5,0,0
1,250,33,13.5,0,0
1,250,14.5,32.5,0,0
1,250,14.5,33,0,0
1,250,1.5,14.5,0,0
1,250,2,14.5,0,0
1,250,14,1.5,0,0
1,250,14,2,0,0
1,250,32.5,14,0,0
1,250,33,14,0,0
1,250,15,32.5,0,0
1,250,15,33,0,0
1,250,1.5,15,0,0
1,250,2,15,0,0
1,250,14.5,1.5,0,0
1,250,14.5,2,0,0
1,250,32.5,14.5,0,0
1,250,33,14.5,0,0
1,250,15.5,32.5,0,0
1,250,15.5,33,0,0
1,250,1.5,15.5,0,0
1,250,2,15.5,0,0
1,250,15,1.5,0,0
1,250,15,2,0,0
1,250,32.5,15,0,0
1,250,33,15,0,0
1,250,16,32.5,0,0
1,250,16,33,0,0
1,250,1.5,16,0,0
1,250,2,16,0,0
1,250,15.5,1.5,0,0
1,250,15.5,2,0,0
1,250,32.5,15.5,0,0
1,250,33,15.5,0,0
1,250,16.5,32.5,0,0
1,250,16.5,33,0,0
1,250,1.5,16.5,0,0
1,250,2,16.5,0,0
1,250,16,1.5,0,0
1,250,16,2,0,0
1,250,32.5,16,0,0
1,250,33,16,0,0
1,250,17,32.5,0,0
1,250,17,33,0,0
1,250,1.5,17,0,0
1,250,2,17,0,0
1,250,16.5,1.5,0,0
1,250,16.5,2,0,0
1,250,32.5,16.5,0,0
1,250,33,16.5,0,0
1,250,17.5,32.5,0,0
1,250,17.5,33,0,0
1,250,1.5,17.5,0,0
1,250,2,17.5,0,0
1,250,17,1.5,0,0
1,250,17,2,0,0
1,250,32.5,17,0,0
1,250,33,17,0,0
1,250,18,32.5,0,0
1,250,18,33,0,0
1,250,1.5,18,0,0
1,250,2,18,0,0
1,250,17.5,1.5,0,0
1,250,17.5,2,0,0
1,250,32.5,17.5,0,0
1,250,33,17.5,0,0
1,250,18.5,32.5,0,0
1,250,18.5,33,0,0
1,250,1.5,18.5,0,0
1,250,2,18.5,0,0
1,250,18,1.5,0,0
1,250,18,2,0,0
1,250,32.5,18,0,0
1,250,33,18,0,0
1,250,19,32.5,0,0
1,250,19,33,0,0
1,250,1.5,19,0,0
1,250,2,19,0,0
1,250,18.5,1.5,0,0
1,250,18.5,2,0,0
1,250,32.5,18.5,0,0
1,250,33,18.5,0,0
1,250,19.5,32.5,0,0
1,250,19.5,33,0,0
1,250,1.5,19.5,0,0
1,250,2,19.5,0,0
1,250,19,1.5,0,0
1,250,19,2,0,0
1,250,32.5,19,0,0
1,250,33,19,0,0
1,250,20,32.5,0,0
1,250,20,33,0,0
1,250,1.5,20,0,0
1,250,2,20,0,0
1,250,19.5,1.5,0,0
1,250,19.5,2,0,0
1,250,32.5,19.5,0,0
1,250,33,19.5,0,0
1,250,20.5,32.5,0,0
1,250,20.5,33,0,0
1,250,1.5,20.5,0,0
1,250,2,20.5,0,0
1,250,20,1.5,0,0
1,250,20,2,0,0
1,250,32.5,20,0,0
1,250,33,20,0,0
1,250,21,32.5,0,0
1,250,21,33,0,0
1,250,1.5,21,0,0
1,250,2,21,0,0
1,250,20.5,1.5,0,0
1,250,20.5,2,0,0
1,250,32.5,20.5,0,0
1,250,33,20.5,0,0
1,250,21.5,32.5,0,0
1,250,21.5,33,0,0
1,250,1.5,21.5,0,0
1,250,2,21.5,0,0
1,250,21,1.5,0,0
1,250,21,2,0,0
1,250,32.5,21,0,0
1,250,33,21,0,0
1,250,22,32.5,0,0
1,250,22,33,0,0
1,250,1.5,22,0,0
1,250,2,22,0,0
1,250,21.5,1.5,0,0
1,250,21.5,2,0,0
1,250,32.5,21.5,0,0
1,250,33,21.5,0,0
1,250,22.5,32.5,0,0
1,250,22.5,33,0,0
1,250,1.5,22.5,0,0
1,250,2,22.5,0,0
1,250,22,1.5,0,0
1,250,22,2,0,0
1,250,32.5,22,0,0
1,250,33,22,0,0
1,250,23,32.5,0,0
1,250,23,33,0,0
1,250,1.5,23,0,0
1,250,2,23,0,0
1,250,22.5,1.5,0,0
1,250,22.5,2,0,0
1,250,32.5,22.5,0,0
1,250,33,22.5,0,0
1,250,23.5,32.5,0,0
1,250,23.5,33,0,0
1,250,1.5,23.5,0,0
1,250,2,23.5,0,0
1,250,23,1.5,0,0
1,250,23,2,0,0
1,250,32.5,23,0,0
1,250,33,23,0,0
1,250,24,32.5,0,0
1,250,24,33,0,0
1,250,1.5,24,0,0
1,250,2,24,0,0
1,250,23.5,1.5,0,0
1,250,23.5,2,0,0
1,250,32.5,23.5,0,0
1,250,33,23.5,0,0
1,250,24.5,32.5,0,0
1,250,24.5,33,0,0
1,250,1.5,24.5,0,0
1,250,2,24.5,0,0
1,250,24,1.5,0,0
1,250,24,2,0,0
1,250,32.5,24,0,0
1,250,33,24,0,0
1,250,25,32.5,0,0
1,250,25,33,0,0
1,250,1.5,25,0,0
1,250,2,25,0,0
1,250,24.5,1.5,0,0
1,250,24.5,2,0,0
1,250,32.5,24.5,0,0
1,250,33,24.5,0,0
1,250,25.5,32.5,0,0
1,250,25.5,33,0,0
1,250,1.5,25.5,0,0
1,250,2,25.5,0,0
1,250,25,1.5,0,0
1,250,25,2,0,0
1,250,32.5,25,0,0
1,250,33,25,0,0
1,250,26,32.5,0,0
1,250,26,33,0,0
1,250,1.5,26,0,0
1,250,2,26,0,0
1,250,25.5,1.5,0,0
1,250,25.5,2,0,0
1,250,32.5,25.5,0,0
1,250,33,25.5,0,0
1,250,26.5,32.5,0,0
1,250,26.5,33,0,0
1,250,1.5,26.5,0,0
1,250,2,26.5,0,0
1,250,26,1.5,0,0
1,250,26,2,0,0
1,250,32.5,26,0,0
1,250,33,26,0,0
1,250,27,32.5,0,0
1,250,27,33,0,0
1,250,1.5,27,0,0
1,250,2,27,0,0
1,250,26.5,1.5,0,0
1,250,26.5,2,0,0
1,250,32.5,26.5,0,0
1,250,33,26.5,0,0
1,250,27.5,32.5,0,0
1,250,27.5,33,0,0
1,250,1.5,27.5,0,0
1,250,2,27.5,0,0
1,250,27,1.5,0,0
1,250,27,2,0,0
1,250,32.5,27,0,0
1,250,33,27,0,0
1,250,28,32.5,0,0
1,250,28,33,0,0
1,250,1.5,28,0,0
1,250,2,28,0,0
1,250,27.5,1.5,0,0
1,250,27.5,2,0,0
1,250,32.5,27.5,0,0
1,250,33,27.5,0,0
1,250,28.5,32.5,0,0
1,250,28.5,33,0,0
1,250,1.5,28.5,0,0
1,250,2,28.5,0,0
1,250,28,1.5,0,0
1,250,28,2,0,0
1,250,32.5,28,0,0
1,250,33,28,0,0
1,250,29,32.5,0,0
1,250,29,33,0,0
1,250,1.5,29,0,0
1,250,2,29,0,0
1,250,28.5,1.5,0,0
1,250,28.5,2,0,0
1,250,32.5,28.5,0,0
1,250,33,28.5,0,0
1,250,29.5,32.5,0,0
1,250,29.5,33,0,0
1,250,1.5,29.5,0,0
1,250,2,29.5,0,0
1,250,29,1.5,0,0
1,250,29,2,0,0
1,250,32.5,29,0,0
1,250,33,29,0,0
1,250,30,32.5,0,0
1,250,30,33,0,0
1,250,1.5,30,0,0
1,250,2,30,0,0
1,250,29.5,1.5,0,0
1,250,29.5,2,0,0
1,250,32.5,29.5,0,0
1,250,33,29.5,0,0
1,250,30.5,32.5,0,0
1,250,30.5,33,0,0
1,250,1.5,30.5,0,0
1,250,2,30.5,0,0
1,250,30,1.5,0,0
1,250,30,2,0,0
1,250,32.5,30,0,0
1,250,33,30,0,0
1,250,31,32.5,0,0
1,250,31,33,0,0
1,250,1.5,31,0,0
1,250,2,31,0,0
1,250,30.5,1.5,0,0
1,250,30.5,2,0,0
1,250,32.5,30.5,0,0
1,250,33,30.5,0,0
1,250,31.5,32.5,0,0
1,250,31.5,33,0,0
1,250,1.5,31.5,0,0
1,250,2,31.5,0,0
1,250,31,1.5,0,0
1,250,31,2,0,0
1,250,32.5,31,0,0
1,250,33,31,0,0
1,250,32,32.5,0,0
1,250,32,33,0,0
1,250,1.5,32,0,0
1,250,2,32,0,0
1,250,31.5,1.5,0,0
1,250,31.5,2,0,0
1,250,32.5,31.5,0,0
1,250,33,31.5,0,0
1,250,32.5,32.5,0,0
1,250,32.5,33,0,0
1,250,1.5,32.5,0,0
1,250,2,32.5,0,0
1,250,32,1.5,0,0
1,250,32,2,0,0
1,250,32.5,32,0,0
1,250,33,32,0,0
1,250,33,32.5,0,0
1,250,33,33,0,0
1,250,1.5,33,0,0
1,250,2,33,0,0
