1396 2 0.5 5e+06 0.05 2 0 0.001 0 9.81 35 35
0,250,2.63218,21.4576,-0.623436,1.82005
0,250,2.37297,22.1491,0.709331,4.02314
0,250,2.57613,22.694,-0.585302,2.83831
0,250,2.48857,23.1386,0.55375,2.09683
0,250,2.55008,23.5798,0.391768,3.40705
0,250,2.56333,24.0454,3.54158,2.8978
0,250,2.42138,24.5858,0.0557086,4.03154
0,250,2.61167,24.9958,0.745606,2.35455
0,250,2.47506,25.4623,-0.817105,0.623394
0,250,2.53232,25.8743,0.229702,1.50631
0,250,2.68397,26.3193,0.697774,2.44079
0,250,2.47436,26.6721,4.84901,2.78155
0,250,2.74159,27.0277,2.45331,3.88307
0,250,2.58433,27.473,-0.324457,4.92185
0,250,2.51356,27.8562,-1.39986,3.94097
0,250,2.46034,28.3991,-0.136505,4.25733
0,250,2.9227,28.6337,0.665022,4.10688
0,250,2.44147,28.9288,-2.71875,2.42175
0,250,2.9022,29.1922,0.0204314,0.0225882
0,250,2.51578,29.4754,0.621167,0.609488
0,250,2.45456,29.9528,1.88259,1.64221
0,250,2.53767,30.4607,-0.472635,1.63043
0,250,2.5094,30.8722,-2.00773,2.53504
0,250,2.51628,31.3631,1.87782,0.315764
0,250,3.04932,30.8282,-0.197472,-0.141431
0,250,2.89078,31.4659,2.07931,0.604782
0,250,3.32712,31.18,0.410994,-2.20494
0,250,2.44802,31.9179,1.387,0.23676
0,250,3.30093,31.7043,2.76585,-0.203545
0,250,2.82773,32.0928,0.751138,-2.59059
0,250,3.23407,20.9738,0.598527,3.92615
0,250,2.92976,21.377,0.949997,1.59165
0,250,2.80381,21.9238,-1.17239,3.26901
0,250,3.18992,22.0882,0.626113,3.10166
0,250,2.94462,22.5442,1.96715,1.20854
0,250,3.1223,22.9976,0.592905,1.07948
0,250,3.06042,23.4146,0.0783905,1.74433
0,250,3.08952,23.8766,-0.733193,1.22052
0,250,2.91369,24.3315,0.291727,3.91461
0,250,3.35913,24.6407,1.08984,-0.240694
0,250,3.0168,24.9702,1.38018,1.39311
0,250,3.04035,25.5515,-0.263316,1.38445
0,250,3.28511,25.8429,-0.340092,0.645054
0,250,3.17037,26.3194,2.53193,1.16246
0,250,3.22405,26.7752,0.563857,1.56478
0,250,3.16166,27.2732,0.693109,4.12402
0,250,3.1506,27.7191,-0.802424,4.51141
0,250,2.95534,28.1321,-1.20969,4.80561
0,250,3.39645,28.4279,0.333689,1.76947
0,250,3.36923,28.9281,1.20822,2.32862
0,250,3.40387,29.42,0.185558,1.51357
0,250,3.83104,29.587,-0.129175,1.71607
0,250,3.00827,29.7041,-0.803156,2.79928
0,250,2.96076,30.1694,0.321713,-0.0513514
0,250,3.2711,30.4946,-0.53994,1.79241
0,250,3.76276,30.6151,1.36346,0.307581
0,250,3.88121,31.0044,1.88147,0.323029
0,250,3.77129,31.5029,0.550974,-1.45124
0,250,4.0006,31.9343,1.21785,-0.379697
0,250,3.48298,32.0992,2.11347,-1.1538
0,250,3.70133,21.2135,0.257716,3.61322
0,250,3.49844,21.5272,-0.797416,1.78423
0,250,3.64108,22.0092,1.04664,1.59825
0,250,3.58898,22.5118,-1.02329,2.07396
0,250,3.64532,22.902,-0.177397,1.81419
0,250,3.61733,23.4036,0.633869,1.9194
0,250,3.80288,23.7532,-0.056673,1.38951
0,250,3.48482,24.1536,-0.923677,2.37194
0,250,3.84847,24.4515,0.78839,2.0119
0,250,3.80564,24.9633,-0.195182,2.7212
0,250,3.47734,25.2644,-0.267322,1.34161
0,250,3.81626,25.6283,0.131568,1.54642
0,250,3.74755,26.1807,3.12106,0.858873
0,250,3.68863,26.6399,0.48328,2.26417
0,250,3.82018,27.0705,-0.181714,4.2863
0,250,3.6659,27.5191,1.08723,2.95834
0,250,4.08846,27.8696,1.84488,3.70566
0,250,3.65383,27.9997,0.387112,1.31363
0,250,3.89173,28.5026,-0.00403142,2.24859
0,250,3.86113,28.942,0.984108,1.76514
0,250,4.23769,29.2275,0.899093,0.658949
0,250,4.37249,29.6936,2.15316,1.1552
0,250,3.50291,29.9561,0.707991,0.679152
0,250,4.46323,30.1741,1.13834,1.55523
0,250,3.95912,30.1027,1.50238,-0.208553
0,250,4.23937,30.5967,1.30838,0.843684
0,250,4.50416,31.0692,1.43301,1.85516
0,250,4.24927,31.4451,2.44804,1.0685
0,250,4.7395,31.728,0.80878,0.0949903
0,250,4.45689,32.0471,1.744,0.295474
0,250,4.06329,21.2815,0.240057,3.27613
0,250,4.13695,21.8138,0.166633,2.72028
0,250,4.10426,22.2952,0.901577,3.38174
0,250,4.28721,22.6483,1.51722,1.16277
0,250,4.10861,23.114,-1.55777,3.98325
0,250,4.30398,23.5519,1.26012,1.74041
0,250,4.26646,24.0107,1.25596,2.39477
0,250,4.38412,24.4298,0.971462,1.28418
0,250,4.34075,24.8904,0.895582,2.42677
0,250,4.25464,25.3449,2.21175,1.61666
0,250,4.53143,25.7208,1.2867,3.7182
0,250,4.17541,26.0223,0.624647,2.64432
0,250,4.55902,26.4323,1.31853,3.61423
0,250,4.23724,26.6499,1.15182,3.16534
0,250,4.58127,27.0849,1.19699,2.09749
0,250,4.22018,27.3346,0.430706,3.43539
0,250,4.55208,27.7939,0.663824,3.28243
0,250,4.38567,28.3427,1.2456,1.72048
0,250,4.46744,28.7339,0.667269,1.60619
0,250,4.72867,29.2562,0.673997,1.92326
0,250,4.91495,29.7386,0.919527,0.537434
0,250,5.26334,29.3407,0.937664,0.854443
0,250,5.28538,29.9946,2.23041,0.809516
0,250,5.6318,30.3445,1.7713,1.18335
0,250,4.92088,30.3352,1.06585,1.52141
0,250,4.89352,30.7507,2.39073,1.18701
0,250,5.47448,31.1345,1.46472,1.71317
0,250,4.92855,31.2699,2.32813,0.0912269
0,250,5.3752,31.5835,2.11693,-1.29448
0,250,5.12485,32.0388,1.54881,-0.758868
0,250,4.65594,21.063,0.333854,4.14476
0,250,4.67942,21.3149,0.773646,2.78015
0,250,4.56758,21.8324,-0.0939209,1.13145
0,250,4.81234,22.175,-0.0477387,2.59727
0,250,4.7693,22.5926,-0.617569,2.45903
0,250,4.66198,23.0805,-1.26255,0.838116
0,250,4.86259,23.5943,0.242141,1.28356
0,250,4.8367,23.9737,0.0959295,1.37213
0,250,4.92025,24.4055,2.10619,1.60897
0,250,4.93,24.8685,2.40526,3.69935
0,250,4.83594,25.2405,-0.525592,1.61438
0,250,5.13173,25.6572,2.44462,1.9921
0,250,4.89211,26.0677,0.593271,3.59643
0,250,5.2557,26.4245,1.96254,2.40224
0,250,4.95102,26.8269,0.722163,1.64371
0,250,5.29843,27.2056,0.953419,2.52992
0,250,4.91401,27.5043,1.23127,1.49232
0,250,5.02798,27.9793,0.648757,1.53501
0,250,4.90476,28.4051,-0.036428,1.85974
0,250,5.45024,28.5539,-0.205844,2.14105
0,250,5.07165,28.9068,1.95688,0.535258
0,250,5.62705,29.0252,1.75216,1.41823
0,250,6.00423,29.4377,1.75508,1.03994
0,250,5.71104,29.7085,1.178,0.193527
0,250,6.11012,30.5794,0.998229,0.33764
0,250,5.42841,30.7263,-0.469481,-0.178628
0,250,6.03155,31.0594,1.91475,0.641414
0,250,5.97512,31.5001,1.42304,1.02201
0,250,5.62543,32.003,-0.0346722,2.47151
0,250,6.12113,31.9253,0.584635,-0.440582
0,250,5.26298,21.4348,0.544478,2.79358
0,250,5.23658,21.8053,-0.0149477,2.00241
0,250,5.38923,22.2917,0.538043,1.47953
0,250,5.34625,22.7298,1.39573,1.35655
0,250,5.14848,23.0989,0.594763,4.05017
0,250,5.5269,23.4141,1.42994,1.94165
0,250,5.47259,23.8423,1.61407,2.07997
0,250,5.51993,24.233,1.43254,1.12121
0,250,5.42606,24.6671,-0.249419,1.51194
0,250,5.65014,25.0224,1.78097,1.16832
0,250,5.4567,25.3999,0.486283,0.420651
0,250,5.8334,25.8297,2.44904,2.59431
0,250,5.53135,26.1174,1.48773,2.92858
0,250,5.96341,26.6608,1.02854,1.95715
0,250,5.55529,26.8413,1.67451,1.49502
0,250,5.83138,27.4012,1.83615,3.41815
0,250,5.5404,27.7068,0.246895,1.8984
0,250,6.16644,27.9916,0.45302,0.914615
0,250,5.58751,28.1377,0.680239,2.45327
0,250,6.02067,28.4744,0.865252,0.851654
0,250,6.09849,28.8777,2.20475,-2.28235
0,250,6.49777,29.2934,1.36217,-0.123182
0,250,6.47058,29.7602,1.40461,1.15758
0,250,6.07763,30.0797,1.95064,1.00375
0,250,6.57252,30.2988,1.92392,-0.0642711
0,250,6.49224,30.8767,1.43564,1.14898
0,250,7.32166,31.2558,1.47609,0.298924
0,250,6.7406,31.2084,4.41038,0.682304
0,250,6.49992,31.6001,1.23772,3.05037
0,250,6.63285,32.1495,1.0428,0.178157
0,250,5.628,21.1217,0.207394,4.42122
0,250,5.79824,21.4878,0.70663,1.93391
0,250,5.82138,21.99,0.659867,1.5204
0,250,5.92552,22.4833,1.58154,2.92896
0,250,5.85439,22.895,1.09298,3.11531
0,250,6.03048,23.3144,1.1063,1.11034
0,250,6.02547,23.7737,1.54449,1.92673
0,250,6.09718,24.2167,1.82164,2.56197
0,250,6.05535,24.6105,1.17345,2.98493
0,250,6.29993,25.0506,2.06612,2.41812
0,250,6.08313,25.4022,0.632354,1.79809
0,250,6.40738,25.7949,2.16797,2.08327
0,250,6.15325,26.233,0.812683,2.60738
0,250,6.50459,26.6073,0.518967,3.29271
0,250,6.17996,27.0868,1.81054,2.57376
0,250,6.65027,27.3088,1.16761,1.77641
0,250,6.35594,27.6542,0.736298,1.62335
0,250,6.86619,28.0383,0.318175,0.78985
0,250,6.55403,28.3597,1.83418,1.83054
0,250,7.05317,28.6263,1.80491,0.818668
0,250,6.67983,28.831,-0.00323776,1.33149
0,250,7.02756,29.2644,1.46099,0.774182
0,250,7.44409,29.6377,1.98379,0.031401
0,250,6.97236,29.7533,2.45057,-0.154996
0,250,6.97731,30.3225,1.84303,-0.417425
0,250,7.12953,30.823,0.0205149,0.785233
0,250,7.54637,30.6632,0.108164,-0.776578
0,250,7.76587,31.1476,1.94287,-0.274917
0,250,7.01747,31.7052,1.239,-0.950151
0,250,7.25947,31.9483,-0.589384,0.613093
0,250,6.49287,21.3708,0.988061,2.57526
0,250,6.25298,21.824,0.2176,1.78737
0,250,6.45417,22.2256,1.4322,2.57555
0,250,6.49956,22.6574,1.14388,2.50178
0,250,6.48988,23.1112,0.983378,3.20724
0,250,6.64838,23.5334,0.914781,2.83361
0,250,6.60447,23.9318,0.915927,2.84598
0,250,6.74583,24.3506,1.2268,1.88252
0,250,6.64404,24.7293,0.846236,1.73493
0,250,6.95539,25.1124,1.39164,2.5738
0,250,6.75736,25.5109,1.84759,1.42836
0,250,7.13957,25.9566,1.92052,2.57696
0,250,6.75857,26.193,1.24089,2.2476
0,250,7.19974,26.5364,1.65938,1.44388
0,250,6.87394,26.8917,1.61583,1.67877
0,250,7.2565,27.2431,0.958646,1.37509
0,250,7.07959,27.6847,2.76843,1.69705
0,250,7.90413,28.2403,-0.714594,3.08222
0,250,7.37916,28.2326,1.90235,1.7293
0,250,7.94346,29.1355,1.28813,2.14328
0,250,7.47068,29.1196,0.854714,0.0644862
0,250,8.07905,29.5367,1.22264,1.7205
0,250,7.84208,29.941,1.9259,-0.752995
0,250,7.39566,30.1761,2.67548,0.912856
0,250,8.69959,30.6981,1.35353,-0.161535
0,250,7.9845,30.3973,1.65528,0.319576
0,250,8.21557,30.794,0.304266,1.14219
0,250,8.20572,31.3052,1.09744,1.2728
0,250,7.7646,31.6593,2.47928,0.535576
0,250,7.84596,32.0218,0.124329,-0.904068
0,250,6.74903,21.3836,0.375129,3.36669
0,250,6.95508,21.7627,0.646353,2.79704
0,250,6.98073,22.2682,0.78738,3.19404
0,250,7.05054,22.7102,1.29635,2.74732
0,250,7.08837,23.131,1.27425,2.00783
0,250,7.24866,23.5681,1.21402,3.14329
0,250,7.20798,24.0291,0.925567,2.13333
0,250,7.38796,24.4264,1.10008,2.36474
0,250,7.30587,24.8368,0.955379,2.85695
0,250,7.65113,25.2855,2.61321,2.55407
0,250,7.34099,25.556,0.394083,2.63313
0,250,7.75858,25.9265,1.01765,1.49524
0,250,7.58469,26.3581,2.34611,2.44712
0,250,8.03042,26.816,1.91087,2.17082
0,250,7.62226,26.9687,0.257144,2.11239
0,250,7.85444,27.4402,0.868086,1.33785
0,250,7.61756,27.7676,0.925818,1.28659
0,250,8.35034,28.2441,2.15366,1.20403
0,250,7.59891,28.6622,2.08143,0.269671
0,250,8.63541,28.8395,-0.48166,-0.223985
0,250,8.5962,29.2616,3.56012,0.851836
0,250,8.52396,29.7567,2.84099,-0.110047
0,250,9.43763,30.0776,2.31791,1.70883
0,250,8.41654,30.1893,0.791758,1.6205
0,250,8.93763,30.1016,0.177741,1.17166
0,250,8.69539,31.1451,1.89214,-0.692916
0,250,8.59662,31.6975,2.143,0.88533
0,250,9.06429,31.4758,2.32019,1.0041
0,250,8.3468,31.9955,0.692099,2.01124
0,250,8.96763,32.0417,-1.39002,-2.6745
0,250,7.46075,21.4169,1.23063,2.89463
0,250,7.42393,21.9167,1.51763,3.13991
0,250,7.54033,22.3722,0.915605,2.92
0,250,7.6754,22.7893,0.646424,3.18282
0,250,7.64814,23.2352,0.820182,2.52915
0,250,7.82087,23.6573,1.25411,3.21989
0,250,7.77726,24.0832,1.31866,2.37273
0,250,8.02022,24.5062,1.6615,2.28324
0,250,7.90676,24.894,1.10941,1.73519
0,250,8.24047,25.3079,1.9745,2.39846
0,250,8.13927,25.7219,1.70855,2.55501
0,250,8.56896,26.2485,2.63858,3.90849
0,250,8.1596,26.3563,1.88079,2.09286
0,250,8.51148,26.8483,0.482981,2.44948
0,250,8.41309,27.3083,1.09406,2.89673
0,250,8.78972,27.5982,1.53102,1.39401
0,250,8.24454,27.7842,0.31561,1.11103
0,250,8.89017,28.0083,2.54419,0.599655
0,250,8.18224,28.7416,0.626244,0.155647
0,250,8.9007,28.4256,0.866217,1.65874
0,250,9.17508,29.186,1.87222,0.518741
0,250,9.07453,29.6334,1.2268,2.30926
0,250,9.57967,29.4745,2.14697,1.40067
0,250,9.81936,30.2927,1.91016,0.881424
0,250,9.72693,30.7159,0.631017,1.00892
0,250,9.9688,31.1629,1.05303,-0.818094
0,250,9.15337,30.5427,2.75228,-0.423176
0,250,9.28893,30.9992,-0.793304,-0.19125
0,250,9.58104,31.3679,1.59699,-1.06858
0,250,9.38075,31.8656,0.465751,1.2977
0,250,7.92517,21.5673,0.995533,3.23127
0,250,8.05938,21.9627,0.49998,2.8374
0,250,8.09049,22.4315,1.15572,3.19788
0,250,8.22908,22.9028,1.64359,2.43461
0,250,8.28525,23.3226,0.880009,2.54885
0,250,8.39743,23.7829,0.580547,2.83197
0,250,8.42346,24.1779,0.584095,2.91036
0,250,8.60735,24.6228,1.50185,3.39559
0,250,8.58513,25.0072,1.98443,2.81716
0,250,8.91913,25.4189,2.60943,2.91597
0,250,8.6815,25.7738,2.55876,2.83005
0,250,9.11517,26.0548,1.6226,1.0335
0,250,8.98529,26.5964,1.70547,2.26928
0,250,9.55696,27.039,2.80141,1.02992
0,250,8.97439,27.1085,1.38969,0.484744
0,250,9.36407,27.4542,0.2146,1.30007
0,250,9.45021,27.8713,2.1728,-0.138233
0,250,9.98945,28.3761,0.893735,0.998909
0,250,9.48992,28.3289,2.0211,0.165012
0,250,9.79344,28.804,-0.326608,0.100299
0,250,9.27203,28.7703,2.14708,1.46266
0,250,9.96416,29.246,1.09395,0.143504
0,250,9.95788,29.7775,1.74246,-0.410628
0,250,10.3519,30.2818,2.26905,-0.328867
0,250,10.2965,30.7483,3.30818,-0.290238
0,250,10.9044,31.2137,3.80846,-0.027857
0,250,10.4143,31.2998,4.16417,-2.80029
0,250,10.1077,31.7712,1.27784,-0.146353
0,250,10.5439,32.0788,1.19972,-4.12733
0,250,9.8488,32.0128,-1.16402,-0.336482
0,250,8.48202,21.6187,1.14949,3.24495
0,250,8.63685,22.0946,1.67061,3.26775
0,250,8.64852,22.5443,1.21061,3.1254
0,250,8.81512,22.99,1.29334,2.34969
0,250,8.84144,23.4346,1.7881,3.04721
0,250,9.02335,23.8376,1.68042,2.76806
0,250,9.04534,24.2909,1.58747,2.57525
0,250,9.22043,24.6744,1.85948,2.45079
0,250,9.25032,25.1099,2.05887,2.30289
0,250,9.48804,25.5605,1.89406,3.15762
0,250,9.5528,25.9879,2.25816,2.93862
0,250,9.91155,26.4277,1.68379,1.76274
0,250,9.42088,26.5923,1.32567,1.31115
0,250,10.0379,26.869,1.96099,2.83733
0,250,9.99355,27.3942,1.53384,2.20157
0,250,10.474,27.7194,3.67175,1.25161
0,250,9.95499,27.8504,2.73104,0.901602
0,250,10.4172,28.2757,2.9147,0.932965
0,250,10.3835,28.8471,1.90929,-0.960441
0,250,10.7207,29.0446,1.05754,1.53715
0,250,10.4281,29.4455,2.48811,0.16314
0,250,10.5358,29.8588,2.74985,0.74788
0,250,10.9109,30.1714,4.06992,1.11478
0,250,11.2113,30.6965,3.08276,1.9658
0,250,10.7302,30.697,1.8975,-1.32391
0,250,11.3376,31.2436,3.17744,1.99461
0,250,10.6853,31.6793,2.75049,-0.0378404
0,250,11.1172,32.0072,6.57558,2.6107
0,250,12.1166,31.7764,7.4597,1.00483
0,250,11.7173,32.0039,5.4866,-2.47127
0,250,9.01523,21.7147,1.16438,3.01905
0,250,9.17404,22.2013,1.37509,3.70208
0,250,9.23245,22.6545,1.26331,3.26756
0,250,9.40215,23.0999,1.43009,2.13576
0,250,9.46878,23.5377,1.71919,3.09564
0,250,9.61355,23.9671,2.1663,2.89641
0,250,9.67595,24.3852,1.84622,3.05621
0,250,9.8703,24.7952,1.96345,3.33952
0,250,9.85511,25.2169,1.93276,2.84948
0,250,10.1682,25.5629,2.62326,2.40395
0,250,10.0979,25.9679,2.99348,1.83504
0,250,10.4625,26.3468,2.02231,1.84491
0,250,10.5549,26.7674,3.62792,1.25494
0,250,10.988,27.3776,1.89893,1.43988
0,250,10.4844,27.2779,2.63524,0.969524
0,250,11.2835,27.701,5.11009,0.868435
0,250,10.8616,28.0376,1.59709,-0.242268
0,250,11.331,28.61,2.7548,1.62091
0,250,10.8973,28.5158,2.65203,-0.257728
0,250,11.2045,29.1554,2.09481,0.1268
0,250,11.0564,29.5903,2.84841,1.23829
0,250,11.5253,29.6914,4.68453,1.03005
0,250,11.3171,30.114,2.91371,1.2275
0,250,11.8267,30.2876,4.71709,-0.0553246
0,250,11.611,30.7474,3.25475,-0.487023
0,250,11.8624,31.2595,2.94795,-1.12501
0,250,11.4132,31.6911,2.72324,1.78102
0,250,12.3318,31.333,3.64682,1.01438
0,250,12.7731,31.5541,4.62306,-1.52984
0,250,12.468,32.0334,4.70341,2.24822
0,250,9.58786,21.8113,1.52543,3.502
0,250,9.77719,22.2716,1.44168,2.58188
0,250,9.81985,22.7863,1.4986,3.35831
0,250,10.0071,23.2187,2.14345,3.75536
0,250,10.0812,23.664,1.75565,3.3536
0,250,10.2123,24.0873,1.3695,2.68868
0,250,10.3455,24.5198,2.41145,2.83021
0,250,10.4311,24.9414,1.74112,3.09497
0,250,10.6402,25.3341,3.09987,2.42921
0,250,10.7259,25.7681,1.68115,2.58214
0,250,10.9259,26.2172,3.37877,1.79652
0,250,11.213,26.5464,3.27876,1.86647
0,250,11.0517,26.9525,2.78086,0.258722
0,250,11.618,27.0608,2.46448,1.56235
0,250,11.7147,27.4264,2.87655,0.406741
0,250,11.925,28.2446,3.73071,0.74155
0,250,11.4143,28.1279,2.6852,2.10623
0,250,11.8592,28.6842,3.81158,2.59502
0,250,11.6283,29.1257,2.29308,1.70037
0,250,12.2558,28.8698,5.53564,0.538032
0,250,12.0132,29.4585,4.85423,1.56127
0,250,12.5893,29.9072,3.51496,0.121499
0,250,12.0551,29.9635,2.81617,1.4294
0,250,12.3802,30.4156,2.11376,1.25945
0,250,12.1256,30.8051,5.07673,0.0011592
0,250,13.0251,30.7861,5.2369,0.82072
0,250,12.6364,30.9579,5.01273,-0.375981
0,250,13.2048,31.3823,5.38802,-0.875021
0,250,13.4488,31.9995,7.24468,-0.952115
0,250,12.9888,31.9692,5.7338,-0.736022
0,250,10.1462,21.9681,1.54473,3.66408
0,250,10.2924,22.4047,1.62784,3.28922
0,250,10.3915,22.8995,1.73633,3.20485
0,250,10.6209,23.3336,1.68357,1.94373
0,250,10.6956,23.8298,1.51062,4.0621
0,250,10.8489,24.1954,1.40126,3.39487
0,250,10.9843,24.6808,1.41481,4.1711
0,250,11.1191,25.0222,1.77106,2.9852
0,250,11.2328,25.509,1.49291,3.14605
0,250,11.379,25.8633,2.34298,3.19437
0,250,11.62,26.2509,3.21775,1.89147
0,250,11.8494,26.6994,4.31876,0.492059
0,250,12.265,27.2575,3.76673,2.79745
0,250,12.543,27.6149,4.65337,2.63537
0,250,11.9909,27.7976,2.86093,0.702907
0,250,12.4253,28.1208,3.98109,1.48124
0,250,12.7278,28.4104,5.53463,0.441187
0,250,13.2743,28.7494,5.53558,1.38941
0,250,12.6828,28.8648,3.44946,1.19778
0,250,12.9145,29.3713,2.47527,1.46995
0,250,12.4164,29.3848,2.5674,0.0638298
0,250,13.0417,29.8086,3.49758,1.8026
0,250,12.8829,30.3539,2.68462,1.30255
0,250,13.9047,30.7046,3.82718,0.945642
0,250,13.4312,30.4325,5.57383,2.9467
0,250,14.8904,31.0086,6.14115,0.531447
0,250,13.7357,31.6789,7.3269,1.14023
0,250,14.258,31.4801,5.11039,1.52675
0,250,14.5282,31.8923,2.92443,-0.109674
0,250,14.0234,32.1286,4.93329,4.13262
0,250,10.6775,22.0358,1.21854,3.16867
0,250,10.9149,22.5438,1.61571,3.40055
0,250,11.0179,23.0868,2.09076,4.18574
0,250,11.1822,23.5054,2.03044,2.732
0,250,11.3697,23.9311,2.25236,2.50497
0,250,11.4867,24.3835,2.58514,3.41706
0,250,11.6636,24.7716,2.24941,2.74953
0,250,11.7388,25.2217,1.50887,2.3527
0,250,11.9414,25.5416,2.80108,3.7351
0,250,12.0322,25.9598,0.980202,1.61564
0,250,12.2487,26.3533,2.1667,2.41263
0,250,12.3506,26.782,2.00734,2.87851
0,250,12.7484,27.0512,2.41221,1.72187
0,250,13.0004,27.5925,3.32382,1.63888
0,250,13.0471,28.0283,2.37974,2.51232
0,250,13.9424,28.4842,4.54298,3.09492
0,250,13.3613,28.3649,5.2955,1.59714
0,250,13.9174,28.8624,5.08595,2.82379
0,250,13.3814,29.1724,2.80415,2.73359
0,250,13.8748,29.422,3.02057,2.52522
0,250,13.4795,29.6609,2.85073,2.54283
0,250,14.109,29.8119,4.23829,1.04111
0,250,13.6753,30.1823,4.97485,1.58297
0,250,14.402,30.8198,5.38198,0.82429
0,250,13.4518,31.1089,4.57074,2.14984
0,250,16.2666,30.9375,5.72054,-0.311613
0,250,13.9531,31.1776,4.69492,1.47633
0,250,14.7169,31.4884,4.89594,1.79578
0,250,15.6604,31.1761,5.92598,-1.78303
0,250,15.0671,32.1862,5.07244,-2.1351
0,250,11.3225,22.2049,2.5074,3.22182
0,250,11.4758,22.7058,1.82985,3.41422
0,250,11.6183,23.2001,1.91445,3.2104
0,250,11.8388,23.6413,2.64215,3.70687
0,250,11.9728,24.1059,2.64264,3.12912
0,250,12.1583,24.5684,1.86625,3.31328
0,250,12.3125,24.9574,2.24115,3.2118
0,250,12.5325,25.3774,2.94494,2.51328
0,250,12.6246,25.8022,2.10916,2.19865
0,250,12.7915,26.1702,2.65887,2.33781
0,250,12.9745,26.5368,1.74358,1.15822
0,250,13.2344,26.9253,3.94165,2.89642
0,250,13.418,27.3001,2.21107,0.718365
0,250,13.6534,27.7015,4.24503,2.14612
0,250,13.8043,28.0118,3.52477,1.99113
0,250,14.3996,28.2873,4.02509,2.18486
0,250,14.6125,28.687,5.22232,0.853238
0,250,14.9177,29.1079,4.35599,1.64971
0,250,14.328,29.0994,4.75926,-0.158929
0,250,15.0168,29.5256,5.34584,1.02755
0,250,14.5191,29.5747,4.50491,3.81294
0,250,14.7226,30.0325,3.65335,1.67784
0,250,14.2675,30.3129,4.20632,2.11245
0,250,14.7678,30.4676,3.03494,1.41346
0,250,15.2501,30.826,5.3818,0.954798
0,250,16.6683,31.0232,5.92034,0.592695
0,250,15.1932,31.4862,3.42449,0.0332736
0,250,15.7027,30.614,6.47775,-0.704137
0,250,16.006,31.4537,6.4346,0.876933
0,250,15.4872,31.697,5.05921,-0.741759
0,250,11.7998,22.3723,1.65736,3.57532
0,250,12.0468,22.8394,2.42908,3.57546
0,250,12.2302,23.3827,2.82648,3.68624
0,250,12.4647,23.8432,1.94215,3.13557
0,250,12.6494,24.2804,2.53095,3.59636
0,250,12.7846,24.7402,2.87614,3.55007
0,250,13.0134,25.14,2.95696,3.62399
0,250,13.1404,25.5518,2.92556,2.65142
0,250,13.3186,25.9593,2.78337,2.2633
0,250,13.5565,26.3301,3.0148,0.768117
0,250,13.7397,26.6992,4.28662,2.4269
0,250,13.973,27.1136,3.31531,1.57151
0,250,14.2242,27.4739,3.35833,1.49854
0,250,14.4323,27.8437,4.43616,2.61679
0,250,14.9621,28.114,5.46746,1.62844
0,250,15.106,28.5574,5.83442,1.9213
0,250,15.4876,28.8266,6.03697,3.26915
0,250,16.3112,29.144,5.7657,1.32794
0,250,15.5259,29.2499,5.60307,3.19195
0,250,15.8596,29.4814,5.32876,3.04242
0,250,15.354,29.8998,4.17831,2.67221
0,250,15.9518,29.8995,6.44613,-0.303767
0,250,15.3643,30.2599,6.76168,2.01634
0,250,16.5095,30.0917,6.33297,1.91661
0,250,16.0255,30.3711,7.07588,2.25667
0,250,17.231,31.1759,5.8684,2.8089
0,250,16.4049,31.5041,7.82475,-0.613058
0,250,16.707,31.9079,5.14892,1.26122
0,250,17.1645,32.0204,6.86316,0.650979
0,250,15.7154,32.089,7.07976,-4.02451
0,250,12.4206,22.5418,2.60941,3.67802
0,250,12.6595,23.0307,2.26744,3.6845
0,250,12.8457,23.5486,2.4191,3.11162
0,250,13.0562,24.021,3.13313,3.69174
0,250,13.2804,24.4704,2.74972,3.39161
0,250,13.5208,24.8858,2.72251,3.20665
0,250,13.6835,25.3259,2.52625,3.8466
0,250,13.8717,25.7215,2.69778,2.32091
0,250,14.0876,26.1054,3.43178,1.5984
0,250,14.2477,26.5106,3.88615,2.01664
0,250,14.4502,26.8641,3.86228,1.76039
0,250,14.7483,27.2612,3.85235,3.00968
0,250,14.9423,27.6536,4.64869,2.57349
0,250,15.4667,27.9748,4.52943,2.25055
0,250,15.6879,28.3907,6.77614,1.32767
0,250,16.0998,28.7871,6.7786,2.33528
0,250,16.7967,29.1155,7.40295,2.38036
0,250,17.1032,29.5611,7.64057,1.55518
0,250,16.464,29.639,4.89271,2.35429
0,250,17.7035,29.8,7.61186,2.42805
0,250,17.0244,29.9101,5.63988,0.73361
0,250,17.9543,30.693,6.63824,-0.166901
0,250,17.2354,30.3179,7.79534,0.804688
0,250,17.104,30.7054,4.11764,1.00668
0,250,16.559,30.5314,6.95361,1.28762
0,250,17.6352,31.5668,4.45849,2.69433
0,250,17.1359,31.5897,4.79457,-0.539878
0,250,18.4812,31.9683,6.41117,4.5206
0,250,18.184,31.8551,7.03672,0.641267
0,250,16.2808,32.0733,6.01448,1.23804
0,250,12.9565,22.7408,1.95799,3.99803
0,250,13.2159,23.2549,2.56963,3.85622
0,250,13.4678,23.7539,3.25319,3.58523
0,250,13.7272,24.2738,3.56711,4.00763
0,250,13.9551,24.7143,3.47514,3.48678
0,250,14.2151,25.2165,3.30673,3.81419
0,250,14.4639,25.5909,3.16326,3.60168
0,250,14.616,26.0011,3.40675,3.5106
0,250,14.9301,26.3725,3.08425,2.05903
0,250,15.0413,26.8057,3.16573,1.342
0,250,15.3478,27.1053,4.96417,2.63475
0,250,15.5448,27.559,5.60972,1.98578
0,250,16.066,27.7718,6.12491,2.26606
0,250,16.1521,28.2715,4.54119,3.20601
0,250,16.5705,28.5905,6.18713,3.49437
0,250,17.1121,28.7551,6.69213,2.03703
0,250,17.3898,29.1485,6.77206,1.97454
0,250,17.8147,29.3769,7.54203,1.58272
0,250,18.1945,29.9141,6.81789,1.88007
0,250,18.801,30.186,8.55635,1.08674
0,250,17.7496,30.2344,6.82619,0.510987
0,250,18.3575,30.3941,5.91208,1.91665
0,250,18.4299,30.9073,6.44727,5.67854
0,250,18.5661,31.3326,6.28814,1.39195
0,250,17.6369,30.9264,2.70925,1.81048
0,250,18.0362,31.3295,4.14806,-2.84121
0,250,18.9691,31.5786,2.29628,-0.386389
0,250,19.6291,31.2547,6.65832,-1.99088
0,250,19.5606,31.7319,5.68169,-3.48986
0,250,17.7829,32.1223,6.65475,-3.98031
0,250,13.5573,22.9234,2.86135,3.775
0,250,13.8637,23.4297,2.73314,3.94401
0,250,14.0703,23.9698,2.82631,4.11271
0,250,14.3739,24.4381,3.12299,3.99078
0,250,14.5747,24.9238,3.36308,2.85504
0,250,14.9387,25.3176,3.49001,3.16666
0,250,15.1,25.7981,2.79213,3.00735
0,250,15.4001,26.1546,3.9488,3.34394
0,250,15.5415,26.5372,2.92017,1.71115
0,250,15.8448,26.9083,5.09948,3.1483
0,250,16.0337,27.2793,5.12744,2.95682
0,250,16.4932,27.5858,5.6424,1.25872
0,250,16.645,28.0499,5.66772,2.1438
0,250,17.0686,28.3058,7.06503,3.75367
0,250,17.696,28.7308,7.10037,3.14821
0,250,18.1249,29.045,8.44578,3.23265
0,250,18.4744,29.6065,7.7418,2.42951
0,250,18.9543,29.7905,7.22158,1.05212
0,250,19.4218,30.0638,9.19184,3.17734
0,250,19.9628,30.3346,9.89136,0.138339
0,250,19.3452,30.4642,8.00246,-0.363825
0,250,19.6379,30.8338,5.76606,1.06183
0,250,18.8492,30.736,5.54709,0.550574
0,250,20.1017,31.0452,10.7072,-1.21708
0,250,19.1427,31.0586,9.58242,0.89888
0,250,20.4261,31.2055,10.5294,0.573153
0,250,20.2635,31.6789,11.8158,-0.0324959
0,250,20.813,31.6865,8.67919,2.134
0,250,20.6916,32.0275,10.1011,-0.0264328
0,250,19.0522,31.9646,6.14801,1.35779
0,250,14.1632,23.197,2.60389,4.23482
0,250,14.4158,23.7351,3.1564,4.45262
0,250,14.7494,24.2724,3.62895,4.46172
0,250,15.0347,24.7437,3.44978,3.75477
0,250,15.4468,25.3033,3.78267,4.22086
0,250,15.6939,25.7365,4.4738,3.89669
0,250,16.0744,26.1082,4.43757,2.41584
0,250,16.2572,26.577,4.52753,3.74996
0,250,16.5217,26.9194,4.03792,3.37519
0,250,16.8639,27.2803,6.76442,3.21467
0,250,17.1156,27.6419,5.48418,2.61525
0,250,17.4246,27.9205,6.90137,0.581709
0,250,17.7014,28.3185,7.27609,2.36764
0,250,18.288,28.5498,8.43293,1.33527
0,250,18.5457,29.01,7.21014,2.87184
0,250,18.91,29.3147,9.2411,1.78548
0,250,19.4884,29.568,7.83726,3.06747
0,250,19.8804,29.7409,8.88366,0.513824
0,250,20.5571,30.0287,11.2402,1.36916
0,250,20.8865,30.3357,11.13,0.102497
0,250,20.2721,30.4543,9.79453,2.59983
0,250,21.3279,30.6448,11.1001,1.7263
0,250,20.7361,30.8344,11.299,0.21398
0,250,21.7288,30.9209,11.6256,-0.0499018
0,250,21.0388,31.102,10.1172,-0.258752
0,250,21.5883,31.349,11.5703,1.54902
0,250,21.296,31.6748,11.3021,2.13681
0,250,22.6585,31.6666,11.006,1.68409
0,250,22.3174,32.0287,10.2724,-0.986682
0,250,19.8254,31.9556,9.20312,-1.48183
0,250,14.662,23.3876,3.14501,3.78991
0,250,15.0672,23.8903,3.56893,4.23439
0,250,15.3417,24.5019,4.1168,3.99686
0,250,15.7179,24.9222,4.26053,2.70846
0,250,16.0303,25.4531,4.48328,3.47818
0,250,16.451,25.9869,4.94502,4.23026
0,250,16.7822,26.4593,4.87836,2.94781
0,250,17.1109,26.8256,4.77512,4.15301
0,250,17.5025,27.1651,5.02136,3.16139
0,250,17.8025,27.5147,5.63408,3.45127
0,250,18.0069,27.9641,6.18119,4.39607
0,250,18.4751,28.1568,7.06238,3.00108
0,250,18.842,28.4487,6.99343,2.59414
0,250,19.1353,28.817,7.48779,2.04788
0,250,19.4894,29.113,5.39912,0.226404
0,250,20.0196,29.2441,9.2815,2.07643
0,250,20.3493,29.6596,8.2226,0.638609
0,250,21.2001,29.9816,8.84301,3.58765
0,250,21.5747,30.2758,11.3212,2.47428
0,250,22.1361,30.613,11.7286,1.61849
0,250,22.2939,30.993,11.4713,2.82862
0,250,22.8822,30.6944,11.373,0.295651
0,250,22.0981,31.4756,11.3931,2.60061
0,250,23.1966,31.2301,10.0959,1.52798
0,250,21.8927,31.8813,7.51646,2.35582
0,250,22.7466,31.1989,10.9749,-0.00706375
0,250,23.4316,31.7091,12.6251,1.9041
0,250,22.9746,31.8559,9.43946,0.202802
0,250,25.0143,32.0225,9.36826,2.64011
0,250,21.4061,32.1342,9.64859,4.17502
0,250,15.4183,23.7287,3.70536,4.93358
0,250,15.7606,24.3656,3.64366,4.64106
0,250,16.1761,24.9272,4.88454,4.49894
0,250,16.5101,25.4558,4.58126,4.49939
0,250,16.9682,25.9003,5.89457,4.45601
0,250,17.2841,26.3348,5.1047,3.05254
0,250,17.6753,26.7354,6.77625,4.09305
0,250,18.1066,27.1371,6.30972,2.58046
0,250,18.4157,27.5541,5.7437,2.98161
0,250,18.8202,27.6778,6.37437,2.10369
0,250,19.1375,28.0881,6.98386,3.59313
0,250,19.5019,28.5083,7.48187,3.12416
0,250,19.9182,28.7215,6.92271,0.180875
0,250,20.432,29.0219,10.9414,2.57984
0,250,20.7665,29.3766,9.46413,1.22939
0,250,21.2092,29.5621,9.7284,3.22202
0,250,21.9327,29.9515,9.4443,1.69401
0,250,22.2711,30.2625,10.8584,0.330631
0,250,22.9206,30.2995,13.1129,1.13531
0,250,23.3956,30.7291,12.6187,2.39815
0,250,24.195,30.5531,14.8339,-0.329811
0,250,23.7466,30.994,11.2688,2.03283
0,250,24.1972,31.0418,11.7396,-0.590637
0,250,24.4983,31.3283,13.467,-1.87877
0,250,23.7949,31.5645,14.086,1.29986
0,250,25.5827,31.5411,17.2398,2.65845
0,250,24.2505,31.7542,13.1359,-0.229383
0,250,24.5453,31.9294,14.0349,-3.79165
0,250,26.1756,31.5824,12.6997,1.8857
0,250,23.7066,32.1672,9.74479,-6.41562
0,250,15.781,23.9028,3.08323,4.91673
0,250,16.3,24.425,3.36936,3.77854
0,250,16.7118,25.093,4.88913,4.14315
0,250,17.1458,25.5901,4.86982,3.93091
0,250,17.6682,26.1186,6.74052,3.46719
0,250,18.2427,26.6841,6.49807,4.69187
0,250,18.6987,27.1028,5.8689,4.66341
0,250,19.3532,27.5409,8.63942,4.88679
0,250,19.6998,27.8939,8.40227,2.47698
0,250,19.9748,28.2104,7.23032,3.57131
0,250,20.4037,28.5031,8.18146,3.59995
0,250,20.8829,28.6739,7.29483,1.951
0,250,21.1439,29.0234,9.83293,1.69152
0,250,21.6645,29.2836,9.27956,4.20209
0,250,22.0216,29.4514,9.87958,3.31943
0,250,22.4948,29.6721,10.721,1.44072
0,250,22.8588,29.9152,11.6714,-0.606153
0,250,23.4699,30.1866,12.0621,1.43338
0,250,23.8389,30.3226,13.7155,0.545632
0,250,24.8304,30.6704,13.1852,1.58408
0,250,24.9295,31.0785,13.9321,3.0074
0,250,25.4317,30.9525,12.3974,1.55916
0,250,25.184,31.5215,11.0351,3.72167
0,250,26.8811,31.1453,13.1917,2.09916
0,250,25.8916,31.1887,13.4329,-0.145284
0,250,27.2974,31.3245,14.9656,0.112015
0,250,26.5211,31.0336,10.724,-1.83797
0,250,26.1471,31.9656,11.9201,5.06437
0,250,26.6958,31.6033,5.64428,-0.524631
0,250,25.5232,32.072,15.1198,-0.820861
0,250,16.7391,24.4686,4.14449,4.56477
0,250,17.3737,25.0623,6.63423,5.1976
0,250,17.9067,25.7587,6.63097,5.16059
0,250,18.1015,26.3166,6.12206,4.03917
0,250,18.8372,26.7069,8.07097,4.22915
0,250,19.2276,27.1183,6.40009,4.15992
0,250,19.9308,27.4766,7.80816,4.05334
0,250,20.4539,27.8191,6.91877,2.88942
0,250,20.7935,28.2085,8.66003,3.71203
0,250,21.4537,28.5094,10.5891,3.97278
0,250,21.7711,28.8279,11.254,2.4692
0,250,22.2993,28.9082,9.58378,3.46205
0,250,22.6371,29.1706,12.6468,2.53393
0,250,23.1969,29.5072,10.6328,2.98841
0,250,23.6559,29.6544,12.2432,1.81886
0,250,24.2966,29.833,12.9365,1.2108
0,250,24.5267,30.2432,14.1172,0.973326
0,250,25.012,30.0628,12.2517,0.579527
0,250,25.2333,30.4254,12.2698,-0.702188
0,250,26.6103,30.4057,12.3357,-1.71865
0,250,26.1347,30.6965,11.4147,-0.0349905
0,250,27.5678,30.9037,17.7289,-4.17845
0,250,28.3441,30.9451,20.7027,-2.76072
0,250,28.8253,30.8807,16.1178,0.267515
0,250,27.6481,31.6944,14.1336,-0.567677
0,250,28.0535,31.168,11.9586,-0.761696
0,250,26.6008,32.0778,7.9829,4.72437
0,250,27.2352,31.7737,10.5184,-5.90457
0,250,28.4893,31.4915,11.2323,-4.7839
0,250,28.0488,32.0552,15.3351,6.21775
0,250,16.9549,24.719,4.78055,4.81713
0,250,17.629,25.2324,5.03216,4.65639
0,250,18.4308,25.8369,6.79834,5.07488
0,250,18.8674,26.285,6.26232,4.24073
0,250,19.7393,27.0442,9.28491,4.83483
0,250,20.4814,27.5193,8.85216,3.24743
0,250,21.184,27.9472,10.2293,3.23371
0,250,21.6389,28.1508,10.1845,4.42564
0,250,22.3268,28.4647,9.50646,3.18894
0,250,22.8995,28.7392,11.6053,3.17244
0,250,23.1786,29.1616,11.1451,2.48817
0,250,23.8834,29.0406,10.8198,1.75152
0,250,24.0537,29.5435,11.4629,1.31074
0,250,24.7424,29.609,13.8179,3.29167
0,250,25.3592,29.7139,13.663,1.81398
0,250,26.0355,30.268,13.9523,-2.13491
0,250,25.6962,30.5579,9.3224,0.52552
0,250,27.3512,30.185,14.7362,-0.0100903
0,250,27.0883,30.5945,16.0841,-3.36864
0,250,27.7988,30.5767,12.9769,-2.29462
0,250,28.6228,30.4706,13.4292,-0.188902
0,250,29.0607,31.4841,16.7629,-1.3601
0,250,29.2363,31.0124,13.6209,-3.08257
0,250,30.3087,30.7128,10.7867,-9.2552
0,250,29.4965,31.3907,11.7378,-3.92311
0,250,29.7887,31.8661,9.88879,2.7206
0,250,29.4298,31.9909,15.2233,-1.37753
0,250,30.0052,31.5681,0.443433,-1.51985
0,250,28.9241,31.9924,10.0237,-1.61915
0,250,28.3337,31.8255,9.62425,-2.30818
0,250,18.1728,25.4102,5.53943,5.13613
0,250,19.2628,26.0842,8.62095,4.97492
0,250,19.5372,26.6017,7.54788,3.7532
0,250,20.3733,27.01,9.44884,4.66595
0,250,21.0842,27.5496,10.0477,5.21271
0,250,21.9184,27.8286,11.1878,2.44805
0,250,22.3937,28.1509,10.7864,2.09024
0,250,23.4036,28.5617,11.71,4.08879
0,250,23.8863,28.7942,13.01,3.81092
0,250,24.6176,29.1181,13.6856,3.277
0,250,25.1924,29.3774,14.7114,2.61453
0,250,25.754,29.5066,14.1144,1.99992
0,250,26.2172,29.8423,14.1679,1.74352
0,250,26.694,29.6354,13.3354,-2.96235
0,250,26.84,30.098,13.8618,0.0135707
0,250,27.4729,29.6649,14.5733,-1.74318
0,250,27.8384,30.1938,18.0156,-0.661765
0,250,28.444,30.0439,14.1945,-2.9095
0,250,29.3015,30.3988,17.9884,-5.3357
0,250,29.695,30.6091,13.8053,-3.20209
0,250,29.9692,30.9041,13.1505,-1.50558
0,250,30.0191,30.2646,7.15629,-3.66275
0,250,30.6883,30.445,8.52662,-4.66913
0,250,31.1413,29.5737,4.51706,-19.0918
0,250,31.0733,30.2337,8.88342,-11.9077
0,250,30.6974,32.0379,-0.714482,6.06114
0,250,30.44,31.4673,3.9191,-2.65388
0,250,32.3501,30.0604,-5.85339,-11.659
0,250,31.348,32.1267,4.14896,6.65226
0,250,30.3812,32.0992,14.5861,3.23767
0,250,18.8084,25.8039,7.21606,5.15548
0,250,19.8083,26.307,6.85693,6.36755
0,250,20.998,26.8668,8.41982,4.99012
0,250,21.7094,27.2288,10.1563,3.78095
0,250,22.6851,27.7335,11.605,3.60683
0,250,23.1809,28.2516,11.4353,4.09688
0,250,24.0011,28.2437,13.256,2.06881
0,250,24.5943,28.7189,12.8462,1.5501
0,250,25.2417,28.7615,13.8712,3.56109
0,250,25.8203,29.0297,14.7879,0.533196
0,250,26.3765,29.3101,14.4882,1.72444
0,250,27.141,29.4308,13.7617,-0.556985
0,250,27.9358,29.2488,19.8522,-2.41348
0,250,27.9993,29.709,12.3733,-4.04365
0,250,29.1557,29.6427,18.2723,-4.41134
0,250,28.9668,30.1613,11.2104,-5.33883
0,250,29.6332,29.9932,13.4116,-5.04898
0,250,30.2393,29.8102,15.0771,-5.11879
0,250,30.9534,29.6205,4.54984,-11.2463
0,250,30.513,29.9438,2.22879,-15.3873
0,250,30.6222,31.0592,2.59639,-5.59614
0,250,31.4992,29.8474,9.50436,-6.26192
0,250,31.1269,31.7594,12.4509,2.47459
0,250,31.3909,31.3075,-2.50161,-4.0463
0,250,31.9102,31.5193,12.4607,-4.36618
0,250,31.7981,29.5341,8.51755,-10.3622
0,250,30.9354,31.231,-2.75741,0.649167
0,250,31.386,30.4715,-1.08116,-13.7677
0,250,31.8074,30.7668,-10.4096,-15.7462
0,250,31.6774,31.148,-12.3414,-5.44312
0,250,20.2072,26.7368,7.53632,4.75984
0,250,21.2216,27.1567,10.066,4.16064
0,250,21.96,27.4313,9.60303,3.80285
0,250,22.9459,27.8774,11.2412,3.31044
0,250,23.7516,28.0676,11.9789,4.13777
0,250,24.768,28.4189,13.4745,2.94773
0,250,25.4538,28.597,15.3859,2.3942
0,250,26.2288,28.7942,15.2475,2.99535
0,250,26.8627,29.0748,15.2061,2.16428
0,250,27.5822,29.068,15.3469,-0.721727
0,250,28.4712,29.4143,15.934,-1.75691
0,250,28.705,29.461,17.7028,-2.94122
0,250,29.518,29.4792,17.4452,-3.90857
0,250,30.0192,29.3397,13.674,-8.5446
0,250,30.37,29.2988,13.155,-18.8727
0,250,30.7708,29.1154,9.17617,-15.4441
0,250,30.9876,28.728,4.61072,-16.2316
0,250,31.2613,28.5528,9.48118,-19.9037
0,250,31.4937,28.8795,2.6461,-20.2929
0,250,31.5314,27.7297,4.49954,-27.3046
0,250,31.6607,30.2624,9.01962,-4.1312
0,250,31.6937,27.0756,1.9029,-28.657
0,250,31.821,27.2383,4.02081,-25.6517
0,250,31.5578,26.1981,-2.4579,-33.6385
0,250,32.3532,28.6627,4.59548,-22.4338
0,250,29.3851,25.2582,-23.1317,-35.9465
0,250,31.9082,29.2982,7.82594,-24.8239
0,250,32.3191,32.0384,1.33506,3.12125
0,250,30.0728,23.1887,-7.49099,-39.1773
0,250,31.5149,27.7343,-6.98657,-25.68
1,250,1.5,1.5,0,0
1,250,1.5,2,0,0
1,250,32.5,1.5,0,0
1,250,33,1.5,0,0
1,250,2.5,32.5,0,0
1,250,2.5,33,0,0
1,250,1.5,2.5,0,0
1,250,2,2.5,0,0
1,250,2,1.5,0,0
1,250,2,2,0,0
1,250,32.5,2,0,0
1,250,33,2,0,0
1,250,3,32.5,0,0
1,250,3,33,0,0
1,250,1.5,3,0,0
1,250,2,3,0,0
1,250,2.5,1.5,0,0
1,250,2.5,2,0,0
1,250,32.5,2.5,0,0
1,250,33,2.5,0,0
1,250,3.5,32.5,0,0
1,250,3.5,33,0,0
1,250,1.5,3.5,0,0
1,250,2,3.5,0,0
1,250,3,1.5,0,0
1,250,3,2,0,0
1,250,32.5,3,0,0
1,250,33,3,0,0
1,250,4,32.5,0,0
1,250,4,33,0,0
1,250,1.5,4,0,0
1,250,2,4,0,0
1,250,3.5,1.5,0,0
1,250,3.5,2,0,0
1,250,32.5,3.5,0,0
1,250,33,3.5,0,0
1,250,4.5,32.5,0,0
1,250,4.5,33,0,0
1,250,1.5,4.5,0,0
1,250,2,4.5,0,0
1,250,4,1.5,0,0
1,250,4,2,0,0
1,250,32.5,4,0,0
1,250,33,4,0,0
1,250,5,32.5,0,0
1,250,5,33,0,0
1,250,1.5,5,0,0
1,250,2,5,0,0
1,250,4.5,1.5,0,0
1,250,4.5,2,0,0
1,250,32.5,4.5,0,0
1,250,33,4.5,0,0
1,250,5.5,32.5,0,0
1,250,5.5,33,0,0
1,250,1.5,5.5,0,0
1,250,2,5.5,0,0
1,250,5,1.5,0,0
1,250,5,2,0,0
1,250,32.5,5,0,0
1,250,33,5,0,0
1,250,6,32.5,0,0
1,250,6,33,0,0
1,250,1.5,6,0,0
1,250,2,6,0,0
1,250,5.5,1.5,0,0
1,250,5.5,2,0,0
1,250,32.5,5.5,0,0
1,250,33,5.5,0,0
1,250,6.5,32.5,0,0
1,250,6.5,33,0,0
1,250,1.5,6.5,0,0
1,250,2,6.5,0,0
1,250,6,1.5,0,0
1,250,6,2,0,0
1,250,32.5,6,0,0
1,250,33,6,0,0
1,250,7,32.5,0,0
1,250,7,33,0,0
1,250,1.5,7,0,0
1,250,2,7,0,0
1,250,6.5,1.5,0,0
1,250,6.5,2,0,0
1,250,32.5,6.5,0,0
1,250,33,6.5,0,0
1,250,7.5,32.5,0,0
1,250,7.5,33,0,0
1,250,1.5,7.5,0,0
1,250,2,7.5,0,0
1,250,7,1.5,0,0
1,250,7,2,0,0
1,250,32.5,7,0,0
1,250,33,7,0,0
1,250,8,32.5,0,0
1,250,8,33,0,0
1,250,1.5,8,0,0
1,250,2,8,0,0
1,250,7.5,1.5,0,0
1,250,7.5,2,0,0
1,250,32.5,7.5,0,0
1,250,33,7.5,0,0
1,250,8.5,32.5,0,0
1,250,8.5,33,0,0
1,250,1.5,8.5,0,0
1,250,2,8.5,0,0
1,250,8,1.5,0,0
1,250,8,2,0,0
1,250,32.5,8,0,0
1,250,33,8,0,0
1,250,9,32.5,0,0
1,250,9,33,0,0
1,250,1.5,9,0,0
1,250,2,9,0,0
1,250,8.5,1.5,0,0
1,250,8.5,2,0,0
1,250,32.5,8.5,0,0
1,250,33,8.5,0,0
1,250,9.5,32.5,0,0
1,250,9.5,33,0,0
1,250,1.5,9.5,0,0
1,250,2,9.5,0,0
1,250,9,1.5,0,0
1,250,9,2,0,0
1,250,32.5,9,0,0
1,250,33,9,0,0
1,250,10,32.5,0,0
1,250,10,33,0,0
1,250,1.5,10,0,0
1,250,2,10,0,0
1,250,9.5,1.5,0,0
1,250,9.5,2,0,0
1,250,32.5,9.5,0,0
1,250,33,9.5,0,0
1,250,10.5,32.5,0,0
1,250,10.5,33,0,0
1,250,1.5,10.5,0,0
1,250,2,10.5,0,0
1,250,10,1.5,0,0
1,250,10,2,0,0
1,250,32.5,10,0,0
1,250,33,10,0,0
1,250,11,32.5,0,0
1,250,11,33,0,0
1,250,1.5,11,0,0
1,250,2,11,0,0
1,250,10.5,1.5,0,0
1,250,10.5,2,0,0
1,250,32.5,10.5,0,0
1,250,33,10.5,0,0
1,250,11.5,32.5,0,0
1,250,11.5,33,0,0
1,250,1.5,11.5,0,0
1,250,2,11.5,0,0
1,250,11,1.5,0,0
1,250,11,2,0,0
1,250,32.5,11,0,0
1,250,33,11,0,0
1,250,12,32.5,0,0
1,250,12,33,0,0
1,250,1.5,12,0,0
1,250,2,12,0,0
1,250,11.5,1.5,0,0
1,250,11.5,2,0,0
1,250,32.5,11.5,0,0
1,250,33,11.5,0,0
1,250,12.5,32.5,0,0
1,250,12.5,33,0,0
1,250,1.5,12.5,0,0
1,250,2,12.5,0,0
1,250,12,1.5,0,0
1,250,12,2,0,0
1,250,32.5,12,0,0
1,250,33,12,0,0
1,250,13,32.5,0,0
1,250,13,33,0,0
1,250,1.5,13,0,0
1,250,2,13,0,0
1,250,12.5,1.5,0,0
1,250,12.5,2,0,0
1,250,32.5,12.5,0,0
1,250,33,12.5,0,0
1,250,13.5,32.5,0,0
1,250,13.5,33,0,0
1,250,1.5,13.5,0,0
1,250,2,13.5,0,0
1,250,13,1.5,0,0
1,250,13,2,0,0
1,250,32.5,13,0,0
1,250,33,13,0,0
1,250,14,32.5,0,0
1,250,14,33,0,0
1,250,1.5,14,0,0
1,250,2,14,0,0
1,250,13.5,1.5,0,0
1,250,13.5,2,0,0
1,250,32.5,13.5,0,0
1,250,33,13.5,0,0
1,250,14.5,32.5,0,0
1,250,14.5,33,0,0
1,250,1.5,14.5,0,0
1,250,2,14.5,0,0
1,250,14,1.5,0,0
1,250,14,2,0,0
1,250,32.5,14,0,0
1,250,33,14,0,0
1,250,15,32.5,0,0
1,250,15,33,0,0
1,250,1.5,15,0,0
1,250,2,15,0,0
1,250,14.5,1.5,0,0
1,250,14.5,2,0,0
1,250,32.5,14.5,0,0
1,250,33,14.5,0,0
1,250,15.5,32.5,0,0
1,250,15.5,33,0,0
1,250,1.5,15.5,0,0
1,250,2,15.5,0,0
1,250,15,1.5,0,0
1,250,15,2,0,0
1,250,32.5,15,0,0
1,250,33,15,0,0
1,250,16,32.5,0,0
1,250,16,33,0,0
1,250,1.5,16,0,0
1,250,2,16,0,0
1,250,15.5,1.5,0,0
1,250,15.5,2,0,0
1,250,32.5,15.5,0,0
1,250,33,15.5,0,0
1,250,16.5,32.5,0,0
1,250,16.5,33,0,0
1,250,1.5,16.5,0,0
1,250,2,16.5,0,0
1,250,16,1.5,0,0
1,250,16,2,0,0
1,250,32.5,16,0,0
1,250,33,16,0,0
1,250,17,32.5,0,0
1,250,17,33,0,0
1,250,1.5,17,0,0
1,250,2,17,0,0
1,250,16.5,1.5,0,0
1,250,16.5,2,0,0
1,250,32.5,16.5,0,0
1,250,33,16.5,0,0
1,250,17.5,32.5,0,0
1,250,17.5,33,0,0
1,250,1.5,17.5,0,0
1,250,2,17.5,0,0
1,250,17,1.5,0,0
1,250,17,2,0,0
1,250,32.5,17,0,0
1,250,33,17,0,0
1,250,18,32.5,0,0
1,250,18,33,0,0
1,250,1.5,18,0,0
1,250,2,18,0,0
1,250,17.5,1.5,0,0
1,250,17.5,2,0,0
1,250,32.5,17.5,0,0
1,250,33,17.5,0,0
1,250,18.5,32.5,0,0
1,250,18.5,33,0,0
1,250,1.5,18.5,0,0
1,250,2,18.5,0,0
1,250,18,1.5,0,0
1,250,18,2,0,0
1,250,32.5,18,0,0
1,250,33,18,0,0
1,250,19,32.5,0,0
1,250,19,33,0,0
1,250,1.5,19,0,0
1,250,2,19,0,0
1,250,18.5,1.5,0,0
1,250,18.5,2,0,0
1,250,32.5,18.5,0,0
1,250,33,18.5,0,0
1,250,19.5,32.5,0,0
1,250,19.5,33,0,0
1,250,1.5,19.5,0,0
1,250,2,19.5,0,0
1,250,19,1.5,0,0
1,250,19,2,0,0
1,250,32.5,19,0,0
1,250,33,19,0,0
1,250,20,32.5,0,0
1,250,20,33,0,0
1,250,1.5,20,0,0
1,250,2,20,0,0
1,250,19.5,1.5,0,0
1,250,19.5,2,0,0
1,250,32.5,19.5,0,0
1,250,33,19.5,0,0
1,250,20.5,32.5,0,0
1,250,20.5,33,0,0
1,250,1.5,20.5,0,0
1,250,2,20.5,0,0
1,250,20,1.5,0,0
1,250,20,2,0,0
1,250,32.5,20,0,0
1,250,33,20,0,0
1,250,21,32.5,0,0
1,250,21,33,0,0
1,250,1.5,21,0,0
1,250,2,21,0,0
1,250,20.5,1.5,0,0
1,250,20.5,2,0,0
1,250,32.5,20.5,0,0
1,250,33,20.5,0,0
1,250,21.5,32.5,0,0
1,250,21.5,33,0,0
1,250,1.5,21.5,0,0
1,250,2,21.5,0,0
1,250,21,1.5,0,0
1,250,21,2,0,0
1,250,32.5,21,0,0
1,250,33,21,0,0
1,250,22,32.5,0,0
1,250,22,33,0,0
1,250,1.5,22,0,0
1,250,2,22,0,0
1,250,21.5,1.5,0,0
1,250,21.5,2,0,0
1,250,32.5,21.5,0,0
1,250,33,21.5,0,0
1,250,22.5,32.5,0,0
1,250,22.5,33,0,0
1,250,1.5,22.5,0,0
1,250,2,22.5,0,0
1,250,22,1.5,0,0
1,250,22,2,0,0
1,250,32.5,22,0,0
1,250,33,22,0,0
1,250,23,32.5,0,0
1,250,23,33,0,0
1,250,1.5,23,0,0
1,250,2,23,0,0
1,250,22.5,1.5,0,0
1,250,22.5,2,0,0
1,250,32.5,22.5,0,0
1,250,33,22.5,0,0
1,250,23.5,32.5,0,0
1,250,23.5,33,0,0
1,250,1.5,23.5,0,0
1,250,2,23.5,0,0
1,250,23,1.5,0,0
1,250,23,2,0,0
1,250,32.5,23,0,0
1,250,33,23,0,0
1,250,24,32.5,0,0
1,250,24,33,0,0
1,250,1.5,24,0,0
1,250,2,24,0,0
1,250,23.5,1.5,0,0
1,250,23.5,2,0,0
1,250,32.5,23.5,0,0
1,250,33,23.5,0,0
1,250,24.5,32.5,0,0
1,250,24.5,33,0,0
1,250,1.5,24.5,0,0
1,250,2,24.5,0,0
1,250,24,1.5,0,0
1,250,24,2,0,0
1,250,32.5,24,0,0
1,250,33,24,0,0
1,250,25,32.5,0,0
1,250,25,33,0,0
1,250,1.5,25,0,0
1,250,2,25,0,0
1,250,24.5,1.5,0,0
1,250,24.5,2,0,0
1,250,32.5,24.5,0,0
1,250,33,24.5,0,0
1,250,25.5,32.5,0,0
1,250,25.5,33,0,0
1,250,1.5,25.5,0,0
1,250,2,25.5,0,0
1,250,25,1.5,0,0
1,250,25,2,0,0
1,250,32.5,25,0,0
1,250,33,25,0,0
1,250,26,32.5,0,0
1,250,26,33,0,0
1,250,1.5,26,0,0
1,250,2,26,0,0
1,250,25.5,1.5,0,0
1,250,25.5,2,0,0
1,250,32.5,25.5,0,0
1,250,33,25.5,0,0
1,250,26.5,32.5,0,0
1,250,26.5,33,0,0
1,250,1.5,26.5,0,0
1,250,2,26.5,0,0
1,250,26,1.5,0,0
1,250,26,2,0,0
1,250,32.5,26,0,0
1,250,33,26,0,0
1,250,27,32.5,0,0
1,250,27,33,0,0
1,250,1.5,27,0,0
1,250,2,27,0,0
1,250,26.5,1.5,0,0
1,250,26.5,2,0,0
1,250,32.5,26.5,0,0
1,250,33,26.5,0,0
1,250,27.5,32.5,0,0
1,250,27.5,33,0,0
1,250,1.5,27.5,0,0
1,250,2,27.5,0,0
1,250,27,1.5,0,0
1,250,27,2,0,0
1,250,32.5,27,0,0
1,250,33,27,0,0
1,250,28,32.5,0,0
1,250,28,33,0,0
1,250,1.5,28,0,0
1,250,2,28,0,0
1,250,27.5,1.5,0,0
1,250,27.5,2,0,0
1,250,32.5,27.5,0,0
1,250,33,27.5,0,0
1,250,28.5,32.5,0,0
1,250,28.5,33,0,0
1,250,1.5,28.5,0,0
1,250,2,28.5,0,0
1,250,28,1.5,0,0
1,250,28,2,0,0
1,250,32.5,28,0,0
1,250,33,28,0,0
1,250,29,32.5,0,0
1,250,29,33,0,0
1,250,1.5,29,0,0
1,250,2,29,0,0
1,250,28.5,1.5,0,0
1,250,28.5,2,0,0
1,250,32.5,28.5,0,0
1,250,33,28.5,0,0
1,250,29.5,32.5,0,0
1,250,29.5,33,0,0
1,250,1.5,29.5,0,0
1,250,2,29.5,0,0
1,250,29,1.5,0,0
1,250,29,2,0,0
1,250,32.5,29,0,0
1,250,33,29,0,0
1,250,30,32.5,0,0
1,250,30,33,0,0
1,250,1.5,30,0,0
1,250,2,30,0,0
1,250,29.5,1.5,0,0
1,250,29.5,2,0,0
1,250,32.5,29.5,0,0
1,250,33,29.5,0,0
1,250,30.5,32.5,0,0
1,250,30.5,33,0,0
1,250,1.5,30.5,0,0
1,250,2,30.5,0,0
1,250,30,1.5,0,0
1,250,30,2,0,0
1,250,32.5,30,0,0
1,250,33,30,0,0
1,250,31,32.5,0,0
1,250,31,33,0,0
1,250,1.5,31,0,0
1,250,2,31,0,0
1,250,30.5,1.5,0,0
1,250,30.5,2,0,0
1,250,32.5,30.5,0,0
1,250,33,30.5,0,0
1,250,31.5,32.5,0,0
1,250,31.5,33,0,0
1,250,1.5,31.5,0,0
1,250,2,31.5,0,0
1,250,31,1.5,0,0
1,250,31,2,0,0
1,250,32.5,31,0,0
1,250,33,31,0,0
1,250,32,32.5,0,0
1,250,32,33,0,0
1,250,1.5,32,0,0
1,250,2,32,0,0
1,250,31.5,1.5,0,0
1,250,31.5,2,0,0
1,250,32.5,31.5,0,0
1,250,33,31.5,0,0
1,250,32.5,32.5,0,0
1,250,32.5,33,0,0
1,250,1.5,32.5,0,0
1,250,2,32.5,0,0
1,250,32,1.5,0,0
1,250,32,2,0,0
1,250,32.5,32,0,0
1,250,33,32,0,0
1,250,33,32.5,0,0
1,250,33,33,0,0
1,250,1.5,33,0,0
1,250,2,33,0,0
