1396 2 0.5 5e+06 0.05 2 0 0.001 0 9.81 35 35
0,250,3.14589,24.2263,-0.360403,2.26101
0,250,2.43899,25.3125,-0.025456,2.05001
0,250,2.95544,25.044,0.383805,-0.346738
0,250,2.49085,27.0967,1.88979,0.51801
0,250,2.96784,27.2153,4.50429,-0.225727
0,250,2.91486,26.5602,-2.61529,-3.47993
0,250,3.37531,27.2671,2.17623,-0.943303
0,250,3.47258,27.7682,0.501266,3.36777
0,250,2.62993,27.6142,-1.33496,8.74629
0,250,2.59105,28.3094,-2.99269,-0.514706
0,250,3.29559,28.0582,2.02822,-0.0660594
0,250,2.68928,28.6828,-0.372664,1.06443
0,250,3.23368,28.5895,0.765024,0.350538
0,250,2.67363,29.1005,3.23053,-1.43772
0,250,2.99242,29.5375,3.14885,3.84756
0,250,2.61376,30.4379,5.34233,3.90027
0,250,3.35146,31.3539,0.741841,1.02629
0,250,2.77037,31.4001,-0.0250671,-11.7213
0,250,3.95348,30.2278,2.02061,-0.0905894
0,250,3.70684,31.0368,3.76034,-3.99485
0,250,2.88892,30.7636,-3.27389,6.19465
0,250,2.47021,31.7513,1.73481,-1.27452
0,250,3.06464,31.8832,5.99121,0.832512
0,250,3.66116,31.6843,4.66023,3.72227
0,250,4.73637,31.0334,1.07531,-4.46491
0,250,3.92524,32.0028,0.299996,-2.94887
0,250,5.12166,31.5824,-0.469453,3.74156
0,250,4.02571,31.5695,4.7859,-3.11025
0,250,4.68324,31.6279,6.72247,-0.868385
0,250,4.47615,31.9189,2.9161,2.64703
0,250,3.86312,24.1401,0.777883,1.01848
0,250,2.92463,23.9347,1.05957,1.78932
0,250,2.47987,24.2614,1.62575,2.72059
0,250,3.72528,24.8196,-0.375626,2.50833
0,250,3.75579,25.1569,-1.41508,2.03675
0,250,2.99917,25.5917,-1.21702,0.476577
0,250,2.53822,25.7996,-0.881661,2.64437
0,250,2.42266,26.5382,-4.12256,1.10128
0,250,3.87478,26.8166,-1.4221,1.51239
0,250,3.58595,26.3413,-2.32532,2.65627
0,250,4.62391,27.083,2.68539,1.73056
0,250,2.67661,27.9434,-1.70664,-0.0584589
0,250,3.95825,27.7028,0.159544,-1.07972
0,250,3.73313,28.4804,0.711189,3.80518
0,250,3.60715,28.9372,-1.36805,2.84428
0,250,3.97076,29.3307,1.12777,-0.0647437
0,250,3.50026,29.3044,2.40887,0.494826
0,250,2.59841,30.0697,-0.0765563,1.43515
0,250,3.12263,30.1731,0.204015,-1.16275
0,250,5.09846,29.8463,1.19859,2.31419
0,250,4.86406,30.384,5.98647,1.66053
0,250,5.31707,30.4382,-0.271371,-0.211297
0,250,3.0527,30.9029,-4.94138,2.08857
0,250,4.33283,31.1683,2.51244,-0.32535
0,250,4.32942,30.5299,4.40985,0.868726
0,250,5.07887,31.0316,3.70558,-0.383453
0,250,5.68687,31.3988,2.16565,-0.983877
0,250,5.62801,31.9348,1.41177,2.52702
0,250,5.99213,31.9189,-2.67829,2.69415
0,250,5.10759,32.2324,2.71743,-5.47469
0,250,4.84306,24.4944,0.50122,2.80355
0,250,2.96941,24.5463,0.239021,1.85767
0,250,4.25819,25.246,0.97457,1.88905
0,250,3.91269,25.5843,-0.462772,0.334557
0,250,4.58584,25.5938,0.92675,1.97904
0,250,3.38826,25.812,-0.539619,2.48808
0,250,4.3329,26.6697,0.00267238,0.908904
0,250,2.87497,26.0459,-1.85657,2.11909
0,250,5.0746,26.7487,3.11524,-0.575652
0,250,5.01998,27.5509,1.68248,3.55898
0,250,3.25548,26.7109,1.69731,-2.36929
0,250,3.82863,27.1686,3.68341,1.2641
0,250,4.4318,27.3574,-0.977095,0.314262
0,250,3.97823,28.1369,0.27255,0.940931
0,250,4.36969,28.6055,5.13643,0.488538
0,250,4.34155,29.648,4.18429,2.34661
0,250,4.68378,29.4613,2.27337,0.254127
0,250,3.3815,29.831,2.795,3.50548
0,250,3.81607,29.9253,-1.42455,-0.717729
0,250,4.59467,30.1104,3.42792,2.02766
0,250,5.63754,30.1921,1.2596,0.00233832
0,250,6.13653,30.1383,2.73934,-0.464072
0,250,3.89992,30.7057,0.142087,-0.170686
0,250,6.51847,30.502,1.98682,-0.344173
0,250,5.58471,30.984,2.93039,2.69052
0,250,5.88996,30.6482,3.03592,-0.959991
0,250,6.17949,31.3247,1.29974,0.428689
0,250,6.72949,31.8013,3.59012,-3.06115
0,250,6.97306,31.602,6.65735,-0.0633686
0,250,7.32932,32.2188,-2.59257,6.62556
0,250,4.05915,24.0516,0.414643,1.62436
0,250,5.2461,24.8006,-0.074903,3.07341
0,250,4.39734,24.7145,0.100399,-0.127897
0,250,4.88227,25.2414,2.2846,0.190299
0,250,3.89653,26.1139,0.755686,3.58474
0,250,4.40069,26.2136,0.121769,0.417304
0,250,5.07581,26.3492,2.76195,2.01954
0,250,5.53017,26.4989,1.6316,-0.14687
0,250,5.30244,27.1452,0.0667445,-0.322045
0,250,5.3924,27.6924,1.59438,-0.662594
0,250,5.18242,28.1811,0.154951,2.44317
0,250,4.48754,27.8564,2.63152,-0.0650557
0,250,5.50892,28.4789,1.98141,-0.559129
0,250,4.71806,28.2691,1.05043,-0.780966
0,250,4.85683,28.7784,1.77552,2.06396
0,250,4.42724,28.9719,-0.648196,3.22801
0,250,5.17881,29.3762,1.93466,1.40847
0,250,5.59496,29.6607,1.82456,2.36883
0,250,5.96798,29.5159,2.49008,-1.68226
0,250,6.33737,29.77,2.80952,0.705308
0,250,6.75674,30.0074,-0.0680489,-4.61599
0,250,7.14236,29.8062,-1.10196,-0.174156
0,250,7.98348,30.4732,7.45142,1.44804
0,250,8.8117,31.0157,4.60061,3.91701
0,250,7.10712,30.4396,2.21173,-2.11963
0,250,6.36575,30.8488,0.356433,2.1661
0,250,7.67339,30.838,1.40563,-0.964566
0,250,6.87073,31.0273,2.16182,-4.46686
0,250,7.21549,30.957,3.48866,1.35641
0,250,7.39494,31.6012,2.07687,5.84634
0,250,5.46459,24.141,1.26894,1.42995
0,250,5.98043,24.2838,2.2965,2.54032
0,250,5.22629,25.3426,1.87125,2.06918
0,250,5.36298,25.8788,1.69791,3.2699
0,250,5.85663,25.1332,0.360168,2.1605
0,250,4.75828,25.982,0.270935,2.33326
0,250,5.72678,25.6997,1.57748,1.10919
0,250,5.85358,26.1421,0.791123,1.28371
0,250,6.04258,26.6428,1.85435,0.761503
0,250,6.03982,26.9854,2.2105,0.994158
0,250,5.76741,27.2852,1.54247,1.27105
0,250,6.02984,27.7902,2.62358,2.0276
0,250,6.63786,27.9172,1.3527,1.78498
0,250,7.18891,28.2574,2.05379,0.310431
0,250,5.8137,28.1556,1.16803,1.40658
0,250,6.41454,28.2731,3.1008,0.803276
0,250,5.34829,28.9503,1.31425,1.84886
0,250,6.13349,28.7286,4.39335,0.698981
0,250,5.77158,29.0415,1.65859,2.9615
0,250,7.02682,29.231,1.4976,-1.05003
0,250,6.66721,29.3632,-0.27841,-1.00034
0,250,7.61854,29.8256,2.03396,0.231377
0,250,8.23035,30.114,4.37303,0.605144
0,250,8.32916,30.947,2.64581,3.74754
0,250,8.21594,31.2459,7.06,1.94538
0,250,7.4903,30.333,4.66049,-3.14156
0,250,8.82588,31.5957,0.304544,0.0742528
0,250,7.70229,31.434,6.16306,-0.863027
0,250,7.95657,31.9044,7.26015,-1.39015
0,250,8.24853,31.8293,3.64167,1.99703
0,250,6.16519,24.3001,1.13846,2.71927
0,250,5.58901,24.7895,1.65985,1.36046
0,250,6.29937,25.0604,3.01542,1.33795
0,250,6.80832,25.1073,2.51543,2.1569
0,250,6.27318,25.498,2.88375,3.04253
0,250,6.78671,25.772,1.32672,-0.376394
0,250,6.39486,25.9816,-0.233422,2.32626
0,250,7.19552,26.132,2.02472,2.4244
0,250,6.57556,26.3677,0.103283,1.80027
0,250,6.83014,26.6566,0.761586,0.697626
0,250,6.66165,27.1239,3.2598,1.06104
0,250,7.08148,27.1833,0.605983,1.09543
0,250,6.38029,27.4789,0.714766,3.14148
0,250,7.02338,27.6986,2.7226,-0.102972
0,250,7.62431,28.1722,2.19512,1.47118
0,250,7.71274,28.9052,4.64948,1.86006
0,250,6.8647,28.5791,2.81415,0.514205
0,250,7.24629,28.8465,-0.563468,-1.98701
0,250,6.47832,28.914,2.41762,1.06856
0,250,7.62557,29.4778,1.0647,-0.925754
0,250,8.3039,29.7269,5.37465,0.309953
0,250,8.66876,30.0963,2.52478,0.767632
0,250,9.18037,30.0983,3.38492,-0.262497
0,250,8.74811,30.6091,4.16434,-2.43545
0,250,9.30297,30.6065,1.46157,-4.14599
0,250,9.26453,31.239,1.8373,-0.917908
0,250,11.1715,30.3047,4.90897,-1.25729
0,250,10.5053,31.9394,9.12867,4.93197
0,250,9.83298,31.635,4.42667,-4.91951
0,250,9.0289,31.9201,3.21669,1.26239
0,250,6.63899,24.1236,0.927163,1.815
0,250,7.35711,24.3012,1.09879,2.60363
0,250,6.89329,24.2935,1.26196,1.70565
0,250,7.03073,25.1727,0.975113,2.23872
0,250,7.35191,25.6445,2.61647,0.923655
0,250,7.62889,25.3122,2.92928,-0.0257444
0,250,7.8394,25.7979,3.33927,1.14853
0,250,7.75369,26.2425,3.20026,1.40097
0,250,7.33758,26.5332,2.86902,2.8418
0,250,8.08107,27.1207,2.29742,3.41899
0,250,7.48966,27.086,3.52754,1.95864
0,250,7.95756,27.5943,3.96866,0.619807
0,250,7.49859,27.7836,2.13751,-0.385992
0,250,8.07416,28.1782,3.4451,-0.147105
0,250,8.15506,28.688,3.25387,0.657816
0,250,8.54859,28.4931,2.34866,0.019173
0,250,8.06461,29.1996,4.24334,0.730935
0,250,8.84957,28.8459,3.89069,0.437157
0,250,8.53964,29.2362,2.19367,0.761263
0,250,9.8152,29.4528,2.95934,0.388397
0,250,8.90228,29.6226,4.28015,0.261084
0,250,9.42693,29.8349,3.12076,-0.193967
0,250,10.36,30.2076,1.22045,-0.1988
0,250,9.92327,30.0901,2.65094,-1.52016
0,250,9.79803,30.5481,5.73025,-2.35392
0,250,9.37738,31.8248,-2.87472,6.44488
0,250,9.56418,30.9562,3.69063,-0.0106583
0,250,11.3739,31.1879,5.52329,-1.53048
0,250,10.6719,30.6645,3.90188,-2.25317
0,250,9.87509,31.999,-0.32795,-5.16073
0,250,8.32741,24.2444,2.3086,2.83408
0,250,7.5381,24.6662,1.73896,2.29506
0,250,8.22799,24.6155,2.1339,2.14501
0,250,7.91212,25.0467,2.24203,2.66837
0,250,8.61762,25.4935,2.40082,1.79285
0,250,8.41817,25.8392,2.17666,1.32924
0,250,8.35354,26.2148,3.29579,2.29292
0,250,8.67442,26.5765,2.5848,0.785567
0,250,7.95102,26.7044,1.66711,1.81897
0,250,9.08508,27.049,1.17296,2.0303
0,250,8.55834,26.9975,2.32584,-0.152023
0,250,8.78558,27.461,2.70454,1.39755
0,250,8.3622,27.6769,1.61929,2.39233
0,250,9.39391,27.7146,1.53014,1.63993
0,250,8.73581,28.0426,1.53959,-0.318436
0,250,9.12115,28.1448,1.73135,1.56234
0,250,9.27637,28.5907,1.48264,0.0219965
0,250,9.60538,29.0471,3.06253,0.218118
0,250,9.18205,29.2435,2.44841,3.12461
0,250,10.6788,29.9806,1.58766,1.28576
0,250,10.4336,29.4903,4.60558,-0.359421
0,250,12.6329,29.9135,5.64513,0.0194994
0,250,11.5274,30.2353,2.7021,1.46608
0,250,10.186,30.7584,1.70947,0.918843
0,250,12.0829,30.4763,4.42533,-1.59263
0,250,11.1559,30.7114,3.26591,-1.13996
0,250,11.7991,30.9107,3.05392,-2.32219
0,250,11.5737,31.675,3.12136,1.78514
0,250,10.9476,31.7861,2.68575,0.94444
0,250,10.2571,31.3462,5.42041,-1.57335
0,250,9.1078,24.6263,2.57469,3.07425
0,250,8.9023,24.1896,2.8742,1.56179
0,250,8.65492,25.1051,2.17979,1.33482
0,250,9.37414,25.7171,3.74861,2.13318
0,250,9.01463,26.0314,1.89154,2.37003
0,250,9.71171,26.1559,2.221,-0.460788
0,250,9.11137,26.3733,1.99381,2.80211
0,250,9.40137,26.8662,3.01412,0.441635
0,250,10.1729,27.4759,2.99588,2.26291
0,250,10.6676,27.2972,5.08928,-0.628927
0,250,9.62387,27.4984,3.8741,0.993683
0,250,9.96476,27.9621,2.80812,1.39802
0,250,10.5358,27.8661,2.66762,-0.622187
0,250,10.802,28.2611,2.12954,0.940545
0,250,9.71285,28.2898,3.39302,0.249458
0,250,10.2878,28.442,1.85535,1.65409
0,250,9.9923,28.7318,3.12014,-0.387411
0,250,11.4053,29.3427,3.56999,0.625054
0,250,10.3029,29.1639,2.63169,0.2487
0,250,11.5854,29.7114,3.05648,0.701101
0,250,13.1134,30.4038,4.80259,1.51362
0,250,12.5536,30.4777,3.48077,-1.02282
0,250,13.7705,30.9363,5.86813,1.30978
0,250,11.9837,30.0758,4.18032,-0.995232
0,250,12.1322,31.1037,4.503,1.45575
0,250,12.0019,31.6242,2.38855,0.614903
0,250,12.2471,32.1054,2.6625,3.36073
0,250,13.0079,31.9976,5.93606,-1.58179
0,250,10.562,31.1311,6.32728,-1.86351
0,250,10.8823,31.5139,3.66552,-2.32311
0,250,9.55765,24.4181,2.06371,2.64645
0,250,9.08929,25.2164,3.17341,3.33924
0,250,9.64338,25.2563,2.34566,2.68572
0,250,9.90717,25.7873,3.16704,2.13161
0,250,10.499,25.7923,3.35548,2.18265
0,250,10.4768,26.3719,3.78143,1.29626
0,250,9.78099,26.5501,2.78369,2.54083
0,250,10.3764,26.7795,3.25275,2.20507
0,250,9.97921,27.0181,3.13545,2.29376
0,250,10.8979,27.007,3.62076,1.46784
0,250,11.4243,27.6002,4.42892,2.02393
0,250,11.6474,28.0767,4.91836,1.30117
0,250,11.077,27.6773,1.5876,1.03911
0,250,11.223,28.4044,3.36824,1.91487
0,250,10.7527,28.7546,3.64064,0.0507149
0,250,11.4806,28.777,3.07654,0.0913416
0,250,10.9406,29.6286,3.05053,-0.502424
0,250,11.8902,29.1986,3.02214,-0.0679117
0,250,10.9048,29.1255,3.43958,-0.182663
0,250,12.2056,29.5849,5.26507,1.51296
0,250,13.5238,29.8546,5.31436,-0.0334426
0,250,12.7609,30.8096,2.67691,0.627197
0,250,13.5449,30.4131,5.15795,1.48466
0,250,14.0108,31.4085,4.60851,-0.719939
0,250,13.0815,31.13,6.42462,-1.9094
0,250,14.6698,31.3162,6.55139,0.974846
0,250,12.4992,31.3414,0.435481,0.780467
0,250,12.7133,31.7398,2.57844,0.126993
0,250,13.4999,31.8283,3.80764,-1.59954
0,250,11.6029,32.0174,2.61072,0.143767
0,250,10.1136,24.9053,2.60863,3.78106
0,250,10.4522,24.7228,2.7528,2.05053
0,250,10.0785,25.376,3.14635,2.79227
0,250,10.7423,25.1686,3.62009,2.27586
0,250,11.1475,25.9218,5.09592,1.44907
0,250,10.8901,26.4169,2.23974,2.29696
0,250,11.3474,26.6913,3.85317,1.66609
0,250,11.4514,27.0886,3.70192,1.19211
0,250,12.0669,27.3266,3.6842,-0.778248
0,250,12.5416,27.6081,4.29287,2.57833
0,250,12.0007,27.8069,4.44345,1.32756
0,250,12.7424,28.1394,2.84885,2.05017
0,250,12.2649,28.2358,4.81156,0.831956
0,250,13.2955,28.5846,3.80313,2.02132
0,250,11.8772,28.5505,3.31608,0.973872
0,250,12.3054,28.9106,2.68511,1.64402
0,250,12.9997,29.001,4.64776,1.1543
0,250,13.2319,29.3396,3.98999,0.806607
0,250,12.5706,29.3923,3.0304,-0.66257
0,250,13.8617,29.7698,5.00784,2.1284
0,250,12.9827,29.8721,5.73526,0.176747
0,250,14.2834,30.0457,6.28707,-0.113903
0,250,13.9406,30.4721,4.57933,-1.25947
0,250,14.9062,30.7859,5.61069,0.851307
0,250,14.1994,31.0331,4.17248,0.592049
0,250,15.991,31.284,8.3074,2.16276
0,250,14.6718,32.024,2.57564,-1.28885
0,250,14.9595,31.6828,8.09787,0.941539
0,250,13.8447,31.9097,5.97185,2.39868
0,250,13.2835,31.4072,6.09682,-4.54439
0,250,10.9854,24.5752,3.45198,2.32813
0,250,11.2566,24.97,3.46242,3.00304
0,250,10.9462,25.5288,2.56578,2.26722
0,250,11.7902,25.7341,2.99504,2.22148
0,250,11.4294,26.1601,4.59938,1.5801
0,250,12.1986,26.1523,4.0696,2.32991
0,250,11.8916,26.5064,3.44182,1.60642
0,250,11.9369,26.918,4.4299,1.40466
0,250,12.6976,27.2042,4.61291,1.80956
0,250,13.3336,28.169,5.15835,1.77189
0,250,13.8343,28.2828,4.85491,1.1336
0,250,13.8573,28.7525,5.70454,1.67779
0,250,12.6774,28.6156,3.79766,0.940417
0,250,14.5936,28.9531,5.02585,0.174163
0,250,13.6373,29.1073,4.55274,2.2967
0,250,15.4702,29.4585,3.68508,0.262747
0,250,15.0251,29.1488,8.14498,1.6027
0,250,14.9386,29.7322,6.41239,1.66818
0,250,14.1397,29.3408,3.60753,0.78778
0,250,14.5567,29.541,4.8246,0.482434
0,250,14.5125,30.6144,5.51316,1.02557
0,250,15.8247,30.2131,4.75957,3.16739
0,250,15.6325,30.6395,5.46945,-0.682719
0,250,15.5737,31.1485,3.51056,-0.176379
0,250,15.1564,31.2063,7.7359,0.457408
0,250,15.7563,31.8238,3.14717,0.843373
0,250,14.3483,31.8177,4.6041,-0.385538
0,250,15.4412,31.8791,6.75345,-0.061545
0,250,17.6761,32.0496,4.85798,0.855585
0,250,17.2382,31.9748,4.36072,-3.86716
0,250,11.8865,24.7495,4.00707,2.37035
0,250,11.5194,25.1441,2.6784,3.68227
0,250,12.0002,25.4608,2.44912,2.69362
0,250,12.5029,25.9768,4.25074,2.59546
0,250,12.6882,26.4754,4.36518,2.06646
0,250,12.5731,26.7965,2.82605,0.852161
0,250,13.1791,27.1104,4.87773,1.79993
0,250,13.489,27.4282,5.58327,0.608151
0,250,13.0935,27.8066,2.09566,2.37046
0,250,13.9314,27.6555,4.78623,0.866372
0,250,14.4778,28.5908,5.99246,2.59371
0,250,14.9792,28.5485,5.84432,1.12703
0,250,15.7541,28.3656,7.61525,-0.220942
0,250,15.8684,29.3135,4.93585,1.18129
0,250,15.4174,28.7025,4.38696,0.494927
0,250,16.4087,29.0128,5.01933,0.86225
0,250,15.3575,29.9437,4.59381,2.72655
0,250,16.1521,29.7561,6.2155,2.24674
0,250,15.2786,30.414,5.34863,3.25479
0,250,14.7447,30.2165,6.00617,0.679616
0,250,16.5655,30.8722,4.49012,1.16253
0,250,16.8554,30.3885,3.14478,-1.87529
0,250,16.1233,30.9051,7.45882,-2.67639
0,250,16.936,30.917,5.71522,-0.461727
0,250,16.4484,31.5854,2.34739,-0.859295
0,250,16.6415,31.8456,0.245592,2.06505
0,250,16.2691,32.196,3.17899,-6.21434
0,250,17.4333,31.5472,3.97858,0.559539
0,250,18.3786,31.8485,6.76987,-0.643849
0,250,18.8195,32.044,7.14469,5.76413
0,250,12.35,25.1284,3.81565,2.86719
0,250,12.8391,25.0346,4.22564,2.45927
0,250,12.7531,25.5444,3.56029,1.84519
0,250,13.4929,25.8511,4.48062,2.41017
0,250,13.1885,26.2053,3.49895,2.21942
0,250,13.4224,26.7295,3.46443,3.39239
0,250,13.9002,26.8065,3.12723,1.8626
0,250,14.0133,27.2968,3.56778,0.721325
0,250,14.6359,27.6391,5.33788,1.13201
0,250,14.2142,28.0936,4.98835,1.41502
0,250,14.6976,28.0825,5.52858,2.40144
0,250,16.1077,28.2121,4.39767,0.324737
0,250,15.7911,28.9331,6.65053,1.49768
0,250,16.4287,28.586,5.98541,0.954326
0,250,16.8244,28.7115,6.16748,0.236627
0,250,17.6691,29.6863,3.18296,1.13849
0,250,16.5559,29.5432,5.1784,1.65211
0,250,16.7116,29.9998,2.92465,1.48381
0,250,16.2567,30.2898,5.48184,0.752851
0,250,18.3487,30.005,6.54226,-0.868569
0,250,17.3325,30.1769,3.76897,0.19804
0,250,17.9584,30.8634,4.19493,3.2671
0,250,17.4277,30.7142,6.25204,0.138179
0,250,17.6626,31.1264,3.99715,-1.67321
0,250,17.0021,31.4158,3.30321,-1.31886
0,250,18.5548,31.4366,6.51155,0.412424
0,250,17.9996,31.6197,3.58739,1.08699
0,250,19.3481,31.6884,3.64266,-2.28819
0,250,20.0071,32.0096,3.0705,-2.01413
0,250,19.3997,32.074,6.09862,0.303312
0,250,13.259,25.3874,3.92464,2.73338
0,250,13.678,25.3651,3.7393,1.30693
0,250,14.0209,25.8422,3.22705,2.69455
0,250,13.8125,26.4241,3.8191,2.08762
0,250,14.2972,26.3612,3.88067,1.46073
0,250,14.793,26.8054,5.19735,3.3379
0,250,14.5463,27.2751,5.42644,0.501938
0,250,15.1914,27.3377,5.56799,2.11808
0,250,15.2545,28.0337,6.38019,1.05706
0,250,16.2242,27.8017,5.01214,1.67735
0,250,16.9454,28.2239,5.0997,0.51017
0,250,17.3656,28.7327,5.00794,1.30642
0,250,16.9187,29.3,5.86355,0.496232
0,250,18.6638,29.6178,7.06326,0.467193
0,250,17.1753,29.6193,4.96271,0.179645
0,250,17.5392,29.2213,6.20762,-0.0350499
0,250,18.9781,30.1193,5.16481,1.68636
0,250,19.4908,29.9102,3.67828,-1.1908
0,250,18.2832,30.3896,7.18554,0.900823
0,250,18.9317,30.9402,6.29829,0.401257
0,250,17.7021,30.2793,5.3336,0.112816
0,250,19.0017,31.3924,5.3561,0.958706
0,250,18.3836,30.9523,7.09795,-1.96449
0,250,20.4665,31.2209,8.09494,-1.86606
0,250,19.7466,30.7518,4.53517,-2.39958
0,250,21.1104,32.0041,2.26362,1.40206
0,250,19.9314,31.5257,8.34416,-2.57508
0,250,21.5961,32.1027,9.57931,2.11286
0,250,20.8228,31.7765,7.86966,1.30173
0,250,20.3972,31.7795,8.12681,-0.414459
0,250,14.3517,25.4492,4.29133,1.8203
0,250,14.614,25.6504,4.63665,1.55147
0,250,14.5451,26.146,5.74354,2.31197
0,250,15.1561,26.3029,5.60461,2.46732
0,250,15.8077,26.9274,4.95686,4.24557
0,250,15.3853,26.8209,5.82218,1.94345
0,250,15.8309,27.36,3.53274,2.00157
0,250,15.4202,27.7408,4.21022,2.96865
0,250,16.5388,27.4096,6.27459,2.20354
0,250,16.8143,27.877,5.90483,1.72837
0,250,17.4724,28.3873,5.2179,1.14665
0,250,17.9604,28.9542,6.96685,1.09352
0,250,18.085,29.6122,3.91899,-0.446759
0,250,18.4127,29.1062,2.78919,-0.744461
0,250,18.9682,29.452,6.46252,-0.183904
0,250,20.8382,30.3807,5.73874,1.05056
0,250,20.0571,29.6112,7.35535,-1.63564
0,250,20.5875,29.6673,7.38715,-1.70504
0,250,18.7493,30.4354,6.84213,-0.121319
0,250,19.5914,30.2282,4.85062,-0.970838
0,250,19.2621,30.6713,4.87022,-1.47718
0,250,20.1719,30.1077,5.86652,-0.283785
0,250,20.1693,30.9083,8.47153,-2.03104
0,250,20.7806,30.8921,4.86894,-2.21958
0,250,19.6549,31.2457,5.78568,-1.7317
0,250,24.1114,31.0287,8.49172,-2.30325
0,250,21.0796,31.3303,4.45665,-1.17412
0,250,21.9135,31.4753,4.54399,-0.815452
0,250,22.5833,31.4419,5.55977,2.52302
0,250,22.1679,31.8147,5.21228,-0.650459
0,250,15.2165,25.6824,5.61319,2.18757
0,250,15.4614,25.5483,6.08502,0.931191
0,250,15.4662,26.2519,5.37848,2.3594
0,250,16.1829,26.3217,5.49329,0.597112
0,250,16.2729,26.9562,5.13656,2.14859
0,250,16.9509,27.2104,5.68109,0.829533
0,250,17.2576,27.549,6.8199,1.85381
0,250,17.8841,27.5836,6.1642,0.632408
0,250,17.5957,27.8459,6.50754,0.117741
0,250,17.9529,28.5168,6.60309,1.78951
0,250,18.5425,28.6795,4.61645,-0.100486
0,250,18.9795,28.9788,7.59644,-0.215586
0,250,19.7907,28.5384,6.77827,0.0242834
0,250,19.3768,29.0247,6.09454,-1.47598
0,250,19.6675,29.4448,5.90573,-0.496612
0,250,20.4087,29.16,4.67653,0.391512
0,250,21.4538,29.4902,3.68179,-0.305365
0,250,21.9539,29.5503,5.71709,-1.31973
0,250,21.4293,30.0382,7.40718,-1.43466
0,250,21.7662,30.2565,5.8598,-0.997057
0,250,21.1538,30.5434,8.17832,1.75151
0,250,21.5235,30.8541,6.78634,-0.456449
0,250,20.3083,30.4002,5.74801,-0.424075
0,250,21.5118,31.3573,8.91665,-0.299793
0,250,22.798,30.8041,6.75735,1.3075
0,250,24.4509,31.6175,8.42837,-1.75158
0,250,21.9185,30.986,3.2319,0.0181644
0,250,23.561,30.5106,6.72524,-1.25334
0,250,23.4652,31.1118,7.71091,2.09439
0,250,22.816,31.8708,7.64153,-0.853535
0,250,15.886,25.8775,5.17168,3.02992
0,250,16.3734,26.0588,5.92683,2.0615
0,250,17.0847,26.3175,5.46507,1.91097
0,250,16.6908,26.754,4.94735,1.00897
0,250,17.3216,26.8174,6.96772,2.35688
0,250,17.8652,27.0193,5.75274,1.8497
0,250,18.6322,27.6104,6.72045,1.71868
0,250,18.1305,27.9622,5.56586,1.88382
0,250,18.4331,28.209,5.13299,1.60517
0,250,19.2317,28.4052,7.21922,0.32706
0,250,20.1235,28.3106,8.28437,-0.796715
0,250,19.9226,29.0212,5.36876,0.00553827
0,250,21.0405,29.2587,7.15226,-0.391902
0,250,20.9932,29.7706,7.58154,0.128153
0,250,21.8587,29.0252,6.58605,-1.34267
0,250,22.4204,29.4642,8.25013,-0.879577
0,250,22.88,29.9321,7.95289,-1.54666
0,250,24.7414,29.2546,8.32362,-1.92914
0,250,22.5298,30.5571,5.26211,-0.596982
0,250,24.5311,29.6924,8.82245,-2.41877
0,250,22.1989,29.8942,5.18837,-1.36812
0,250,23.1744,30.1119,6.32604,-1.10683
0,250,22.1999,30.5837,5.47442,-1.88908
0,250,24.773,30.6086,8.06859,-0.0141586
0,250,24.0184,30.1252,7.7907,-1.77983
0,250,24.3454,31.9848,1.99597,-2.76171
0,250,23.4187,31.4568,6.08751,-0.844426
0,250,23.9439,31.4442,7.26445,-3.07031
0,250,25.1721,32.109,9.99684,-5.07833
0,250,22.9177,31.266,5.32298,-1.21891
0,250,16.996,25.9502,5.50355,2.10577
0,250,17.4733,26.0314,6.12097,2.1089
0,250,17.8514,26.6376,5.80525,2.24694
0,250,18.3151,26.7975,5.66452,1.64515
0,250,18.4593,27.2503,6.34718,2.56546
0,250,19.1245,27.5809,7.72971,1.85375
0,250,18.984,28.1704,6.59793,1.247
0,250,19.5483,28.0412,5.74794,0.402827
0,250,20.3087,27.9147,6.3422,0.0571606
0,250,20.6365,28.74,5.86964,-0.20648
0,250,21.2522,28.352,7.53523,-0.996123
0,250,21.2316,28.8474,8.15972,-1.41649
0,250,22.2933,28.9562,7.26922,-0.82179
0,250,22.8897,29.363,5.6982,-1.8627
0,250,23.473,29.5426,9.35299,-1.94723
0,250,23.8685,29.8118,8.65337,-3.05574
0,250,25.0635,29.9315,7.31337,0.412162
0,250,25.8224,30.4811,7.11548,-0.734478
0,250,24.482,30.2656,8.23112,-0.343743
0,250,26.4815,29.9975,7.95344,-1.63404
0,250,25.2789,30.0426,6.35514,-0.262279
0,250,26.3683,31.0782,2.9229,4.02264
0,250,26.2393,30.5294,5.3714,2.38058
0,250,24.7982,31.0162,9.33198,-0.470176
0,250,24.0022,30.7311,7.49882,0.522339
0,250,25.4526,31.3398,7.93338,2.3741
0,250,24.8961,31.7419,8.63007,1.95218
0,250,26.853,30.9526,7.36848,0.570159
0,250,25.6526,32.1021,9.65938,5.53562
0,250,23.292,32.0418,7.12673,1.30925
0,250,17.8131,26.1257,6.17924,2.58977
0,250,18.3993,26.1783,6.17745,0.342657
0,250,18.9732,26.6602,6.66571,0.259524
0,250,18.9521,27.1227,6.79423,0.458597
0,250,19.5087,27.4586,4.66801,1.57089
0,250,19.9477,27.7105,5.91876,-0.624815
0,250,20.8485,27.8329,7.0271,-0.158472
0,250,20.6818,28.4225,5.87051,-0.620266
0,250,21.6872,28.0392,6.68194,-0.506438
0,250,21.7259,28.6,5.2813,2.35776
0,250,22.3194,28.4869,9.74559,0.135685
0,250,22.8894,28.8935,5.39214,-3.24874
0,250,23.7513,29.2283,9.79613,-0.134317
0,250,24.2109,29.2745,8.65868,-1.88451
0,250,25.2706,29.3025,6.47896,-3.20204
0,250,25.7059,29.7201,9.65502,-1.24759
0,250,25.9953,29.853,5.29591,0.84923
0,250,26.7344,29.0436,7.00393,-3.03785
0,250,27.1741,29.5484,5.22297,-1.231
0,250,27.3114,31.1547,4.22235,0.806198
0,250,26.8108,29.7394,6.08933,-3.65409
0,250,27.9773,32.1408,6.02204,-0.222501
0,250,25.6451,31.3289,9.34356,1.66186
0,250,26.2873,31.4547,8.66829,-0.889724
0,250,25.1638,30.8261,4.8627,0.90093
0,250,25.7015,30.8109,10.6071,0.786701
0,250,27.3814,29.9579,4.99607,-0.152041
0,250,28.5649,30.396,0.911518,0.560458
0,250,28.4488,31.1443,-1.62742,1.16544
0,250,26.1893,31.8692,10.4254,2.93231
0,250,18.8731,26.3351,6.45928,2.28994
0,250,19.5572,26.6536,5.45748,0.606309
0,250,19.8617,27.022,6.69045,2.96456
0,250,20.2823,27.255,6.50283,1.06355
0,250,20.8044,27.2879,7.17028,0.438018
0,250,21.185,27.8099,6.39777,0.0445287
0,250,22.2982,27.9439,7.51352,-0.436931
0,250,22.6241,27.4043,7.35845,-4.37103
0,250,22.6122,28.0264,7.6531,-1.43668
0,250,22.84,28.5364,6.97009,-1.44601
0,250,23.4049,28.8077,6.7942,-1.40812
0,250,24.2138,28.8177,4.17019,-1.57241
0,250,24.7554,28.8695,8.10927,-3.66886
0,250,25.5707,29.0618,7.03497,-1.98113
0,250,26.3274,29.3911,5.46099,-1.85509
0,250,27.1354,28.3066,0.787643,-5.17083
0,250,27.1708,30.5384,3.56816,3.58175
0,250,27.2315,28.986,5.37346,-5.26878
0,250,28.6698,29.0926,4.49573,-2.75773
0,250,29.2097,28.4496,6.76577,-1.74178
0,250,26.7297,30.3824,5.65471,-0.399543
0,250,27.622,29.63,4.0933,-1.03373
0,250,27.2156,31.8073,-0.927122,4.66998
0,250,28.0231,28.8208,4.55738,-2.9363
0,250,26.9971,31.4873,6.10214,2.80165
0,250,28.8755,31.4895,3.33134,2.88986
0,250,28.4223,29.7339,5.29262,-0.568257
0,250,28.3335,31.9935,3.14838,0.415819
0,250,28.0038,30.9921,6.2944,-1.12498
0,250,27.9788,30.4918,7.39701,-0.579311
0,250,19.8813,26.5871,6.75493,-0.514892
0,250,21.2341,26.7999,7.85877,-0.48579
0,250,21.431,27.3395,6.6024,0.0514815
0,250,21.8711,27.6731,6.534,0.0101133
0,250,22.1614,27.2472,7.02881,-3.51032
0,250,23.0707,27.7518,11.5478,-0.845266
0,250,23.3759,28.0056,9.9726,-1.54171
0,250,23.4989,28.5128,5.57711,-1.38389
0,250,24.2787,28.4007,9.06141,-3.08614
0,250,24.9488,28.4526,10.2564,-0.411683
0,250,25.4136,28.7364,7.48626,-3.21888
0,250,25.7719,28.1912,7.16135,-5.53021
0,250,26.2244,28.9378,7.16259,-1.81474
0,250,26.8721,27.9671,4.74239,-6.37983
0,250,27.472,28.3449,4.50574,-6.23559
0,250,28.0417,28.4655,5.95456,-4.02235
0,250,28.0514,29.9396,2.76928,-1.5085
0,250,27.53,28.8726,5.00998,-1.80261
0,250,29.5772,28.6584,2.40473,-4.4714
0,250,28.8433,28.4982,2.97642,-3.11765
0,250,28.941,29.273,7.8491,-3.78321
0,250,29.2714,29.4595,5.1009,-2.63231
0,250,28.3011,29.337,6.41817,-6.22362
0,250,29.7848,29.3429,2.4308,0.50779
0,250,28.9789,30.9663,3.72639,0.814556
0,250,29.394,31.9583,-1.61992,2.74198
0,250,30.0838,32.0504,9.96237,6.62775
0,250,31.5273,30.481,-4.47398,7.43357
0,250,29.1058,30.6828,1.7786,-0.863624
0,250,27.5859,30.478,7.43222,-3.90237
0,250,20.604,27.017,6.66842,0.755094
0,250,21.592,26.9382,6.98638,-1.00116
0,250,23.2274,27.1717,9.96234,-3.05206
0,250,23.6018,27.0673,8.62002,-2.41178
0,250,23.9419,28.1909,8.83069,-1.01615
0,250,24.2647,27.7238,9.47015,-4.56123
0,250,24.6671,28.0069,7.62994,-4.7994
0,250,25.208,28.1504,8.14169,-1.73398
0,250,25.9209,27.6368,8.03667,-3.91636
0,250,26.0205,28.5329,7.32732,-1.34643
0,250,26.5938,28.5462,6.8727,-5.06847
0,250,27.3418,27.5075,4.79531,-5.22047
0,250,27.7708,27.9076,8.42075,-0.900442
0,250,27.9178,27.4744,4.74748,-6.11882
0,250,28.5918,28.0772,2.01764,-4.28708
0,250,28.9633,27.8783,5.23917,-3.16226
0,250,29.3069,27.4317,4.45373,-4.36997
0,250,29.7518,31.6915,1.75012,8.71426
0,250,30.1571,27.8045,1.90833,-3.71036
0,250,30.3107,27.5016,10.7002,-5.965
0,250,28.7207,30.1222,1.11216,-3.33771
0,250,30.2629,28.2677,5.68379,0.0287536
0,250,29.6112,30.8485,2.95568,-1.4829
0,250,30.2888,30.4625,-1.25757,-4.16466
0,250,27.7047,31.2261,4.56365,-3.48781
0,250,30.3472,29.7597,2.69733,-5.77835
0,250,30.1516,31.3136,5.1002,1.24752
0,250,28.6475,31.7376,-2.26605,-3.15623
0,250,30.4786,29.156,3.95795,0.378438
0,250,29.3564,31.5142,8.27645,-2.71213
0,250,22.3833,26.95,9.8383,-1.35442
0,250,23.7855,26.7528,9.49397,-0.587649
0,250,23.6305,27.6184,7.45644,-2.77805
0,250,24.7482,27.1375,8.17147,-3.3911
0,250,24.9566,27.5699,8.60675,-0.958707
0,250,26.012,27.2246,8.05189,-3.73563
0,250,26.4477,27.6096,5.70034,-1.81479
0,250,26.892,27.3771,6.34585,-3.99241
0,250,26.3263,28.0435,6.73508,-2.70667
0,250,28.3689,26.0291,6.51859,-7.01061
0,250,27.8358,26.8461,4.32067,-5.23223
0,250,28.191,27.96,4.13538,-4.66276
0,250,29.005,26.1193,4.88773,-7.71498
0,250,29.2533,26.6973,3.78975,-8.38296
0,250,29.8875,28.4184,7.04718,-5.57763
0,250,29.9754,28.9343,-2.42874,-3.45493
0,250,30.3605,26.902,2.54558,-9.98953
0,250,30.2859,25.1532,1.22785,-11.8127
0,250,30.9162,25.9172,-2.44175,-5.38877
0,250,30.5926,28.0771,-1.83953,-7.71307
0,250,30.7623,29.0081,2.28277,2.14001
0,250,29.3319,30.1401,2.78958,-3.75636
0,250,30.7127,27.4302,2.67072,-3.6945
0,250,31.6647,24.0964,4.36543,-14.7322
0,250,30.3225,25.9905,0.228292,-9.78169
0,250,31.5522,22.5717,-6.61868,-7.24644
0,250,31.4494,27.5211,7.17978,-2.00417
0,250,30.5426,26.2833,-0.17046,-6.4634
0,250,31.6508,23.4409,3.44518,-13.7834
0,250,31.0392,31.8644,-1.15424,4.36192
0,250,22.7866,26.9217,8.90475,-0.236709
0,250,24.1203,27.3661,8.29165,-0.79201
0,250,25.4079,27.5278,7.75544,-1.93453
0,250,25.9025,26.6714,8.81972,-4.18529
0,250,26.879,27.0228,9.12843,-5.71633
0,250,27.2293,26.6319,5.69578,-5.56574
0,250,27.5316,27.0919,4.47193,-7.43762
0,250,28.5763,26.9855,3.21092,-5.45892
0,250,28.728,26.6602,5.29439,-4.62726
0,250,29.0234,25.0239,3.32879,-11.3229
0,250,29.6355,26.0409,6.00644,-5.75021
0,250,30.0709,25.6028,2.12296,-9.17156
0,250,30.0075,26.3286,2.93615,-4.06368
0,250,29.5105,27.96,2.43467,-2.9013
0,250,29.5083,27.2931,3.4411,-5.18048
0,250,30.0633,26.8831,4.99634,-4.31595
0,250,30.6695,23.8313,2.0365,-17.7232
0,250,31.0613,25.3729,-2.98805,-11.1867
0,250,30.6528,24.6197,-4.10084,-9.07034
0,250,31.6718,22.2798,-1.86328,-14.0783
0,250,31.3702,29.4123,-0.47663,2.15263
0,250,31.1902,28.0896,2.47901,-10.3687
0,250,30.0591,31.1517,-2.16073,-10.8921
0,250,31.4904,24.7907,-0.765408,-6.60672
0,250,30.8419,29.5368,-1.0246,6.51
0,250,30.6222,23.5157,-3.45039,-10.6276
0,250,32.0504,24.7864,4.41983,-16.1014
0,250,31.3185,26.1529,-4.99223,0.354582
0,250,31.0646,31.1127,17.1761,1.50249
0,250,31.8641,31.0107,3.40921,-5.10171
0,250,24.9504,26.9795,10.7811,-1.3804
0,250,26.1755,26.5749,6.15585,-4.89275
0,250,27.6926,25.8151,6.93506,-5.22458
0,250,26.9289,26.2507,6.16749,-8.33519
0,250,28.1894,26.5539,3.42053,-7.32273
0,250,28.4715,27.3141,9.56259,-5.71247
0,250,29.5141,25.6036,2.60051,-9.0672
0,250,29.5507,26.7495,4.00473,-3.73645
0,250,29.8443,24.9225,2.92318,-12.4009
0,250,30.4795,24.3268,-0.386567,-9.69563
0,250,29.484,24.4272,0.0569564,-7.00879
0,250,30.0356,24.5935,-2.47563,-10.0771
0,250,30.8875,22.6208,2.00011,-14.3487
0,250,30.6114,25.313,0.371458,-8.61195
0,250,31.2726,23.0659,0.656254,-14.0616
0,250,30.0791,21.2202,-3.02363,-14.4982
0,250,31.0966,24.7351,0.311437,-7.51072
0,250,31.6421,21.6279,-4.79774,-18.9671
0,250,31.5824,25.7987,7.27925,-12.8705
0,250,27.7784,19.5691,-4.96903,-11.8729
0,250,31.9469,25.4024,-4.43106,-6.10774
0,250,30.9243,20.4673,-7.06398,-13.6261
0,250,32.2304,21.5588,-1.17867,-11.8079
0,250,30.678,19.7993,1.12931,-10.9103
0,250,29.5126,30.2313,-0.373309,0.33449
0,250,29.8734,19.6283,-0.673298,-11.3349
0,250,30.7957,30.0014,7.92759,-4.11586
0,250,29.8565,29.6949,-7.40642,-6.67753
0,250,31.9798,23.5199,-7.50754,-5.47892
0,250,31.8379,28.2854,7.2559,-2.10837
0,250,25.413,27.0235,9.07413,-1.33708
0,250,26.6556,26.3644,8.05917,-4.55719
0,250,28.0749,25.5579,4.46093,-9.26981
0,250,28.4796,25.5533,1.59459,-10.1086
0,250,28.9959,25.8331,6.35989,-9.19202
0,250,28.5507,23.9646,-0.00241928,-8.55199
0,250,29.843,23.98,-0.119226,-12.8417
0,250,30.502,22.8695,-1.13571,-11.4803
0,250,31.2061,23.9751,7.19424,-12.2277
0,250,29.4756,22.9849,-1.64706,-9.36824
0,250,30.2625,23.4456,0.667284,-10.6701
0,250,28.6314,22.2804,-2.81067,-6.69839
0,250,29.9082,22.507,-1.18231,-8.29852
0,250,29.1489,21.351,-2.6006,-10.1674
0,250,29.7034,21.625,-3.76093,-8.82196
0,250,31.241,16.7303,1.54389,-12.5062
0,250,31.2848,23.3663,-2.12705,-11.5347
0,250,27.7815,17.4946,-6.49132,-17.355
0,250,30.3253,21.1872,0.350731,-8.16217
0,250,31.6346,25.0739,-2.13681,-7.4102
0,250,30.1976,22.077,-5.09219,-10.7146
0,250,30.7578,31.8624,10.621,-3.12708
0,250,31.5046,19.3271,-0.394357,-7.47475
0,250,25.7917,11.8312,-11.8493,-17.8441
0,250,31.1843,27.0141,2.5998,-5.86636
0,250,30.2462,19.2536,-7.8687,-12.7779
0,250,31.4307,29.8067,-11.2095,-13.3282
0,250,30.6313,30.4931,5.11864,11.1818
0,250,31.9648,30.5165,-2.14913,2.01784
0,250,31.0364,30.1795,-14.3601,-3.38653
0,250,27.7506,26.3009,5.73302,-6.04132
0,250,28.5863,24.8164,0.59882,-10.8088
0,250,28.7857,24.5048,1.88195,-7.48486
0,250,29.6804,23.7214,3.29368,-9.01112
0,250,29.3109,24.0948,0.463783,-11.0151
0,250,29.6622,19.7889,1.04018,-12.4186
0,250,27.292,19.5872,-7.34106,-10.4062
0,250,28.4936,20.3629,-5.03571,-9.73152
0,250,30.8864,18.3398,0.685442,-14.0099
0,250,30.0043,18.9779,0.957524,-4.05243
0,250,28.5833,21.1304,-4.15733,-9.90672
0,250,31.4562,21.6667,-6.03139,-11.4517
0,250,27.3039,16.4,-4.88461,-14.2944
0,250,30.8216,17.5648,-0.0386688,-7.9897
0,250,31.5481,18.3286,-2.05871,-9.47797
0,250,24.6423,18.8911,-10.5476,-9.91805
0,250,31.5504,15.2296,0.410331,-14.8295
0,250,23.1371,10.4811,-10.0464,-15.0446
0,250,31.707,17.5211,-0.875371,-10.9565
0,250,31.0825,21.4002,-0.318192,-13.6846
0,250,31.759,31.8155,10.1458,1.81454
0,250,26.8199,17.3358,-5.17952,-7.97935
0,250,31.8944,29.1707,-0.120591,-0.941837
0,250,29.2673,4.45007,-2.35336,24.6503
0,250,16.8144,12.6122,-16.0894,-11.0455
0,250,32.0658,28.3961,-10.8589,1.2089
0,250,31.539,30.7538,-4.26726,-1.14091
0,250,27.0579,13.3921,-5.1991,-11.3363
0,250,29.2515,18.7617,-5.24144,-11.6672
0,250,31.2682,31.2081,-7.49367,1.23428
0,250,28.2234,25.1119,4.23622,-10.0018
0,250,29.3403,25.1083,4.59211,-9.02403
0,250,28.8869,23.8767,-2.23997,-11.824
0,250,28.2791,21.3332,-2.71797,-9.50359
0,250,28.325,20.6582,-3.33438,-11.6161
0,250,29.8835,21.8431,-0.394577,-10.2194
0,250,29.4351,18.324,-2.45101,-10.3518
0,250,29.2208,16.8718,-1.71834,-11.8908
0,250,30.992,16.2651,0.0691212,-14.6732
0,250,30.6295,14.153,-0.529568,-16.7672
0,250,32.0807,13.4735,-1.91821,-14.8451
0,250,28.0722,13.29,-7.95854,-15.2931
0,250,31.6007,5.29722,-3.02711,-16.0642
0,250,28.0452,15.4743,-2.73561,-9.05719
0,250,30.863,5.93276,-0.383613,-16.1886
0,250,28.6578,12.8654,-2.36126,-12.7303
0,250,30.0547,16.2038,-7.7319,-13.8253
0,250,30.9948,9.59792,0.21831,-15.3596
0,250,24.7765,3.38586,-7.5379,-19.3961
0,250,27.2403,8.4473,-4.86902,-15.718
0,250,31.3656,12.374,-0.183452,-15.0762
0,250,26.6455,8.92503,-5.46989,-15.6145
0,250,30.449,20.0881,-3.61748,-10.4976
0,250,27.9118,9.16126,-8.53787,-23.4825
0,250,30.9264,19.1464,-4.85645,-12.2211
0,250,26.4903,9.46425,-4.92834,-14.2279
0,250,31.7865,26.0689,-5.79252,-1.03239
0,250,31.1114,7.55945,-0.335129,-18.2512
0,250,28.0989,9.5138,-6.58443,-16.2911
0,250,28.406,16.0104,-5.47236,-9.07647
0,250,29.195,23.4033,3.50876,-9.92285
0,250,28.9921,22.584,-0.425531,-8.83231
0,250,29.9109,23.1111,3.67362,-6.8827
0,250,27.1795,20.3132,-4.55862,-8.11421
0,250,28.3955,15.8489,-2.09461,-14.0581
0,250,29.9706,14.7851,-0.326895,-14.2889
0,250,29.1515,18.1603,-3.44323,-9.46859
0,250,28.2463,14.6535,-2.39748,-10.4855
0,250,28.5875,16.7065,-2.21599,-9.60618
0,250,28.7597,6.96191,-1.7832,-18.8367
0,250,31.0267,8.73024,-2.78599,-16.4018
0,250,29.6364,4.97779,-1.0974,-17.4272
0,250,31.9092,9.92471,-0.77259,-10.1877
0,250,25.9212,9.72869,-4.87053,-12.749
0,250,25.2659,2.64209,-17.3806,25.8695
0,250,31.9713,3.33689,1.37793,-19.3291
0,250,26.6177,4.76912,-5.55914,-16.0117
0,250,25.902,2.3019,3.68887,-5.05071
0,250,30.7959,4.31904,-0.622349,23.4383
0,250,26.5515,2.18206,-5.47098,-15.7771
0,250,31.8298,17.716,1.22775,-14.5807
0,250,32.207,2.87487,-0.37934,-12.2609
0,250,28.3555,2.14903,-3.58978,-14.3039
0,250,28.7993,9.37873,-2.51587,26.8188
0,250,22.9985,3.25725,-8.18816,20.5668
0,250,3.90629,13.3369,-22.3334,32.0636
0,250,26.3364,6.66295,-5.38523,26.256
0,250,30.8952,28.6279,-10.2291,-2.58077
0,250,22.292,18.4634,-6.32827,37.5983
0,250,23.8043,5.03021,-6.92837,-14.9524
1,250,1.5,1.5,0,0
1,250,1.5,2,0,0
1,250,32.5,1.5,0,0
1,250,33,1.5,0,0
1,250,2.5,32.5,0,0
1,250,2.5,33,0,0
1,250,1.5,2.5,0,0
1,250,2,2.5,0,0
1,250,2,1.5,0,0
1,250,2,2,0,0
1,250,32.5,2,0,0
1,250,33,2,0,0
1,250,3,32.5,0,0
1,250,3,33,0,0
1,250,1.5,3,0,0
1,250,2,3,0,0
1,250,2.5,1.5,0,0
1,250,2.5,2,0,0
1,250,32.5,2.5,0,0
1,250,33,2.5,0,0
1,250,3.5,32.5,0,0
1,250,3.5,33,0,0
1,250,1.5,3.5,0,0
1,250,2,3.5,0,0
1,250,3,1.5,0,0
1,250,3,2,0,0
1,250,32.5,3,0,0
1,250,33,3,0,0
1,250,4,32.5,0,0
1,250,4,33,0,0
1,250,1.5,4,0,0
1,250,2,4,0,0
1,250,3.5,1.5,0,0
1,250,3.5,2,0,0
1,250,32.5,3.5,0,0
1,250,33,3.5,0,0
1,250,4.5,32.5,0,0
1,250,4.5,33,0,0
1,250,1.5,4.5,0,0
1,250,2,4.5,0,0
1,250,4,1.5,0,0
1,250,4,2,0,0
1,250,32.5,4,0,0
1,250,33,4,0,0
1,250,5,32.5,0,0
1,250,5,33,0,0
1,250,1.5,5,0,0
1,250,2,5,0,0
1,250,4.5,1.5,0,0
1,250,4.5,2,0,0
1,250,32.5,4.5,0,0
1,250,33,4.5,0,0
1,250,5.5,32.5,0,0
1,250,5.5,33,0,0
1,250,1.5,5.5,0,0
1,250,2,5.5,0,0
1,250,5,1.5,0,0
1,250,5,2,0,0
1,250,32.5,5,0,0
1,250,33,5,0,0
1,250,6,32.5,0,0
1,250,6,33,0,0
1,250,1.5,6,0,0
1,250,2,6,0,0
1,250,5.5,1.5,0,0
1,250,5.5,2,0,0
1,250,32.5,5.5,0,0
1,250,33,5.5,0,0
1,250,6.5,32.5,0,0
1,250,6.5,33,0,0
1,250,1.5,6.5,0,0
1,250,2,6.5,0,0
1,250,6,1.5,0,0
1,250,6,2,0,0
1,250,32.5,6,0,0
1,250,33,6,0,0
1,250,7,32.5,0,0
1,250,7,33,0,0
1,250,1.5,7,0,0
1,250,2,7,0,0
1,250,6.5,1.5,0,0
1,250,6.5,2,0,0
1,250,32.5,6.5,0,0
1,250,33,6.5,0,0
1,250,7.5,32.5,0,0
1,250,7.5,33,0,0
1,250,1.5,7.5,0,0
1,250,2,7.5,0,0
1,250,7,1.5,0,0
1,250,7,2,0,0
1,250,32.5,7,0,0
1,250,33,7,0,0
1,250,8,32.5,0,0
1,250,8,33,0,0
1,250,1.5,8,0,0
1,250,2,8,0,0
1,250,7.5,1.5,0,0
1,250,7.5,2,0,0
1,250,32.5,7.5,0,0
1,250,33,7.5,0,0
1,250,8.5,32.5,0,0
1,250,8.5,33,0,0
1,250,1.5,8.5,0,0
1,250,2,8.5,0,0
1,250,8,1.5,0,0
1,250,8,2,0,0
1,250,32.5,8,0,0
1,250,33,8,0,0
1,250,9,32.5,0,0
1,250,9,33,0,0
1,250,1.5,9,0,0
1,250,2,9,0,0
1,250,8.5,1.5,0,0
1,250,8.5,2,0,0
1,250,32.5,8.5,0,0
1,250,33,8.5,0,0
1,250,9.5,32.5,0,0
1,250,9.5,33,0,0
1,250,1.5,9.5,0,0
1,250,2,9.5,0,0
1,250,9,1.5,0,0
1,250,9,2,0,0
1,250,32.5,9,0,0
1,250,33,9,0,0
1,250,10,32.5,0,0
1,250,10,33,0,0
1,250,1.5,10,0,0
1,250,2,10,0,0
1,250,9.5,1.5,0,0
1,250,9.5,2,0,0
1,250,32.5,9.5,0,0
1,250,33,9.5,0,0
1,250,10.5,32.5,0,0
1,250,10.5,33,0,0
1,250,1.5,10.5,0,0
1,250,2,10.5,0,0
1,250,10,1.5,0,0
1,250,10,2,0,0
1,250,32.5,10,0,0
1,250,33,10,0,0
1,250,11,32.5,0,0
1,250,11,33,0,0
1,250,1.5,11,0,0
1,250,2,11,0,0
1,250,10.5,1.5,0,0
1,250,10.5,2,0,0
1,250,32.5,10.5,0,0
1,250,33,10.5,0,0
1,250,11.5,32.5,0,0
1,250,11.5,33,0,0
1,250,1.5,11.5,0,0
1,250,2,11.5,0,0
1,250,11,1.5,0,0
1,250,11,2,0,0
1,250,32.5,11,0,0
1,250,33,11,0,0
1,250,12,32.5,0,0
1,250,12,33,0,0
1,250,1.5,12,0,0
1,250,2,12,0,0
1,250,11.5,1.5,0,0
1,250,11.5,2,0,0
1,250,32.5,11.5,0,0
1,250,33,11.5,0,0
1,250,12.5,32.5,0,0
1,250,12.5,33,0,0
1,250,1.5,12.5,0,0
1,250,2,12.5,0,0
1,250,12,1.5,0,0
1,250,12,2,0,0
1,250,32.5,12,0,0
1,250,33,12,0,0
1,250,13,32.5,0,0
1,250,13,33,0,0
1,250,1.5,13,0,0
1,250,2,13,0,0
1,250,12.5,1.5,0,0
1,250,12.5,2,0,0
1,250,32.5,12.5,0,0
1,250,33,12.5,0,0
1,250,13.5,32.5,0,0
1,250,13.5,33,0,0
1,250,1.5,13.5,0,0
1,250,2,13.5,0,0
1,250,13,1.5,0,0
1,250,13,2,0,0
1,250,32.5,13,0,0
1,250,33,13,0,0
1,250,14,32.5,0,0
1,250,14,33,0,0
1,250,1.5,14,0,0
1,250,2,14,0,0
1,250,13.5,1.5,0,0
1,250,13.5,2,0,0
1,250,32.5,13.5,0,0
1,250,33,13.5,0,0
1,250,14.5,32.5,0,0
1,250,14.5,33,0,0
1,250,1.5,14.5,0,0
1,250,2,14.5,0,0
1,250,14,1.5,0,0
1,250,14,2,0,0
1,250,32.5,14,0,0
1,250,33,14,0,0
1,250,15,32.5,0,0
1,250,15,33,0,0
1,250,1.5,15,0,0
1,250,2,15,0,0
1,250,14.5,1.5,0,0
1,250,14.5,2,0,0
1,250,32.5,14.5,0,0
1,250,33,14.5,0,0
1,250,15.5,32.5,0,0
1,250,15.5,33,0,0
1,250,1.5,15.5,0,0
1,250,2,15.5,0,0
1,250,15,1.5,0,0
1,250,15,2,0,0
1,250,32.5,15,0,0
1,250,33,15,0,0
1,250,16,32.5,0,0
1,250,16,33,0,0
1,250,1.5,16,0,0
1,250,2,16,0,0
1,250,15.5,1.5,0,0
1,250,15.5,2,0,0
1,250,32.5,15.5,0,0
1,250,33,15.5,0,0
1,250,16.5,32.5,0,0
1,250,16.5,33,0,0
1,250,1.5,16.5,0,0
1,250,2,16.5,0,0
1,250,16,1.5,0,0
1,250,16,2,0,0
1,250,32.5,16,0,0
1,250,33,16,0,0
1,250,17,32.5,0,0
1,250,17,33,0,0
1,250,1.5,17,0,0
1,250,2,17,0,0
1,250,16.5,1.5,0,0
1,250,16.5,2,0,0
1,250,32.5,16.5,0,0
1,250,33,16.5,0,0
1,250,17.5,32.5,0,0
1,250,17.5,33,0,0
1,250,1.5,17.5,0,0
1,250,2,17.5,0,0
1,250,17,1.5,0,0
1,250,17,2,0,0
1,250,32.5,17,0,0
1,250,33,17,0,0
1,250,18,32.5,0,0
1,250,18,33,0,0
1,250,1.5,18,0,0
1,250,2,18,0,0
1,250,17.5,1.5,0,0
1,250,17.5,2,0,0
1,250,32.5,17.5,0,0
1,250,33,17.5,0,0
1,250,18.5,32.5,0,0
1,250,18.5,33,0,0
1,250,1.5,18.5,0,0
1,250,2,18.5,0,0
1,250,18,1.5,0,0
1,250,18,2,0,0
1,250,32.5,18,0,0
1,250,33,18,0,0
1,250,19,32.5,0,0
1,250,19,33,0,0
1,250,1.5,19,0,0
1,250,2,19,0,0
1,250,18.5,1.5,0,0
1,250,18.5,2,0,0
1,250,32.5,18.5,0,0
1,250,33,18.5,0,0
1,250,19.5,32.5,0,0
1,250,19.5,33,0,0
1,250,1.5,19.5,0,0
1,250,2,19.5,0,0
1,250,19,1.5,0,0
1,250,19,2,0,0
1,250,32.5,19,0,0
1,250,33,19,0,0
1,250,20,32.5,0,0
1,250,20,33,0,0
1,250,1.5,20,0,0
1,250,2,20,0,0
1,250,19.5,1.5,0,0
1,250,19.5,2,0,0
1,250,32.5,19.5,0,0
1,250,33,19.5,0,0
1,250,20.5,32.5,0,0
1,250,20.5,33,0,0
1,250,1.5,20.5,0,0
1,250,2,20.5,0,0
1,250,20,1.5,0,0
1,250,20,2,0,0
1,250,32.5,20,0,0
1,250,33,20,0,0
1,250,21,32.5,0,0
1,250,21,33,0,0
1,250,1.5,21,0,0
1,250,2,21,0,0
1,250,20.5,1.5,0,0
1,250,20.5,2,0,0
1,250,32.5,20.5,0,0
1,250,33,20.5,0,0
1,250,21.5,32.5,0,0
1,250,21.5,33,0,0
1,250,1.5,21.5,0,0
1,250,2,21.5,0,0
1,250,21,1.5,0,0
1,250,21,2,0,0
1,250,32.5,21,0,0
1,250,33,21,0,0
1,250,22,32.5,0,0
1,250,22,33,0,0
1,250,1.5,22,0,0
1,250,2,22,0,0
1,250,21.5,1.5,0,0
1,250,21.5,2,0,0
1,250,32.5,21.5,0,0
1,250,33,21.5,0,0
1,250,22.5,32.5,0,0
1,250,22.5,33,0,0
1,250,1.5,22.5,0,0
1,250,2,22.5,0,0
1,250,22,1.5,0,0
1,250,22,2,0,0
1,250,32.5,22,0,0
1,250,33,22,0,0
1,250,23,32.5,0,0
1,250,23,33,0,0
1,250,1.5,23,0,0
1,250,2,23,0,0
1,250,22.5,1.5,0,0
1,250,22.5,2,0,0
1,250,32.5,22.5,0,0
1,250,33,22.5,0,0
1,250,23.5,32.5,0,0
1,250,23.5,33,0,0
1,250,1.5,23.5,0,0
1,250,2,23.5,0,0
1,250,23,1.5,0,0
1,250,23,2,0,0
1,250,32.5,23,0,0
1,250,33,23,0,0
1,250,24,32.5,0,0
1,250,24,33,0,0
1,250,1.5,24,0,0
1,250,2,24,0,0
1,250,23.5,1.5,0,0
1,250,23.5,2,0,0
1,250,32.5,23.5,0,0
1,250,33,23.5,0,0
1,250,24.5,32.5,0,0
1,250,24.5,33,0,0
1,250,1.5,24.5,0,0
1,250,2,24.5,0,0
1,250,24,1.5,0,0
1,250,24,2,0,0
1,250,32.5,24,0,0
1,250,33,24,0,0
1,250,25,32.5,0,0
1,250,25,33,0,0
1,250,1.5,25,0,0
1,250,2,25,0,0
1,250,24.5,1.5,0,0
1,250,24.5,2,0,0
1,250,32.5,24.5,0,0
1,250,33,24.5,0,0
1,250,25.5,32.5,0,0
1,250,25.5,33,0,0
1,250,1.5,25.5,0,0
1,250,2,25.5,0,0
1,250,25,1.5,0,0
1,250,25,2,0,0
1,250,32.5,25,0,0
1,250,33,25,0,0
1,250,26,32.5,0,0
1,250,26,33,0,0
1,250,1.5,26,0,0
1,250,2,26,0,0
1,250,25.5,1.5,0,0
1,250,25.5,2,0,0
1,250,32.5,25.5,0,0
1,250,33,25.5,0,0
1,250,26.5,32.5,0,0
1,250,26.5,33,0,0
1,250,1.5,26.5,0,0
1,250,2,26.5,0,0
1,250,26,1.5,0,0
1,250,26,2,0,0
1,250,32.5,26,0,0
1,250,33,26,0,0
1,250,27,32.5,0,0
1,250,27,33,0,0
1,250,1.5,27,0,0
1,250,2,27,0,0
1,250,26.5,1.5,0,0
1,250,26.5,2,0,0
1,250,32.5,26.5,0,0
1,250,33,26.5,0,0
1,250,27.5,32.5,0,0
1,250,27.5,33,0,0
1,250,1.5,27.5,0,0
1,250,2,27.5,0,0
1,250,27,1.5,0,0
1,250,27,2,0,0
1,250,32.5,27,0,0
1,250,33,27,0,0
1,250,28,32.5,0,0
1,250,28,33,0,0
1,250,1.5,28,0,0
1,250,2,28,0,0
1,250,27.5,1.5,0,0
1,250,27.5,2,0,0
1,250,32.5,27.5,0,0
1,250,33,27.5,0,0
1,250,28.5,32.5,0,0
1,250,28.5,33,0,0
1,250,1.5,28.5,0,0
1,250,2,28.5,0,0
1,250,28,1.5,0,0
1,250,28,2,0,0
1,250,32.5,28,0,0
1,250,33,28,0,0
1,250,29,32.5,0,0
1,250,29,33,0,0
1,250,1.5,29,0,0
1,250,2,29,0,0
1,250,28.5,1.5,0,0
1,250,28.5,2,0,0
1,250,32.5,28.5,0,0
1,250,33,28.5,0,0
1,250,29.5,32.5,0,0
1,250,29.5,33,0,0
1,250,1.5,29.5,0,0
1,250,2,29.5,0,0
1,250,29,1.5,0,0
1,250,29,2,0,0
1,250,32.5,29,0,0
1,250,33,29,0,0
1,250,30,32.5,0,0
1,250,30,33,0,0
1,250,1.5,30,0,0
1,250,2,30,0,0
1,250,29.5,1.5,0,0
1,250,29.5,2,0,0
1,250,32.5,29.5,0,0
1,250,33,29.5,0,0
1,250,30.5,32.5,0,0
1,250,30.5,33,0,0
1,250,1.5,30.5,0,0
1,250,2,30.5,0,0
1,250,30,1.5,0,0
1,250,30,2,0,0
1,250,32.5,30,0,0
1,250,33,30,0,0
1,250,31,32.5,0,0
1,250,31,33,0,0
1,250,1.5,31,0,0
1,250,2,31,0,0
1,250,30.5,1.5,0,0
1,250,30.5,2,0,0
1,250,32.5,30.5,0,0
1,250,33,30.5,0,0
1,250,31.5,32.5,0,0
1,250,31.5,33,0,0
1,250,1.5,31.5,0,0
1,250,2,31.5,0,0
1,250,31,1.5,0,0
1,250,31,2,0,0
1,250,32.5,31,0,0
1,250,33,31,0,0
1,250,32,32.5,0,0
1,250,32,33,0,0
1,250,1.5,32,0,0
1,250,2,32,0,0
1,250,31.5,1.5,0,0
1,250,31.5,2,0,0
1,250,32.5,31.5,0,0
1,250,33,31.5,0,0
1,250,32.5,32.5,0,0
1,250,32.5,33,0,0
1,250,1.5,32.5,0,0
1,250,2,32.5,0,0
1,250,32,1.5,0,0
1,250,32,2,0,0
1,250,32.5,32,0,0
1,250,33,32,0,0
1,250,33,32.5,0,0
1,250,33,33,0,0
1,250,1.5,33,0,0
1,250,2,33,0,0
