1396 2 0.5 5e+06 0.05 2 0 0.001 0 9.81 35 35
0,250,3.37269,23.1177,1.73609,3.49964
0,250,2.49217,24.1015,-1.57749,2.46601
0,250,2.72754,24.5319,1.11764,3.80837
0,250,2.46517,25.4494,-1.3009,2.60806
0,250,2.44038,25.9967,0.866038,6.08925
0,250,3.01326,25.9462,-0.291689,1.63206
0,250,2.76041,26.3211,0.243806,3.98363
0,250,3.14233,26.8074,1.64986,2.78469
0,250,2.62137,26.7983,2.18182,4.00596
0,250,2.43053,27.5822,4.02071,2.33656
0,250,2.77753,27.751,1.38073,3.86298
0,250,2.51613,28.228,-3.05772,3.37276
0,250,2.89926,28.2916,2.69275,1.99352
0,250,2.36454,28.776,-0.195389,0.997404
0,250,2.54513,29.2514,-4.00858,0.32629
0,250,2.46662,29.7603,1.77524,0.222034
0,250,2.91656,29.9154,-2.66208,3.27775
0,250,2.37204,30.2925,-5.50984,4.3077
0,250,3.20463,30.1639,1.94506,-2.33634
0,250,2.66071,30.8944,3.224,-2.01674
0,250,2.92985,30.5755,1.2838,-3.63343
0,250,2.63368,31.2694,-2.89452,2.84667
0,250,2.75932,31.6685,2.244,-1.53119
0,250,2.60932,32.0223,-1.27804,1.923
0,250,3.76289,31.0911,2.31535,-1.49059
0,250,3.18139,31.9505,0.274483,3.99374
0,250,4.24883,31.387,1.99762,-2.43852
0,250,3.4846,31.5275,0.991726,-0.782813
0,250,4.03932,31.7719,-1.64717,-2.82243
0,250,3.64488,32.0091,-2.18585,0.259051
0,250,3.59135,23.0969,0.306506,4.53157
0,250,2.84806,22.4897,-0.0338574,3.9839
0,250,2.60209,23.6539,-0.278482,4.07348
0,250,3.57702,23.7255,-0.918387,4.64961
0,250,3.40601,24.2983,-0.21155,2.57605
0,250,3.31281,24.6695,-0.884983,2.92837
0,250,2.60361,24.8206,-2.50586,3.32734
0,250,2.89713,25.1827,-0.383491,0.550022
0,250,3.51685,26.1389,2.74704,3.38261
0,250,3.6383,25.6141,2.29907,0.714851
0,250,4.08904,26.1681,0.534436,3.41696
0,250,2.77875,27.1865,-0.296881,2.06059
0,250,3.53167,27.1418,1.04142,2.33518
0,250,3.26899,27.4398,-0.585409,1.84212
0,250,3.27059,27.9369,-0.832389,4.36605
0,250,3.41643,28.4848,-2.23943,-0.0293164
0,250,2.89233,28.8131,-1.64971,1.04155
0,250,2.95948,29.3182,1.13729,1.09543
0,250,3.41002,29.5861,-3.0634,-0.714916
0,250,4.22646,29.7287,0.869212,0.586739
0,250,3.79449,30.02,1.69836,-0.441415
0,250,4.29501,30.2999,-0.262455,-0.787783
0,250,3.34749,30.7549,-2.0577,-0.547693
0,250,3.18194,31.1951,1.28314,-1.78879
0,250,4.08164,30.857,-0.122516,-5.16087
0,250,4.52077,30.7368,1.98255,0.645468
0,250,4.68971,31.2094,2.79396,-3.00098
0,250,4.68217,31.7426,5.3067,-3.08713
0,250,5.14149,31.8844,6.30475,-3.47251
0,250,4.39086,32.0769,4.05349,-6.11632
0,250,4.22816,22.7468,0.501938,4.38857
0,250,2.94976,23.8418,0.410351,5.40566
0,250,3.9212,23.6008,0.524129,4.85723
0,250,3.78968,24.2646,0.27671,4.0102
0,250,4.17623,24.745,0.401796,3.7033
0,250,3.55172,24.9988,0.365589,2.15919
0,250,4.0564,25.6829,0.0787523,3.307
0,250,3.17243,25.5319,-0.531967,2.53612
0,250,4.53208,25.9478,1.83857,2.15071
0,250,4.31443,26.5194,0.627929,3.37542
0,250,3.45016,26.503,-0.743274,2.5447
0,250,3.96514,26.8367,1.39351,2.84686
0,250,4.20361,27.1514,0.96127,2.65436
0,250,3.8556,27.6187,1.7276,2.11451
0,250,3.73776,28.0663,1.02902,1.73234
0,250,3.85409,28.9234,-0.0506757,0.236176
0,250,4.52382,28.844,-0.705104,0.727486
0,250,3.35312,28.9286,-0.739156,1.51255
0,250,3.73425,29.4359,-0.673624,1.79227
0,250,4.25241,29.2194,0.698403,-1.73683
0,250,4.69187,29.688,2.25232,-2.03786
0,250,5.29592,30.0054,0.834079,1.23363
0,250,3.76539,30.3881,0.568017,2.01141
0,250,5.43244,30.4283,2.02076,-2.9336
0,250,4.72487,30.1477,2.40591,-0.986221
0,250,5.0043,30.6256,2.69305,-1.55638
0,250,5.13548,31.3536,1.55593,-0.949192
0,250,5.51007,31.9098,2.27176,3.74625
0,250,5.55183,31.3382,3.89587,-0.360078
0,250,5.92219,31.9268,3.84597,3.16904
0,250,4.2292,23.2123,0.0657369,2.88393
0,250,4.56308,23.4632,0.986288,3.5376
0,250,4.43848,24.0235,0.805928,1.99438
0,250,4.38108,24.3997,-0.542404,4.49301
0,250,3.96814,25.1454,-0.884573,2.40775
0,250,4.52813,25.2641,1.26267,2.39625
0,250,4.86184,25.5116,-0.376834,2.2565
0,250,5.05358,25.9552,0.715094,3.37504
0,250,4.89564,26.4745,0.866872,2.35912
0,250,4.72258,26.8982,0.433494,3.37744
0,250,5.1222,27.3044,-1.64237,3.56425
0,250,4.6753,27.4071,-0.915675,1.70294
0,250,4.68834,28.0274,0.301061,3.05279
0,250,4.26996,27.7283,-0.280071,3.18078
0,250,4.40473,28.3501,0.348968,1.62021
0,250,4.00823,28.4656,-0.669342,1.73768
0,250,4.99228,28.6898,2.60157,-1.56971
0,250,4.8254,29.2181,-0.352593,3.87556
0,250,5.25182,29.6171,0.5751,-2.33695
0,250,5.78879,29.6568,1.79337,0.292514
0,250,5.90498,30.1113,3.03962,0.212411
0,250,6.34911,29.8131,3.22745,-0.837642
0,250,6.34367,30.335,2.95103,-1.96396
0,250,7.09837,30.6532,3.00312,-0.651643
0,250,5.95301,30.6039,2.74003,-0.854234
0,250,5.33226,30.9139,1.76709,-1.22318
0,250,6.83989,31.0797,5.38827,0.50689
0,250,5.97406,31.1116,0.85758,0.375729
0,250,6.37082,31.3397,2.55864,1.73652
0,250,6.24733,31.7451,5.65788,1.40645
0,250,4.76806,22.9629,0.871587,4.89783
0,250,5.25754,23.2186,1.0693,4.44027
0,250,4.85465,23.8216,0.800355,4.50896
0,250,4.92726,24.5522,0.163773,5.46015
0,250,5.31855,24.251,-1.32172,3.57143
0,250,4.86122,24.9316,-1.16213,3.6582
0,250,5.37937,24.878,1.63588,3.10396
0,250,5.3573,25.4504,0.967994,1.87244
0,250,5.73853,25.765,0.095547,3.2604
0,250,5.44285,26.1566,0.258613,2.52341
0,250,5.28269,26.6787,1.21906,2.47528
0,250,5.57357,27.1767,-0.0471921,4.06194
0,250,5.75042,27.5966,2.05827,1.90164
0,250,6.12104,27.8449,-0.0386713,1.22637
0,250,5.12919,27.7809,1.63101,1.06989
0,250,5.57582,28.0529,-1.88804,1.07095
0,250,5.15507,28.2456,-0.119973,1.03611
0,250,5.59534,28.6803,-0.119036,0.878445
0,250,5.28344,29.1183,-0.492642,-1.63864
0,250,6.34752,29.2855,1.80762,1.11436
0,250,5.78139,29.2055,0.616816,0.34127
0,250,6.67062,29.5644,1.68215,0.634119
0,250,7.1865,29.9147,3.46449,2.31634
0,250,6.8803,30.2099,2.43011,2.71187
0,250,7.28096,31.1523,3.62088,1.74137
0,250,6.39965,30.8106,2.39879,-0.774564
0,250,7.42973,31.5894,2.06126,1.60697
0,250,6.9207,31.6189,1.61928,-0.822355
0,250,6.62051,32.1496,1.88073,1.18701
0,250,7.15609,32.022,3.53132,0.115311
0,250,5.7144,23.1843,0.693703,4.29722
0,250,5.28549,23.7743,0.881411,2.02723
0,250,5.7822,23.7896,0.784945,2.90066
0,250,5.9224,24.1811,2.75319,2.30266
0,250,5.73927,24.5969,1.48477,3.982
0,250,6.18455,24.9031,0.833083,2.25549
0,250,5.79634,25.2272,0.419277,1.21895
0,250,6.32522,25.2647,1.5304,2.05188
0,250,6.16746,25.7799,1.48604,2.18754
0,250,6.12632,26.2999,0.303954,1.71881
0,250,5.81756,26.5091,0.193612,1.10232
0,250,6.53967,26.8446,1.7435,2.15967
0,250,5.95536,26.9932,0.722146,0.821636
0,250,6.33604,27.2752,0.515237,1.26329
0,250,6.65423,27.6606,2.57382,1.02698
0,250,6.58908,28.1257,1.10093,2.87908
0,250,6.04174,28.325,1.5343,0.649747
0,250,6.58413,28.6806,0.429502,0.644909
0,250,6.04934,28.7757,0.723387,1.42714
0,250,6.85362,29.079,2.28526,1.9053
0,250,7.29078,29.3718,1.69154,0.8409
0,250,7.64868,29.6057,0.894811,1.42639
0,250,7.89518,30.0587,1.24003,1.68239
0,250,7.4035,30.3322,-0.124994,1.53879
0,250,7.81734,30.6681,2.70595,1.02774
0,250,7.84904,31.0755,4.53975,0.69696
0,250,9.25613,30.6956,4.43037,0.490893
0,250,8.44747,31.6883,2.95957,1.05954
0,250,7.95992,31.6523,1.86139,-0.0457668
0,250,7.72895,32.035,0.0250769,1.78684
0,250,6.21231,23.3229,0.630017,4.07534
0,250,7.06697,23.0885,1.65586,4.34123
0,250,6.35124,23.6709,0.964603,4.36459
0,250,6.60785,24.1456,-0.758332,3.54882
0,250,6.46168,24.4542,1.34618,2.22382
0,250,6.95145,24.7573,1.02888,1.6253
0,250,6.86088,25.1379,1.94911,3.60112
0,250,6.8557,25.5349,0.346709,1.21501
0,250,6.6495,25.9618,2.26248,0.713795
0,250,7.36514,26.3436,1.15883,1.8452
0,250,6.6655,26.3882,2.49027,2.36055
0,250,7.0962,26.7254,-0.403072,1.70508
0,250,6.91576,27.1782,0.416099,1.98448
0,250,7.23183,27.5729,1.38838,1.31011
0,250,7.12324,28.0107,0.704099,1.49673
0,250,7.67904,28.078,1.26816,2.22479
0,250,7.04495,28.4589,2.17427,0.971391
0,250,7.65314,28.4778,0.832661,2.52967
0,250,7.34462,28.8771,1.44992,1.20073
0,250,8.55523,29.4079,2.37584,0.343248
0,250,7.8428,29.1295,1.85008,1.27353
0,250,8.21017,29.7612,1.21552,0.543598
0,250,9.21565,30.0354,3.10186,0.706944
0,250,8.53721,30.0796,2.49772,1.17026
0,250,8.26201,30.5079,1.56681,1.42748
0,250,8.29487,31.2338,0.262267,0.263298
0,250,8.60761,30.8716,3.40728,1.42572
0,250,9.47997,31.2509,2.37462,0.635311
0,250,8.99013,31.0906,4.02127,-1.20384
0,250,8.52439,32.1937,5.52067,-2.45258
0,250,7.17175,23.101,1.26577,4.08759
0,250,6.84854,23.5943,0.960448,3.57431
0,250,7.33087,23.7702,1.56249,2.37874
0,250,7.15719,24.2931,0.494583,3.68594
0,250,7.50038,24.704,2.36307,3.39816
0,250,7.62248,25.1379,1.78111,3.2945
0,250,7.42918,25.5079,1.80451,1.17853
0,250,7.8807,25.8362,0.535139,3.5197
0,250,7.23293,25.9514,1.13688,1.47953
0,250,7.87934,26.2845,0.75764,2.2939
0,250,7.6275,26.8383,1.68561,0.688033
0,250,8.08501,26.9009,2.33337,0.248402
0,250,7.52342,27.249,0.0496628,0.884662
0,250,8.22491,27.4053,1.40128,-0.0320504
0,250,7.8877,27.6616,1.24649,0.749864
0,250,8.23439,28.0574,1.25546,1.61747
0,250,8.47977,28.5012,0.219072,1.72146
0,250,8.5406,29.0305,1.08843,0.548315
0,250,8.04802,28.803,2.81944,1.34552
0,250,9.54578,29.5014,3.57656,1.53503
0,250,8.95159,29.6617,2.96183,1.35004
0,250,10.37,29.8807,3.4151,1.33096
0,250,9.61139,30.0271,3.14012,0.211634
0,250,8.87259,30.4072,0.650686,1.74358
0,250,10.274,30.7537,3.97746,1.78957
0,250,9.73496,30.6156,5.38541,1.30998
0,250,9.88287,31.0585,2.32447,-0.635228
0,250,10.1883,31.6007,2.39581,0.158796
0,250,9.74184,31.6603,4.68445,0.0402283
0,250,8.85169,31.6378,2.79469,-0.926836
0,250,7.99566,23.3475,2.55657,3.16559
0,250,7.78527,23.5429,1.02149,3.20376
0,250,7.68455,24.1384,1.62406,3.44714
0,250,7.98506,24.4094,1.19423,3.10492
0,250,8.067,24.9162,1.58787,4.78277
0,250,8.47766,25.1765,2.79421,2.89867
0,250,8.08656,25.5142,1.90989,1.87307
0,250,8.48455,26.1035,1.65837,2.64407
0,250,8.83559,26.7283,1.74762,2.02285
0,250,9.26271,26.9654,2.6092,1.57623
0,250,8.31458,26.5627,2.16239,2.63313
0,250,8.64975,27.1825,1.82634,2.18497
0,250,9.01481,27.4182,1.54397,1.7234
0,250,9.38301,27.7698,0.707082,1.69534
0,250,8.59211,27.8173,1.7424,3.21518
0,250,9.06706,28.0447,2.41515,2.67477
0,250,8.86732,28.4928,3.26551,2.19259
0,250,10.322,28.9867,2.82546,1.24864
0,250,9.13705,29.1724,1.65336,-1.2046
0,250,9.98096,29.6017,2.25123,2.49417
0,250,10.8721,29.9267,5.05895,1.00173
0,250,10.6181,30.4156,1.3589,0.77561
0,250,11.5283,30.4542,4.17545,1.02908
0,250,10.0841,30.2806,2.54867,0.591624
0,250,10.9165,30.8189,3.66786,2.65432
0,250,10.669,31.1494,1.53395,1.12676
0,250,10.5877,31.6139,3.10271,0.526093
0,250,10.8867,32.0487,2.65019,1.94398
0,250,9.18421,31.7669,3.73256,-0.0992617
0,250,9.59502,32.0925,-2.07866,-0.651161
0,250,8.59509,23.4734,2.36812,3.10209
0,250,8.28288,23.8359,1.00609,4.41561
0,250,8.53431,24.1658,2.49671,3.17809
0,250,8.5481,24.6388,1.89656,3.59526
0,250,8.92444,24.9722,2.2839,3.30058
0,250,8.97656,25.445,1.09022,2.39265
0,250,8.67864,25.781,0.701498,1.73994
0,250,9.30155,25.8759,2.13704,1.21381
0,250,9.02598,26.3093,0.0451489,1.43462
0,250,9.47275,26.4395,2.71767,1.41161
0,250,9.83764,26.8019,2.31876,2.09131
0,250,9.96796,27.6354,2.69858,2.79928
0,250,9.63536,27.2783,3.59607,0.937935
0,250,9.8629,28.0925,3.89581,2.8685
0,250,9.50118,28.3654,4.14255,2.02689
0,250,9.99989,28.6667,1.90311,2.26309
0,250,9.77338,29.0447,1.59756,1.00686
0,250,10.5639,28.4913,2.84022,1.80817
0,250,9.27486,28.8107,1.77485,1.66869
0,250,10.4922,29.4266,2.89855,-0.617025
0,250,11.4016,29.6615,4.77057,0.406899
0,250,11.2169,30.1725,2.58306,2.05788
0,250,11.8495,30.0996,3.1672,2.65165
0,250,11.819,30.9801,4.84496,1.5951
0,250,11.6299,31.4521,4.76377,0.590405
0,250,12.0939,31.4754,4.18348,0.904211
0,250,11.3497,30.9282,3.04182,0.0481993
0,250,11.1328,31.4758,4.24343,1.05277
0,250,11.3893,31.945,3.27616,-1.13174
0,250,10.2887,32.171,0.772809,-0.786172
0,250,8.88762,23.4441,2.18931,3.49128
0,250,9.14867,23.8132,2.7087,3.7593
0,250,9.04829,24.2408,1.44035,2.41204
0,250,9.29712,24.5935,1.69979,1.98048
0,250,9.51202,24.942,2.94722,2.37456
0,250,9.52861,25.4173,1.86451,2.22079
0,250,9.77805,25.7631,2.19,2.73405
0,250,9.93802,26.1977,1.48548,2.71968
0,250,10.2416,26.5569,3.94017,1.63611
0,250,10.6735,26.8304,3.66078,1.7949
0,250,10.229,27.1657,3.09122,2.85701
0,250,10.7148,27.2695,3.71904,3.76849
0,250,10.469,27.702,3.53056,2.58613
0,250,11.5591,28.2781,2.99557,2.16612
0,250,10.375,28.1574,2.26261,2.06906
0,250,11.0004,28.0988,3.45943,2.02752
0,250,11.2546,28.5958,3.26222,2.70167
0,250,11.4597,29.0809,4.53593,1.79293
0,250,10.8932,28.9083,2.47412,0.485487
0,250,11.7933,29.4551,4.75745,0.770872
0,250,10.9923,29.3522,2.99433,1.71782
0,250,12.1646,29.7471,2.0965,2.68865
0,250,12.1252,30.5472,2.80837,0.548342
0,250,12.971,30.2735,4.60867,1.02273
0,250,12.3713,30.9176,2.96581,1.8149
0,250,13.3372,31.538,2.36325,0.989074
0,250,12.9314,31.688,5.42018,3.24757
0,250,12.5785,31.3876,4.67857,-0.680925
0,250,12.3691,31.8861,3.47014,-2.19612
0,250,11.8144,32.0537,2.56842,1.51594
0,250,9.553,23.5643,2.19938,3.61203
0,250,9.78585,23.9643,1.72422,2.55508
0,250,9.84439,24.3105,2.26881,3.50671
0,250,10.0559,24.7201,2.4877,2.32368
0,250,10.0521,25.134,1.531,2.52664
0,250,10.4482,25.3453,2.60048,2.23824
0,250,10.3867,25.8192,3.68187,2.45227
0,250,10.6077,26.1829,2.28402,2.32901
0,250,11.0511,26.453,3.02318,1.91056
0,250,11.2585,27.2733,4.23265,3.15569
0,250,11.6488,27.585,4.99602,2.33216
0,250,11.9545,28.0153,3.72446,2.89621
0,250,11.1183,27.7543,3.77678,3.64864
0,250,12.335,28.2546,3.20279,2.38554
0,250,11.8515,28.6869,3.55998,1.51974
0,250,13.1969,28.5992,4.8722,2.97224
0,250,12.5967,28.7367,4.4695,1.81877
0,250,12.9211,29.1372,5.438,1.87935
0,250,12.1207,28.9852,4.40811,-1.07034
0,250,12.481,29.3667,3.61233,1.38329
0,250,12.4949,30.1932,5.55803,0.712625
0,250,13.4006,30.0742,5.49703,1.96667
0,250,13.3164,30.5903,4.25019,-0.4705
0,250,13.1737,31.1047,2.42448,1.01539
0,250,12.8243,30.8421,4.86866,-2.15025
0,250,13.7846,31.7877,2.37067,0.452452
0,250,12.7435,32.1263,4.63835,-4.4162
0,250,13.4614,32.0671,2.38824,3.07703
0,250,15.2921,31.8775,10.1599,1.34413
0,250,14.8409,31.9871,3.03191,-5.45371
0,250,10.3257,23.704,2.4408,3.43324
0,250,10.4146,24.0911,2.15151,3.92608
0,250,10.6644,24.5452,1.82317,1.9914
0,250,10.7759,24.8763,2.96354,2.61587
0,250,10.9927,25.2884,2.68814,2.92001
0,250,10.9063,25.7453,2.65305,2.69081
0,250,11.3061,26.007,3.46553,2.08931
0,250,11.6472,26.376,3.72913,2.60981
0,250,11.3949,26.7837,3.27629,2.66312
0,250,11.8063,27.0052,2.57353,3.82705
0,250,12.1037,27.5149,4.04116,2.00549
0,250,12.5657,27.8214,5.02789,3.36863
0,250,13.0779,27.8033,4.19561,1.86008
0,250,13.7089,28.7771,3.75994,3.22683
0,250,12.8524,28.3026,5.35961,1.85099
0,250,14.0982,28.6174,2.14449,1.61551
0,250,13.3506,29.1285,5.3199,1.72204
0,250,13.7831,29.5303,2.78015,2.64747
0,250,13.2154,29.6292,4.7092,-0.0116695
0,250,12.7596,29.7672,3.54315,2.22329
0,250,13.8678,30.5211,4.946,1.2183
0,250,14.3413,30.2549,3.31546,1.05298
0,250,13.7229,30.9611,4.02695,1.26717
0,250,14.2549,30.785,3.85193,0.954328
0,250,13.9139,31.3224,1.81585,-0.422681
0,250,14.3189,31.6607,1.67047,-1.65226
0,250,14.244,32.1143,4.38876,-2.23223
0,250,14.8568,31.5689,4.11851,-1.30368
0,250,15.6689,31.6827,3.62259,-0.317516
0,250,15.9523,31.9922,4.5975,-1.46309
0,250,10.8948,23.8926,2.33628,3.181
0,250,11.1631,24.1617,2.83154,2.52195
0,250,11.4343,24.6142,3.08082,3.68332
0,250,11.5167,24.9215,3.50551,2.18486
0,250,11.5038,25.3739,2.89904,1.23898
0,250,11.7221,25.7158,3.25346,2.68351
0,250,12.0581,26.1555,3.3898,3.66192
0,250,12.242,26.6244,3.78323,2.6057
0,250,12.8853,26.8828,4.0647,2.57346
0,250,12.3182,27.1168,3.77099,2.4348
0,250,12.828,27.3938,3.1947,3.32886
0,250,13.5699,27.6206,3.92765,2.27064
0,250,13.4918,28.1942,4.15211,1.75731
0,250,13.8942,28.0725,4.24696,2.55039
0,250,14.4121,28.311,3.99969,2.10723
0,250,14.8846,29.4676,6.77912,1.44741
0,250,14.0947,29.1845,4.65983,1.03884
0,250,14.3796,29.7299,3.00576,0.0288039
0,250,13.8709,29.9185,4.52552,1.42608
0,250,15.4768,29.3393,5.21034,1.79226
0,250,14.8357,29.9349,4.07891,0.619262
0,250,15.2556,30.4411,3.51671,-0.0879616
0,250,14.7874,30.4359,4.48248,1.58276
0,250,14.8468,30.8933,2.93196,-0.755823
0,250,14.546,31.2213,3.57869,-2.61377
0,250,16.0434,31.3034,6.83812,-0.306261
0,250,15.3638,31.2721,4.80404,-1.02985
0,250,16.4596,31.6194,5.64151,-1.57728
0,250,17.0734,31.9472,5.51635,0.779525
0,250,16.4494,32.056,6.93665,-4.35638
0,250,11.6431,24.0332,2.98946,3.52075
0,250,11.9835,24.3905,2.01374,2.92395
0,250,12.158,24.9027,2.18801,3.15752
0,250,12.2485,25.3011,2.09649,3.51283
0,250,12.3039,25.6836,3.21648,2.94513
0,250,12.8079,25.8363,4.47077,3.15781
0,250,12.5715,26.3088,2.84397,2.86326
0,250,13.0283,26.5127,4.727,2.50163
0,250,13.2956,27.1643,3.87651,2.57694
0,250,13.8489,27.2556,2.66643,1.9642
0,250,14.2274,27.7234,4.89742,1.87295
0,250,14.7897,28.0606,5.47427,2.50344
0,250,14.7592,28.7019,2.87396,1.9387
0,250,15.9669,29.2664,4.71585,1.22951
0,250,14.509,29.1605,5.07077,2.59027
0,250,15.1054,28.9489,4.42575,0.736956
0,250,16.3474,29.5306,6.33005,1.63609
0,250,16.6751,29.8142,6.78113,2.04618
0,250,15.7086,29.9106,3.73727,1.61981
0,250,15.6943,30.4244,4.63255,1.7167
0,250,15.3343,29.8028,4.80843,1.77157
0,250,16.0977,30.8878,4.57617,-0.300935
0,250,15.4178,30.9218,7.56922,0.606408
0,250,17.3182,31.2815,5.09568,1.88882
0,250,16.7357,30.759,7.27741,0.0929632
0,250,18.3807,31.4294,7.65704,-0.557814
0,250,17.0273,31.6324,4.95856,0.694188
0,250,18.5858,31.8561,8.15979,1.70592
0,250,17.986,31.8686,4.49918,-2.51946
0,250,17.6571,32.1018,6.71164,-4.91983
0,250,12.2809,24.2181,3.26693,2.43576
0,250,12.7379,24.3322,4.8227,2.87083
0,250,12.7594,24.9775,3.55879,3.01987
0,250,12.9114,25.3479,3.78858,2.81173
0,250,13.3772,25.6348,4.12948,2.99126
0,250,13.2235,26.0789,4.33978,3.06658
0,250,13.7241,26.2968,3.76254,2.07622
0,250,13.6496,26.7675,4.71668,2.81801
0,250,14.0919,26.6813,4.13613,2.14585
0,250,14.3446,27.3853,4.15561,3.08515
0,250,14.9763,27.6883,4.36066,2.82528
0,250,15.1802,28.3545,4.5337,1.221
0,250,15.6257,28.8675,3.70415,1.22652
0,250,16.0322,28.6719,3.77029,3.13833
0,250,16.59,29.1157,5.9352,2.81231
0,250,17.6502,29.7245,5.0425,2.22059
0,250,16.9784,29.393,4.77709,1.69424
0,250,17.2848,29.8857,7.45212,-0.964995
0,250,16.1486,30.0659,5.49064,1.04425
0,250,16.8466,30.2255,6.31517,-0.242838
0,250,16.2891,30.5033,5.01644,1.36486
0,250,17.2922,30.408,2.41173,0.557853
0,250,17.2772,30.8803,4.87936,0.969251
0,250,17.9291,31.0596,8.0204,-0.733798
0,250,16.5879,31.1693,5.20767,1.22834
0,250,20.8265,31.1144,7.31997,0.43865
0,250,17.8348,31.4412,8.1512,0.363996
0,250,18.8869,31.2435,5.89702,1.99457
0,250,19.4417,31.6672,3.9173,-1.04493
0,250,18.8393,31.9668,5.02514,2.29191
0,250,13.1015,24.4539,3.91971,3.55372
0,250,13.3053,24.8148,4.24489,3.45744
0,250,13.5023,25.2282,2.96134,2.1566
0,250,13.9701,25.5624,4.46808,3.54071
0,250,14.0341,25.9683,3.20803,3.95123
0,250,14.5297,26.2645,4.24512,3.17356
0,250,14.5011,26.8544,4.10186,2.5982
0,250,15.0669,26.8023,5.01741,2.86416
0,250,14.8652,27.2154,5.81415,2.88165
0,250,15.3984,27.6032,5.50634,3.61287
0,250,15.5309,28.2122,4.67415,1.15688
0,250,15.9837,28.1036,4.73848,3.33358
0,250,16.5827,28.1577,5.70586,1.74144
0,250,16.4003,28.6158,4.53109,2.53425
0,250,17.0129,28.875,5.50104,0.941744
0,250,17.4826,29.231,4.50405,1.49003
0,250,18.357,29.5064,7.41821,1.1317
0,250,18.931,29.7628,6.02487,1.79981
0,250,18.2076,29.8212,6.033,1.17549
0,250,18.5469,30.2624,7.16499,1.53044
0,250,17.8744,30.207,8.15154,1.76902
0,250,18.3859,30.6478,5.7526,0.308269
0,250,17.8096,30.5921,4.46646,0.729934
0,250,18.6471,30.9864,6.52919,1.54164
0,250,19.8575,30.9803,9.92044,-0.577946
0,250,21.0691,31.3726,6.19349,0.257561
0,250,19.4006,31.1934,5.32327,-3.83097
0,250,20.2782,30.9378,9.06596,0.0154433
0,250,20.1879,31.4135,7.82193,-1.59726
0,250,19.4168,31.9256,6.74838,-5.76253
0,250,13.7684,24.4968,3.68092,3.40943
0,250,14.0756,24.943,3.86231,2.70892
0,250,14.4733,25.321,4.24488,2.55971
0,250,14.5146,25.7731,3.44696,3.03452
0,250,15.0431,25.9566,4.73638,1.77125
0,250,15.0194,26.3779,5.22504,1.97563
0,250,15.7708,26.7307,3.84347,1.23921
0,250,15.4502,27.1101,3.66886,2.00272
0,250,15.8495,27.5232,4.15941,3.16952
0,250,16.2628,27.7767,5.56403,1.92792
0,250,17.0012,27.9807,5.50712,2.36132
0,250,17.1069,28.4585,5.73148,3.62238
0,250,17.6714,28.8881,7.22388,2.71565
0,250,18.0574,29.1654,4.15049,2.36592
0,250,18.6736,28.974,7.01892,0.600655
0,250,18.9687,29.2742,6.30961,0.855986
0,250,19.55,29.8582,7.88108,0.765941
0,250,20.9275,29.6867,7.52451,1.28086
0,250,19.461,30.4295,6.4247,1.16688
0,250,20.4694,29.8601,8.27951,0.379557
0,250,18.9592,30.2628,6.22429,1.52498
0,250,20.1025,30.4729,6.62377,-0.150594
0,250,19.3203,30.7511,6.43307,-0.271086
0,250,21.4678,30.7186,7.46974,0.681341
0,250,20.4904,30.3731,7.29191,1.20079
0,250,21.4488,31.804,9.45687,3.71853
0,250,20.58,31.611,10.3769,0.433565
0,250,21.0474,31.9772,8.89432,0.386942
0,250,22.3406,32.1595,7.53653,0.0509323
0,250,20.0148,31.8405,9.95525,-3.32461
0,250,14.4347,24.8741,4.89467,3.50652
0,250,15.0292,25.0719,4.97996,2.77148
0,250,15.2844,25.6251,4.7993,2.07001
0,250,15.7026,25.9581,4.82428,1.74284
0,250,15.7019,26.3266,4.09405,3.47572
0,250,16.3673,26.8145,5.20724,1.49169
0,250,16.0962,27.0858,4.85817,2.74422
0,250,16.6518,27.4533,5.74411,3.19443
0,250,17.2793,27.4999,6.43049,1.24643
0,250,17.4996,28.1653,6.43726,3.54143
0,250,17.8655,28.4496,6.93542,0.940356
0,250,18.449,28.6159,5.52979,1.6121
0,250,19.2484,28.697,6.81036,1.88289
0,250,19.402,29.456,6.75376,3.14155
0,250,19.9504,29.4343,8.80636,3.85473
0,250,19.9404,29.9972,6.5268,1.92153
0,250,21.8941,30.2869,9.12071,2.22709
0,250,22.3978,30.2479,10.5173,0.67523
0,250,21.221,30.2503,9.33052,2.16247
0,250,22.839,30.1954,8.16345,2.09273
0,250,22.0599,30.6624,8.28763,0.240776
0,250,23.248,31.1185,7.84858,0.799204
0,250,22.8849,30.7645,8.96803,2.50404
0,250,21.5211,31.1188,6.74403,0.679373
0,250,20.9505,30.4784,9.08755,0.598858
0,250,22.2992,31.5005,8.5209,1.41356
0,250,21.8805,31.7891,9.25953,-0.56373
0,250,23.9306,31.9966,7.54435,3.9705
0,250,22.7137,31.8846,6.3175,1.72978
0,250,20.2252,32.1116,8.89112,-3.1575
0,250,15.3628,25.1078,4.4024,3.77286
0,250,15.759,25.4772,5.59034,2.40625
0,250,16.334,26.0027,4.89905,1.36545
0,250,16.4534,26.274,4.44995,3.49326
0,250,16.9164,26.7378,6.00643,2.46674
0,250,16.9481,27.1613,6.04795,2.0915
0,250,17.6667,27.1327,5.18656,2.53126
0,250,17.6882,27.6496,5.35201,1.90868
0,250,18.1264,27.8211,5.05109,1.37538
0,250,18.3301,28.2338,6.45827,2.36785
0,250,18.9834,28.3582,6.8399,2.26986
0,250,19.6295,28.8844,6.68976,2.56705
0,250,20.119,29.035,5.49154,0.706396
0,250,20.5685,29.4211,8.75017,1.59022
0,250,21.4176,29.8049,9.64351,2.23638
0,250,22.1129,29.8458,8.60202,2.19117
0,250,22.5906,29.6658,9.54332,1.81651
0,250,23.5866,30.0256,6.8369,-0.997149
0,250,23.8072,30.5053,6.40099,1.63254
0,250,23.8974,31.0404,6.91464,0.345719
0,250,23.3419,30.706,8.26308,1.5272
0,250,23.8316,31.5496,9.66179,1.52673
0,250,22.9183,31.4914,7.75279,1.71985
0,250,23.4117,31.6727,5.381,1.5312
0,250,21.9809,31.2113,7.29032,1.32188
0,250,22.5563,31.0547,9.77725,-1.19117
0,250,24.708,31.4951,5.03481,-2.30532
0,250,25.4583,30.7429,7.3853,1.50807
0,250,25.2233,31.1775,6.35828,0.277016
0,250,23.2523,32.0572,8.78739,0.928413
0,250,16.1688,25.3415,5.44184,4.11785
0,250,16.5225,25.5244,4.90485,2.37597
0,250,16.9604,26.1708,6.64659,2.49476
0,250,17.2914,26.4892,6.43953,2.94674
0,250,17.6873,26.7453,4.78836,1.38815
0,250,18.2003,27.1821,5.70838,2.66364
0,250,18.4964,27.5881,8.34427,1.71798
0,250,19.0969,27.5645,8.62664,2.33355
0,250,19.1184,28.0156,8.4798,0.895968
0,250,19.6553,28.3718,7.05676,-0.223935
0,250,20.2379,28.5472,7.59049,-0.0958196
0,250,21.0728,28.9858,9.36,0.774495
0,250,21.3888,29.3895,8.76837,-0.421818
0,250,21.891,29.4548,9.32366,1.54559
0,250,23.1474,29.9402,7.04167,1.06682
0,250,23.9575,29.7858,7.90534,-2.31475
0,250,24.1481,30.3241,9.32445,1.40681
0,250,24.5734,30.3732,6.05168,-1.9069
0,250,26.1165,30.0668,8.50403,-4.71664
0,250,26.4961,30.0121,8.49188,0.646873
0,250,24.2691,31.0072,7.66045,1.78744
0,250,24.8155,31.0411,5.87569,1.18736
0,250,24.3211,32.1982,5.57389,-3.21784
0,250,25.9026,30.4263,3.36957,-3.29794
0,250,24.31,31.6127,6.14172,3.41224
0,250,25.5929,31.4058,5.0075,-1.72039
0,250,25.9667,31.163,9.08022,-0.696465
0,250,26.8188,31.553,8.62134,-1.31347
0,250,26.1755,31.8401,4.92021,0.681345
0,250,24.9947,31.9463,6.57912,-2.24287
0,250,17.002,25.6341,5.28757,2.7807
0,250,17.7152,26.0692,7.19999,2.35962
0,250,18.1148,26.5265,5.93177,2.13168
0,250,18.4973,26.8661,6.94837,2.37255
0,250,18.9165,27.2132,6.80606,0.222557
0,250,19.6225,27.4506,7.88283,0.781007
0,250,19.6975,27.9191,5.43378,1.94023
0,250,20.3655,28.2286,8.82762,2.65663
0,250,20.7027,28.8988,8.11488,2.92431
0,250,21.2766,28.5163,8.13403,1.99611
0,250,21.7353,28.7507,7.56474,1.44884
0,250,22.0887,29.0162,6.91911,-0.27578
0,250,22.4812,29.2284,8.07467,0.177829
0,250,23.4987,29.5074,8.68833,1.21401
0,250,24.4342,29.7503,6.30997,-0.262903
0,250,24.839,29.8521,6.60828,2.4995
0,250,24.8789,30.5287,6.28563,1.25567
0,250,25.4177,30.3112,6.52818,-0.378767
0,250,27.0001,30.1757,9.10186,2.61253
0,250,27.0661,30.7692,6.38732,-6.05979
0,250,26.6433,30.4427,10.3404,-5.73026
0,250,27.1395,31.2801,7.54081,-1.9665
0,250,26.235,30.852,3.34139,-3.49469
0,250,27.9377,30.823,4.00721,-4.22627
0,250,26.5717,31.1728,6.86744,-0.397772
0,250,27.7865,31.9413,10.2134,6.24413
0,250,27.4187,31.6324,8.61688,-2.66596
0,250,28.7472,30.5994,7.00017,-1.66422
0,250,28.2343,31.5393,6.43688,-1.45612
0,250,25.2504,32.0104,1.74122,2.6366
0,250,17.5344,25.8097,4.87011,2.57594
0,250,18.1902,26.058,8.04168,2.45084
0,250,19.0053,26.7515,8.57173,0.690951
0,250,19.7055,26.9631,9.01507,2.96807
0,250,20.0799,27.6603,8.33246,1.62339
0,250,20.6172,27.8685,7.82397,1.3468
0,250,20.9586,28.3922,10.0942,0.0884194
0,250,21.6535,27.8938,8.12713,1.91302
0,250,21.927,28.4452,8.86256,2.12049
0,250,22.6934,28.7256,6.69293,0.793179
0,250,23.0177,29.3009,7.56483,1.27965
0,250,23.6441,29.0531,7.66281,0.127536
0,250,24.1198,29.2372,8.22782,0.998083
0,250,24.6501,29.2742,6.27994,-1.15965
0,250,25.3589,29.857,10.6223,-1.81064
0,250,25.8142,29.6525,6.76998,-3.72173
0,250,26.5558,29.4763,8.11843,-2.04517
0,250,27.697,30.8305,4.47307,0.348451
0,250,27.9739,30.3052,7.52223,-1.62669
0,250,28.2892,30.0146,3.49039,-4.52589
0,250,28.3786,31.1751,0.692152,-1.42276
0,250,28.7899,29.7196,0.159924,-6.62991
0,250,27.2876,32.017,3.51477,-7.31632
0,250,28.7578,31.2723,2.00743,3.52056
0,250,26.5477,32.0903,4.11951,7.1697
0,250,28.5404,30.6099,4.02432,-1.99485
0,250,28.6998,32.0119,6.26468,2.00369
0,250,28.2459,31.954,2.54545,-1.63586
0,250,30.2587,30.7515,4.06416,-3.35774
0,250,25.9291,31.7411,7.0523,-5.79297
0,250,18.6002,26.2915,6.8757,2.00371
0,250,19.821,26.748,6.43006,3.09196
0,250,20.289,27.2416,7.67268,3.104
0,250,20.6959,27.3572,7.41087,1.551
0,250,21.0993,27.8561,7.1159,1.67306
0,250,22.0713,27.9946,8.9069,1.59941
0,250,22.6217,28.3608,7.56413,0.963946
0,250,23.3434,28.4031,8.96282,1.17537
0,250,23.1339,28.8725,8.70296,2.08848
0,250,24.1956,28.2765,8.29613,-0.868932
0,250,24.4245,28.8313,9.03769,-0.811368
0,250,25.19,29.4658,9.92703,-1.1049
0,250,25.7636,29.2828,10.329,0.177388
0,250,26.9326,29.2564,10.0901,-4.39837
0,250,27.0947,29.7032,8.29652,-3.70269
0,250,27.3342,30.4567,9.80956,-1.02272
0,250,28.219,29.5237,5.72014,-1.15246
0,250,28.5486,29.1696,3.32197,-5.52948
0,250,29.0238,29.332,1.76978,-3.71157
0,250,29.0208,30.0259,0.254301,-1.36131
0,250,30.0578,29.7657,9.86025,-0.925359
0,250,29.0555,31.1619,-3.69062,-4.47815
0,250,29.352,30.7145,0.68508,-8.14717
0,250,30.09,28.3757,4.6298,-7.58178
0,250,29.3888,30.0003,6.3584,-6.02877
0,250,31.0213,28.742,2.57832,-7.20112
0,250,29.6308,30.7493,-1.29085,-7.9476
0,250,30.2683,29.4459,-2.78753,-4.46317
0,250,30.6467,28.9727,-0.00181225,-4.69546
0,250,29.1061,32.0863,-2.86116,-5.98166
0,250,19.1844,26.4199,6.98284,2.88623
0,250,20.3704,26.6334,7.84865,3.81581
0,250,21.2283,27.3437,8.39821,2.19626
0,250,21.7936,27.5125,7.20373,1.57565
0,250,22.6185,27.8407,9.64955,1.68482
0,250,23.7515,28.187,8.37996,0.915218
0,250,23.8167,28.6373,8.36983,0.105146
0,250,25.2643,28.9399,9.12671,-2.1913
0,250,25.7187,28.7209,7.37553,0.0233253
0,250,26.1234,28.6956,12.2349,-2.42108
0,250,26.3434,29.0729,7.97196,-5.2869
0,250,27.678,28.6965,12.6707,-3.16089
0,250,27.4008,29.138,7.91951,-1.55898
0,250,27.7617,29.9335,8.2012,-1.97804
0,250,27.5664,29.6112,8.43695,-5.08055
0,250,28.0876,29.0594,4.07523,-3.02582
0,250,29.37,28.1058,6.26407,-9.69247
0,250,29.8462,29.2885,10.2984,-5.85818
0,250,29.5394,28.6413,5.11211,-5.8255
0,250,30.931,29.6851,8.25954,-3.07431
0,250,29.5751,31.2387,0.63854,-9.92447
0,250,30.4533,30.0552,5.80627,-5.49357
0,250,29.465,31.7079,0.336625,9.90882
0,250,31.0968,27.3531,-2.66135,-12.4914
0,250,30.4584,30.5694,6.79225,-5.32692
0,250,30.8235,27.9019,-4.38768,-10.2608
0,250,31.8189,27.5654,5.88531,-9.34984
0,250,29.6745,30.0869,3.06576,-5.33278
0,250,31.3161,31.8806,7.72061,10.9531
0,250,29.7435,32.1687,8.94806,-1.6259
0,250,20.7981,26.8709,7.98478,2.91554
0,250,22.1423,27.3504,8.93545,1.0313
0,250,23.2121,27.5982,9.48274,0.243187
0,250,23.1362,27.9124,8.43096,-0.574639
0,250,24.9623,28.2764,8.53959,0.533386
0,250,24.9213,28.8008,10.3938,-0.727789
0,250,26.5404,28.3099,8.40934,-3.11968
0,250,26.7572,28.6567,8.34772,1.81268
0,250,27.1754,28.4214,9.09675,-8.12208
0,250,27.9118,28.5136,4.75639,-3.43267
0,250,28.5206,28.6374,6.18147,-3.82609
0,250,29.0763,28.7504,7.08546,-4.17116
0,250,29.0983,27.7752,4.97165,-6.72158
0,250,29.5255,29.0275,5.77051,-6.07975
0,250,29.6862,27.2688,3.76444,-9.22981
0,250,30.0481,27.6636,3.88994,-10.9904
0,250,30.4076,28.4518,3.19853,-10.9306
0,250,30.8358,27.7117,2.95302,-6.32148
0,250,30.1945,28.8725,1.58895,-0.842835
0,250,29.8229,25.7521,-0.979371,-13.5296
0,250,31.8502,29.6498,1.30709,12.6639
0,250,31.4634,26.8468,-9.92209,-13.8443
0,250,30.6639,27.1008,-1.29467,-14.1298
0,250,31.4892,25.4325,-2.57258,-14.6521
0,250,30.6519,31.7614,2.12792,-4.47703
0,250,30.2527,25.5815,1.8337,-11.5061
0,250,30.8061,31.2868,2.17927,0.583758
0,250,30.3083,31.1557,3.94129,-7.66171
0,250,32.1667,28.0377,-6.81194,-4.18397
0,250,31.4561,30.3504,11.6031,-1.75675
0,250,21.3406,26.9711,7.97998,3.29622
0,250,22.5734,27.4555,9.77094,1.73343
0,250,24.1881,27.7725,9.56858,-0.857638
0,250,24.5457,27.8669,12.9743,0.646277
0,250,25.5065,28.277,8.12054,-2.77202
0,250,27.1043,27.9524,9.69828,-3.72267
0,250,28.1511,28.0393,9.17808,-4.67581
0,250,28.4599,27.8581,10.8248,-5.54325
0,250,28.736,28.3441,6.30032,-9.42789
0,250,28.4703,27.4148,3.0326,-8.58321
0,250,29.7002,28.0841,3.08409,-10.9691
0,250,29.4503,26.8676,2.39954,-10.6109
0,250,29.991,26.8752,3.45194,-9.3721
0,250,30.4379,27.0346,5.60066,-13.175
0,250,31.0442,26.4162,2.01221,-9.4068
0,250,31.1259,25.1854,4.83086,-12.5746
0,250,31.2113,28.2739,-6.24956,-14.8824
0,250,30.5335,24.4508,-3.82989,-6.86877
0,250,30.5131,26.143,2.08991,-14.5097
0,250,31.8599,28.1788,2.06273,-8.76023
0,250,31.3316,26.542,1.12957,-9.70637
0,250,29.9501,31.6432,-3.6344,-3.30715
0,250,31.5266,23.7013,0.218314,-11.4013
0,250,31.4021,21.2787,-12.0653,-22.7935
0,250,31.9995,29.8931,5.21985,4.30824
0,250,31.368,27.7199,-1.50688,-30.2244
0,250,31.7091,32.209,-7.61487,5.44145
0,250,30.847,30.1178,-2.3527,-0.952739
0,250,31.3034,30.7723,8.72812,-4.99963
0,250,32.2337,30.7048,0.1353,-11.8506
0,250,23.8049,27.3483,8.47069,0.638667
0,250,25.4607,27.8491,10.4936,-2.22155
0,250,25.8999,27.9013,9.99591,-2.75963
0,250,27.2385,27.3648,10.7807,-5.51886
0,250,27.5596,28.0208,1.99414,-2.72774
0,250,28.7304,26.1475,3.78009,-13.0183
0,250,28.9415,25.1971,3.79545,-13.3827
0,250,29.5019,26.2035,3.90313,-10.183
0,250,30.1809,25.3804,5.81877,-7.98756
0,250,30.7249,22.9599,-0.101505,-16.5609
0,250,30.2831,26.3298,2.60736,-10.703
0,250,31.0579,25.9428,-0.660397,-9.65691
0,250,29.5809,24.1703,-4.93723,-19.1265
0,250,30.485,23.5059,2.25756,-20.4981
0,250,31.4715,24.1185,4.08527,-16.2169
0,250,29.55,24.5609,-10.6413,-14.4497
0,250,31.653,22.7025,-2.0136,-17.0532
0,250,27.8087,18.5352,-10.0464,-19.6062
0,250,31.9395,23.3978,0.131994,-14.1307
0,250,31.8055,27.0494,3.70967,-7.69162
0,250,32.0101,30.4807,-2.80671,-1.56389
0,250,29.2138,22.0261,-3.83685,-11.5909
0,250,31.0951,30.9879,-3.11923,-6.39647
0,250,30.3329,11.2062,-2.24251,-28.0769
0,250,24.296,18.8066,-16.0894,-15.6072
0,250,31.3687,28.9772,-17.1272,3.59743
0,250,31.6376,31.6806,11.933,1.32018
0,250,29.4251,19.6612,-5.07951,-15.6353
0,250,31.6692,26.0202,2.66823,-14.7181
0,250,31.8475,31.3269,-5.5059,2.89841
0,250,25.0816,27.7107,10.2795,-0.733376
0,250,26.1477,28.0967,8.62823,-3.51176
0,250,27.5206,27.5286,8.63238,-5.44014
0,250,28.2664,26.7615,6.80982,-10.3958
0,250,28.939,26.5566,5.55,-9.53116
0,250,29.1741,27.244,6.01603,-7.99977
0,250,30.0895,23.8962,-1.15198,-14.09
0,250,30.0272,23.5482,-1.79207,-16.9024
0,250,31.7615,22.7223,6.73152,-16.8404
0,250,30.7748,22.492,0.630307,-14.6218
0,250,31.4758,22.0825,2.58685,-21.7358
0,250,31.8033,21.4751,-8.12695,-20.233
0,250,31.5886,14.3122,3.14789,-22.7745
0,250,29.3192,20.7084,-2.75865,-13.4167
0,250,31.0418,14.5185,-0.400632,-20.7408
0,250,29.6972,19.8147,-2.04569,-17.2015
0,250,31.1942,21.8524,-2.78321,-8.99378
0,250,30.8727,17.7955,0.506763,-19.8858
0,250,28.2816,13.4634,-7.53798,-23.9579
0,250,29.5105,16.8051,-5.00438,-20.1459
0,250,31.4327,20.4259,0.0417664,-19.4116
0,250,29.2125,17.2838,-5.59982,-20.3316
0,250,31.7373,25.7011,9.49478,-11.375
0,250,31.9277,21.2934,-9.09237,-28.4008
0,250,31.9637,24.9134,-1.81067,-9.57888
0,250,28.7646,17.1138,-4.8451,-18.6858
0,250,31.2924,29.2835,4.36075,-1.86737
0,250,31.2667,17.105,-0.333072,-22.8165
0,250,31.1521,18.0252,-6.80036,-20.57
0,250,31.0549,21.1627,-5.65489,-12.951
0,250,26.7691,27.5743,9.23051,-3.8495
0,250,27.9885,27.3303,9.43315,-9.12641
0,250,28.6523,26.7532,4.85227,-8.47346
0,250,29.3015,25.1235,-4.81006,-12.5862
0,250,29.2945,23.6449,-1.84335,-19.2795
0,250,30.0856,22.5219,-3.20485,-19.6359
0,250,29.7092,22.3554,-0.0235344,-13.6325
0,250,29.3515,20.6092,-2.33864,-15.2029
0,250,29.5938,22.0774,-0.540458,-10.4089
0,250,29.5767,16.9585,-1.60895,-23.9566
0,250,32.2643,17.54,3.20187,-22.3849
0,250,30.146,14.1605,-1.0954,-22.0425
0,250,32.2795,16.0534,-0.848951,-16.7133
0,250,28.1854,16.7019,-4.86862,-17.2576
0,250,28.4367,12.5112,-6.24029,-26.1688
0,250,31.3138,13.5641,1.41912,-24.3577
0,250,29.2033,13.4054,-5.56053,-20.8887
0,250,28.8078,12.0228,-6.83508,-23.9217
0,250,31.1995,10.7412,-0.94104,-26.4526
0,250,29.1916,11.5302,-5.65984,-22.4421
0,250,31.8284,24.938,-3.74557,-7.14729
0,250,32.1614,10.3863,0.482336,-20.3554
0,250,30.0708,11.3466,-3.72033,-22.0944
0,250,29.9603,6.40889,-2.45775,-27.2616
0,250,26.851,10.9481,-8.29374,-24.4791
0,250,14.3495,3.96856,-23.1317,-29.57
0,250,28.8676,9.30191,-5.48835,-28.4824
0,250,31.5258,28.4455,0.540569,-6.00061
0,250,25.235,2.0518,-6.354,25.1727
0,250,27.026,13.0414,-6.92837,-19.514
1,250,1.5,1.5,0,0
1,250,1.5,2,0,0
1,250,32.5,1.5,0,0
1,250,33,1.5,0,0
1,250,2.5,32.5,0,0
1,250,2.5,33,0,0
1,250,1.5,2.5,0,0
1,250,2,2.5,0,0
1,250,2,1.5,0,0
1,250,2,2,0,0
1,250,32.5,2,0,0
1,250,33,2,0,0
1,250,3,32.5,0,0
1,250,3,33,0,0
1,250,1.5,3,0,0
1,250,2,3,0,0
1,250,2.5,1.5,0,0
1,250,2.5,2,0,0
1,250,32.5,2.5,0,0
1,250,33,2.5,0,0
1,250,3.5,32.5,0,0
1,250,3.5,33,0,0
1,250,1.5,3.5,0,0
1,250,2,3.5,0,0
1,250,3,1.5,0,0
1,250,3,2,0,0
1,250,32.5,3,0,0
1,250,33,3,0,0
1,250,4,32.5,0,0
1,250,4,33,0,0
1,250,1.5,4,0,0
1,250,2,4,0,0
1,250,3.5,1.5,0,0
1,250,3.5,2,0,0
1,250,32.5,3.5,0,0
1,250,33,3.5,0,0
1,250,4.5,32.5,0,0
1,250,4.5,33,0,0
1,250,1.5,4.5,0,0
1,250,2,4.5,0,0
1,250,4,1.5,0,0
1,250,4,2,0,0
1,250,32.5,4,0,0
1,250,33,4,0,0
1,250,5,32.5,0,0
1,250,5,33,0,0
1,250,1.5,5,0,0
1,250,2,5,0,0
1,250,4.5,1.5,0,0
1,250,4.5,2,0,0
1,250,32.5,4.5,0,0
1,250,33,4.5,0,0
1,250,5.5,32.5,0,0
1,250,5.5,33,0,0
1,250,1.5,5.5,0,0
1,250,2,5.5,0,0
1,250,5,1.5,0,0
1,250,5,2,0,0
1,250,32.5,5,0,0
1,250,33,5,0,0
1,250,6,32.5,0,0
1,250,6,33,0,0
1,250,1.5,6,0,0
1,250,2,6,0,0
1,250,5.5,1.5,0,0
1,250,5.5,2,0,0
1,250,32.5,5.5,0,0
1,250,33,5.5,0,0
1,250,6.5,32.5,0,0
1,250,6.5,33,0,0
1,250,1.5,6.5,0,0
1,250,2,6.5,0,0
1,250,6,1.5,0,0
1,250,6,2,0,0
1,250,32.5,6,0,0
1,250,33,6,0,0
1,250,7,32.5,0,0
1,250,7,33,0,0
1,250,1.5,7,0,0
1,250,2,7,0,0
1,250,6.5,1.5,0,0
1,250,6.5,2,0,0
1,250,32.5,6.5,0,0
1,250,33,6.5,0,0
1,250,7.5,32.5,0,0
1,250,7.5,33,0,0
1,250,1.5,7.5,0,0
1,250,2,7.5,0,0
1,250,7,1.5,0,0
1,250,7,2,0,0
1,250,32.5,7,0,0
1,250,33,7,0,0
1,250,8,32.5,0,0
1,250,8,33,0,0
1,250,1.5,8,0,0
1,250,2,8,0,0
1,250,7.5,1.5,0,0
1,250,7.5,2,0,0
1,250,32.5,7.5,0,0
1,250,33,7.5,0,0
1,250,8.5,32.5,0,0
1,250,8.5,33,0,0
1,250,1.5,8.5,0,0
1,250,2,8.5,0,0
1,250,8,1.5,0,0
1,250,8,2,0,0
1,250,32.5,8,0,0
1,250,33,8,0,0
1,250,9,32.5,0,0
1,250,9,33,0,0
1,250,1.5,9,0,0
1,250,2,9,0,0
1,250,8.5,1.5,0,0
1,250,8.5,2,0,0
1,250,32.5,8.5,0,0
1,250,33,8.5,0,0
1,250,9.5,32.5,0,0
1,250,9.5,33,0,0
1,250,1.5,9.5,0,0
1,250,2,9.5,0,0
1,250,9,1.5,0,0
1,250,9,2,0,0
1,250,32.5,9,0,0
1,250,33,9,0,0
1,250,10,32.5,0,0
1,250,10,33,0,0
1,250,1.5,10,0,0
1,250,2,10,0,0
1,250,9.5,1.5,0,0
1,250,9.5,2,0,0
1,250,32.5,9.5,0,0
1,250,33,9.5,0,0
1,250,10.5,32.5,0,0
1,250,10.5,33,0,0
1,250,1.5,10.5,0,0
1,250,2,10.5,0,0
1,250,10,1.5,0,0
1,250,10,2,0,0
1,250,32.5,10,0,0
1,250,33,10,0,0
1,250,11,32.5,0,0
1,250,11,33,0,0
1,250,1.5,11,0,0
1,250,2,11,0,0
1,250,10.5,1.5,0,0
1,250,10.5,2,0,0
1,250,32.5,10.5,0,0
1,250,33,10.5,0,0
1,250,11.5,32.5,0,0
1,250,11.5,33,0,0
1,250,1.5,11.5,0,0
1,250,2,11.5,0,0
1,250,11,1.5,0,0
1,250,11,2,0,0
1,250,32.5,11,0,0
1,250,33,11,0,0
1,250,12,32.5,0,0
1,250,12,33,0,0
1,250,1.5,12,0,0
1,250,2,12,0,0
1,250,11.5,1.5,0,0
1,250,11.5,2,0,0
1,250,32.5,11.5,0,0
1,250,33,11.5,0,0
1,250,12.5,32.5,0,0
1,250,12.5,33,0,0
1,250,1.5,12.5,0,0
1,250,2,12.5,0,0
1,250,12,1.5,0,0
1,250,12,2,0,0
1,250,32.5,12,0,0
1,250,33,12,0,0
1,250,13,32.5,0,0
1,250,13,33,0,0
1,250,1.5,13,0,0
1,250,2,13,0,0
1,250,12.5,1.5,0,0
1,250,12.5,2,0,0
1,250,32.5,12.5,0,0
1,250,33,12.5,0,0
1,250,13.5,32.5,0,0
1,250,13.5,33,0,0
1,250,1.5,13.5,0,0
1,250,2,13.5,0,0
1,250,13,1.5,0,0
1,250,13,2,0,0
1,250,32.5,13,0,0
1,250,33,13,0,0
1,250,14,32.5,0,0
1,250,14,33,0,0
1,250,1.5,14,0,0
1,250,2,14,0,0
1,250,13.5,1.5,0,0
1,250,13.5,2,0,0
1,250,32.5,13.5,0,0
1,250,33,13.5,0,0
1,250,14.5,32.5,0,0
1,250,14.5,33,0,0
1,250,1.5,14.5,0,0
1,250,2,14.5,0,0
1,250,14,1.5,0,0
1,250,14,2,0,0
1,250,32.5,14,0,0
1,250,33,14,0,0
1,250,15,32.5,0,0
1,250,15,33,0,0
1,250,1.5,15,0,0
1,250,2,15,0,0
1,250,14.5,1.5,0,0
1,250,14.5,2,0,0
1,250,32.5,14.5,0,0
1,250,33,14.5,0,0
1,250,15.5,32.5,0,0
1,250,15.5,33,0,0
1,250,1.5,15.5,0,0
1,250,2,15.5,0,0
1,250,15,1.5,0,0
1,250,15,2,0,0
1,250,32.5,15,0,0
1,250,33,15,0,0
1,250,16,32.5,0,0
1,250,16,33,0,0
1,250,1.5,16,0,0
1,250,2,16,0,0
1,250,15.5,1.5,0,0
1,250,15.5,2,0,0
1,250,32.5,15.5,0,0
1,250,33,15.5,0,0
1,250,16.5,32.5,0,0
1,250,16.5,33,0,0
1,250,1.5,16.5,0,0
1,250,2,16.5,0,0
1,250,16,1.5,0,0
1,250,16,2,0,0
1,250,32.5,16,0,0
1,250,33,16,0,0
1,250,17,32.5,0,0
1,250,17,33,0,0
1,250,1.5,17,0,0
1,250,2,17,0,0
1,250,16.5,1.5,0,0
1,250,16.5,2,0,0
1,250,32.5,16.5,0,0
1,250,33,16.5,0,0
1,250,17.5,32.5,0,0
1,250,17.5,33,0,0
1,250,1.5,17.5,0,0
1,250,2,17.5,0,0
1,250,17,1.5,0,0
1,250,17,2,0,0
1,250,32.5,17,0,0
1,250,33,17,0,0
1,250,18,32.5,0,0
1,250,18,33,0,0
1,250,1.5,18,0,0
1,250,2,18,0,0
1,250,17.5,1.5,0,0
1,250,17.5,2,0,0
1,250,32.5,17.5,0,0
1,250,33,17.5,0,0
1,250,18.5,32.5,0,0
1,250,18.5,33,0,0
1,250,1.5,18.5,0,0
1,250,2,18.5,0,0
1,250,18,1.5,0,0
1,250,18,2,0,0
1,250,32.5,18,0,0
1,250,33,18,0,0
1,250,19,32.5,0,0
1,250,19,33,0,0
1,250,1.5,19,0,0
1,250,2,19,0,0
1,250,18.5,1.5,0,0
1,250,18.5,2,0,0
1,250,32.5,18.5,0,0
1,250,33,18.5,0,0
1,250,19.5,32.5,0,0
1,250,19.5,33,0,0
1,250,1.5,19.5,0,0
1,250,2,19.5,0,0
1,250,19,1.5,0,0
1,250,19,2,0,0
1,250,32.5,19,0,0
1,250,33,19,0,0
1,250,20,32.5,0,0
1,250,20,33,0,0
1,250,1.5,20,0,0
1,250,2,20,0,0
1,250,19.5,1.5,0,0
1,250,19.5,2,0,0
1,250,32.5,19.5,0,0
1,250,33,19.5,0,0
1,250,20.5,32.5,0,0
1,250,20.5,33,0,0
1,250,1.5,20.5,0,0
1,250,2,20.5,0,0
1,250,20,1.5,0,0
1,250,20,2,0,0
1,250,32.5,20,0,0
1,250,33,20,0,0
1,250,21,32.5,0,0
1,250,21,33,0,0
1,250,1.5,21,0,0
1,250,2,21,0,0
1,250,20.5,1.5,0,0
1,250,20.5,2,0,0
1,250,32.5,20.5,0,0
1,250,33,20.5,0,0
1,250,21.5,32.5,0,0
1,250,21.5,33,0,0
1,250,1.5,21.5,0,0
1,250,2,21.5,0,0
1,250,21,1.5,0,0
1,250,21,2,0,0
1,250,32.5,21,0,0
1,250,33,21,0,0
1,250,22,32.5,0,0
1,250,22,33,0,0
1,250,1.5,22,0,0
1,250,2,22,0,0
1,250,21.5,1.5,0,0
1,250,21.5,2,0,0
1,250,32.5,21.5,0,0
1,250,33,21.5,0,0
1,250,22.5,32.5,0,0
1,250,22.5,33,0,0
1,250,1.5,22.5,0,0
1,250,2,22.5,0,0
1,250,22,1.5,0,0
1,250,22,2,0,0
1,250,32.5,22,0,0
1,250,33,22,0,0
1,250,23,32.5,0,0
1,250,23,33,0,0
1,250,1.5,23,0,0
1,250,2,23,0,0
1,250,22.5,1.5,0,0
1,250,22.5,2,0,0
1,250,32.5,22.5,0,0
1,250,33,22.5,0,0
1,250,23.5,32.5,0,0
1,250,23.5,33,0,0
1,250,1.5,23.5,0,0
1,250,2,23.5,0,0
1,250,23,1.5,0,0
1,250,23,2,0,0
1,250,32.5,23,0,0
1,250,33,23,0,0
1,250,24,32.5,0,0
1,250,24,33,0,0
1,250,1.5,24,0,0
1,250,2,24,0,0
1,250,23.5,1.5,0,0
1,250,23.5,2,0,0
1,250,32.5,23.5,0,0
1,250,33,23.5,0,0
1,250,24.5,32.5,0,0
1,250,24.5,33,0,0
1,250,1.5,24.5,0,0
1,250,2,24.5,0,0
1,250,24,1.5,0,0
1,250,24,2,0,0
1,250,32.5,24,0,0
1,250,33,24,0,0
1,250,25,32.5,0,0
1,250,25,33,0,0
1,250,1.5,25,0,0
1,250,2,25,0,0
1,250,24.5,1.5,0,0
1,250,24.5,2,0,0
1,250,32.5,24.5,0,0
1,250,33,24.5,0,0
1,250,25.5,32.5,0,0
1,250,25.5,33,0,0
1,250,1.5,25.5,0,0
1,250,2,25.5,0,0
1,250,25,1.5,0,0
1,250,25,2,0,0
1,250,32.5,25,0,0
1,250,33,25,0,0
1,250,26,32.5,0,0
1,250,26,33,0,0
1,250,1.5,26,0,0
1,250,2,26,0,0
1,250,25.5,1.5,0,0
1,250,25.5,2,0,0
1,250,32.5,25.5,0,0
1,250,33,25.5,0,0
1,250,26.5,32.5,0,0
1,250,26.5,33,0,0
1,250,1.5,26.5,0,0
1,250,2,26.5,0,0
1,250,26,1.5,0,0
1,250,26,2,0,0
1,250,32.5,26,0,0
1,250,33,26,0,0
1,250,27,32.5,0,0
1,250,27,33,0,0
1,250,1.5,27,0,0
1,250,2,27,0,0
1,250,26.5,1.5,0,0
1,250,26.5,2,0,0
1,250,32.5,26.5,0,0
1,250,33,26.5,0,0
1,250,27.5,32.5,0,0
1,250,27.5,33,0,0
1,250,1.5,27.5,0,0
1,250,2,27.5,0,0
1,250,27,1.5,0,0
1,250,27,2,0,0
1,250,32.5,27,0,0
1,250,33,27,0,0
1,250,28,32.5,0,0
1,250,28,33,0,0
1,250,1.5,28,0,0
1,250,2,28,0,0
1,250,27.5,1.5,0,0
1,250,27.5,2,0,0
1,250,32.5,27.5,0,0
1,250,33,27.5,0,0
1,250,28.5,32.5,0,0
1,250,28.5,33,0,0
1,250,1.5,28.5,0,0
1,250,2,28.5,0,0
1,250,28,1.5,0,0
1,250,28,2,0,0
1,250,32.5,28,0,0
1,250,33,28,0,0
1,250,29,32.5,0,0
1,250,29,33,0,0
1,250,1.5,29,0,0
1,250,2,29,0,0
1,250,28.5,1.5,0,0
1,250,28.5,2,0,0
1,250,32.5,28.5,0,0
1,250,33,28.5,0,0
1,250,29.5,32.5,0,0
1,250,29.5,33,0,0
1,250,1.5,29.5,0,0
1,250,2,29.5,0,0
1,250,29,1.5,0,0
1,250,29,2,0,0
1,250,32.5,29,0,0
1,250,33,29,0,0
1,250,30,32.5,0,0
1,250,30,33,0,0
1,250,1.5,30,0,0
1,250,2,30,0,0
1,250,29.5,1.5,0,0
1,250,29.5,2,0,0
1,250,32.5,29.5,0,0
1,250,33,29.5,0,0
1,250,30.5,32.5,0,0
1,250,30.5,33,0,0
1,250,1.5,30.5,0,0
1,250,2,30.5,0,0
1,250,30,1.5,0,0
1,250,30,2,0,0
1,250,32.5,30,0,0
1,250,33,30,0,0
1,250,31,32.5,0,0
1,250,31,33,0,0
1,250,1.5,31,0,0
1,250,2,31,0,0
1,250,30.5,1.5,0,0
1,250,30.5,2,0,0
1,250,32.5,30.5,0,0
1,250,33,30.5,0,0
1,250,31.5,32.5,0,0
1,250,31.5,33,0,0
1,250,1.5,31.5,0,0
1,250,2,31.5,0,0
1,250,31,1.5,0,0
1,250,31,2,0,0
1,250,32.5,31,0,0
1,250,33,31,0,0
1,250,32,32.5,0,0
1,250,32,33,0,0
1,250,1.5,32,0,0
1,250,2,32,0,0
1,250,31.5,1.5,0,0
1,250,31.5,2,0,0
1,250,32.5,31.5,0,0
1,250,33,31.5,0,0
1,250,32.5,32.5,0,0
1,250,32.5,33,0,0
1,250,1.5,32.5,0,0
1,250,2,32.5,0,0
1,250,32,1.5,0,0
1,250,32,2,0,0
1,250,32.5,32,0,0
1,250,33,32,0,0
1,250,33,32.5,0,0
1,250,33,33,0,0
1,250,1.5,33,0,0
1,250,2,33,0,0
