1396 2 0.5 5e+06 0.05 2 0 0.001 0 9.81 35 35
0,250,2.4978,17.6834,-0.011578,1.8658
0,250,2.50285,18.1838,0.0125402,1.87206
0,250,2.49922,18.6856,-0.0096307,1.87237
0,250,2.50211,19.1856,-0.00747236,1.87668
0,250,2.49942,19.6867,-0.0260965,1.86473
0,250,2.50093,20.1868,-0.0775007,1.85982
0,250,2.49867,20.6864,-0.103326,1.71295
0,250,2.49907,21.1857,-0.0863854,1.64338
0,250,2.49711,21.6828,-0.100914,1.54656
0,250,2.49851,22.1815,-0.0545786,1.50203
0,250,2.49614,22.6781,-0.10229,1.44587
0,250,2.49782,23.1756,-0.0776977,1.3254
0,250,2.49496,23.6714,-0.0874031,1.32831
0,250,2.49708,24.1672,-0.0847199,1.20179
0,250,2.49445,24.6635,-0.0505011,1.23357
0,250,2.4961,25.1574,-0.111341,1.10841
0,250,2.49439,25.6538,-0.0220841,1.10106
0,250,2.49489,26.1463,-0.130423,1.02948
0,250,2.49453,26.6418,-0.0173403,0.941645
0,250,2.49386,27.1335,-0.109807,0.94145
0,250,2.49478,27.6277,-0.0129093,0.813727
0,250,2.4933,28.1193,-0.0785464,0.846621
0,250,2.49507,28.6121,-0.00279213,0.723836
0,250,2.49299,29.1033,-0.0665346,0.749083
0,250,2.49545,29.5945,0.0192242,0.643423
0,250,2.49314,30.0844,-0.0635678,0.642069
0,250,2.49629,30.5737,0.0766274,0.542004
0,250,2.49611,31.0608,-0.0437473,0.47279
0,250,2.49895,31.5462,0.196474,0.335501
0,250,2.50931,32.0274,0.0967034,0.134255
0,250,3.00015,17.6831,0.000484577,1.88616
0,250,3.00087,18.1838,0.00382281,1.89182
0,250,3.00093,18.6848,-0.00167576,1.86868
0,250,3.00077,19.1853,-0.0236604,1.89031
0,250,3.00065,19.6857,-0.0365644,1.82506
0,250,2.99973,20.1863,-0.0924008,1.83647
0,250,2.99944,20.6849,-0.100365,1.69613
0,250,2.99815,21.1846,-0.084086,1.62634
0,250,2.99817,21.6814,-0.0691572,1.51834
0,250,2.9976,22.1799,-0.0577196,1.43354
0,250,2.99749,22.6755,-0.0824025,1.35755
0,250,2.99694,23.1723,-0.0514161,1.21282
0,250,2.99646,23.6672,-0.0757563,1.2114
0,250,2.99664,24.162,-0.0316357,1.05756
0,250,2.99582,24.6569,-0.0640066,1.05016
0,250,2.99632,25.1497,-0.0445509,0.919267
0,250,2.99528,25.6441,-0.0530409,0.866783
0,250,2.99576,26.1353,-0.0596147,0.776519
0,250,2.99483,26.6286,-0.0495577,0.677956
0,250,2.99534,27.1188,-0.047881,0.63412
0,250,2.99458,27.6107,-0.0351379,0.504391
0,250,2.99525,28.1004,-0.0362243,0.4874
0,250,2.9945,28.5908,-0.0168112,0.361534
0,250,2.99538,29.0799,-0.0267523,0.345434
0,250,2.99468,29.5685,0.00710869,0.241001
0,250,2.99633,30.0572,-0.00745482,0.218718
0,250,2.99548,30.5432,0.0353551,0.124937
0,250,3.00008,31.0327,0.0393788,0.12819
0,250,2.99688,31.517,0.0803107,0.0462403
0,250,3.01248,32.0115,0.178019,0.231141
0,250,3.50014,17.6836,0.000574908,1.88909
0,250,3.5006,18.1838,0.00214651,1.89105
0,250,3.50046,18.6849,-0.00140473,1.85841
0,250,3.50068,19.1852,-0.0129686,1.87095
0,250,3.50028,19.6854,-0.0296936,1.81495
0,250,3.50023,20.1857,-0.033622,1.80354
0,250,3.49943,20.6847,-0.0669408,1.71012
0,250,3.49955,21.184,-0.0510743,1.63383
0,250,3.49853,21.6813,-0.0751974,1.52013
0,250,3.49872,22.1793,-0.0605529,1.40684
0,250,3.49747,22.6753,-0.0948189,1.36694
0,250,3.4981,23.1715,-0.0462931,1.21761
0,250,3.49652,23.6672,-0.0798523,1.20394
0,250,3.49764,24.1614,-0.047109,1.0744
0,250,3.49576,24.6566,-0.0629734,1.01977
0,250,3.49711,25.1495,-0.0554801,0.948495
0,250,3.49531,25.6436,-0.043583,0.844726
0,250,3.49655,26.1355,-0.0563296,0.797946
0,250,3.49501,26.6281,-0.0276267,0.681299
0,250,3.4962,27.1193,-0.0447435,0.656739
0,250,3.49494,27.6105,-0.00726352,0.514874
0,250,3.4961,28.1012,-0.0331171,0.514042
0,250,3.49506,28.591,0.012717,0.388192
0,250,3.49647,29.0812,-0.0121934,0.382069
0,250,3.49537,29.5698,0.0336117,0.286631
0,250,3.49785,30.0593,0.0130623,0.264542
0,250,3.49628,30.5464,0.0509526,0.176558
0,250,3.50084,31.0356,0.0550759,0.133812
0,250,3.49865,31.5209,0.0320699,0.0411189
0,250,3.50425,32.0097,0.121541,-0.0215359
0,250,4.00007,17.6839,-0.000211001,1.88883
0,250,4.00038,18.1842,-0.00136636,1.89175
0,250,4.0005,18.6848,-0.00345343,1.85228
0,250,4.00044,19.1852,-0.0114054,1.85819
0,250,4.00037,19.6852,-0.0236902,1.80236
0,250,4.00008,20.1853,-0.035601,1.78475
0,250,3.9998,20.6842,-0.0529292,1.68664
0,250,3.99922,21.1835,-0.0690708,1.62339
0,250,3.99895,21.6808,-0.0679043,1.52628
0,250,3.99843,22.1787,-0.0532514,1.40974
0,250,3.9982,22.6751,-0.0529194,1.37433
0,250,3.99791,23.1712,-0.0457745,1.23576
0,250,3.99765,23.6669,-0.0427854,1.19769
0,250,3.99743,24.1613,-0.0352982,1.10091
0,250,3.99729,24.6562,-0.0242572,1.01605
0,250,3.99712,25.1496,-0.0233665,0.95928
0,250,3.997,25.6431,-0.0286479,0.848737
0,250,3.99692,26.1356,-0.0174408,0.796125
0,250,3.99661,26.6278,-0.0307459,0.695403
0,250,3.99688,27.1194,-0.00401802,0.654003
0,250,3.99629,27.6103,-0.0161387,0.534622
0,250,3.99711,28.1013,0.0201767,0.50753
0,250,3.99613,28.591,-0.0018035,0.405552
0,250,3.99774,29.0812,0.0404876,0.37837
0,250,3.99622,29.57,0.0124825,0.288824
0,250,3.99896,30.0594,0.0625139,0.273665
0,250,3.99686,30.5471,0.0276751,0.189145
0,250,4.00136,31.0363,0.10274,0.191863
0,250,3.99903,31.5242,0.0636739,0.101871
0,250,4.00311,32.0141,0.0929534,0.120286
0,250,4.50006,17.6841,-0.00108645,1.88751
0,250,4.50026,18.1843,-0.0051543,1.88888
0,250,4.50019,18.6849,-0.00505533,1.8497
0,250,4.50038,19.1851,-0.00997967,1.84772
0,250,4.50015,19.6851,-0.0171851,1.79587
0,250,4.50021,20.1851,-0.0215712,1.77356
0,250,4.49986,20.6839,-0.0313071,1.68106
0,250,4.49979,21.1832,-0.0316593,1.61734
0,250,4.49933,21.6806,-0.043322,1.5343
0,250,4.49931,22.1785,-0.0367376,1.41233
0,250,4.49878,22.6748,-0.0470639,1.37032
0,250,4.49874,23.1708,-0.0376226,1.23375
0,250,4.49818,23.6667,-0.0446989,1.20293
0,250,4.49834,24.1611,-0.0250355,1.10192
0,250,4.49774,24.6562,-0.0403767,1.02072
0,250,4.4981,25.1493,-0.0169131,0.95274
0,250,4.49727,25.6431,-0.0352632,0.849338
0,250,4.49791,26.1353,-0.00811239,0.803809
0,250,4.49691,26.6279,-0.0154958,0.695759
0,250,4.49785,27.1193,0.00777425,0.676383
0,250,4.49683,27.6105,0.00948973,0.537726
0,250,4.49803,28.1014,0.0260671,0.529951
0,250,4.49694,28.5913,0.02708,0.406145
0,250,4.49846,29.0817,0.042541,0.403026
0,250,4.49734,29.5706,0.0435174,0.300498
0,250,4.49933,30.0605,0.0694904,0.289898
0,250,4.49824,30.5482,0.054992,0.197165
0,250,4.50055,31.0374,0.0868756,0.161117
0,250,4.49951,31.5244,0.0524911,0.0943351
0,250,4.5011,32.0126,0.0879736,0.0367323
0,250,5.00004,17.6843,-0.000685939,1.88331
0,250,5.00021,18.1844,-0.00300908,1.88884
0,250,5.00026,18.6849,-0.00217588,1.84874
0,250,5.00027,19.1851,-0.00526158,1.8434
0,250,5.00027,19.685,-0.00869189,1.7901
0,250,5.00015,20.185,-0.0171641,1.76639
0,250,5.00004,20.6837,-0.0217794,1.67399
0,250,4.99983,21.1829,-0.0301166,1.60724
0,250,4.99959,21.6803,-0.0366186,1.52727
0,250,4.99929,22.1781,-0.0413161,1.40908
0,250,4.99906,22.6746,-0.0397345,1.37708
0,250,4.99886,23.1706,-0.0298816,1.24214
0,250,4.99866,23.6666,-0.0227267,1.21335
0,250,4.9986,24.1609,-0.0122731,1.11011
0,250,4.99841,24.6561,-0.00677039,1.02466
0,250,4.99849,25.1492,0.000431896,0.966236
0,250,4.99836,25.643,0.00759529,0.850174
0,250,4.99846,26.1353,0.00869903,0.817563
0,250,4.99837,26.6277,0.0157973,0.701418
0,250,4.99847,27.1194,0.0260209,0.683827
0,250,4.99837,27.6104,0.0258582,0.547156
0,250,4.99864,28.1015,0.0506288,0.532226
0,250,4.99841,28.5913,0.0427183,0.417346
0,250,4.99906,29.0817,0.0768836,0.401504
0,250,4.99865,29.5707,0.0565503,0.312044
0,250,4.99981,30.0604,0.0971891,0.291857
0,250,4.99921,30.5486,0.0705977,0.211561
0,250,5.0008,31.0378,0.113997,0.190858
0,250,5.00031,31.5253,0.0942951,0.112526
0,250,5.00104,32.0145,0.0869259,0.0824514
0,250,5.50001,17.6844,0.00193256,1.88545
0,250,5.50006,18.1844,0.00875801,1.88861
0,250,5.50008,18.685,0.0061516,1.84706
0,250,5.5002,19.1851,0.00383451,1.83983
0,250,5.50015,19.685,-0.00244732,1.78356
0,250,5.50022,20.1849,-0.00795946,1.75977
0,250,5.50007,20.6836,-0.0136119,1.67103
0,250,5.50007,21.1828,-0.0140623,1.60288
0,250,5.49989,21.6801,-0.017618,1.52592
0,250,5.49986,22.1779,-0.0149209,1.40763
0,250,5.49964,22.6744,-0.0180782,1.37881
0,250,5.49961,23.1704,-0.0145558,1.24599
0,250,5.49939,23.6665,-0.016807,1.21649
0,250,5.4994,24.1608,-0.010711,1.11601
0,250,5.49922,24.656,-0.0096776,1.02844
0,250,5.49929,25.1492,-0.00180429,0.969002
0,250,5.49912,25.643,-0.00327545,0.85456
0,250,5.49924,26.1353,0.0105836,0.817317
0,250,5.499,26.6278,0.00850706,0.715634
0,250,5.49933,27.1194,0.0346262,0.692644
0,250,5.49902,27.6106,0.0363931,0.563949
0,250,5.49961,28.1016,0.0633007,0.550566
0,250,5.49928,28.5917,0.064703,0.42964
0,250,5.50003,29.0821,0.0852134,0.418922
0,250,5.49972,29.5712,0.0836403,0.319121
0,250,5.50053,30.0611,0.10169,0.302524
0,250,5.5003,30.5491,0.0988616,0.213594
0,250,5.50101,31.0382,0.11718,0.177859
0,250,5.50082,31.5252,0.109918,0.107434
0,250,5.50104,32.0138,0.107057,0.0621281
0,250,6.00001,17.6844,0.00172162,1.89225
0,250,6.00004,18.1845,0.00847275,1.89343
0,250,6.00006,18.6851,0.00797579,1.84286
0,250,6.00016,19.1852,0.00394907,1.83588
0,250,6.0002,19.685,0.00208318,1.77904
0,250,6.00025,20.1849,-0.000407244,1.75458
0,250,6.00023,20.6835,-0.00501038,1.66737
0,250,6.0002,21.1827,-0.00879563,1.60023
0,250,6.00011,21.6801,-0.0120155,1.52481
0,250,6.00003,22.1778,-0.0143625,1.40781
0,250,5.99989,22.6744,-0.0141543,1.38076
0,250,5.99982,23.1703,-0.0111666,1.24848
0,250,5.99971,23.6665,-0.00510836,1.22187
0,250,5.99975,24.1608,0.00464861,1.12239
0,250,5.99973,24.6561,0.0129037,1.03653
0,250,5.99986,25.1492,0.023616,0.975061
0,250,5.99987,25.6431,0.0295283,0.863494
0,250,6.00009,26.1353,0.041021,0.827166
0,250,6.00012,26.6279,0.0475923,0.723528
0,250,6.00036,27.1194,0.0572929,0.708053
0,250,6.00043,27.6107,0.0679606,0.57226
0,250,6.00063,28.1017,0.0794801,0.560201
0,250,6.00074,28.5917,0.0875688,0.438246
0,250,6.00097,29.0821,0.105243,0.423762
0,250,6.00106,29.5713,0.11017,0.32992
0,250,6.00142,30.0611,0.130749,0.310904
0,250,6.00149,30.5493,0.130878,0.227944
0,250,6.00194,31.0385,0.146333,0.199576
0,250,6.00193,31.5255,0.144842,0.116808
0,250,6.00165,32.0145,0.12288,0.07713
0,250,6.5,17.6844,0.000307531,1.89477
0,250,6.5,18.1845,0.00144037,1.8953
0,250,6.50004,18.6852,0.00122962,1.84098
0,250,6.50018,19.1852,0.00142158,1.83459
0,250,6.5002,19.6851,0.00344217,1.78055
0,250,6.50029,20.1849,0.00688909,1.75319
0,250,6.5003,20.6835,0.00657596,1.66388
0,250,6.5004,21.1827,0.00528805,1.59661
0,250,6.50038,21.68,0.0025363,1.52136
0,250,6.50045,22.1777,0.00295705,1.40512
0,250,6.50042,22.6743,0.00107843,1.3803
0,250,6.50049,23.1702,0.00297657,1.25153
0,250,6.50044,23.6664,0.00348143,1.22837
0,250,6.5005,24.1607,0.00761666,1.12986
0,250,6.50047,24.6561,0.0106493,1.04482
0,250,6.50059,25.1493,0.0186088,0.982622
0,250,6.50062,25.6432,0.0235972,0.870471
0,250,6.5008,26.1355,0.0322408,0.835848
0,250,6.50088,26.6281,0.0410722,0.733864
0,250,6.5011,27.1197,0.0566112,0.718495
0,250,6.50122,27.6109,0.0689914,0.591281
0,250,6.50155,28.1019,0.0940463,0.575773
0,250,6.50169,28.5921,0.107609,0.457792
0,250,6.50213,29.0825,0.129584,0.442017
0,250,6.50228,29.5717,0.139005,0.342359
0,250,6.50268,30.0615,0.151854,0.320064
0,250,6.50277,30.5495,0.156455,0.228967
0,250,6.50297,31.0386,0.163895,0.191348
0,250,6.50299,31.5254,0.166444,0.116117
0,250,6.50258,32.014,0.146796,0.0737157
0,250,7,17.6844,7.30037e-05,1.8953
0,250,7,18.1845,0.000334899,1.8956
0,250,7.00004,18.6853,0.000976119,1.84183
0,250,7.0002,19.1853,0.00443542,1.83728
0,250,7.00025,19.6851,0.00787898,1.78419
0,250,7.00034,20.185,0.010998,1.75668
0,250,7.0004,20.6836,0.0133416,1.66477
0,250,7.00054,21.1827,0.0121531,1.59496
0,250,7.00056,21.6801,0.00975203,1.5222
0,250,7.00063,22.1778,0.00823638,1.40627
0,250,7.00063,22.6744,0.0075278,1.38232
0,250,7.0007,23.1703,0.0104838,1.2537
0,250,7.00075,23.6665,0.0144604,1.23077
0,250,7.00091,24.1608,0.0231885,1.13391
0,250,7.00105,24.6562,0.0327281,1.05168
0,250,7.00127,25.1494,0.0448321,0.990976
0,250,7.00146,25.6433,0.0555363,0.878929
0,250,7.00176,26.1356,0.067948,0.844855
0,250,7.002,26.6282,0.0776273,0.746975
0,250,7.00237,27.1198,0.0923186,0.73248
0,250,7.00264,27.6112,0.104083,0.606751
0,250,7.00303,28.1022,0.118581,0.593808
0,250,7.00331,28.5923,0.132664,0.471393
0,250,7.00361,29.0827,0.146623,0.454936
0,250,7.00385,29.5719,0.160079,0.354309
0,250,7.0041,30.0616,0.175575,0.333339
0,250,7.00431,30.5497,0.18859,0.242735
0,250,7.00454,31.0388,0.202874,0.211199
0,250,7.0046,31.5255,0.209976,0.124203
0,250,7.00381,32.0144,0.176256,0.0785383
0,250,7.5,17.6844,1.06754e-08,1.89537
0,250,7.5,18.1845,2.41518e-06,1.89565
0,250,7.50004,18.6854,0.00245447,1.84608
0,250,7.50018,19.1854,0.0126144,1.84257
0,250,7.50025,19.6852,0.0153411,1.78597
0,250,7.5004,20.185,0.0150733,1.75797
0,250,7.50051,20.6838,0.0166362,1.66567
0,250,7.50072,21.1828,0.0212559,1.5933
0,250,7.50084,21.6801,0.0208927,1.51769
0,250,7.50107,22.1778,0.0199523,1.40168
0,250,7.50118,22.6743,0.0185777,1.38133
0,250,7.50138,23.1703,0.0209505,1.25614
0,250,7.50145,23.6666,0.0233095,1.23838
0,250,7.50162,24.1609,0.0297601,1.14523
0,250,7.50172,24.6564,0.0379626,1.06515
0,250,7.50197,25.1496,0.0511253,1.00396
0,250,7.50217,25.6437,0.0625242,0.893429
0,250,7.50252,26.136,0.0780162,0.858009
0,250,7.50283,26.6287,0.0917933,0.760692
0,250,7.50327,27.1203,0.10882,0.747693
0,250,7.50366,27.6116,0.126808,0.623048
0,250,7.50414,28.1026,0.149002,0.610419
0,250,7.50458,28.5927,0.169608,0.490627
0,250,7.50509,29.0831,0.193088,0.47247
0,250,7.50551,29.5723,0.209966,0.369975
0,250,7.50592,30.0619,0.224344,0.344488
0,250,7.5062,30.5499,0.231294,0.2504
0,250,7.50635,31.0388,0.233531,0.209108
0,250,7.50646,31.5255,0.235278,0.123195
0,250,7.50541,32.0139,0.202603,0.0794617
0,250,8,17.6844,1.46726e-09,1.89537
0,250,8,18.1845,1.83685e-06,1.89567
0,250,8.00004,18.6855,0.00346662,1.85599
0,250,8.00019,19.1856,0.0176084,1.85232
0,250,8.00027,19.6853,0.0200466,1.78443
0,250,8.00049,20.1852,0.0180607,1.75772
0,250,8.00061,20.6839,0.0211828,1.67202
0,250,8.00083,21.183,0.025389,1.59812
0,250,8.00098,21.6804,0.0242142,1.51969
0,250,8.00121,22.1781,0.0241977,1.40459
0,250,8.00135,22.6747,0.0268256,1.38618
0,250,8.00158,23.1706,0.0344896,1.26156
0,250,8.00179,23.6668,0.0425205,1.24258
0,250,8.00214,24.1612,0.0527901,1.15007
0,250,8.00243,24.6567,0.0630702,1.07565
0,250,8.00283,25.1499,0.0795878,1.01668
0,250,8.00322,25.644,0.0959642,0.906959
0,250,8.00371,26.1363,0.113206,0.873204
0,250,8.00418,26.629,0.130179,0.777632
0,250,8.00478,27.1207,0.148791,0.764919
0,250,8.00533,27.6121,0.164665,0.644674
0,250,8.00596,28.1031,0.184185,0.632738
0,250,8.0065,28.5932,0.200721,0.512895
0,250,8.00705,29.0836,0.218275,0.493442
0,250,8.00751,29.5727,0.234759,0.38747
0,250,8.00792,30.0623,0.251484,0.360149
0,250,8.00825,30.5502,0.266037,0.258149
0,250,8.00857,31.0392,0.281149,0.221976
0,250,8.0087,31.5256,0.290521,0.130127
0,250,8.00737,32.0143,0.245871,0.0793381
0,250,8.5,17.6844,5.84441e-10,1.89537
0,250,8.5,18.1845,1.66051e-06,1.89569
0,250,8.50003,18.6856,0.00354587,1.86628
0,250,8.50014,19.1856,0.0180641,1.86241
0,250,8.50024,19.6855,0.0222372,1.78383
0,250,8.50054,20.1854,0.0271616,1.76024
0,250,8.50072,20.6841,0.0333717,1.67521
0,250,8.50106,21.1832,0.0354075,1.59591
0,250,8.50132,21.6805,0.0367543,1.51611
0,250,8.50174,22.1782,0.0424973,1.40303
0,250,8.50196,22.6747,0.0429211,1.38725
0,250,8.50231,23.1707,0.0421516,1.26723
0,250,8.50251,23.667,0.0481801,1.25548
0,250,8.50289,24.1615,0.0621761,1.16484
0,250,8.5032,24.657,0.0772681,1.09319
0,250,8.50369,25.1503,0.0974343,1.03778
0,250,8.50415,25.6445,0.120684,0.930116
0,250,8.50479,26.1369,0.146251,0.89322
0,250,8.5054,26.6298,0.168444,0.799826
0,250,8.50617,27.1214,0.193499,0.783807
0,250,8.5069,27.6129,0.215891,0.663074
0,250,8.50775,28.1038,0.24,0.649653
0,250,8.50852,28.5939,0.262252,0.528814
0,250,8.50931,29.0841,0.284781,0.50827
0,250,8.50998,29.5732,0.302052,0.401449
0,250,8.51055,30.0627,0.315287,0.371609
0,250,8.51102,30.5505,0.325447,0.27306
0,250,8.51117,31.0391,0.328711,0.227499
0,250,8.51135,31.5256,0.329901,0.127941
0,250,8.50946,32.0138,0.281295,0.08522
0,250,9,17.6844,3.31064e-10,1.89537
0,250,9,18.1845,1.07724e-06,1.8957
0,250,9.00002,18.6857,0.00362601,1.87762
0,250,9.00011,19.1857,0.0183455,1.87341
0,250,9.00023,19.6858,0.0239504,1.78972
0,250,9.00061,20.1857,0.0361954,1.77022
0,250,9.00079,20.6844,0.0402129,1.6784
0,250,9.00117,21.1836,0.0337827,1.5983
0,250,9.00142,21.681,0.038966,1.529
0,250,9.00177,22.1787,0.0514797,1.41454
0,250,9.00207,22.6753,0.0576282,1.38794
0,250,9.00257,23.1712,0.0624771,1.26962
0,250,9.00297,23.6675,0.0740127,1.26703
0,250,9.00358,24.162,0.0944635,1.17941
0,250,9.0041,24.6576,0.112143,1.11023
0,250,9.00482,25.1509,0.131105,1.0574
0,250,9.00549,25.6451,0.154402,0.956982
0,250,9.00632,26.1376,0.182681,0.917709
0,250,9.00714,26.6305,0.207361,0.825035
0,250,9.00807,27.1222,0.231478,0.808634
0,250,9.00896,27.6137,0.254087,0.691278
0,250,9.00994,28.1047,0.277867,0.676839
0,250,9.01082,28.5948,0.299333,0.559101
0,250,9.01172,29.085,0.323269,0.534944
0,250,9.01251,29.574,0.344702,0.423489
0,250,9.01325,30.0634,0.367932,0.390144
0,250,9.01381,30.551,0.382927,0.277115
0,250,9.0144,31.0397,0.397592,0.234297
0,250,9.01467,31.5258,0.411057,0.134149
0,250,9.01251,32.0142,0.350028,0.075134
0,250,9.5,17.6844,2.11925e-10,1.89537
0,250,9.5,18.1845,6.75932e-07,1.89571
0,250,9.50001,18.6857,0.00284241,1.88756
0,250,9.50006,19.1858,0.0145811,1.88285
0,250,9.50019,19.6861,0.0234277,1.80127
0,250,9.50062,20.186,0.0475131,1.78309
0,250,9.50087,20.6847,0.0511225,1.66931
0,250,9.50151,21.1839,0.044693,1.59127
0,250,9.50183,21.6812,0.0501666,1.53536
0,250,9.50236,22.1789,0.0601071,1.42028
0,250,9.50271,22.6755,0.067619,1.39246
0,250,9.50343,23.1715,0.0725059,1.27817
0,250,9.50381,23.6679,0.0839124,1.28812
0,250,9.50445,24.1625,0.106436,1.20424
0,250,9.50504,24.6583,0.131589,1.13152
0,250,9.50596,25.1516,0.154633,1.07919
0,250,9.50678,25.6461,0.182236,0.988266
0,250,9.50785,26.1385,0.217972,0.947453
0,250,9.5089,26.6316,0.250069,0.853227
0,250,9.51011,27.1233,0.281675,0.83122
0,250,9.51132,27.6149,0.310633,0.713688
0,250,9.51261,28.1058,0.338746,0.693401
0,250,9.51383,28.5958,0.362088,0.574758
0,250,9.51502,29.0858,0.38509,0.549636
0,250,9.51604,29.5747,0.403466,0.440066
0,250,9.51684,30.0638,0.41614,0.404871
0,250,9.51756,30.5515,0.433127,0.297583
0,250,9.51772,31.0396,0.441025,0.249949
0,250,9.51802,31.5258,0.446653,0.136747
0,250,9.51506,32.0136,0.384969,0.0979448
0,250,10,17.6844,2.45212e-10,1.89537
0,250,10,18.1845,3.21756e-07,1.89571
0,250,10,18.6858,0.00154788,1.89448
0,250,10,19.1858,0.008595,1.89092
0,250,10.0001,19.6864,0.0213969,1.82563
0,250,10.0005,20.1863,0.0565108,1.80577
0,250,10.0009,20.6853,0.0619808,1.66717
0,250,10.0016,21.1846,0.057295,1.59474
0,250,10.0019,21.6818,0.0574729,1.54566
0,250,10.0024,22.1795,0.0559115,1.43396
0,250,10.0028,22.6764,0.0775907,1.40791
0,250,10.0038,23.1724,0.108386,1.28936
0,250,10.0045,23.6686,0.124792,1.30156
0,250,10.0054,24.1633,0.140792,1.2264
0,250,10.0062,24.6592,0.166456,1.15892
0,250,10.0074,25.1527,0.192358,1.10192
0,250,10.0084,25.6471,0.219322,1.02388
0,250,10.0098,26.1397,0.254977,0.982038
0,250,10.011,26.6328,0.285072,0.888116
0,250,10.0124,27.1245,0.313972,0.864692
0,250,10.0138,27.6163,0.34398,0.75199
0,250,10.0152,28.1072,0.373816,0.728021
0,250,10.0166,28.5973,0.405118,0.613932
0,250,10.018,29.0873,0.439142,0.583686
0,250,10.0193,29.5761,0.468524,0.465072
0,250,10.0205,30.0652,0.500176,0.428281
0,250,10.0215,30.5523,0.519007,0.304562
0,250,10.0225,31.0406,0.535875,0.252617
0,250,10.023,31.5262,0.556691,0.145663
0,250,10.0196,32.0139,0.474586,0.0676504
0,250,10.5,17.6844,2.67357e-09,1.89537
0,250,10.5,18.1845,1.21229e-07,1.89571
0,250,10.5,18.6858,0.000353913,1.89713
0,250,10.5,19.1858,0.00249377,1.89595
0,250,10.5001,19.6867,0.0157516,1.85545
0,250,10.5004,20.1866,0.0594946,1.83371
0,250,10.5008,20.6859,0.0809547,1.66637
0,250,10.502,21.1851,0.101256,1.59132
0,250,10.5025,21.6819,0.0920446,1.52528
0,250,10.5032,22.1797,0.064441,1.42862
0,250,10.5037,22.6769,0.0790468,1.44715
0,250,10.5047,23.1731,0.118161,1.32314
0,250,10.5054,23.6693,0.141598,1.31721
0,250,10.5064,24.164,0.158771,1.24721
0,250,10.5074,24.6603,0.18774,1.18929
0,250,10.5088,25.1538,0.220479,1.12787
0,250,10.5101,25.6485,0.253037,1.05935
0,250,10.5117,26.1411,0.296531,1.01607
0,250,10.5133,26.6344,0.334534,0.916994
0,250,10.5151,27.126,0.370426,0.889213
0,250,10.5169,27.6179,0.405453,0.776685
0,250,10.5188,28.1086,0.438395,0.74735
0,250,10.5206,28.5987,0.466972,0.635537
0,250,10.5223,29.0884,0.49291,0.602636
0,250,10.5239,29.5771,0.51964,0.491167
0,250,10.5251,30.0657,0.537625,0.449432
0,250,10.5263,30.553,0.565455,0.331448
0,250,10.5266,31.0405,0.58057,0.282886
0,250,10.5272,31.5262,0.589391,0.155067
0,250,10.5229,32.0136,0.515106,0.12047
0,250,11,17.6844,7.62216e-09,1.89537
0,250,11,18.1845,1.62393e-07,1.89572
0,250,11,18.6858,2.28251e-06,1.89749
0,250,11,19.1858,0.000220507,1.89767
0,250,11,19.6869,0.00817887,1.88632
0,250,11.0002,20.1869,0.0412125,1.87251
0,250,11.0006,20.687,0.0744888,1.70668
0,250,11.0018,21.1862,0.122108,1.61747
0,250,11.0024,21.683,0.11558,1.49655
0,250,11.0034,22.1807,0.0763161,1.41575
0,250,11.004,22.678,0.0962676,1.48289
0,250,11.0053,23.1743,0.151509,1.35885
0,250,11.0062,23.6704,0.180142,1.33446
0,250,11.0075,24.1652,0.193678,1.26806
0,250,11.0087,24.6618,0.222718,1.22691
0,250,11.0105,25.1554,0.25762,1.15909
0,250,11.0121,25.6501,0.289039,1.10287
0,250,11.0139,26.1428,0.328695,1.0602
0,250,11.0157,26.6363,0.364244,0.962292
0,250,11.0177,27.128,0.400027,0.932837
0,250,11.0198,27.6201,0.439436,0.828306
0,250,11.0218,28.1109,0.481306,0.793886
0,250,11.024,28.6011,0.524345,0.683081
0,250,11.0261,29.0908,0.568715,0.64752
0,250,11.0281,29.5794,0.605446,0.522569
0,250,11.03,30.068,0.642145,0.481301
0,250,11.0315,30.5545,0.663211,0.346311
0,250,11.0331,31.0421,0.681565,0.276201
0,250,11.034,31.5269,0.708258,0.16347
0,250,11.0292,32.0137,0.600499,0.0625295
0,250,11.5,17.6844,1.06491e-07,1.89537
0,250,11.5,18.1845,6.86885e-07,1.89572
0,250,11.5,18.6858,2.41594e-05,1.89751
0,250,11.5,19.1858,0.000127943,1.89793
0,250,11.5001,19.6869,0.00176635,1.89778
0,250,11.5003,20.187,0.0106373,1.89357
0,250,11.5007,20.6877,0.0413181,1.75426
0,250,11.502,21.1871,0.12362,1.65319
0,250,11.5029,21.6834,0.135575,1.45377
0,250,11.5042,22.1811,0.0921328,1.39041
0,250,11.505,22.6787,0.10362,1.53976
0,250,11.5063,23.1753,0.158201,1.41216
0,250,11.5074,23.6715,0.191636,1.35174
0,250,11.5089,24.1664,0.213496,1.2867
0,250,11.5103,24.6633,0.248946,1.26496
0,250,11.5123,25.1571,0.29331,1.19139
0,250,11.5142,25.652,0.335206,1.13978
0,250,11.5164,26.1447,0.384628,1.09344
0,250,11.5187,26.6384,0.428744,0.993039
0,250,11.5212,27.13,0.473868,0.960009
0,250,11.5239,27.6222,0.515137,0.857264
0,250,11.5264,28.1127,0.555292,0.821045
0,250,11.5292,28.6029,0.597374,0.714964
0,250,11.5316,29.0922,0.632397,0.670997
0,250,11.5342,29.5808,0.673908,0.555443
0,250,11.5359,30.0686,0.699086,0.50053
0,250,11.5381,30.5556,0.734846,0.373783
0,250,11.5387,31.0421,0.758077,0.325607
0,250,11.5398,31.5272,0.76746,0.178443
0,250,11.5336,32.0138,0.675971,0.144783
0,250,12,17.6844,2.50839e-07,1.89538
0,250,12,18.1845,2.06351e-06,1.89572
0,250,12,18.6858,2.63036e-05,1.8976
0,250,12,19.1859,0.000121616,1.89808
0,250,12.0001,19.6871,0.000504862,1.90042
0,250,12.0003,20.1873,0.00242074,1.90065
0,250,12.0006,20.6888,0.0249309,1.83
0,250,12.0018,21.1884,0.109377,1.73415
0,250,12.0028,21.6852,0.139001,1.43935
0,250,12.0044,22.1827,0.124006,1.37198
0,250,12.0054,22.6801,0.13566,1.56993
0,250,12.0071,23.1769,0.173182,1.45248
0,250,12.0084,23.673,0.208539,1.38402
0,250,12.0102,24.1682,0.246619,1.32139
0,250,12.0119,24.6653,0.286308,1.31275
0,250,12.0141,25.1593,0.324204,1.23567
0,250,12.0162,25.6543,0.363542,1.19672
0,250,12.0186,26.1473,0.408437,1.14871
0,250,12.0212,26.6413,0.454726,1.05721
0,250,12.0239,27.1331,0.508208,1.02063
0,250,12.027,27.6256,0.562051,0.923105
0,250,12.0299,28.1163,0.621191,0.885134
0,250,12.0332,28.6067,0.67386,0.775913
0,250,12.0363,29.0962,0.724965,0.733546
0,250,12.0394,29.5844,0.766173,0.603484
0,250,12.0423,30.0726,0.814578,0.549953
0,250,12.0446,30.5582,0.845178,0.403547
0,250,12.0471,31.0448,0.868023,0.304149
0,250,12.0486,31.5283,0.899808,0.180056
0,250,12.0419,32.0136,0.754838,0.0598716
0,250,12.5,17.6844,3.23354e-06,1.89538
0,250,12.5,18.1845,1.86793e-05,1.89573
0,250,12.5,18.6858,0.000229188,1.8978
0,250,12.5002,19.1859,0.00109101,1.89838
0,250,12.5004,19.6873,0.00255305,1.90168
0,250,12.5011,20.1875,0.00705327,1.90277
0,250,12.5016,20.6895,0.0196887,1.86893
0,250,12.503,21.1892,0.070913,1.78567
0,250,12.504,21.686,0.103208,1.43724
0,250,12.5055,22.1836,0.104686,1.37152
0,250,12.5066,22.6812,0.132782,1.60928
0,250,12.5083,23.1782,0.178704,1.49259
0,250,12.5099,23.6745,0.22138,1.42423
0,250,12.5118,24.1699,0.271122,1.36212
0,250,12.5139,24.6672,0.319611,1.35094
0,250,12.5162,25.1614,0.368337,1.26695
0,250,12.5189,25.6566,0.417809,1.23394
0,250,12.5218,26.1497,0.471587,1.18021
0,250,12.525,26.6438,0.522433,1.09567
0,250,12.5283,27.1357,0.577101,1.05628
0,250,12.5321,27.6283,0.631295,0.965969
0,250,12.5356,28.1188,0.68699,0.920063
0,250,12.5397,28.6092,0.743392,0.81208
0,250,12.5431,29.0979,0.794691,0.751509
0,250,12.5473,29.5864,0.853168,0.636625
0,250,12.55,30.073,0.886764,0.566437
0,250,12.5537,30.5596,0.928024,0.428536
0,250,12.5549,31.0447,0.962305,0.379713
0,250,12.5568,31.5289,0.981403,0.203804
0,250,12.5481,32.0142,0.872587,0.164756
0,250,13,17.6844,5.29096e-06,1.89539
0,250,13,18.1845,2.63161e-05,1.89577
0,250,13,18.686,0.000221232,1.89859
0,250,13.0001,19.1861,0.000963891,1.89945
0,250,13.0004,19.6881,0.00247872,1.90635
0,250,13.0011,20.1882,0.00704984,1.90777
0,250,13.0016,20.6908,0.0168346,1.90431
0,250,13.003,21.1908,0.056342,1.84074
0,250,13.004,21.6878,0.0981965,1.46683
0,250,13.006,22.1855,0.14303,1.3965
0,250,13.0073,22.6829,0.171554,1.64469
0,250,13.0093,23.1803,0.192648,1.533
0,250,13.0109,23.6765,0.235154,1.47853
0,250,13.0131,24.1723,0.293926,1.41849
0,250,13.0154,24.6697,0.341202,1.4091
0,250,13.0179,25.1643,0.383217,1.32521
0,250,13.0207,25.6599,0.433806,1.30748
0,250,13.0238,26.1534,0.492767,1.25039
0,250,13.0273,26.648,0.553309,1.17731
0,250,13.031,27.1402,0.627733,1.13495
0,250,13.0353,27.6333,0.693916,1.05
0,250,13.0396,28.1242,0.763186,1.0043
0,250,13.0443,28.6149,0.825911,0.900375
0,250,13.0488,29.1043,0.8973,0.851841
0,250,13.0534,29.5923,0.949378,0.714167
0,250,13.058,30.08,1.02002,0.640718
0,250,13.0616,30.5644,1.06985,0.483898
0,250,13.0658,31.0495,1.10906,0.351882
0,250,13.0682,31.531,1.1553,0.212771
0,250,13.0592,32.0141,0.972691,0.0595901
0,250,13.5,17.6844,5.75519e-05,1.89545
0,250,13.5001,18.1845,0.000315536,1.8959
0,250,13.5002,18.6861,0.00140111,1.89955
0,250,13.5009,19.1863,0.00528091,1.90066
0,250,13.5015,19.6886,0.00888648,1.90956
0,250,13.5029,20.1888,0.018125,1.91127
0,250,13.5038,20.6916,0.0241534,1.91699
0,250,13.5054,21.1916,0.0414305,1.86773
0,250,13.5062,21.6887,0.0715335,1.51167
0,250,13.5076,22.1867,0.127078,1.44523
0,250,13.5089,22.6843,0.172449,1.66167
0,250,13.5108,23.1819,0.197762,1.55487
0,250,13.5127,23.6782,0.24962,1.53796
0,250,13.5151,24.1745,0.322704,1.47191
0,250,13.5178,24.6719,0.380089,1.44366
0,250,13.5206,25.1668,0.436607,1.35726
0,250,13.524,25.6626,0.497246,1.35036
0,250,13.5276,26.1563,0.55452,1.28547
0,250,13.5318,26.6512,0.614432,1.23197
0,250,13.5361,27.1435,0.691267,1.1833
0,250,13.5412,27.6368,0.757266,1.09953
0,250,13.5461,28.1274,0.839077,1.03895
0,250,13.5519,28.6184,0.908243,0.940935
0,250,13.5571,29.1065,0.976502,0.858357
0,250,13.5633,29.5951,1.04952,0.748259
0,250,13.5679,30.0801,1.11133,0.663653
0,250,13.5739,30.5661,1.16992,0.510474
0,250,13.5766,31.0489,1.22352,0.45209
0,250,13.5802,31.5319,1.25032,0.249344
0,250,13.568,32.0148,1.10963,0.195906
0,250,14,17.6845,6.94825e-05,1.89568
0,250,14,18.1846,0.000312064,1.89631
0,250,14.0002,18.6868,0.00135246,1.90343
0,250,14.0008,19.187,0.00503969,1.9051
0,250,14.0014,19.6901,0.00897625,1.91938
0,250,14.0029,20.1903,0.0187199,1.92107
0,250,14.0038,20.6933,0.0243247,1.92928
0,250,14.0056,21.1933,0.0386023,1.88993
0,250,14.0064,21.69,0.0723378,1.56347
0,250,14.0082,22.1885,0.153161,1.51355
0,250,14.0096,22.6862,0.19807,1.70051
0,250,14.0116,23.1842,0.219771,1.59774
0,250,14.0136,23.6807,0.269304,1.61079
0,250,14.0161,24.1776,0.324793,1.54283
0,250,14.0188,24.675,0.37324,1.51871
0,250,14.0217,25.1706,0.44191,1.44319
0,250,14.0253,25.6669,0.511071,1.43752
0,250,14.0292,26.1613,0.58388,1.36705
0,250,14.0338,26.6567,0.660052,1.33405
0,250,14.0386,27.1498,0.7407,1.27932
0,250,14.0443,27.6438,0.819801,1.2163
0,250,14.0501,28.1353,0.913174,1.16031
0,250,14.0566,28.6267,0.990491,1.06087
0,250,14.0635,29.1166,1.09822,1.00497
0,250,14.0703,29.6044,1.16918,0.873551
0,250,14.0778,30.0921,1.26773,0.781978
0,250,14.0836,30.575,1.33189,0.613092
0,250,14.0907,31.0587,1.40344,0.43751
0,250,14.0945,31.5362,1.46593,0.2709
0,250,14.0834,32.0163,1.25864,0.0585859
0,250,14.5001,17.6846,0.000526661,1.89622
0,250,14.5005,18.1847,0.00277954,1.89709
0,250,14.5011,18.6873,0.00632893,1.90638
0,250,14.5029,19.1876,0.0163236,1.9085
0,250,14.5039,19.691,0.0224411,1.9251
0,250,14.506,20.1912,0.0352368,1.92676
0,250,14.5069,20.6942,0.0364347,1.92961
0,250,14.5083,21.1941,0.0307394,1.90013
0,250,14.509,21.691,0.0630626,1.63265
0,250,14.5103,22.1899,0.155309,1.58837
0,250,14.5117,22.6875,0.203394,1.71296
0,250,14.5136,23.1859,0.240441,1.62712
0,250,14.5157,23.6826,0.307913,1.66189
0,250,14.5185,24.1799,0.367593,1.5752
0,250,14.5217,24.6774,0.423729,1.56043
0,250,14.525,25.1734,0.491883,1.48915
0,250,14.529,25.67,0.551701,1.48962
0,250,14.5334,26.1648,0.636629,1.42098
0,250,14.5385,26.6605,0.707861,1.39363
0,250,14.5443,27.1539,0.812298,1.32886
0,250,14.5505,27.6482,0.883712,1.27191
0,250,14.5576,28.1394,0.984695,1.19082
0,250,14.5651,28.6315,1.0688,1.12185
0,250,14.5732,29.1194,1.18043,1.01511
0,250,14.5819,29.6087,1.2712,0.909942
0,250,14.5904,30.0921,1.38203,0.795459
0,250,14.5996,30.5773,1.46273,0.633134
0,250,14.6063,31.0565,1.55819,0.538915
0,250,14.6133,31.5374,1.59569,0.323606
0,250,14.5964,32.0156,1.38919,0.245655
0,250,15.0001,17.6849,0.000531983,1.89833
0,250,15.0004,18.1852,0.00248315,1.89998
0,250,15.001,18.6891,0.00613565,1.91716
0,250,15.0028,19.1894,0.0166616,1.91934
0,250,15.0039,19.6932,0.0233863,1.93861
0,250,15.0062,20.1933,0.0369,1.93955
0,250,15.0071,20.6957,0.0387586,1.92199
0,250,15.0086,21.1955,0.0373191,1.90324
0,250,15.0093,21.6919,0.0716826,1.70648
0,250,15.0108,22.1915,0.157244,1.67118
0,250,15.0122,22.6894,0.200572,1.76126
0,250,15.0142,23.1883,0.250555,1.70107
0,250,15.0161,23.6855,0.29841,1.73699
0,250,15.019,24.1836,0.349858,1.65472
0,250,15.0218,24.6812,0.424243,1.65134
0,250,15.0254,25.1781,0.498249,1.57848
0,250,15.0296,25.6753,0.579752,1.59091
0,250,15.0343,26.171,0.652787,1.52254
0,250,15.0397,26.6676,0.742596,1.52594
0,250,15.0458,27.1622,0.846764,1.45779
0,250,15.0528,27.6574,0.940297,1.41055
0,250,15.0609,28.1505,1.0677,1.35296
0,250,15.0694,28.6431,1.1658,1.28453
0,250,15.0797,29.1346,1.31062,1.21825
0,250,15.0896,29.6229,1.4126,1.10352
0,250,15.1019,30.1119,1.55858,0.988778
0,250,15.1116,30.5932,1.63895,0.820394
0,250,15.1244,31.0771,1.76279,0.600513
0,250,15.1307,31.5476,1.8408,0.37562
0,250,15.1187,32.0243,1.6613,0.0616123
0,250,15.5005,17.6854,0.00248138,1.9009
0,250,15.5024,18.1858,0.0126048,1.90308
0,250,15.5038,18.6903,0.0202301,1.92351
0,250,15.5066,19.1906,0.036099,1.9259
0,250,15.5078,19.6944,0.0426645,1.94534
0,250,15.5096,20.1943,0.0534981,1.94566
0,250,15.5102,20.6962,0.0546388,1.9204
0,250,15.5108,21.1961,0.0548479,1.91656
0,250,15.5114,21.693,0.0907879,1.76987
0,250,15.5129,22.1929,0.164832,1.73227
0,250,15.5143,22.6908,0.229232,1.79643
0,250,15.5165,23.1899,0.298198,1.73432
0,250,15.5187,23.6874,0.337346,1.75674
0,250,15.522,24.1859,0.393025,1.69795
0,250,15.5247,24.6837,0.449247,1.70449
0,250,15.5292,25.1813,0.540985,1.64311
0,250,15.5331,25.6786,0.619984,1.64199
0,250,15.5391,26.1751,0.713242,1.57447
0,250,15.5443,26.6719,0.794255,1.58873
0,250,15.5521,27.167,0.895312,1.50871
0,250,15.5588,27.6628,0.991507,1.48986
0,250,15.5689,28.1558,1.12385,1.39589
0,250,15.5775,28.6497,1.22649,1.3626
0,250,15.5904,29.1391,1.38079,1.23668
0,250,15.6011,29.63,1.48407,1.16405
0,250,15.6171,30.1132,1.67948,0.991536
0,250,15.6295,30.598,1.78191,0.829608
0,250,15.6474,31.0721,1.98609,0.641705
0,250,15.6604,31.5486,2.02031,0.427482
0,250,15.6404,32.016,1.64512,0.314651
0,250,16.0004,17.6873,0.00256338,1.91113
0,250,16.0022,18.1879,0.0120865,1.91471
0,250,16.0037,18.6935,0.0205939,1.94141
0,250,16.0069,19.1934,0.0384863,1.94177
0,250,16.008,19.6962,0.0448404,1.95586
0,250,16.0099,20.196,0.0556235,1.95565
0,250,16.0104,20.6968,0.0611015,1.91879
0,250,16.0111,21.1968,0.0759333,1.92757
0,250,16.0116,21.694,0.0904944,1.82323
0,250,16.0131,22.1945,0.146379,1.81495
0,250,16.0141,22.6928,0.207308,1.88401
0,250,16.0163,23.1926,0.268578,1.81687
0,250,16.0182,23.6908,0.335579,1.82694
0,250,16.0214,24.1897,0.387058,1.77439
0,250,16.0243,24.6882,0.454716,1.79825
0,250,16.0285,25.1867,0.528602,1.75858
0,250,16.0326,25.6849,0.619441,1.76147
0,250,16.0385,26.1827,0.719189,1.70791
0,250,16.0441,26.6803,0.818092,1.71608
0,250,16.0521,27.1774,0.92631,1.66517
0,250,16.0596,27.6741,1.04406,1.65588
0,250,16.0704,28.1703,1.18763,1.60151
0,250,16.0806,28.6647,1.33065,1.56327
0,250,16.0952,29.16,1.50225,1.49156
0,250,16.109,29.65,1.67148,1.42711
0,250,16.1284,30.1435,1.86938,1.29428
0,250,16.146,30.6246,2.03388,1.16064
0,250,16.1689,31.1134,2.20274,0.850501
0,250,16.1843,31.5752,2.23086,0.505013
0,250,16.1751,32.0532,2.31734,-0.0116922
0,250,16.5015,17.689,0.00791363,1.91998
0,250,16.5075,18.1896,0.0381986,1.9238
0,250,16.5093,18.695,0.0472889,1.94991
0,250,16.5114,19.1948,0.0589171,1.9494
0,250,16.512,19.6968,0.0620246,1.95952
0,250,16.5125,20.1967,0.0649118,1.95921
0,250,16.5127,20.6971,0.0737454,1.94128
0,250,16.5129,21.197,0.104641,1.94179
0,250,16.5134,21.6953,0.125584,1.85479
0,250,16.5154,22.1955,0.217379,1.86514
0,250,16.5162,22.694,0.241627,1.90405
0,250,16.5191,23.1941,0.295221,1.865
0,250,16.5204,23.6926,0.351308,1.8631
0,250,16.5247,24.1921,0.420791,1.82268
0,250,16.527,24.6907,0.501303,1.84157
0,250,16.5326,25.1899,0.56878,1.81236
0,250,16.5361,25.6883,0.660971,1.82094
0,250,16.5434,26.1869,0.743801,1.77383
0,250,16.5484,26.6849,0.857462,1.78093
0,250,16.5581,27.1829,0.956064,1.73058
0,250,16.5649,27.6802,1.08298,1.73781
0,250,16.578,28.1771,1.21144,1.67297
0,250,16.5867,28.6731,1.34878,1.66226
0,250,16.6055,29.1678,1.54008,1.56528
0,250,16.6161,29.6612,1.68404,1.53557
0,250,16.6447,30.1508,1.98813,1.35754
0,250,16.6565,30.6371,2.14404,1.23142
0,250,16.7033,31.1117,2.67157,0.759793
0,250,16.7179,31.5803,2.93346,0.748952
0,250,16.7261,32.0176,2.16734,0.369076
0,250,17.0016,17.6955,0.0085711,1.95343
0,250,17.0082,18.1957,0.0420168,1.95409
0,250,17.0099,18.6967,0.0508697,1.95944
0,250,17.0118,19.1967,0.0611025,1.95952
0,250,17.0122,19.6971,0.0636711,1.96147
0,250,17.0126,20.1971,0.06578,1.96147
0,250,17.0127,20.6972,0.069336,1.95892
0,250,17.0128,21.1972,0.0823787,1.95843
0,250,17.0132,21.6968,0.10781,1.94085
0,250,17.0146,22.1969,0.190952,1.94368
0,250,17.0154,22.6966,0.215462,1.94947
0,250,17.018,23.1966,0.278008,1.94315
0,250,17.0192,23.6963,0.322192,1.94151
0,250,17.0232,24.1962,0.404867,1.93405
0,250,17.0253,24.6959,0.475248,1.93644
0,250,17.0308,25.1957,0.560218,1.93078
0,250,17.034,25.6953,0.644403,1.93138
0,250,17.0414,26.1951,0.740935,1.92153
0,250,17.046,26.6946,0.854522,1.92122
0,250,17.0561,27.1942,0.970688,1.90955
0,250,17.0629,27.6935,1.11479,1.90923
0,250,17.0766,28.1929,1.25401,1.89274
0,250,17.0866,28.6918,1.44076,1.88762
0,250,17.106,29.1907,1.62772,1.86228
0,250,17.1213,29.6888,1.88343,1.84852
0,250,17.1503,30.1865,2.15531,1.8051
0,250,17.1765,30.6824,2.54787,1.7545
0,250,17.2246,31.1769,3.04732,1.65098
0,250,17.2731,31.6492,3.54739,0.579319
0,250,17.287,32.1554,3.9692,-1.97958
1,250,1.5,1.5,0,0
1,250,1.5,2,0,0
1,250,32.5,1.5,0,0
1,250,33,1.5,0,0
1,250,2.5,32.5,0,0
1,250,2.5,33,0,0
1,250,1.5,2.5,0,0
1,250,2,2.5,0,0
1,250,2,1.5,0,0
1,250,2,2,0,0
1,250,32.5,2,0,0
1,250,33,2,0,0
1,250,3,32.5,0,0
1,250,3,33,0,0
1,250,1.5,3,0,0
1,250,2,3,0,0
1,250,2.5,1.5,0,0
1,250,2.5,2,0,0
1,250,32.5,2.5,0,0
1,250,33,2.5,0,0
1,250,3.5,32.5,0,0
1,250,3.5,33,0,0
1,250,1.5,3.5,0,0
1,250,2,3.5,0,0
1,250,3,1.5,0,0
1,250,3,2,0,0
1,250,32.5,3,0,0
1,250,33,3,0,0
1,250,4,32.5,0,0
1,250,4,33,0,0
1,250,1.5,4,0,0
1,250,2,4,0,0
1,250,3.5,1.5,0,0
1,250,3.5,2,0,0
1,250,32.5,3.5,0,0
1,250,33,3.5,0,0
1,250,4.5,32.5,0,0
1,250,4.5,33,0,0
1,250,1.5,4.5,0,0
1,250,2,4.5,0,0
1,250,4,1.5,0,0
1,250,4,2,0,0
1,250,32.5,4,0,0
1,250,33,4,0,0
1,250,5,32.5,0,0
1,250,5,33,0,0
1,250,1.5,5,0,0
1,250,2,5,0,0
1,250,4.5,1.5,0,0
1,250,4.5,2,0,0
1,250,32.5,4.5,0,0
1,250,33,4.5,0,0
1,250,5.5,32.5,0,0
1,250,5.5,33,0,0
1,250,1.5,5.5,0,0
1,250,2,5.5,0,0
1,250,5,1.5,0,0
1,250,5,2,0,0
1,250,32.5,5,0,0
1,250,33,5,0,0
1,250,6,32.5,0,0
1,250,6,33,0,0
1,250,1.5,6,0,0
1,250,2,6,0,0
1,250,5.5,1.5,0,0
1,250,5.5,2,0,0
1,250,32.5,5.5,0,0
1,250,33,5.5,0,0
1,250,6.5,32.5,0,0
1,250,6.5,33,0,0
1,250,1.5,6.5,0,0
1,250,2,6.5,0,0
1,250,6,1.5,0,0
1,250,6,2,0,0
1,250,32.5,6,0,0
1,250,33,6,0,0
1,250,7,32.5,0,0
1,250,7,33,0,0
1,250,1.5,7,0,0
1,250,2,7,0,0
1,250,6.5,1.5,0,0
1,250,6.5,2,0,0
1,250,32.5,6.5,0,0
1,250,33,6.5,0,0
1,250,7.5,32.5,0,0
1,250,7.5,33,0,0
1,250,1.5,7.5,0,0
1,250,2,7.5,0,0
1,250,7,1.5,0,0
1,250,7,2,0,0
1,250,32.5,7,0,0
1,250,33,7,0,0
1,250,8,32.5,0,0
1,250,8,33,0,0
1,250,1.5,8,0,0
1,250,2,8,0,0
1,250,7.5,1.5,0,0
1,250,7.5,2,0,0
1,250,32.5,7.5,0,0
1,250,33,7.5,0,0
1,250,8.5,32.5,0,0
1,250,8.5,33,0,0
1,250,1.5,8.5,0,0
1,250,2,8.5,0,0
1,250,8,1.5,0,0
1,250,8,2,0,0
1,250,32.5,8,0,0
1,250,33,8,0,0
1,250,9,32.5,0,0
1,250,9,33,0,0
1,250,1.5,9,0,0
1,250,2,9,0,0
1,250,8.5,1.5,0,0
1,250,8.5,2,0,0
1,250,32.5,8.5,0,0
1,250,33,8.5,0,0
1,250,9.5,32.5,0,0
1,250,9.5,33,0,0
1,250,1.5,9.5,0,0
1,250,2,9.5,0,0
1,250,9,1.5,0,0
1,250,9,2,0,0
1,250,32.5,9,0,0
1,250,33,9,0,0
1,250,10,32.5,0,0
1,250,10,33,0,0
1,250,1.5,10,0,0
1,250,2,10,0,0
1,250,9.5,1.5,0,0
1,250,9.5,2,0,0
1,250,32.5,9.5,0,0
1,250,33,9.5,0,0
1,250,10.5,32.5,0,0
1,250,10.5,33,0,0
1,250,1.5,10.5,0,0
1,250,2,10.5,0,0
1,250,10,1.5,0,0
1,250,10,2,0,0
1,250,32.5,10,0,0
1,250,33,10,0,0
1,250,11,32.5,0,0
1,250,11,33,0,0
1,250,1.5,11,0,0
1,250,2,11,0,0
1,250,10.5,1.5,0,0
1,250,10.5,2,0,0
1,250,32.5,10.5,0,0
1,250,33,10.5,0,0
1,250,11.5,32.5,0,0
1,250,11.5,33,0,0
1,250,1.5,11.5,0,0
1,250,2,11.5,0,0
1,250,11,1.5,0,0
1,250,11,2,0,0
1,250,32.5,11,0,0
1,250,33,11,0,0
1,250,12,32.5,0,0
1,250,12,33,0,0
1,250,1.5,12,0,0
1,250,2,12,0,0
1,250,11.5,1.5,0,0
1,250,11.5,2,0,0
1,250,32.5,11.5,0,0
1,250,33,11.5,0,0
1,250,12.5,32.5,0,0
1,250,12.5,33,0,0
1,250,1.5,12.5,0,0
1,250,2,12.5,0,0
1,250,12,1.5,0,0
1,250,12,2,0,0
1,250,32.5,12,0,0
1,250,33,12,0,0
1,250,13,32.5,0,0
1,250,13,33,0,0
1,250,1.5,13,0,0
1,250,2,13,0,0
1,250,12.5,1.5,0,0
1,250,12.5,2,0,0
1,250,32.5,12.5,0,0
1,250,33,12.5,0,0
1,250,13.5,32.5,0,0
1,250,13.5,33,0,0
1,250,1.5,13.5,0,0
1,250,2,13.5,0,0
1,250,13,1.5,0,0
1,250,13,2,0,0
1,250,32.5,13,0,0
1,250,33,13,0,0
1,250,14,32.5,0,0
1,250,14,33,0,0
1,250,1.5,14,0,0
1,250,2,14,0,0
1,250,13.5,1.5,0,0
1,250,13.5,2,0,0
1,250,32.5,13.5,0,0
1,250,33,13.5,0,0
1,250,14.5,32.5,0,0
1,250,14.5,33,0,0
1,250,1.5,14.5,0,0
1,250,2,14.5,0,0
1,250,14,1.5,0,0
1,250,14,2,0,0
1,250,32.5,14,0,0
1,250,33,14,0,0
1,250,15,32.5,0,0
1,250,15,33,0,0
1,250,1.5,15,0,0
1,250,2,15,0,0
1,250,14.5,1.5,0,0
1,250,14.5,2,0,0
1,250,32.5,14.5,0,0
1,250,33,14.5,0,0
1,250,15.5,32.5,0,0
1,250,15.5,33,0,0
1,250,1.5,15.5,0,0
1,250,2,15.5,0,0
1,250,15,1.5,0,0
1,250,15,2,0,0
1,250,32.5,15,0,0
1,250,33,15,0,0
1,250,16,32.5,0,0
1,250,16,33,0,0
1,250,1.5,16,0,0
1,250,2,16,0,0
1,250,15.5,1.5,0,0
1,250,15.5,2,0,0
1,250,32.5,15.5,0,0
1,250,33,15.5,0,0
1,250,16.5,32.5,0,0
1,250,16.5,33,0,0
1,250,1.5,16.5,0,0
1,250,2,16.5,0,0
1,250,16,1.5,0,0
1,250,16,2,0,0
1,250,32.5,16,0,0
1,250,33,16,0,0
1,250,17,32.5,0,0
1,250,17,33,0,0
1,250,1.5,17,0,0
1,250,2,17,0,0
1,250,16.5,1.5,0,0
1,250,16.5,2,0,0
1,250,32.5,16.5,0,0
1,250,33,16.5,0,0
1,250,17.5,32.5,0,0
1,250,17.5,33,0,0
1,250,1.5,17.5,0,0
1,250,2,17.5,0,0
1,250,17,1.5,0,0
1,250,17,2,0,0
1,250,32.5,17,0,0
1,250,33,17,0,0
1,250,18,32.5,0,0
1,250,18,33,0,0
1,250,1.5,18,0,0
1,250,2,18,0,0
1,250,17.5,1.5,0,0
1,250,17.5,2,0,0
1,250,32.5,17.5,0,0
1,250,33,17.5,0,0
1,250,18.5,32.5,0,0
1,250,18.5,33,0,0
1,250,1.5,18.5,0,0
1,250,2,18.5,0,0
1,250,18,1.5,0,0
1,250,18,2,0,0
1,250,32.5,18,0,0
1,250,33,18,0,0
1,250,19,32.5,0,0
1,250,19,33,0,0
1,250,1.5,19,0,0
1,250,2,19,0,0
1,250,18.5,1.5,0,0
1,250,18.5,2,0,0
1,250,32.5,18.5,0,0
1,250,33,18.5,0,0
1,250,19.5,32.5,0,0
1,250,19.5,33,0,0
1,250,1.5,19.5,0,0
1,250,2,19.5,0,0
1,250,19,1.5,0,0
1,250,19,2,0,0
1,250,32.5,19,0,0
1,250,33,19,0,0
1,250,20,32.5,0,0
1,250,20,33,0,0
1,250,1.5,20,0,0
1,250,2,20,0,0
1,250,19.5,1.5,0,0
1,250,19.5,2,0,0
1,250,32.5,19.5,0,0
1,250,33,19.5,0,0
1,250,20.5,32.5,0,0
1,250,20.5,33,0,0
1,250,1.5,20.5,0,0
1,250,2,20.5,0,0
1,250,20,1.5,0,0
1,250,20,2,0,0
1,250,32.5,20,0,0
1,250,33,20,0,0
1,250,21,32.5,0,0
1,250,21,33,0,0
1,250,1.5,21,0,0
1,250,2,21,0,0
1,250,20.5,1.5,0,0
1,250,20.5,2,0,0
1,250,32.5,20.5,0,0
1,250,33,20.5,0,0
1,250,21.5,32.5,0,0
1,250,21.5,33,0,0
1,250,1.5,21.5,0,0
1,250,2,21.5,0,0
1,250,21,1.5,0,0
1,250,21,2,0,0
1,250,32.5,21,0,0
1,250,33,21,0,0
1,250,22,32.5,0,0
1,250,22,33,0,0
1,250,1.5,22,0,0
1,250,2,22,0,0
1,250,21.5,1.5,0,0
1,250,21.5,2,0,0
1,250,32.5,21.5,0,0
1,250,33,21.5,0,0
1,250,22.5,32.5,0,0
1,250,22.5,33,0,0
1,250,1.5,22.5,0,0
1,250,2,22.5,0,0
1,250,22,1.5,0,0
1,250,22,2,0,0
1,250,32.5,22,0,0
1,250,33,22,0,0
1,250,23,32.5,0,0
1,250,23,33,0,0
1,250,1.5,23,0,0
1,250,2,23,0,0
1,250,22.5,1.5,0,0
1,250,22.5,2,0,0
1,250,32.5,22.5,0,0
1,250,33,22.5,0,0
1,250,23.5,32.5,0,0
1,250,23.5,33,0,0
1,250,1.5,23.5,0,0
1,250,2,23.5,0,0
1,250,23,1.5,0,0
1,250,23,2,0,0
1,250,32.5,23,0,0
1,250,33,23,0,0
1,250,24,32.5,0,0
1,250,24,33,0,0
1,250,1.5,24,0,0
1,250,2,24,0,0
1,250,23.5,1.5,0,0
1,250,23.5,2,0,0
1,250,32.5,23.5,0,0
1,250,33,23.5,0,0
1,250,24.5,32.5,0,0
1,250,24.5,33,0,0
1,250,1.5,24.5,0,0
1,250,2,24.5,0,0
1,250,24,1.5,0,0
1,250,24,2,0,0
1,250,32.5,24,0,0
1,250,33,24,0,0
1,250,25,32.5,0,0
1,250,25,33,0,0
1,250,1.5,25,0,0
1,250,2,25,0,0
1,250,24.5,1.5,0,0
1,250,24.5,2,0,0
1,250,32.5,24.5,0,0
1,250,33,24.5,0,0
1,250,25.5,32.5,0,0
1,250,25.5,33,0,0
1,250,1.5,25.5,0,0
1,250,2,25.5,0,0
1,250,25,1.5,0,0
1,250,25,2,0,0
1,250,32.5,25,0,0
1,250,33,25,0,0
1,250,26,32.5,0,0
1,250,26,33,0,0
1,250,1.5,26,0,0
1,250,2,26,0,0
1,250,25.5,1.5,0,0
1,250,25.5,2,0,0
1,250,32.5,25.5,0,0
1,250,33,25.5,0,0
1,250,26.5,32.5,0,0
1,250,26.5,33,0,0
1,250,1.5,26.5,0,0
1,250,2,26.5,0,0
1,250,26,1.5,0,0
1,250,26,2,0,0
1,250,32.5,26,0,0
1,250,33,26,0,0
1,250,27,32.5,0,0
1,250,27,33,0,0
1,250,1.5,27,0,0
1,250,2,27,0,0
1,250,26.5,1.5,0,0
1,250,26.5,2,0,0
1,250,32.5,26.5,0,0
1,250,33,26.5,0,0
1,250,27.5,32.5,0,0
1,250,27.5,33,0,0
1,250,1.5,27.5,0,0
1,250,2,27.5,0,0
1,250,27,1.5,0,0
1,250,27,2,0,0
1,250,32.5,27,0,0
1,250,33,27,0,0
1,250,28,32.5,0,0
1,250,28,33,0,0
1,250,1.5,28,0,0
1,250,2,28,0,0
1,250,27.5,1.5,0,0
1,250,27.5,2,0,0
1,250,32.5,27.5,0,0
1,250,33,27.5,0,0
1,250,28.5,32.5,0,0
1,250,28.5,33,0,0
1,250,1.5,28.5,0,0
1,250,2,28.5,0,0
1,250,28,1.5,0,0
1,250,28,2,0,0
1,250,32.5,28,0,0
1,250,33,28,0,0
1,250,29,32.5,0,0
1,250,29,33,0,0
1,250,1.5,29,0,0
1,250,2,29,0,0
1,250,28.5,1.5,0,0
1,250,28.5,2,0,0
1,250,32.5,28.5,0,0
1,250,33,28.5,0,0
1,250,29.5,32.5,0,0
1,250,29.5,33,0,0
1,250,1.5,29.5,0,0
1,250,2,29.5,0,0
1,250,29,1.5,0,0
1,250,29,2,0,0
1,250,32.5,29,0,0
1,250,33,29,0,0
1,250,30,32.5,0,0
1,250,30,33,0,0
1,250,1.5,30,0,0
1,250,2,30,0,0
1,250,29.5,1.5,0,0
1,250,29.5,2,0,0
1,250,32.5,29.5,0,0
1,250,33,29.5,0,0
1,250,30.5,32.5,0,0
1,250,30.5,33,0,0
1,250,1.5,30.5,0,0
1,250,2,30.5,0,0
1,250,30,1.5,0,0
1,250,30,2,0,0
1,250,32.5,30,0,0
1,250,33,30,0,0
1,250,31,32.5,0,0
1,250,31,33,0,0
1,250,1.5,31,0,0
1,250,2,31,0,0
1,250,30.5,1.5,0,0
1,250,30.5,2,0,0
1,250,32.5,30.5,0,0
1,250,33,30.5,0,0
1,250,31.5,32.5,0,0
1,250,31.5,33,0,0
1,250,1.5,31.5,0,0
1,250,2,31.5,0,0
1,250,31,1.5,0,0
1,250,31,2,0,0
1,250,32.5,31,0,0
1,250,33,31,0,0
1,250,32,32.5,0,0
1,250,32,33,0,0
1,250,1.5,32,0,0
1,250,2,32,0,0
1,250,31.5,1.5,0,0
1,250,31.5,2,0,0
1,250,32.5,31.5,0,0
1,250,33,31.5,0,0
1,250,32.5,32.5,0,0
1,250,32.5,33,0,0
1,250,1.5,32.5,0,0
1,250,2,32.5,0,0
1,250,32,1.5,0,0
1,250,32,2,0,0
1,250,32.5,32,0,0
1,250,33,32,0,0
1,250,33,32.5,0,0
1,250,33,33,0,0
1,250,1.5,33,0,0
1,250,2,33,0,0
