1396 2 0.5 5e+06 0.05 2 0 0.001 0 9.81 35 35
0,250,2.32145,18.4867,-0.0751576,2.42873
0,250,2.54815,18.9198,0.265366,2.67384
0,250,2.46872,19.436,-0.0466691,2.19347
0,250,2.51366,19.9228,0.229432,2.44461
0,250,2.49991,20.4184,0.0735229,2.33529
0,250,2.49758,20.9079,0.21674,2.44424
0,250,2.50074,21.3994,0.0874185,2.4514
0,250,2.49417,21.8866,0.140582,2.45191
0,250,2.49444,22.3809,0.0984413,2.4818
0,250,2.49122,22.8666,0.0523187,2.5232
0,250,2.49019,23.3632,0.186161,2.58609
0,250,2.48861,23.8503,-0.0280979,2.65688
0,250,2.4908,24.3476,0.263006,2.69902
0,250,2.48989,24.8358,-0.0242038,2.74848
0,250,2.49538,25.3311,0.329985,2.75957
0,250,2.49895,25.82,0.0482389,2.79745
0,250,2.502,26.31,0.324119,2.74311
0,250,2.51336,26.7978,0.111322,2.74766
0,250,2.51439,27.2788,0.281093,2.51439
0,250,2.52513,27.7633,0.0437505,2.58176
0,250,2.53753,28.2317,0.148291,2.02983
0,250,2.52054,28.7123,-0.165649,2.22749
0,250,2.56991,29.1586,-0.0117124,1.46147
0,250,2.49017,29.6291,-0.314018,1.4647
0,250,2.61168,30.0493,0.308345,1.19829
0,250,2.4426,30.496,-0.382691,0.836648
0,250,2.67159,30.8886,0.681108,0.860001
0,250,2.4256,31.3008,0.0462941,0.200616
0,250,2.70848,31.6838,0.871211,0.109791
0,250,2.52506,32.0417,-0.338811,-0.165714
0,250,2.99186,18.3547,0.0126424,2.157
0,250,3.00344,18.8434,0.0142967,2.05725
0,250,2.99374,19.3528,-0.037852,2.09838
0,250,3.01327,19.8256,0.0870039,1.93074
0,250,3.01141,20.3305,0.185384,2.00418
0,250,3.01353,20.8065,0.0745349,1.90994
0,250,3.01773,21.2941,0.217259,1.99809
0,250,3.01524,21.7698,0.0727625,1.79064
0,250,3.01764,22.2468,0.204961,1.89271
0,250,3.01869,22.7157,0.112786,1.69798
0,250,3.01703,23.1876,0.199226,1.81006
0,250,3.02161,23.6487,0.146817,1.66462
0,250,3.01682,24.1164,0.164387,1.73727
0,250,3.02373,24.5714,0.173399,1.72415
0,250,3.01718,25.038,0.155903,1.67441
0,250,3.02671,25.4889,0.196516,1.72856
0,250,3.02123,25.9571,0.155573,1.64947
0,250,3.03059,26.4098,0.190211,1.65351
0,250,3.02997,26.8792,0.123963,1.59416
0,250,3.03664,27.3392,0.168607,1.41173
0,250,3.03944,27.8089,0.139298,1.43144
0,250,3.04999,28.2793,0.234401,1.12475
0,250,3.05049,28.7493,0.218178,1.09084
0,250,3.07295,29.2296,0.302768,0.953837
0,250,3.07225,29.6986,0.29732,0.704498
0,250,3.09449,30.1793,0.272863,0.754779
0,250,3.12191,30.6417,0.561133,0.269802
0,250,3.09356,31.1346,0.242455,0.625655
0,250,3.19063,31.6068,0.897381,0.694441
0,250,3.2082,32.0883,0.033592,0.478004
0,250,3.50244,18.357,0.0106694,2.05453
0,250,3.50785,18.8418,0.0150764,2.18429
0,250,3.50427,19.3441,-0.0125877,2.02302
0,250,3.5219,19.8274,0.0609626,2.06605
0,250,3.51635,20.3304,0.064675,2.0538
0,250,3.52617,20.811,0.173133,2.06281
0,250,3.52901,21.3075,0.178229,2.08715
0,250,3.53279,21.7859,0.230049,2.07064
0,250,3.53892,22.2758,0.249776,2.09652
0,250,3.54236,22.7523,0.282554,2.10283
0,250,3.54766,23.237,0.306878,2.13391
0,250,3.55269,23.7106,0.330132,2.14574
0,250,3.55753,24.1892,0.368505,2.12731
0,250,3.56348,24.6597,0.363661,2.17174
0,250,3.56786,25.1302,0.386984,2.02674
0,250,3.57375,25.5969,0.367341,2.087
0,250,3.57681,26.0595,0.369518,1.90443
0,250,3.5836,26.52,0.361907,1.85249
0,250,3.58367,26.9764,0.32156,1.6819
0,250,3.59423,27.4302,0.363373,1.55052
0,250,3.58678,27.8828,0.233206,1.38303
0,250,3.60363,28.3324,0.273818,1.15451
0,250,3.58802,28.7852,0.205864,0.971759
0,250,3.61017,29.2341,0.320966,0.771978
0,250,3.60226,29.6933,0.322823,0.588979
0,250,3.61957,30.1447,0.449641,0.462242
0,250,3.65143,30.6192,0.670973,0.515412
0,250,3.61734,31.0735,0.242767,0.278307
0,250,3.67696,31.5622,0.921829,0.247697
0,250,3.76738,32.0523,0.926472,-0.0342017
0,250,4.00282,18.3633,0.0228978,2.16799
0,250,4.01195,18.8557,0.0479177,2.17676
0,250,4.01162,19.3563,0.0549468,2.07934
0,250,4.02848,19.8407,0.190644,2.12167
0,250,4.0272,20.3379,0.193073,2.05386
0,250,4.04134,20.818,0.195212,2.06983
0,250,4.04208,21.3083,0.236434,2.00909
0,250,4.0506,21.7872,0.211517,2.02732
0,250,4.05445,22.2694,0.278216,1.97375
0,250,4.06063,22.7471,0.275517,2.01334
0,250,4.06612,23.2238,0.305984,2.01265
0,250,4.07191,23.7005,0.313152,2.04726
0,250,4.07739,24.1742,0.332235,2.11474
0,250,4.08398,24.6498,0.359233,2.12486
0,250,4.08963,25.1225,0.397819,2.1604
0,250,4.0986,25.5968,0.427339,2.13839
0,250,4.10511,26.0692,0.441729,2.12243
0,250,4.11604,26.5432,0.452219,2.07046
0,250,4.12308,27.0139,0.469569,1.96991
0,250,4.13295,27.4848,0.412193,1.79724
0,250,4.13946,27.9506,0.460505,1.60774
0,250,4.14636,28.4144,0.4205,1.43818
0,250,4.15173,28.871,0.429809,1.26551
0,250,4.15532,29.3261,0.412226,1.01155
0,250,4.16287,29.7803,0.475896,0.995404
0,250,4.16041,30.2274,0.509944,0.693798
0,250,4.1853,30.6908,0.785991,0.679639
0,250,4.15362,31.1372,0.550065,0.38494
0,250,4.17971,31.5975,0.89123,0.463294
0,250,4.31615,32.047,1.28115,0.395097
0,250,4.50374,18.3698,0.0122152,2.09105
0,250,4.51493,18.8579,0.0301128,2.22824
0,250,4.52162,19.3606,0.0501723,2.15083
0,250,4.53331,19.8468,0.0966215,2.19859
0,250,4.53839,20.3455,0.0893525,2.12787
0,250,4.55027,20.8277,0.22296,2.13863
0,250,4.55751,21.3204,0.216114,2.13374
0,250,4.5679,21.7995,0.340085,2.11629
0,250,4.5775,22.2859,0.316046,2.12914
0,250,4.58564,22.7625,0.406516,2.08217
0,250,4.59603,23.2429,0.384766,2.11346
0,250,4.60345,23.7149,0.508966,2.06572
0,250,4.61373,24.1894,0.468211,2.06783
0,250,4.62106,24.6561,0.559337,2.04259
0,250,4.62955,25.1254,0.496692,1.97036
0,250,4.63657,25.587,0.548562,1.89794
0,250,4.64294,26.0528,0.484388,1.8359
0,250,4.64977,26.511,0.529519,1.73261
0,250,4.65448,26.9748,0.453457,1.63944
0,250,4.66399,27.4333,0.556576,1.54434
0,250,4.66805,27.8977,0.527262,1.5077
0,250,4.68065,28.3576,0.602723,1.26319
0,250,4.68679,28.8223,0.622349,1.15759
0,250,4.69808,29.2825,0.714711,0.95682
0,250,4.70961,29.7394,0.731204,0.762544
0,250,4.70977,30.198,0.69701,0.654052
0,250,4.73133,30.6532,0.780725,0.58244
0,250,4.7161,31.1129,0.542686,0.413182
0,250,4.7362,31.5571,0.588637,0.224373
0,250,4.85774,32.028,1.05288,-0.352777
0,250,5.00551,18.3802,0.0508355,2.21046
0,250,5.0201,18.8702,0.126053,2.19063
0,250,5.02583,19.3723,0.103779,2.17501
0,250,5.04331,19.8579,0.229109,2.15956
0,250,5.04823,20.353,0.205327,2.16198
0,250,5.06565,20.8356,0.281293,2.1424
0,250,5.07011,21.3256,0.273421,2.13293
0,250,5.08562,21.8047,0.32826,2.11531
0,250,5.09199,22.2894,0.387591,2.09285
0,250,5.10582,22.7661,0.43015,2.10249
0,250,5.11459,23.2463,0.48463,2.16797
0,250,5.12681,23.7226,0.488691,2.18372
0,250,5.13675,24.1986,0.575477,2.22591
0,250,5.14914,24.6736,0.56517,2.21811
0,250,5.15956,25.1464,0.630737,2.20382
0,250,5.17292,25.6189,0.647166,2.15018
0,250,5.18312,26.0872,0.689546,2.07108
0,250,5.19671,26.5557,0.662811,1.94409
0,250,5.20495,27.0187,0.702226,1.83074
0,250,5.21601,27.4806,0.656216,1.63234
0,250,5.22061,27.9364,0.606015,1.39373
0,250,5.2297,28.394,0.623419,1.27285
0,250,5.23405,28.8467,0.611999,1.20048
0,250,5.23919,29.3012,0.599543,0.974077
0,250,5.25381,29.7598,0.721325,0.938442
0,250,5.24785,30.209,0.803538,0.700783
0,250,5.26775,30.6688,0.979576,0.547796
0,250,5.26592,31.1135,1.08177,0.472019
0,250,5.2475,31.5687,1.21271,0.281136
0,250,5.39191,32.0386,1.77203,0.19297
0,250,5.50642,18.3914,0.028533,2.21016
0,250,5.52372,18.8811,0.075069,2.269
0,250,5.53437,19.3836,0.119673,2.25801
0,250,5.54926,19.8705,0.165688,2.28799
0,250,5.56115,20.3679,0.219116,2.22029
0,250,5.57563,20.8508,0.313099,2.23016
0,250,5.58893,21.3418,0.359056,2.20143
0,250,5.60246,21.8212,0.428286,2.22003
0,250,5.61703,22.3069,0.46839,2.21656
0,250,5.62839,22.7828,0.525964,2.14511
0,250,5.64407,23.2626,0.599885,2.15756
0,250,5.65419,23.7339,0.615254,2.12549
0,250,5.6695,24.2088,0.646813,2.12808
0,250,5.6795,24.676,0.648081,2.06608
0,250,5.69325,25.1463,0.694836,2.06086
0,250,5.70379,25.6111,0.656182,1.97826
0,250,5.71487,26.079,0.685753,1.92491
0,250,5.72712,26.5432,0.729054,1.87235
0,250,5.73577,27.0081,0.742899,1.79327
0,250,5.7508,27.4723,0.766369,1.64392
0,250,5.75958,27.935,0.87231,1.61524
0,250,5.77302,28.3948,0.915756,1.38367
0,250,5.7835,28.8523,0.933111,1.1323
0,250,5.78991,29.3076,0.99492,1.03485
0,250,5.80634,29.7609,1.03769,0.964244
0,250,5.8035,30.2156,0.826595,0.838878
0,250,5.82057,30.6687,0.930676,0.735764
0,250,5.82834,31.1284,0.681796,0.444767
0,250,5.81243,31.5602,0.572003,0.212145
0,250,5.909,32.0125,1.11775,0.165593
0,250,6.00787,18.4059,0.0590128,2.30143
0,250,6.02788,18.8969,0.160208,2.27856
0,250,6.03813,19.3977,0.184037,2.27728
0,250,6.05909,19.8854,0.291746,2.26151
0,250,6.06979,20.3789,0.308114,2.29622
0,250,6.09,20.864,0.391062,2.26629
0,250,6.10071,21.3523,0.435409,2.25352
0,250,6.12061,21.8335,0.515996,2.22988
0,250,6.13209,22.3169,0.531708,2.21156
0,250,6.15142,22.7954,0.588404,2.27453
0,250,6.16367,23.2751,0.654312,2.28167
0,250,6.18294,23.7516,0.709974,2.26128
0,250,6.19562,24.2262,0.775179,2.26396
0,250,6.21429,24.701,0.808122,2.28038
0,250,6.22658,25.1704,0.826735,2.16312
0,250,6.24496,25.6414,0.852394,2.11215
0,250,6.25663,26.1048,0.884214,2.04215
0,250,6.27334,26.5703,0.87928,1.91226
0,250,6.28416,27.0295,0.861568,1.702
0,250,6.29816,27.4899,0.945026,1.66271
0,250,6.30781,27.9463,0.860212,1.46373
0,250,6.31717,28.4035,0.853293,1.29273
0,250,6.33178,28.8626,0.916275,1.33467
0,250,6.33181,29.3133,0.919027,1.07571
0,250,6.35191,29.7709,1.01979,0.814592
0,250,6.35266,30.2172,1.21636,0.680131
0,250,6.35351,30.6677,1.22394,0.510206
0,250,6.38638,31.1223,1.32116,0.431342
0,250,6.36946,31.5665,1.1409,0.220925
0,250,6.45113,32.0265,1.37044,-0.104785
0,250,6.50923,18.4213,0.0457122,2.35007
0,250,6.53261,18.9124,0.117668,2.38734
0,250,6.54602,19.4144,0.187586,2.38627
0,250,6.5665,19.9022,0.260754,2.41078
0,250,6.58214,20.3985,0.34942,2.32942
0,250,6.60185,20.8823,0.393873,2.36209
0,250,6.61872,21.3724,0.468139,2.33607
0,250,6.63776,21.8529,0.50954,2.31585
0,250,6.6554,22.3371,0.662317,2.2916
0,250,6.6738,22.8136,0.686355,2.25127
0,250,6.69099,23.2924,0.754248,2.27351
0,250,6.70847,23.7652,0.760194,2.2363
0,250,6.72445,24.2393,0.843081,2.23309
0,250,6.74305,24.7083,0.82153,2.13244
0,250,6.75784,25.1785,0.874632,2.12938
0,250,6.77706,25.6456,0.90673,2.0872
0,250,6.79012,26.1121,0.917488,1.99744
0,250,6.8097,26.5782,0.95096,1.91393
0,250,6.82185,27.0409,1.02408,1.92534
0,250,6.83776,27.5022,1.04761,1.69051
0,250,6.85295,27.9615,1.10514,1.53612
0,250,6.86367,28.4168,1.26126,1.42399
0,250,6.88181,28.8699,1.28388,1.18399
0,250,6.88837,29.3236,1.20873,1.03438
0,250,6.90574,29.7774,1.28039,1.21573
0,250,6.9115,30.2312,1.05687,0.992599
0,250,6.91008,30.6772,1.02757,0.540819
0,250,6.93327,31.1312,1.28693,0.38819
0,250,6.9306,31.5676,1.39205,0.104657
0,250,6.97034,32.0179,1.82632,-0.00763679
0,250,7.01043,18.4407,0.0661243,2.42345
0,250,7.03642,18.9333,0.186394,2.43573
0,250,7.05024,19.4327,0.23511,2.41798
0,250,7.07645,19.9221,0.34105,2.43994
0,250,7.09149,20.4152,0.389519,2.42554
0,250,7.11636,20.9013,0.508182,2.3968
0,250,7.13241,21.3889,0.521899,2.36196
0,250,7.15656,21.8712,0.637368,2.4411
0,250,7.17264,22.3545,0.647227,2.39404
0,250,7.19709,22.8333,0.78496,2.40509
0,250,7.21379,23.312,0.834592,2.35521
0,250,7.23871,23.7873,0.945857,2.3825
0,250,7.25498,24.2618,0.93349,2.28471
0,250,7.27905,24.734,1.02583,2.3024
0,250,7.29426,25.2033,1.05616,2.19416
0,250,7.31627,25.6696,1.08729,2.12194
0,250,7.33233,26.1356,1.10087,2.03323
0,250,7.35081,26.5957,1.21374,1.96674
0,250,7.36867,27.0564,1.14198,1.7762
0,250,7.38383,27.5147,1.18919,1.66421
0,250,7.4033,27.973,1.23139,1.68066
0,250,7.41085,28.427,1.13131,1.41816
0,250,7.43139,28.8859,1.20866,1.32842
0,250,7.4357,29.3352,1.3862,1.09257
0,250,7.44964,29.7821,1.41816,0.708404
0,250,7.47004,30.2327,1.5378,0.502582
0,250,7.46064,30.6758,1.43708,0.731945
0,250,7.49248,31.1286,1.37993,0.666198
0,250,7.49971,31.5708,1.16655,0.394858
0,250,7.50359,32.0233,1.07784,0.368343
0,250,7.512,18.4602,0.0675429,2.51522
0,250,7.54127,18.952,0.178842,2.55947
0,250,7.55693,19.4544,0.253868,2.53404
0,250,7.58443,19.9423,0.346439,2.56219
0,250,7.60249,20.4386,0.432,2.49813
0,250,7.62871,20.9229,0.509165,2.50314
0,250,7.6484,21.413,0.663972,2.47002
0,250,7.67438,21.8933,0.704678,2.4364
0,250,7.69482,22.3774,0.771606,2.42359
0,250,7.71973,22.8542,0.790898,2.43057
0,250,7.73926,23.3333,0.875057,2.42867
0,250,7.7641,23.8064,0.915765,2.35703
0,250,7.78324,24.281,1.01232,2.33011
0,250,7.80819,24.7497,1.09952,2.29559
0,250,7.82689,25.2197,1.09013,2.20974
0,250,7.85203,25.6867,1.21747,2.14113
0,250,7.87036,26.1511,1.22728,2.1309
0,250,7.89185,26.6144,1.2236,1.93491
0,250,7.91136,27.0769,1.28932,1.90494
0,250,7.92698,27.5329,1.39603,1.78704
0,250,7.94753,27.99,1.41013,1.51845
0,250,7.96251,28.4434,1.54702,1.36889
0,250,7.98284,28.8934,1.60792,1.42257
0,250,7.99703,29.3459,1.41095,1.18351
0,250,8.00838,29.7978,1.42216,1.14522
0,250,8.02418,30.2497,1.54773,1.06472
0,250,8.01649,30.6867,1.52504,0.376518
0,250,8.04356,31.1363,1.79064,0.0186287
0,250,8.07302,31.5716,2.17777,-0.0519478
0,250,8.0451,32.0183,1.6881,-0.301901
0,250,8.01292,18.4851,0.0707961,2.59657
0,250,8.04473,18.978,0.186642,2.63421
0,250,8.06257,19.4782,0.247484,2.58758
0,250,8.09377,19.9676,0.375934,2.63582
0,250,8.11369,20.4619,0.419572,2.5853
0,250,8.14297,20.9472,0.576651,2.63556
0,250,8.16425,21.4362,0.577374,2.56057
0,250,8.19215,21.9177,0.73609,2.57389
0,250,8.21428,22.4022,0.800757,2.52095
0,250,8.24315,22.8793,0.992719,2.54573
0,250,8.26574,23.359,0.958545,2.47579
0,250,8.29445,23.8319,1.12971,2.514
0,250,8.31643,24.307,1.15003,2.44383
0,250,8.34343,24.7749,1.21363,2.32044
0,250,8.36575,25.2468,1.29848,2.31385
0,250,8.38926,25.7084,1.36332,2.21953
0,250,8.41172,26.176,1.37292,2.05675
0,250,8.43443,26.6346,1.48672,1.99876
0,250,8.45699,27.0941,1.51312,1.96803
0,250,8.47695,27.5505,1.46973,1.70014
0,250,8.49995,28.0072,1.53495,1.80037
0,250,8.51407,28.46,1.54391,1.57367
0,250,8.53123,28.911,1.56304,1.17091
0,250,8.54997,29.3623,1.80292,0.988759
0,250,8.5581,29.8008,1.88214,0.860771
0,250,8.58819,30.2488,1.82419,0.618801
0,250,8.58209,30.6929,1.58558,0.825201
0,250,8.60186,31.1441,1.84094,1.11251
0,250,8.63215,31.58,1.93402,0.429153
0,250,8.56765,32.03,2.02669,0.184521
0,250,8.51467,18.508,0.083757,2.69507
0,250,8.5506,19.0006,0.227547,2.74193
0,250,8.5685,19.5034,0.297491,2.72345
0,250,8.60258,19.9915,0.425184,2.72191
0,250,8.62339,20.4884,0.496407,2.6985
0,250,8.65666,20.9726,0.586029,2.66661
0,250,8.67964,21.4633,0.668681,2.63774
0,250,8.71216,21.9431,0.791752,2.64794
0,250,8.73598,22.4286,0.872499,2.66667
0,250,8.76633,22.9047,0.949196,2.56703
0,250,8.79115,23.3851,1.07341,2.57647
0,250,8.82053,23.8572,1.14421,2.5719
0,250,8.84526,24.3322,1.15932,2.4382
0,250,8.87571,24.8016,1.3458,2.49367
0,250,8.89948,25.2695,1.36974,2.37005
0,250,8.92918,25.7346,1.43254,2.19283
0,250,8.95353,26.199,1.51066,2.24906
0,250,8.9783,26.6573,1.55506,1.99325
0,250,9.00189,27.1172,1.53882,1.90243
0,250,9.02457,27.5731,1.6954,1.80429
0,250,9.04528,28.0246,1.75344,1.62727
0,250,9.07011,28.4772,1.72677,1.40963
0,250,9.08783,28.927,1.81379,1.57505
0,250,9.11188,29.3754,1.74015,1.45539
0,250,9.11833,29.8214,1.61802,0.989034
0,250,9.14374,30.2718,2.01071,0.804565
0,250,9.1414,30.7028,2.17743,0.502117
0,250,9.16094,31.141,1.95004,0.110048
0,250,9.2194,31.5763,2.12781,0.133702
0,250,9.11338,32.0188,1.02211,0.287509
0,250,9.0155,18.5396,0.0886598,2.8209
0,250,9.05306,19.0317,0.243526,2.84756
0,250,9.07476,19.5334,0.308406,2.79593
0,250,9.11203,20.0224,0.448286,2.83713
0,250,9.13634,20.5187,0.517867,2.77696
0,250,9.17022,21.0028,0.663605,2.80417
0,250,9.19713,21.4939,0.747255,2.79149
0,250,9.22914,21.9742,0.910761,2.78512
0,250,9.25773,22.4591,0.936543,2.70574
0,250,9.29038,22.9362,1.09084,2.76332
0,250,9.31879,23.4157,1.17417,2.68681
0,250,9.35153,23.8868,1.24403,2.55602
0,250,9.38056,24.363,1.38822,2.661
0,250,9.41074,24.8273,1.45556,2.47828
0,250,9.43903,25.2991,1.49055,2.40141
0,250,9.46871,25.7605,1.6392,2.33261
0,250,9.49421,26.2243,1.64197,2.20568
0,250,9.52431,26.6843,1.68155,2.02367
0,250,9.54902,27.1414,1.79421,2.09075
0,250,9.57711,27.5958,1.76513,1.8969
0,250,9.59879,28.0491,1.78845,1.73792
0,250,9.62598,28.5003,1.99751,1.60186
0,250,9.63989,28.943,1.97161,1.18622
0,250,9.66931,29.3915,2.09032,0.806894
0,250,9.68049,29.83,2.14924,1.07801
0,250,9.71044,30.2727,2.17559,1.26514
0,250,9.7108,30.7138,1.86146,0.71683
0,250,9.72929,31.1637,2.25501,0.720382
0,250,9.78271,31.5918,3.06758,0.330351
0,250,9.65487,32.0323,2.52346,-0.27115
0,250,9.51675,18.5647,0.0900561,2.93283
0,250,9.55918,19.0587,0.233,2.95176
0,250,9.58084,19.5622,0.297443,2.93127
0,250,9.62043,20.0507,0.483168,2.93322
0,250,9.64511,20.5476,0.522823,2.89559
0,250,9.68417,21.0327,0.661816,2.87851
0,250,9.71162,21.5233,0.732754,2.90405
0,250,9.74961,22.0037,0.853041,2.84049
0,250,9.77896,22.4902,0.985969,2.84872
0,250,9.81527,22.965,1.17039,2.82804
0,250,9.84503,23.4466,1.17758,2.73471
0,250,9.88098,23.9196,1.4191,2.79826
0,250,9.90977,24.3926,1.43378,2.68111
0,250,9.94604,24.8629,1.51355,2.60232
0,250,9.97509,25.3299,1.642,2.56677
0,250,10.0096,25.7927,1.65648,2.33323
0,250,10.038,26.255,1.70347,2.2498
0,250,10.0714,26.712,1.84365,2.11537
0,250,10.0955,27.1664,1.84408,1.97159
0,250,10.1296,27.6209,1.97488,1.77183
0,250,10.1507,28.0703,2.05404,1.88643
0,250,10.1832,28.5189,2.01439,1.59901
0,250,10.2009,28.9679,1.95649,1.53076
0,250,10.2329,29.4151,2.20378,1.63536
0,250,10.2415,29.8521,2.23073,0.945435
0,250,10.2722,30.2933,2.37495,0.471316
0,250,10.2804,30.727,2.56554,0.620961
0,250,10.2923,31.1576,2.48855,0.8216
0,250,10.3685,31.5882,2.34456,0.496549
0,250,10.1892,32.027,1.52945,0.685994
0,250,10.0183,18.6032,0.0940669,3.06486
0,250,10.0622,19.0961,0.262198,3.05966
0,250,10.087,19.5981,0.367476,3.0706
0,250,10.1305,20.0872,0.456152,3.0332
0,250,10.1584,20.585,0.54981,2.99041
0,250,10.199,21.0695,0.710258,3.0377
0,250,10.2295,21.5613,0.799463,3.01487
0,250,10.2685,22.0423,0.973848,3.03992
0,250,10.3012,22.527,1.11245,3.068
0,250,10.339,23.0045,1.18053,2.92542
0,250,10.3737,23.4835,1.38587,2.94823
0,250,10.4108,23.9542,1.44518,2.82087
0,250,10.445,24.4285,1.49697,2.70881
0,250,10.4832,24.894,1.6834,2.70493
0,250,10.514,25.3613,1.69475,2.5314
0,250,10.5537,25.8232,1.85261,2.38003
0,250,10.5819,26.2844,1.9405,2.3825
0,250,10.6198,26.7423,1.97514,2.16794
0,250,10.6468,27.1991,2.02749,2.20317
0,250,10.6832,27.6522,2.17266,2.08824
0,250,10.7057,28.0997,2.09068,1.69063
0,250,10.7436,28.5482,2.29193,1.46163
0,250,10.7624,28.9859,2.45436,1.32158
0,250,10.7959,29.4249,2.39637,1.10683
0,250,10.8122,29.8673,2.20434,1.21131
0,250,10.843,30.3095,2.58524,1.62664
0,250,10.8503,30.7392,2.50179,0.864764
0,250,10.8708,31.179,2.4663,0.09421
0,250,10.9481,31.602,3.22001,-0.024945
0,250,10.7433,32.0357,1.6361,-0.158751
0,250,10.5186,18.6312,0.0968543,3.17964
0,250,10.567,19.1261,0.245523,3.19633
0,250,10.5916,19.6299,0.259451,3.12672
0,250,10.6385,20.1198,0.48487,3.14703
0,250,10.6673,20.6169,0.620254,3.16741
0,250,10.712,21.1026,0.803204,3.11623
0,250,10.745,21.5938,0.900269,3.15195
0,250,10.7882,22.0754,1.08446,3.15795
0,250,10.8223,22.5603,1.12809,3.04125
0,250,10.8665,23.038,1.31081,3.09802
0,250,10.8999,23.5179,1.39656,3.04336
0,250,10.9434,23.9909,1.48669,2.88332
0,250,10.9776,24.4656,1.69771,2.98028
0,250,11.0196,24.9331,1.75749,2.78237
0,250,11.0536,25.401,1.8009,2.71321
0,250,11.0946,25.8635,1.99579,2.61267
0,250,11.1259,26.3213,1.97903,2.31453
0,250,11.1692,26.779,2.17876,2.21323
0,250,11.1969,27.2282,2.28293,2.14773
0,250,11.2405,27.6783,2.34423,1.81847
0,250,11.2663,28.127,2.39621,1.91605
0,250,11.3056,28.5717,2.51277,1.99723
0,250,11.3251,29.0174,2.37588,1.58313
0,250,11.3649,29.46,2.7213,1.22457
0,250,11.3828,29.8904,2.93587,1.04663
0,250,11.415,30.3212,2.86323,0.735011
0,250,11.4305,30.7524,2.62261,0.538592
0,250,11.4476,31.186,2.89705,0.976925
0,250,11.5357,31.6061,3.61771,0.518843
0,250,11.2905,32.0303,2.41518,0.188184
0,250,11.0205,18.6761,0.10176,3.32069
0,250,11.0701,19.1699,0.280711,3.26183
0,250,11.0993,19.6729,0.423594,3.32801
0,250,11.1486,20.1639,0.595821,3.35883
0,250,11.1796,20.661,0.668115,3.29804
0,250,11.2273,21.1477,0.808743,3.30329
0,250,11.2617,21.6398,0.981896,3.33585
0,250,11.3073,22.1206,1.06929,3.28549
0,250,11.3449,22.6083,1.21394,3.31295
0,250,11.3896,23.0847,1.45037,3.25362
0,250,11.428,23.5625,1.41139,3.07852
0,250,11.4735,24.0366,1.73796,3.18147
0,250,11.5104,24.5059,1.71511,2.94888
0,250,11.5578,24.9743,1.88437,2.77848
0,250,11.5937,25.4367,2.04161,2.78588
0,250,11.6412,25.8972,2.0763,2.55135
0,250,11.6763,26.3582,2.29355,2.52919
0,250,11.7224,26.8113,2.4091,2.45957
0,250,11.753,27.2683,2.32737,2.32357
0,250,11.7982,27.7195,2.60153,2.17866
0,250,11.8245,28.1633,2.62496,1.77528
0,250,11.8692,28.604,2.67467,1.35228
0,250,11.8963,29.0402,2.7223,1.52882
0,250,11.9354,29.476,2.9485,1.72606
0,250,11.9564,29.9106,2.7599,1.31974
0,250,11.993,30.3502,3.02398,1.21799
0,250,12.0073,30.7746,3.34358,0.787436
0,250,12.0367,31.1937,3.41313,0.396172
0,250,12.1287,31.6106,3.56888,0.166295
0,250,11.8424,32.0433,1.96796,0.116112
0,250,11.52,18.7064,0.101615,3.44869
0,250,11.5745,19.2034,0.2711,3.46151
0,250,11.6021,19.7074,0.406079,3.43151
0,250,11.6564,20.1983,0.59216,3.4064
0,250,11.6884,20.6963,0.680629,3.40126
0,250,11.7413,21.1837,0.937891,3.46951
0,250,11.7771,21.674,1.04068,3.42083
0,250,11.8288,22.1581,1.16147,3.31034
0,250,11.8672,22.6424,1.35692,3.51946
0,250,11.9164,23.1207,1.4121,3.19804
0,250,11.9581,23.6014,1.68349,3.35999
0,250,12.0053,24.0719,1.71549,3.17992
0,250,12.0478,24.5495,1.82371,3.10664
0,250,12.0957,25.0156,2.09166,3.17008
0,250,12.1353,25.4831,2.04389,2.80507
0,250,12.1861,25.9467,2.36926,2.9602
0,250,12.2205,26.4026,2.40022,2.62838
0,250,12.2731,26.8587,2.59261,2.2303
0,250,12.3084,27.305,2.73363,2.34968
0,250,12.359,27.7512,2.82019,2.12073
0,250,12.3922,28.195,2.82428,1.94046
0,250,12.4415,28.6377,3.05675,1.9402
0,250,12.4671,29.0766,3.07365,1.76685
0,250,12.5132,29.5102,3.17491,1.22162
0,250,12.5377,29.9384,3.26116,0.905966
0,250,12.5814,30.3604,3.46177,1.21549
0,250,12.594,30.7877,3.11571,1.10334
0,250,12.6319,31.2123,3.34501,0.566895
0,250,12.7301,31.6266,4.32978,0.505912
0,250,12.4091,32.0326,2.61887,-0.0550918
0,250,12.0224,18.7574,0.106262,3.5747
0,250,12.0777,19.2536,0.325586,3.62189
0,250,12.1109,19.7582,0.479006,3.68972
0,250,12.1662,20.2507,0.643113,3.59395
0,250,12.2022,20.7488,0.804966,3.65326
0,250,12.2555,21.2365,0.983707,3.66689
0,250,12.2946,21.7297,1.03995,3.54155
0,250,12.3478,22.2125,1.38036,3.66666
0,250,12.3875,22.6982,1.31375,3.55758
0,250,12.4426,23.1799,1.68821,3.61698
0,250,12.482,23.6536,1.68687,3.40383
0,250,12.5385,24.1321,1.88978,3.31702
0,250,12.5788,24.5994,2.10144,3.37632
0,250,12.6345,25.0677,2.13026,2.95179
0,250,12.6787,25.5318,2.44729,3.11167
0,250,12.7318,25.9861,2.51648,2.85079
0,250,12.7774,26.4478,2.56014,2.75479
0,250,12.8311,26.8991,2.86906,2.77135
0,250,12.8702,27.3501,2.80014,2.36358
0,250,12.9244,27.798,2.90925,2.28076
0,250,12.9571,28.2413,3.08376,1.95963
0,250,13.0103,28.6752,3.29956,1.64671
0,250,13.0408,29.1094,3.23196,1.71841
0,250,13.0957,29.5412,3.54476,1.87315
0,250,13.1204,29.9695,3.64229,1.52351
0,250,13.1705,30.3926,3.82257,0.844509
0,250,13.1865,30.8129,3.78563,0.624135
0,250,13.2401,31.2259,4.19405,0.577441
0,250,13.3478,31.6252,4.62718,0.345658
0,250,12.9767,32.045,2.46942,0.790538
0,250,12.5209,18.7902,0.125305,3.76096
0,250,12.5796,19.2906,0.334981,3.80844
0,250,12.613,19.7947,0.447547,3.72283
0,250,12.6739,20.2872,0.675658,3.7165
0,250,12.7096,20.7857,0.837284,3.80475
0,250,12.77,21.2741,1.02367,3.66725
0,250,12.8105,21.7673,1.21392,3.83508
0,250,12.8667,22.2491,1.36937,3.56895
0,250,12.9132,22.7381,1.53562,3.77813
0,250,12.9661,23.2131,1.68466,3.614
0,250,13.0157,23.6973,1.81784,3.4976
0,250,13.0692,24.1663,2.12167,3.60043
0,250,13.1186,24.6445,2.06738,3.30592
0,250,13.1755,25.1127,2.45795,3.53289
0,250,13.2215,25.5769,2.46406,3.15352
0,250,13.2817,26.0441,2.7089,3.08465
0,250,13.3257,26.4973,2.87418,2.94014
0,250,13.3846,26.954,2.88943,2.58756
0,250,13.429,27.3999,3.16106,2.41384
0,250,13.4892,27.8416,3.33349,2.40213
0,250,13.5296,28.2835,3.35951,2.36452
0,250,13.5934,28.7176,3.59535,1.83769
0,250,13.6255,29.1505,3.59851,1.74179
0,250,13.6855,29.5739,3.79899,1.54626
0,250,13.709,29.998,3.64335,1.3002
0,250,13.773,30.4166,4.09638,1.27448
0,250,13.7825,30.8363,4.07762,1.31862
0,250,13.8591,31.2437,4.43779,0.703344
0,250,13.9563,31.653,4.99166,0.390582
0,250,13.5595,32.0383,3.16007,-0.37936
0,250,13.024,18.8458,0.125556,3.93286
0,250,13.0881,19.3486,0.458933,4.01079
0,250,13.1216,19.8537,0.539601,4.00252
0,250,13.1852,20.3491,0.861539,4.00034
0,250,13.2223,20.8465,0.849204,3.99306
0,250,13.2853,21.339,1.21362,4.00801
0,250,13.3261,21.8279,1.22415,3.93871
0,250,13.3879,22.3174,1.48558,3.96374
0,250,13.4317,22.8009,1.63987,3.93873
0,250,13.4935,23.2846,1.7889,3.88701
0,250,13.5405,23.7621,2.12024,3.88307
0,250,13.6017,24.2386,2.1091,3.54337
0,250,13.6531,24.7122,2.47494,3.75178
0,250,13.712,25.1768,2.51637,3.37432
0,250,13.7678,25.6458,2.77342,3.4211
0,250,13.8266,26.0982,2.9031,3.21933
0,250,13.8828,26.5592,2.97881,2.91077
0,250,13.9471,27.0065,3.24262,3.05043
0,250,13.9957,27.4551,3.29897,2.61076
0,250,14.0633,27.8943,3.49739,2.31225
0,250,14.1052,28.3356,3.58747,2.32512
0,250,14.1721,28.7652,3.89498,1.97498
0,250,14.2073,29.1985,3.91751,2.09357
0,250,14.2782,29.6227,4.22937,1.87376
0,250,14.308,30.0433,4.25129,1.50765
0,250,14.3802,30.4536,4.64068,1.13769
0,250,14.3903,30.8618,4.20705,0.727952
0,250,14.4884,31.2756,4.89656,0.818977
0,250,14.5949,31.661,5.67801,0.452109
0,250,14.1569,32.0549,3.33498,0.526156
0,250,13.5223,18.8857,0.153501,4.25543
0,250,13.5835,19.3871,0.450541,4.14388
0,250,13.6251,19.8897,0.491022,4.07138
0,250,13.688,20.3865,0.77416,4.07917
0,250,13.7346,20.8838,0.917532,4.10926
0,250,13.7965,21.3757,1.16903,4.13163
0,250,13.8429,21.8691,1.31475,4.01311
0,250,13.9062,22.3541,1.61281,4.08747
0,250,13.9545,22.842,1.64075,3.96725
0,250,14.018,23.3227,2.02628,4.14889
0,250,14.0699,23.8027,1.97891,3.77497
0,250,14.1342,24.2785,2.36538,3.92825
0,250,14.1894,24.7531,2.50513,3.76948
0,250,14.2554,25.2234,2.73922,3.75164
0,250,14.3122,25.6886,2.92784,3.46721
0,250,14.3807,26.1544,3.02588,3.31881
0,250,14.4366,26.6094,3.25831,3.17559
0,250,14.5047,27.0645,3.35098,2.93537
0,250,14.5622,27.5124,3.57968,2.92215
0,250,14.6311,27.9573,3.95584,2.82643
0,250,14.6849,28.3934,3.96801,2.58122
0,250,14.76,28.8259,4.21438,1.98666
0,250,14.8052,29.2448,4.35144,1.90408
0,250,14.883,29.6593,4.50309,1.51257
0,250,14.9127,30.077,4.44074,1.90997
0,250,14.9967,30.4856,4.79432,1.42386
0,250,14.999,30.8972,4.7266,1.1364
0,250,15.123,31.2926,5.42023,1.06815
0,250,15.2324,31.678,5.82324,0.35938
0,250,14.7552,32.0655,3.96166,-0.355085
0,250,14.0229,18.9408,0.0644713,4.42506
0,250,14.0918,19.4554,0.201055,4.33883
0,250,14.1306,19.961,0.453065,4.44883
0,250,14.204,20.4582,0.717872,4.39995
0,250,14.2424,20.9573,0.999116,4.4678
0,250,14.3138,21.447,1.18279,4.3433
0,250,14.3581,21.9423,1.47298,4.45399
0,250,14.4247,22.4287,1.61725,4.23828
0,250,14.4784,22.9181,1.94048,4.39662
0,250,14.5404,23.4005,1.94674,4.25166
0,250,14.6012,23.8834,2.35341,4.17711
0,250,14.6633,24.3614,2.47013,4.19473
0,250,14.7273,24.8364,2.71877,3.99601
0,250,14.7909,25.3077,2.82202,3.92061
0,250,14.8582,25.7766,3.15742,3.76649
0,250,14.9245,26.234,3.30602,3.4635
0,250,14.9944,26.6963,3.53568,3.42651
0,250,15.0669,27.1437,3.8765,3.23022
0,250,15.1349,27.5893,3.99052,3.08381
0,250,15.2116,28.0232,4.20075,2.52617
0,250,15.2746,28.4587,4.30464,2.54186
0,250,15.3557,28.8828,4.75006,2.68646
0,250,15.4047,29.3074,4.61041,2.07257
0,250,15.4963,29.7293,5.05754,2.03014
0,250,15.5245,30.1318,4.93057,1.42411
0,250,15.6341,30.5353,5.44019,1.1336
0,250,15.6295,30.9257,4.95706,1.21392
0,250,15.7984,31.3147,5.90414,0.86378
0,250,15.8755,31.7014,6.0031,0.964341
0,250,15.3772,32.0706,4.40531,0.331588
0,250,14.5257,18.9866,0.105284,4.51255
0,250,14.6021,19.4953,0.448768,4.53414
0,250,14.6338,19.9949,0.592753,4.54671
0,250,14.7132,20.4952,0.907148,4.5804
0,250,14.7509,20.993,0.989109,4.55157
0,250,14.8268,21.4886,1.29747,4.58519
0,250,14.8721,21.9799,1.52987,4.47655
0,250,14.9436,22.4724,1.6691,4.48013
0,250,14.9953,22.9562,1.97533,4.39879
0,250,15.0665,23.4449,2.08249,4.41547
0,250,15.1235,23.9236,2.43274,4.40949
0,250,15.1959,24.405,2.52779,4.20785
0,250,15.2584,24.879,2.90957,4.22599
0,250,15.3342,25.3515,3.14191,4.07329
0,250,15.4001,25.8189,3.30112,3.84288
0,250,15.48,26.285,3.55871,3.64847
0,250,15.5509,26.7417,3.83803,3.66942
0,250,15.6314,27.1994,4.04152,3.38523
0,250,15.7075,27.6464,4.36185,3.442
0,250,15.7917,28.0979,4.61242,3.19333
0,250,15.8649,28.5305,4.89897,2.92673
0,250,15.9515,28.9638,4.8651,2.23668
0,250,16.0187,29.378,5.3135,2.24539
0,250,16.1133,29.7823,5.58528,2.06213
0,250,16.1608,30.1907,5.54314,1.6218
0,250,16.2833,30.5809,6.22665,1.6226
0,250,16.273,30.9711,5.33328,0.723479
0,250,16.4795,31.3495,6.42219,0.49576
0,250,16.5924,31.7294,7.48791,0.543556
0,250,16.026,32.0649,4.46339,0.406951
0,250,15.0236,19.0539,0.14093,4.81252
0,250,15.091,19.5664,0.425162,4.87066
0,250,15.1382,20.0756,0.594805,4.8513
0,250,15.2168,20.5768,0.846848,4.86586
0,250,15.2628,21.0751,1.13073,4.82429
0,250,15.3401,21.5668,1.26075,4.96266
0,250,15.3884,22.0656,1.59856,4.73556
0,250,15.4631,22.5511,1.782,4.8196
0,250,15.5174,23.0464,2.05904,4.71079
0,250,15.5913,23.5294,2.25211,4.76896
0,250,15.6519,24.018,2.47698,4.62464
0,250,15.727,24.4981,2.76955,4.73914
0,250,15.7948,24.979,3.07606,4.54872
0,250,15.8699,25.4543,3.2525,4.32112
0,250,15.9483,25.9274,3.5708,4.22558
0,250,16.024,26.3938,3.81117,4.05071
0,250,16.1131,26.8606,4.19582,4.02498
0,250,16.1919,27.3122,4.34921,3.76334
0,250,16.2849,27.7646,4.71893,3.50074
0,250,16.3734,28.197,4.93364,3.13856
0,250,16.4622,28.6336,5.29156,3.0208
0,250,16.5669,29.0464,5.80581,2.93902
0,250,16.6399,29.4628,5.71381,2.2907
0,250,16.7607,29.8627,6.11602,2.00559
0,250,16.8044,30.2622,6.04522,2.0114
0,250,16.9451,30.6471,6.66831,1.43263
0,250,16.9337,31.0352,6.61903,1.14271
0,250,17.1544,31.4011,7.09777,0.787328
0,250,17.3304,31.7428,7.84734,-0.0329074
0,250,16.7098,32.0777,6.14193,-0.154722
0,250,15.5233,19.0948,0.101983,4.97506
0,250,15.6045,19.6051,0.494346,5.03742
0,250,15.6428,20.1142,0.684664,4.92974
0,250,15.7314,20.614,0.997802,5.1199
0,250,15.7709,21.1234,1.17374,4.93555
0,250,15.8555,21.6068,1.3798,5.05687
0,250,15.8984,22.1106,1.59831,5.01637
0,250,15.9818,22.5937,1.93603,4.91065
0,250,16.0326,23.0903,2.11987,4.87038
0,250,16.1128,23.572,2.42445,4.86425
0,250,16.1728,24.0625,2.62683,4.83578
0,250,16.2527,24.5423,2.93313,4.83745
0,250,16.3234,25.0246,3.1485,4.73024
0,250,16.4077,25.5003,3.4509,4.43829
0,250,16.4848,25.9745,3.72784,4.38772
0,250,16.5791,26.4441,4.14228,4.32308
0,250,16.6599,26.905,4.43864,4.03436
0,250,16.767,27.3674,4.82317,4.05732
0,250,16.8551,27.8181,5.18682,3.94476
0,250,16.9711,28.2675,5.49115,3.70938
0,250,17.068,28.705,5.78517,3.32724
0,250,17.1842,29.1367,5.90056,2.9603
0,250,17.2812,29.5533,6.43442,2.9308
0,250,17.3962,29.9581,6.65489,2.22226
0,250,17.4753,30.3541,6.69245,1.71176
0,250,17.6427,30.7132,7.8794,1.43286
0,250,17.6407,31.0905,6.82369,1.13381
0,250,17.919,31.3939,8.52146,0.435868
0,250,18.0323,31.7727,7.81862,0.72702
0,250,17.4279,32.0933,6.91592,-0.262761
0,250,16.0249,19.1727,0.157498,5.37721
0,250,16.094,19.671,0.561149,5.39599
0,250,16.1353,20.2124,0.812937,5.30961
0,250,16.2403,20.7111,1.09531,5.34882
0,250,16.285,21.2005,1.16497,5.18266
0,250,16.3667,21.7001,1.50301,5.4217
0,250,16.419,22.1912,1.65016,5.29326
0,250,16.4967,22.6881,2.02182,5.34904
0,250,16.5559,23.178,2.28106,5.20777
0,250,16.6345,23.6709,2.65862,5.21662
0,250,16.7009,24.1592,2.83975,5.16925
0,250,16.7838,24.6496,3.16278,5.23751
0,250,16.8562,25.1321,3.30021,4.96795
0,250,16.9467,25.6179,3.75535,4.96112
0,250,17.0278,26.0951,4.04351,4.85493
0,250,17.1258,26.575,4.47085,4.87441
0,250,17.2225,27.0473,4.82285,4.56885
0,250,17.3258,27.5139,5.18649,4.50034
0,250,17.4415,27.9766,5.5143,4.0885
0,250,17.5495,28.4247,5.8907,4.11671
0,250,17.6852,28.87,6.48132,3.76448
0,250,17.7983,29.2889,6.75499,3.39474
0,250,17.9464,29.7066,7.32877,3.08696
0,250,18.0726,30.079,7.66991,2.58619
0,250,18.194,30.4745,7.9745,2.25125
0,250,18.3774,30.8031,8.33934,1.45392
0,250,18.4588,31.1992,8.60275,1.27577
0,250,18.7133,31.4788,9.33712,1.06834
0,250,18.8123,31.9262,8.28839,1.38268
0,250,18.2664,32.0473,8.33935,-0.229538
0,250,16.5272,19.2172,0.0922788,5.59152
0,250,16.6328,19.7117,0.401817,5.59038
0,250,16.6858,20.2614,0.600287,5.55674
0,250,16.7486,20.7562,0.905793,5.4456
0,250,16.8027,21.2478,1.15244,5.41823
0,250,16.8749,21.7444,1.53595,5.589
0,250,16.9327,22.2364,1.72537,5.50632
0,250,17.0085,22.7331,2.07122,5.52741
0,250,17.0698,23.2244,2.29662,5.51765
0,250,17.1503,23.7179,2.67546,5.38817
0,250,17.2179,24.208,2.92218,5.36637
0,250,17.3026,24.6982,3.23084,5.27579
0,250,17.3801,25.1862,3.55375,5.28898
0,250,17.4721,25.6708,3.9616,5.08355
0,250,17.5629,26.1544,4.28406,5.14819
0,250,17.6643,26.6311,4.65662,4.89784
0,250,17.7687,27.1075,5.01227,4.90468
0,250,17.8852,27.5791,5.5136,4.69748
0,250,18.0093,28.0419,6.10553,4.63509
0,250,18.1452,28.4992,6.51582,4.09007
0,250,18.2896,28.9433,6.98503,4.22005
0,250,18.4511,29.3765,7.59976,3.70156
0,250,18.6076,29.7948,7.9066,3.62674
0,250,18.7998,30.1904,8.43752,2.70485
0,250,18.9291,30.5829,8.57536,3.17284
0,250,19.1223,30.9353,8.80013,2.0784
0,250,19.2273,31.342,9.84599,2.26431
0,250,19.5216,31.5924,11.4499,1.25002
0,250,19.8715,32.042,10.6465,2.60199
0,250,19.2108,32.0323,10.112,0.0882165
0,250,17.0323,19.3258,0.112108,5.92045
0,250,17.1441,19.8273,0.450555,5.92935
0,250,17.1991,20.3351,0.671349,5.90946
0,250,17.2658,20.8349,1.04494,5.888
0,250,17.3181,21.3297,1.3666,5.84902
0,250,17.3901,21.8296,1.67544,5.91265
0,250,17.4492,22.3242,1.87776,5.82129
0,250,17.5246,22.8246,2.21028,5.89113
0,250,17.5889,23.318,2.38208,5.81326
0,250,17.6692,23.8178,2.73139,5.82603
0,250,17.7411,24.3098,3.01273,5.75417
0,250,17.828,24.8085,3.41157,5.74639
0,250,17.909,25.2992,3.71264,5.71984
0,250,18.0049,25.7951,4.13863,5.60968
0,250,18.0988,26.2839,4.53789,5.64492
0,250,18.2086,26.7749,4.99974,5.43602
0,250,18.3219,27.2595,5.51294,5.48266
0,250,18.4483,27.7473,5.97158,5.29562
0,250,18.586,28.2194,6.50491,5.18077
0,250,18.738,28.7035,7.2577,4.95272
0,250,18.9116,29.1528,7.84673,4.72646
0,250,19.0994,29.628,8.61604,4.55925
0,250,19.3225,30.0434,9.31628,3.90635
0,250,19.5371,30.4895,9.20634,3.04555
0,250,19.7495,30.7313,10.5142,1.80767
0,250,19.9487,31.0308,10.6964,2.0541
0,250,20.2493,31.3091,11.3742,1.25843
0,250,20.5842,31.5424,12.4472,0.584812
0,250,21.0777,31.8757,13.2372,1.06124
0,250,20.0903,31.7386,9.04591,-1.24455
1,250,1.5,1.5,0,0
1,250,1.5,2,0,0
1,250,32.5,1.5,0,0
1,250,33,1.5,0,0
1,250,2.5,32.5,0,0
1,250,2.5,33,0,0
1,250,1.5,2.5,0,0
1,250,2,2.5,0,0
1,250,2,1.5,0,0
1,250,2,2,0,0
1,250,32.5,2,0,0
1,250,33,2,0,0
1,250,3,32.5,0,0
1,250,3,33,0,0
1,250,1.5,3,0,0
1,250,2,3,0,0
1,250,2.5,1.5,0,0
1,250,2.5,2,0,0
1,250,32.5,2.5,0,0
1,250,33,2.5,0,0
1,250,3.5,32.5,0,0
1,250,3.5,33,0,0
1,250,1.5,3.5,0,0
1,250,2,3.5,0,0
1,250,3,1.5,0,0
1,250,3,2,0,0
1,250,32.5,3,0,0
1,250,33,3,0,0
1,250,4,32.5,0,0
1,250,4,33,0,0
1,250,1.5,4,0,0
1,250,2,4,0,0
1,250,3.5,1.5,0,0
1,250,3.5,2,0,0
1,250,32.5,3.5,0,0
1,250,33,3.5,0,0
1,250,4.5,32.5,0,0
1,250,4.5,33,0,0
1,250,1.5,4.5,0,0
1,250,2,4.5,0,0
1,250,4,1.5,0,0
1,250,4,2,0,0
1,250,32.5,4,0,0
1,250,33,4,0,0
1,250,5,32.5,0,0
1,250,5,33,0,0
1,250,1.5,5,0,0
1,250,2,5,0,0
1,250,4.5,1.5,0,0
1,250,4.5,2,0,0
1,250,32.5,4.5,0,0
1,250,33,4.5,0,0
1,250,5.5,32.5,0,0
1,250,5.5,33,0,0
1,250,1.5,5.5,0,0
1,250,2,5.5,0,0
1,250,5,1.5,0,0
1,250,5,2,0,0
1,250,32.5,5,0,0
1,250,33,5,0,0
1,250,6,32.5,0,0
1,250,6,33,0,0
1,250,1.5,6,0,0
1,250,2,6,0,0
1,250,5.5,1.5,0,0
1,250,5.5,2,0,0
1,250,32.5,5.5,0,0
1,250,33,5.5,0,0
1,250,6.5,32.5,0,0
1,250,6.5,33,0,0
1,250,1.5,6.5,0,0
1,250,2,6.5,0,0
1,250,6,1.5,0,0
1,250,6,2,0,0
1,250,32.5,6,0,0
1,250,33,6,0,0
1,250,7,32.5,0,0
1,250,7,33,0,0
1,250,1.5,7,0,0
1,250,2,7,0,0
1,250,6.5,1.5,0,0
1,250,6.5,2,0,0
1,250,32.5,6.5,0,0
1,250,33,6.5,0,0
1,250,7.5,32.5,0,0
1,250,7.5,33,0,0
1,250,1.5,7.5,0,0
1,250,2,7.5,0,0
1,250,7,1.5,0,0
1,250,7,2,0,0
1,250,32.5,7,0,0
1,250,33,7,0,0
1,250,8,32.5,0,0
1,250,8,33,0,0
1,250,1.5,8,0,0
1,250,2,8,0,0
1,250,7.5,1.5,0,0
1,250,7.5,2,0,0
1,250,32.5,7.5,0,0
1,250,33,7.5,0,0
1,250,8.5,32.5,0,0
1,250,8.5,33,0,0
1,250,1.5,8.5,0,0
1,250,2,8.5,0,0
1,250,8,1.5,0,0
1,250,8,2,0,0
1,250,32.5,8,0,0
1,250,33,8,0,0
1,250,9,32.5,0,0
1,250,9,33,0,0
1,250,1.5,9,0,0
1,250,2,9,0,0
1,250,8.5,1.5,0,0
1,250,8.5,2,0,0
1,250,32.5,8.5,0,0
1,250,33,8.5,0,0
1,250,9.5,32.5,0,0
1,250,9.5,33,0,0
1,250,1.5,9.5,0,0
1,250,2,9.5,0,0
1,250,9,1.5,0,0
1,250,9,2,0,0
1,250,32.5,9,0,0
1,250,33,9,0,0
1,250,10,32.5,0,0
1,250,10,33,0,0
1,250,1.5,10,0,0
1,250,2,10,0,0
1,250,9.5,1.5,0,0
1,250,9.5,2,0,0
1,250,32.5,9.5,0,0
1,250,33,9.5,0,0
1,250,10.5,32.5,0,0
1,250,10.5,33,0,0
1,250,1.5,10.5,0,0
1,250,2,10.5,0,0
1,250,10,1.5,0,0
1,250,10,2,0,0
1,250,32.5,10,0,0
1,250,33,10,0,0
1,250,11,32.5,0,0
1,250,11,33,0,0
1,250,1.5,11,0,0
1,250,2,11,0,0
1,250,10.5,1.5,0,0
1,250,10.5,2,0,0
1,250,32.5,10.5,0,0
1,250,33,10.5,0,0
1,250,11.5,32.5,0,0
1,250,11.5,33,0,0
1,250,1.5,11.5,0,0
1,250,2,11.5,0,0
1,250,11,1.5,0,0
1,250,11,2,0,0
1,250,32.5,11,0,0
1,250,33,11,0,0
1,250,12,32.5,0,0
1,250,12,33,0,0
1,250,1.5,12,0,0
1,250,2,12,0,0
1,250,11.5,1.5,0,0
1,250,11.5,2,0,0
1,250,32.5,11.5,0,0
1,250,33,11.5,0,0
1,250,12.5,32.5,0,0
1,250,12.5,33,0,0
1,250,1.5,12.5,0,0
1,250,2,12.5,0,0
1,250,12,1.5,0,0
1,250,12,2,0,0
1,250,32.5,12,0,0
1,250,33,12,0,0
1,250,13,32.5,0,0
1,250,13,33,0,0
1,250,1.5,13,0,0
1,250,2,13,0,0
1,250,12.5,1.5,0,0
1,250,12.5,2,0,0
1,250,32.5,12.5,0,0
1,250,33,12.5,0,0
1,250,13.5,32.5,0,0
1,250,13.5,33,0,0
1,250,1.5,13.5,0,0
1,250,2,13.5,0,0
1,250,13,1.5,0,0
1,250,13,2,0,0
1,250,32.5,13,0,0
1,250,33,13,0,0
1,250,14,32.5,0,0
1,250,14,33,0,0
1,250,1.5,14,0,0
1,250,2,14,0,0
1,250,13.5,1.5,0,0
1,250,13.5,2,0,0
1,250,32.5,13.5,0,0
1,250,33,13.5,0,0
1,250,14.5,32.5,0,0
1,250,14.5,33,0,0
1,250,1.5,14.5,0,0
1,250,2,14.5,0,0
1,250,14,1.5,0,0
1,250,14,2,0,0
1,250,32.5,14,0,0
1,250,33,14,0,0
1,250,15,32.5,0,0
1,250,15,33,0,0
1,250,1.5,15,0,0
1,250,2,15,0,0
1,250,14.5,1.5,0,0
1,250,14.5,2,0,0
1,250,32.5,14.5,0,0
1,250,33,14.5,0,0
1,250,15.5,32.5,0,0
1,250,15.5,33,0,0
1,250,1.5,15.5,0,0
1,250,2,15.5,0,0
1,250,15,1.5,0,0
1,250,15,2,0,0
1,250,32.5,15,0,0
1,250,33,15,0,0
1,250,16,32.5,0,0
1,250,16,33,0,0
1,250,1.5,16,0,0
1,250,2,16,0,0
1,250,15.5,1.5,0,0
1,250,15.5,2,0,0
1,250,32.5,15.5,0,0
1,250,33,15.5,0,0
1,250,16.5,32.5,0,0
1,250,16.5,33,0,0
1,250,1.5,16.5,0,0
1,250,2,16.5,0,0
1,250,16,1.5,0,0
1,250,16,2,0,0
1,250,32.5,16,0,0
1,250,33,16,0,0
1,250,17,32.5,0,0
1,250,17,33,0,0
1,250,1.5,17,0,0
1,250,2,17,0,0
1,250,16.5,1.5,0,0
1,250,16.5,2,0,0
1,250,32.5,16.5,0,0
1,250,33,16.5,0,0
1,250,17.5,32.5,0,0
1,250,17.5,33,0,0
1,250,1.5,17.5,0,0
1,250,2,17.5,0,0
1,250,17,1.5,0,0
1,250,17,2,0,0
1,250,32.5,17,0,0
1,250,33,17,0,0
1,250,18,32.5,0,0
1,250,18,33,0,0
1,250,1.5,18,0,0
1,250,2,18,0,0
1,250,17.5,1.5,0,0
1,250,17.5,2,0,0
1,250,32.5,17.5,0,0
1,250,33,17.5,0,0
1,250,18.5,32.5,0,0
1,250,18.5,33,0,0
1,250,1.5,18.5,0,0
1,250,2,18.5,0,0
1,250,18,1.5,0,0
1,250,18,2,0,0
1,250,32.5,18,0,0
1,250,33,18,0,0
1,250,19,32.5,0,0
1,250,19,33,0,0
1,250,1.5,19,0,0
1,250,2,19,0,0
1,250,18.5,1.5,0,0
1,250,18.5,2,0,0
1,250,32.5,18.5,0,0
1,250,33,18.5,0,0
1,250,19.5,32.5,0,0
1,250,19.5,33,0,0
1,250,1.5,19.5,0,0
1,250,2,19.5,0,0
1,250,19,1.5,0,0
1,250,19,2,0,0
1,250,32.5,19,0,0
1,250,33,19,0,0
1,250,20,32.5,0,0
1,250,20,33,0,0
1,250,1.5,20,0,0
1,250,2,20,0,0
1,250,19.5,1.5,0,0
1,250,19.5,2,0,0
1,250,32.5,19.5,0,0
1,250,33,19.5,0,0
1,250,20.5,32.5,0,0
1,250,20.5,33,0,0
1,250,1.5,20.5,0,0
1,250,2,20.5,0,0
1,250,20,1.5,0,0
1,250,20,2,0,0
1,250,32.5,20,0,0
1,250,33,20,0,0
1,250,21,32.5,0,0
1,250,21,33,0,0
1,250,1.5,21,0,0
1,250,2,21,0,0
1,250,20.5,1.5,0,0
1,250,20.5,2,0,0
1,250,32.5,20.5,0,0
1,250,33,20.5,0,0
1,250,21.5,32.5,0,0
1,250,21.5,33,0,0
1,250,1.5,21.5,0,0
1,250,2,21.5,0,0
1,250,21,1.5,0,0
1,250,21,2,0,0
1,250,32.5,21,0,0
1,250,33,21,0,0
1,250,22,32.5,0,0
1,250,22,33,0,0
1,250,1.5,22,0,0
1,250,2,22,0,0
1,250,21.5,1.5,0,0
1,250,21.5,2,0,0
1,250,32.5,21.5,0,0
1,250,33,21.5,0,0
1,250,22.5,32.5,0,0
1,250,22.5,33,0,0
1,250,1.5,22.5,0,0
1,250,2,22.5,0,0
1,250,22,1.5,0,0
1,250,22,2,0,0
1,250,32.5,22,0,0
1,250,33,22,0,0
1,250,23,32.5,0,0
1,250,23,33,0,0
1,250,1.5,23,0,0
1,250,2,23,0,0
1,250,22.5,1.5,0,0
1,250,22.5,2,0,0
1,250,32.5,22.5,0,0
1,250,33,22.5,0,0
1,250,23.5,32.5,0,0
1,250,23.5,33,0,0
1,250,1.5,23.5,0,0
1,250,2,23.5,0,0
1,250,23,1.5,0,0
1,250,23,2,0,0
1,250,32.5,23,0,0
1,250,33,23,0,0
1,250,24,32.5,0,0
1,250,24,33,0,0
1,250,1.5,24,0,0
1,250,2,24,0,0
1,250,23.5,1.5,0,0
1,250,23.5,2,0,0
1,250,32.5,23.5,0,0
1,250,33,23.5,0,0
1,250,24.5,32.5,0,0
1,250,24.5,33,0,0
1,250,1.5,24.5,0,0
1,250,2,24.5,0,0
1,250,24,1.5,0,0
1,250,24,2,0,0
1,250,32.5,24,0,0
1,250,33,24,0,0
1,250,25,32.5,0,0
1,250,25,33,0,0
1,250,1.5,25,0,0
1,250,2,25,0,0
1,250,24.5,1.5,0,0
1,250,24.5,2,0,0
1,250,32.5,24.5,0,0
1,250,33,24.5,0,0
1,250,25.5,32.5,0,0
1,250,25.5,33,0,0
1,250,1.5,25.5,0,0
1,250,2,25.5,0,0
1,250,25,1.5,0,0
1,250,25,2,0,0
1,250,32.5,25,0,0
1,250,33,25,0,0
1,250,26,32.5,0,0
1,250,26,33,0,0
1,250,1.5,26,0,0
1,250,2,26,0,0
1,250,25.5,1.5,0,0
1,250,25.5,2,0,0
1,250,32.5,25.5,0,0
1,250,33,25.5,0,0
1,250,26.5,32.5,0,0
1,250,26.5,33,0,0
1,250,1.5,26.5,0,0
1,250,2,26.5,0,0
1,250,26,1.5,0,0
1,250,26,2,0,0
1,250,32.5,26,0,0
1,250,33,26,0,0
1,250,27,32.5,0,0
1,250,27,33,0,0
1,250,1.5,27,0,0
1,250,2,27,0,0
1,250,26.5,1.5,0,0
1,250,26.5,2,0,0
1,250,32.5,26.5,0,0
1,250,33,26.5,0,0
1,250,27.5,32.5,0,0
1,250,27.5,33,0,0
1,250,1.5,27.5,0,0
1,250,2,27.5,0,0
1,250,27,1.5,0,0
1,250,27,2,0,0
1,250,32.5,27,0,0
1,250,33,27,0,0
1,250,28,32.5,0,0
1,250,28,33,0,0
1,250,1.5,28,0,0
1,250,2,28,0,0
1,250,27.5,1.5,0,0
1,250,27.5,2,0,0
1,250,32.5,27.5,0,0
1,250,33,27.5,0,0
1,250,28.5,32.5,0,0
1,250,28.5,33,0,0
1,250,1.5,28.5,0,0
1,250,2,28.5,0,0
1,250,28,1.5,0,0
1,250,28,2,0,0
1,250,32.5,28,0,0
1,250,33,28,0,0
1,250,29,32.5,0,0
1,250,29,33,0,0
1,250,1.5,29,0,0
1,250,2,29,0,0
1,250,28.5,1.5,0,0
1,250,28.5,2,0,0
1,250,32.5,28.5,0,0
1,250,33,28.5,0,0
1,250,29.5,32.5,0,0
1,250,29.5,33,0,0
1,250,1.5,29.5,0,0
1,250,2,29.5,0,0
1,250,29,1.5,0,0
1,250,29,2,0,0
1,250,32.5,29,0,0
1,250,33,29,0,0
1,250,30,32.5,0,0
1,250,30,33,0,0
1,250,1.5,30,0,0
1,250,2,30,0,0
1,250,29.5,1.5,0,0
1,250,29.5,2,0,0
1,250,32.5,29.5,0,0
1,250,33,29.5,0,0
1,250,30.5,32.5,0,0
1,250,30.5,33,0,0
1,250,1.5,30.5,0,0
1,250,2,30.5,0,0
1,250,30,1.5,0,0
1,250,30,2,0,0
1,250,32.5,30,0,0
1,250,33,30,0,0
1,250,31,32.5,0,0
1,250,31,33,0,0
1,250,1.5,31,0,0
1,250,2,31,0,0
1,250,30.5,1.5,0,0
1,250,30.5,2,0,0
1,250,32.5,30.5,0,0
1,250,33,30.5,0,0
1,250,31.5,32.5,0,0
1,250,31.5,33,0,0
1,250,1.5,31.5,0,0
1,250,2,31.5,0,0
1,250,31,1.5,0,0
1,250,31,2,0,0
1,250,32.5,31,0,0
1,250,33,31,0,0
1,250,32,32.5,0,0
1,250,32,33,0,0
1,250,1.5,32,0,0
1,250,2,32,0,0
1,250,31.5,1.5,0,0
1,250,31.5,2,0,0
1,250,32.5,31.5,0,0
1,250,33,31.5,0,0
1,250,32.5,32.5,0,0
1,250,32.5,33,0,0
1,250,1.5,32.5,0,0
1,250,2,32.5,0,0
1,250,32,1.5,0,0
1,250,32,2,0,0
1,250,32.5,32,0,0
1,250,33,32,0,0
1,250,33,32.5,0,0
1,250,33,33,0,0
1,250,1.5,33,0,0
1,250,2,33,0,0
