1396 2 0.5 5e+06 0.05 2 0 0.001 0 9.81 35 35
0,250,2.49791,17.6651,-0.0114133,1.77187
0,250,2.50272,18.1655,0.0134942,1.77731
0,250,2.49929,18.6673,-0.00608715,1.78082
0,250,2.50211,19.1673,0.00651326,1.78197
0,250,2.49961,19.6685,-0.0119988,1.77746
0,250,2.50143,20.1685,-0.0235759,1.78322
0,250,2.49941,20.6691,-0.0418695,1.73558
0,250,2.49999,21.169,-0.0910993,1.69466
0,250,2.49815,21.6673,-0.103873,1.54044
0,250,2.49902,22.1665,-0.0485508,1.5058
0,250,2.49711,22.6636,-0.0888081,1.44189
0,250,2.49854,23.1622,-0.064429,1.36082
0,250,2.49593,23.6583,-0.104695,1.30171
0,250,2.49784,24.1553,-0.0672594,1.18481
0,250,2.49505,24.6512,-0.0717307,1.21285
0,250,2.49711,25.1465,-0.0882948,1.07568
0,250,2.49466,25.6427,-0.0369007,1.10428
0,250,2.49615,26.1362,-0.117816,0.989411
0,250,2.49472,26.6323,-0.020896,0.944469
0,250,2.49501,27.1244,-0.118597,0.886934
0,250,2.49489,27.6197,-0.00868741,0.794598
0,250,2.49415,28.1111,-0.0923796,0.796759
0,250,2.49506,28.605,0.00483558,0.698159
0,250,2.49372,29.0959,-0.0801825,0.715245
0,250,2.49525,29.5882,0.0217113,0.615408
0,250,2.49384,30.0781,-0.078494,0.61582
0,250,2.49555,30.5684,0.0698843,0.513314
0,250,2.4966,31.0561,-0.0546869,0.460494
0,250,2.49703,31.5429,0.186211,0.326443
0,250,2.50833,32.0259,0.0992162,0.162022
0,250,3.00014,17.6647,0.000498854,1.78895
0,250,3.00083,18.1654,0.00382138,1.79376
0,250,3.00093,18.6665,0.00204893,1.78723
0,250,3.00092,19.1669,-0.00551476,1.79514
0,250,3.00089,19.6677,-0.0119854,1.76293
0,250,3.00041,20.1681,-0.0420373,1.78805
0,250,3.00024,20.668,-0.055577,1.69195
0,250,2.99906,21.1681,-0.0946076,1.66303
0,250,2.99893,21.6661,-0.0839431,1.53537
0,250,2.99818,22.1654,-0.0591602,1.47733
0,250,2.99823,22.6618,-0.0640382,1.37239
0,250,2.99751,23.16,-0.0628696,1.26186
0,250,2.99727,23.6551,-0.0843469,1.21061
0,250,2.99698,24.1514,-0.0377783,1.06293
0,250,2.99648,24.6463,-0.0698645,1.06768
0,250,2.99671,25.1405,-0.034293,0.914815
0,250,2.99585,25.6353,-0.0607131,0.901878
0,250,2.99635,26.1276,-0.054732,0.778041
0,250,2.99538,26.6217,-0.0596475,0.706132
0,250,2.99586,27.1125,-0.0545293,0.623636
0,250,2.99497,27.6056,-0.0442082,0.522685
0,250,2.99561,28.0955,-0.0367553,0.483004
0,250,2.99471,28.5871,-0.0246347,0.376123
0,250,2.99568,29.0764,-0.0312548,0.357306
0,250,2.99469,29.566,-0.0103487,0.25371
0,250,2.99644,30.0549,-0.0139418,0.242245
0,250,2.99522,30.542,0.0134905,0.129532
0,250,2.9997,31.0313,0.0359258,0.151499
0,250,2.99625,31.5165,0.0433621,0.0367451
0,250,3.01077,32.0091,0.164911,0.23903
0,250,3.50013,17.6652,0.000711867,1.79156
0,250,3.50057,18.1654,0.00303555,1.79331
0,250,3.50046,18.6666,0.00103379,1.78275
0,250,3.50077,19.1668,-0.004057,1.78872
0,250,3.50047,19.6675,-0.00958437,1.75402
0,250,3.50051,20.1678,-0.0216357,1.76102
0,250,3.50001,20.6676,-0.0459536,1.68907
0,250,3.5,21.1676,-0.0365492,1.65413
0,250,3.4992,21.666,-0.0584784,1.54686
0,250,3.4993,22.165,-0.0524283,1.4667
0,250,3.49837,22.6616,-0.0817335,1.37523
0,250,3.49857,23.1592,-0.0493886,1.24499
0,250,3.49734,23.6551,-0.0837885,1.22269
0,250,3.49808,24.1507,-0.0405075,1.06969
0,250,3.49645,24.6463,-0.074927,1.05052
0,250,3.49762,25.14,-0.0462708,0.938851
0,250,3.4958,25.635,-0.0557611,0.871162
0,250,3.49711,26.1275,-0.0548715,0.801016
0,250,3.49536,26.6213,-0.0424746,0.695218
0,250,3.49666,27.1128,-0.0476137,0.651899
0,250,3.49509,27.6054,-0.0235644,0.524427
0,250,3.49646,28.0961,-0.0382095,0.514621
0,250,3.495,28.5872,-0.00369824,0.384797
0,250,3.49665,29.0773,-0.0260252,0.388532
0,250,3.49514,29.5669,0.0109297,0.28906
0,250,3.49777,30.0566,0.00104489,0.283251
0,250,3.49588,30.5447,0.0279291,0.181058
0,250,3.50036,31.0341,0.0390348,0.163017
0,250,3.49838,31.5204,0.0212788,0.051942
0,250,3.50317,32.0098,0.0910209,0.00466377
0,250,4.00007,17.6655,0.000294161,1.7927
0,250,4.00038,18.1657,0.00144476,1.79571
0,250,4.0005,18.6666,0.00147209,1.77902
0,250,4.00051,19.1669,-0.00222734,1.78474
0,250,4.00053,19.6674,-0.00834236,1.74631
0,250,4.00034,20.1676,-0.0156205,1.74469
0,250,4.00023,20.6673,-0.0300326,1.67256
0,250,3.99982,21.1672,-0.0462302,1.64295
0,250,3.99957,21.6655,-0.0529798,1.53633
0,250,3.99899,22.1644,-0.0581761,1.45477
0,250,3.99877,22.6613,-0.06037,1.38374
0,250,3.99839,23.1587,-0.0513848,1.25402
0,250,3.99811,23.6549,-0.0511172,1.22106
0,250,3.99783,24.1504,-0.0451536,1.0883
0,250,3.99757,24.646,-0.035123,1.0435
0,250,3.9974,25.14,-0.0338207,0.959532
0,250,3.99729,25.6346,-0.0288441,0.867669
0,250,3.99714,26.1276,-0.0277252,0.804867
0,250,3.99695,26.6208,-0.0355288,0.704197
0,250,3.99698,27.1129,-0.0172858,0.65093
0,250,3.99652,27.605,-0.0307829,0.53709
0,250,3.99699,28.0962,0.00228407,0.512069
0,250,3.99623,28.587,-0.0192959,0.399218
0,250,3.99741,29.0774,0.022959,0.381618
0,250,3.99622,29.567,-0.0123269,0.296022
0,250,3.99844,30.0566,0.0399827,0.284622
0,250,3.99673,30.5452,-0.00246617,0.190555
0,250,4.00046,31.0343,0.0751597,0.199209
0,250,3.99854,31.5231,0.0306512,0.106432
0,250,4.00228,32.0128,0.0700313,0.136398
0,250,4.50007,17.6657,0.000419059,1.79371
0,250,4.50028,18.1658,0.00172616,1.79509
0,250,4.50021,18.6668,0.000680871,1.77872
0,250,4.50044,19.1669,-0.00161043,1.77805
0,250,4.50028,19.6674,-0.0073963,1.74293
0,250,4.50036,20.1675,-0.00889351,1.73742
0,250,4.5001,20.6671,-0.0169135,1.66243
0,250,4.50007,21.1669,-0.0224966,1.63281
0,250,4.49972,21.6652,-0.0333979,1.53768
0,250,4.49965,22.1641,-0.0291486,1.45283
0,250,4.49921,22.6611,-0.0390735,1.3816
0,250,4.49911,23.1584,-0.0369724,1.25166
0,250,4.49864,23.6546,-0.0454295,1.22274
0,250,4.49861,24.1501,-0.0308645,1.09237
0,250,4.49813,24.6458,-0.0382583,1.05062
0,250,4.49828,25.1398,-0.0186663,0.954203
0,250,4.49763,25.6346,-0.0373843,0.87019
0,250,4.49801,26.1273,-0.0122953,0.801577
0,250,4.49714,26.6209,-0.0295973,0.704866
0,250,4.49782,27.1126,-0.00406889,0.664325
0,250,4.49681,27.6051,-0.00886224,0.54141
0,250,4.49783,28.0961,0.0121735,0.53118
0,250,4.49677,28.5873,0.0063919,0.400234
0,250,4.49813,29.0777,0.022699,0.401032
0,250,4.49703,29.5676,0.0163945,0.300657
0,250,4.49878,30.0575,0.0389497,0.302271
0,250,4.49782,30.5462,0.0274816,0.202197
0,250,4.49983,31.0357,0.0565917,0.185185
0,250,4.49909,31.5234,0.0310532,0.0987247
0,250,4.50037,32.0121,0.0581764,0.0570018
0,250,5.00004,17.6659,0.000503743,1.7951
0,250,5.00021,18.1659,0.00259689,1.79693
0,250,5.00026,18.6668,0.0026551,1.77599
0,250,5.00029,19.167,-6.82082e-06,1.77595
0,250,5.00032,19.6673,-0.000962644,1.73881
0,250,5.00028,20.1674,-0.00798409,1.73307
0,250,5.00021,20.667,-0.0110445,1.65693
0,250,5.00007,21.1667,-0.0179681,1.62273
0,250,4.99991,21.665,-0.0254436,1.53015
0,250,4.99967,22.1639,-0.0334989,1.44751
0,250,4.99945,22.6608,-0.0361983,1.38031
0,250,4.99919,23.1581,-0.0348218,1.25092
0,250,4.99893,23.6544,-0.0316888,1.22995
0,250,4.99877,24.1498,-0.0236907,1.09865
0,250,4.99853,24.6457,-0.0195618,1.05793
0,250,4.99853,25.1395,-0.00961533,0.963137
0,250,4.99833,25.6344,-0.00320602,0.872577
0,250,4.9984,26.1272,0.00131061,0.814465
0,250,4.99825,26.6207,0.00809811,0.705118
0,250,4.99828,27.1126,0.0114648,0.674764
0,250,4.99816,27.6049,0.0132997,0.546466
0,250,4.99824,28.0962,0.0267775,0.532643
0,250,4.99809,28.5872,0.0200668,0.405567
0,250,4.99844,29.0777,0.0441772,0.397556
0,250,4.99821,29.5676,0.0290803,0.309417
0,250,4.99899,30.0574,0.0619325,0.299885
0,250,4.99866,30.5465,0.0383622,0.213317
0,250,4.99985,31.0358,0.0727487,0.203927
0,250,4.99956,31.5242,0.0540442,0.115167
0,250,5.00033,32.0135,0.0539391,0.104348
0,250,5.5,17.6659,0.000371233,1.79652
0,250,5.50001,18.166,0.00151835,1.79752
0,250,5.50004,18.6668,0.000574316,1.77528
0,250,5.50017,19.167,0.000505988,1.77476
0,250,5.50017,19.6673,-0.000509418,1.73588
0,250,5.50027,20.1674,-0.0017147,1.72743
0,250,5.50018,20.6669,-0.00658216,1.65361
0,250,5.50019,21.1666,-0.00808093,1.6182
0,250,5.50004,21.6649,-0.0119261,1.52534
0,250,5.5,22.1637,-0.0127528,1.4426
0,250,5.49981,22.6606,-0.0172097,1.37952
0,250,5.49976,23.1579,-0.0153933,1.25216
0,250,5.49956,23.6542,-0.0173688,1.23248
0,250,5.49952,24.1497,-0.0118765,1.10283
0,250,5.49932,24.6456,-0.00996619,1.06237
0,250,5.49931,25.1395,-0.00197921,0.969928
0,250,5.49914,25.6344,-0.00024327,0.876534
0,250,5.49915,26.1271,0.00741396,0.814883
0,250,5.49894,26.6207,0.00522464,0.713966
0,250,5.49904,27.1125,0.0219772,0.675006
0,250,5.49873,27.605,0.0187583,0.559461
0,250,5.49907,28.0961,0.0420539,0.542938
0,250,5.49874,28.5875,0.0407492,0.416589
0,250,5.4993,29.0779,0.0589222,0.411531
0,250,5.49902,29.5681,0.0542416,0.315724
0,250,5.49967,30.058,0.0668274,0.30993
0,250,5.49948,30.5469,0.062666,0.213447
0,250,5.50003,31.0364,0.0752878,0.194793
0,250,5.4999,31.5241,0.0705132,0.109445
0,250,5.50014,32.0131,0.0697444,0.0817917
0,250,6,17.6659,9.69762e-05,1.79718
0,250,6,18.166,0.000404774,1.79755
0,250,6.00003,18.667,3.68798e-05,1.77424
0,250,6.00014,19.1671,-0.000177481,1.77509
0,250,6.00018,19.6674,0.0012064,1.73713
0,250,6.00024,20.1674,0.00266974,1.72651
0,250,6.00025,20.6669,0.00113493,1.65037
0,250,6.00026,21.1666,-0.00189607,1.61567
0,250,6.00019,21.6648,-0.00426885,1.52398
0,250,6.00014,22.1636,-0.00747408,1.44043
0,250,6.00002,22.6606,-0.00994842,1.37867
0,250,5.99993,23.1578,-0.0109748,1.25189
0,250,5.99979,23.6542,-0.00956788,1.23627
0,250,5.99974,24.1496,-0.00283643,1.10949
0,250,5.99964,24.6455,0.00462924,1.07032
0,250,5.99966,25.1394,0.0144912,0.976362
0,250,5.99961,25.6343,0.0212727,0.884422
0,250,5.99971,26.127,0.0327418,0.820676
0,250,5.99968,26.6207,0.0384219,0.720995
0,250,5.99982,27.1125,0.047974,0.68555
0,250,5.99981,27.605,0.0553333,0.564563
0,250,5.99992,28.0962,0.0612554,0.551876
0,250,5.99995,28.5874,0.0668372,0.420284
0,250,6.00005,29.078,0.0752447,0.412178
0,250,6.0001,29.568,0.0776471,0.319054
0,250,6.0003,30.0579,0.0909072,0.312211
0,250,6.00036,30.547,0.0918431,0.223393
0,250,6.00067,31.0365,0.103639,0.211194
0,250,6.00068,31.5243,0.101486,0.116325
0,250,6.00061,32.0136,0.0828574,0.0971896
0,250,6.5,17.6659,2.25076e-07,1.79727
0,250,6.5,18.166,2.79657e-06,1.79758
0,250,6.50003,18.667,0.00129935,1.77557
0,250,6.50014,19.1671,0.00640197,1.7764
0,250,6.50015,19.6674,0.00648902,1.73775
0,250,6.50023,20.1675,0.00495203,1.7262
0,250,6.50023,20.6669,0.00562413,1.64957
0,250,6.50033,21.1666,0.0077613,1.61372
0,250,6.50034,21.6648,0.00597293,1.5204
0,250,6.50041,22.1635,0.00514293,1.43657
0,250,6.5004,22.6605,0.00307498,1.37614
0,250,6.50046,23.1577,0.00355682,1.25086
0,250,6.50041,23.6541,0.00277838,1.23843
0,250,6.50044,24.1495,0.00495399,1.11375
0,250,6.50038,24.6455,0.00660635,1.07732
0,250,6.50043,25.1394,0.0136194,0.983924
0,250,6.50042,25.6344,0.0184994,0.892734
0,250,6.50051,26.1271,0.0263229,0.829859
0,250,6.50051,26.6208,0.0331623,0.728871
0,250,6.5006,27.1126,0.0427603,0.693686
0,250,6.50062,27.6051,0.0512557,0.575982
0,250,6.50074,28.0963,0.0670973,0.559758
0,250,6.50076,28.5876,0.0759222,0.434553
0,250,6.501,29.0781,0.0937125,0.424955
0,250,6.50106,29.5683,0.101497,0.330692
0,250,6.50134,30.0583,0.112378,0.321471
0,250,6.5014,30.5472,0.114468,0.224354
0,250,6.50154,31.0366,0.117986,0.203837
0,250,6.50154,31.5243,0.119845,0.113418
0,250,6.5013,32.0132,0.106024,0.0876647
0,250,7,17.6659,2.1234e-08,1.79727
0,250,7,18.166,1.3554e-06,1.79759
0,250,7.00003,18.6671,0.0018822,1.78121
0,250,7.00013,19.1672,0.00945773,1.78141
0,250,7.00016,19.6675,0.00981023,1.73444
0,250,7.00025,20.1675,0.00657253,1.72526
0,250,7.00029,20.667,0.00925235,1.6539
0,250,7.00041,21.1667,0.0124217,1.61524
0,250,7.00045,21.6649,0.0115329,1.5206
0,250,7.00054,22.1636,0.010227,1.43688
0,250,7.00055,22.6606,0.00845445,1.37742
0,250,7.00061,23.1578,0.00930277,1.2526
0,250,7.00062,23.6542,0.0113111,1.24085
0,250,7.00071,24.1496,0.0175717,1.11722
0,250,7.00076,24.6456,0.0243154,1.08275
0,250,7.00088,25.1395,0.0333212,0.991085
0,250,7.00097,25.6345,0.0421925,0.899433
0,250,7.00115,26.1272,0.0527867,0.837015
0,250,7.0013,26.6208,0.0625135,0.738671
0,250,7.00153,27.1126,0.0759622,0.703264
0,250,7.00169,27.6052,0.0863248,0.588199
0,250,7.00193,28.0963,0.0993111,0.572749
0,250,7.00209,28.5877,0.109787,0.444328
0,250,7.00227,29.0782,0.118489,0.43431
0,250,7.00241,29.5684,0.126766,0.337531
0,250,7.00253,30.0583,0.135497,0.328032
0,250,7.00263,30.5473,0.144569,0.232079
0,250,7.00273,31.0367,0.154491,0.21823
0,250,7.00273,31.5243,0.158024,0.12008
0,250,7.00226,32.0135,0.13023,0.095835
0,250,7.5,17.6659,5.81821e-09,1.79727
0,250,7.5,18.166,1.06488e-06,1.7976
0,250,7.50001,18.6672,0.00187314,1.78644
0,250,7.50006,19.1672,0.00947926,1.78634
0,250,7.50011,19.6676,0.0112414,1.73301
0,250,7.50026,20.1676,0.01257,1.72558
0,250,7.50035,20.6671,0.0148186,1.65715
0,250,7.50051,21.1668,0.0183799,1.61578
0,250,7.50064,21.6649,0.0195306,1.51834
0,250,7.50086,22.1637,0.0216272,1.43346
0,250,7.50098,22.6606,0.0209076,1.37448
0,250,7.50117,23.1578,0.0211435,1.25146
0,250,7.50124,23.6541,0.0204127,1.24368
0,250,7.50137,24.1496,0.0217962,1.12275
0,250,7.50141,24.6456,0.0234996,1.0904
0,250,7.50156,25.1396,0.0302407,0.999792
0,250,7.50167,25.6347,0.0371646,0.911137
0,250,7.50189,26.1274,0.0483911,0.849028
0,250,7.50207,26.6211,0.0594262,0.752713
0,250,7.50235,27.1129,0.0744318,0.717751
0,250,7.50258,27.6055,0.0892374,0.602325
0,250,7.50286,28.0966,0.106714,0.586782
0,250,7.50311,28.588,0.123851,0.458747
0,250,7.50339,29.0785,0.142985,0.446832
0,250,7.50365,29.5686,0.158744,0.350255
0,250,7.50391,30.0585,0.173319,0.338304
0,250,7.50412,30.5474,0.18194,0.240279
0,250,7.50423,31.0367,0.186502,0.215523
0,250,7.50432,31.5243,0.190339,0.117159
0,250,7.50357,32.0131,0.16403,0.0881959
0,250,8,17.6659,6.79436e-10,1.79727
0,250,8,18.166,3.85247e-07,1.79761
0,250,8.00001,18.6672,0.00179663,1.79257
0,250,8.00004,19.1673,0.00908705,1.79211
0,250,8.0001,19.6677,0.0117963,1.73537
0,250,8.00031,20.1677,0.0175112,1.72893
0,250,8.0004,20.6673,0.0201759,1.66021
0,250,8.0006,21.1669,0.0210363,1.61894
0,250,8.00074,21.6652,0.0229515,1.52364
0,250,8.00095,22.1639,0.0266818,1.43833
0,250,8.00108,22.6609,0.0271962,1.37731
0,250,8.00127,23.1581,0.0283897,1.25392
0,250,8.00142,23.6544,0.0314933,1.24539
0,250,8.00168,24.1498,0.0387061,1.12393
0,250,8.00189,24.6458,0.0450254,1.09453
0,250,8.00216,25.1398,0.0544518,1.00702
0,250,8.00241,25.6348,0.0657388,0.919631
0,250,8.00275,26.1276,0.0781724,0.858965
0,250,8.00307,26.6213,0.0911654,0.765716
0,250,8.00349,27.1132,0.108115,0.732284
0,250,8.00388,27.6058,0.124143,0.620131
0,250,8.00431,28.0969,0.143275,0.605202
0,250,8.00469,28.5883,0.1592,0.47824
0,250,8.00507,29.0788,0.17535,0.465373
0,250,8.00538,29.5689,0.188928,0.366748
0,250,8.00564,30.0587,0.201116,0.351567
0,250,8.00584,30.5476,0.212066,0.248795
0,250,8.00603,31.0369,0.223945,0.229923
0,250,8.00607,31.5243,0.231882,0.127545
0,250,8.00513,32.0134,0.198384,0.0987426
0,250,8.5,17.6659,1.4863e-10,1.79727
0,250,8.5,18.166,2.20035e-07,1.79761
0,250,8.5,18.6672,0.000997361,1.7967
0,250,8.50002,19.1673,0.00514397,1.79611
0,250,8.50007,19.6679,0.0095654,1.74158
0,250,8.50028,20.1679,0.0233889,1.7365
0,250,8.50041,20.6674,0.0281627,1.66014
0,250,8.50074,21.1671,0.0293214,1.6186
0,250,8.50096,21.6653,0.0347253,1.52559
0,250,8.50132,22.164,0.0410071,1.43732
0,250,8.50154,22.6609,0.0402166,1.37284
0,250,8.50192,23.1581,0.037226,1.2519
0,250,8.50209,23.6545,0.037007,1.25154
0,250,8.50237,24.15,0.0429315,1.13398
0,250,8.50255,24.646,0.0517339,1.10512
0,250,8.50288,25.14,0.0628622,1.01944
0,250,8.50315,25.6352,0.0764997,0.936759
0,250,8.50357,26.1281,0.0948179,0.874476
0,250,8.50398,26.6219,0.112028,0.785391
0,250,8.50451,27.1137,0.133544,0.751621
0,250,8.50503,27.6064,0.154842,0.641096
0,250,8.50562,28.0975,0.17951,0.624056
0,250,8.50617,28.5888,0.201951,0.495105
0,250,8.50673,29.0792,0.22443,0.479174
0,250,8.50722,29.5693,0.242655,0.378002
0,250,8.50766,30.059,0.25763,0.360413
0,250,8.50801,30.5478,0.269246,0.259909
0,250,8.50813,31.0368,0.272731,0.229371
0,250,8.5083,31.5243,0.273877,0.12505
0,250,8.50688,32.0129,0.231384,0.0932929
0,250,9,17.6659,2.76463e-11,1.79727
0,250,9,18.166,6.34761e-08,1.79761
0,250,9,18.6672,0.000395363,1.79886
0,250,9,19.1673,0.00219044,1.79866
0,250,9.00006,19.668,0.00824695,1.75526
0,250,9.00027,20.168,0.0286777,1.7503
0,250,9.00041,20.6677,0.0329065,1.6618
0,250,9.00083,21.1675,0.0344085,1.62447
0,250,9.00104,21.6657,0.0391019,1.5353
0,250,9.00132,22.1645,0.0377479,1.44339
0,250,9.00157,22.6615,0.0411957,1.37671
0,250,9.00201,23.1586,0.0511744,1.2551
0,250,9.00232,23.6549,0.0576883,1.25419
0,250,9.00277,24.1504,0.0658566,1.14031
0,250,9.00314,24.6464,0.0784996,1.11657
0,250,9.00369,25.1405,0.0937376,1.03065
0,250,9.00415,25.6356,0.109365,0.953371
0,250,9.00474,26.1285,0.129199,0.891998
0,250,9.00533,26.6223,0.149572,0.805194
0,250,9.00603,27.1143,0.170661,0.771653
0,250,9.0067,27.6069,0.191545,0.666758
0,250,9.00744,28.0981,0.215871,0.649501
0,250,9.00812,28.5894,0.236878,0.523445
0,250,9.00878,29.0798,0.259657,0.505308
0,250,9.00936,29.5699,0.279483,0.40267
0,250,9.00988,30.0596,0.299183,0.380472
0,250,9.0103,30.5483,0.312601,0.269758
0,250,9.01073,31.0373,0.328772,0.242225
0,250,9.01087,31.5245,0.341125,0.133137
0,250,9.00927,32.0133,0.292488,0.0966628
0,250,9.5,17.6659,6.36234e-11,1.79727
0,250,9.5,18.166,1.35801e-08,1.79761
0,250,9.5,18.6672,3.00584e-05,1.79935
0,250,9.5,19.1673,0.000247705,1.79962
0,250,9.50004,19.6682,0.00637081,1.77179
0,250,9.50021,20.1682,0.0298046,1.76532
0,250,9.5004,20.668,0.0388384,1.66372
0,250,9.50101,21.1678,0.0554486,1.62934
0,250,9.50131,21.6659,0.0564809,1.52615
0,250,9.50186,22.1646,0.0417985,1.43348
0,250,9.50215,22.6616,0.0451985,1.38631
0,250,9.50275,23.1588,0.0623032,1.26666
0,250,9.50305,23.6552,0.0696168,1.26069
0,250,9.50356,24.1507,0.0713966,1.15187
0,250,9.50394,24.6469,0.0873288,1.13629
0,250,9.50462,25.141,0.111243,1.04966
0,250,9.50518,25.6362,0.134179,0.976451
0,250,9.50593,26.1292,0.161022,0.915424
0,250,9.50668,26.6232,0.188504,0.831965
0,250,9.50758,27.1151,0.217059,0.793741
0,250,9.5085,27.6078,0.245068,0.692553
0,250,9.50951,28.0989,0.275765,0.669767
0,250,9.51048,28.5902,0.301636,0.541875
0,250,9.51143,29.0805,0.327372,0.519648
0,250,9.51226,29.5704,0.345784,0.414545
0,250,9.51294,30.0598,0.358387,0.388216
0,250,9.51351,30.5485,0.37085,0.28283
0,250,9.51363,31.0371,0.371254,0.246961
0,250,9.5139,31.5244,0.371856,0.133137
0,250,9.51154,32.0126,0.313998,0.102251
0,250,10,17.6659,1.67167e-10,1.79727
0,250,10,18.166,9.25353e-09,1.79761
0,250,10,18.6672,1.29097e-07,1.79938
0,250,10,19.1673,1.99872e-06,1.79976
0,250,10,19.6683,0.00460298,1.78885
0,250,10.0001,20.1683,0.0241644,1.78312
0,250,10.0003,20.6686,0.039411,1.6861
0,250,10.001,21.1684,0.072791,1.65094
0,250,10.0013,21.6665,0.0708397,1.51266
0,250,10.0019,22.1653,0.0399377,1.42497
0,250,10.0022,22.6623,0.0473837,1.40905
0,250,10.0028,23.1596,0.0830836,1.28892
0,250,10.0033,23.6558,0.101045,1.26054
0,250,10.0041,24.1513,0.101331,1.1545
0,250,10.0047,24.6476,0.116711,1.16181
0,250,10.0057,25.1418,0.146549,1.07473
0,250,10.0065,25.637,0.172595,1.0038
0,250,10.0075,26.13,0.200444,0.942512
0,250,10.0084,26.6241,0.228662,0.862299
0,250,10.0095,27.1161,0.254559,0.821217
0,250,10.0106,27.6089,0.281272,0.728383
0,250,10.0118,28.1,0.310339,0.702526
0,250,10.0129,28.5914,0.337434,0.58014
0,250,10.0139,29.0816,0.36761,0.553287
0,250,10.0149,29.5716,0.394775,0.443765
0,250,10.0158,30.061,0.424663,0.414265
0,250,10.0166,30.5493,0.443931,0.292517
0,250,10.0174,31.038,0.465225,0.254922
0,250,10.0177,31.5247,0.482286,0.138851
0,250,10.0152,32.0132,0.410762,0.083912
0,250,10.5,17.6659,2.59825e-09,1.79727
0,250,10.5,18.166,2.12827e-08,1.79761
0,250,10.5,18.6672,1.77305e-06,1.79938
0,250,10.5,19.1673,1.03165e-05,1.79977
0,250,10.5,19.6683,0.0016684,1.79816
0,250,10.5001,20.1684,0.0095197,1.79509
0,250,10.5003,20.669,0.0292559,1.7179
0,250,10.501,21.1688,0.087545,1.67916
0,250,10.5015,21.6669,0.0972543,1.48077
0,250,10.5026,22.1656,0.0686044,1.39609
0,250,10.503,22.6625,0.0618118,1.43331
0,250,10.5037,23.1599,0.0846385,1.32169
0,250,10.5042,23.6564,0.103734,1.27048
0,250,10.5051,24.1519,0.109719,1.16132
0,250,10.5058,24.6484,0.130707,1.1908
0,250,10.5069,25.1426,0.167771,1.1057
0,250,10.5078,25.638,0.199497,1.03324
0,250,10.509,26.1311,0.233169,0.972077
0,250,10.5103,26.6253,0.269426,0.893469
0,250,10.5117,27.1173,0.303549,0.844618
0,250,10.5132,27.6102,0.338009,0.756322
0,250,10.5147,28.1012,0.373605,0.722408
0,250,10.5163,28.5925,0.402622,0.599442
0,250,10.5177,29.0825,0.430498,0.568733
0,250,10.519,29.5723,0.453738,0.462433
0,250,10.52,30.0613,0.467874,0.426645
0,250,10.521,30.5498,0.487857,0.313942
0,250,10.5212,31.0378,0.491993,0.271607
0,250,10.5217,31.5247,0.498241,0.144211
0,250,10.5181,32.0124,0.42876,0.116831
0,250,11,17.6659,7.24151e-09,1.79727
0,250,11,18.166,1.44694e-07,1.79761
0,250,11,18.6672,2.08423e-06,1.79939
0,250,11,19.1673,1.06874e-05,1.79978
0,250,11,19.6683,0.000216267,1.80044
0,250,11,20.1684,0.00162081,1.80033
0,250,11.0002,20.6695,0.0176035,1.76942
0,250,11.0007,21.1695,0.0755738,1.734
0,250,11.0013,21.6682,0.0960446,1.47756
0,250,11.0026,22.1668,0.0827582,1.3811
0,250,11.0031,22.6633,0.0796779,1.43994
0,250,11.004,23.1608,0.103778,1.34454
0,250,11.0046,23.6574,0.128035,1.28211
0,250,11.0059,24.153,0.14004,1.17257
0,250,11.0068,24.6495,0.164707,1.22829
0,250,11.0081,25.1439,0.205502,1.14288
0,250,11.0094,25.6393,0.239858,1.06873
0,250,11.0109,26.1325,0.272142,1.00755
0,250,11.0124,26.6268,0.304959,0.934608
0,250,11.014,27.1189,0.336892,0.882066
0,250,11.0157,27.612,0.371264,0.804789
0,250,11.0173,28.1031,0.407799,0.765935
0,250,11.0191,28.5945,0.44638,0.648836
0,250,11.0208,29.0845,0.488157,0.613562
0,250,11.0224,29.5742,0.524406,0.497168
0,250,11.024,30.0633,0.562738,0.460491
0,250,11.0252,30.5511,0.586531,0.327231
0,250,11.0266,31.0393,0.612054,0.275054
0,250,11.0273,31.5253,0.636483,0.154832
0,250,11.0235,32.013,0.541663,0.0697877
0,250,11.5,17.6659,1.05789e-07,1.79727
0,250,11.5,18.166,6.77553e-07,1.79761
0,250,11.5,18.6672,2.41709e-05,1.79941
0,250,11.5,19.1673,0.000127308,1.79983
0,250,11.5001,19.6684,0.000517238,1.80093
0,250,11.5003,20.1685,0.0019356,1.80152
0,250,11.5005,20.6698,0.00802966,1.79526
0,250,11.5012,21.1699,0.036323,1.77022
0,250,11.5018,21.669,0.0675425,1.47676
0,250,11.5034,22.1675,0.0827164,1.36854
0,250,11.504,22.6636,0.086916,1.45723
0,250,11.5049,23.1612,0.108929,1.3773
0,250,11.5057,23.6583,0.135562,1.30349
0,250,11.507,24.154,0.155539,1.18916
0,250,11.5081,24.6506,0.18676,1.26565
0,250,11.5096,25.1452,0.232609,1.18257
0,250,11.5111,25.6407,0.275049,1.10388
0,250,11.5128,26.134,0.31615,1.03729
0,250,11.5148,26.6286,0.358061,0.966933
0,250,11.5168,27.1206,0.401112,0.908007
0,250,11.519,27.6137,0.442587,0.832793
0,250,11.5212,28.1047,0.4829,0.788873
0,250,11.5236,28.596,0.521481,0.675435
0,250,11.5256,29.0857,0.553888,0.632489
0,250,11.5278,29.5753,0.589529,0.525474
0,250,11.5293,30.0637,0.612087,0.475681
0,250,11.5312,30.5519,0.645814,0.356494
0,250,11.5316,31.0389,0.658581,0.306402
0,250,11.5326,31.5254,0.666228,0.165501
0,250,11.5272,32.0124,0.580125,0.139
0,250,12,17.6659,2.40091e-07,1.79727
0,250,12,18.166,1.96191e-06,1.79762
0,250,12,18.6673,2.56594e-05,1.7995
0,250,12,19.1673,0.000119334,1.79998
0,250,12.0001,19.6686,0.000498906,1.80232
0,250,12.0002,20.1687,0.00182531,1.80317
0,250,12.0005,20.6705,0.00495486,1.80884
0,250,12.0011,21.1706,0.0200751,1.80275
0,250,12.0017,21.6706,0.0511082,1.5236
0,250,12.0033,22.1691,0.0924234,1.39398
0,250,12.0042,22.6648,0.107779,1.46545
0,250,12.0056,23.1625,0.130034,1.40043
0,250,12.0065,23.6595,0.156832,1.32818
0,250,12.008,24.1555,0.187082,1.21837
0,250,12.0093,24.6521,0.226119,1.31191
0,250,12.0111,25.147,0.266854,1.22789
0,250,12.0128,25.6426,0.306059,1.15186
0,250,12.0148,26.1361,0.344983,1.08365
0,250,12.017,26.6309,0.386171,1.02349
0,250,12.0192,27.1232,0.430017,0.962594
0,250,12.0217,27.6165,0.478585,0.897193
0,250,12.0241,28.1076,0.531383,0.849381
0,250,12.0269,28.5992,0.583387,0.737259
0,250,12.0295,29.089,0.635867,0.692532
0,250,12.0321,29.5785,0.679797,0.574151
0,250,12.0346,30.0672,0.726083,0.526898
0,250,12.0366,30.5542,0.752435,0.382977
0,250,12.0389,31.0417,0.782117,0.301928
0,250,12.04,31.5266,0.81333,0.174913
0,250,12.0347,32.013,0.687591,0.0599006
0,250,12.5,17.6659,3.22818e-06,1.79728
0,250,12.5,18.166,1.86369e-05,1.79763
0,250,12.5,18.6673,0.000229413,1.7997
0,250,12.5002,19.1674,0.00109289,1.80027
0,250,12.5004,19.6688,0.00255602,1.80359
0,250,12.501,20.1689,0.00706065,1.80467
0,250,12.5015,20.6709,0.0106309,1.81345
0,250,12.5026,21.1711,0.0198447,1.81401
0,250,12.5033,21.6713,0.0309663,1.54466
0,250,12.5047,22.17,0.0579454,1.41684
0,250,12.5055,22.6655,0.0879695,1.49295
0,250,12.5068,23.1635,0.13054,1.43436
0,250,12.5079,23.6606,0.168503,1.3605
0,250,12.5094,24.1568,0.207522,1.25555
0,250,12.511,24.6536,0.253315,1.35241
0,250,12.5129,25.1487,0.297525,1.26258
0,250,12.515,25.6445,0.346397,1.19026
0,250,12.5174,26.1382,0.399343,1.11633
0,250,12.5201,26.6331,0.45172,1.05901
0,250,12.5228,27.1254,0.504406,0.993525
0,250,12.5261,27.6188,0.556951,0.934265
0,250,12.5291,28.1098,0.606911,0.880144
0,250,12.5326,28.6013,0.661304,0.773982
0,250,12.5356,29.0906,0.709416,0.713156
0,250,12.5392,29.5802,0.764232,0.606437
0,250,12.5416,30.0675,0.796221,0.532351
0,250,12.5448,30.5554,0.840306,0.408728
0,250,12.5457,31.041,0.863604,0.351329
0,250,12.5475,31.5269,0.875726,0.192594
0,250,12.5398,32.0126,0.76767,0.158892
0,250,13,17.6659,5.10385e-06,1.79729
0,250,13,18.166,2.54175e-05,1.79767
0,250,13,18.6674,0.000217715,1.80049
0,250,13.0001,19.1675,0.0009549,1.80134
0,250,13.0003,19.6694,0.00246292,1.80826
0,250,13.001,20.1696,0.00702861,1.80966
0,250,13.0015,20.6721,0.0108597,1.82256
0,250,13.0027,21.1722,0.0199294,1.82364
0,250,13.0034,21.6727,0.0317232,1.57266
0,250,13.0048,22.1715,0.0749288,1.45817
0,250,13.0058,22.6669,0.11202,1.53328
0,250,13.0075,23.1651,0.150319,1.47759
0,250,13.0088,23.6621,0.187107,1.40137
0,250,13.0104,24.1587,0.235712,1.30524
0,250,13.0122,24.6556,0.284355,1.4031
0,250,13.0143,25.1511,0.318792,1.31216
0,250,13.0167,25.6471,0.36459,1.25661
0,250,13.0192,26.1412,0.416289,1.18315
0,250,13.0222,26.6364,0.472879,1.13686
0,250,13.0252,27.1292,0.539362,1.07026
0,250,13.0288,27.6229,0.605538,1.01588
0,250,13.0323,28.1143,0.67465,0.960771
0,250,13.0364,28.6061,0.739942,0.858819
0,250,13.0403,29.096,0.804056,0.802917
0,250,13.0443,29.5853,0.855398,0.682875
0,250,13.0483,30.0737,0.923476,0.616206
0,250,13.0514,30.5597,0.96589,0.46417
0,250,13.0552,31.0461,1.00994,0.344632
0,250,13.0571,31.5289,1.05139,0.202667
0,250,13.0498,32.0135,0.887195,0.0527013
0,250,13.5,17.6659,5.75462e-05,1.79735
0,250,13.5001,18.166,0.000315852,1.79779
0,250,13.5002,18.6676,0.00140254,1.80145
0,250,13.5008,19.1677,0.00528978,1.80254
0,250,13.5014,19.6699,0.00889627,1.81147
0,250,13.5027,20.1701,0.0181472,1.81314
0,250,13.5035,20.6728,0.0235802,1.82774
0,250,13.5051,21.1729,0.0347842,1.82877
0,250,13.5057,21.6733,0.0404765,1.5892
0,250,13.5066,22.1723,0.0570407,1.49496
0,250,13.5075,22.668,0.100386,1.5701
0,250,13.509,23.1665,0.145679,1.51074
0,250,13.5105,23.6633,0.192211,1.44736
0,250,13.5122,24.1603,0.256495,1.36111
0,250,13.5143,24.6574,0.315993,1.43931
0,250,13.5166,25.1533,0.362338,1.34091
0,250,13.5194,25.6494,0.421357,1.29777
0,250,13.5224,26.1438,0.479183,1.21763
0,250,13.526,26.6391,0.539991,1.18378
0,250,13.5295,27.132,0.604904,1.11324
0,250,13.534,27.626,0.671043,1.06722
0,250,13.5381,28.1172,0.745075,0.999385
0,250,13.5432,28.6091,0.812916,0.899797
0,250,13.5478,29.0981,0.880194,0.811236
0,250,13.5533,29.5877,0.952124,0.717039
0,250,13.5573,30.0737,1.00485,0.617859
0,250,13.5626,30.5611,1.064,0.485332
0,250,13.5649,31.0446,1.10578,0.411613
0,250,13.5682,31.5295,1.13224,0.23159
0,250,13.5574,32.0129,0.995146,0.178063
0,250,14,17.666,6.77959e-05,1.79758
0,250,14,18.166,0.000306434,1.79819
0,250,14.0002,18.6682,0.00133939,1.80534
0,250,14.0008,19.1684,0.00501815,1.80698
0,250,14.0013,19.6714,0.00894562,1.82131
0,250,14.0028,20.1715,0.0186923,1.82294
0,250,14.0036,20.6744,0.0244839,1.83942
0,250,14.0052,21.1745,0.0361584,1.83993
0,250,14.0059,21.6743,0.0459901,1.59891
0,250,14.007,22.1734,0.0831416,1.532
0,250,14.008,22.6694,0.126699,1.62372
0,250,14.0097,23.1683,0.164551,1.56097
0,250,14.0112,23.6651,0.211233,1.50907
0,250,14.0131,24.1626,0.269842,1.4322
0,250,14.0153,24.6599,0.320944,1.50095
0,250,14.0177,25.1563,0.366859,1.41019
0,250,14.0206,25.6528,0.425332,1.38123
0,250,14.0237,26.148,0.494754,1.30241
0,250,14.0276,26.6436,0.569868,1.27807
0,250,14.0316,27.1373,0.649538,1.20635
0,250,14.0365,27.6318,0.730527,1.17433
0,250,14.0414,28.1239,0.809445,1.10596
0,250,14.0472,28.6163,0.887404,1.01707
0,250,14.053,29.1068,0.986972,0.95132
0,250,14.0591,29.5959,1.05727,0.834614
0,250,14.0656,30.0844,1.15496,0.748701
0,250,14.0708,30.569,1.2177,0.590125
0,250,14.0772,31.0544,1.29395,0.429961
0,250,14.0803,31.5336,1.35266,0.261932
0,250,14.0712,32.0157,1.16401,0.0516201
0,250,14.5001,17.666,0.000526829,1.79812
0,250,14.5005,18.1662,0.00278463,1.79897
0,250,14.5011,18.6686,0.00633622,1.80829
0,250,14.5027,19.1689,0.0163467,1.81037
0,250,14.5037,19.6722,0.0224619,1.82702
0,250,14.5056,20.1724,0.0352706,1.82863
0,250,14.5065,20.6752,0.0409565,1.84521
0,250,14.5079,21.1753,0.0507584,1.84534
0,250,14.5084,21.6747,0.0614976,1.62704
0,250,14.509,22.1742,0.101581,1.5813
0,250,14.5099,22.6706,0.143344,1.65038
0,250,14.5115,23.1697,0.177689,1.59181
0,250,14.513,23.6665,0.232711,1.56051
0,250,14.5151,24.1646,0.304432,1.48356
0,250,14.5177,24.6619,0.370485,1.53583
0,250,14.5204,25.1587,0.42204,1.44008
0,250,14.5238,25.6554,0.480565,1.42729
0,250,14.5275,26.1509,0.551558,1.35099
0,250,14.5318,26.6469,0.620104,1.33806
0,250,14.5366,27.1409,0.717433,1.26259
0,250,14.5421,27.6357,0.791538,1.22766
0,250,14.5482,28.1277,0.888596,1.13845
0,250,14.5548,28.6205,0.96906,1.07472
0,250,14.5619,29.1095,1.06811,0.95839
0,250,14.5697,29.5997,1.15781,0.876465
0,250,14.5771,30.0844,1.25931,0.745821
0,250,14.5855,30.5711,1.3442,0.608452
0,250,14.5913,31.0513,1.43098,0.495326
0,250,14.5979,31.5343,1.48076,0.303534
0,250,14.5829,32.0133,1.28426,0.208064
0,250,15.0001,17.6664,0.000524193,1.80023
0,250,15.0004,18.1666,0.00246301,1.80185
0,250,15.001,18.6704,0.00610248,1.81909
0,250,15.0027,19.1707,0.0166282,1.82121
0,250,15.0037,19.6743,0.0233464,1.84055
0,250,15.0058,20.1743,0.0368762,1.84144
0,250,15.0067,20.6767,0.0425901,1.85495
0,250,15.0081,21.1766,0.0524316,1.85457
0,250,15.0086,21.6752,0.0641204,1.64986
0,250,15.0094,22.1751,0.111534,1.62903
0,250,15.0104,22.672,0.154711,1.6963
0,250,15.0119,23.1715,0.194462,1.64455
0,250,15.0134,23.6686,0.234452,1.63266
0,250,15.0157,24.1674,0.296237,1.57326
0,250,15.0179,24.6649,0.35467,1.61105
0,250,15.0208,25.1626,0.414631,1.52367
0,250,15.0241,25.6597,0.496331,1.5218
0,250,15.0281,26.1562,0.568001,1.44519
0,250,15.0327,26.6527,0.655658,1.45633
0,250,15.0378,27.1479,0.741828,1.38124
0,250,15.0439,27.6435,0.836287,1.36304
0,250,15.0507,28.1373,0.953476,1.29001
0,250,15.0583,28.6305,1.05094,1.22301
0,250,15.0672,29.1227,1.18532,1.15232
0,250,15.076,29.612,1.28738,1.05639
0,250,15.0869,30.1022,1.43257,0.954663
0,250,15.0957,30.5851,1.52291,0.797013
0,250,15.1072,31.071,1.65294,0.602633
0,250,15.1128,31.5438,1.72121,0.378868
0,250,15.1026,32.0236,1.54741,0.0813807
0,250,15.5004,17.6669,0.00248129,1.80279
0,250,15.5023,18.1672,0.0126274,1.80494
0,250,15.5036,18.6715,0.0202522,1.82544
0,250,15.5063,19.1717,0.0361379,1.82776
0,250,15.5073,19.6753,0.0426945,1.84727
0,250,15.5091,20.1753,0.053532,1.84755
0,250,15.5096,20.6772,0.0565889,1.85855
0,250,15.5103,21.1772,0.0599085,1.85816
0,250,15.5106,21.6758,0.0730319,1.68561
0,250,15.5115,22.1759,0.126981,1.6845
0,250,15.5123,22.6731,0.178726,1.7304
0,250,15.5138,23.1728,0.229333,1.67341
0,250,15.5155,23.6703,0.284364,1.66972
0,250,15.5182,24.1693,0.352354,1.61208
0,250,15.5205,24.6669,0.391038,1.64061
0,250,15.5241,25.1651,0.46023,1.57933
0,250,15.5273,25.6625,0.528057,1.57649
0,250,15.5324,26.1597,0.626515,1.50598
0,250,15.5368,26.6563,0.70649,1.51107
0,250,15.5436,27.1523,0.802743,1.43045
0,250,15.5494,27.6482,0.890599,1.43627
0,250,15.5582,28.1421,1.01078,1.33425
0,250,15.5658,28.6364,1.11108,1.30093
0,250,15.5772,29.127,1.25761,1.1711
0,250,15.5868,29.6185,1.36277,1.12354
0,250,15.6009,30.1034,1.54315,0.949895
0,250,15.6123,30.5898,1.65243,0.820349
0,250,15.6281,31.0658,1.84616,0.611253
0,250,15.6406,31.5444,1.93633,0.412663
0,250,15.624,32.0132,1.63408,0.238023
0,250,16.0004,17.6686,0.00254033,1.81302
0,250,16.002,18.1692,0.0120431,1.81657
0,250,16.0035,18.6745,0.0205385,1.84336
0,250,16.0065,19.1744,0.0384566,1.84365
0,250,16.0076,19.677,0.0448093,1.8578
0,250,16.0094,20.1769,0.055612,1.85756
0,250,16.0098,20.6778,0.0585597,1.86118
0,250,16.0104,21.1778,0.062439,1.86188
0,250,16.0108,21.6764,0.0758693,1.71998
0,250,16.0117,22.1767,0.131919,1.7423
0,250,16.0122,22.6744,0.161363,1.78346
0,250,16.0139,23.1747,0.202905,1.74701
0,250,16.0151,23.6729,0.267429,1.75793
0,250,16.0178,24.1724,0.331386,1.69032
0,250,16.02,24.6706,0.395211,1.71294
0,250,16.0236,25.1694,0.453226,1.67086
0,250,16.0268,25.6676,0.529772,1.68573
0,250,16.0317,26.1659,0.619886,1.63527
0,250,16.0364,26.6635,0.715747,1.63413
0,250,16.0433,27.1611,0.823362,1.5785
0,250,16.0497,27.6578,0.931171,1.58258
0,250,16.0591,28.1546,1.05938,1.52547
0,250,16.0679,28.6494,1.19488,1.48873
0,250,16.0808,29.1454,1.36388,1.42488
0,250,16.0929,29.636,1.52939,1.36404
0,250,16.1103,30.1307,1.72335,1.26479
0,250,16.1263,30.6132,1.89754,1.12686
0,250,16.1475,31.1046,2.08428,0.910831
0,250,16.1623,31.5696,2.17271,0.617503
0,250,16.1527,32.0522,2.15289,0.211633
0,250,16.5014,17.6702,0.00790664,1.82187
0,250,16.5072,18.1709,0.0382566,1.82564
0,250,16.5088,18.676,0.047329,1.85186
0,250,16.5108,19.1757,0.0589588,1.85127
0,250,16.5114,19.6776,0.0620532,1.86144
0,250,16.5118,20.1775,0.0649308,1.86112
0,250,16.512,20.678,0.0660412,1.86326
0,250,16.512,21.1779,0.0675665,1.86322
0,250,16.5123,21.6771,0.0911178,1.77284
0,250,16.5133,22.1772,0.184408,1.78727
0,250,16.5139,22.6755,0.200894,1.79123
0,250,16.5164,23.1758,0.261108,1.78379
0,250,16.5172,23.6743,0.288919,1.79004
0,250,16.5207,24.1743,0.358706,1.74435
0,250,16.5223,24.6727,0.425479,1.75174
0,250,16.5272,25.1721,0.499584,1.72041
0,250,16.5299,25.6705,0.579098,1.73513
0,250,16.5364,26.1695,0.657641,1.69596
0,250,16.5403,26.6675,0.75639,1.69852
0,250,16.549,27.1659,0.857435,1.64654
0,250,16.5545,27.6632,0.974142,1.65478
0,250,16.5664,28.1607,1.09699,1.59244
0,250,16.5738,28.6568,1.22524,1.58607
0,250,16.5907,29.1524,1.40687,1.49615
0,250,16.5999,29.6461,1.53763,1.47123
0,250,16.6256,30.1373,1.8194,1.31929
0,250,16.636,30.6249,1.94632,1.2087
0,250,16.6777,31.1037,2.43315,0.854017
0,250,16.6902,31.5733,2.58011,0.664128
0,250,16.706,32.0152,1.89416,0.100947
0,250,17.0016,17.6764,0.00856081,1.85534
0,250,17.0078,18.1766,0.0420336,1.85599
0,250,17.0094,18.6776,0.0508758,1.86136
0,250,17.0112,19.1776,0.0611096,1.86142
0,250,17.0116,19.6779,0.0636744,1.86338
0,250,17.012,20.1779,0.0657814,1.86337
0,250,17.012,20.678,0.0663222,1.86383
0,250,17.0121,21.178,0.0665924,1.86376
0,250,17.0122,21.6779,0.0831734,1.84752
0,250,17.0128,22.1779,0.148096,1.84984
0,250,17.0134,22.6775,0.172171,1.84834
0,250,17.0154,23.1776,0.240886,1.84827
0,250,17.0163,23.6773,0.265057,1.84845
0,250,17.0194,24.1773,0.340633,1.84067
0,250,17.0209,24.6769,0.394257,1.8404
0,250,17.0255,25.1769,0.483533,1.83474
0,250,17.0279,25.6765,0.554671,1.83603
0,250,17.0344,26.1763,0.650345,1.82857
0,250,17.038,26.6758,0.743911,1.82723
0,250,17.0469,27.1756,0.860722,1.8164
0,250,17.0523,27.6748,0.987043,1.81531
0,250,17.0647,28.1744,1.12788,1.80095
0,250,17.0728,28.6733,1.29406,1.79639
0,250,17.0904,29.1725,1.47772,1.77408
0,250,17.1033,29.6707,1.70764,1.7618
0,250,17.1296,30.1688,1.96798,1.72495
0,250,17.152,30.6652,2.31752,1.68149
0,250,17.1954,31.1606,2.76346,1.60672
0,250,17.2389,31.6437,3.25366,0.601594
0,250,17.248,32.175,3.74822,-1.63447
1,250,1.5,1.5,0,0
1,250,1.5,2,0,0
1,250,32.5,1.5,0,0
1,250,33,1.5,0,0
1,250,2.5,32.5,0,0
1,250,2.5,33,0,0
1,250,1.5,2.5,0,0
1,250,2,2.5,0,0
1,250,2,1.5,0,0
1,250,2,2,0,0
1,250,32.5,2,0,0
1,250,33,2,0,0
1,250,3,32.5,0,0
1,250,3,33,0,0
1,250,1.5,3,0,0
1,250,2,3,0,0
1,250,2.5,1.5,0,0
1,250,2.5,2,0,0
1,250,32.5,2.5,0,0
1,250,33,2.5,0,0
1,250,3.5,32.5,0,0
1,250,3.5,33,0,0
1,250,1.5,3.5,0,0
1,250,2,3.5,0,0
1,250,3,1.5,0,0
1,250,3,2,0,0
1,250,32.5,3,0,0
1,250,33,3,0,0
1,250,4,32.5,0,0
1,250,4,33,0,0
1,250,1.5,4,0,0
1,250,2,4,0,0
1,250,3.5,1.5,0,0
1,250,3.5,2,0,0
1,250,32.5,3.5,0,0
1,250,33,3.5,0,0
1,250,4.5,32.5,0,0
1,250,4.5,33,0,0
1,250,1.5,4.5,0,0
1,250,2,4.5,0,0
1,250,4,1.5,0,0
1,250,4,2,0,0
1,250,32.5,4,0,0
1,250,33,4,0,0
1,250,5,32.5,0,0
1,250,5,33,0,0
1,250,1.5,5,0,0
1,250,2,5,0,0
1,250,4.5,1.5,0,0
1,250,4.5,2,0,0
1,250,32.5,4.5,0,0
1,250,33,4.5,0,0
1,250,5.5,32.5,0,0
1,250,5.5,33,0,0
1,250,1.5,5.5,0,0
1,250,2,5.5,0,0
1,250,5,1.5,0,0
1,250,5,2,0,0
1,250,32.5,5,0,0
1,250,33,5,0,0
1,250,6,32.5,0,0
1,250,6,33,0,0
1,250,1.5,6,0,0
1,250,2,6,0,0
1,250,5.5,1.5,0,0
1,250,5.5,2,0,0
1,250,32.5,5.5,0,0
1,250,33,5.5,0,0
1,250,6.5,32.5,0,0
1,250,6.5,33,0,0
1,250,1.5,6.5,0,0
1,250,2,6.5,0,0
1,250,6,1.5,0,0
1,250,6,2,0,0
1,250,32.5,6,0,0
1,250,33,6,0,0
1,250,7,32.5,0,0
1,250,7,33,0,0
1,250,1.5,7,0,0
1,250,2,7,0,0
1,250,6.5,1.5,0,0
1,250,6.5,2,0,0
1,250,32.5,6.5,0,0
1,250,33,6.5,0,0
1,250,7.5,32.5,0,0
1,250,7.5,33,0,0
1,250,1.5,7.5,0,0
1,250,2,7.5,0,0
1,250,7,1.5,0,0
1,250,7,2,0,0
1,250,32.5,7,0,0
1,250,33,7,0,0
1,250,8,32.5,0,0
1,250,8,33,0,0
1,250,1.5,8,0,0
1,250,2,8,0,0
1,250,7.5,1.5,0,0
1,250,7.5,2,0,0
1,250,32.5,7.5,0,0
1,250,33,7.5,0,0
1,250,8.5,32.5,0,0
1,250,8.5,33,0,0
1,250,1.5,8.5,0,0
1,250,2,8.5,0,0
1,250,8,1.5,0,0
1,250,8,2,0,0
1,250,32.5,8,0,0
1,250,33,8,0,0
1,250,9,32.5,0,0
1,250,9,33,0,0
1,250,1.5,9,0,0
1,250,2,9,0,0
1,250,8.5,1.5,0,0
1,250,8.5,2,0,0
1,250,32.5,8.5,0,0
1,250,33,8.5,0,0
1,250,9.5,32.5,0,0
1,250,9.5,33,0,0
1,250,1.5,9.5,0,0
1,250,2,9.5,0,0
1,250,9,1.5,0,0
1,250,9,2,0,0
1,250,32.5,9,0,0
1,250,33,9,0,0
1,250,10,32.5,0,0
1,250,10,33,0,0
1,250,1.5,10,0,0
1,250,2,10,0,0
1,250,9.5,1.5,0,0
1,250,9.5,2,0,0
1,250,32.5,9.5,0,0
1,250,33,9.5,0,0
1,250,10.5,32.5,0,0
1,250,10.5,33,0,0
1,250,1.5,10.5,0,0
1,250,2,10.5,0,0
1,250,10,1.5,0,0
1,250,10,2,0,0
1,250,32.5,10,0,0
1,250,33,10,0,0
1,250,11,32.5,0,0
1,250,11,33,0,0
1,250,1.5,11,0,0
1,250,2,11,0,0
1,250,10.5,1.5,0,0
1,250,10.5,2,0,0
1,250,32.5,10.5,0,0
1,250,33,10.5,0,0
1,250,11.5,32.5,0,0
1,250,11.5,33,0,0
1,250,1.5,11.5,0,0
1,250,2,11.5,0,0
1,250,11,1.5,0,0
1,250,11,2,0,0
1,250,32.5,11,0,0
1,250,33,11,0,0
1,250,12,32.5,0,0
1,250,12,33,0,0
1,250,1.5,12,0,0
1,250,2,12,0,0
1,250,11.5,1.5,0,0
1,250,11.5,2,0,0
1,250,32.5,11.5,0,0
1,250,33,11.5,0,0
1,250,12.5,32.5,0,0
1,250,12.5,33,0,0
1,250,1.5,12.5,0,0
1,250,2,12.5,0,0
1,250,12,1.5,0,0
1,250,12,2,0,0
1,250,32.5,12,0,0
1,250,33,12,0,0
1,250,13,32.5,0,0
1,250,13,33,0,0
1,250,1.5,13,0,0
1,250,2,13,0,0
1,250,12.5,1.5,0,0
1,250,12.5,2,0,0
1,250,32.5,12.5,0,0
1,250,33,12.5,0,0
1,250,13.5,32.5,0,0
1,250,13.5,33,0,0
1,250,1.5,13.5,0,0
1,250,2,13.5,0,0
1,250,13,1.5,0,0
1,250,13,2,0,0
1,250,32.5,13,0,0
1,250,33,13,0,0
1,250,14,32.5,0,0
1,250,14,33,0,0
1,250,1.5,14,0,0
1,250,2,14,0,0
1,250,13.5,1.5,0,0
1,250,13.5,2,0,0
1,250,32.5,13.5,0,0
1,250,33,13.5,0,0
1,250,14.5,32.5,0,0
1,250,14.5,33,0,0
1,250,1.5,14.5,0,0
1,250,2,14.5,0,0
1,250,14,1.5,0,0
1,250,14,2,0,0
1,250,32.5,14,0,0
1,250,33,14,0,0
1,250,15,32.5,0,0
1,250,15,33,0,0
1,250,1.5,15,0,0
1,250,2,15,0,0
1,250,14.5,1.5,0,0
1,250,14.5,2,0,0
1,250,32.5,14.5,0,0
1,250,33,14.5,0,0
1,250,15.5,32.5,0,0
1,250,15.5,33,0,0
1,250,1.5,15.5,0,0
1,250,2,15.5,0,0
1,250,15,1.5,0,0
1,250,15,2,0,0
1,250,32.5,15,0,0
1,250,33,15,0,0
1,250,16,32.5,0,0
1,250,16,33,0,0
1,250,1.5,16,0,0
1,250,2,16,0,0
1,250,15.5,1.5,0,0
1,250,15.5,2,0,0
1,250,32.5,15.5,0,0
1,250,33,15.5,0,0
1,250,16.5,32.5,0,0
1,250,16.5,33,0,0
1,250,1.5,16.5,0,0
1,250,2,16.5,0,0
1,250,16,1.5,0,0
1,250,16,2,0,0
1,250,32.5,16,0,0
1,250,33,16,0,0
1,250,17,32.5,0,0
1,250,17,33,0,0
1,250,1.5,17,0,0
1,250,2,17,0,0
1,250,16.5,1.5,0,0
1,250,16.5,2,0,0
1,250,32.5,16.5,0,0
1,250,33,16.5,0,0
1,250,17.5,32.5,0,0
1,250,17.5,33,0,0
1,250,1.5,17.5,0,0
1,250,2,17.5,0,0
1,250,17,1.5,0,0
1,250,17,2,0,0
1,250,32.5,17,0,0
1,250,33,17,0,0
1,250,18,32.5,0,0
1,250,18,33,0,0
1,250,1.5,18,0,0
1,250,2,18,0,0
1,250,17.5,1.5,0,0
1,250,17.5,2,0,0
1,250,32.5,17.5,0,0
1,250,33,17.5,0,0
1,250,18.5,32.5,0,0
1,250,18.5,33,0,0
1,250,1.5,18.5,0,0
1,250,2,18.5,0,0
1,250,18,1.5,0,0
1,250,18,2,0,0
1,250,32.5,18,0,0
1,250,33,18,0,0
1,250,19,32.5,0,0
1,250,19,33,0,0
1,250,1.5,19,0,0
1,250,2,19,0,0
1,250,18.5,1.5,0,0
1,250,18.5,2,0,0
1,250,32.5,18.5,0,0
1,250,33,18.5,0,0
1,250,19.5,32.5,0,0
1,250,19.5,33,0,0
1,250,1.5,19.5,0,0
1,250,2,19.5,0,0
1,250,19,1.5,0,0
1,250,19,2,0,0
1,250,32.5,19,0,0
1,250,33,19,0,0
1,250,20,32.5,0,0
1,250,20,33,0,0
1,250,1.5,20,0,0
1,250,2,20,0,0
1,250,19.5,1.5,0,0
1,250,19.5,2,0,0
1,250,32.5,19.5,0,0
1,250,33,19.5,0,0
1,250,20.5,32.5,0,0
1,250,20.5,33,0,0
1,250,1.5,20.5,0,0
1,250,2,20.5,0,0
1,250,20,1.5,0,0
1,250,20,2,0,0
1,250,32.5,20,0,0
1,250,33,20,0,0
1,250,21,32.5,0,0
1,250,21,33,0,0
1,250,1.5,21,0,0
1,250,2,21,0,0
1,250,20.5,1.5,0,0
1,250,20.5,2,0,0
1,250,32.5,20.5,0,0
1,250,33,20.5,0,0
1,250,21.5,32.5,0,0
1,250,21.5,33,0,0
1,250,1.5,21.5,0,0
1,250,2,21.5,0,0
1,250,21,1.5,0,0
1,250,21,2,0,0
1,250,32.5,21,0,0
1,250,33,21,0,0
1,250,22,32.5,0,0
1,250,22,33,0,0
1,250,1.5,22,0,0
1,250,2,22,0,0
1,250,21.5,1.5,0,0
1,250,21.5,2,0,0
1,250,32.5,21.5,0,0
1,250,33,21.5,0,0
1,250,22.5,32.5,0,0
1,250,22.5,33,0,0
1,250,1.5,22.5,0,0
1,250,2,22.5,0,0
1,250,22,1.5,0,0
1,250,22,2,0,0
1,250,32.5,22,0,0
1,250,33,22,0,0
1,250,23,32.5,0,0
1,250,23,33,0,0
1,250,1.5,23,0,0
1,250,2,23,0,0
1,250,22.5,1.5,0,0
1,250,22.5,2,0,0
1,250,32.5,22.5,0,0
1,250,33,22.5,0,0
1,250,23.5,32.5,0,0
1,250,23.5,33,0,0
1,250,1.5,23.5,0,0
1,250,2,23.5,0,0
1,250,23,1.5,0,0
1,250,23,2,0,0
1,250,32.5,23,0,0
1,250,33,23,0,0
1,250,24,32.5,0,0
1,250,24,33,0,0
1,250,1.5,24,0,0
1,250,2,24,0,0
1,250,23.5,1.5,0,0
1,250,23.5,2,0,0
1,250,32.5,23.5,0,0
1,250,33,23.5,0,0
1,250,24.5,32.5,0,0
1,250,24.5,33,0,0
1,250,1.5,24.5,0,0
1,250,2,24.5,0,0
1,250,24,1.5,0,0
1,250,24,2,0,0
1,250,32.5,24,0,0
1,250,33,24,0,0
1,250,25,32.5,0,0
1,250,25,33,0,0
1,250,1.5,25,0,0
1,250,2,25,0,0
1,250,24.5,1.5,0,0
1,250,24.5,2,0,0
1,250,32.5,24.5,0,0
1,250,33,24.5,0,0
1,250,25.5,32.5,0,0
1,250,25.5,33,0,0
1,250,1.5,25.5,0,0
1,250,2,25.5,0,0
1,250,25,1.5,0,0
1,250,25,2,0,0
1,250,32.5,25,0,0
1,250,33,25,0,0
1,250,26,32.5,0,0
1,250,26,33,0,0
1,250,1.5,26,0,0
1,250,2,26,0,0
1,250,25.5,1.5,0,0
1,250,25.5,2,0,0
1,250,32.5,25.5,0,0
1,250,33,25.5,0,0
1,250,26.5,32.5,0,0
1,250,26.5,33,0,0
1,250,1.5,26.5,0,0
1,250,2,26.5,0,0
1,250,26,1.5,0,0
1,250,26,2,0,0
1,250,32.5,26,0,0
1,250,33,26,0,0
1,250,27,32.5,0,0
1,250,27,33,0,0
1,250,1.5,27,0,0
1,250,2,27,0,0
1,250,26.5,1.5,0,0
1,250,26.5,2,0,0
1,250,32.5,26.5,0,0
1,250,33,26.5,0,0
1,250,27.5,32.5,0,0
1,250,27.5,33,0,0
1,250,1.5,27.5,0,0
1,250,2,27.5,0,0
1,250,27,1.5,0,0
1,250,27,2,0,0
1,250,32.5,27,0,0
1,250,33,27,0,0
1,250,28,32.5,0,0
1,250,28,33,0,0
1,250,1.5,28,0,0
1,250,2,28,0,0
1,250,27.5,1.5,0,0
1,250,27.5,2,0,0
1,250,32.5,27.5,0,0
1,250,33,27.5,0,0
1,250,28.5,32.5,0,0
1,250,28.5,33,0,0
1,250,1.5,28.5,0,0
1,250,2,28.5,0,0
1,250,28,1.5,0,0
1,250,28,2,0,0
1,250,32.5,28,0,0
1,250,33,28,0,0
1,250,29,32.5,0,0
1,250,29,33,0,0
1,250,1.5,29,0,0
1,250,2,29,0,0
1,250,28.5,1.5,0,0
1,250,28.5,2,0,0
1,250,32.5,28.5,0,0
1,250,33,28.5,0,0
1,250,29.5,32.5,0,0
1,250,29.5,33,0,0
1,250,1.5,29.5,0,0
1,250,2,29.5,0,0
1,250,29,1.5,0,0
1,250,29,2,0,0
1,250,32.5,29,0,0
1,250,33,29,0,0
1,250,30,32.5,0,0
1,250,30,33,0,0
1,250,1.5,30,0,0
1,250,2,30,0,0
1,250,29.5,1.5,0,0
1,250,29.5,2,0,0
1,250,32.5,29.5,0,0
1,250,33,29.5,0,0
1,250,30.5,32.5,0,0
1,250,30.5,33,0,0
1,250,1.5,30.5,0,0
1,250,2,30.5,0,0
1,250,30,1.5,0,0
1,250,30,2,0,0
1,250,32.5,30,0,0
1,250,33,30,0,0
1,250,31,32.5,0,0
1,250,31,33,0,0
1,250,1.5,31,0,0
1,250,2,31,0,0
1,250,30.5,1.5,0,0
1,250,30.5,2,0,0
1,250,32.5,30.5,0,0
1,250,33,30.5,0,0
1,250,31.5,32.5,0,0
1,250,31.5,33,0,0
1,250,1.5,31.5,0,0
1,250,2,31.5,0,0
1,250,31,1.5,0,0
1,250,31,2,0,0
1,250,32.5,31,0,0
1,250,33,31,0,0
1,250,32,32.5,0,0
1,250,32,33,0,0
1,250,1.5,32,0,0
1,250,2,32,0,0
1,250,31.5,1.5,0,0
1,250,31.5,2,0,0
1,250,32.5,31.5,0,0
1,250,33,31.5,0,0
1,250,32.5,32.5,0,0
1,250,32.5,33,0,0
1,250,1.5,32.5,0,0
1,250,2,32.5,0,0
1,250,32,1.5,0,0
1,250,32,2,0,0
1,250,32.5,32,0,0
1,250,33,32,0,0
1,250,33,32.5,0,0
1,250,33,33,0,0
1,250,1.5,33,0,0
1,250,2,33,0,0
