916 2 0.5 250000 0 2 0 0.0001 0 9.81 45 45
0,40,2.49908,12.7784,-0.00649161,2.52686
0,40,2.50091,13.2784,0.00632225,2.52725
0,40,2.49947,13.7801,-0.00476228,2.53479
0,40,2.5,14.2801,-0.000503174,2.53476
0,40,2.49913,14.7813,-0.0086244,2.54095
0,40,2.49924,15.2813,-0.00797166,2.54115
0,40,2.49873,15.7821,-0.0139099,2.5462
0,40,2.4987,16.2821,-0.0145116,2.54562
0,40,2.49843,16.7825,-0.0175741,2.54426
0,40,2.49852,17.2826,-0.0109095,2.54464
0,40,2.4984,17.7829,-0.0131423,2.54928
0,40,2.49843,18.2829,-0.0104719,2.54998
0,40,2.49837,18.7831,-0.0122906,2.55593
0,40,2.49837,19.2831,-0.0120689,2.55636
0,40,2.49835,19.7832,-0.0130664,2.55979
0,40,2.49835,20.2832,-0.0130756,2.55992
0,40,2.49835,20.7832,-0.0133517,2.56089
0,40,2.49835,21.2832,-0.0133622,2.56092
0,40,2.49835,21.7832,-0.0134206,2.56107
0,40,2.49835,22.2832,-0.0134277,2.56107
0,40,2.49834,22.7832,-0.0135104,2.56083
0,40,2.49834,23.2832,-0.0135584,2.56071
0,40,2.49834,23.7832,-0.0141844,2.55855
0,40,2.49833,24.2832,-0.0145562,2.55743
0,40,2.49829,24.783,-0.0185581,2.54363
0,40,2.49826,25.2829,-0.0207797,2.53537
0,40,2.49797,25.7819,-0.0396864,2.47118
0,40,2.49783,26.2813,-0.0492457,2.42363
0,40,2.49661,26.7772,-0.110383,2.22623
0,40,2.49609,27.2741,-0.135176,2.03362
0,40,2.49244,27.7625,-0.251049,1.70688
0,40,2.49158,28.2518,-0.266372,1.2562
0,40,2.48473,28.7321,-0.335483,1.12928
0,40,2.48563,29.2094,-0.276632,0.681983
0,40,2.47862,29.6906,-0.139568,0.881016
0,40,2.48437,30.1608,-0.138166,0.808588
0,40,2.48003,30.645,0.108893,0.706569
0,40,2.4908,31.1123,-0.0488394,0.760086
0,40,2.48382,31.5875,0.226436,0.390531
0,40,2.50531,32.0491,0.193534,0.386961
0,40,3.00004,12.7775,0.000297422,2.52052
0,40,3.00021,13.2777,0.00155064,2.52184
0,40,3.00014,13.7791,0.000937037,2.52574
0,40,2.99971,14.2792,-0.00276315,2.52658
0,40,2.99959,14.7806,-0.00387531,2.53276
0,40,2.99912,15.2805,-0.00896608,2.53276
0,40,2.99904,15.7816,-0.0100152,2.53941
0,40,2.99868,16.2816,-0.0146231,2.53887
0,40,2.99864,16.7823,-0.0132837,2.54355
0,40,2.99852,17.2823,-0.0114221,2.5432
0,40,2.99853,17.7827,-0.00944428,2.54678
0,40,2.99847,18.2827,-0.010015,2.54662
0,40,2.99846,18.783,-0.0094655,2.55345
0,40,2.99844,19.283,-0.0108767,2.55306
0,40,2.99843,19.7831,-0.0110109,2.55813
0,40,2.99842,20.2831,-0.0114848,2.55798
0,40,2.99842,20.7831,-0.0115667,2.55948
0,40,2.99842,21.2831,-0.0116667,2.55945
0,40,2.99842,21.7831,-0.0116915,2.5597
0,40,2.99842,22.2831,-0.0117237,2.55969
0,40,2.99842,22.7831,-0.0117694,2.5593
0,40,2.99842,23.2831,-0.0119441,2.55922
0,40,2.99842,23.783,-0.0122663,2.55574
0,40,2.9984,24.283,-0.0136142,2.55482
0,40,2.99838,24.7828,-0.0154763,2.53341
0,40,2.99828,25.2827,-0.0233407,2.5251
0,40,2.99815,25.7812,-0.0312681,2.43106
0,40,2.99763,26.2805,-0.0626641,2.37501
0,40,2.99714,26.7747,-0.0867591,2.11297
0,40,2.99535,27.2709,-0.155572,1.86599
0,40,2.99399,27.7558,-0.204175,1.50887
0,40,2.99062,28.2421,-0.227081,0.938355
0,40,2.98816,28.7191,-0.27778,0.876271
0,40,2.98659,29.191,-0.12457,0.389886
0,40,2.98392,29.6688,-0.138429,0.441984
0,40,2.98783,30.1353,-0.0107386,0.477037
0,40,2.98532,30.6097,-0.0233306,0.0520029
0,40,2.99302,31.0787,0.0175193,0.236116
0,40,2.98609,31.5478,-0.0802169,-0.00414869
0,40,3.0106,32.0175,0.206917,0.347974
0,40,3.50005,12.7777,0.00036178,2.52196
0,40,3.5002,13.2777,0.00155366,2.52232
0,40,3.5001,13.779,0.000810723,2.52477
0,40,3.50008,14.2791,0.000616508,2.52578
0,40,3.49988,14.7803,-0.00139827,2.53058
0,40,3.49968,15.2804,-0.00383644,2.53107
0,40,3.4995,15.7814,-0.00625206,2.53703
0,40,3.49928,16.2814,-0.00983625,2.53708
0,40,3.49917,16.7822,-0.0120686,2.543
0,40,3.49901,17.2822,-0.01575,2.54281
0,40,3.49896,17.7827,-0.0172013,2.54623
0,40,3.49889,18.2827,-0.01895,2.546
0,40,3.49888,18.783,-0.0196311,2.55283
0,40,3.49886,19.2829,-0.0206028,2.55227
0,40,3.49885,19.7831,-0.0208833,2.55795
0,40,3.49885,20.2831,-0.0212124,2.55768
0,40,3.49884,20.7831,-0.0212942,2.55945
0,40,3.49884,21.2831,-0.0213678,2.55939
0,40,3.49884,21.7831,-0.0213886,2.55969
0,40,3.49884,22.2831,-0.021414,2.55967
0,40,3.49884,22.7831,-0.0214505,2.55918
0,40,3.49884,23.2831,-0.0215867,2.55913
0,40,3.49884,23.783,-0.0218472,2.55488
0,40,3.49883,24.283,-0.022856,2.55404
0,40,3.49881,24.7827,-0.0244263,2.52882
0,40,3.49874,25.2826,-0.0299781,2.51973
0,40,3.49863,25.7809,-0.0373251,2.41498
0,40,3.49828,26.2802,-0.0575772,2.34903
0,40,3.49782,26.7738,-0.0836199,2.08335
0,40,3.49674,27.2694,-0.121754,1.79617
0,40,3.49526,27.7544,-0.182771,1.49798
0,40,3.49356,28.2388,-0.188933,0.891869
0,40,3.49053,28.7183,-0.250798,0.901159
0,40,3.49004,29.1889,-0.183677,0.509117
0,40,3.48678,29.6695,-0.159626,0.43951
0,40,3.48886,30.1379,-0.0972574,0.613244
0,40,3.48728,30.612,-0.0430597,0.103715
0,40,3.49174,31.0843,0.0559215,0.305449
0,40,3.49182,31.5523,0.0494176,0.0873416
0,40,3.49848,32.0275,0.171393,0.221342
0,40,4,12.7777,3.57976e-05,2.52234
0,40,4.00002,13.2777,0.00019018,2.52246
0,40,4.00001,13.7789,6.75496e-05,2.5239
0,40,3.99993,14.2789,-0.000810262,2.52442
0,40,3.99981,14.7801,-0.00202848,2.52755
0,40,3.99962,15.2801,-0.00454241,2.52814
0,40,3.99948,15.7812,-0.00645756,2.53319
0,40,3.99929,16.2812,-0.00978242,2.53352
0,40,3.99918,16.7821,-0.011781,2.53936
0,40,3.99905,17.2821,-0.0149992,2.53944
0,40,3.999,17.7826,-0.0163047,2.54475
0,40,3.99895,18.2826,-0.0173866,2.54461
0,40,3.99893,18.7829,-0.0180249,2.55211
0,40,3.99892,19.2829,-0.0187373,2.55162
0,40,3.99892,19.7831,-0.0190485,2.55771
0,40,3.99891,20.283,-0.0192743,2.55748
0,40,3.99891,20.7831,-0.0193545,2.5594
0,40,3.99891,21.2831,-0.0194057,2.55934
0,40,3.99891,21.7831,-0.0194237,2.55967
0,40,3.99891,22.2831,-0.0194424,2.55966
0,40,3.99891,22.7831,-0.0194717,2.5591
0,40,3.99891,23.2831,-0.0195712,2.55903
0,40,3.99891,23.783,-0.0197861,2.5543
0,40,3.9989,24.283,-0.0205001,2.55318
0,40,3.99888,24.7827,-0.0218476,2.52574
0,40,3.99883,25.2826,-0.0256511,2.51437
0,40,3.99874,25.7807,-0.0321477,2.40388
0,40,3.99851,26.2798,-0.0458087,2.32638
0,40,3.99811,26.7732,-0.0680518,2.05758
0,40,3.9974,27.2681,-0.0963963,1.74517
0,40,3.99622,27.753,-0.139035,1.46005
0,40,3.99488,28.2365,-0.162768,0.868567
0,40,3.99299,28.7163,-0.176392,0.879059
0,40,3.9917,29.1875,-0.161407,0.579917
0,40,3.99079,29.6683,-0.106007,0.492614
0,40,3.99081,30.1385,-0.043646,0.661535
0,40,3.99123,30.6133,-0.0366684,0.191083
0,40,3.99366,31.0849,0.0397751,0.310325
0,40,3.99355,31.5566,-0.00401466,0.165822
0,40,3.99763,32.0291,0.0417964,0.34601
0,40,4.5,12.7778,4.12573e-05,2.52251
0,40,4.50002,13.2778,0.000197412,2.52259
0,40,4.50002,13.7789,0.000213803,2.52388
0,40,4.50003,14.2789,0.000271515,2.52421
0,40,4.49999,14.78,-0.000215365,2.52667
0,40,4.49989,15.2801,-0.00149436,2.52712
0,40,4.49981,15.7811,-0.00278332,2.53157
0,40,4.49968,16.2811,-0.00548394,2.53191
0,40,4.4996,16.782,-0.00721186,2.53762
0,40,4.4995,17.282,-0.0103834,2.53776
0,40,4.49945,17.7826,-0.0119638,2.54385
0,40,4.49941,18.2826,-0.0143541,2.54377
0,40,4.49939,18.7829,-0.0152908,2.5515
0,40,4.49939,19.2829,-0.0158901,2.55115
0,40,4.49938,19.783,-0.016162,2.55751
0,40,4.49938,20.283,-0.0163184,2.55735
0,40,4.49938,20.7831,-0.0163823,2.55936
0,40,4.49938,21.2831,-0.0164174,2.55931
0,40,4.49938,21.7831,-0.0164312,2.55966
0,40,4.49938,22.2831,-0.0164445,2.55964
0,40,4.49938,22.7831,-0.0164662,2.55905
0,40,4.49938,23.2831,-0.0165363,2.55893
0,40,4.49938,23.783,-0.0166972,2.55392
0,40,4.49937,24.283,-0.0171877,2.55244
0,40,4.49936,24.7826,-0.0182046,2.52374
0,40,4.49933,25.2825,-0.0207703,2.51018
0,40,4.49926,25.7806,-0.0256291,2.39619
0,40,4.49911,26.2795,-0.0349646,2.3107
0,40,4.49882,26.7728,-0.0509356,2.03724
0,40,4.49834,27.2673,-0.0723192,1.71343
0,40,4.49755,27.752,-0.101525,1.42897
0,40,4.49656,28.2351,-0.125402,0.850535
0,40,4.4953,28.715,-0.142018,0.879271
0,40,4.49423,29.1865,-0.135164,0.601109
0,40,4.49321,29.6682,-0.126201,0.547848
0,40,4.49312,30.1385,-0.0825619,0.695312
0,40,4.49264,30.6145,-0.0618771,0.209453
0,40,4.49339,31.0864,-0.0292756,0.345699
0,40,4.49358,31.5571,-0.00338462,0.161888
0,40,4.49472,32.0298,0.0200642,0.305129
0,40,5,12.7778,1.63381e-06,2.52255
0,40,5,13.2778,8.58973e-06,2.52261
0,40,5,13.7789,-1.92476e-05,2.52376
0,40,4.99998,14.2789,-0.00018191,2.52393
0,40,4.99995,14.7799,-0.000644526,2.52521
0,40,4.99986,15.2799,-0.00188048,2.52558
0,40,4.9998,15.781,-0.0029292,2.52882
0,40,4.99969,16.281,-0.0051171,2.52921
0,40,4.99963,16.7819,-0.00641359,2.53453
0,40,4.99956,17.2819,-0.00865341,2.53477
0,40,4.99952,17.7826,-0.00975457,2.54149
0,40,4.9995,18.2826,-0.0112398,2.54145
0,40,4.99948,18.7829,-0.0118634,2.55098
0,40,4.99948,19.2829,-0.0122783,2.55072
0,40,4.99948,19.783,-0.0124767,2.55736
0,40,4.99947,20.283,-0.0125694,2.55726
0,40,4.99947,20.7831,-0.0126128,2.55932
0,40,4.99947,21.2831,-0.012633,2.5593
0,40,4.99947,21.7831,-0.0126421,2.55965
0,40,4.99947,22.2831,-0.01265,2.55963
0,40,4.99947,22.7831,-0.012664,2.55901
0,40,4.99947,23.2831,-0.0127052,2.55885
0,40,4.99947,23.783,-0.0128096,2.55369
0,40,4.99947,24.283,-0.0130927,2.5519
0,40,4.99946,24.7826,-0.0137518,2.52248
0,40,4.99944,25.2825,-0.0152317,2.50727
0,40,4.9994,25.7805,-0.0183371,2.39105
0,40,4.99931,26.2794,-0.0238956,2.30016
0,40,4.99914,26.7725,-0.0339355,2.02272
0,40,4.99885,27.2668,-0.0475804,1.69051
0,40,4.99836,27.7513,-0.0666834,1.40587
0,40,4.99774,28.2341,-0.0832196,0.828628
0,40,4.99691,28.714,-0.097983,0.870759
0,40,4.99619,29.1854,-0.0965432,0.61008
0,40,4.99547,29.6675,-0.0854171,0.56394
0,40,4.99518,30.1382,-0.0651353,0.734692
0,40,4.99519,30.6144,-0.0348571,0.243234
0,40,4.99544,31.0866,-0.00949012,0.369294
0,40,4.99568,31.5575,-0.00314951,0.193884
0,40,4.99668,32.0298,0.00073468,0.34267
0,40,5.5,12.7778,2.43931e-06,2.52256
0,40,5.5,13.2778,1.23473e-05,2.52262
0,40,5.5,13.7789,2.48132e-05,2.52379
0,40,5.50001,14.2789,6.01519e-05,2.5239
0,40,5.5,14.7799,-2.10615e-05,2.52498
0,40,5.49998,15.2799,-0.00030316,2.52526
0,40,5.49996,15.7809,-0.000723679,2.52826
0,40,5.49991,16.281,-0.00172205,2.52861
0,40,5.49989,16.7819,-0.00241497,2.53403
0,40,5.49985,17.2819,-0.00374497,2.53427
0,40,5.49983,17.7825,-0.004398,2.54133
0,40,5.49982,18.2825,-0.005326,2.54134
0,40,5.49982,18.7829,-0.00570067,2.55068
0,40,5.49981,19.2829,-0.00590676,2.5505
0,40,5.49981,19.783,-0.00600215,2.55727
0,40,5.49981,20.283,-0.00604991,2.55721
0,40,5.49981,20.7831,-0.00607151,2.5593
0,40,5.49981,21.2831,-0.00608172,2.55929
0,40,5.49981,21.7831,-0.0060863,2.55964
0,40,5.49981,22.2831,-0.00609025,2.55963
0,40,5.49981,22.7831,-0.00609726,2.559
0,40,5.49981,23.2831,-0.0061178,2.55881
0,40,5.49981,23.783,-0.00616993,2.55356
0,40,5.49981,24.283,-0.00631118,2.55158
0,40,5.49981,24.7826,-0.00663793,2.52176
0,40,5.4998,25.2824,-0.00738364,2.50564
0,40,5.49978,25.7805,-0.0089054,2.38804
0,40,5.49973,26.2793,-0.0117491,2.29424
0,40,5.49965,26.7723,-0.0166723,2.01418
0,40,5.4995,27.2665,-0.0236554,1.67721
0,40,5.49927,27.7509,-0.033446,1.39203
0,40,5.49897,28.2335,-0.0421014,0.816033
0,40,5.49856,28.7135,-0.0503639,0.863357
0,40,5.49819,29.1849,-0.0527737,0.617114
0,40,5.49783,29.6671,-0.048917,0.576928
0,40,5.4976,30.1382,-0.0417375,0.751653
0,40,5.49745,30.6146,-0.0353615,0.262584
0,40,5.49744,31.0869,-0.027436,0.380243
0,40,5.49737,31.5576,-0.0238634,0.189877
0,40,5.49766,32.03,-0.0238684,0.320714
0,40,6,12.7778,-4.44683e-16,2.52256
0,40,6,13.2778,-2.12296e-15,2.52262
0,40,6,13.7789,-1.61781e-14,2.52377
0,40,6,14.2789,-6.92271e-14,2.52387
0,40,6,14.7799,-7.38539e-14,2.52463
0,40,6,15.2799,-9.38678e-14,2.52486
0,40,6,15.7809,-5.427e-14,2.52719
0,40,6,16.2809,-1.02783e-13,2.52757
0,40,6,16.7818,-1.16427e-13,2.53252
0,40,6,17.2818,8.91538e-14,2.53281
0,40,6,17.7825,8.13905e-14,2.54008
0,40,6,18.2825,2.19119e-13,2.54008
0,40,6,18.7829,1.29072e-13,2.55056
0,40,6,19.2829,9.4309e-14,2.55041
0,40,6,19.783,-7.78832e-14,2.55723
0,40,6,20.283,9.09186e-14,2.5572
0,40,6,20.7831,1.64283e-14,2.55929
0,40,6,21.2831,7.57755e-14,2.55928
0,40,6,21.7831,1.52599e-13,2.55964
0,40,6,22.2831,1.57715e-13,2.55962
0,40,6,22.7831,3.54776e-13,2.55899
0,40,6,23.2831,3.48478e-13,2.55879
0,40,6,23.783,2.87338e-13,2.55352
0,40,6,24.283,2.54047e-13,2.55147
0,40,6,24.7826,-1.90787e-15,2.52154
0,40,6,25.2824,-6.87292e-14,2.50509
0,40,6,25.7805,6.22661e-15,2.38713
0,40,6,26.2793,-9.56531e-14,2.29227
0,40,6,26.7723,1.01953e-13,2.0116
0,40,6,27.2664,1.70996e-13,1.67269
0,40,6,27.7508,2.35492e-13,1.38749
0,40,6,28.2333,8.51072e-14,0.811349
0,40,6,28.7133,5.11713e-14,0.859451
0,40,6,29.1847,3.65601e-14,0.616432
0,40,6,29.6669,-2.03922e-13,0.578305
0,40,6,30.138,-3.54028e-13,0.75456
0,40,6,30.6144,-8.95938e-14,0.265184
0,40,6,31.0868,-3.2739e-14,0.384718
0,40,6,31.5575,-4.47109e-13,0.193219
0,40,6,32.0297,-2.48775e-13,0.3253
0,40,6.5,12.7778,-2.43931e-06,2.52256
0,40,6.5,13.2778,-1.23473e-05,2.52262
0,40,6.5,13.7789,-2.48132e-05,2.52379
0,40,6.49999,14.2789,-6.01519e-05,2.5239
0,40,6.5,14.7799,2.10615e-05,2.52498
0,40,6.50002,15.2799,0.00030316,2.52526
0,40,6.50004,15.7809,0.000723679,2.52826
0,40,6.50009,16.281,0.00172205,2.52861
0,40,6.50011,16.7819,0.00241497,2.53403
0,40,6.50015,17.2819,0.00374497,2.53427
0,40,6.50017,17.7825,0.004398,2.54133
0,40,6.50018,18.2825,0.005326,2.54134
0,40,6.50018,18.7829,0.00570067,2.55068
0,40,6.50019,19.2829,0.00590676,2.5505
0,40,6.50019,19.783,0.00600215,2.55727
0,40,6.50019,20.283,0.00604991,2.55721
0,40,6.50019,20.7831,0.00607151,2.5593
0,40,6.50019,21.2831,0.00608172,2.55929
0,40,6.50019,21.7831,0.0060863,2.55964
0,40,6.50019,22.2831,0.00609025,2.55963
0,40,6.50019,22.7831,0.00609726,2.559
0,40,6.50019,23.2831,0.0061178,2.55881
0,40,6.50019,23.783,0.00616993,2.55356
0,40,6.50019,24.283,0.00631118,2.55158
0,40,6.50019,24.7826,0.00663793,2.52176
0,40,6.5002,25.2824,0.00738364,2.50564
0,40,6.50022,25.7805,0.0089054,2.38804
0,40,6.50027,26.2793,0.0117491,2.29424
0,40,6.50035,26.7723,0.0166723,2.01418
0,40,6.5005,27.2665,0.0236554,1.67721
0,40,6.50073,27.7509,0.033446,1.39203
0,40,6.50103,28.2335,0.0421014,0.816033
0,40,6.50144,28.7135,0.0503639,0.863357
0,40,6.50181,29.1849,0.0527737,0.617114
0,40,6.50217,29.6671,0.048917,0.576928
0,40,6.5024,30.1382,0.0417375,0.751653
0,40,6.50255,30.6146,0.0353615,0.262584
0,40,6.50256,31.0869,0.027436,0.380243
0,40,6.50263,31.5576,0.0238634,0.189877
0,40,6.50234,32.03,0.0238684,0.320714
0,40,7,12.7778,-1.63381e-06,2.52255
0,40,7,13.2778,-8.58973e-06,2.52261
0,40,7,13.7789,1.92476e-05,2.52376
0,40,7.00002,14.2789,0.00018191,2.52393
0,40,7.00005,14.7799,0.000644526,2.52521
0,40,7.00014,15.2799,0.00188048,2.52558
0,40,7.0002,15.781,0.0029292,2.52882
0,40,7.00031,16.281,0.0051171,2.52921
0,40,7.00037,16.7819,0.00641359,2.53453
0,40,7.00044,17.2819,0.00865341,2.53477
0,40,7.00048,17.7826,0.00975457,2.54149
0,40,7.0005,18.2826,0.0112398,2.54145
0,40,7.00052,18.7829,0.0118634,2.55098
0,40,7.00052,19.2829,0.0122783,2.55072
0,40,7.00052,19.783,0.0124767,2.55736
0,40,7.00053,20.283,0.0125694,2.55726
0,40,7.00053,20.7831,0.0126128,2.55932
0,40,7.00053,21.2831,0.012633,2.5593
0,40,7.00053,21.7831,0.0126421,2.55965
0,40,7.00053,22.2831,0.01265,2.55963
0,40,7.00053,22.7831,0.012664,2.55901
0,40,7.00053,23.2831,0.0127052,2.55885
0,40,7.00053,23.783,0.0128096,2.55369
0,40,7.00053,24.283,0.0130927,2.5519
0,40,7.00054,24.7826,0.0137518,2.52248
0,40,7.00056,25.2825,0.0152317,2.50727
0,40,7.0006,25.7805,0.0183371,2.39105
0,40,7.00069,26.2794,0.0238956,2.30016
0,40,7.00086,26.7725,0.0339355,2.02272
0,40,7.00115,27.2668,0.0475804,1.69051
0,40,7.00164,27.7513,0.0666834,1.40587
0,40,7.00226,28.2341,0.0832196,0.828628
0,40,7.00309,28.714,0.097983,0.870759
0,40,7.00381,29.1854,0.0965432,0.61008
0,40,7.00453,29.6675,0.0854171,0.56394
0,40,7.00482,30.1382,0.0651353,0.734692
0,40,7.00481,30.6144,0.0348571,0.243234
0,40,7.00456,31.0866,0.00949012,0.369294
0,40,7.00432,31.5575,0.00314951,0.193884
0,40,7.00332,32.0298,-0.00073468,0.34267
0,40,7.5,12.7778,-4.12573e-05,2.52251
0,40,7.49998,13.2778,-0.000197412,2.52259
0,40,7.49998,13.7789,-0.000213803,2.52388
0,40,7.49997,14.2789,-0.000271515,2.52421
0,40,7.50001,14.78,0.000215365,2.52667
0,40,7.50011,15.2801,0.00149436,2.52712
0,40,7.50019,15.7811,0.00278332,2.53157
0,40,7.50032,16.2811,0.00548394,2.53191
0,40,7.5004,16.782,0.00721186,2.53762
0,40,7.5005,17.282,0.0103834,2.53776
0,40,7.50055,17.7826,0.0119638,2.54385
0,40,7.50059,18.2826,0.0143541,2.54377
0,40,7.50061,18.7829,0.0152908,2.5515
0,40,7.50061,19.2829,0.0158901,2.55115
0,40,7.50062,19.783,0.016162,2.55751
0,40,7.50062,20.283,0.0163184,2.55735
0,40,7.50062,20.7831,0.0163823,2.55936
0,40,7.50062,21.2831,0.0164174,2.55931
0,40,7.50062,21.7831,0.0164312,2.55966
0,40,7.50062,22.2831,0.0164445,2.55964
0,40,7.50062,22.7831,0.0164662,2.55905
0,40,7.50062,23.2831,0.0165363,2.55893
0,40,7.50062,23.783,0.0166972,2.55392
0,40,7.50063,24.283,0.0171877,2.55244
0,40,7.50064,24.7826,0.0182046,2.52374
0,40,7.50067,25.2825,0.0207703,2.51018
0,40,7.50074,25.7806,0.0256291,2.39619
0,40,7.50089,26.2795,0.0349646,2.3107
0,40,7.50118,26.7728,0.0509356,2.03724
0,40,7.50166,27.2673,0.0723192,1.71343
0,40,7.50245,27.752,0.101525,1.42897
0,40,7.50344,28.2351,0.125402,0.850535
0,40,7.5047,28.715,0.142018,0.879271
0,40,7.50577,29.1865,0.135164,0.601109
0,40,7.50679,29.6682,0.126201,0.547848
0,40,7.50688,30.1385,0.0825619,0.695312
0,40,7.50736,30.6145,0.0618771,0.209453
0,40,7.50661,31.0864,0.0292756,0.345699
0,40,7.50642,31.5571,0.00338462,0.161888
0,40,7.50528,32.0298,-0.0200642,0.305129
0,40,8,12.7777,-3.57976e-05,2.52234
0,40,7.99998,13.2777,-0.00019018,2.52246
0,40,7.99999,13.7789,-6.75496e-05,2.5239
0,40,8.00007,14.2789,0.000810262,2.52442
0,40,8.00019,14.7801,0.00202848,2.52755
0,40,8.00038,15.2801,0.00454241,2.52814
0,40,8.00052,15.7812,0.00645756,2.53319
0,40,8.00071,16.2812,0.00978242,2.53352
0,40,8.00082,16.7821,0.011781,2.53936
0,40,8.00095,17.2821,0.0149992,2.53944
0,40,8.001,17.7826,0.0163047,2.54475
0,40,8.00105,18.2826,0.0173866,2.54461
0,40,8.00107,18.7829,0.0180249,2.55211
0,40,8.00108,19.2829,0.0187373,2.55162
0,40,8.00108,19.7831,0.0190485,2.55771
0,40,8.00109,20.283,0.0192743,2.55748
0,40,8.00109,20.7831,0.0193545,2.5594
0,40,8.00109,21.2831,0.0194057,2.55934
0,40,8.00109,21.7831,0.0194237,2.55967
0,40,8.00109,22.2831,0.0194424,2.55966
0,40,8.00109,22.7831,0.0194717,2.5591
0,40,8.00109,23.2831,0.0195712,2.55903
0,40,8.00109,23.783,0.0197861,2.5543
0,40,8.0011,24.283,0.0205001,2.55318
0,40,8.00112,24.7827,0.0218476,2.52574
0,40,8.00117,25.2826,0.0256511,2.51437
0,40,8.00126,25.7807,0.0321477,2.40388
0,40,8.00149,26.2798,0.0458087,2.32638
0,40,8.00189,26.7732,0.0680518,2.05758
0,40,8.0026,27.2681,0.0963963,1.74517
0,40,8.00378,27.753,0.139035,1.46005
0,40,8.00512,28.2365,0.162768,0.868567
0,40,8.00701,28.7163,0.176392,0.879059
0,40,8.0083,29.1875,0.161407,0.579917
0,40,8.00921,29.6683,0.106007,0.492614
0,40,8.00919,30.1385,0.043646,0.661535
0,40,8.00877,30.6133,0.0366684,0.191083
0,40,8.00634,31.0849,-0.0397751,0.310325
0,40,8.00645,31.5566,0.00401466,0.165822
0,40,8.00237,32.0291,-0.0417964,0.34601
0,40,8.49995,12.7777,-0.00036178,2.52196
0,40,8.4998,13.2777,-0.00155366,2.52232
0,40,8.4999,13.779,-0.000810723,2.52477
0,40,8.49992,14.2791,-0.000616508,2.52578
0,40,8.50012,14.7803,0.00139827,2.53058
0,40,8.50032,15.2804,0.00383644,2.53107
0,40,8.5005,15.7814,0.00625206,2.53703
0,40,8.50072,16.2814,0.00983625,2.53708
0,40,8.50083,16.7822,0.0120686,2.543
0,40,8.50099,17.2822,0.01575,2.54281
0,40,8.50104,17.7827,0.0172013,2.54623
0,40,8.50111,18.2827,0.01895,2.546
0,40,8.50112,18.783,0.0196311,2.55283
0,40,8.50114,19.2829,0.0206028,2.55227
0,40,8.50115,19.7831,0.0208833,2.55795
0,40,8.50115,20.2831,0.0212124,2.55768
0,40,8.50116,20.7831,0.0212942,2.55945
0,40,8.50116,21.2831,0.0213678,2.55939
0,40,8.50116,21.7831,0.0213886,2.55969
0,40,8.50116,22.2831,0.021414,2.55967
0,40,8.50116,22.7831,0.0214505,2.55918
0,40,8.50116,23.2831,0.0215867,2.55913
0,40,8.50116,23.783,0.0218472,2.55488
0,40,8.50117,24.283,0.022856,2.55404
0,40,8.50119,24.7827,0.0244263,2.52882
0,40,8.50126,25.2826,0.0299781,2.51973
0,40,8.50137,25.7809,0.0373251,2.41498
0,40,8.50172,26.2802,0.0575772,2.34903
0,40,8.50218,26.7738,0.0836199,2.08335
0,40,8.50326,27.2694,0.121754,1.79617
0,40,8.50474,27.7544,0.182771,1.49798
0,40,8.50644,28.2388,0.188933,0.891869
0,40,8.50947,28.7183,0.250798,0.901159
0,40,8.50996,29.1889,0.183677,0.509117
0,40,8.51322,29.6695,0.159626,0.43951
0,40,8.51114,30.1379,0.0972574,0.613244
0,40,8.51272,30.612,0.0430597,0.103715
0,40,8.50826,31.0843,-0.0559215,0.305449
0,40,8.50818,31.5523,-0.0494176,0.0873416
0,40,8.50152,32.0275,-0.171393,0.221342
0,40,8.99996,12.7775,-0.000297422,2.52052
0,40,8.99979,13.2777,-0.00155064,2.52184
0,40,8.99986,13.7791,-0.000937037,2.52574
0,40,9.00029,14.2792,0.00276315,2.52658
0,40,9.00041,14.7806,0.00387531,2.53276
0,40,9.00088,15.2805,0.00896608,2.53276
0,40,9.00096,15.7816,0.0100152,2.53941
0,40,9.00132,16.2816,0.0146231,2.53887
0,40,9.00136,16.7823,0.0132837,2.54355
0,40,9.00148,17.2823,0.0114221,2.5432
0,40,9.00147,17.7827,0.00944428,2.54678
0,40,9.00153,18.2827,0.010015,2.54662
0,40,9.00154,18.783,0.0094655,2.55345
0,40,9.00156,19.283,0.0108767,2.55306
0,40,9.00157,19.7831,0.0110109,2.55813
0,40,9.00158,20.2831,0.0114848,2.55798
0,40,9.00158,20.7831,0.0115667,2.55948
0,40,9.00158,21.2831,0.0116667,2.55945
0,40,9.00158,21.7831,0.0116915,2.5597
0,40,9.00158,22.2831,0.0117237,2.55969
0,40,9.00158,22.7831,0.0117694,2.5593
0,40,9.00158,23.2831,0.0119441,2.55922
0,40,9.00158,23.783,0.0122663,2.55574
0,40,9.0016,24.283,0.0136142,2.55482
0,40,9.00162,24.7828,0.0154763,2.53341
0,40,9.00172,25.2827,0.0233407,2.5251
0,40,9.00185,25.7812,0.0312681,2.43106
0,40,9.00237,26.2805,0.0626641,2.37501
0,40,9.00286,26.7747,0.0867591,2.11297
0,40,9.00465,27.2709,0.155572,1.86599
0,40,9.00601,27.7558,0.204175,1.50887
0,40,9.00938,28.2421,0.227081,0.938355
0,40,9.01184,28.7191,0.27778,0.876271
0,40,9.01341,29.191,0.12457,0.389886
0,40,9.01608,29.6688,0.138429,0.441984
0,40,9.01217,30.1353,0.0107386,0.477037
0,40,9.01468,30.6097,0.0233306,0.0520029
0,40,9.00698,31.0787,-0.0175193,0.236116
0,40,9.01391,31.5478,0.0802169,-0.00414869
0,40,8.9894,32.0175,-0.206917,0.347974
0,40,9.50092,12.7784,0.00649161,2.52686
0,40,9.49909,13.2784,-0.00632225,2.52725
0,40,9.50053,13.7801,0.00476228,2.53479
0,40,9.5,14.2801,0.000503174,2.53476
0,40,9.50087,14.7813,0.0086244,2.54095
0,40,9.50076,15.2813,0.00797166,2.54115
0,40,9.50127,15.7821,0.0139099,2.5462
0,40,9.5013,16.2821,0.0145116,2.54562
0,40,9.50157,16.7825,0.0175741,2.54426
0,40,9.50148,17.2826,0.0109095,2.54464
0,40,9.5016,17.7829,0.0131423,2.54928
0,40,9.50157,18.2829,0.0104719,2.54998
0,40,9.50163,18.7831,0.0122906,2.55593
0,40,9.50163,19.2831,0.0120689,2.55636
0,40,9.50165,19.7832,0.0130664,2.55979
0,40,9.50165,20.2832,0.0130756,2.55992
0,40,9.50165,20.7832,0.0133517,2.56089
0,40,9.50165,21.2832,0.0133622,2.56092
0,40,9.50165,21.7832,0.0134206,2.56107
0,40,9.50165,22.2832,0.0134277,2.56107
0,40,9.50166,22.7832,0.0135104,2.56083
0,40,9.50166,23.2832,0.0135584,2.56071
0,40,9.50166,23.7832,0.0141844,2.55855
0,40,9.50167,24.2832,0.0145562,2.55743
0,40,9.50171,24.783,0.0185581,2.54363
0,40,9.50174,25.2829,0.0207797,2.53537
0,40,9.50203,25.7819,0.0396864,2.47118
0,40,9.50217,26.2813,0.0492457,2.42363
0,40,9.50339,26.7772,0.110383,2.22623
0,40,9.50391,27.2741,0.135176,2.03362
0,40,9.50756,27.7625,0.251049,1.70688
0,40,9.50842,28.2518,0.266372,1.2562
0,40,9.51527,28.7321,0.335483,1.12928
0,40,9.51437,29.2094,0.276632,0.681983
0,40,9.52138,29.6906,0.139568,0.881016
0,40,9.51563,30.1608,0.138166,0.808588
0,40,9.51997,30.645,-0.108893,0.706569
0,40,9.5092,31.1123,0.0488394,0.760086
0,40,9.51618,31.5875,-0.226436,0.390531
0,40,9.49469,32.0491,-0.193534,0.386961
1,40,10,1.5,0,0
1,40,10.5,1.5,0,0
1,40,1.5,1.5,0,0
1,40,2,1.5,0,0
1,40,10,2,0,0
1,40,10.5,2,0,0
1,40,1.5,2,0,0
1,40,2,2,0,0
1,40,10,2.5,0,0
1,40,10.5,2.5,0,0
1,40,1.5,2.5,0,0
1,40,2,2.5,0,0
1,40,10,3,0,0
1,40,10.5,3,0,0
1,40,1.5,3,0,0
1,40,2,3,0,0
1,40,10,3.5,0,0
1,40,10.5,3.5,0,0
1,40,1.5,3.5,0,0
1,40,2,3.5,0,0
1,40,10,4,0,0
1,40,10.5,4,0,0
1,40,1.5,4,0,0
1,40,2,4,0,0
1,40,10,4.5,0,0
1,40,10.5,4.5,0,0
1,40,1.5,4.5,0,0
1,40,2,4.5,0,0
1,40,10,5,0,0
1,40,10.5,5,0,0
1,40,1.5,5,0,0
1,40,2,5,0,0
1,40,10,5.5,0,0
1,40,10.5,5.5,0,0
1,40,1.5,5.5,0,0
1,40,2,5.5,0,0
1,40,10,6,0,0
1,40,10.5,6,0,0
1,40,1.5,6,0,0
1,40,2,6,0,0
1,40,10,6.5,0,0
1,40,10.5,6.5,0,0
1,40,1.5,6.5,0,0
1,40,2,6.5,0,0
1,40,10,7,0,0
1,40,10.5,7,0,0
1,40,1.5,7,0,0
1,40,2,7,0,0
1,40,10,7.5,0,0
1,40,10.5,7.5,0,0
1,40,1.5,7.5,0,0
1,40,2,7.5,0,0
1,40,10,8,0,0
1,40,10.5,8,0,0
1,40,1.5,8,0,0
1,40,2,8,0,0
1,40,10,8.5,0,0
1,40,10.5,8.5,0,0
1,40,1.5,8.5,0,0
1,40,2,8.5,0,0
1,40,10,9,0,0
1,40,10.5,9,0,0
1,40,1.5,9,0,0
1,40,2,9,0,0
1,40,10,9.5,0,0
1,40,10.5,9.5,0,0
1,40,1.5,9.5,0,0
1,40,2,9.5,0,0
1,40,10,10,0,0
1,40,10.5,10,0,0
1,40,1.5,10,0,0
1,40,2,10,0,0
1,40,10,10.5,0,0
1,40,10.5,10.5,0,0
1,40,1.5,10.5,0,0
1,40,2,10.5,0,0
1,40,10,11,0,0
1,40,10.5,11,0,0
1,40,1.5,11,0,0
1,40,2,11,0,0
1,40,10,11.5,0,0
1,40,10.5,11.5,0,0
1,40,1.5,11.5,0,0
1,40,2,11.5,0,0
1,40,10,12,0,0
1,40,10.5,12,0,0
1,40,1.5,12,0,0
1,40,2,12,0,0
1,40,10,12.5,0,0
1,40,10.5,12.5,0,0
1,40,1.5,12.5,0,0
1,40,2,12.5,0,0
1,40,10,13,0,0
1,40,10.5,13,0,0
1,40,1.5,13,0,0
1,40,2,13,0,0
1,40,10,13.5,0,0
1,40,10.5,13.5,0,0
1,40,1.5,13.5,0,0
1,40,2,13.5,0,0
1,40,10,14,0,0
1,40,10.5,14,0,0
1,40,1.5,14,0,0
1,40,2,14,0,0
1,40,10,14.5,0,0
1,40,10.5,14.5,0,0
1,40,1.5,14.5,0,0
1,40,2,14.5,0,0
1,40,10,15,0,0
1,40,10.5,15,0,0
1,40,1.5,15,0,0
1,40,2,15,0,0
1,40,10,15.5,0,0
1,40,10.5,15.5,0,0
1,40,1.5,15.5,0,0
1,40,2,15.5,0,0
1,40,10,16,0,0
1,40,10.5,16,0,0
1,40,1.5,16,0,0
1,40,2,16,0,0
1,40,10,16.5,0,0
1,40,10.5,16.5,0,0
1,40,1.5,16.5,0,0
1,40,2,16.5,0,0
1,40,10,17,0,0
1,40,10.5,17,0,0
1,40,1.5,17,0,0
1,40,2,17,0,0
1,40,10,17.5,0,0
1,40,10.5,17.5,0,0
1,40,1.5,17.5,0,0
1,40,2,17.5,0,0
1,40,10,18,0,0
1,40,10.5,18,0,0
1,40,1.5,18,0,0
1,40,2,18,0,0
1,40,10,18.5,0,0
1,40,10.5,18.5,0,0
1,40,1.5,18.5,0,0
1,40,2,18.5,0,0
1,40,10,19,0,0
1,40,10.5,19,0,0
1,40,1.5,19,0,0
1,40,2,19,0,0
1,40,10,19.5,0,0
1,40,10.5,19.5,0,0
1,40,1.5,19.5,0,0
1,40,2,19.5,0,0
1,40,10,20,0,0
1,40,10.5,20,0,0
1,40,1.5,20,0,0
1,40,2,20,0,0
1,40,10,20.5,0,0
1,40,10.5,20.5,0,0
1,40,1.5,20.5,0,0
1,40,2,20.5,0,0
1,40,10,21,0,0
1,40,10.5,21,0,0
1,40,1.5,21,0,0
1,40,2,21,0,0
1,40,10,21.5,0,0
1,40,10.5,21.5,0,0
1,40,1.5,21.5,0,0
1,40,2,21.5,0,0
1,40,10,22,0,0
1,40,10.5,22,0,0
1,40,1.5,22,0,0
1,40,2,22,0,0
1,40,10,22.5,0,0
1,40,10.5,22.5,0,0
1,40,1.5,22.5,0,0
1,40,2,22.5,0,0
1,40,10,23,0,0
1,40,10.5,23,0,0
1,40,1.5,23,0,0
1,40,2,23,0,0
1,40,10,23.5,0,0
1,40,10.5,23.5,0,0
1,40,1.5,23.5,0,0
1,40,2,23.5,0,0
1,40,10,24,0,0
1,40,10.5,24,0,0
1,40,1.5,24,0,0
1,40,2,24,0,0
1,40,10,24.5,0,0
1,40,10.5,24.5,0,0
1,40,1.5,24.5,0,0
1,40,2,24.5,0,0
1,40,10,25,0,0
1,40,10.5,25,0,0
1,40,1.5,25,0,0
1,40,2,25,0,0
1,40,10,25.5,0,0
1,40,10.5,25.5,0,0
1,40,1.5,25.5,0,0
1,40,2,25.5,0,0
1,40,10,26,0,0
1,40,10.5,26,0,0
1,40,1.5,26,0,0
1,40,2,26,0,0
1,40,10,26.5,0,0
1,40,10.5,26.5,0,0
1,40,1.5,26.5,0,0
1,40,2,26.5,0,0
1,40,10,27,0,0
1,40,10.5,27,0,0
1,40,1.5,27,0,0
1,40,2,27,0,0
1,40,10,27.5,0,0
1,40,10.5,27.5,0,0
1,40,1.5,27.5,0,0
1,40,2,27.5,0,0
1,40,10,28,0,0
1,40,10.5,28,0,0
1,40,1.5,28,0,0
1,40,2,28,0,0
1,40,10,28.5,0,0
1,40,10.5,28.5,0,0
1,40,1.5,28.5,0,0
1,40,2,28.5,0,0
1,40,10,29,0,0
1,40,10.5,29,0,0
1,40,1.5,29,0,0
1,40,2,29,0,0
1,40,10,29.5,0,0
1,40,10.5,29.5,0,0
1,40,1.5,29.5,0,0
1,40,2,29.5,0,0
1,40,10,30,0,0
1,40,10.5,30,0,0
1,40,1.5,30,0,0
1,40,2,30,0,0
1,40,10,30.5,0,0
1,40,10.5,30.5,0,0
1,40,1.5,30.5,0,0
1,40,2,30.5,0,0
1,40,10,31,0,0
1,40,10.5,31,0,0
1,40,1.5,31,0,0
1,40,2,31,0,0
1,40,10,31.5,0,0
1,40,10.5,31.5,0,0
1,40,1.5,31.5,0,0
1,40,2,31.5,0,0
1,40,10,32,0,0
1,40,10.5,32,0,0
1,40,1.5,32,0,0
1,40,2,32,0,0
1,40,10,32.5,0,0
1,40,10.5,32.5,0,0
1,40,1.5,32.5,0,0
1,40,2,32.5,0,0
1,40,10,33,0,0
1,40,10.5,33,0,0
1,40,1.5,33,0,0
1,40,2,33,0,0
1,40,2.5,1.5,0,0
1,40,2.5,2,0,0
1,40,2.5,32.5,0,0
1,40,2.5,33,0,0
1,40,3,1.5,0,0
1,40,3,2,0,0
1,40,3,32.5,0,0
1,40,3,33,0,0
1,40,3.5,1.5,0,0
1,40,3.5,2,0,0
1,40,3.5,32.5,0,0
1,40,3.5,33,0,0
1,40,4,1.5,0,0
1,40,4,2,0,0
1,40,4,32.5,0,0
1,40,4,33,0,0
1,40,4.5,1.5,0,0
1,40,4.5,2,0,0
1,40,4.5,32.5,0,0
1,40,4.5,33,0,0
1,40,5,1.5,0,0
1,40,5,2,0,0
1,40,5,32.5,0,0
1,40,5,33,0,0
1,40,5.5,1.5,0,0
1,40,5.5,2,0,0
1,40,5.5,32.5,0,0
1,40,5.5,33,0,0
1,40,6,1.5,0,0
1,40,6,2,0,0
1,40,6,32.5,0,0
1,40,6,33,0,0
1,40,6.5,1.5,0,0
1,40,6.5,2,0,0
1,40,6.5,32.5,0,0
1,40,6.5,33,0,0
1,40,7,1.5,0,0
1,40,7,2,0,0
1,40,7,32.5,0,0
1,40,7,33,0,0
1,40,7.5,1.5,0,0
1,40,7.5,2,0,0
1,40,7.5,32.5,0,0
1,40,7.5,33,0,0
1,40,8,1.5,0,0
1,40,8,2,0,0
1,40,8,32.5,0,0
1,40,8,33,0,0
1,40,8.5,1.5,0,0
1,40,8.5,2,0,0
1,40,8.5,32.5,0,0
1,40,8.5,33,0,0
1,40,9,1.5,0,0
1,40,9,2,0,0
1,40,9,32.5,0,0
1,40,9,33,0,0
1,40,9.5,1.5,0,0
1,40,9.5,2,0,0
1,40,9.5,32.5,0,0
1,40,9.5,33,0,0
