916 2 0.5 220000 0 2 0 0.0001 0 9.81 45 45
0,40,2.4997,12.6573,-0.00592431,2.64023
0,40,2.50013,13.1573,0.000935888,2.64062
0,40,2.49975,13.6583,-0.00834649,2.65188
0,40,2.49977,14.1583,-0.0109457,2.65194
0,40,2.49964,14.6586,-0.0159474,2.66083
0,40,2.49965,15.1586,-0.0165594,2.66092
0,40,2.49962,15.6587,-0.018384,2.66634
0,40,2.49962,16.1587,-0.0183572,2.66644
0,40,2.49962,16.6587,-0.0186608,2.66753
0,40,2.49962,17.1587,-0.0186642,2.66755
0,40,2.49962,17.6587,-0.0186923,2.66765
0,40,2.49962,18.1587,-0.0186928,2.66765
0,40,2.49962,18.6587,-0.0186944,2.66765
0,40,2.49962,19.1587,-0.0186944,2.66765
0,40,2.49962,19.6587,-0.0186945,2.66765
0,40,2.49962,20.1587,-0.0186945,2.66765
0,40,2.49962,20.6587,-0.0186945,2.66765
0,40,2.49962,21.1587,-0.0186945,2.66765
0,40,2.49962,21.6587,-0.0186945,2.66765
0,40,2.49962,22.1587,-0.0186945,2.66765
0,40,2.49962,22.6587,-0.0186945,2.66765
0,40,2.49962,23.1587,-0.0186945,2.66765
0,40,2.49962,23.6587,-0.0186945,2.66765
0,40,2.49962,24.1587,-0.0186945,2.66765
0,40,2.49962,24.6587,-0.0186945,2.66765
0,40,2.49962,25.1587,-0.0186946,2.66765
0,40,2.49962,25.6587,-0.0186953,2.66765
0,40,2.49962,26.1587,-0.0186958,2.66765
0,40,2.49962,26.6587,-0.0187183,2.66757
0,40,2.49962,27.1587,-0.0187307,2.66754
0,40,2.49961,27.6587,-0.01919,2.6659
0,40,2.49961,28.1587,-0.019414,2.66525
0,40,2.49956,28.6585,-0.0257179,2.64249
0,40,2.49954,29.1584,-0.0282541,2.63207
0,40,2.49894,29.6562,-0.0807352,2.44227
0,40,2.49881,30.1552,-0.0936959,2.33295
0,40,2.49476,30.6406,-0.317315,1.58662
0,40,2.49544,31.1328,-0.267309,1.04034
0,40,2.48042,31.5883,-0.66549,0.457773
0,40,2.49384,32.0653,-0.249635,-0.422419
0,40,2.99998,12.6569,-0.000518045,2.632
0,40,2.99991,13.157,-0.00259359,2.63319
0,40,2.99987,13.658,-0.00471734,2.64197
0,40,2.99972,14.158,-0.0119061,2.6421
0,40,2.99968,14.6586,-0.0137023,2.6573
0,40,2.99964,15.1586,-0.0169066,2.65639
0,40,2.99964,15.6587,-0.0175926,2.66541
0,40,2.99963,16.1587,-0.018083,2.66523
0,40,2.99963,16.6587,-0.0181988,2.66693
0,40,2.99963,17.1587,-0.0182519,2.66691
0,40,2.99963,17.6587,-0.0182654,2.66707
0,40,2.99963,18.1587,-0.0182689,2.66707
0,40,2.99963,18.6587,-0.0182698,2.66708
0,40,2.99963,19.1587,-0.0182699,2.66708
0,40,2.99963,19.6587,-0.01827,2.66708
0,40,2.99963,20.1587,-0.01827,2.66708
0,40,2.99963,20.6587,-0.01827,2.66708
0,40,2.99963,21.1587,-0.01827,2.66708
0,40,2.99963,21.6587,-0.01827,2.66708
0,40,2.99963,22.1587,-0.01827,2.66708
0,40,2.99963,22.6587,-0.01827,2.66708
0,40,2.99963,23.1587,-0.01827,2.66708
0,40,2.99963,23.6587,-0.01827,2.66708
0,40,2.99963,24.1587,-0.01827,2.66708
0,40,2.99963,24.6587,-0.01827,2.66708
0,40,2.99963,25.1587,-0.0182701,2.66708
0,40,2.99963,25.6587,-0.0182706,2.66708
0,40,2.99963,26.1587,-0.0182725,2.66707
0,40,2.99963,26.6587,-0.0182859,2.66694
0,40,2.99963,27.1587,-0.0183374,2.66692
0,40,2.99963,27.6587,-0.0185856,2.66426
0,40,2.99962,28.1587,-0.0195687,2.66373
0,40,2.99959,28.6584,-0.0225028,2.62823
0,40,2.99949,29.1583,-0.0345689,2.61694
0,40,2.99925,29.655,-0.0539779,2.34143
0,40,2.99828,30.1537,-0.132222,2.19705
0,40,2.99715,30.634,-0.190009,1.26046
0,40,2.99325,31.1232,-0.323739,0.516019
0,40,2.99096,31.5726,-0.403455,0.112471
0,40,2.99469,32.0392,-0.0475367,-0.977099
0,40,3.50001,12.6569,0.000184869,2.63236
0,40,3.50003,13.157,0.000689042,2.63281
0,40,3.5,13.658,-0.000566368,2.63943
0,40,3.49997,14.158,-0.00261804,2.64
0,40,3.49995,14.6586,-0.00412137,2.65574
0,40,3.49993,15.1585,-0.00512804,2.65515
0,40,3.49993,15.6587,-0.00548868,2.66516
0,40,3.49992,16.1587,-0.00575318,2.66497
0,40,3.49992,16.6587,-0.00582205,2.6669
0,40,3.49992,17.1587,-0.0058552,2.66688
0,40,3.49992,17.6587,-0.00586332,2.66707
0,40,3.49992,18.1587,-0.0058657,2.66707
0,40,3.49992,18.6587,-0.00586629,2.66708
0,40,3.49992,19.1587,-0.0058664,2.66708
0,40,3.49992,19.6587,-0.00586643,2.66708
0,40,3.49992,20.1587,-0.00586643,2.66708
0,40,3.49992,20.6587,-0.00586643,2.66708
0,40,3.49992,21.1587,-0.00586643,2.66708
0,40,3.49992,21.6587,-0.00586643,2.66708
0,40,3.49992,22.1587,-0.00586643,2.66708
0,40,3.49992,22.6587,-0.00586643,2.66708
0,40,3.49992,23.1587,-0.00586643,2.66708
0,40,3.49992,23.6587,-0.00586643,2.66708
0,40,3.49992,24.1587,-0.00586644,2.66708
0,40,3.49992,24.6587,-0.00586645,2.66708
0,40,3.49992,25.1587,-0.00586649,2.66708
0,40,3.49992,25.6587,-0.00586683,2.66707
0,40,3.49992,26.1587,-0.00586825,2.66707
0,40,3.49992,26.6587,-0.00587697,2.66691
0,40,3.49992,27.1587,-0.00591317,2.6669
0,40,3.49992,27.6587,-0.00606536,2.66367
0,40,3.49992,28.1587,-0.00670138,2.66314
0,40,3.4999,28.6583,-0.00841443,2.6219
0,40,3.49984,29.1582,-0.0152222,2.60863
0,40,3.49972,29.6546,-0.0268215,2.30874
0,40,3.49928,30.153,-0.0609243,2.13699
0,40,3.49866,30.6328,-0.104352,1.2275
0,40,3.49766,31.1207,-0.134773,0.427427
0,40,3.49679,31.5738,-0.173608,0.200164
0,40,3.49817,32.0451,-0.121949,-0.69981
0,40,4,12.6569,-9.85323e-05,2.63215
0,40,3.99999,13.1569,-0.000526992,2.6323
0,40,3.99997,13.6579,-0.00124603,2.63704
0,40,3.99995,14.1579,-0.00355232,2.63737
0,40,3.99994,14.6585,-0.00466574,2.65476
0,40,3.99993,15.1585,-0.00518628,2.65463
0,40,3.99993,15.6587,-0.00545318,2.66492
0,40,3.99993,16.1587,-0.00558237,2.66484
0,40,3.99993,16.6587,-0.00562567,2.66687
0,40,3.99993,17.1587,-0.00564388,2.66686
0,40,3.99993,17.6587,-0.0056486,2.66707
0,40,3.99993,18.1587,-0.00565006,2.66707
0,40,3.99993,18.6587,-0.0056504,2.66708
0,40,3.99993,19.1587,-0.00565047,2.66708
0,40,3.99993,19.6587,-0.00565049,2.66708
0,40,3.99993,20.1587,-0.00565049,2.66708
0,40,3.99993,20.6587,-0.00565049,2.66708
0,40,3.99993,21.1587,-0.00565049,2.66708
0,40,3.99993,21.6587,-0.00565049,2.66708
0,40,3.99993,22.1587,-0.00565049,2.66708
0,40,3.99993,22.6587,-0.00565049,2.66708
0,40,3.99993,23.1587,-0.00565049,2.66708
0,40,3.99993,23.6587,-0.00565049,2.66708
0,40,3.99993,24.1587,-0.00565049,2.66708
0,40,3.99993,24.6587,-0.0056505,2.66708
0,40,3.99993,25.1587,-0.00565053,2.66708
0,40,3.99993,25.6587,-0.00565074,2.66707
0,40,3.99993,26.1587,-0.00565169,2.66707
0,40,3.99993,26.6587,-0.00565678,2.66689
0,40,3.99993,27.1587,-0.0056794,2.66687
0,40,3.99993,27.6587,-0.00576613,2.66337
0,40,3.99992,28.1587,-0.0061255,2.66257
0,40,3.99992,28.6583,-0.00711636,2.61897
0,40,3.99989,29.1582,-0.0104735,2.60204
0,40,3.99982,29.6544,-0.0176083,2.29437
0,40,3.99964,30.1526,-0.032428,2.10251
0,40,3.99931,30.6322,-0.0572981,1.19623
0,40,3.99892,31.1198,-0.0806614,0.386497
0,40,3.99859,31.5736,-0.0927379,0.192192
0,40,3.99874,32.0443,-0.0739269,-0.740531
0,40,4.5,12.6569,2.95327e-05,2.63217
0,40,4.5,13.1569,0.000135673,2.63226
0,40,4.5,13.6579,3.70516e-05,2.63645
0,40,4.5,14.1579,-0.000280846,2.63664
0,40,4.5,14.6585,-0.000535864,2.65438
0,40,4.49999,15.1585,-0.000749864,2.65437
0,40,4.49999,15.6587,-0.000867487,2.6648
0,40,4.49999,16.1587,-0.000921896,2.66479
0,40,4.49999,16.6587,-0.00094393,2.66686
0,40,4.49999,17.1587,-0.00095244,2.66685
0,40,4.49999,17.6587,-0.000954891,2.66707
0,40,4.49999,18.1587,-0.000955656,2.66707
0,40,4.49999,18.6587,-0.000955835,2.66708
0,40,4.49999,19.1587,-0.000955878,2.66708
0,40,4.49999,19.6587,-0.000955887,2.66708
0,40,4.49999,20.1587,-0.000955889,2.66708
0,40,4.49999,20.6587,-0.000955889,2.66708
0,40,4.49999,21.1587,-0.000955889,2.66708
0,40,4.49999,21.6587,-0.000955889,2.66708
0,40,4.49999,22.1587,-0.000955889,2.66708
0,40,4.49999,22.6587,-0.000955889,2.66708
0,40,4.49999,23.1587,-0.000955889,2.66708
0,40,4.49999,23.6587,-0.00095589,2.66708
0,40,4.49999,24.1587,-0.00095589,2.66708
0,40,4.49999,24.6587,-0.000955894,2.66708
0,40,4.49999,25.1587,-0.000955912,2.66708
0,40,4.49999,25.6587,-0.000956028,2.66707
0,40,4.49999,26.1587,-0.000956592,2.66707
0,40,4.49999,26.6587,-0.00095929,2.66688
0,40,4.49999,27.1587,-0.000971553,2.66684
0,40,4.49999,27.6587,-0.00101616,2.66323
0,40,4.49999,28.1587,-0.00118952,2.66218
0,40,4.49999,28.6583,-0.00168444,2.6177
0,40,4.49997,29.1582,-0.00310488,2.59858
0,40,4.49994,29.6543,-0.00633376,2.28775
0,40,4.49988,30.1524,-0.0122373,2.08928
0,40,4.49978,30.632,-0.0204521,1.18145
0,40,4.49966,31.1196,-0.0294965,0.373981
0,40,4.49963,31.5736,-0.03284,0.198085
0,40,4.49973,32.0446,-0.0247333,-0.71942
0,40,5,12.6569,-9.26288e-06,2.63216
0,40,5,13.1569,-5.1522e-05,2.63222
0,40,5,13.6579,-0.00016182,2.63608
0,40,4.99999,14.1579,-0.000534118,2.6362
0,40,4.99999,14.6585,-0.000727616,2.6542
0,40,4.99999,15.1585,-0.000821259,2.65426
0,40,4.99999,15.6587,-0.000868626,2.66475
0,40,4.99999,16.1587,-0.000891093,2.66477
0,40,4.99999,16.6587,-0.000900698,2.66685
0,40,4.99999,17.1587,-0.000904234,2.66685
0,40,4.99999,17.6587,-0.000905366,2.66707
0,40,4.99999,18.1587,-0.00090571,2.66707
0,40,4.99999,18.6587,-0.000905795,2.66708
0,40,4.99999,19.1587,-0.000905816,2.66708
0,40,4.99999,19.6587,-0.000905821,2.66708
0,40,4.99999,20.1587,-0.000905822,2.66708
0,40,4.99999,20.6587,-0.000905822,2.66708
0,40,4.99999,21.1587,-0.000905822,2.66708
0,40,4.99999,21.6587,-0.000905822,2.66708
0,40,4.99999,22.1587,-0.000905822,2.66708
0,40,4.99999,22.6587,-0.000905822,2.66708
0,40,4.99999,23.1587,-0.000905822,2.66708
0,40,4.99999,23.6587,-0.000905822,2.66708
0,40,4.99999,24.1587,-0.000905822,2.66708
0,40,4.99999,24.6587,-0.000905824,2.66708
0,40,4.99999,25.1587,-0.000905834,2.66708
0,40,4.99999,25.6587,-0.000905891,2.66707
0,40,4.99999,26.1587,-0.000906176,2.66707
0,40,4.99999,26.6587,-0.000907457,2.66688
0,40,4.99999,27.1587,-0.000913119,2.66683
0,40,4.99999,27.6587,-0.000933579,2.66317
0,40,4.99999,28.1587,-0.00100599,2.66199
0,40,4.99999,28.6583,-0.00121981,2.61716
0,40,4.99998,29.1581,-0.00177482,2.59713
0,40,4.99997,29.6543,-0.00301383,2.28491
0,40,4.99995,30.1524,-0.00533333,2.08405
0,40,4.99992,30.6319,-0.00845348,1.17606
0,40,4.99988,31.1195,-0.0115924,0.366874
0,40,4.99985,31.5736,-0.0137111,0.197832
0,40,4.99988,32.0446,-0.0111716,-0.721373
0,40,5.5,12.6569,1.96054e-06,2.63216
0,40,5.5,13.1569,9.78098e-06,2.63222
0,40,5.5,13.6579,8.15189e-06,2.63601
0,40,5.5,14.1579,-7.57762e-06,2.63609
0,40,5.5,14.6585,-3.44391e-05,2.65414
0,40,5.5,15.1585,-5.86151e-05,2.65422
0,40,5.5,15.6587,-7.31894e-05,2.66473
0,40,5.5,16.1587,-8.06781e-05,2.66476
0,40,5.5,16.6587,-8.39019e-05,2.66684
0,40,5.5,17.1587,-8.51342e-05,2.66685
0,40,5.5,17.6587,-8.5551e-05,2.66706
0,40,5.5,18.1587,-8.56767e-05,2.66707
0,40,5.5,18.6587,-8.57097e-05,2.66708
0,40,5.5,19.1587,-8.57179e-05,2.66708
0,40,5.5,19.6587,-8.57197e-05,2.66708
0,40,5.5,20.1587,-8.57201e-05,2.66708
0,40,5.5,20.6587,-8.57202e-05,2.66708
0,40,5.5,21.1587,-8.57202e-05,2.66708
0,40,5.5,21.6587,-8.57202e-05,2.66708
0,40,5.5,22.1587,-8.57202e-05,2.66708
0,40,5.5,22.6587,-8.57202e-05,2.66708
0,40,5.5,23.1587,-8.57202e-05,2.66708
0,40,5.5,23.6587,-8.57202e-05,2.66708
0,40,5.5,24.1587,-8.57203e-05,2.66708
0,40,5.5,24.6587,-8.57211e-05,2.66708
0,40,5.5,25.1587,-8.57253e-05,2.66708
0,40,5.5,25.6587,-8.5748e-05,2.66707
0,40,5.5,26.1587,-8.58622e-05,2.66707
0,40,5.5,26.6587,-8.63595e-05,2.66687
0,40,5.5,27.1587,-8.84624e-05,2.66682
0,40,5.5,27.6587,-9.60608e-05,2.66314
0,40,5.5,28.1587,-0.000121183,2.66191
0,40,5.5,28.6583,-0.000193953,2.61695
0,40,5.5,29.1581,-0.000377149,2.59662
0,40,5.49999,29.6543,-0.000752659,2.28394
0,40,5.49999,30.1524,-0.00141696,2.08229
0,40,5.49998,30.6319,-0.00228968,1.17445
0,40,5.49997,31.1195,-0.00303375,0.365411
0,40,5.49997,31.5736,-0.00315321,0.198161
0,40,5.49998,32.0446,-0.00233296,-0.719244
0,40,6,12.6569,-2.29049e-15,2.63216
0,40,6,13.1569,-1.51653e-14,2.63222
0,40,6,13.6579,-4.54534e-14,2.63598
0,40,6,14.1579,-1.13784e-13,2.63606
0,40,6,14.6585,-1.7151e-13,2.65412
0,40,6,15.1585,-2.13501e-13,2.65421
0,40,6,15.6587,-2.02012e-13,2.66472
0,40,6,16.1587,-1.68374e-13,2.66476
0,40,6,16.6587,-1.35403e-13,2.66684
0,40,6,17.1587,-1.33687e-13,2.66685
0,40,6,17.6587,-1.11478e-13,2.66706
0,40,6,18.1587,-1.1076e-13,2.66707
0,40,6,18.6587,-9.52975e-14,2.66708
0,40,6,19.1587,-9.59744e-14,2.66708
0,40,6,19.6587,-1.19584e-13,2.66708
0,40,6,20.1587,-1.60793e-13,2.66708
0,40,6,20.6587,-1.43536e-13,2.66708
0,40,6,21.1587,-1.03637e-13,2.66708
0,40,6,21.6587,-1.32701e-13,2.66708
0,40,6,22.1587,-1.46243e-13,2.66708
0,40,6,22.6587,-1.37644e-13,2.66708
0,40,6,23.1587,-1.04126e-13,2.66708
0,40,6,23.6587,-1.40701e-13,2.66708
0,40,6,24.1587,-1.73151e-13,2.66708
0,40,6,24.6587,-1.80943e-13,2.66708
0,40,6,25.1587,-1.12809e-13,2.66708
0,40,6,25.6587,-6.94669e-14,2.66707
0,40,6,26.1587,-1.56194e-13,2.66707
0,40,6,26.6587,-2.48618e-13,2.66687
0,40,6,27.1587,-2.31476e-13,2.66682
0,40,6,27.6587,-1.79852e-13,2.66314
0,40,6,28.1587,-1.53663e-13,2.66189
0,40,6,28.6583,-1.5126e-13,2.6169
0,40,6,29.1581,-1.83277e-13,2.59649
0,40,6,29.6543,-1.13043e-13,2.28371
0,40,6,30.1524,-9.67915e-14,2.08188
0,40,6,30.6319,-9.042e-14,1.17404
0,40,6,31.1195,-5.07743e-14,0.364935
0,40,6,31.5736,4.4926e-14,0.198299
0,40,6,32.0446,2.32805e-14,-0.719308
0,40,6.5,12.6569,-1.96054e-06,2.63216
0,40,6.5,13.1569,-9.78098e-06,2.63222
0,40,6.5,13.6579,-8.15189e-06,2.63601
0,40,6.5,14.1579,7.57762e-06,2.63609
0,40,6.5,14.6585,3.44391e-05,2.65414
0,40,6.5,15.1585,5.86151e-05,2.65422
0,40,6.5,15.6587,7.31894e-05,2.66473
0,40,6.5,16.1587,8.06781e-05,2.66476
0,40,6.5,16.6587,8.39019e-05,2.66684
0,40,6.5,17.1587,8.51342e-05,2.66685
0,40,6.5,17.6587,8.5551e-05,2.66706
0,40,6.5,18.1587,8.56767e-05,2.66707
0,40,6.5,18.6587,8.57097e-05,2.66708
0,40,6.5,19.1587,8.57179e-05,2.66708
0,40,6.5,19.6587,8.57197e-05,2.66708
0,40,6.5,20.1587,8.57201e-05,2.66708
0,40,6.5,20.6587,8.57202e-05,2.66708
0,40,6.5,21.1587,8.57202e-05,2.66708
0,40,6.5,21.6587,8.57202e-05,2.66708
0,40,6.5,22.1587,8.57202e-05,2.66708
0,40,6.5,22.6587,8.57202e-05,2.66708
0,40,6.5,23.1587,8.57202e-05,2.66708
0,40,6.5,23.6587,8.57202e-05,2.66708
0,40,6.5,24.1587,8.57203e-05,2.66708
0,40,6.5,24.6587,8.57211e-05,2.66708
0,40,6.5,25.1587,8.57253e-05,2.66708
0,40,6.5,25.6587,8.5748e-05,2.66707
0,40,6.5,26.1587,8.58622e-05,2.66707
0,40,6.5,26.6587,8.63595e-05,2.66687
0,40,6.5,27.1587,8.84624e-05,2.66682
0,40,6.5,27.6587,9.60608e-05,2.66314
0,40,6.5,28.1587,0.000121183,2.66191
0,40,6.5,28.6583,0.000193953,2.61695
0,40,6.5,29.1581,0.000377149,2.59662
0,40,6.50001,29.6543,0.000752659,2.28394
0,40,6.50001,30.1524,0.00141696,2.08229
0,40,6.50002,30.6319,0.00228968,1.17445
0,40,6.50003,31.1195,0.00303375,0.365411
0,40,6.50003,31.5736,0.00315321,0.198161
0,40,6.50002,32.0446,0.00233296,-0.719244
0,40,7,12.6569,9.26288e-06,2.63216
0,40,7,13.1569,5.1522e-05,2.63222
0,40,7,13.6579,0.00016182,2.63608
0,40,7.00001,14.1579,0.000534118,2.6362
0,40,7.00001,14.6585,0.000727616,2.6542
0,40,7.00001,15.1585,0.000821259,2.65426
0,40,7.00001,15.6587,0.000868626,2.66475
0,40,7.00001,16.1587,0.000891093,2.66477
0,40,7.00001,16.6587,0.000900698,2.66685
0,40,7.00001,17.1587,0.000904234,2.66685
0,40,7.00001,17.6587,0.000905366,2.66707
0,40,7.00001,18.1587,0.00090571,2.66707
0,40,7.00001,18.6587,0.000905795,2.66708
0,40,7.00001,19.1587,0.000905816,2.66708
0,40,7.00001,19.6587,0.000905821,2.66708
0,40,7.00001,20.1587,0.000905822,2.66708
0,40,7.00001,20.6587,0.000905822,2.66708
0,40,7.00001,21.1587,0.000905822,2.66708
0,40,7.00001,21.6587,0.000905822,2.66708
0,40,7.00001,22.1587,0.000905822,2.66708
0,40,7.00001,22.6587,0.000905822,2.66708
0,40,7.00001,23.1587,0.000905822,2.66708
0,40,7.00001,23.6587,0.000905822,2.66708
0,40,7.00001,24.1587,0.000905822,2.66708
0,40,7.00001,24.6587,0.000905824,2.66708
0,40,7.00001,25.1587,0.000905834,2.66708
0,40,7.00001,25.6587,0.000905891,2.66707
0,40,7.00001,26.1587,0.000906176,2.66707
0,40,7.00001,26.6587,0.000907457,2.66688
0,40,7.00001,27.1587,0.000913119,2.66683
0,40,7.00001,27.6587,0.000933579,2.66317
0,40,7.00001,28.1587,0.00100599,2.66199
0,40,7.00001,28.6583,0.00121981,2.61716
0,40,7.00002,29.1581,0.00177482,2.59713
0,40,7.00003,29.6543,0.00301383,2.28491
0,40,7.00005,30.1524,0.00533333,2.08405
0,40,7.00008,30.6319,0.00845348,1.17606
0,40,7.00012,31.1195,0.0115924,0.366874
0,40,7.00015,31.5736,0.0137111,0.197832
0,40,7.00012,32.0446,0.0111716,-0.721373
0,40,7.5,12.6569,-2.95327e-05,2.63217
0,40,7.5,13.1569,-0.000135673,2.63226
0,40,7.5,13.6579,-3.70516e-05,2.63645
0,40,7.5,14.1579,0.000280846,2.63664
0,40,7.5,14.6585,0.000535864,2.65438
0,40,7.50001,15.1585,0.000749864,2.65437
0,40,7.50001,15.6587,0.000867487,2.6648
0,40,7.50001,16.1587,0.000921896,2.66479
0,40,7.50001,16.6587,0.00094393,2.66686
0,40,7.50001,17.1587,0.00095244,2.66685
0,40,7.50001,17.6587,0.000954891,2.66707
0,40,7.50001,18.1587,0.000955656,2.66707
0,40,7.50001,18.6587,0.000955835,2.66708
0,40,7.50001,19.1587,0.000955878,2.66708
0,40,7.50001,19.6587,0.000955887,2.66708
0,40,7.50001,20.1587,0.000955889,2.66708
0,40,7.50001,20.6587,0.000955889,2.66708
0,40,7.50001,21.1587,0.000955889,2.66708
0,40,7.50001,21.6587,0.000955889,2.66708
0,40,7.50001,22.1587,0.000955889,2.66708
0,40,7.50001,22.6587,0.000955889,2.66708
0,40,7.50001,23.1587,0.000955889,2.66708
0,40,7.50001,23.6587,0.00095589,2.66708
0,40,7.50001,24.1587,0.00095589,2.66708
0,40,7.50001,24.6587,0.000955894,2.66708
0,40,7.50001,25.1587,0.000955912,2.66708
0,40,7.50001,25.6587,0.000956028,2.66707
0,40,7.50001,26.1587,0.000956592,2.66707
0,40,7.50001,26.6587,0.00095929,2.66688
0,40,7.50001,27.1587,0.000971553,2.66684
0,40,7.50001,27.6587,0.00101616,2.66323
0,40,7.50001,28.1587,0.00118952,2.66218
0,40,7.50001,28.6583,0.00168444,2.6177
0,40,7.50003,29.1582,0.00310488,2.59858
0,40,7.50006,29.6543,0.00633376,2.28775
0,40,7.50012,30.1524,0.0122373,2.08928
0,40,7.50022,30.632,0.0204521,1.18145
0,40,7.50034,31.1196,0.0294965,0.373981
0,40,7.50037,31.5736,0.03284,0.198085
0,40,7.50027,32.0446,0.0247333,-0.71942
0,40,8,12.6569,9.85323e-05,2.63215
0,40,8.00001,13.1569,0.000526992,2.6323
0,40,8.00003,13.6579,0.00124603,2.63704
0,40,8.00005,14.1579,0.00355232,2.63737
0,40,8.00006,14.6585,0.00466574,2.65476
0,40,8.00007,15.1585,0.00518628,2.65463
0,40,8.00007,15.6587,0.00545318,2.66492
0,40,8.00007,16.1587,0.00558237,2.66484
0,40,8.00007,16.6587,0.00562567,2.66687
0,40,8.00007,17.1587,0.00564388,2.66686
0,40,8.00007,17.6587,0.0056486,2.66707
0,40,8.00007,18.1587,0.00565006,2.66707
0,40,8.00007,18.6587,0.0056504,2.66708
0,40,8.00007,19.1587,0.00565047,2.66708
0,40,8.00007,19.6587,0.00565049,2.66708
0,40,8.00007,20.1587,0.00565049,2.66708
0,40,8.00007,20.6587,0.00565049,2.66708
0,40,8.00007,21.1587,0.00565049,2.66708
0,40,8.00007,21.6587,0.00565049,2.66708
0,40,8.00007,22.1587,0.00565049,2.66708
0,40,8.00007,22.6587,0.00565049,2.66708
0,40,8.00007,23.1587,0.00565049,2.66708
0,40,8.00007,23.6587,0.00565049,2.66708
0,40,8.00007,24.1587,0.00565049,2.66708
0,40,8.00007,24.6587,0.0056505,2.66708
0,40,8.00007,25.1587,0.00565053,2.66708
0,40,8.00007,25.6587,0.00565074,2.66707
0,40,8.00007,26.1587,0.00565169,2.66707
0,40,8.00007,26.6587,0.00565678,2.66689
0,40,8.00007,27.1587,0.0056794,2.66687
0,40,8.00007,27.6587,0.00576613,2.66337
0,40,8.00008,28.1587,0.0061255,2.66257
0,40,8.00008,28.6583,0.00711636,2.61897
0,40,8.00011,29.1582,0.0104735,2.60204
0,40,8.00018,29.6544,0.0176083,2.29437
0,40,8.00036,30.1526,0.032428,2.10251
0,40,8.00069,30.6322,0.0572981,1.19623
0,40,8.00108,31.1198,0.0806614,0.386497
0,40,8.00141,31.5736,0.0927379,0.192192
0,40,8.00126,32.0443,0.0739269,-0.740531
0,40,8.49999,12.6569,-0.000184869,2.63236
0,40,8.49997,13.157,-0.000689042,2.63281
0,40,8.5,13.658,0.000566368,2.63943
0,40,8.50003,14.158,0.00261804,2.64
0,40,8.50005,14.6586,0.00412137,2.65574
0,40,8.50007,15.1585,0.00512804,2.65515
0,40,8.50007,15.6587,0.00548868,2.66516
0,40,8.50008,16.1587,0.00575318,2.66497
0,40,8.50008,16.6587,0.00582205,2.6669
0,40,8.50008,17.1587,0.0058552,2.66688
0,40,8.50008,17.6587,0.00586332,2.66707
0,40,8.50008,18.1587,0.0058657,2.66707
0,40,8.50008,18.6587,0.00586629,2.66708
0,40,8.50008,19.1587,0.0058664,2.66708
0,40,8.50008,19.6587,0.00586643,2.66708
0,40,8.50008,20.1587,0.00586643,2.66708
0,40,8.50008,20.6587,0.00586643,2.66708
0,40,8.50008,21.1587,0.00586643,2.66708
0,40,8.50008,21.6587,0.00586643,2.66708
0,40,8.50008,22.1587,0.00586643,2.66708
0,40,8.50008,22.6587,0.00586643,2.66708
0,40,8.50008,23.1587,0.00586643,2.66708
0,40,8.50008,23.6587,0.00586643,2.66708
0,40,8.50008,24.1587,0.00586644,2.66708
0,40,8.50008,24.6587,0.00586645,2.66708
0,40,8.50008,25.1587,0.00586649,2.66708
0,40,8.50008,25.6587,0.00586683,2.66707
0,40,8.50008,26.1587,0.00586825,2.66707
0,40,8.50008,26.6587,0.00587697,2.66691
0,40,8.50008,27.1587,0.00591317,2.6669
0,40,8.50008,27.6587,0.00606536,2.66367
0,40,8.50008,28.1587,0.00670138,2.66314
0,40,8.5001,28.6583,0.00841443,2.6219
0,40,8.50016,29.1582,0.0152222,2.60863
0,40,8.50028,29.6546,0.0268215,2.30874
0,40,8.50072,30.153,0.0609243,2.13699
0,40,8.50134,30.6328,0.104352,1.2275
0,40,8.50234,31.1207,0.134773,0.427427
0,40,8.50321,31.5738,0.173608,0.200164
0,40,8.50183,32.0451,0.121949,-0.69981
0,40,9.00002,12.6569,0.000518045,2.632
0,40,9.00009,13.157,0.00259359,2.63319
0,40,9.00013,13.658,0.00471734,2.64197
0,40,9.00028,14.158,0.0119061,2.6421
0,40,9.00032,14.6586,0.0137023,2.6573
0,40,9.00036,15.1586,0.0169066,2.65639
0,40,9.00036,15.6587,0.0175926,2.66541
0,40,9.00037,16.1587,0.018083,2.66523
0,40,9.00037,16.6587,0.0181988,2.66693
0,40,9.00037,17.1587,0.0182519,2.66691
0,40,9.00037,17.6587,0.0182654,2.66707
0,40,9.00037,18.1587,0.0182689,2.66707
0,40,9.00037,18.6587,0.0182698,2.66708
0,40,9.00037,19.1587,0.0182699,2.66708
0,40,9.00037,19.6587,0.01827,2.66708
0,40,9.00037,20.1587,0.01827,2.66708
0,40,9.00037,20.6587,0.01827,2.66708
0,40,9.00037,21.1587,0.01827,2.66708
0,40,9.00037,21.6587,0.01827,2.66708
0,40,9.00037,22.1587,0.01827,2.66708
0,40,9.00037,22.6587,0.01827,2.66708
0,40,9.00037,23.1587,0.01827,2.66708
0,40,9.00037,23.6587,0.01827,2.66708
0,40,9.00037,24.1587,0.01827,2.66708
0,40,9.00037,24.6587,0.01827,2.66708
0,40,9.00037,25.1587,0.0182701,2.66708
0,40,9.00037,25.6587,0.0182706,2.66708
0,40,9.00037,26.1587,0.0182725,2.66707
0,40,9.00037,26.6587,0.0182859,2.66694
0,40,9.00037,27.1587,0.0183374,2.66692
0,40,9.00037,27.6587,0.0185856,2.66426
0,40,9.00038,28.1587,0.0195687,2.66373
0,40,9.00041,28.6584,0.0225028,2.62823
0,40,9.00051,29.1583,0.0345689,2.61694
0,40,9.00075,29.655,0.0539779,2.34143
0,40,9.00172,30.1537,0.132222,2.19705
0,40,9.00285,30.634,0.190009,1.26046
0,40,9.00675,31.1232,0.323739,0.516019
0,40,9.00904,31.5726,0.403455,0.112471
0,40,9.00531,32.0392,0.0475367,-0.977099
0,40,9.5003,12.6573,0.00592431,2.64023
0,40,9.49987,13.1573,-0.000935888,2.64062
0,40,9.50025,13.6583,0.00834649,2.65188
0,40,9.50023,14.1583,0.0109457,2.65194
0,40,9.50036,14.6586,0.0159474,2.66083
0,40,9.50035,15.1586,0.0165594,2.66092
0,40,9.50038,15.6587,0.018384,2.66634
0,40,9.50038,16.1587,0.0183572,2.66644
0,40,9.50038,16.6587,0.0186608,2.66753
0,40,9.50038,17.1587,0.0186642,2.66755
0,40,9.50038,17.6587,0.0186923,2.66765
0,40,9.50038,18.1587,0.0186928,2.66765
0,40,9.50038,18.6587,0.0186944,2.66765
0,40,9.50038,19.1587,0.0186944,2.66765
0,40,9.50038,19.6587,0.0186945,2.66765
0,40,9.50038,20.1587,0.0186945,2.66765
0,40,9.50038,20.6587,0.0186945,2.66765
0,40,9.50038,21.1587,0.0186945,2.66765
0,40,9.50038,21.6587,0.0186945,2.66765
0,40,9.50038,22.1587,0.0186945,2.66765
0,40,9.50038,22.6587,0.0186945,2.66765
0,40,9.50038,23.1587,0.0186945,2.66765
0,40,9.50038,23.6587,0.0186945,2.66765
0,40,9.50038,24.1587,0.0186945,2.66765
0,40,9.50038,24.6587,0.0186945,2.66765
0,40,9.50038,25.1587,0.0186946,2.66765
0,40,9.50038,25.6587,0.0186953,2.66765
0,40,9.50038,26.1587,0.0186958,2.66765
0,40,9.50038,26.6587,0.0187183,2.66757
0,40,9.50038,27.1587,0.0187307,2.66754
0,40,9.50039,27.6587,0.01919,2.6659
0,40,9.50039,28.1587,0.019414,2.66525
0,40,9.50044,28.6585,0.0257179,2.64249
0,40,9.50046,29.1584,0.0282541,2.63207
0,40,9.50106,29.6562,0.0807352,2.44227
0,40,9.50119,30.1552,0.0936959,2.33295
0,40,9.50524,30.6406,0.317315,1.58662
0,40,9.50456,31.1328,0.267309,1.04034
0,40,9.51958,31.5883,0.66549,0.457773
0,40,9.50616,32.0653,0.249635,-0.422419
1,40,10,1.5,0,0
1,40,10.5,1.5,0,0
1,40,1.5,1.5,0,0
1,40,2,1.5,0,0
1,40,10,2,0,0
1,40,10.5,2,0,0
1,40,1.5,2,0,0
1,40,2,2,0,0
1,40,10,2.5,0,0
1,40,10.5,2.5,0,0
1,40,1.5,2.5,0,0
1,40,2,2.5,0,0
1,40,10,3,0,0
1,40,10.5,3,0,0
1,40,1.5,3,0,0
1,40,2,3,0,0
1,40,10,3.5,0,0
1,40,10.5,3.5,0,0
1,40,1.5,3.5,0,0
1,40,2,3.5,0,0
1,40,10,4,0,0
1,40,10.5,4,0,0
1,40,1.5,4,0,0
1,40,2,4,0,0
1,40,10,4.5,0,0
1,40,10.5,4.5,0,0
1,40,1.5,4.5,0,0
1,40,2,4.5,0,0
1,40,10,5,0,0
1,40,10.5,5,0,0
1,40,1.5,5,0,0
1,40,2,5,0,0
1,40,10,5.5,0,0
1,40,10.5,5.5,0,0
1,40,1.5,5.5,0,0
1,40,2,5.5,0,0
1,40,10,6,0,0
1,40,10.5,6,0,0
1,40,1.5,6,0,0
1,40,2,6,0,0
1,40,10,6.5,0,0
1,40,10.5,6.5,0,0
1,40,1.5,6.5,0,0
1,40,2,6.5,0,0
1,40,10,7,0,0
1,40,10.5,7,0,0
1,40,1.5,7,0,0
1,40,2,7,0,0
1,40,10,7.5,0,0
1,40,10.5,7.5,0,0
1,40,1.5,7.5,0,0
1,40,2,7.5,0,0
1,40,10,8,0,0
1,40,10.5,8,0,0
1,40,1.5,8,0,0
1,40,2,8,0,0
1,40,10,8.5,0,0
1,40,10.5,8.5,0,0
1,40,1.5,8.5,0,0
1,40,2,8.5,0,0
1,40,10,9,0,0
1,40,10.5,9,0,0
1,40,1.5,9,0,0
1,40,2,9,0,0
1,40,10,9.5,0,0
1,40,10.5,9.5,0,0
1,40,1.5,9.5,0,0
1,40,2,9.5,0,0
1,40,10,10,0,0
1,40,10.5,10,0,0
1,40,1.5,10,0,0
1,40,2,10,0,0
1,40,10,10.5,0,0
1,40,10.5,10.5,0,0
1,40,1.5,10.5,0,0
1,40,2,10.5,0,0
1,40,10,11,0,0
1,40,10.5,11,0,0
1,40,1.5,11,0,0
1,40,2,11,0,0
1,40,10,11.5,0,0
1,40,10.5,11.5,0,0
1,40,1.5,11.5,0,0
1,40,2,11.5,0,0
1,40,10,12,0,0
1,40,10.5,12,0,0
1,40,1.5,12,0,0
1,40,2,12,0,0
1,40,10,12.5,0,0
1,40,10.5,12.5,0,0
1,40,1.5,12.5,0,0
1,40,2,12.5,0,0
1,40,10,13,0,0
1,40,10.5,13,0,0
1,40,1.5,13,0,0
1,40,2,13,0,0
1,40,10,13.5,0,0
1,40,10.5,13.5,0,0
1,40,1.5,13.5,0,0
1,40,2,13.5,0,0
1,40,10,14,0,0
1,40,10.5,14,0,0
1,40,1.5,14,0,0
1,40,2,14,0,0
1,40,10,14.5,0,0
1,40,10.5,14.5,0,0
1,40,1.5,14.5,0,0
1,40,2,14.5,0,0
1,40,10,15,0,0
1,40,10.5,15,0,0
1,40,1.5,15,0,0
1,40,2,15,0,0
1,40,10,15.5,0,0
1,40,10.5,15.5,0,0
1,40,1.5,15.5,0,0
1,40,2,15.5,0,0
1,40,10,16,0,0
1,40,10.5,16,0,0
1,40,1.5,16,0,0
1,40,2,16,0,0
1,40,10,16.5,0,0
1,40,10.5,16.5,0,0
1,40,1.5,16.5,0,0
1,40,2,16.5,0,0
1,40,10,17,0,0
1,40,10.5,17,0,0
1,40,1.5,17,0,0
1,40,2,17,0,0
1,40,10,17.5,0,0
1,40,10.5,17.5,0,0
1,40,1.5,17.5,0,0
1,40,2,17.5,0,0
1,40,10,18,0,0
1,40,10.5,18,0,0
1,40,1.5,18,0,0
1,40,2,18,0,0
1,40,10,18.5,0,0
1,40,10.5,18.5,0,0
1,40,1.5,18.5,0,0
1,40,2,18.5,0,0
1,40,10,19,0,0
1,40,10.5,19,0,0
1,40,1.5,19,0,0
1,40,2,19,0,0
1,40,10,19.5,0,0
1,40,10.5,19.5,0,0
1,40,1.5,19.5,0,0
1,40,2,19.5,0,0
1,40,10,20,0,0
1,40,10.5,20,0,0
1,40,1.5,20,0,0
1,40,2,20,0,0
1,40,10,20.5,0,0
1,40,10.5,20.5,0,0
1,40,1.5,20.5,0,0
1,40,2,20.5,0,0
1,40,10,21,0,0
1,40,10.5,21,0,0
1,40,1.5,21,0,0
1,40,2,21,0,0
1,40,10,21.5,0,0
1,40,10.5,21.5,0,0
1,40,1.5,21.5,0,0
1,40,2,21.5,0,0
1,40,10,22,0,0
1,40,10.5,22,0,0
1,40,1.5,22,0,0
1,40,2,22,0,0
1,40,10,22.5,0,0
1,40,10.5,22.5,0,0
1,40,1.5,22.5,0,0
1,40,2,22.5,0,0
1,40,10,23,0,0
1,40,10.5,23,0,0
1,40,1.5,23,0,0
1,40,2,23,0,0
1,40,10,23.5,0,0
1,40,10.5,23.5,0,0
1,40,1.5,23.5,0,0
1,40,2,23.5,0,0
1,40,10,24,0,0
1,40,10.5,24,0,0
1,40,1.5,24,0,0
1,40,2,24,0,0
1,40,10,24.5,0,0
1,40,10.5,24.5,0,0
1,40,1.5,24.5,0,0
1,40,2,24.5,0,0
1,40,10,25,0,0
1,40,10.5,25,0,0
1,40,1.5,25,0,0
1,40,2,25,0,0
1,40,10,25.5,0,0
1,40,10.5,25.5,0,0
1,40,1.5,25.5,0,0
1,40,2,25.5,0,0
1,40,10,26,0,0
1,40,10.5,26,0,0
1,40,1.5,26,0,0
1,40,2,26,0,0
1,40,10,26.5,0,0
1,40,10.5,26.5,0,0
1,40,1.5,26.5,0,0
1,40,2,26.5,0,0
1,40,10,27,0,0
1,40,10.5,27,0,0
1,40,1.5,27,0,0
1,40,2,27,0,0
1,40,10,27.5,0,0
1,40,10.5,27.5,0,0
1,40,1.5,27.5,0,0
1,40,2,27.5,0,0
1,40,10,28,0,0
1,40,10.5,28,0,0
1,40,1.5,28,0,0
1,40,2,28,0,0
1,40,10,28.5,0,0
1,40,10.5,28.5,0,0
1,40,1.5,28.5,0,0
1,40,2,28.5,0,0
1,40,10,29,0,0
1,40,10.5,29,0,0
1,40,1.5,29,0,0
1,40,2,29,0,0
1,40,10,29.5,0,0
1,40,10.5,29.5,0,0
1,40,1.5,29.5,0,0
1,40,2,29.5,0,0
1,40,10,30,0,0
1,40,10.5,30,0,0
1,40,1.5,30,0,0
1,40,2,30,0,0
1,40,10,30.5,0,0
1,40,10.5,30.5,0,0
1,40,1.5,30.5,0,0
1,40,2,30.5,0,0
1,40,10,31,0,0
1,40,10.5,31,0,0
1,40,1.5,31,0,0
1,40,2,31,0,0
1,40,10,31.5,0,0
1,40,10.5,31.5,0,0
1,40,1.5,31.5,0,0
1,40,2,31.5,0,0
1,40,10,32,0,0
1,40,10.5,32,0,0
1,40,1.5,32,0,0
1,40,2,32,0,0
1,40,10,32.5,0,0
1,40,10.5,32.5,0,0
1,40,1.5,32.5,0,0
1,40,2,32.5,0,0
1,40,10,33,0,0
1,40,10.5,33,0,0
1,40,1.5,33,0,0
1,40,2,33,0,0
1,40,2.5,1.5,0,0
1,40,2.5,2,0,0
1,40,2.5,32.5,0,0
1,40,2.5,33,0,0
1,40,3,1.5,0,0
1,40,3,2,0,0
1,40,3,32.5,0,0
1,40,3,33,0,0
1,40,3.5,1.5,0,0
1,40,3.5,2,0,0
1,40,3.5,32.5,0,0
1,40,3.5,33,0,0
1,40,4,1.5,0,0
1,40,4,2,0,0
1,40,4,32.5,0,0
1,40,4,33,0,0
1,40,4.5,1.5,0,0
1,40,4.5,2,0,0
1,40,4.5,32.5,0,0
1,40,4.5,33,0,0
1,40,5,1.5,0,0
1,40,5,2,0,0
1,40,5,32.5,0,0
1,40,5,33,0,0
1,40,5.5,1.5,0,0
1,40,5.5,2,0,0
1,40,5.5,32.5,0,0
1,40,5.5,33,0,0
1,40,6,1.5,0,0
1,40,6,2,0,0
1,40,6,32.5,0,0
1,40,6,33,0,0
1,40,6.5,1.5,0,0
1,40,6.5,2,0,0
1,40,6.5,32.5,0,0
1,40,6.5,33,0,0
1,40,7,1.5,0,0
1,40,7,2,0,0
1,40,7,32.5,0,0
1,40,7,33,0,0
1,40,7.5,1.5,0,0
1,40,7.5,2,0,0
1,40,7.5,32.5,0,0
1,40,7.5,33,0,0
1,40,8,1.5,0,0
1,40,8,2,0,0
1,40,8,32.5,0,0
1,40,8,33,0,0
1,40,8.5,1.5,0,0
1,40,8.5,2,0,0
1,40,8.5,32.5,0,0
1,40,8.5,33,0,0
1,40,9,1.5,0,0
1,40,9,2,0,0
1,40,9,32.5,0,0
1,40,9,33,0,0
1,40,9.5,1.5,0,0
1,40,9.5,2,0,0
1,40,9.5,32.5,0,0
1,40,9.5,33,0,0
