2452 2 0.5 5000 0.2 2 0 0.001 0 9.81 35.5 49.5
0,250.0,2.5,2.5,0,0
0,250.0,2.5,3.0,0,0
0,250.0,2.5,3.5,0,0
0,250.0,2.5,4.0,0,0
0,250.0,2.5,4.5,0,0
0,250.0,2.5,5.0,0,0
0,250.0,2.5,5.5,0,0
0,250.0,2.5,6.0,0,0
0,250.0,2.5,6.5,0,0
0,250.0,2.5,7.0,0,0
0,250.0,2.5,7.5,0,0
0,250.0,2.5,8.0,0,0
0,250.0,2.5,8.5,0,0
0,250.0,2.5,9.0,0,0
0,250.0,2.5,9.5,0,0
0,250.0,2.5,10.0,0,0
0,250.0,2.5,10.5,0,0
0,250.0,2.5,11.0,0,0
0,250.0,2.5,11.5,0,0
0,250.0,2.5,12.0,0,0
0,250.0,2.5,12.5,0,0
0,250.0,2.5,13.0,0,0
0,250.0,2.5,13.5,0,0
0,250.0,2.5,14.0,0,0
0,250.0,2.5,14.5,0,0
0,250.0,2.5,15.0,0,0
0,250.0,2.5,15.5,0,0
0,250.0,2.5,16.0,0,0
0,250.0,2.5,16.5,0,0
0,250.0,2.5,17.0,0,0
0,250.0,2.5,17.5,0,0
0,250.0,2.5,18.0,0,0
0,250.0,2.5,18.5,0,0
0,250.0,2.5,19.0,0,0
0,250.0,2.5,19.5,0,0
0,250.0,2.5,20.0,0,0
0,250.0,2.5,20.5,0,0
0,250.0,2.5,21.0,0,0
0,250.0,2.5,21.5,0,0
0,250.0,2.5,22.0,0,0
0,250.0,2.5,22.5,0,0
0,250.0,2.5,23.0,0,0
0,250.0,2.5,23.5,0,0
0,250.0,2.5,24.0,0,0
0,250.0,2.5,24.5,0,0
0,250.0,2.5,25.0,0,0
0,250.0,2.5,25.5,0,0
0,250.0,2.5,26.0,0,0
0,250.0,2.5,26.5,0,0
0,250.0,2.5,27.0,0,0
0,250.0,2.5,27.5,0,0
0,250.0,2.5,28.0,0,0
0,250.0,2.5,28.5,0,0
0,250.0,2.5,29.0,0,0
0,250.0,2.5,29.5,0,0
0,250.0,2.5,30.0,0,0
0,250.0,3.0,2.5,0,0
0,250.0,3.0,3.0,0,0
0,250.0,3.0,3.5,0,0
0,250.0,3.0,4.0,0,0
0,250.0,3.0,4.5,0,0
0,250.0,3.0,5.0,0,0
0,250.0,3.0,5.5,0,0
0,250.0,3.0,6.0,0,0
0,250.0,3.0,6.5,0,0
0,250.0,3.0,7.0,0,0
0,250.0,3.0,7.5,0,0
0,250.0,3.0,8.0,0,0
0,250.0,3.0,8.5,0,0
0,250.0,3.0,9.0,0,0
0,250.0,3.0,9.5,0,0
0,250.0,3.0,10.0,0,0
0,250.0,3.0,10.5,0,0
0,250.0,3.0,11.0,0,0
0,250.0,3.0,11.5,0,0
0,250.0,3.0,12.0,0,0
0,250.0,3.0,12.5,0,0
0,250.0,3.0,13.0,0,0
0,250.0,3.0,13.5,0,0
0,250.0,3.0,14.0,0,0
0,250.0,3.0,14.5,0,0
0,250.0,3.0,15.0,0,0
0,250.0,3.0,15.5,0,0
0,250.0,3.0,16.0,0,0
0,250.0,3.0,16.5,0,0
0,250.0,3.0,17.0,0,0
0,250.0,3.0,17.5,0,0
0,250.0,3.0,18.0,0,0
0,250.0,3.0,18.5,0,0
0,250.0,3.0,19.0,0,0
0,250.0,3.0,19.5,0,0
0,250.0,3.0,20.0,0,0
0,250.0,3.0,20.5,0,0
0,250.0,3.0,21.0,0,0
0,250.0,3.0,21.5,0,0
0,250.0,3.0,22.0,0,0
0,250.0,3.0,22.5,0,0
0,250.0,3.0,23.0,0,0
0,250.0,3.0,23.5,0,0
0,250.0,3.0,24.0,0,0
0,250.0,3.0,24.5,0,0
0,250.0,3.0,25.0,0,0
0,250.0,3.0,25.5,0,0
0,250.0,3.0,26.0,0,0
0,250.0,3.0,26.5,0,0
0,250.0,3.0,27.0,0,0
0,250.0,3.0,27.5,0,0
0,250.0,3.0,28.0,0,0
0,250.0,3.0,28.5,0,0
0,250.0,3.0,29.0,0,0
0,250.0,3.0,29.5,0,0
0,250.0,3.0,30.0,0,0
0,250.0,3.5,2.5,0,0
0,250.0,3.5,3.0,0,0
0,250.0,3.5,3.5,0,0
0,250.0,3.5,4.0,0,0
0,250.0,3.5,4.5,0,0
0,250.0,3.5,5.0,0,0
0,250.0,3.5,5.5,0,0
0,250.0,3.5,6.0,0,0
0,250.0,3.5,6.5,0,0
0,250.0,3.5,7.0,0,0
0,250.0,3.5,7.5,0,0
0,250.0,3.5,8.0,0,0
0,250.0,3.5,8.5,0,0
0,250.0,3.5,9.0,0,0
0,250.0,3.5,9.5,0,0
0,250.0,3.5,10.0,0,0
0,250.0,3.5,10.5,0,0
0,250.0,3.5,11.0,0,0
0,250.0,3.5,11.5,0,0
0,250.0,3.5,12.0,0,0
0,250.0,3.5,12.5,0,0
0,250.0,3.5,13.0,0,0
0,250.0,3.5,13.5,0,0
0,250.0,3.5,14.0,0,0
0,250.0,3.5,14.5,0,0
0,250.0,3.5,15.0,0,0
0,250.0,3.5,15.5,0,0
0,250.0,3.5,16.0,0,0
0,250.0,3.5,16.5,0,0
0,250.0,3.5,17.0,0,0
0,250.0,3.5,17.5,0,0
0,250.0,3.5,18.0,0,0
0,250.0,3.5,18.5,0,0
0,250.0,3.5,19.0,0,0
0,250.0,3.5,19.5,0,0
0,250.0,3.5,20.0,0,0
0,250.0,3.5,20.5,0,0
0,250.0,3.5,21.0,0,0
0,250.0,3.5,21.5,0,0
0,250.0,3.5,22.0,0,0
0,250.0,3.5,22.5,0,0
0,250.0,3.5,23.0,0,0
0,250.0,3.5,23.5,0,0
0,250.0,3.5,24.0,0,0
0,250.0,3.5,24.5,0,0
0,250.0,3.5,25.0,0,0
0,250.0,3.5,25.5,0,0
0,250.0,3.5,26.0,0,0
0,250.0,3.5,26.5,0,0
0,250.0,3.5,27.0,0,0
0,250.0,3.5,27.5,0,0
0,250.0,3.5,28.0,0,0
0,250.0,3.5,28.5,0,0
0,250.0,3.5,29.0,0,0
0,250.0,3.5,29.5,0,0
0,250.0,3.5,30.0,0,0
0,250.0,4.0,2.5,0,0
0,250.0,4.0,3.0,0,0
0,250.0,4.0,3.5,0,0
0,250.0,4.0,4.0,0,0
0,250.0,4.0,4.5,0,0
0,250.0,4.0,5.0,0,0
0,250.0,4.0,5.5,0,0
0,250.0,4.0,6.0,0,0
0,250.0,4.0,6.5,0,0
0,250.0,4.0,7.0,0,0
0,250.0,4.0,7.5,0,0
0,250.0,4.0,8.0,0,0
0,250.0,4.0,8.5,0,0
0,250.0,4.0,9.0,0,0
0,250.0,4.0,9.5,0,0
0,250.0,4.0,10.0,0,0
0,250.0,4.0,10.5,0,0
0,250.0,4.0,11.0,0,0
0,250.0,4.0,11.5,0,0
0,250.0,4.0,12.0,0,0
0,250.0,4.0,12.5,0,0
0,250.0,4.0,13.0,0,0
0,250.0,4.0,13.5,0,0
0,250.0,4.0,14.0,0,0
0,250.0,4.0,14.5,0,0
0,250.0,4.0,15.0,0,0
0,250.0,4.0,15.5,0,0
0,250.0,4.0,16.0,0,0
0,250.0,4.0,16.5,0,0
0,250.0,4.0,17.0,0,0
0,250.0,4.0,17.5,0,0
0,250.0,4.0,18.0,0,0
0,250.0,4.0,18.5,0,0
0,250.0,4.0,19.0,0,0
0,250.0,4.0,19.5,0,0
0,250.0,4.0,20.0,0,0
0,250.0,4.0,20.5,0,0
0,250.0,4.0,21.0,0,0
0,250.0,4.0,21.5,0,0
0,250.0,4.0,22.0,0,0
0,250.0,4.0,22.5,0,0
0,250.0,4.0,23.0,0,0
0,250.0,4.0,23.5,0,0
0,250.0,4.0,24.0,0,0
0,250.0,4.0,24.5,0,0
0,250.0,4.0,25.0,0,0
0,250.0,4.0,25.5,0,0
0,250.0,4.0,26.0,0,0
0,250.0,4.0,26.5,0,0
0,250.0,4.0,27.0,0,0
0,250.0,4.0,27.5,0,0
0,250.0,4.0,28.0,0,0
0,250.0,4.0,28.5,0,0
0,250.0,4.0,29.0,0,0
0,250.0,4.0,29.5,0,0
0,250.0,4.0,30.0,0,0
0,250.0,4.5,2.5,0,0
0,250.0,4.5,3.0,0,0
0,250.0,4.5,3.5,0,0
0,250.0,4.5,4.0,0,0
0,250.0,4.5,4.5,0,0
0,250.0,4.5,5.0,0,0
0,250.0,4.5,5.5,0,0
0,250.0,4.5,6.0,0,0
0,250.0,4.5,6.5,0,0
0,250.0,4.5,7.0,0,0
0,250.0,4.5,7.5,0,0
0,250.0,4.5,8.0,0,0
0,250.0,4.5,8.5,0,0
0,250.0,4.5,9.0,0,0
0,250.0,4.5,9.5,0,0
0,250.0,4.5,10.0,0,0
0,250.0,4.5,10.5,0,0
0,250.0,4.5,11.0,0,0
0,250.0,4.5,11.5,0,0
0,250.0,4.5,12.0,0,0
0,250.0,4.5,12.5,0,0
0,250.0,4.5,13.0,0,0
0,250.0,4.5,13.5,0,0
0,250.0,4.5,14.0,0,0
0,250.0,4.5,14.5,0,0
0,250.0,4.5,15.0,0,0
0,250.0,4.5,15.5,0,0
0,250.0,4.5,16.0,0,0
0,250.0,4.5,16.5,0,0
0,250.0,4.5,17.0,0,0
0,250.0,4.5,17.5,0,0
0,250.0,4.5,18.0,0,0
0,250.0,4.5,18.5,0,0
0,250.0,4.5,19.0,0,0
0,250.0,4.5,19.5,0,0
0,250.0,4.5,20.0,0,0
0,250.0,4.5,20.5,0,0
0,250.0,4.5,21.0,0,0
0,250.0,4.5,21.5,0,0
0,250.0,4.5,22.0,0,0
0,250.0,4.5,22.5,0,0
0,250.0,4.5,23.0,0,0
0,250.0,4.5,23.5,0,0
0,250.0,4.5,24.0,0,0
0,250.0,4.5,24.5,0,0
0,250.0,4.5,25.0,0,0
0,250.0,4.5,25.5,0,0
0,250.0,4.5,26.0,0,0
0,250.0,4.5,26.5,0,0
0,250.0,4.5,27.0,0,0
0,250.0,4.5,27.5,0,0
0,250.0,4.5,28.0,0,0
0,250.0,4.5,28.5,0,0
0,250.0,4.5,29.0,0,0
0,250.0,4.5,29.5,0,0
0,250.0,4.5,30.0,0,0
0,250.0,5.0,2.5,0,0
0,250.0,5.0,3.0,0,0
0,250.0,5.0,3.5,0,0
0,250.0,5.0,4.0,0,0
0,250.0,5.0,4.5,0,0
0,250.0,5.0,5.0,0,0
0,250.0,5.0,5.5,0,0
0,250.0,5.0,6.0,0,0
0,250.0,5.0,6.5,0,0
0,250.0,5.0,7.0,0,0
0,250.0,5.0,7.5,0,0
0,250.0,5.0,8.0,0,0
0,250.0,5.0,8.5,0,0
0,250.0,5.0,9.0,0,0
0,250.0,5.0,9.5,0,0
0,250.0,5.0,10.0,0,0
0,250.0,5.0,10.5,0,0
0,250.0,5.0,11.0,0,0
0,250.0,5.0,11.5,0,0
0,250.0,5.0,12.0,0,0
0,250.0,5.0,12.5,0,0
0,250.0,5.0,13.0,0,0
0,250.0,5.0,13.5,0,0
0,250.0,5.0,14.0,0,0
0,250.0,5.0,14.5,0,0
0,250.0,5.0,15.0,0,0
0,250.0,5.0,15.5,0,0
0,250.0,5.0,16.0,0,0
0,250.0,5.0,16.5,0,0
0,250.0,5.0,17.0,0,0
0,250.0,5.0,17.5,0,0
0,250.0,5.0,18.0,0,0
0,250.0,5.0,18.5,0,0
0,250.0,5.0,19.0,0,0
0,250.0,5.0,19.5,0,0
0,250.0,5.0,20.0,0,0
0,250.0,5.0,20.5,0,0
0,250.0,5.0,21.0,0,0
0,250.0,5.0,21.5,0,0
0,250.0,5.0,22.0,0,0
0,250.0,5.0,22.5,0,0
0,250.0,5.0,23.0,0,0
0,250.0,5.0,23.5,0,0
0,250.0,5.0,24.0,0,0
0,250.0,5.0,24.5,0,0
0,250.0,5.0,25.0,0,0
0,250.0,5.0,25.5,0,0
0,250.0,5.0,26.0,0,0
0,250.0,5.0,26.5,0,0
0,250.0,5.0,27.0,0,0
0,250.0,5.0,27.5,0,0
0,250.0,5.0,28.0,0,0
0,250.0,5.0,28.5,0,0
0,250.0,5.0,29.0,0,0
0,250.0,5.0,29.5,0,0
0,250.0,5.0,30.0,0,0
0,250.0,5.5,2.5,0,0
0,250.0,5.5,3.0,0,0
0,250.0,5.5,3.5,0,0
0,250.0,5.5,4.0,0,0
0,250.0,5.5,4.5,0,0
0,250.0,5.5,5.0,0,0
0,250.0,5.5,5.5,0,0
0,250.0,5.5,6.0,0,0
0,250.0,5.5,6.5,0,0
0,250.0,5.5,7.0,0,0
0,250.0,5.5,7.5,0,0
0,250.0,5.5,8.0,0,0
0,250.0,5.5,8.5,0,0
0,250.0,5.5,9.0,0,0
0,250.0,5.5,9.5,0,0
0,250.0,5.5,10.0,0,0
0,250.0,5.5,10.5,0,0
0,250.0,5.5,11.0,0,0
0,250.0,5.5,11.5,0,0
0,250.0,5.5,12.0,0,0
0,250.0,5.5,12.5,0,0
0,250.0,5.5,13.0,0,0
0,250.0,5.5,13.5,0,0
0,250.0,5.5,14.0,0,0
0,250.0,5.5,14.5,0,0
0,250.0,5.5,15.0,0,0
0,250.0,5.5,15.5,0,0
0,250.0,5.5,16.0,0,0
0,250.0,5.5,16.5,0,0
0,250.0,5.5,17.0,0,0
0,250.0,5.5,17.5,0,0
0,250.0,5.5,18.0,0,0
0,250.0,5.5,18.5,0,0
0,250.0,5.5,19.0,0,0
0,250.0,5.5,19.5,0,0
0,250.0,5.5,20.0,0,0
0,250.0,5.5,20.5,0,0
0,250.0,5.5,21.0,0,0
0,250.0,5.5,21.5,0,0
0,250.0,5.5,22.0,0,0
0,250.0,5.5,22.5,0,0
0,250.0,5.5,23.0,0,0
0,250.0,5.5,23.5,0,0
0,250.0,5.5,24.0,0,0
0,250.0,5.5,24.5,0,0
0,250.0,5.5,25.0,0,0
0,250.0,5.5,25.5,0,0
0,250.0,5.5,26.0,0,0
0,250.0,5.5,26.5,0,0
0,250.0,5.5,27.0,0,0
0,250.0,5.5,27.5,0,0
0,250.0,5.5,28.0,0,0
0,250.0,5.5,28.5,0,0
0,250.0,5.5,29.0,0,0
0,250.0,5.5,29.5,0,0
0,250.0,5.5,30.0,0,0
0,250.0,6.0,2.5,0,0
0,250.0,6.0,3.0,0,0
0,250.0,6.0,3.5,0,0
0,250.0,6.0,4.0,0,0
0,250.0,6.0,4.5,0,0
0,250.0,6.0,5.0,0,0
0,250.0,6.0,5.5,0,0
0,250.0,6.0,6.0,0,0
0,250.0,6.0,6.5,0,0
0,250.0,6.0,7.0,0,0
0,250.0,6.0,7.5,0,0
0,250.0,6.0,8.0,0,0
0,250.0,6.0,8.5,0,0
0,250.0,6.0,9.0,0,0
0,250.0,6.0,9.5,0,0
0,250.0,6.0,10.0,0,0
0,250.0,6.0,10.5,0,0
0,250.0,6.0,11.0,0,0
0,250.0,6.0,11.5,0,0
0,250.0,6.0,12.0,0,0
0,250.0,6.0,12.5,0,0
0,250.0,6.0,13.0,0,0
0,250.0,6.0,13.5,0,0
0,250.0,6.0,14.0,0,0
0,250.0,6.0,14.5,0,0
0,250.0,6.0,15.0,0,0
0,250.0,6.0,15.5,0,0
0,250.0,6.0,16.0,0,0
0,250.0,6.0,16.5,0,0
0,250.0,6.0,17.0,0,0
0,250.0,6.0,17.5,0,0
0,250.0,6.0,18.0,0,0
0,250.0,6.0,18.5,0,0
0,250.0,6.0,19.0,0,0
0,250.0,6.0,19.5,0,0
0,250.0,6.0,20.0,0,0
0,250.0,6.0,20.5,0,0
0,250.0,6.0,21.0,0,0
0,250.0,6.0,21.5,0,0
0,250.0,6.0,22.0,0,0
0,250.0,6.0,22.5,0,0
0,250.0,6.0,23.0,0,0
0,250.0,6.0,23.5,0,0
0,250.0,6.0,24.0,0,0
0,250.0,6.0,24.5,0,0
0,250.0,6.0,25.0,0,0
0,250.0,6.0,25.5,0,0
0,250.0,6.0,26.0,0,0
0,250.0,6.0,26.5,0,0
0,250.0,6.0,27.0,0,0
0,250.0,6.0,27.5,0,0
0,250.0,6.0,28.0,0,0
0,250.0,6.0,28.5,0,0
0,250.0,6.0,29.0,0,0
0,250.0,6.0,29.5,0,0
0,250.0,6.0,30.0,0,0
0,250.0,6.5,2.5,0,0
0,250.0,6.5,3.0,0,0
0,250.0,6.5,3.5,0,0
0,250.0,6.5,4.0,0,0
0,250.0,6.5,4.5,0,0
0,250.0,6.5,5.0,0,0
0,250.0,6.5,5.5,0,0
0,250.0,6.5,6.0,0,0
0,250.0,6.5,6.5,0,0
0,250.0,6.5,7.0,0,0
0,250.0,6.5,7.5,0,0
0,250.0,6.5,8.0,0,0
0,250.0,6.5,8.5,0,0
0,250.0,6.5,9.0,0,0
0,250.0,6.5,9.5,0,0
0,250.0,6.5,10.0,0,0
0,250.0,6.5,10.5,0,0
0,250.0,6.5,11.0,0,0
0,250.0,6.5,11.5,0,0
0,250.0,6.5,12.0,0,0
0,250.0,6.5,12.5,0,0
0,250.0,6.5,13.0,0,0
0,250.0,6.5,13.5,0,0
0,250.0,6.5,14.0,0,0
0,250.0,6.5,14.5,0,0
0,250.0,6.5,15.0,0,0
0,250.0,6.5,15.5,0,0
0,250.0,6.5,16.0,0,0
0,250.0,6.5,16.5,0,0
0,250.0,6.5,17.0,0,0
0,250.0,6.5,17.5,0,0
0,250.0,6.5,18.0,0,0
0,250.0,6.5,18.5,0,0
0,250.0,6.5,19.0,0,0
0,250.0,6.5,19.5,0,0
0,250.0,6.5,20.0,0,0
0,250.0,6.5,20.5,0,0
0,250.0,6.5,21.0,0,0
0,250.0,6.5,21.5,0,0
0,250.0,6.5,22.0,0,0
0,250.0,6.5,22.5,0,0
0,250.0,6.5,23.0,0,0
0,250.0,6.5,23.5,0,0
0,250.0,6.5,24.0,0,0
0,250.0,6.5,24.5,0,0
0,250.0,6.5,25.0,0,0
0,250.0,6.5,25.5,0,0
0,250.0,6.5,26.0,0,0
0,250.0,6.5,26.5,0,0
0,250.0,6.5,27.0,0,0
0,250.0,6.5,27.5,0,0
0,250.0,6.5,28.0,0,0
0,250.0,6.5,28.5,0,0
0,250.0,6.5,29.0,0,0
0,250.0,6.5,29.5,0,0
0,250.0,6.5,30.0,0,0
0,250.0,7.0,2.5,0,0
0,250.0,7.0,3.0,0,0
0,250.0,7.0,3.5,0,0
0,250.0,7.0,4.0,0,0
0,250.0,7.0,4.5,0,0
0,250.0,7.0,5.0,0,0
0,250.0,7.0,5.5,0,0
0,250.0,7.0,6.0,0,0
0,250.0,7.0,6.5,0,0
0,250.0,7.0,7.0,0,0
0,250.0,7.0,7.5,0,0
0,250.0,7.0,8.0,0,0
0,250.0,7.0,8.5,0,0
0,250.0,7.0,9.0,0,0
0,250.0,7.0,9.5,0,0
0,250.0,7.0,10.0,0,0
0,250.0,7.0,10.5,0,0
0,250.0,7.0,11.0,0,0
0,250.0,7.0,11.5,0,0
0,250.0,7.0,12.0,0,0
0,250.0,7.0,12.5,0,0
0,250.0,7.0,13.0,0,0
0,250.0,7.0,13.5,0,0
0,250.0,7.0,14.0,0,0
0,250.0,7.0,14.5,0,0
0,250.0,7.0,15.0,0,0
0,250.0,7.0,15.5,0,0
0,250.0,7.0,16.0,0,0
0,250.0,7.0,16.5,0,0
0,250.0,7.0,17.0,0,0
0,250.0,7.0,17.5,0,0
0,250.0,7.0,18.0,0,0
0,250.0,7.0,18.5,0,0
0,250.0,7.0,19.0,0,0
0,250.0,7.0,19.5,0,0
0,250.0,7.0,20.0,0,0
0,250.0,7.0,20.5,0,0
0,250.0,7.0,21.0,0,0
0,250.0,7.0,21.5,0,0
0,250.0,7.0,22.0,0,0
0,250.0,7.0,22.5,0,0
0,250.0,7.0,23.0,0,0
0,250.0,7.0,23.5,0,0
0,250.0,7.0,24.0,0,0
0,250.0,7.0,24.5,0,0
0,250.0,7.0,25.0,0,0
0,250.0,7.0,25.5,0,0
0,250.0,7.0,26.0,0,0
0,250.0,7.0,26.5,0,0
0,250.0,7.0,27.0,0,0
0,250.0,7.0,27.5,0,0
0,250.0,7.0,28.0,0,0
0,250.0,7.0,28.5,0,0
0,250.0,7.0,29.0,0,0
0,250.0,7.0,29.5,0,0
0,250.0,7.0,30.0,0,0
0,250.0,7.5,2.5,0,0
0,250.0,7.5,3.0,0,0
0,250.0,7.5,3.5,0,0
0,250.0,7.5,4.0,0,0
0,250.0,7.5,4.5,0,0
0,250.0,7.5,5.0,0,0
0,250.0,7.5,5.5,0,0
0,250.0,7.5,6.0,0,0
0,250.0,7.5,6.5,0,0
0,250.0,7.5,7.0,0,0
0,250.0,7.5,7.5,0,0
0,250.0,7.5,8.0,0,0
0,250.0,7.5,8.5,0,0
0,250.0,7.5,9.0,0,0
0,250.0,7.5,9.5,0,0
0,250.0,7.5,10.0,0,0
0,250.0,7.5,10.5,0,0
0,250.0,7.5,11.0,0,0
0,250.0,7.5,11.5,0,0
0,250.0,7.5,12.0,0,0
0,250.0,7.5,12.5,0,0
0,250.0,7.5,13.0,0,0
0,250.0,7.5,13.5,0,0
0,250.0,7.5,14.0,0,0
0,250.0,7.5,14.5,0,0
0,250.0,7.5,15.0,0,0
0,250.0,7.5,15.5,0,0
0,250.0,7.5,16.0,0,0
0,250.0,7.5,16.5,0,0
0,250.0,7.5,17.0,0,0
0,250.0,7.5,17.5,0,0
0,250.0,7.5,18.0,0,0
0,250.0,7.5,18.5,0,0
0,250.0,7.5,19.0,0,0
0,250.0,7.5,19.5,0,0
0,250.0,7.5,20.0,0,0
0,250.0,7.5,20.5,0,0
0,250.0,7.5,21.0,0,0
0,250.0,7.5,21.5,0,0
0,250.0,7.5,22.0,0,0
0,250.0,7.5,22.5,0,0
0,250.0,7.5,23.0,0,0
0,250.0,7.5,23.5,0,0
0,250.0,7.5,24.0,0,0
0,250.0,7.5,24.5,0,0
0,250.0,7.5,25.0,0,0
0,250.0,7.5,25.5,0,0
0,250.0,7.5,26.0,0,0
0,250.0,7.5,26.5,0,0
0,250.0,7.5,27.0,0,0
0,250.0,7.5,27.5,0,0
0,250.0,7.5,28.0,0,0
0,250.0,7.5,28.5,0,0
0,250.0,7.5,29.0,0,0
0,250.0,7.5,29.5,0,0
0,250.0,7.5,30.0,0,0
0,250.0,8.0,2.5,0,0
0,250.0,8.0,3.0,0,0
0,250.0,8.0,3.5,0,0
0,250.0,8.0,4.0,0,0
0,250.0,8.0,4.5,0,0
0,250.0,8.0,5.0,0,0
0,250.0,8.0,5.5,0,0
0,250.0,8.0,6.0,0,0
0,250.0,8.0,6.5,0,0
0,250.0,8.0,7.0,0,0
0,250.0,8.0,7.5,0,0
0,250.0,8.0,8.0,0,0
0,250.0,8.0,8.5,0,0
0,250.0,8.0,9.0,0,0
0,250.0,8.0,9.5,0,0
0,250.0,8.0,10.0,0,0
0,250.0,8.0,10.5,0,0
0,250.0,8.0,11.0,0,0
0,250.0,8.0,11.5,0,0
0,250.0,8.0,12.0,0,0
0,250.0,8.0,12.5,0,0
0,250.0,8.0,13.0,0,0
0,250.0,8.0,13.5,0,0
0,250.0,8.0,14.0,0,0
0,250.0,8.0,14.5,0,0
0,250.0,8.0,15.0,0,0
0,250.0,8.0,15.5,0,0
0,250.0,8.0,16.0,0,0
0,250.0,8.0,16.5,0,0
0,250.0,8.0,17.0,0,0
0,250.0,8.0,17.5,0,0
0,250.0,8.0,18.0,0,0
0,250.0,8.0,18.5,0,0
0,250.0,8.0,19.0,0,0
0,250.0,8.0,19.5,0,0
0,250.0,8.0,20.0,0,0
0,250.0,8.0,20.5,0,0
0,250.0,8.0,21.0,0,0
0,250.0,8.0,21.5,0,0
0,250.0,8.0,22.0,0,0
0,250.0,8.0,22.5,0,0
0,250.0,8.0,23.0,0,0
0,250.0,8.0,23.5,0,0
0,250.0,8.0,24.0,0,0
0,250.0,8.0,24.5,0,0
0,250.0,8.0,25.0,0,0
0,250.0,8.0,25.5,0,0
0,250.0,8.0,26.0,0,0
0,250.0,8.0,26.5,0,0
0,250.0,8.0,27.0,0,0
0,250.0,8.0,27.5,0,0
0,250.0,8.0,28.0,0,0
0,250.0,8.0,28.5,0,0
0,250.0,8.0,29.0,0,0
0,250.0,8.0,29.5,0,0
0,250.0,8.0,30.0,0,0
0,250.0,8.5,2.5,0,0
0,250.0,8.5,3.0,0,0
0,250.0,8.5,3.5,0,0
0,250.0,8.5,4.0,0,0
0,250.0,8.5,4.5,0,0
0,250.0,8.5,5.0,0,0
0,250.0,8.5,5.5,0,0
0,250.0,8.5,6.0,0,0
0,250.0,8.5,6.5,0,0
0,250.0,8.5,7.0,0,0
0,250.0,8.5,7.5,0,0
0,250.0,8.5,8.0,0,0
0,250.0,8.5,8.5,0,0
0,250.0,8.5,9.0,0,0
0,250.0,8.5,9.5,0,0
0,250.0,8.5,10.0,0,0
0,250.0,8.5,10.5,0,0
0,250.0,8.5,11.0,0,0
0,250.0,8.5,11.5,0,0
0,250.0,8.5,12.0,0,0
0,250.0,8.5,12.5,0,0
0,250.0,8.5,13.0,0,0
0,250.0,8.5,13.5,0,0
0,250.0,8.5,14.0,0,0
0,250.0,8.5,14.5,0,0
0,250.0,8.5,15.0,0,0
0,250.0,8.5,15.5,0,0
0,250.0,8.5,16.0,0,0
0,250.0,8.5,16.5,0,0
0,250.0,8.5,17.0,0,0
0,250.0,8.5,17.5,0,0
0,250.0,8.5,18.0,0,0
0,250.0,8.5,18.5,0,0
0,250.0,8.5,19.0,0,0
0,250.0,8.5,19.5,0,0
0,250.0,8.5,20.0,0,0
0,250.0,8.5,20.5,0,0
0,250.0,8.5,21.0,0,0
0,250.0,8.5,21.5,0,0
0,250.0,8.5,22.0,0,0
0,250.0,8.5,22.5,0,0
0,250.0,8.5,23.0,0,0
0,250.0,8.5,23.5,0,0
0,250.0,8.5,24.0,0,0
0,250.0,8.5,24.5,0,0
0,250.0,8.5,25.0,0,0
0,250.0,8.5,25.5,0,0
0,250.0,8.5,26.0,0,0
0,250.0,8.5,26.5,0,0
0,250.0,8.5,27.0,0,0
0,250.0,8.5,27.5,0,0
0,250.0,8.5,28.0,0,0
0,250.0,8.5,28.5,0,0
0,250.0,8.5,29.0,0,0
0,250.0,8.5,29.5,0,0
0,250.0,8.5,30.0,0,0
0,250.0,9.0,2.5,0,0
0,250.0,9.0,3.0,0,0
0,250.0,9.0,3.5,0,0
0,250.0,9.0,4.0,0,0
0,250.0,9.0,4.5,0,0
0,250.0,9.0,5.0,0,0
0,250.0,9.0,5.5,0,0
0,250.0,9.0,6.0,0,0
0,250.0,9.0,6.5,0,0
0,250.0,9.0,7.0,0,0
0,250.0,9.0,7.5,0,0
0,250.0,9.0,8.0,0,0
0,250.0,9.0,8.5,0,0
0,250.0,9.0,9.0,0,0
0,250.0,9.0,9.5,0,0
0,250.0,9.0,10.0,0,0
0,250.0,9.0,10.5,0,0
0,250.0,9.0,11.0,0,0
0,250.0,9.0,11.5,0,0
0,250.0,9.0,12.0,0,0
0,250.0,9.0,12.5,0,0
0,250.0,9.0,13.0,0,0
0,250.0,9.0,13.5,0,0
0,250.0,9.0,14.0,0,0
0,250.0,9.0,14.5,0,0
0,250.0,9.0,15.0,0,0
0,250.0,9.0,15.5,0,0
0,250.0,9.0,16.0,0,0
0,250.0,9.0,16.5,0,0
0,250.0,9.0,17.0,0,0
0,250.0,9.0,17.5,0,0
0,250.0,9.0,18.0,0,0
0,250.0,9.0,18.5,0,0
0,250.0,9.0,19.0,0,0
0,250.0,9.0,19.5,0,0
0,250.0,9.0,20.0,0,0
0,250.0,9.0,20.5,0,0
0,250.0,9.0,21.0,0,0
0,250.0,9.0,21.5,0,0
0,250.0,9.0,22.0,0,0
0,250.0,9.0,22.5,0,0
0,250.0,9.0,23.0,0,0
0,250.0,9.0,23.5,0,0
0,250.0,9.0,24.0,0,0
0,250.0,9.0,24.5,0,0
0,250.0,9.0,25.0,0,0
0,250.0,9.0,25.5,0,0
0,250.0,9.0,26.0,0,0
0,250.0,9.0,26.5,0,0
0,250.0,9.0,27.0,0,0
0,250.0,9.0,27.5,0,0
0,250.0,9.0,28.0,0,0
0,250.0,9.0,28.5,0,0
0,250.0,9.0,29.0,0,0
0,250.0,9.0,29.5,0,0
0,250.0,9.0,30.0,0,0
0,250.0,9.5,2.5,0,0
0,250.0,9.5,3.0,0,0
0,250.0,9.5,3.5,0,0
0,250.0,9.5,4.0,0,0
0,250.0,9.5,4.5,0,0
0,250.0,9.5,5.0,0,0
0,250.0,9.5,5.5,0,0
0,250.0,9.5,6.0,0,0
0,250.0,9.5,6.5,0,0
0,250.0,9.5,7.0,0,0
0,250.0,9.5,7.5,0,0
0,250.0,9.5,8.0,0,0
0,250.0,9.5,8.5,0,0
0,250.0,9.5,9.0,0,0
0,250.0,9.5,9.5,0,0
0,250.0,9.5,10.0,0,0
0,250.0,9.5,10.5,0,0
0,250.0,9.5,11.0,0,0
0,250.0,9.5,11.5,0,0
0,250.0,9.5,12.0,0,0
0,250.0,9.5,12.5,0,0
0,250.0,9.5,13.0,0,0
0,250.0,9.5,13.5,0,0
0,250.0,9.5,14.0,0,0
0,250.0,9.5,14.5,0,0
0,250.0,9.5,15.0,0,0
0,250.0,9.5,15.5,0,0
0,250.0,9.5,16.0,0,0
0,250.0,9.5,16.5,0,0
0,250.0,9.5,17.0,0,0
0,250.0,9.5,17.5,0,0
0,250.0,9.5,18.0,0,0
0,250.0,9.5,18.5,0,0
0,250.0,9.5,19.0,0,0
0,250.0,9.5,19.5,0,0
0,250.0,9.5,20.0,0,0
0,250.0,9.5,20.5,0,0
0,250.0,9.5,21.0,0,0
0,250.0,9.5,21.5,0,0
0,250.0,9.5,22.0,0,0
0,250.0,9.5,22.5,0,0
0,250.0,9.5,23.0,0,0
0,250.0,9.5,23.5,0,0
0,250.0,9.5,24.0,0,0
0,250.0,9.5,24.5,0,0
0,250.0,9.5,25.0,0,0
0,250.0,9.5,25.5,0,0
0,250.0,9.5,26.0,0,0
0,250.0,9.5,26.5,0,0
0,250.0,9.5,27.0,0,0
0,250.0,9.5,27.5,0,0
0,250.0,9.5,28.0,0,0
0,250.0,9.5,28.5,0,0
0,250.0,9.5,29.0,0,0
0,250.0,9.5,29.5,0,0
0,250.0,9.5,30.0,0,0
0,250.0,10.0,2.5,0,0
0,250.0,10.0,3.0,0,0
0,250.0,10.0,3.5,0,0
0,250.0,10.0,4.0,0,0
0,250.0,10.0,4.5,0,0
0,250.0,10.0,5.0,0,0
0,250.0,10.0,5.5,0,0
0,250.0,10.0,6.0,0,0
0,250.0,10.0,6.5,0,0
0,250.0,10.0,7.0,0,0
0,250.0,10.0,7.5,0,0
0,250.0,10.0,8.0,0,0
0,250.0,10.0,8.5,0,0
0,250.0,10.0,9.0,0,0
0,250.0,10.0,9.5,0,0
0,250.0,10.0,10.0,0,0
0,250.0,10.0,10.5,0,0
0,250.0,10.0,11.0,0,0
0,250.0,10.0,11.5,0,0
0,250.0,10.0,12.0,0,0
0,250.0,10.0,12.5,0,0
0,250.0,10.0,13.0,0,0
0,250.0,10.0,13.5,0,0
0,250.0,10.0,14.0,0,0
0,250.0,10.0,14.5,0,0
0,250.0,10.0,15.0,0,0
0,250.0,10.0,15.5,0,0
0,250.0,10.0,16.0,0,0
0,250.0,10.0,16.5,0,0
0,250.0,10.0,17.0,0,0
0,250.0,10.0,17.5,0,0
0,250.0,10.0,18.0,0,0
0,250.0,10.0,18.5,0,0
0,250.0,10.0,19.0,0,0
0,250.0,10.0,19.5,0,0
0,250.0,10.0,20.0,0,0
0,250.0,10.0,20.5,0,0
0,250.0,10.0,21.0,0,0
0,250.0,10.0,21.5,0,0
0,250.0,10.0,22.0,0,0
0,250.0,10.0,22.5,0,0
0,250.0,10.0,23.0,0,0
0,250.0,10.0,23.5,0,0
0,250.0,10.0,24.0,0,0
0,250.0,10.0,24.5,0,0
0,250.0,10.0,25.0,0,0
0,250.0,10.0,25.5,0,0
0,250.0,10.0,26.0,0,0
0,250.0,10.0,26.5,0,0
0,250.0,10.0,27.0,0,0
0,250.0,10.0,27.5,0,0
0,250.0,10.0,28.0,0,0
0,250.0,10.0,28.5,0,0
0,250.0,10.0,29.0,0,0
0,250.0,10.0,29.5,0,0
0,250.0,10.0,30.0,0,0
0,250.0,10.5,2.5,0,0
0,250.0,10.5,3.0,0,0
0,250.0,10.5,3.5,0,0
0,250.0,10.5,4.0,0,0
0,250.0,10.5,4.5,0,0
0,250.0,10.5,5.0,0,0
0,250.0,10.5,5.5,0,0
0,250.0,10.5,6.0,0,0
0,250.0,10.5,6.5,0,0
0,250.0,10.5,7.0,0,0
0,250.0,10.5,7.5,0,0
0,250.0,10.5,8.0,0,0
0,250.0,10.5,8.5,0,0
0,250.0,10.5,9.0,0,0
0,250.0,10.5,9.5,0,0
0,250.0,10.5,10.0,0,0
0,250.0,10.5,10.5,0,0
0,250.0,10.5,11.0,0,0
0,250.0,10.5,11.5,0,0
0,250.0,10.5,12.0,0,0
0,250.0,10.5,12.5,0,0
0,250.0,10.5,13.0,0,0
0,250.0,10.5,13.5,0,0
0,250.0,10.5,14.0,0,0
0,250.0,10.5,14.5,0,0
0,250.0,10.5,15.0,0,0
0,250.0,10.5,15.5,0,0
0,250.0,10.5,16.0,0,0
0,250.0,10.5,16.5,0,0
0,250.0,10.5,17.0,0,0
0,250.0,10.5,17.5,0,0
0,250.0,10.5,18.0,0,0
0,250.0,10.5,18.5,0,0
0,250.0,10.5,19.0,0,0
0,250.0,10.5,19.5,0,0
0,250.0,10.5,20.0,0,0
0,250.0,10.5,20.5,0,0
0,250.0,10.5,21.0,0,0
0,250.0,10.5,21.5,0,0
0,250.0,10.5,22.0,0,0
0,250.0,10.5,22.5,0,0
0,250.0,10.5,23.0,0,0
0,250.0,10.5,23.5,0,0
0,250.0,10.5,24.0,0,0
0,250.0,10.5,24.5,0,0
0,250.0,10.5,25.0,0,0
0,250.0,10.5,25.5,0,0
0,250.0,10.5,26.0,0,0
0,250.0,10.5,26.5,0,0
0,250.0,10.5,27.0,0,0
0,250.0,10.5,27.5,0,0
0,250.0,10.5,28.0,0,0
0,250.0,10.5,28.5,0,0
0,250.0,10.5,29.0,0,0
0,250.0,10.5,29.5,0,0
0,250.0,10.5,30.0,0,0
0,250.0,11.0,2.5,0,0
0,250.0,11.0,3.0,0,0
0,250.0,11.0,3.5,0,0
0,250.0,11.0,4.0,0,0
0,250.0,11.0,4.5,0,0
0,250.0,11.0,5.0,0,0
0,250.0,11.0,5.5,0,0
0,250.0,11.0,6.0,0,0
0,250.0,11.0,6.5,0,0
0,250.0,11.0,7.0,0,0
0,250.0,11.0,7.5,0,0
0,250.0,11.0,8.0,0,0
0,250.0,11.0,8.5,0,0
0,250.0,11.0,9.0,0,0
0,250.0,11.0,9.5,0,0
0,250.0,11.0,10.0,0,0
0,250.0,11.0,10.5,0,0
0,250.0,11.0,11.0,0,0
0,250.0,11.0,11.5,0,0
0,250.0,11.0,12.0,0,0
0,250.0,11.0,12.5,0,0
0,250.0,11.0,13.0,0,0
0,250.0,11.0,13.5,0,0
0,250.0,11.0,14.0,0,0
0,250.0,11.0,14.5,0,0
0,250.0,11.0,15.0,0,0
0,250.0,11.0,15.5,0,0
0,250.0,11.0,16.0,0,0
0,250.0,11.0,16.5,0,0
0,250.0,11.0,17.0,0,0
0,250.0,11.0,17.5,0,0
0,250.0,11.0,18.0,0,0
0,250.0,11.0,18.5,0,0
0,250.0,11.0,19.0,0,0
0,250.0,11.0,19.5,0,0
0,250.0,11.0,20.0,0,0
0,250.0,11.0,20.5,0,0
0,250.0,11.0,21.0,0,0
0,250.0,11.0,21.5,0,0
0,250.0,11.0,22.0,0,0
0,250.0,11.0,22.5,0,0
0,250.0,11.0,23.0,0,0
0,250.0,11.0,23.5,0,0
0,250.0,11.0,24.0,0,0
0,250.0,11.0,24.5,0,0
0,250.0,11.0,25.0,0,0
0,250.0,11.0,25.5,0,0
0,250.0,11.0,26.0,0,0
0,250.0,11.0,26.5,0,0
0,250.0,11.0,27.0,0,0
0,250.0,11.0,27.5,0,0
0,250.0,11.0,28.0,0,0
0,250.0,11.0,28.5,0,0
0,250.0,11.0,29.0,0,0
0,250.0,11.0,29.5,0,0
0,250.0,11.0,30.0,0,0
0,250.0,11.5,2.5,0,0
0,250.0,11.5,3.0,0,0
0,250.0,11.5,3.5,0,0
0,250.0,11.5,4.0,0,0
0,250.0,11.5,4.5,0,0
0,250.0,11.5,5.0,0,0
0,250.0,11.5,5.5,0,0
0,250.0,11.5,6.0,0,0
0,250.0,11.5,6.5,0,0
0,250.0,11.5,7.0,0,0
0,250.0,11.5,7.5,0,0
0,250.0,11.5,8.0,0,0
0,250.0,11.5,8.5,0,0
0,250.0,11.5,9.0,0,0
0,250.0,11.5,9.5,0,0
0,250.0,11.5,10.0,0,0
0,250.0,11.5,10.5,0,0
0,250.0,11.5,11.0,0,0
0,250.0,11.5,11.5,0,0
0,250.0,11.5,12.0,0,0
0,250.0,11.5,12.5,0,0
0,250.0,11.5,13.0,0,0
0,250.0,11.5,13.5,0,0
0,250.0,11.5,14.0,0,0
0,250.0,11.5,14.5,0,0
0,250.0,11.5,15.0,0,0
0,250.0,11.5,15.5,0,0
0,250.0,11.5,16.0,0,0
0,250.0,11.5,16.5,0,0
0,250.0,11.5,17.0,0,0
0,250.0,11.5,17.5,0,0
0,250.0,11.5,18.0,0,0
0,250.0,11.5,18.5,0,0
0,250.0,11.5,19.0,0,0
0,250.0,11.5,19.5,0,0
0,250.0,11.5,20.0,0,0
0,250.0,11.5,20.5,0,0
0,250.0,11.5,21.0,0,0
0,250.0,11.5,21.5,0,0
0,250.0,11.5,22.0,0,0
0,250.0,11.5,22.5,0,0
0,250.0,11.5,23.0,0,0
0,250.0,11.5,23.5,0,0
0,250.0,11.5,24.0,0,0
0,250.0,11.5,24.5,0,0
0,250.0,11.5,25.0,0,0
0,250.0,11.5,25.5,0,0
0,250.0,11.5,26.0,0,0
0,250.0,11.5,26.5,0,0
0,250.0,11.5,27.0,0,0
0,250.0,11.5,27.5,0,0
0,250.0,11.5,28.0,0,0
0,250.0,11.5,28.5,0,0
0,250.0,11.5,29.0,0,0
0,250.0,11.5,29.5,0,0
0,250.0,11.5,30.0,0,0
0,250.0,12.0,2.5,0,0
0,250.0,12.0,3.0,0,0
0,250.0,12.0,3.5,0,0
0,250.0,12.0,4.0,0,0
0,250.0,12.0,4.5,0,0
0,250.0,12.0,5.0,0,0
0,250.0,12.0,5.5,0,0
0,250.0,12.0,6.0,0,0
0,250.0,12.0,6.5,0,0
0,250.0,12.0,7.0,0,0
0,250.0,12.0,7.5,0,0
0,250.0,12.0,8.0,0,0
0,250.0,12.0,8.5,0,0
0,250.0,12.0,9.0,0,0
0,250.0,12.0,9.5,0,0
0,250.0,12.0,10.0,0,0
0,250.0,12.0,10.5,0,0
0,250.0,12.0,11.0,0,0
0,250.0,12.0,11.5,0,0
0,250.0,12.0,12.0,0,0
0,250.0,12.0,12.5,0,0
0,250.0,12.0,13.0,0,0
0,250.0,12.0,13.5,0,0
0,250.0,12.0,14.0,0,0
0,250.0,12.0,14.5,0,0
0,250.0,12.0,15.0,0,0
0,250.0,12.0,15.5,0,0
0,250.0,12.0,16.0,0,0
0,250.0,12.0,16.5,0,0
0,250.0,12.0,17.0,0,0
0,250.0,12.0,17.5,0,0
0,250.0,12.0,18.0,0,0
0,250.0,12.0,18.5,0,0
0,250.0,12.0,19.0,0,0
0,250.0,12.0,19.5,0,0
0,250.0,12.0,20.0,0,0
0,250.0,12.0,20.5,0,0
0,250.0,12.0,21.0,0,0
0,250.0,12.0,21.5,0,0
0,250.0,12.0,22.0,0,0
0,250.0,12.0,22.5,0,0
0,250.0,12.0,23.0,0,0
0,250.0,12.0,23.5,0,0
0,250.0,12.0,24.0,0,0
0,250.0,12.0,24.5,0,0
0,250.0,12.0,25.0,0,0
0,250.0,12.0,25.5,0,0
0,250.0,12.0,26.0,0,0
0,250.0,12.0,26.5,0,0
0,250.0,12.0,27.0,0,0
0,250.0,12.0,27.5,0,0
0,250.0,12.0,28.0,0,0
0,250.0,12.0,28.5,0,0
0,250.0,12.0,29.0,0,0
0,250.0,12.0,29.5,0,0
0,250.0,12.0,30.0,0,0
0,250.0,12.5,2.5,0,0
0,250.0,12.5,3.0,0,0
0,250.0,12.5,3.5,0,0
0,250.0,12.5,4.0,0,0
0,250.0,12.5,4.5,0,0
0,250.0,12.5,5.0,0,0
0,250.0,12.5,5.5,0,0
0,250.0,12.5,6.0,0,0
0,250.0,12.5,6.5,0,0
0,250.0,12.5,7.0,0,0
0,250.0,12.5,7.5,0,0
0,250.0,12.5,8.0,0,0
0,250.0,12.5,8.5,0,0
0,250.0,12.5,9.0,0,0
0,250.0,12.5,9.5,0,0
0,250.0,12.5,10.0,0,0
0,250.0,12.5,10.5,0,0
0,250.0,12.5,11.0,0,0
0,250.0,12.5,11.5,0,0
0,250.0,12.5,12.0,0,0
0,250.0,12.5,12.5,0,0
0,250.0,12.5,13.0,0,0
0,250.0,12.5,13.5,0,0
0,250.0,12.5,14.0,0,0
0,250.0,12.5,14.5,0,0
0,250.0,12.5,15.0,0,0
0,250.0,12.5,15.5,0,0
0,250.0,12.5,16.0,0,0
0,250.0,12.5,16.5,0,0
0,250.0,12.5,17.0,0,0
0,250.0,12.5,17.5,0,0
0,250.0,12.5,18.0,0,0
0,250.0,12.5,18.5,0,0
0,250.0,12.5,19.0,0,0
0,250.0,12.5,19.5,0,0
0,250.0,12.5,20.0,0,0
0,250.0,12.5,20.5,0,0
0,250.0,12.5,21.0,0,0
0,250.0,12.5,21.5,0,0
0,250.0,12.5,22.0,0,0
0,250.0,12.5,22.5,0,0
0,250.0,12.5,23.0,0,0
0,250.0,12.5,23.5,0,0
0,250.0,12.5,24.0,0,0
0,250.0,12.5,24.5,0,0
0,250.0,12.5,25.0,0,0
0,250.0,12.5,25.5,0,0
0,250.0,12.5,26.0,0,0
0,250.0,12.5,26.5,0,0
0,250.0,12.5,27.0,0,0
0,250.0,12.5,27.5,0,0
0,250.0,12.5,28.0,0,0
0,250.0,12.5,28.5,0,0
0,250.0,12.5,29.0,0,0
0,250.0,12.5,29.5,0,0
0,250.0,12.5,30.0,0,0
0,250.0,13.0,2.5,0,0
0,250.0,13.0,3.0,0,0
0,250.0,13.0,3.5,0,0
0,250.0,13.0,4.0,0,0
0,250.0,13.0,4.5,0,0
0,250.0,13.0,5.0,0,0
0,250.0,13.0,5.5,0,0
0,250.0,13.0,6.0,0,0
0,250.0,13.0,6.5,0,0
0,250.0,13.0,7.0,0,0
0,250.0,13.0,7.5,0,0
0,250.0,13.0,8.0,0,0
0,250.0,13.0,8.5,0,0
0,250.0,13.0,9.0,0,0
0,250.0,13.0,9.5,0,0
0,250.0,13.0,10.0,0,0
0,250.0,13.0,10.5,0,0
0,250.0,13.0,11.0,0,0
0,250.0,13.0,11.5,0,0
0,250.0,13.0,12.0,0,0
0,250.0,13.0,12.5,0,0
0,250.0,13.0,13.0,0,0
0,250.0,13.0,13.5,0,0
0,250.0,13.0,14.0,0,0
0,250.0,13.0,14.5,0,0
0,250.0,13.0,15.0,0,0
0,250.0,13.0,15.5,0,0
0,250.0,13.0,16.0,0,0
0,250.0,13.0,16.5,0,0
0,250.0,13.0,17.0,0,0
0,250.0,13.0,17.5,0,0
0,250.0,13.0,18.0,0,0
0,250.0,13.0,18.5,0,0
0,250.0,13.0,19.0,0,0
0,250.0,13.0,19.5,0,0
0,250.0,13.0,20.0,0,0
0,250.0,13.0,20.5,0,0
0,250.0,13.0,21.0,0,0
0,250.0,13.0,21.5,0,0
0,250.0,13.0,22.0,0,0
0,250.0,13.0,22.5,0,0
0,250.0,13.0,23.0,0,0
0,250.0,13.0,23.5,0,0
0,250.0,13.0,24.0,0,0
0,250.0,13.0,24.5,0,0
0,250.0,13.0,25.0,0,0
0,250.0,13.0,25.5,0,0
0,250.0,13.0,26.0,0,0
0,250.0,13.0,26.5,0,0
0,250.0,13.0,27.0,0,0
0,250.0,13.0,27.5,0,0
0,250.0,13.0,28.0,0,0
0,250.0,13.0,28.5,0,0
0,250.0,13.0,29.0,0,0
0,250.0,13.0,29.5,0,0
0,250.0,13.0,30.0,0,0
0,250.0,13.5,2.5,0,0
0,250.0,13.5,3.0,0,0
0,250.0,13.5,3.5,0,0
0,250.0,13.5,4.0,0,0
0,250.0,13.5,4.5,0,0
0,250.0,13.5,5.0,0,0
0,250.0,13.5,5.5,0,0
0,250.0,13.5,6.0,0,0
0,250.0,13.5,6.5,0,0
0,250.0,13.5,7.0,0,0
0,250.0,13.5,7.5,0,0
0,250.0,13.5,8.0,0,0
0,250.0,13.5,8.5,0,0
0,250.0,13.5,9.0,0,0
0,250.0,13.5,9.5,0,0
0,250.0,13.5,10.0,0,0
0,250.0,13.5,10.5,0,0
0,250.0,13.5,11.0,0,0
0,250.0,13.5,11.5,0,0
0,250.0,13.5,12.0,0,0
0,250.0,13.5,12.5,0,0
0,250.0,13.5,13.0,0,0
0,250.0,13.5,13.5,0,0
0,250.0,13.5,14.0,0,0
0,250.0,13.5,14.5,0,0
0,250.0,13.5,15.0,0,0
0,250.0,13.5,15.5,0,0
0,250.0,13.5,16.0,0,0
0,250.0,13.5,16.5,0,0
0,250.0,13.5,17.0,0,0
0,250.0,13.5,17.5,0,0
0,250.0,13.5,18.0,0,0
0,250.0,13.5,18.5,0,0
0,250.0,13.5,19.0,0,0
0,250.0,13.5,19.5,0,0
0,250.0,13.5,20.0,0,0
0,250.0,13.5,20.5,0,0
0,250.0,13.5,21.0,0,0
0,250.0,13.5,21.5,0,0
0,250.0,13.5,22.0,0,0
0,250.0,13.5,22.5,0,0
0,250.0,13.5,23.0,0,0
0,250.0,13.5,23.5,0,0
0,250.0,13.5,24.0,0,0
0,250.0,13.5,24.5,0,0
0,250.0,13.5,25.0,0,0
0,250.0,13.5,25.5,0,0
0,250.0,13.5,26.0,0,0
0,250.0,13.5,26.5,0,0
0,250.0,13.5,27.0,0,0
0,250.0,13.5,27.5,0,0
0,250.0,13.5,28.0,0,0
0,250.0,13.5,28.5,0,0
0,250.0,13.5,29.0,0,0
0,250.0,13.5,29.5,0,0
0,250.0,13.5,30.0,0,0
0,250.0,14.0,2.5,0,0
0,250.0,14.0,3.0,0,0
0,250.0,14.0,3.5,0,0
0,250.0,14.0,4.0,0,0
0,250.0,14.0,4.5,0,0
0,250.0,14.0,5.0,0,0
0,250.0,14.0,5.5,0,0
0,250.0,14.0,6.0,0,0
0,250.0,14.0,6.5,0,0
0,250.0,14.0,7.0,0,0
0,250.0,14.0,7.5,0,0
0,250.0,14.0,8.0,0,0
0,250.0,14.0,8.5,0,0
0,250.0,14.0,9.0,0,0
0,250.0,14.0,9.5,0,0
0,250.0,14.0,10.0,0,0
0,250.0,14.0,10.5,0,0
0,250.0,14.0,11.0,0,0
0,250.0,14.0,11.5,0,0
0,250.0,14.0,12.0,0,0
0,250.0,14.0,12.5,0,0
0,250.0,14.0,13.0,0,0
0,250.0,14.0,13.5,0,0
0,250.0,14.0,14.0,0,0
0,250.0,14.0,14.5,0,0
0,250.0,14.0,15.0,0,0
0,250.0,14.0,15.5,0,0
0,250.0,14.0,16.0,0,0
0,250.0,14.0,16.5,0,0
0,250.0,14.0,17.0,0,0
0,250.0,14.0,17.5,0,0
0,250.0,14.0,18.0,0,0
0,250.0,14.0,18.5,0,0
0,250.0,14.0,19.0,0,0
0,250.0,14.0,19.5,0,0
0,250.0,14.0,20.0,0,0
0,250.0,14.0,20.5,0,0
0,250.0,14.0,21.0,0,0
0,250.0,14.0,21.5,0,0
0,250.0,14.0,22.0,0,0
0,250.0,14.0,22.5,0,0
0,250.0,14.0,23.0,0,0
0,250.0,14.0,23.5,0,0
0,250.0,14.0,24.0,0,0
0,250.0,14.0,24.5,0,0
0,250.0,14.0,25.0,0,0
0,250.0,14.0,25.5,0,0
0,250.0,14.0,26.0,0,0
0,250.0,14.0,26.5,0,0
0,250.0,14.0,27.0,0,0
0,250.0,14.0,27.5,0,0
0,250.0,14.0,28.0,0,0
0,250.0,14.0,28.5,0,0
0,250.0,14.0,29.0,0,0
0,250.0,14.0,29.5,0,0
0,250.0,14.0,30.0,0,0
0,250.0,14.5,2.5,0,0
0,250.0,14.5,3.0,0,0
0,250.0,14.5,3.5,0,0
0,250.0,14.5,4.0,0,0
0,250.0,14.5,4.5,0,0
0,250.0,14.5,5.0,0,0
0,250.0,14.5,5.5,0,0
0,250.0,14.5,6.0,0,0
0,250.0,14.5,6.5,0,0
0,250.0,14.5,7.0,0,0
0,250.0,14.5,7.5,0,0
0,250.0,14.5,8.0,0,0
0,250.0,14.5,8.5,0,0
0,250.0,14.5,9.0,0,0
0,250.0,14.5,9.5,0,0
0,250.0,14.5,10.0,0,0
0,250.0,14.5,10.5,0,0
0,250.0,14.5,11.0,0,0
0,250.0,14.5,11.5,0,0
0,250.0,14.5,12.0,0,0
0,250.0,14.5,12.5,0,0
0,250.0,14.5,13.0,0,0
0,250.0,14.5,13.5,0,0
0,250.0,14.5,14.0,0,0
0,250.0,14.5,14.5,0,0
0,250.0,14.5,15.0,0,0
0,250.0,14.5,15.5,0,0
0,250.0,14.5,16.0,0,0
0,250.0,14.5,16.5,0,0
0,250.0,14.5,17.0,0,0
0,250.0,14.5,17.5,0,0
0,250.0,14.5,18.0,0,0
0,250.0,14.5,18.5,0,0
0,250.0,14.5,19.0,0,0
0,250.0,14.5,19.5,0,0
0,250.0,14.5,20.0,0,0
0,250.0,14.5,20.5,0,0
0,250.0,14.5,21.0,0,0
0,250.0,14.5,21.5,0,0
0,250.0,14.5,22.0,0,0
0,250.0,14.5,22.5,0,0
0,250.0,14.5,23.0,0,0
0,250.0,14.5,23.5,0,0
0,250.0,14.5,24.0,0,0
0,250.0,14.5,24.5,0,0
0,250.0,14.5,25.0,0,0
0,250.0,14.5,25.5,0,0
0,250.0,14.5,26.0,0,0
0,250.0,14.5,26.5,0,0
0,250.0,14.5,27.0,0,0
0,250.0,14.5,27.5,0,0
0,250.0,14.5,28.0,0,0
0,250.0,14.5,28.5,0,0
0,250.0,14.5,29.0,0,0
0,250.0,14.5,29.5,0,0
0,250.0,14.5,30.0,0,0
0,250.0,15.0,2.5,0,0
0,250.0,15.0,3.0,0,0
0,250.0,15.0,3.5,0,0
0,250.0,15.0,4.0,0,0
0,250.0,15.0,4.5,0,0
0,250.0,15.0,5.0,0,0
0,250.0,15.0,5.5,0,0
0,250.0,15.0,6.0,0,0
0,250.0,15.0,6.5,0,0
0,250.0,15.0,7.0,0,0
0,250.0,15.0,7.5,0,0
0,250.0,15.0,8.0,0,0
0,250.0,15.0,8.5,0,0
0,250.0,15.0,9.0,0,0
0,250.0,15.0,9.5,0,0
0,250.0,15.0,10.0,0,0
0,250.0,15.0,10.5,0,0
0,250.0,15.0,11.0,0,0
0,250.0,15.0,11.5,0,0
0,250.0,15.0,12.0,0,0
0,250.0,15.0,12.5,0,0
0,250.0,15.0,13.0,0,0
0,250.0,15.0,13.5,0,0
0,250.0,15.0,14.0,0,0
0,250.0,15.0,14.5,0,0
0,250.0,15.0,15.0,0,0
0,250.0,15.0,15.5,0,0
0,250.0,15.0,16.0,0,0
0,250.0,15.0,16.5,0,0
0,250.0,15.0,17.0,0,0
0,250.0,15.0,17.5,0,0
0,250.0,15.0,18.0,0,0
0,250.0,15.0,18.5,0,0
0,250.0,15.0,19.0,0,0
0,250.0,15.0,19.5,0,0
0,250.0,15.0,20.0,0,0
0,250.0,15.0,20.5,0,0
0,250.0,15.0,21.0,0,0
0,250.0,15.0,21.5,0,0
0,250.0,15.0,22.0,0,0
0,250.0,15.0,22.5,0,0
0,250.0,15.0,23.0,0,0
0,250.0,15.0,23.5,0,0
0,250.0,15.0,24.0,0,0
0,250.0,15.0,24.5,0,0
0,250.0,15.0,25.0,0,0
0,250.0,15.0,25.5,0,0
0,250.0,15.0,26.0,0,0
0,250.0,15.0,26.5,0,0
0,250.0,15.0,27.0,0,0
0,250.0,15.0,27.5,0,0
0,250.0,15.0,28.0,0,0
0,250.0,15.0,28.5,0,0
0,250.0,15.0,29.0,0,0
0,250.0,15.0,29.5,0,0
0,250.0,15.0,30.0,0,0
0,250.0,15.5,2.5,0,0
0,250.0,15.5,3.0,0,0
0,250.0,15.5,3.5,0,0
0,250.0,15.5,4.0,0,0
0,250.0,15.5,4.5,0,0
0,250.0,15.5,5.0,0,0
0,250.0,15.5,5.5,0,0
0,250.0,15.5,6.0,0,0
0,250.0,15.5,6.5,0,0
0,250.0,15.5,7.0,0,0
0,250.0,15.5,7.5,0,0
0,250.0,15.5,8.0,0,0
0,250.0,15.5,8.5,0,0
0,250.0,15.5,9.0,0,0
0,250.0,15.5,9.5,0,0
0,250.0,15.5,10.0,0,0
0,250.0,15.5,10.5,0,0
0,250.0,15.5,11.0,0,0
0,250.0,15.5,11.5,0,0
0,250.0,15.5,12.0,0,0
0,250.0,15.5,12.5,0,0
0,250.0,15.5,13.0,0,0
0,250.0,15.5,13.5,0,0
0,250.0,15.5,14.0,0,0
0,250.0,15.5,14.5,0,0
0,250.0,15.5,15.0,0,0
0,250.0,15.5,15.5,0,0
0,250.0,15.5,16.0,0,0
0,250.0,15.5,16.5,0,0
0,250.0,15.5,17.0,0,0
0,250.0,15.5,17.5,0,0
0,250.0,15.5,18.0,0,0
0,250.0,15.5,18.5,0,0
0,250.0,15.5,19.0,0,0
0,250.0,15.5,19.5,0,0
0,250.0,15.5,20.0,0,0
0,250.0,15.5,20.5,0,0
0,250.0,15.5,21.0,0,0
0,250.0,15.5,21.5,0,0
0,250.0,15.5,22.0,0,0
0,250.0,15.5,22.5,0,0
0,250.0,15.5,23.0,0,0
0,250.0,15.5,23.5,0,0
0,250.0,15.5,24.0,0,0
0,250.0,15.5,24.5,0,0
0,250.0,15.5,25.0,0,0
0,250.0,15.5,25.5,0,0
0,250.0,15.5,26.0,0,0
0,250.0,15.5,26.5,0,0
0,250.0,15.5,27.0,0,0
0,250.0,15.5,27.5,0,0
0,250.0,15.5,28.0,0,0
0,250.0,15.5,28.5,0,0
0,250.0,15.5,29.0,0,0
0,250.0,15.5,29.5,0,0
0,250.0,15.5,30.0,0,0
0,250.0,16.0,2.5,0,0
0,250.0,16.0,3.0,0,0
0,250.0,16.0,3.5,0,0
0,250.0,16.0,4.0,0,0
0,250.0,16.0,4.5,0,0
0,250.0,16.0,5.0,0,0
0,250.0,16.0,5.5,0,0
0,250.0,16.0,6.0,0,0
0,250.0,16.0,6.5,0,0
0,250.0,16.0,7.0,0,0
0,250.0,16.0,7.5,0,0
0,250.0,16.0,8.0,0,0
0,250.0,16.0,8.5,0,0
0,250.0,16.0,9.0,0,0
0,250.0,16.0,9.5,0,0
0,250.0,16.0,10.0,0,0
0,250.0,16.0,10.5,0,0
0,250.0,16.0,11.0,0,0
0,250.0,16.0,11.5,0,0
0,250.0,16.0,12.0,0,0
0,250.0,16.0,12.5,0,0
0,250.0,16.0,13.0,0,0
0,250.0,16.0,13.5,0,0
0,250.0,16.0,14.0,0,0
0,250.0,16.0,14.5,0,0
0,250.0,16.0,15.0,0,0
0,250.0,16.0,15.5,0,0
0,250.0,16.0,16.0,0,0
0,250.0,16.0,16.5,0,0
0,250.0,16.0,17.0,0,0
0,250.0,16.0,17.5,0,0
0,250.0,16.0,18.0,0,0
0,250.0,16.0,18.5,0,0
0,250.0,16.0,19.0,0,0
0,250.0,16.0,19.5,0,0
0,250.0,16.0,20.0,0,0
0,250.0,16.0,20.5,0,0
0,250.0,16.0,21.0,0,0
0,250.0,16.0,21.5,0,0
0,250.0,16.0,22.0,0,0
0,250.0,16.0,22.5,0,0
0,250.0,16.0,23.0,0,0
0,250.0,16.0,23.5,0,0
0,250.0,16.0,24.0,0,0
0,250.0,16.0,24.5,0,0
0,250.0,16.0,25.0,0,0
0,250.0,16.0,25.5,0,0
0,250.0,16.0,26.0,0,0
0,250.0,16.0,26.5,0,0
0,250.0,16.0,27.0,0,0
0,250.0,16.0,27.5,0,0
0,250.0,16.0,28.0,0,0
0,250.0,16.0,28.5,0,0
0,250.0,16.0,29.0,0,0
0,250.0,16.0,29.5,0,0
0,250.0,16.0,30.0,0,0
1,250.0,16.5,1.5,0,0
1,250.0,17.0,1.5,0,0
1,250.0,31.5,1.5,0,0
1,250.0,32.0,1.5,0,0
1,250.0,1.5,1.5,0,0
1,250.0,2.0,1.5,0,0
1,250.0,16.5,2.0,0,0
1,250.0,17.0,2.0,0,0
1,250.0,31.5,2.0,0,0
1,250.0,32.0,2.0,0,0
1,250.0,1.5,2.0,0,0
1,250.0,2.0,2.0,0,0
1,250.0,16.5,2.5,0,0
1,250.0,17.0,2.5,0,0
1,250.0,31.5,2.5,0,0
1,250.0,32.0,2.5,0,0
1,250.0,1.5,2.5,0,0
1,250.0,2.0,2.5,0,0
1,250.0,16.5,3.0,0,0
1,250.0,17.0,3.0,0,0
1,250.0,31.5,3.0,0,0
1,250.0,32.0,3.0,0,0
1,250.0,1.5,3.0,0,0
1,250.0,2.0,3.0,0,0
1,250.0,16.5,3.5,0,0
1,250.0,17.0,3.5,0,0
1,250.0,31.5,3.5,0,0
1,250.0,32.0,3.5,0,0
1,250.0,1.5,3.5,0,0
1,250.0,2.0,3.5,0,0
1,250.0,16.5,4.0,0,0
1,250.0,17.0,4.0,0,0
1,250.0,31.5,4.0,0,0
1,250.0,32.0,4.0,0,0
1,250.0,1.5,4.0,0,0
1,250.0,2.0,4.0,0,0
1,250.0,16.5,4.5,0,0
1,250.0,17.0,4.5,0,0
1,250.0,31.5,4.5,0,0
1,250.0,32.0,4.5,0,0
1,250.0,1.5,4.5,0,0
1,250.0,2.0,4.5,0,0
1,250.0,16.5,5.0,0,0
1,250.0,17.0,5.0,0,0
1,250.0,31.5,5.0,0,0
1,250.0,32.0,5.0,0,0
1,250.0,1.5,5.0,0,0
1,250.0,2.0,5.0,0,0
1,250.0,16.5,5.5,0,0
1,250.0,17.0,5.5,0,0
1,250.0,31.5,5.5,0,0
1,250.0,32.0,5.5,0,0
1,250.0,1.5,5.5,0,0
1,250.0,2.0,5.5,0,0
1,250.0,16.5,6.0,0,0
1,250.0,17.0,6.0,0,0
1,250.0,31.5,6.0,0,0
1,250.0,32.0,6.0,0,0
1,250.0,1.5,6.0,0,0
1,250.0,2.0,6.0,0,0
1,250.0,16.5,6.5,0,0
1,250.0,17.0,6.5,0,0
1,250.0,31.5,6.5,0,0
1,250.0,32.0,6.5,0,0
1,250.0,1.5,6.5,0,0
1,250.0,2.0,6.5,0,0
1,250.0,16.5,7.0,0,0
1,250.0,17.0,7.0,0,0
1,250.0,31.5,7.0,0,0
1,250.0,32.0,7.0,0,0
1,250.0,1.5,7.0,0,0
1,250.0,2.0,7.0,0,0
1,250.0,16.5,7.5,0,0
1,250.0,17.0,7.5,0,0
1,250.0,31.5,7.5,0,0
1,250.0,32.0,7.5,0,0
1,250.0,1.5,7.5,0,0
1,250.0,2.0,7.5,0,0
1,250.0,16.5,8.0,0,0
1,250.0,17.0,8.0,0,0
1,250.0,31.5,8.0,0,0
1,250.0,32.0,8.0,0,0
1,250.0,1.5,8.0,0,0
1,250.0,2.0,8.0,0,0
1,250.0,16.5,8.5,0,0
1,250.0,17.0,8.5,0,0
1,250.0,31.5,8.5,0,0
1,250.0,32.0,8.5,0,0
1,250.0,1.5,8.5,0,0
1,250.0,2.0,8.5,0,0
1,250.0,16.5,9.0,0,0
1,250.0,17.0,9.0,0,0
1,250.0,31.5,9.0,0,0
1,250.0,32.0,9.0,0,0
1,250.0,1.5,9.0,0,0
1,250.0,2.0,9.0,0,0
1,250.0,16.5,9.5,0,0
1,250.0,17.0,9.5,0,0
1,250.0,31.5,9.5,0,0
1,250.0,32.0,9.5,0,0
1,250.0,1.5,9.5,0,0
1,250.0,2.0,9.5,0,0
1,250.0,16.5,10.0,0,0
1,250.0,17.0,10.0,0,0
1,250.0,31.5,10.0,0,0
1,250.0,32.0,10.0,0,0
1,250.0,1.5,10.0,0,0
1,250.0,2.0,10.0,0,0
1,250.0,16.5,10.5,0,0
1,250.0,17.0,10.5,0,0
1,250.0,31.5,10.5,0,0
1,250.0,32.0,10.5,0,0
1,250.0,1.5,10.5,0,0
1,250.0,2.0,10.5,0,0
1,250.0,16.5,11.0,0,0
1,250.0,17.0,11.0,0,0
1,250.0,31.5,11.0,0,0
1,250.0,32.0,11.0,0,0
1,250.0,1.5,11.0,0,0
1,250.0,2.0,11.0,0,0
1,250.0,16.5,11.5,0,0
1,250.0,17.0,11.5,0,0
1,250.0,31.5,11.5,0,0
1,250.0,32.0,11.5,0,0
1,250.0,1.5,11.5,0,0
1,250.0,2.0,11.5,0,0
1,250.0,16.5,12.0,0,0
1,250.0,17.0,12.0,0,0
1,250.0,31.5,12.0,0,0
1,250.0,32.0,12.0,0,0
1,250.0,1.5,12.0,0,0
1,250.0,2.0,12.0,0,0
1,250.0,16.5,12.5,0,0
1,250.0,17.0,12.5,0,0
1,250.0,31.5,12.5,0,0
1,250.0,32.0,12.5,0,0
1,250.0,1.5,12.5,0,0
1,250.0,2.0,12.5,0,0
1,250.0,16.5,13.0,0,0
1,250.0,17.0,13.0,0,0
1,250.0,31.5,13.0,0,0
1,250.0,32.0,13.0,0,0
1,250.0,1.5,13.0,0,0
1,250.0,2.0,13.0,0,0
1,250.0,16.5,13.5,0,0
1,250.0,17.0,13.5,0,0
1,250.0,31.5,13.5,0,0
1,250.0,32.0,13.5,0,0
1,250.0,1.5,13.5,0,0
1,250.0,2.0,13.5,0,0
1,250.0,16.5,14.0,0,0
1,250.0,17.0,14.0,0,0
1,250.0,31.5,14.0,0,0
1,250.0,32.0,14.0,0,0
1,250.0,1.5,14.0,0,0
1,250.0,2.0,14.0,0,0
1,250.0,16.5,14.5,0,0
1,250.0,17.0,14.5,0,0
1,250.0,31.5,14.5,0,0
1,250.0,32.0,14.5,0,0
1,250.0,1.5,14.5,0,0
1,250.0,2.0,14.5,0,0
1,250.0,16.5,15.0,0,0
1,250.0,17.0,15.0,0,0
1,250.0,31.5,15.0,0,0
1,250.0,32.0,15.0,0,0
1,250.0,1.5,15.0,0,0
1,250.0,2.0,15.0,0,0
1,250.0,16.5,15.5,0,0
1,250.0,17.0,15.5,0,0
1,250.0,31.5,15.5,0,0
1,250.0,32.0,15.5,0,0
1,250.0,1.5,15.5,0,0
1,250.0,2.0,15.5,0,0
1,250.0,16.5,16.0,0,0
1,250.0,17.0,16.0,0,0
1,250.0,31.5,16.0,0,0
1,250.0,32.0,16.0,0,0
1,250.0,1.5,16.0,0,0
1,250.0,2.0,16.0,0,0
1,250.0,16.5,16.5,0,0
1,250.0,17.0,16.5,0,0
1,250.0,31.5,16.5,0,0
1,250.0,32.0,16.5,0,0
1,250.0,1.5,16.5,0,0
1,250.0,2.0,16.5,0,0
1,250.0,16.5,17.0,0,0
1,250.0,17.0,17.0,0,0
1,250.0,31.5,17.0,0,0
1,250.0,32.0,17.0,0,0
1,250.0,1.5,17.0,0,0
1,250.0,2.0,17.0,0,0
1,250.0,16.5,17.5,0,0
1,250.0,17.0,17.5,0,0
1,250.0,31.5,17.5,0,0
1,250.0,32.0,17.5,0,0
1,250.0,1.5,17.5,0,0
1,250.0,2.0,17.5,0,0
1,250.0,16.5,18.0,0,0
1,250.0,17.0,18.0,0,0
1,250.0,31.5,18.0,0,0
1,250.0,32.0,18.0,0,0
1,250.0,1.5,18.0,0,0
1,250.0,2.0,18.0,0,0
1,250.0,16.5,18.5,0,0
1,250.0,17.0,18.5,0,0
1,250.0,31.5,18.5,0,0
1,250.0,32.0,18.5,0,0
1,250.0,1.5,18.5,0,0
1,250.0,2.0,18.5,0,0
1,250.0,16.5,19.0,0,0
1,250.0,17.0,19.0,0,0
1,250.0,31.5,19.0,0,0
1,250.0,32.0,19.0,0,0
1,250.0,1.5,19.0,0,0
1,250.0,2.0,19.0,0,0
1,250.0,16.5,19.5,0,0
1,250.0,17.0,19.5,0,0
1,250.0,31.5,19.5,0,0
1,250.0,32.0,19.5,0,0
1,250.0,1.5,19.5,0,0
1,250.0,2.0,19.5,0,0
1,250.0,16.5,20.0,0,0
1,250.0,17.0,20.0,0,0
1,250.0,31.5,20.0,0,0
1,250.0,32.0,20.0,0,0
1,250.0,1.5,20.0,0,0
1,250.0,2.0,20.0,0,0
1,250.0,16.5,20.5,0,0
1,250.0,17.0,20.5,0,0
1,250.0,31.5,20.5,0,0
1,250.0,32.0,20.5,0,0
1,250.0,1.5,20.5,0,0
1,250.0,2.0,20.5,0,0
1,250.0,16.5,21.0,0,0
1,250.0,17.0,21.0,0,0
1,250.0,31.5,21.0,0,0
1,250.0,32.0,21.0,0,0
1,250.0,1.5,21.0,0,0
1,250.0,2.0,21.0,0,0
1,250.0,16.5,21.5,0,0
1,250.0,17.0,21.5,0,0
1,250.0,31.5,21.5,0,0
1,250.0,32.0,21.5,0,0
1,250.0,1.5,21.5,0,0
1,250.0,2.0,21.5,0,0
1,250.0,16.5,22.0,0,0
1,250.0,17.0,22.0,0,0
1,250.0,31.5,22.0,0,0
1,250.0,32.0,22.0,0,0
1,250.0,1.5,22.0,0,0
1,250.0,2.0,22.0,0,0
1,250.0,16.5,22.5,0,0
1,250.0,17.0,22.5,0,0
1,250.0,31.5,22.5,0,0
1,250.0,32.0,22.5,0,0
1,250.0,1.5,22.5,0,0
1,250.0,2.0,22.5,0,0
1,250.0,16.5,23.0,0,0
1,250.0,17.0,23.0,0,0
1,250.0,31.5,23.0,0,0
1,250.0,32.0,23.0,0,0
1,250.0,1.5,23.0,0,0
1,250.0,2.0,23.0,0,0
1,250.0,16.5,23.5,0,0
1,250.0,17.0,23.5,0,0
1,250.0,31.5,23.5,0,0
1,250.0,32.0,23.5,0,0
1,250.0,1.5,23.5,0,0
1,250.0,2.0,23.5,0,0
1,250.0,16.5,24.0,0,0
1,250.0,17.0,24.0,0,0
1,250.0,31.5,24.0,0,0
1,250.0,32.0,24.0,0,0
1,250.0,1.5,24.0,0,0
1,250.0,2.0,24.0,0,0
1,250.0,16.5,24.5,0,0
1,250.0,17.0,24.5,0,0
1,250.0,31.5,24.5,0,0
1,250.0,32.0,24.5,0,0
1,250.0,1.5,24.5,0,0
1,250.0,2.0,24.5,0,0
1,250.0,16.5,25.0,0,0
1,250.0,17.0,25.0,0,0
1,250.0,31.5,25.0,0,0
1,250.0,32.0,25.0,0,0
1,250.0,1.5,25.0,0,0
1,250.0,2.0,25.0,0,0
1,250.0,16.5,25.5,0,0
1,250.0,17.0,25.5,0,0
1,250.0,31.5,25.5,0,0
1,250.0,32.0,25.5,0,0
1,250.0,1.5,25.5,0,0
1,250.0,2.0,25.5,0,0
1,250.0,16.5,26.0,0,0
1,250.0,17.0,26.0,0,0
1,250.0,31.5,26.0,0,0
1,250.0,32.0,26.0,0,0
1,250.0,1.5,26.0,0,0
1,250.0,2.0,26.0,0,0
1,250.0,16.5,26.5,0,0
1,250.0,17.0,26.5,0,0
1,250.0,31.5,26.5,0,0
1,250.0,32.0,26.5,0,0
1,250.0,1.5,26.5,0,0
1,250.0,2.0,26.5,0,0
1,250.0,16.5,27.0,0,0
1,250.0,17.0,27.0,0,0
1,250.0,31.5,27.0,0,0
1,250.0,32.0,27.0,0,0
1,250.0,1.5,27.0,0,0
1,250.0,2.0,27.0,0,0
1,250.0,16.5,27.5,0,0
1,250.0,17.0,27.5,0,0
1,250.0,31.5,27.5,0,0
1,250.0,32.0,27.5,0,0
1,250.0,1.5,27.5,0,0
1,250.0,2.0,27.5,0,0
1,250.0,16.5,28.0,0,0
1,250.0,17.0,28.0,0,0
1,250.0,31.5,28.0,0,0
1,250.0,32.0,28.0,0,0
1,250.0,1.5,28.0,0,0
1,250.0,2.0,28.0,0,0
1,250.0,16.5,28.5,0,0
1,250.0,17.0,28.5,0,0
1,250.0,31.5,28.5,0,0
1,250.0,32.0,28.5,0,0
1,250.0,1.5,28.5,0,0
1,250.0,2.0,28.5,0,0
1,250.0,16.5,29.0,0,0
1,250.0,17.0,29.0,0,0
1,250.0,31.5,29.0,0,0
1,250.0,32.0,29.0,0,0
1,250.0,1.5,29.0,0,0
1,250.0,2.0,29.0,0,0
1,250.0,16.5,29.5,0,0
1,250.0,17.0,29.5,0,0
1,250.0,31.5,29.5,0,0
1,250.0,32.0,29.5,0,0
1,250.0,1.5,29.5,0,0
1,250.0,2.0,29.5,0,0
1,250.0,16.5,30.0,0,0
1,250.0,17.0,30.0,0,0
1,250.0,31.5,30.0,0,0
1,250.0,32.0,30.0,0,0
1,250.0,1.5,30.0,0,0
1,250.0,2.0,30.0,0,0
1,250.0,16.5,30.5,0,0
1,250.0,17.0,30.5,0,0
1,250.0,31.5,30.5,0,0
1,250.0,32.0,30.5,0,0
1,250.0,1.5,30.5,0,0
1,250.0,2.0,30.5,0,0
1,250.0,16.5,31.0,0,0
1,250.0,17.0,31.0,0,0
1,250.0,31.5,31.0,0,0
1,250.0,32.0,31.0,0,0
1,250.0,1.5,31.0,0,0
1,250.0,2.0,31.0,0,0
1,250.0,2.5,1.5,0,0
1,250.0,2.5,2.0,0,0
1,250.0,3.0,1.5,0,0
1,250.0,3.0,2.0,0,0
1,250.0,3.5,1.5,0,0
1,250.0,3.5,2.0,0,0
1,250.0,4.0,1.5,0,0
1,250.0,4.0,2.0,0,0
1,250.0,4.5,1.5,0,0
1,250.0,4.5,2.0,0,0
1,250.0,5.0,1.5,0,0
1,250.0,5.0,2.0,0,0
1,250.0,5.5,1.5,0,0
1,250.0,5.5,2.0,0,0
1,250.0,6.0,1.5,0,0
1,250.0,6.0,2.0,0,0
1,250.0,6.0,30.5,0,0
1,250.0,6.0,31.0,0,0
1,250.0,6.5,1.5,0,0
1,250.0,6.5,2.0,0,0
1,250.0,6.5,30.5,0,0
1,250.0,6.5,31.0,0,0
1,250.0,7.0,1.5,0,0
1,250.0,7.0,2.0,0,0
1,250.0,7.0,30.5,0,0
1,250.0,7.0,31.0,0,0
1,250.0,7.5,1.5,0,0
1,250.0,7.5,2.0,0,0
1,250.0,7.5,30.5,0,0
1,250.0,7.5,31.0,0,0
1,250.0,8.0,1.5,0,0
1,250.0,8.0,2.0,0,0
1,250.0,8.0,30.5,0,0
1,250.0,8.0,31.0,0,0
1,250.0,8.5,1.5,0,0
1,250.0,8.5,2.0,0,0
1,250.0,8.5,30.5,0,0
1,250.0,8.5,31.0,0,0
1,250.0,9.0,1.5,0,0
1,250.0,9.0,2.0,0,0
1,250.0,9.0,30.5,0,0
1,250.0,9.0,31.0,0,0
1,250.0,9.5,1.5,0,0
1,250.0,9.5,2.0,0,0
1,250.0,9.5,30.5,0,0
1,250.0,9.5,31.0,0,0
1,250.0,10.0,1.5,0,0
1,250.0,10.0,2.0,0,0
1,250.0,10.0,30.5,0,0
1,250.0,10.0,31.0,0,0
1,250.0,10.5,1.5,0,0
1,250.0,10.5,2.0,0,0
1,250.0,10.5,30.5,0,0
1,250.0,10.5,31.0,0,0
1,250.0,11.0,1.5,0,0
1,250.0,11.0,2.0,0,0
1,250.0,11.0,30.5,0,0
1,250.0,11.0,31.0,0,0
1,250.0,11.5,1.5,0,0
1,250.0,11.5,2.0,0,0
1,250.0,11.5,30.5,0,0
1,250.0,11.5,31.0,0,0
1,250.0,12.0,1.5,0,0
1,250.0,12.0,2.0,0,0
1,250.0,12.0,30.5,0,0
1,250.0,12.0,31.0,0,0
1,250.0,12.5,1.5,0,0
1,250.0,12.5,2.0,0,0
1,250.0,12.5,30.5,0,0
1,250.0,12.5,31.0,0,0
1,250.0,13.0,1.5,0,0
1,250.0,13.0,2.0,0,0
1,250.0,13.0,30.5,0,0
1,250.0,13.0,31.0,0,0
1,250.0,13.5,1.5,0,0
1,250.0,13.5,2.0,0,0
1,250.0,13.5,30.5,0,0
1,250.0,13.5,31.0,0,0
1,250.0,14.0,1.5,0,0
1,250.0,14.0,2.0,0,0
1,250.0,14.0,30.5,0,0
1,250.0,14.0,31.0,0,0
1,250.0,14.5,1.5,0,0
1,250.0,14.5,2.0,0,0
1,250.0,14.5,30.5,0,0
1,250.0,14.5,31.0,0,0
1,250.0,15.0,1.5,0,0
1,250.0,15.0,2.0,0,0
1,250.0,15.0,30.5,0,0
1,250.0,15.0,31.0,0,0
1,250.0,15.5,1.5,0,0
1,250.0,15.5,2.0,0,0
1,250.0,15.5,30.5,0,0
1,250.0,15.5,31.0,0,0
1,250.0,16.0,1.5,0,0
1,250.0,16.0,2.0,0,0
1,250.0,16.0,30.5,0,0
1,250.0,16.0,31.0,0,0
1,250.0,17.5,1.5,0,0
1,250.0,17.5,2.0,0,0
1,250.0,17.5,30.5,0,0
1,250.0,17.5,31.0,0,0
1,250.0,18.0,1.5,0,0
1,250.0,18.0,2.0,0,0
1,250.0,18.0,30.5,0,0
1,250.0,18.0,31.0,0,0
1,250.0,18.5,1.5,0,0
1,250.0,18.5,2.0,0,0
1,250.0,18.5,30.5,0,0
1,250.0,18.5,31.0,0,0
1,250.0,19.0,1.5,0,0
1,250.0,19.0,2.0,0,0
1,250.0,19.0,30.5,0,0
1,250.0,19.0,31.0,0,0
1,250.0,19.5,1.5,0,0
1,250.0,19.5,2.0,0,0
1,250.0,19.5,30.5,0,0
1,250.0,19.5,31.0,0,0
1,250.0,20.0,1.5,0,0
1,250.0,20.0,2.0,0,0
1,250.0,20.0,30.5,0,0
1,250.0,20.0,31.0,0,0
1,250.0,20.5,1.5,0,0
1,250.0,20.5,2.0,0,0
1,250.0,20.5,30.5,0,0
1,250.0,20.5,31.0,0,0
1,250.0,21.0,1.5,0,0
1,250.0,21.0,2.0,0,0
1,250.0,21.0,30.5,0,0
1,250.0,21.0,31.0,0,0
1,250.0,21.5,1.5,0,0
1,250.0,21.5,2.0,0,0
1,250.0,21.5,30.5,0,0
1,250.0,21.5,31.0,0,0
1,250.0,22.0,1.5,0,0
1,250.0,22.0,2.0,0,0
1,250.0,22.0,30.5,0,0
1,250.0,22.0,31.0,0,0
1,250.0,22.5,1.5,0,0
1,250.0,22.5,2.0,0,0
1,250.0,22.5,30.5,0,0
1,250.0,22.5,31.0,0,0
1,250.0,23.0,1.5,0,0
1,250.0,23.0,2.0,0,0
1,250.0,23.0,30.5,0,0
1,250.0,23.0,31.0,0,0
1,250.0,23.5,1.5,0,0
1,250.0,23.5,2.0,0,0
1,250.0,23.5,30.5,0,0
1,250.0,23.5,31.0,0,0
1,250.0,24.0,1.5,0,0
1,250.0,24.0,2.0,0,0
1,250.0,24.0,30.5,0,0
1,250.0,24.0,31.0,0,0
1,250.0,24.5,1.5,0,0
1,250.0,24.5,2.0,0,0
1,250.0,24.5,30.5,0,0
1,250.0,24.5,31.0,0,0
1,250.0,25.0,1.5,0,0
1,250.0,25.0,2.0,0,0
1,250.0,25.0,30.5,0,0
1,250.0,25.0,31.0,0,0
1,250.0,25.5,1.5,0,0
1,250.0,25.5,2.0,0,0
1,250.0,25.5,30.5,0,0
1,250.0,25.5,31.0,0,0
1,250.0,26.0,1.5,0,0
1,250.0,26.0,2.0,0,0
1,250.0,26.0,30.5,0,0
1,250.0,26.0,31.0,0,0
1,250.0,26.5,1.5,0,0
1,250.0,26.5,2.0,0,0
1,250.0,26.5,30.5,0,0
1,250.0,26.5,31.0,0,0
1,250.0,27.0,1.5,0,0
1,250.0,27.0,2.0,0,0
1,250.0,27.0,30.5,0,0
1,250.0,27.0,31.0,0,0
1,250.0,27.5,1.5,0,0
1,250.0,27.5,2.0,0,0
1,250.0,27.5,30.5,0,0
1,250.0,27.5,31.0,0,0
1,250.0,28.0,1.5,0,0
1,250.0,28.0,2.0,0,0
1,250.0,28.5,1.5,0,0
1,250.0,28.5,2.0,0,0
1,250.0,29.0,1.5,0,0
1,250.0,29.0,2.0,0,0
1,250.0,29.5,1.5,0,0
1,250.0,29.5,2.0,0,0
1,250.0,30.0,1.5,0,0
1,250.0,30.0,2.0,0,0
1,250.0,30.5,1.5,0,0
1,250.0,30.5,2.0,0,0
1,250.0,31.0,1.5,0,0
1,250.0,31.0,2.0,0,0
1,250.0,32.0,31.5,0,0
1,250.0,31.991804012938065,31.999910423161122,0,0
1,250.0,31.967224861483917,32.49928350083236,0,0
1,250.0,31.92628896536311,32.99758246510766,0,0
1,250.0,31.869040325896947,33.49427170262779,0,0
1,250.0,31.7955404787062,33.98881733030232,0,0
1,250.0,31.70586842756748,34.48068776917177,0,0
1,250.0,31.60012055949337,34.96935431579312,0,0
1,250.0,31.478410541127612,35.4542917105344,0,0
1,250.0,31.34086919656671,35.934978702167655,0,0
1,250.0,31.187644366739256,36.41089860815332,0,0
1,250.0,31.018900750494147,36.88153987001375,0,0
1,250.0,30.8348197275685,37.34639660319903,0,0
1,250.0,30.63559916362556,37.80496914085399,0,0
1,250.0,30.421453197572156,38.25676457090182,0,0
1,250.0,30.1926120113843,38.70129726586721,0,0
1,250.0,29.949321582688388,39.13808940486929,0,0
1,250.0,29.69184342036388,39.56667148722347,0,0
1,250.0,29.42045428345171,39.986582837099995,0,0
1,250.0,29.135445883670556,40.397372098696785,0,0
1,250.0,28.8371245718607,40.79859772139441,0,0
1,250.0,28.525811008692543,41.18982843437155,0,0
1,250.0,28.201839819993765,41.57064371017092,0,0
1,250.0,27.865559237065472,41.94063421671732,0,0
1,250.0,27.51733072237414,42.29940225730193,0,0
1,250.0,27.157528581021538,42.64656219805998,0,0
1,250.0,26.78653955841034,42.981740882482256,0,0
1,250.0,26.404762424537857,43.30457803251484,0,0
1,250.0,26.012607545364702,43.61472663581613,0,0
1,250.0,25.610496441719214,43.911853318754666,0,0
1,250.0,25.198861336211596,44.19563870474695,0,0
1,250.0,24.77814468864501,44.4657777575501,0,0
1,250.0,24.348798720422753,44.72198010914029,0,0
1,250.0,23.91128492846294,44.96397037182456,0,0
1,250.0,23.466073589143065,45.19148843425049,0,0
1,250.0,23.013643252807626,45.40428974099567,0,0
1,250.0,22.554480229382275,45.602145555436245,0,0
1,250.0,22.089078065647243,45.78484320561218,0,0
1,250.0,21.61793701473206,45.952186312824836,0,0
1,250.0,21.141563498401652,46.10399500272122,0,0
1,250.0,20.66046956271196,46.24010609863794,0,0
1,250.0,20.175172327620018,46.36037329699715,0,0
1,250.0,19.686193431140268,46.464667324565845,0,0
1,250.0,19.194058468644396,46.552876077409515,0,0
1,250.0,18.69929642790752,46.624904741390836,0,0
1,250.0,18.202439120507957,46.680675894083834,0,0
1,250.0,17.704020610191673,46.72012958799397,0,0
1,250.0,17.204576638815993,46.7432234149947,0,0
1,250.0,16.704644050489442,46.7499325519113,0,0
1,250.0,16.20476021452687,46.74024978720287,0,0
1,250.0,15.705462447840024,46.714185528713905,0,0
1,250.0,15.207287437384418,46.671767792487074,0,0
1,250.0,14.710770663283366,46.61304217264923,0,0
1,250.0,14.21644582324921,46.53807179240306,0,0
1,250.0,13.724844258920406,46.44693723617695,0,0
1,250.0,13.236494384731177,46.339736463006155,0,0
1,250.0,12.751921119927495,46.2165847012382,0,0
1,250.0,12.271645324340032,46.07761432467585,0,0
1,250.0,11.796183238520502,45.92297471029069,0,0
1,250.0,11.326045928843167,45.75283207766026,0,0
1,250.0,10.861738738168029,45.56736931030137,0,0
1,250.0,10.403760742656079,45.36678575909165,0,0
1,250.0,9.952604215320537,45.15129702799049,0,0
1,250.0,9.508754096890712,44.92113474228997,0,0
1,250.0,9.072687474557174,44.676546299644635,0,0
1,250.0,8.644873069158583,44.41779460414777,0,0
1,250.0,8.225770731361374,44.14515778374017,0,0
1,250.0,7.815830947373833,43.858928891254976,0,0
1,250.0,7.415494354725903,43.55941558941999,0,0
1,250.0,7.025191268635107,43.2469398201561,0,0
1,250.0,6.64534121946787,42.92183745852719,0,0
1,250.0,6.276352501793156,42.58445795171354,0,0
1,250.0,5.918621735513405,42.23516394339683,0,0
1,250.0,5.572533439544294,41.8743308839604,0,0
1,250.0,5.238459618501707,41.50234662692381,0,0
1,250.0,4.916759362840073,41.119611012045496,0,0
1,250.0,4.6077784628719325,40.72653543554152,0,0
1,250.0,4.3118490370836575,40.323542407882634,0,0
1,250.0,4.029289175146722,39.911065099644674,0,0
1,250.0,3.760402596008362,39.48954687590064,0,0
1,250.0,3.50547832142907,39.059440819654895,0,0
1,250.0,3.264790365317854,38.621209244831654,0,0
1,250.0,3.0385974391992043,38.17532319934139,0,0
1,250.0,2.827142674128341,37.7222619587592,0,0
1,250.0,2.6306533593536088,37.2625125111593,0,0
1,250.0,2.449340698007042,36.796569033659644,0,0
1,250.0,2.283399580085561,36.324932361239,0,0
1,250.0,2.1330083729669393,35.8481094483977,0,0
1,250.0,1.9983287296856425,35.36661282424061,0,0
1,250.0,1.8795054151746307,34.88096004156798,0,0
1,250.0,1.7766661506599242,34.39167312056649,0,0
1,250.0,1.6899214763751509,33.89927798769829,0,0
1,250.0,1.6193646327436717,33.40430391039139,0,0
1,250.0,1.565071460155984,32.90728292813871,0,0
1,250.0,1.527100317450131,32.40874928061764,0,0
1,250.0,1.5054920191827463,31.90923883344458,0,0
1,250.0,1.5002697917581642,31.409288502181784,0,0
1,250.0,31.5,31.5,0,0
1,250.0,31.49180631427231,31.991575622342115,0,0
1,250.0,31.467234360341557,32.48260510012005,0,0
1,250.0,31.426311437850877,32.97254289554071,0,0
1,250.0,31.369083012504145,33.460844683679134,0,0
1,250.0,31.295612665553143,33.94696795722787,0,0
1,250.0,31.205982023158313,34.43037262922715,0,0
1,250.0,31.100290665701397,34.9105216331059,0,0
1,250.0,30.97865601715082,35.386881519367144,0,0
1,250.0,30.84121321460269,35.85892304825476,0,0
1,250.0,30.68811495814238,36.326121777743246,0,0
1,250.0,30.51953134119347,36.787958646197104,0,0
1,250.0,30.335649661542554,37.243920549052596,0,0
1,250.0,30.136674213249854,37.693500908881134,0,0
1,250.0,29.92282605967683,38.13620023820099,0,0
1,250.0,29.694342787882995,38.57152669441199,0,0
1,250.0,29.451478244664703,38.99899662623669,0,0
1,250.0,29.19450225452927,39.418135111060934,0,0
1,250.0,28.923700319917753,39.828476482576775,0,0
1,250.0,28.63937330400936,40.22956484814161,0,0
1,250.0,28.341837096459983,40.62095459527862,0,0
1,250.0,28.031422262446206,41.00221088675595,0,0
1,250.0,27.708473675404647,41.37291014369438,0,0
1,250.0,27.373350133874766,41.732640516167024,0,0
1,250.0,27.026423962870687,42.08100234076797,0,0
1,250.0,26.668080600225082,42.41760858464155,0,0
1,250.0,26.298718168364548,42.742085275479134,0,0
1,250.0,25.9187470319923,43.05407191700538,0,0
1,250.0,25.528589342169635,43.353221889492566,0,0
1,250.0,25.128678567302604,43.63920283485798,0,0
1,250.0,24.71945901155506,43.911697025916475,0,0
1,250.0,24.301385321223055,44.170401719378,0,0
1,250.0,23.874921979619078,44.415029492197874,0,0
1,250.0,23.440542791027266,44.64530856090617,0,0
1,250.0,22.99873035430293,44.86098308356137,0,0
1,250.0,22.549975526701274,45.06181344399289,0,0
1,250.0,22.094776878530933,45.24757651801659,0,0
1,250.0,21.633640139238246,45.41806592132761,0,0
1,250.0,21.167077635537684,45.57309223879503,0,0
1,250.0,20.695607722212664,45.712483234903594,0,0
1,250.0,20.21975420621909,45.83608404510886,0,0
1,250.0,19.740045764731544,45.94375734789293,0,0
1,250.0,19.257015357778553,46.03538351732979,0,0
1,250.0,18.771199636119647,46.11086075599072,0,0
1,250.0,18.283138345021925,46.17010520804208,0,0
1,250.0,17.793373724598613,46.2130510524098,0,0
1,250.0,17.302449907375863,46.23965057590716,0,0
1,250.0,16.810912313757,46.249874226244536,0,0
1,250.0,16.319307046055986,46.243710644862205,0,0
1,250.0,15.828180281773244,46.22116667954984,0,0
1,250.0,15.338077666787957,46.18226737683853,0,0
1,250.0,14.849543709141008,46.12705595417391,0,0
1,250.0,14.363121174082062,46.05559375190118,0,0
1,250.0,13.879350481052896,45.96796016511549,0,0
1,250.0,13.398769103276965,45.864252555453376,0,0
1,250.0,12.921910970622207,45.74458614292312,0,0
1,250.0,12.449305876400583,45.60909387789441,0,0
1,250.0,11.981478888763323,45.45792629338936,0,0
1,250.0,11.518949767345902,45.29125133783913,0,0
1,250.0,11.062232385810804,45.10925418849176,0,0
1,250.0,10.611834160929643,44.912137045678804,0,0
1,250.0,10.168255488838966,44.70011890816903,0,0
1,250.0,9.731989189096003,44.473435329859036,0,0
1,250.0,9.303519957152101,44.23233815807089,0,0
1,250.0,8.883323825852074,43.9770952537477,0,0
1,250.0,8.471867636557809,43.70799019385792,0,0
1,250.0,8.06960852048365,43.425321956338955,0,0
1,250.0,7.676993390819856,43.12940458793026,0,0
1,250.0,7.294458446208383,42.8205668552648,0,0
1,250.0,6.92242868612259,42.49915187960662,0,0
1,250.0,6.5613174386893185,42.16551675564028,0,0
1,250.0,6.211525901477964,41.82003215473577,0,0
1,250.0,5.8734426957666255,41.46308191312947,0,0
1,250.0,5.547443434780728,41.09506260547906,0,0
1,250.0,5.233890306383586,40.71638310426569,0,0
1,250.0,4.933131670682728,40.32746412553335,0,0
1,250.0,4.645501672998938,39.92873776146989,0,0
1,250.0,4.371319872628071,39.520647000348994,0,0
1,250.0,4.1108908878080275,39.103645234366596,0,0
1,250.0,3.8645040572853713,38.678195755918395,0,0
1,250.0,3.6324331188576373,38.24477124287822,0,0
1,250.0,3.4149359052483437,37.80385323344898,0,0
1,250.0,3.21225405765275,37.35593159116981,0,0
1,250.0,3.0246127572724593,36.90150396067356,0,0
1,250.0,2.8522204751372904,36.441075214799596,0,0
1,250.0,2.6952687404922138,35.97515689367587,0,0
1,250.0,2.553931928006806,35.504266636393666,0,0
1,250.0,2.428367064043538,35.02892760590623,0,0
1,250.0,2.318713652200211,34.54966790779053,0,0
1,250.0,2.225093518320298,34.0670200035175,0,0
1,250.0,2.1476106751434276,33.581520118883034,0,0
1,250.0,2.0863512067463894,33.09370764825672,0,0
1,250.0,2.0413831729029965,32.60412455531017,0,0
1,250.0,2.012756533469128,32.11331477089104,0,0
1,250.0,2.0005030928769134,31.62182358871123,0,0
1,250.0,2.0046364647997486,31.13019705952125,0,0
1,250.0,27.5,31.5,0,0
1,250.0,27.488374189123583,31.999819741871462,0,0
1,250.0,27.45352190244382,32.49855840285152,0,0
1,250.0,27.395518523419987,32.99513724036356,0,0
1,250.0,27.31448950997109,33.4884821834029,0,0
1,250.0,27.210610123117764,33.97752615568961,0,0
1,250.0,27.084105047902888,34.46121138369215,0,0
1,250.0,26.935247907411004,34.93849168452969,0,0
1,250.0,26.764360670937535,35.408334728804526,0,0
1,250.0,26.57181295758805,35.86972427347029,0,0
1,250.0,26.35802123681374,36.32166235990619,0,0
1,250.0,26.1234479276123,36.76317147244327,0,0
1,250.0,25.8686003983427,37.193296652673595,0,0
1,250.0,25.594029869317048,37.61110756496954,0,0
1,250.0,25.300330220543295,38.015700508745326,0,0
1,250.0,24.988136707197448,38.406200373108646,0,0
1,250.0,24.6581245856038,38.7817625296743,0,0
1,250.0,24.31100765269492,39.14157465944611,0,0
1,250.0,23.947536702110614,39.48485850981535,0,0
1,250.0,23.568497900275187,39.810871577875744,0,0
1,250.0,23.174711085965363,40.1189087164138,0,0
1,250.0,22.767027997046974,40.40830365910104,0,0
1,250.0,22.34633042821569,40.67843046158913,0,0
1,250.0,21.913528323726663,40.92870485539093,0,0
1,250.0,21.469557809238257,41.15858551161909,0,0
1,250.0,21.01537916702696,41.367575211848774,0,0
1,250.0,20.55197475895295,41.55522192357208,0,0
1,250.0,20.080346901668808,41.72111977791793,0,0
1,250.0,19.601515698667143,41.86490994752269,0,0
1,250.0,19.11651683385639,41.98628142265285,0,0
1,250.0,18.626399331437028,42.08497168390085,0,0
1,250.0,18.13222328692354,42.160767269999205,0,0
1,250.0,17.635057574219772,42.213504239524816,0,0
1,250.0,17.135977533707145,42.24306852549463,0,0
1,250.0,16.636062646346254,42.249396182085874,0,0
1,250.0,16.136394198822636,42.232473522947146,0,0
1,250.0,15.638052944786857,42.192337150801166,0,0
1,250.0,15.142116767247545,42.129073878275264,0,0
1,250.0,14.649658347173418,42.0428205401307,0,0
1,250.0,14.161742843347032,41.933763697297096,0,0
1,250.0,13.679425588488602,41.802139233352044,0,0
1,250.0,13.203749806633002,41.64823184431872,0,0
1,250.0,12.735744356697134,41.47237442288501,0,0
1,250.0,12.276421507118219,41.27494733837608,0,0
1,250.0,11.826774746376337,41.05637761403777,0,0
1,250.0,11.387776634136898,40.817138003410264,0,0
1,250.0,10.960376697660928,40.5577459677898,0,0
1,250.0,10.545499378033089,40.278762556990145,0,0
1,250.0,10.144042030649642,39.98079119582462,0,0
1,250.0,9.756872984291165,39.664476378933514,0,0
1,250.0,9.38482966297816,39.3305022767798,0,0
1,250.0,9.028716774671818,38.97959125582847,0,0
1,250.0,8.689304570737743,38.61250231611003,0,0
1,250.0,8.36732717993725,38.23002944954784,0,0
1,250.0,8.063481020549773,37.83299992259995,0,0
1,250.0,7.778423294060808,37.422272486930105,0,0
1,250.0,7.51277056367352,36.998735521978084,0,0
1,250.0,7.267097420718569,36.56330511344691,0,0
1,250.0,7.041935241846637,36.11692307186298,0,0
1,250.0,6.837771039691786,35.66055489549497,0,0
1,250.0,6.655046409491595,35.19518768203747,0,0
1,250.0,6.494156573942469,34.7218279935764,0,0
1,250.0,6.35544952835604,34.241499679453995,0,0
1,250.0,6.2392252879656525,33.755241661742545,0,0
1,250.0,6.145735239010937,33.26410568811667,0,0
1,250.0,6.07518159500408,32.76915405698455,0,0
1,250.0,6.027716959353796,32.271457319798564,0,0
1,250.0,6.00344399529309,31.77209196551505,0,0
1,250.0,6.002415203824674,31.272138092211616,0,0
1,250.0,27.0,31.5,0,0
1,250.0,26.98780729608461,31.999801728925256,0,0
1,250.0,26.951258191563575,32.49841439746081,0,0
1,250.0,26.890439639102215,32.99465177406797,0,0
1,250.0,26.80549632994009,33.48733327817993,0,0
1,250.0,26.696630349661234,33.97528678887882,0,0
1,250.0,26.564100697419605,34.45735143344648,0,0
1,250.0,26.408222669763454,34.93238034915528,0,0
1,250.0,26.229367110524606,35.39924341172802,0,0
1,250.0,26.027959528557197,35.856829923976235,0,0
1,250.0,25.80447908542478,36.30405125822001,0,0
1,250.0,25.55945745544424,36.73984344620313,0,0
1,250.0,25.293477560798443,37.16316971034186,0,0
1,250.0,25.007172184726972,37.57302293028531,0,0
1,250.0,24.701222466094183,37.968428038919434,0,0
1,250.0,24.376356278916138,38.348444342114234,0,0
1,250.0,24.033346500701587,38.712167756695486,0,0
1,250.0,23.673009173726797,39.05873296131664,0,0
1,250.0,23.296201563618588,39.387315455113836,0,0
1,250.0,22.9038201198644,39.69713351924636,0,0
1,250.0,22.496798343101418,39.98745007665593,0,0
1,250.0,22.076104564258657,40.25757444562038,0,0
1,250.0,21.642739640835526,40.50686398292972,0,0
1,250.0,21.197734575797607,40.73472561277564,0,0
1,250.0,20.742148064754435,40.94061723771689,0,0
1,250.0,20.277063977254688,41.12404902836391,0,0
1,250.0,19.80358877819098,41.28458458871434,0,0
1,250.0,19.322848895448868,41.42184199436715,0,0
1,250.0,18.83598804006261,41.53549470114532,0,0
1,250.0,18.344164485253227,41.62527232196533,0,0
1,250.0,17.84854831082216,41.690961270105475,0,0
1,250.0,17.350318619456345,41.73240526734228,0,0
1,250.0,16.850660731567224,41.74950571574651,0,0
1,250.0,16.35076336533744,41.742221932253926,0,0
1,250.0,15.851815808683973,41.71057124545292,0,0
1,250.0,15.355005089865859,41.654628954358685,0,0
1,250.0,14.861513153467792,41.57452814927205,0,0
1,250.0,14.372514048478088,41.47045939514905,0,0
1,250.0,13.889171135150807,41.34267027823475,0,0
1,250.0,13.412634317297027,41.1914648170396,0,0
1,250.0,12.944037306589896,41.01720273905997,0,0
1,250.0,12.48449492539179,40.820298624963236,0,0
1,250.0,12.035100454520373,40.60122092227389,0,0
1,250.0,11.596923032263362,40.36049083090673,0,0
1,250.0,11.171005110829924,40.09868106319883,0,0
1,250.0,10.758359976289972,39.81641448139017,0,0
1,250.0,10.359969337901568,39.51436261579434,0,0
1,250.0,9.976780992561597,39.193244067184864,0,0
1,250.0,9.609706569936115,38.85382279719783,0,0
1,250.0,9.259619363634876,38.49690631081812,0,0
1,250.0,8.927352253589788,38.12334373527324,0,0
1,250.0,8.613695724580081,37.734023799905124,0,0
1,250.0,8.319395985618321,37.32987272182605,0,0
1,250.0,8.045153194671236,36.91185200238861,0,0
1,250.0,7.7916197929390165,36.48095613971233,0,0
1,250.0,7.559398952655805,36.03821026270883,0,0
1,250.0,7.349043142104243,35.584667692234305,0,0
1,250.0,7.161052811257981,35.121407435171655,0,0
1,250.0,6.995875201179061,34.649531617403824,0,0
1,250.0,6.8539032800027275,34.17016286178563,0,0
1,250.0,6.735474808041019,33.68444161735189,0,0
1,250.0,6.64087153422931,33.193523446116046,0,0
1,250.0,6.570318525827506,32.6985762739139,0,0
1,250.0,6.523983632970587,32.20077761183315,0,0
1,250.0,6.50197708934237,31.701311754838926,0,0
1,250.0,6.504351249922497,31.201366964260025,0,0
