1396 2 0.5 5e+06 0.05 2 0 0.005 0 9.81 35 35
0,250,3.43849,27.8692,0.885326,5.8455
0,250,7.41144,26.9805,2.94375,-2.04281
0,250,3.44858,29.0602,1.54479,3.06784
0,250,11.3698,25.2308,13.3387,2.55522
0,250,5.94385,30.6116,-4.49124,-0.278825
0,250,2.95137,32.2741,3.61356,5.49376
0,250,6.99501,26.462,4.2342,-1.34759
0,250,3.30275,31.4435,-12.1871,-7.98301
0,250,4.2906,29.5619,-0.652815,2.59221
0,250,6.63147,31.9275,-2.34823,1.95928
0,250,6.45619,31.5068,-0.544431,10.0043
0,250,6.91402,30.3377,-1.52989,-1.86122
0,250,11.3278,25.7672,6.30991,-1.32661
0,250,9.67724,30.6445,4.36864,-0.695333
0,250,8.41856,30.9275,2.18926,-1.77818
0,250,7.39012,31.6492,-5.79203,-9.4914
0,250,6.75144,28.1892,-2.55205,-1.17045
0,250,5.47262,29.6858,4.08235,0.312011
0,250,10.4747,31.4188,1.48718,1.87745
0,250,11.9115,30.7487,-1.57331,-5.18762
0,250,11.4993,31.3776,4.53433,-5.62596
0,250,5.79648,29.1655,3.71615,-4.99306
0,250,11.7079,29.3597,9.8432,1.77804
0,250,11.342,29.8583,-2.69642,-3.88358
0,250,8.6286,29.8496,4.2179,-1.90493
0,250,4.45007,31.8466,0.27359,3.74178
0,250,11.9542,31.6151,5.16415,5.51599
0,250,7.68735,31.108,0.549649,0.838011
0,250,8.75104,31.4899,-1.75667,-1.18572
0,250,4.7155,31.9634,2.77428,6.17785
0,250,4.23008,24.9077,-0.612326,-2.76061
0,250,7.69015,30.4425,-1.546,6.22311
0,250,10.4636,21.4164,7.41212,-0.943076
0,250,5.13892,30.4389,1.72268,2.89979
0,250,5.55188,27.1759,6.22076,-0.536298
0,250,6.68041,30.2198,-0.772575,4.34899
0,250,3.59455,24.6665,0.502918,2.77281
0,250,5.12962,31.5986,-3.53239,-10.3028
0,250,6.59825,29.3967,3.62722,7.50584
0,250,7.1395,25.7007,3.3929,-0.465281
0,250,3.508,31.796,-9.42444,-0.245544
0,250,5.90175,29.2197,-2.05212,4.92421
0,250,5.7038,27.8447,-3.75257,-0.081913
0,250,7.27547,29.4012,-0.9217,3.39755
0,250,2.6884,31.3655,0.958198,2.59321
0,250,2.25744,30.2531,0.655059,-0.837891
0,250,4.02466,30.7457,-2.62986,-1.06735
0,250,4.18882,30.9838,-2.52789,-1.30652
0,250,7.99864,30.1138,6.91815,-3.75033
0,250,4.99699,30.8958,-0.0613479,-4.68871
0,250,9.34978,31.7602,-1.40925,-1.08962
0,250,9.91334,29.8781,3.6128,8.38991
0,250,6.06026,30.8529,0.312112,2.1065
0,250,9.46883,29.1276,3.64052,-3.80191
0,250,8.37704,31.01,-1.0156,1.45198
0,250,13.1484,32.0224,6.25671,2.8707
0,250,7.99467,31.8346,0.940982,0.34297
0,250,7.0783,31.5388,-6.08337,1.41512
0,250,11.1278,30.5509,5.11026,-1.01359
0,250,5.46031,30.8975,-1.68477,1.71967
0,250,2.72941,28.9274,1.0239,3.9493
0,250,7.83047,29.693,-0.0790535,-0.0866863
0,250,3.14443,26.8651,6.26003,2.49198
0,250,7.90105,29.0288,-0.279604,1.34371
0,250,7.00452,28.887,-0.0271419,-1.72102
0,250,3.70286,28.0508,0.286946,2.70168
0,250,12.0299,23.8263,9.44328,-3.35393
0,250,4.9499,25.9614,-2.02424,3.31297
0,250,5.7006,26.5635,-0.152697,0.019034
0,250,3.9616,26.8717,4.7074,1.56456
0,250,4.96162,30.0546,3.10235,1.32305
0,250,5.64467,28.3326,0.491421,2.89521
0,250,3.48909,30.1684,-1.15002,5.10722
0,250,9.07954,30.3044,8.67772,4.52862
0,250,3.31347,31.0071,-0.162722,-6.05726
0,250,13.4582,30.966,-4.73967,3.38951
0,250,3.05639,28.4542,-0.795235,2.85389
0,250,8.12037,32.12,2.72673,-11.7635
0,250,10.478,30.8883,4.059,0.859998
0,250,6.24993,31.1813,-5.13166,4.58089
0,250,14.3257,28.6166,2.8673,5.61981
0,250,11.487,30.324,2.11005,-6.48274
0,250,2.90752,30.4779,-4.61891,0.840815
0,250,9.14228,31.3993,-2.25484,-2.0305
0,250,8.6658,29.3765,4.78147,-2.29493
0,250,14.3408,29.7141,-2.60432,2.79653
0,250,14.1192,31.4232,-1.51535,-1.76087
0,250,5.69064,32.2321,-1.95053,-0.360655
0,250,12.4479,32.0542,-8.91331,-9.20099
0,250,14.9742,31.3612,6.36358,1.4542
0,250,10.5666,26.5379,-3.14216,3.44032
0,250,2.41591,25.9799,-0.221383,1.87161
0,250,7.79282,28.7044,3.35428,0.459776
0,250,9.69755,22.0321,6.32611,-1.58084
0,250,5.0059,28.6018,1.14666,-0.38451
0,250,5.38864,26.3,-8.86788,-0.0149956
0,250,2.34202,26.3946,-2.54421,1.34839
0,250,9.16736,27.8429,-0.695071,-2.96602
0,250,6.27449,26.0654,0.102085,-2.0706
0,250,2.8486,31.4494,-7.29154,-5.84497
0,250,7.91548,27.5115,1.41278,-0.459396
0,250,4.71882,27.9387,0.920893,4.91922
0,250,10.1842,29.0478,5.4074,0.02082
0,250,5.64007,30.1349,-6.38334,1.19479
0,250,9.17567,29.1551,3.12305,-5.40795
0,250,7.58776,30.7773,0.715153,-1.47247
0,250,5.91636,27.8623,-6.20161,-0.510168
0,250,5.94131,29.8819,2.60692,-1.86805
0,250,11.4056,31.8157,-3.80449,2.22317
0,250,12.054,29.7573,2.831,-8.08801
0,250,10.2827,31.8651,0.39522,-2.85577
0,250,13.6836,29.1816,-3.61969,-0.0966066
0,250,13.2051,30.8438,1.99644,-3.21335
0,250,15.6029,30.1042,-1.51352,0.437209
0,250,12.7387,30.0329,1.31719,-8.76222
0,250,13.9119,30.6387,4.53474,-8.32021
0,250,14.0448,31.3002,1.06236,7.71627
0,250,8.64508,31.8055,-2.76185,3.40265
0,250,13.0356,30.2109,0.742051,-1.3863
0,250,9.91807,31.6403,6.17681,4.80823
0,250,10.8483,28.9131,-1.49957,-0.716046
0,250,8.94736,23.6765,2.18957,-2.94162
0,250,4.2221,25.5933,-1.63676,0.328549
0,250,10.1973,28.1591,6.34946,-3.14238
0,250,9.90741,29.4522,0.555532,0.804733
0,250,7.59502,23.087,2.77202,-0.331871
0,250,4.89235,19.5594,6.84607,0.317371
0,250,7.5832,26.7045,0.373927,1.59974
0,250,10.2856,28.4659,0.914949,-1.7659
0,250,13.0819,28.6747,4.5534,2.30665
0,250,11.6787,28.0284,-3.04943,-0.486497
0,250,12.0728,27.3879,1.60795,-3.79793
0,250,6.39574,28.6266,-0.313728,1.18748
0,250,8.40854,30.3831,-1.67628,3.9297
0,250,8.22893,28.4173,2.0992,-3.52697
0,250,9.19983,30.6571,-2.66191,3.53776
0,250,10.0958,31.0683,-1.02811,12.5651
0,250,9.46458,32.2048,-1.07524,-6.97483
0,250,8.95864,26.9051,0.114469,1.4588
0,250,18.5018,30.3599,-4.90569,-1.63592
0,250,12.1666,29.8469,-3.15854,-13.4278
0,250,15.698,28.7213,7.05118,2.8137
0,250,17.0332,31.4608,-12.2584,2.18084
0,250,12.1799,30.5285,2.78647,2.47285
0,250,13.1842,29.1021,-1.99356,1.74654
0,250,13.9441,30.1476,-0.763692,-8.79426
0,250,12.8349,30.8945,-1.77349,4.82508
0,250,14.0628,31.8584,6.99273,-7.92715
0,250,11.002,32.1059,-4.57385,7.15322
0,250,13.0926,29.6055,-0.316435,-0.703563
0,250,11.4082,27.8089,3.60419,2.23776
0,250,9.64371,27.6305,-1.76628,-2.59118
0,250,10.6309,27.818,0.86976,3.87328
0,250,12.1661,28.9606,-0.530903,10.4657
0,250,6.31678,26.8876,1.07663,-2.57999
0,250,10.0709,22.7494,3.1422,-9.79958
0,250,14.9305,28.6693,6.46593,5.48676
0,250,11.8656,28.8458,3.37483,5.35692
0,250,9.58977,29.9304,-3.15627,1.34203
0,250,7.76346,28.0108,0.228479,0.604392
0,250,12.6458,28.7022,5.22393,7.24041
0,250,10.5078,29.0785,-1.32427,2.13774
0,250,16.8409,31.0883,7.4118,-11.7324
0,250,13.9811,27.7945,4.31815,3.51339
0,250,12.4401,31.1414,-3.63646,1.47995
0,250,10.7416,29.7443,1.75509,4.95859
0,250,11.2612,29.0392,5.90848,3.48086
0,250,10.9899,31.3163,4.17458,9.27837
0,250,8.91255,28.3535,-1.25035,-2.19794
0,250,18.0919,30.6345,-2.36085,-4.6393
0,250,18.2153,27.3836,-1.88022,-0.762189
0,250,11.2435,29.5155,-2.23823,-2.06789
0,250,16.9648,28.912,-0.902936,-4.99376
0,250,15.435,32.2322,6.48556,3.67305
0,250,17.7297,28.4949,6.0767,-5.30812
0,250,14.0646,32.0254,11.4231,-8.25168
0,250,15.8507,32.0142,0.119326,4.66089
0,250,16.6818,29.1075,-0.415026,-2.92465
0,250,14.6526,30.1771,-1.49789,-3.23728
0,250,13.7633,28.733,-0.466292,2.55855
0,250,13.2877,27.2173,-0.533185,0.365045
0,250,14.7981,27.6395,2.60108,-2.67227
0,250,8.27959,29.2082,0.419144,3.29521
0,250,14.3457,28.1406,8.61761,-6.21934
0,250,8.83194,24.0721,-2.97071,-3.45822
0,250,11.1993,28.3729,3.75697,3.09992
0,250,13.3652,28.0209,-4.03595,5.2385
0,250,13.7046,30.3481,5.48676,2.41465
0,250,12.5776,29.1414,-3.18064,-6.65594
0,250,14.681,28.0976,3.59905,0.657068
0,250,12.5892,28.1091,0.984005,-0.530101
0,250,11.8322,26.9838,-2.07348,0.91265
0,250,16.5025,32.0328,1.53633,13.3226
0,250,15.3494,28.1173,0.762172,0.535485
0,250,15.4157,29.8255,0.153062,-2.86556
0,250,12.5424,31.3086,-12.5302,0.0416231
0,250,16.6394,29.754,2.03119,1.10994
0,250,10.6077,30.0942,1.36622,-0.961461
0,250,15.0186,28.8416,-1.84651,2.47448
0,250,18.6426,29.7574,-1.67992,-3.25495
0,250,15.2513,30.9476,2.38526,3.201
0,250,17.347,31.0449,-10.117,-1.21231
0,250,17.8852,31.014,0.634814,-7.69283
0,250,19.1363,24.9605,-7.58199,3.91073
0,250,11.8494,31.1687,-9.51405,4.19751
0,250,17.1705,32.0641,-4.53805,-3.81038
0,250,19.2408,30.2503,-5.53767,-0.0648515
0,250,18.2936,31.876,-2.02401,4.2522
0,250,15.2194,30.5586,3.5952,7.61539
0,250,17.4346,30.1353,4.70034,1.14205
0,250,13.4711,28.3192,2.05272,2.13402
0,250,16.0347,26.3186,0.534837,-7.59097
0,250,17.6237,19.882,-2.52394,-4.10794
0,250,8.69012,24.6441,-2.0724,-7.03222
0,250,14.1786,29.4452,-3.48985,1.82265
0,250,10.4379,25.0505,-5.13639,1.08407
0,250,13.0267,27.9283,-0.698703,1.73969
0,250,15.6742,27.4635,0.563489,1.50824
0,250,17.9394,26.7066,-7.22121,-0.988283
0,250,17.2788,28.0569,0.906029,-1.23992
0,250,14.609,24.5289,-7.61911,-13.0648
0,250,16.8936,27.39,-5.26289,6.14067
0,250,14.9358,29.5349,2.53513,-0.248047
0,250,13.0814,26.3082,-8.12188,3.94101
0,250,18.8558,27.9965,-1.7277,3.44622
0,250,16.2298,27.2053,-12.4931,9.6386
0,250,18.1964,29.6622,3.74092,-1.45048
0,250,17.4108,28.8175,6.54845,0.239533
0,250,15.9853,30.3778,-2.46911,-0.159753
0,250,20.1446,31.9864,9.36616,3.24318
0,250,19.7568,31.4943,-0.242547,2.97807
0,250,18.5914,30.2715,-2.32231,9.25551
0,250,19.3776,31.8577,-4.53537,1.61317
0,250,17.6127,31.9316,-0.862432,-6.00527
0,250,19.0384,31.5499,11.3237,-6.19615
0,250,18.269,31.1483,-7.5294,1.21484
0,250,17.0063,30.4041,-2.64933,-2.04572
0,250,21.4052,32.3086,-0.161951,7.49679
0,250,17.3811,30.7904,-4.4951,-5.74678
0,250,21.1799,30.4688,-4.71329,0.0153029
0,250,12.2154,28.1684,3.33498,1.54111
0,250,13.091,26.0942,7.14851,2.72318
0,250,19.9749,25.0425,5.04964,1.61137
0,250,16.3741,28.1193,7.13826,-5.59304
0,250,6.07684,26.1112,-3.80059,0.546277
0,250,15.6439,28.893,2.13847,3.00717
0,250,15.6428,30.8427,5.2032,2.40618
0,250,20.503,26.4738,-2.14896,0.00597717
0,250,16.9436,29.6585,3.08724,-3.05426
0,250,18.7599,26.8206,-0.903867,1.48051
0,250,16.0415,29.7798,2.75497,0.638553
0,250,17.8204,29.5331,-2.24755,3.37561
0,250,15.0335,27.8374,-3.13203,6.5692
0,250,18.4259,29.1329,-4.33532,-2.99587
0,250,14.7147,27.0031,-6.37821,-6.8673
0,250,19.8379,32.0631,9.68466,3.80615
0,250,14.5122,25.5261,-6.897,2.87649
0,250,21.1151,29.6493,-2.60438,3.39138
0,250,19.0852,29.8042,-2.11318,0.378147
0,250,20.1494,30.8716,-1.32716,0.527887
0,250,21.9828,28.6675,-5.46382,4.19346
0,250,21.7145,27.5665,5.36087,1.26229
0,250,18.3808,29.1539,0.140044,4.76159
0,250,20.5795,29.1851,-5.72563,-0.118997
0,250,19.2561,29.4988,3.24069,-2.98819
0,250,16.7069,32.0623,-5.17622,-5.73423
0,250,21.6278,28.128,-3.71471,-0.156216
0,250,20.8685,30.1089,0.844744,0.898254
0,250,21.595,30.9935,-0.640605,2.84921
0,250,20.7453,30.8963,13.187,4.63839
0,250,10.3993,26.8544,-6.1574,0.368873
0,250,14.3979,27.0807,5.39471,11.4114
0,250,19.3329,29.0241,2.42034,1.49868
0,250,11.9861,24.5481,-0.45104,8.25031
0,250,19.5637,28.825,-2.778,0.804248
0,250,18.802,25.9822,-5.34902,-6.40078
0,250,8.25192,20.5285,-7.75517,-2.19049
0,250,12.4183,19.2796,-2.17197,0.718968
0,250,21.0535,28.2794,2.63269,1.74419
0,250,15.8946,19.9845,-2.44913,-3.47432
0,250,18.7395,30.9578,1.68601,0.405671
0,250,20.2373,29.4131,2.62097,1.51009
0,250,16.5459,27.3906,-2.84113,3.29815
0,250,20.4838,31.7105,1.59565,5.64158
0,250,16.0463,29.4304,1.36715,0.123083
0,250,19.3451,30.7327,-3.12687,-2.94204
0,250,15.9381,31.172,3.36137,1.55547
0,250,23.3144,27.474,4.55652,1.08359
0,250,20.4403,31.3344,1.71818,2.0417
0,250,21.0483,28.6553,0.983236,-3.67136
0,250,19.3769,31.2472,8.68132,-15.5091
0,250,20.1812,30.0415,3.48399,6.8823
0,250,21.9309,30.3985,-3.53219,3.80148
0,250,21.5417,29.9122,-13.7508,7.65415
0,250,21.0163,29.2684,-1.28142,4.65097
0,250,22.1081,29.8542,-2.0221,-3.10493
0,250,20.1398,27.8182,-10.1692,1.16847
0,250,20.3109,27.0021,-1.04585,-3.31165
0,250,21.9921,31.5752,4.3804,8.37377
0,250,20.1193,28.6301,-3.83513,0.967828
0,250,13.7381,25.6858,-2.77395,-10.6263
0,250,18.9275,28.5317,-0.516326,-0.442543
0,250,21.0768,26.2753,-3.99405,-5.18733
0,250,22.2999,28.4325,-1.94985,-0.146128
0,250,18.2788,28.069,-4.97991,-2.11883
0,250,16.6279,28.0741,-12.0473,4.84284
0,250,19.4255,24.1884,-6.15823,8.84547
0,250,16.4556,24.114,-8.23785,0.325563
0,250,19.4403,28.1455,-1.66635,1.12449
0,250,19.7956,29.693,-5.67532,-1.88838
0,250,20.2942,30.4282,9.8297,-1.53609
0,250,20.5093,28.5934,-1.21016,1.77943
0,250,24.1608,29.98,7.45291,3.57732
0,250,19.5723,26.3983,-3.42663,-1.36036
0,250,21.0172,31.4272,-4.25124,3.16484
0,250,17.3842,26.9937,2.58953,2.34172
0,250,20.5791,29.8965,-6.2548,2.38762
0,250,22.0922,30.9685,-13.7414,4.63955
0,250,22.3589,27.622,-1.50861,-2.77542
0,250,21.5225,29.066,-4.2705,-0.223426
0,250,22.4631,26.121,0.110458,-2.74651
0,250,20.2724,28.064,2.83708,2.62704
0,250,22.8554,27.4947,1.48717,3.684
0,250,20.8126,27.5436,-3.66029,-0.752041
0,250,22.2651,29.391,1.187,6.58827
0,250,25.0565,32.3288,-1.75081,2.81971
0,250,19.8234,30.9328,0.149389,-0.785271
0,250,22.1234,30.5851,-4.53822,4.69341
0,250,26.4376,29.9614,5.06002,-4.28188
0,250,21.0874,27.8902,-1.44629,3.90566
0,250,17.2099,27.3726,1.12427,11.0958
0,250,21.047,25.2572,-4.86421,2.49167
0,250,17.792,22.2329,-4.59184,0.703239
0,250,18.3401,25.3585,-2.51924,-1.72825
0,250,19.6165,27.2221,3.56787,-7.66735
0,250,16.0524,25.2612,-10.772,-6.34154
0,250,20.0124,26.5965,-8.78542,2.75162
0,250,19.6288,28.3446,1.354,-4.80804
0,250,25.1133,30.1454,2.97657,1.25053
0,250,16.5959,19.767,-1.6928,-0.619664
0,250,23.1164,28.1845,-3.69874,5.10279
0,250,21.6505,25.7225,-2.91237,6.05898
0,250,21.0541,27.1582,-6.08061,-5.17891
0,250,23.1201,26.2237,-0.520126,0.479716
0,250,21.9879,26.47,-0.904924,-6.04613
0,250,21.7716,24.9681,-2.89841,0.361461
0,250,21.7983,26.3675,-3.58974,-5.73754
0,250,22.6,26.8868,-2.20592,4.77552
0,250,23.9447,30.7737,-8.23684,3.62268
0,250,22.6309,26.456,-9.68814,-3.41768
0,250,24.4019,31.8119,-5.0106,-1.46597
0,250,21.1783,26.5353,0.312034,4.10163
0,250,23.6369,30.5271,-3.02856,-2.76771
0,250,23.0613,30.1902,3.76676,-3.24017
0,250,26.181,30.6974,5.33365,-3.05351
0,250,22.5482,31.998,1.65138,-10.9552
0,250,22.77,30.409,8.39332,5.20089
0,250,25.2199,30.8551,0.85497,-1.93826
0,250,23.0013,31.8828,-1.42564,-6.15304
0,250,25.7884,30.2717,6.65934,-7.35836
0,250,14.3211,24.5238,-13.7746,8.72044
0,250,17.1089,26.3011,-6.67633,-7.15453
0,250,22.8566,27.9663,-3.21312,-0.681657
0,250,17.4697,24.5701,-18.1779,-3.61121
0,250,18.1267,24.8927,-2.66022,-1.76311
0,250,18.2671,28.28,-1.04607,9.11977
0,250,19.3861,27.5335,-1.21401,1.16769
0,250,21.7322,27.1932,-5.74176,-4.05913
0,250,23.1448,26.8577,2.5773,-0.42557
0,250,22.9018,25.0476,-1.29179,6.17371
0,250,22.0113,27.856,3.42272,-3.8377
0,250,23.0271,29.3897,5.89033,1.91819
0,250,23.5487,27.0356,-1.8572,0.246852
0,250,24.1147,26.8584,0.416157,0.109274
0,250,22.8677,28.8292,-4.95601,7.14279
0,250,24.5439,30.2663,-4.53268,1.45559
0,250,29.1077,31.893,-2.04855,0.526789
0,250,26.6953,31.3873,9.07038,7.17352
0,250,23.4541,32.1616,-7.50014,12.4178
0,250,24.6005,31.2009,-0.820212,3.78489
0,250,23.4509,26.4843,-0.988154,-1.55252
0,250,21.7193,29.5538,-6.44213,1.10015
0,250,24.1049,31.8829,-5.53607,5.28555
0,250,24.2935,30.7575,-7.889,-1.51231
0,250,23.1186,31.1644,-8.54729,8.23004
0,250,22.8319,31.7403,-5.49852,-2.89952
0,250,20.8207,31.8528,-0.879475,8.41835
0,250,26.8902,29.0715,-9.17295,9.87172
0,250,28.4891,28.8571,2.87283,5.0476
0,250,21.7302,31.5377,4.86614,-6.18198
0,250,12.8842,27.0404,2.69839,0.532718
0,250,21.1604,25.7744,-4.08193,-2.1344
0,250,19.6044,22.8808,-2.22593,3.70012
0,250,19.019,27.7076,-3.82044,-9.76414
0,250,18.228,26.7458,0.441225,-1.67186
0,250,16.6079,26.0086,-12.2255,8.65366
0,250,21.5967,24.5261,-4.22055,4.34627
0,250,22.9302,28.8122,-5.05366,5.62076
0,250,22.5767,25.6741,-5.71544,0.636435
0,250,20.6347,24.4505,-4.32294,1.53537
0,250,24.7961,26.1233,-4.38359,5.63236
0,250,23.7324,28.7837,-1.45445,5.42176
0,250,25.2273,27.9855,4.22781,4.73957
0,250,26.4152,28.0953,0.517414,-1.32043
0,250,25.2369,27.3383,-1.83379,1.9806
0,250,24.8359,29.8348,0.392112,5.09182
0,250,23.4672,29.0582,-3.1863,-1.55666
0,250,25.4515,29.2283,-3.28197,-1.49415
0,250,21.0412,30.7327,-1.9874,5.56978
0,250,23.4501,30.5882,-12.1722,5.36092
0,250,25.9847,29.0219,4.57377,0.898721
0,250,26.7904,27.5698,-4.98889,1.67991
0,250,25.876,31.267,2.89769,-6.14937
0,250,27.643,32.045,-4.21975,9.36613
0,250,25.4381,31.1952,-0.0874012,-3.93062
0,250,27.5523,27.7193,1.24941,2.22643
0,250,26.6986,30.3224,-19.2548,5.86397
0,250,26.1166,27.8682,-6.23607,2.7893
0,250,26.7142,25.7488,-2.34856,2.74024
0,250,29.77,27.6785,3.3216,2.36991
0,250,12.483,27.6236,-6.02841,1.5022
0,250,23.3389,25.8646,-1.724,-0.139271
0,250,21.14,24.9938,-12.4033,4.69735
0,250,23.9887,27.8252,1.60851,-0.552896
0,250,22.7927,25.5757,-3.62908,3.04507
0,250,23.7837,26.3101,-0.0725067,1.07884
0,250,19.5377,25.8835,-3.83376,3.08126
0,250,24.4815,24.332,-0.83152,3.80903
0,250,26.4519,26.8861,9.76805,0.217683
0,250,24.507,26.4374,-1.88413,0.568534
0,250,22.3175,29.0801,-2.81857,-2.69123
0,250,30.5382,29.7651,13.1522,-17.781
0,250,29.5792,31.0368,7.44651,7.22129
0,250,24.1368,28.6626,-3.27742,2.49159
0,250,26.8718,28.9236,5.19181,3.40487
0,250,27.9658,29.2491,7.05822,3.97349
0,250,22.2173,31.6622,-10.5457,-4.84376
0,250,25.0359,28.9,-3.32,-1.54616
0,250,24.3508,25.9391,1.33557,2.54931
0,250,24.651,24.7417,-2.37783,-0.00533558
0,250,19.6782,30.2013,0.86826,-1.24166
0,250,26.5926,31.7296,9.6612,2.6053
0,250,26.2307,31.1578,-4.12292,-0.263817
0,250,31.3555,31.6186,6.16666,8.72596
0,250,28.3578,28.2248,5.9332,2.40681
0,250,28.4398,27.6277,2.80731,4.92691
0,250,26.1913,29.4066,0.146824,-1.17116
0,250,27.4861,28.3866,-7.15836,2.0483
0,250,29.6462,32.053,2.10325,4.01708
0,250,28.9487,31.9591,-6.31541,-5.72086
0,250,23.5271,24.173,-4.13403,-0.15991
0,250,22.737,24.0283,-2.85039,-0.477776
0,250,21.307,23.9225,-2.13719,1.12758
0,250,19.9045,24.7721,-3.76644,12.4613
0,250,24.1286,25.3006,-3.82717,1.12158
0,250,20.9692,27.0307,0.233196,-1.50026
0,250,24.4692,28.2099,6.81431,0.526842
0,250,24.0248,25.8452,-2.03306,3.76401
0,250,21.909,25.3345,-2.77213,-2.8768
0,250,23.2911,29.687,-4.40301,7.3961
0,250,23.7963,27.4883,-7.31629,2.02473
0,250,23.5789,28.3431,-2.96649,0.32567
0,250,25.609,26.9551,-0.355201,-0.46975
0,250,30.9972,27.603,6.8306,-3.81162
0,250,25.0094,29.4202,1.00399,1.18944
0,250,28.3144,27.0777,9.50894,3.64842
0,250,25.8617,28.7917,3.16038,5.25947
0,250,27.7581,28.8568,-0.713136,-0.58586
0,250,28.37,29.5127,4.80599,6.2646
0,250,30.5124,28.656,9.42991,-0.436097
0,250,27.1694,31.4513,16.1765,5.01675
0,250,24.3965,27.8769,-0.0858028,0.620595
0,250,24.7122,26.9377,-5.11427,-1.82647
0,250,29.0954,27.4723,10.6273,-0.415503
0,250,23.9015,29.7853,-2.45549,1.78581
0,250,31.1052,29.2597,-8.75469,10.6342
0,250,26.7745,23.7738,-4.03502,-2.17662
0,250,25.9784,27.025,-1.58029,-1.41988
0,250,31.8898,26.4489,-9.5518,2.87397
0,250,30.1855,30.0814,-4.29684,1.03974
0,250,18.4455,25.8028,-7.08555,9.84032
0,250,18.1545,23.4581,-11.3638,-10.0566
0,250,22.4255,25.1058,-2.07685,7.20145
0,250,15.4702,25.4856,-15.2205,7.66645
0,250,23.6844,25.4026,0.141528,0.449146
0,250,24.508,25.0406,-3.59647,2.55758
0,250,16.3551,25.8991,-10.069,-1.20857
0,250,25.3532,24.9461,-1.7462,2.92613
0,250,24.1722,27.1024,-1.92652,1.0796
0,250,24.2936,29.0998,-1.97452,6.32895
0,250,26.2844,26.382,-4.19451,-1.886
0,250,25.5243,27.764,-8.1787,4.98044
0,250,25.8923,28.3738,1.74625,3.39624
0,250,24.7272,27.5578,-3.78695,4.37071
0,250,23.0889,23.7663,-5.62407,3.0899
0,250,26.3903,22.4872,-4.12683,6.91697
0,250,30.1798,24.7716,3.54503,9.51265
0,250,20.8908,22.8332,-6.94455,1.73446
0,250,26.7491,21.9481,-1.99539,-2.41101
0,250,28.127,25.1215,-1.26192,3.18542
0,250,29.7904,22.3295,0.18596,7.182
0,250,29.1919,26.2714,8.29002,-4.46459
0,250,31.905,31.7066,-15.3228,-5.48444
0,250,28.5369,30.4709,4.63684,7.77775
0,250,27.0822,28.3443,5.47673,-7.69186
0,250,27.2969,24.2543,-4.29621,2.2386
0,250,25.9449,27.5758,-5.03041,-0.0618117
0,250,27.9081,31.2433,-8.42409,12.0403
0,250,22.7888,29.8236,-1.61228,-0.954177
0,250,31.5566,27.9698,4.52514,3.91347
0,250,19.7283,22.8803,-1.46463,6.19526
0,250,24.8452,25.5779,1.65677,2.42637
0,250,25.6196,25.3236,-3.46519,5.29204
0,250,23.061,24.3892,-3.92171,1.47613
0,250,24.9832,28.2582,-4.22614,-3.01906
0,250,25.161,24.5485,1.12473,5.48664
0,250,15.0168,25.2269,-2.18748,3.92015
0,250,26.0659,26.174,0.179525,2.42563
0,250,26.9938,25.0006,-0.28198,0.861324
0,250,28.5503,27.4615,-3.01889,4.5801
0,250,25.9945,25.6419,-1.39768,0.0814522
0,250,26.0809,23.8781,-3.09625,4.32998
0,250,22.527,30.8753,0.310165,-1.60426
0,250,25.3514,26.2756,2.13713,3.93698
0,250,25.795,24.5959,-1.33404,6.07684
0,250,23.1622,23.5181,-6.88248,3.09636
0,250,25.6169,26.442,-4.13432,1.22632
0,250,29.7793,26.4663,-1.69504,5.87832
0,250,27.76,25.5857,-4.47549,0.557596
0,250,31.4219,32.1573,1.341,7.869
0,250,26.7291,30.2898,-1.75482,-0.443385
0,250,25.4341,21.9369,-2.6439,3.16767
0,250,29.7633,30.8972,-0.803369,-3.48613
0,250,30.5779,19.1791,1.4925,-3.44218
0,250,27.977,26.7574,-1.58504,-2.29187
0,250,31.8445,27.6823,3.2989,-0.103355
0,250,27.3017,30.7166,2.62645,-1.48925
0,250,28.8077,30.3057,5.10915,12.831
0,250,24.6744,28.9309,2.8639,2.81857
0,250,27.5677,29.8323,-3.00374,6.34841
0,250,23.7056,24.9863,-2.51454,2.76089
0,250,21.3375,23.2738,-3.8343,-0.305968
0,250,20.0688,23.9239,-11.1862,6.31438
0,250,25.1333,25.423,-2.357,2.79847
0,250,20.5447,23.3904,-8.43643,-0.295148
0,250,19.7268,24.3611,-4.55046,4.4177
0,250,26.0367,24.9757,-2.5786,5.48603
0,250,23.1041,24.8814,2.55558,2.88815
0,250,25.0363,26.8212,-0.183632,-0.0888193
0,250,26.4102,25.2636,-4.30643,1.63944
0,250,27.2237,26.5819,-0.455361,-0.604225
0,250,23.4616,21.8551,-2.5236,3.09628
0,250,31.1928,24.607,2.14113,4.74387
0,250,30.0945,27.3484,7.23031,3.85263
0,250,26.8505,25.819,-7.06764,-2.54555
0,250,27.4204,27.5835,-4.55432,0.142571
0,250,27.8235,24.1545,-8.79216,2.94706
0,250,31.048,26.4217,7.53505,-6.83644
0,250,27.0513,27.0734,-2.02625,1.52993
0,250,31.6565,26.281,3.35422,0.670393
0,250,23.8551,23.5031,-6.13211,1.8148
0,250,30.3908,30.7621,-1.7826,7.62118
0,250,28.3483,25.7794,-2.87964,4.57051
0,250,30.7894,31.8908,-16.2117,-18.6332
0,250,27.5184,29.6089,13.8654,6.64128
0,250,26.9867,29.4983,-1.94066,-6.61348
0,250,30.6839,27.0854,10.113,3.56626
0,250,31.1593,29.3515,-18.3993,-4.76889
0,250,28.157,31.216,-4.41169,9.29085
0,250,27.351,26.9772,-0.208534,-7.37477
0,250,10.8486,25.9918,-13.24,11.392
0,250,19.8231,26.062,1.92153,3.13321
0,250,23.729,22.5807,-0.257308,1.13875
0,250,10.5538,24.796,-12.4129,-0.729144
0,250,23.7776,24.3563,-2.76104,5.35548
0,250,25.6107,25.8772,-0.683416,4.55473
0,250,26.9858,24.1339,-1.90346,1.32439
0,250,27.5177,25.5735,0.00786627,5.86328
0,250,26.4541,27.1829,-0.449769,1.99433
0,250,20.869,23.8482,-7.01429,8.60591
0,250,30.5737,26.3752,-4.50435,1.85687
0,250,24.6211,22.7788,-1.48826,5.37164
0,250,29.3933,27.3365,0.640473,-5.18993
0,250,26.8075,26.2987,3.54098,4.05253
0,250,31.8264,25.6287,0.307886,2.98978
0,250,28.9563,29.5114,-4.71881,-1.78778
0,250,27.4796,26.2134,-8.46391,0.406135
0,250,31.6578,29.8727,-9.44645,0.263615
0,250,31.0778,21.3099,2.81107,10.9016
0,250,31.1706,25.4167,1.70191,-6.63892
0,250,27.4974,30.734,-10.1041,2.2217
0,250,29.6816,27.7107,-23.8376,-26.5424
0,250,30.8022,25.1202,2.96229,-1.08718
0,250,29.2195,21.5279,0.589941,4.78169
0,250,29.8035,26.1114,2.55336,-6.12163
0,250,27.9108,26.1578,1.24175,-3.81482
0,250,30.2907,26.6455,5.53869,-3.5148
0,250,29.015,28.4815,-5.23697,-6.31715
0,250,31.2077,30.1217,6.75472,3.35401
0,250,28.2636,31.7322,-8.57777,-9.34704
0,250,24.7327,24.0476,-3.22613,0.805181
0,250,24.8325,21.3162,-2.83413,0.337546
0,250,22.5303,23.4151,-3.09713,6.05654
0,250,25.2162,23.8454,0.998194,4.76504
0,250,22.1837,24.2693,-4.1616,3.09567
0,250,15.1081,24.52,-9.13858,9.11474
0,250,26.9501,23.3244,-2.04942,0.120611
0,250,22.4413,22.2188,-3.19234,6.71111
0,250,21.4922,20.8305,-9.29926,2.55325
0,250,22.7585,22.6071,-5.81995,3.15758
0,250,30.4774,22.8525,2.70231,4.82938
0,250,23.1043,22.9235,-4.92724,8.04813
0,250,25.5295,22.6874,-3.40608,2.34072
0,250,27.5529,23.6553,-3.21929,3.093
0,250,21.7665,23.9125,-2.35245,4.17631
0,250,29.3396,29.3911,-9.11435,-5.69973
0,250,28.0087,28.2749,0.802385,4.41028
0,250,26.4358,22.9613,-5.79706,-1.12565
0,250,20.2893,21.0868,-3.80641,0.137733
0,250,13.5893,22.5073,-8.61124,12.0972
0,250,30.9045,31.6732,-0.124829,-7.54042
0,250,29.2485,24.4589,-0.296075,4.85959
0,250,24.0806,23.3347,-3.3274,5.10619
0,250,30.3784,25.178,2.05731,-6.72796
0,250,31.1267,28.2265,2.1484,11.0648
0,250,30.167,22.2869,-1.81008,-1.45448
0,250,27.7897,31.4146,6.69147,-2.09648
0,250,30.7558,31.2813,-2.29505,-6.3184
0,250,23.6017,31.5846,-1.62043,-1.67204
0,250,30.509,29.1126,4.696,-3.70332
0,250,14.4872,23.318,-12.6689,7.70494
0,250,26.0608,24.4274,1.08246,4.46149
0,250,19.4388,21.3474,-10.3601,3.56183
0,250,20.4566,25.3403,-9.93259,2.38594
0,250,4.87761,21.2188,-14.3375,6.23506
0,250,22.4746,23.1824,-1.78661,1.55257
0,250,18.5144,23.5881,-12.6326,6.69302
0,250,25.0889,23.2394,-3.43311,-0.681171
0,250,26.5027,23.4442,-1.04791,4.62392
0,250,28.6051,25.2421,3.61564,-2.93357
0,250,21.9822,22.809,-6.63194,3.60316
0,250,24.2219,22.7767,-3.21477,2.574
0,250,28.2976,24.3309,-0.823439,7.11163
0,250,29.8575,16.1585,-1.81182,-0.136599
0,250,24.9724,21.7232,-2.63497,3.5133
0,250,23.6059,23.1614,-5.61023,5.42346
0,250,30.0638,19.0917,-1.85369,6.19701
0,250,28.5503,19.0333,-1.46128,5.7977
0,250,27.4637,24.9459,-6.12205,3.28502
0,250,31.5285,30.9453,11.9569,-6.43518
0,250,28.5353,24.2522,-0.166205,3.1543
0,250,31.5975,28.7711,2.47886,-17.5476
0,250,30.7021,23.4473,0.497574,5.4979
0,250,29.3005,25.121,4.13156,6.04665
0,250,30.2094,28.1061,-1.79431,7.10062
0,250,26.8466,21.3342,-4.42582,7.46028
0,250,31.6527,20.0698,-0.628184,-0.509814
0,250,28.3915,29.9505,10.3644,-8.66234
0,250,27.5638,30.352,-0.0164624,-3.98575
0,250,29.1438,31.1085,3.48905,2.91512
0,250,9.65322,21.3284,-9.89494,9.18193
0,250,21.4262,23.0187,-5.71579,3.99751
0,250,24.7974,20.1687,-4.164,3.92597
0,250,24.933,22.3196,-0.501035,2.5793
0,250,27.2582,21.2955,0.770063,3.72514
0,250,24.6122,21.0092,-3.42758,2.68712
0,250,22.3653,21.3316,-5.78616,8.20875
0,250,29.5116,23.6568,2.47397,-2.82813
0,250,25.4055,23.0533,-1.92596,6.29863
0,250,20.5341,22.1117,-5.23888,2.34111
0,250,30.686,27.2265,-8.08574,3.10655
0,250,21.3877,22.0387,-7.36598,2.99723
0,250,30.3898,23.5391,7.89413,-1.55186
0,250,32.0625,25.0013,-0.369146,0.538782
0,250,27.3286,17.8591,-7.58209,0.838465
0,250,24.6137,23.3644,-8.03247,6.10053
0,250,29.6586,20.221,1.89569,1.81628
0,250,29.6264,25.6119,-3.98456,1.96467
0,250,27.871,19.658,-4.27438,-0.938349
0,250,26.0998,22.7611,-0.404554,0.609259
0,250,31.7934,23.451,-11.0847,7.21289
0,250,30.8477,21.3531,-0.771311,2.99416
0,250,29.5888,23.2608,-2.10354,3.3263
0,250,25.2901,30.5696,7.32627,0.387078
0,250,22.6724,19.8007,-7.78076,8.03826
0,250,32.1998,27.9355,-0.400977,-2.55851
0,250,28.8846,26.6889,-1.94929,2.40291
0,250,25.9537,29.8472,-5.60654,-0.831197
0,250,29.424,22.3154,-2.82926,2.35366
0,250,29.2213,26.518,-1.79281,-5.86677
0,250,24.0122,21.2741,-3.39418,5.27074
0,250,18.1648,22.8928,-13.6892,4.90469
0,250,30.9666,26.2258,-2.43831,-0.198335
0,250,24.381,20.1092,-2.63677,6.75277
0,250,25.2627,21.1297,-5.76781,5.38102
0,250,30.5603,25.7598,-3.33275,7.803
0,250,26.3105,21.9357,-3.49579,6.89015
0,250,28.0641,22.544,0.519197,8.01485
0,250,31.2327,21.8376,3.43908,6.9832
0,250,24.1315,18.8881,-3.94629,4.40382
0,250,27.3871,22.3376,-0.3399,5.37245
0,250,23.4555,18.7044,-2.60678,0.878887
0,250,15.6436,23.1651,-11.7722,11.0309
0,250,31.7276,22.6755,2.8438,-3.20185
0,250,28.7308,23.4895,-0.887708,3.74848
0,250,27.0227,24.6827,-1.36238,2.54205
0,250,30.6145,22.642,-1.37846,1.83459
0,250,25.9537,23.4159,-1.47464,1.44351
0,250,31.3454,27.1227,10.5718,7.01731
0,250,24.2696,22.0022,-2.13258,2.23088
0,250,29.4172,29.9934,-3.60499,0.349611
0,250,31.4502,23.7924,-3.76692,3.30546
0,250,23.7015,20.3122,-3.6291,7.01619
0,250,30.1389,30.6694,6.30788,-0.100131
0,250,19.1169,23.4541,-1.23092,8.6251
0,250,28.0203,23.1524,-2.16996,-5.44727
0,250,29.1038,22.6314,0.282045,5.70401
0,250,28.5742,31.7187,-6.07191,13.0979
0,250,32.0906,25.6185,-15.7238,0.180865
0,250,31.9289,27.1002,0.561674,-1.14888
0,250,20.1629,25.5453,1.25262,10.3435
0,250,27.95,24.8419,-2.12599,1.55361
0,250,15.3806,26.5421,-5.13631,3.83125
0,250,22.1705,23.7971,-2.45896,7.08203
0,250,21.6279,20.2743,-8.47904,5.05327
0,250,18.3656,24.9854,-2.47234,7.65414
0,250,29.3125,16.8635,-0.246999,7.54443
0,250,14.631,26.2522,-10.0048,8.96866
0,250,31.5148,21.8543,3.3593,1.77749
0,250,30.2558,21.6095,-2.7082,2.92877
0,250,15.362,27.1222,-10.5885,4.11893
0,250,31.1347,23.4886,1.70048,3.13128
0,250,29.1733,25.0672,-2.79356,-3.20102
0,250,25.4425,19.3054,0.166504,6.35159
0,250,17.6062,20.9841,-9.06702,9.18633
0,250,17.6501,27.8551,-3.00729,1.81222
0,250,29.3089,19.9061,1.564,9.43456
0,250,26.308,18.621,-4.30164,7.0642
0,250,20.4974,23.1962,-6.39118,7.76413
0,250,24.5299,19.4472,-2.54349,6.50798
0,250,28.9375,20.2557,-4.25292,4.1992
0,250,28.7179,15.3775,-5.37759,5.62773
0,250,26.9519,19.7731,-1.38778,6.02367
0,250,31.5854,19.0132,1.39611,5.79154
0,250,30.0156,25.5393,-2.53362,-3.95123
0,250,27.8414,22.0188,-2.58095,4.49068
0,250,31.9372,21.9151,-3.72972,18.8515
0,250,28.5142,26.023,0.92639,5.58424
0,250,26.5852,28.5193,-1.64276,1.19542
0,250,27.1938,31.9009,4.2807,-13.4032
0,250,22.7945,21.9677,2.13382,5.15231
0,250,21.2952,20.087,-5.1419,5.42197
0,250,18.2934,24.072,-7.5273,2.767
0,250,27.7648,21.6925,2.21261,2.05863
0,250,22.4957,20.9285,-4.04075,7.53461
0,250,18.6255,23.1565,-5.86128,5.58805
0,250,29.1549,18.262,3.64399,3.54222
0,250,31.3646,25.5347,-0.842035,3.49238
0,250,17.2566,23.2397,-5.79027,13.2778
0,250,29.2399,18.599,1.16017,3.41384
0,250,29.5702,29.8871,8.98458,3.81385
0,250,27.2652,23.0988,-4.33481,3.73924
0,250,24.5646,17.7685,-8.93099,10.1546
0,250,25.914,20.3096,-4.33079,5.45029
0,250,29.8147,19.6703,-1.89379,10.2001
0,250,23.2604,20.9374,-1.19568,0.954807
0,250,30.1633,17.852,-1.65769,7.88533
0,250,31.3016,19.2881,-5.62562,8.4136
0,250,29.2098,21.6839,0.0592699,6.70176
0,250,27.0298,12.6052,-1.29278,10.9065
0,250,13.0366,25.4095,-6.90483,15.6819
0,250,27.2408,20.1094,-0.839113,3.03831
0,250,25.3569,13.2271,-4.66273,9.23129
0,250,31.4693,19.4228,-0.884019,5.05633
0,250,30.8362,22.2719,-4.58062,-0.336968
0,250,17.9441,19.9337,-1.57875,7.14494
0,250,31.8891,31.7814,-8.39124,-13.2925
0,250,23.5476,20.0335,3.75347,11.2782
0,250,27.7433,19.3619,-5.06273,9.09928
0,250,29.3419,18.9729,11.0701,3.87826
0,250,18.4978,22.2901,-11.4273,2.6281
0,250,20.2356,21.9312,-8.39317,5.38423
0,250,17.692,21.0634,-9.19202,7.01927
0,250,12.1233,26.5781,-10.6826,-1.53393
0,250,23.905,21.8307,-7.83857,4.77491
0,250,29.4599,17.446,0.736945,5.60616
0,250,18.247,22.6255,-11.586,3.39001
0,250,22.3545,21.5582,-5.60535,4.85256
0,250,24.8397,17.5579,1.10761,7.71387
0,250,7.4033,26.3843,-10.972,15.4069
0,250,28.5041,22.084,-2.32607,0.608962
0,250,17.3451,23.935,-8.8331,9.38916
0,250,24.7023,18.0102,-4.74133,10.2479
0,250,16.4364,25.111,-8.21493,11.7183
0,250,25.671,22.293,-1.47219,4.21111
0,250,20.9964,17.3672,-6.06625,11.5992
0,250,17.2473,25.0874,-13.9517,5.62937
0,250,21.0427,22.6157,-3.11959,13.7458
0,250,19.7048,23.8013,-8.911,5.09355
0,250,13.1014,23.4356,-5.6008,16.7247
0,250,8.81092,27.8556,0.592282,1.96165
0,250,25.7461,21.5981,-11.269,6.23141
0,250,30.0204,22.8014,-1.46655,5.92132
0,250,17.6926,19.3915,-4.40774,13.9122
0,250,31.0957,24.2646,1.47967,4.21494
0,250,24.5988,15.9583,-2.1298,14.0254
0,250,26.875,27.8169,-8.56814,7.99755
0,250,25.7397,21.3487,-6.24558,8.69743
0,250,29.1394,23.4558,4.49616,-3.84068
0,250,28.4048,26.6509,5.10798,3.03567
0,250,18.9328,21.6462,-8.89678,5.5178
0,250,10.8434,27.1332,-0.182882,16.4213
0,250,15.3095,21.2984,-7.1058,7.41178
0,250,10.0066,27.887,-14.5752,8.22215
0,250,10.2075,21.7258,-9.97211,12.9965
0,250,17.1618,26.4828,-8.67272,-1.03708
0,250,20.6666,25.6489,-3.2427,-1.8556
0,250,23.6962,19.4745,1.61541,9.96807
0,250,20.8016,21.2705,-5.73362,3.69791
0,250,19.2207,22.6674,-9.01257,6.95887
0,250,20.7081,21.2933,-1.71744,11.7437
0,250,21.7485,21.702,-5.38856,5.27291
0,250,22.1609,20.2466,-8.03328,15.4647
0,250,26.9034,20.2829,0.184834,3.75723
0,250,30.201,20.2378,-3.532,-0.146619
0,250,31.5089,20.2174,4.23312,1.65824
0,250,26.4871,11.6069,-0.897323,12.7597
0,250,12.049,15.175,-8.98223,14.0838
0,250,18.0718,18.5791,-4.52261,14.9655
0,250,28.4909,18.3977,-1.03106,10.1494
0,250,13.897,27.5036,-1.3141,-0.805971
0,250,17.1744,10.4331,-4.54584,11.2333
0,250,30.5273,19.9155,-4.28276,-3.66433
0,250,22.172,27.1535,-0.967232,-1.41385
0,250,30.0133,21.4668,3.67473,-2.63137
0,250,26.5,21.5632,-1.0652,7.33768
0,250,25.5258,23.9161,-0.149475,4.3778
0,250,27.0317,20.7538,-6.70551,0.0722152
0,250,28.8875,19.7138,-3.55767,1.71824
0,250,28.9118,28.0984,-2.53557,-1.53296
0,250,15.7221,28.0582,3.9407,-3.18155
0,250,19.393,21.3165,-6.53221,10.9093
0,250,27.9729,18.525,-0.173172,0.68087
0,250,21.9278,22.5509,-4.62769,5.18825
0,250,25.9525,20.7863,-2.21698,3.61
0,250,15.9778,28.41,-6.9533,2.59205
0,250,26.5064,17.6904,-5.26117,0.924163
0,250,22.5211,20.4362,-4.47544,8.8928
0,250,28.7301,17.8572,-0.604172,17.4819
0,250,14.929,22.571,-11.0971,13.9149
0,250,26.0981,19.3301,-0.902577,7.31836
0,250,18.4572,21.3968,-4.1118,15.3043
0,250,10.8191,28.2567,-3.38156,1.32941
0,250,24.6845,16.2595,-1.93623,14.1202
0,250,10.4261,14.3213,-5.92201,14.1832
0,250,31.8277,23.243,-5.82084,4.88567
0,250,10.534,27.4839,-9.44948,9.03174
0,250,17.488,29.7359,1.85666,3.13313
0,250,23.248,21.4725,-6.2792,7.41515
0,250,22.5933,19.7186,-7.26324,12.2566
0,250,9.12767,21.5169,-9.737,12.2148
0,250,29.0401,14.5511,-0.663318,15.0996
0,250,25.5642,20.25,-3.39715,7.97987
0,250,4.24956,27.67,-0.253431,3.50525
0,250,31.716,20.8685,-10.8848,-0.173175
0,250,24.1097,16.3486,-2.93589,12.6801
0,250,19.9629,20.8326,-6.32249,2.41968
0,250,28.5803,21.163,-0.0556671,8.03087
0,250,11.5517,26.3148,-13.8137,-2.54235
0,250,16.9412,17.2787,-5.59104,13.1008
0,250,18.3785,27.5143,-2.77299,-2.07787
0,250,14.2865,23.0048,-7.6092,10.6567
0,250,13.4171,24.004,-8.32525,12.017
0,250,23.1094,22.5025,-3.47649,3.44668
0,250,17.8629,20.3317,-3.33281,17.8227
0,250,14.0454,25.4426,-7.55721,15.1645
0,250,24.9342,19.6039,0.21989,10.8755
0,250,28.2399,18.9575,-10.0739,6.0087
0,250,14.5014,20.8893,-4.46791,19.3727
0,250,18.7673,24.4236,-7.38541,2.84758
0,250,22.9568,18.2997,-1.49942,15.3981
0,250,31.9654,21.2763,-1.05109,4.28654
0,250,13.4751,26.0161,-9.63649,3.0896
0,250,14.2061,26.7833,3.37159,1.64363
0,250,16.0103,27.8273,-1.58399,10.8281
0,250,2.32736,24.1719,7.75957,17.0116
0,250,14.7656,29.3464,1.78114,2.62443
0,250,23.8928,20.6997,-8.42203,9.46438
0,250,2.98647,30.1091,0.680961,4.34914
0,250,10.3641,30.4573,4.19388,0.729509
0,250,15.3324,26.9199,-1.10824,-8.82549
0,250,20.0779,27.458,-3.54756,-4.20056
0,250,19.4049,27.0286,-3.19077,6.44503
0,250,9.1422,28.6948,0.421781,-1.35534
0,250,7.21919,16.7942,-6.543,15.7919
0,250,-65.9803,-54.0392,-24.2882,-2.01688
0,250,28.0768,23.196,-1.25102,9.9121
0,250,22.0615,24.6386,-1.22842,-1.43759
0,250,-18.8562,-61.5533,-13.0709,-3.67219
0,250,7.38403,25.3559,-2.48047,-1.34638
1,250,1.5,1.5,0,0
1,250,1.5,2,0,0
1,250,32.5,1.5,0,0
1,250,33,1.5,0,0
1,250,2.5,32.5,0,0
1,250,2.5,33,0,0
1,250,1.5,2.5,0,0
1,250,2,2.5,0,0
1,250,2,1.5,0,0
1,250,2,2,0,0
1,250,32.5,2,0,0
1,250,33,2,0,0
1,250,3,32.5,0,0
1,250,3,33,0,0
1,250,1.5,3,0,0
1,250,2,3,0,0
1,250,2.5,1.5,0,0
1,250,2.5,2,0,0
1,250,32.5,2.5,0,0
1,250,33,2.5,0,0
1,250,3.5,32.5,0,0
1,250,3.5,33,0,0
1,250,1.5,3.5,0,0
1,250,2,3.5,0,0
1,250,3,1.5,0,0
1,250,3,2,0,0
1,250,32.5,3,0,0
1,250,33,3,0,0
1,250,4,32.5,0,0
1,250,4,33,0,0
1,250,1.5,4,0,0
1,250,2,4,0,0
1,250,3.5,1.5,0,0
1,250,3.5,2,0,0
1,250,32.5,3.5,0,0
1,250,33,3.5,0,0
1,250,4.5,32.5,0,0
1,250,4.5,33,0,0
1,250,1.5,4.5,0,0
1,250,2,4.5,0,0
1,250,4,1.5,0,0
1,250,4,2,0,0
1,250,32.5,4,0,0
1,250,33,4,0,0
1,250,5,32.5,0,0
1,250,5,33,0,0
1,250,1.5,5,0,0
1,250,2,5,0,0
1,250,4.5,1.5,0,0
1,250,4.5,2,0,0
1,250,32.5,4.5,0,0
1,250,33,4.5,0,0
1,250,5.5,32.5,0,0
1,250,5.5,33,0,0
1,250,1.5,5.5,0,0
1,250,2,5.5,0,0
1,250,5,1.5,0,0
1,250,5,2,0,0
1,250,32.5,5,0,0
1,250,33,5,0,0
1,250,6,32.5,0,0
1,250,6,33,0,0
1,250,1.5,6,0,0
1,250,2,6,0,0
1,250,5.5,1.5,0,0
1,250,5.5,2,0,0
1,250,32.5,5.5,0,0
1,250,33,5.5,0,0
1,250,6.5,32.5,0,0
1,250,6.5,33,0,0
1,250,1.5,6.5,0,0
1,250,2,6.5,0,0
1,250,6,1.5,0,0
1,250,6,2,0,0
1,250,32.5,6,0,0
1,250,33,6,0,0
1,250,7,32.5,0,0
1,250,7,33,0,0
1,250,1.5,7,0,0
1,250,2,7,0,0
1,250,6.5,1.5,0,0
1,250,6.5,2,0,0
1,250,32.5,6.5,0,0
1,250,33,6.5,0,0
1,250,7.5,32.5,0,0
1,250,7.5,33,0,0
1,250,1.5,7.5,0,0
1,250,2,7.5,0,0
1,250,7,1.5,0,0
1,250,7,2,0,0
1,250,32.5,7,0,0
1,250,33,7,0,0
1,250,8,32.5,0,0
1,250,8,33,0,0
1,250,1.5,8,0,0
1,250,2,8,0,0
1,250,7.5,1.5,0,0
1,250,7.5,2,0,0
1,250,32.5,7.5,0,0
1,250,33,7.5,0,0
1,250,8.5,32.5,0,0
1,250,8.5,33,0,0
1,250,1.5,8.5,0,0
1,250,2,8.5,0,0
1,250,8,1.5,0,0
1,250,8,2,0,0
1,250,32.5,8,0,0
1,250,33,8,0,0
1,250,9,32.5,0,0
1,250,9,33,0,0
1,250,1.5,9,0,0
1,250,2,9,0,0
1,250,8.5,1.5,0,0
1,250,8.5,2,0,0
1,250,32.5,8.5,0,0
1,250,33,8.5,0,0
1,250,9.5,32.5,0,0
1,250,9.5,33,0,0
1,250,1.5,9.5,0,0
1,250,2,9.5,0,0
1,250,9,1.5,0,0
1,250,9,2,0,0
1,250,32.5,9,0,0
1,250,33,9,0,0
1,250,10,32.5,0,0
1,250,10,33,0,0
1,250,1.5,10,0,0
1,250,2,10,0,0
1,250,9.5,1.5,0,0
1,250,9.5,2,0,0
1,250,32.5,9.5,0,0
1,250,33,9.5,0,0
1,250,10.5,32.5,0,0
1,250,10.5,33,0,0
1,250,1.5,10.5,0,0
1,250,2,10.5,0,0
1,250,10,1.5,0,0
1,250,10,2,0,0
1,250,32.5,10,0,0
1,250,33,10,0,0
1,250,11,32.5,0,0
1,250,11,33,0,0
1,250,1.5,11,0,0
1,250,2,11,0,0
1,250,10.5,1.5,0,0
1,250,10.5,2,0,0
1,250,32.5,10.5,0,0
1,250,33,10.5,0,0
1,250,11.5,32.5,0,0
1,250,11.5,33,0,0
1,250,1.5,11.5,0,0
1,250,2,11.5,0,0
1,250,11,1.5,0,0
1,250,11,2,0,0
1,250,32.5,11,0,0
1,250,33,11,0,0
1,250,12,32.5,0,0
1,250,12,33,0,0
1,250,1.5,12,0,0
1,250,2,12,0,0
1,250,11.5,1.5,0,0
1,250,11.5,2,0,0
1,250,32.5,11.5,0,0
1,250,33,11.5,0,0
1,250,12.5,32.5,0,0
1,250,12.5,33,0,0
1,250,1.5,12.5,0,0
1,250,2,12.5,0,0
1,250,12,1.5,0,0
1,250,12,2,0,0
1,250,32.5,12,0,0
1,250,33,12,0,0
1,250,13,32.5,0,0
1,250,13,33,0,0
1,250,1.5,13,0,0
1,250,2,13,0,0
1,250,12.5,1.5,0,0
1,250,12.5,2,0,0
1,250,32.5,12.5,0,0
1,250,33,12.5,0,0
1,250,13.5,32.5,0,0
1,250,13.5,33,0,0
1,250,1.5,13.5,0,0
1,250,2,13.5,0,0
1,250,13,1.5,0,0
1,250,13,2,0,0
1,250,32.5,13,0,0
1,250,33,13,0,0
1,250,14,32.5,0,0
1,250,14,33,0,0
1,250,1.5,14,0,0
1,250,2,14,0,0
1,250,13.5,1.5,0,0
1,250,13.5,2,0,0
1,250,32.5,13.5,0,0
1,250,33,13.5,0,0
1,250,14.5,32.5,0,0
1,250,14.5,33,0,0
1,250,1.5,14.5,0,0
1,250,2,14.5,0,0
1,250,14,1.5,0,0
1,250,14,2,0,0
1,250,32.5,14,0,0
1,250,33,14,0,0
1,250,15,32.5,0,0
1,250,15,33,0,0
1,250,1.5,15,0,0
1,250,2,15,0,0
1,250,14.5,1.5,0,0
1,250,14.5,2,0,0
1,250,32.5,14.5,0,0
1,250,33,14.5,0,0
1,250,15.5,32.5,0,0
1,250,15.5,33,0,0
1,250,1.5,15.5,0,0
1,250,2,15.5,0,0
1,250,15,1.5,0,0
1,250,15,2,0,0
1,250,32.5,15,0,0
1,250,33,15,0,0
1,250,16,32.5,0,0
1,250,16,33,0,0
1,250,1.5,16,0,0
1,250,2,16,0,0
1,250,15.5,1.5,0,0
1,250,15.5,2,0,0
1,250,32.5,15.5,0,0
1,250,33,15.5,0,0
1,250,16.5,32.5,0,0
1,250,16.5,33,0,0
1,250,1.5,16.5,0,0
1,250,2,16.5,0,0
1,250,16,1.5,0,0
1,250,16,2,0,0
1,250,32.5,16,0,0
1,250,33,16,0,0
1,250,17,32.5,0,0
1,250,17,33,0,0
1,250,1.5,17,0,0
1,250,2,17,0,0
1,250,16.5,1.5,0,0
1,250,16.5,2,0,0
1,250,32.5,16.5,0,0
1,250,33,16.5,0,0
1,250,17.5,32.5,0,0
1,250,17.5,33,0,0
1,250,1.5,17.5,0,0
1,250,2,17.5,0,0
1,250,17,1.5,0,0
1,250,17,2,0,0
1,250,32.5,17,0,0
1,250,33,17,0,0
1,250,18,32.5,0,0
1,250,18,33,0,0
1,250,1.5,18,0,0
1,250,2,18,0,0
1,250,17.5,1.5,0,0
1,250,17.5,2,0,0
1,250,32.5,17.5,0,0
1,250,33,17.5,0,0
1,250,18.5,32.5,0,0
1,250,18.5,33,0,0
1,250,1.5,18.5,0,0
1,250,2,18.5,0,0
1,250,18,1.5,0,0
1,250,18,2,0,0
1,250,32.5,18,0,0
1,250,33,18,0,0
1,250,19,32.5,0,0
1,250,19,33,0,0
1,250,1.5,19,0,0
1,250,2,19,0,0
1,250,18.5,1.5,0,0
1,250,18.5,2,0,0
1,250,32.5,18.5,0,0
1,250,33,18.5,0,0
1,250,19.5,32.5,0,0
1,250,19.5,33,0,0
1,250,1.5,19.5,0,0
1,250,2,19.5,0,0
1,250,19,1.5,0,0
1,250,19,2,0,0
1,250,32.5,19,0,0
1,250,33,19,0,0
1,250,20,32.5,0,0
1,250,20,33,0,0
1,250,1.5,20,0,0
1,250,2,20,0,0
1,250,19.5,1.5,0,0
1,250,19.5,2,0,0
1,250,32.5,19.5,0,0
1,250,33,19.5,0,0
1,250,20.5,32.5,0,0
1,250,20.5,33,0,0
1,250,1.5,20.5,0,0
1,250,2,20.5,0,0
1,250,20,1.5,0,0
1,250,20,2,0,0
1,250,32.5,20,0,0
1,250,33,20,0,0
1,250,21,32.5,0,0
1,250,21,33,0,0
1,250,1.5,21,0,0
1,250,2,21,0,0
1,250,20.5,1.5,0,0
1,250,20.5,2,0,0
1,250,32.5,20.5,0,0
1,250,33,20.5,0,0
1,250,21.5,32.5,0,0
1,250,21.5,33,0,0
1,250,1.5,21.5,0,0
1,250,2,21.5,0,0
1,250,21,1.5,0,0
1,250,21,2,0,0
1,250,32.5,21,0,0
1,250,33,21,0,0
1,250,22,32.5,0,0
1,250,22,33,0,0
1,250,1.5,22,0,0
1,250,2,22,0,0
1,250,21.5,1.5,0,0
1,250,21.5,2,0,0
1,250,32.5,21.5,0,0
1,250,33,21.5,0,0
1,250,22.5,32.5,0,0
1,250,22.5,33,0,0
1,250,1.5,22.5,0,0
1,250,2,22.5,0,0
1,250,22,1.5,0,0
1,250,22,2,0,0
1,250,32.5,22,0,0
1,250,33,22,0,0
1,250,23,32.5,0,0
1,250,23,33,0,0
1,250,1.5,23,0,0
1,250,2,23,0,0
1,250,22.5,1.5,0,0
1,250,22.5,2,0,0
1,250,32.5,22.5,0,0
1,250,33,22.5,0,0
1,250,23.5,32.5,0,0
1,250,23.5,33,0,0
1,250,1.5,23.5,0,0
1,250,2,23.5,0,0
1,250,23,1.5,0,0
1,250,23,2,0,0
1,250,32.5,23,0,0
1,250,33,23,0,0
1,250,24,32.5,0,0
1,250,24,33,0,0
1,250,1.5,24,0,0
1,250,2,24,0,0
1,250,23.5,1.5,0,0
1,250,23.5,2,0,0
1,250,32.5,23.5,0,0
1,250,33,23.5,0,0
1,250,24.5,32.5,0,0
1,250,24.5,33,0,0
1,250,1.5,24.5,0,0
1,250,2,24.5,0,0
1,250,24,1.5,0,0
1,250,24,2,0,0
1,250,32.5,24,0,0
1,250,33,24,0,0
1,250,25,32.5,0,0
1,250,25,33,0,0
1,250,1.5,25,0,0
1,250,2,25,0,0
1,250,24.5,1.5,0,0
1,250,24.5,2,0,0
1,250,32.5,24.5,0,0
1,250,33,24.5,0,0
1,250,25.5,32.5,0,0
1,250,25.5,33,0,0
1,250,1.5,25.5,0,0
1,250,2,25.5,0,0
1,250,25,1.5,0,0
1,250,25,2,0,0
1,250,32.5,25,0,0
1,250,33,25,0,0
1,250,26,32.5,0,0
1,250,26,33,0,0
1,250,1.5,26,0,0
1,250,2,26,0,0
1,250,25.5,1.5,0,0
1,250,25.5,2,0,0
1,250,32.5,25.5,0,0
1,250,33,25.5,0,0
1,250,26.5,32.5,0,0
1,250,26.5,33,0,0
1,250,1.5,26.5,0,0
1,250,2,26.5,0,0
1,250,26,1.5,0,0
1,250,26,2,0,0
1,250,32.5,26,0,0
1,250,33,26,0,0
1,250,27,32.5,0,0
1,250,27,33,0,0
1,250,1.5,27,0,0
1,250,2,27,0,0
1,250,26.5,1.5,0,0
1,250,26.5,2,0,0
1,250,32.5,26.5,0,0
1,250,33,26.5,0,0
1,250,27.5,32.5,0,0
1,250,27.5,33,0,0
1,250,1.5,27.5,0,0
1,250,2,27.5,0,0
1,250,27,1.5,0,0
1,250,27,2,0,0
1,250,32.5,27,0,0
1,250,33,27,0,0
1,250,28,32.5,0,0
1,250,28,33,0,0
1,250,1.5,28,0,0
1,250,2,28,0,0
1,250,27.5,1.5,0,0
1,250,27.5,2,0,0
1,250,32.5,27.5,0,0
1,250,33,27.5,0,0
1,250,28.5,32.5,0,0
1,250,28.5,33,0,0
1,250,1.5,28.5,0,0
1,250,2,28.5,0,0
1,250,28,1.5,0,0
1,250,28,2,0,0
1,250,32.5,28,0,0
1,250,33,28,0,0
1,250,29,32.5,0,0
1,250,29,33,0,0
1,250,1.5,29,0,0
1,250,2,29,0,0
1,250,28.5,1.5,0,0
1,250,28.5,2,0,0
1,250,32.5,28.5,0,0
1,250,33,28.5,0,0
1,250,29.5,32.5,0,0
1,250,29.5,33,0,0
1,250,1.5,29.5,0,0
1,250,2,29.5,0,0
1,250,29,1.5,0,0
1,250,29,2,0,0
1,250,32.5,29,0,0
1,250,33,29,0,0
1,250,30,32.5,0,0
1,250,30,33,0,0
1,250,1.5,30,0,0
1,250,2,30,0,0
1,250,29.5,1.5,0,0
1,250,29.5,2,0,0
1,250,32.5,29.5,0,0
1,250,33,29.5,0,0
1,250,30.5,32.5,0,0
1,250,30.5,33,0,0
1,250,1.5,30.5,0,0
1,250,2,30.5,0,0
1,250,30,1.5,0,0
1,250,30,2,0,0
1,250,32.5,30,0,0
1,250,33,30,0,0
1,250,31,32.5,0,0
1,250,31,33,0,0
1,250,1.5,31,0,0
1,250,2,31,0,0
1,250,30.5,1.5,0,0
1,250,30.5,2,0,0
1,250,32.5,30.5,0,0
1,250,33,30.5,0,0
1,250,31.5,32.5,0,0
1,250,31.5,33,0,0
1,250,1.5,31.5,0,0
1,250,2,31.5,0,0
1,250,31,1.5,0,0
1,250,31,2,0,0
1,250,32.5,31,0,0
1,250,33,31,0,0
1,250,32,32.5,0,0
1,250,32,33,0,0
1,250,1.5,32,0,0
1,250,2,32,0,0
1,250,31.5,1.5,0,0
1,250,31.5,2,0,0
1,250,32.5,31.5,0,0
1,250,33,31.5,0,0
1,250,32.5,32.5,0,0
1,250,32.5,33,0,0
1,250,1.5,32.5,0,0
1,250,2,32.5,0,0
1,250,32,1.5,0,0
1,250,32,2,0,0
1,250,32.5,32,0,0
1,250,33,32,0,0
1,250,33,32.5,0,0
1,250,33,33,0,0
1,250,1.5,33,0,0
1,250,2,33,0,0
