1396 2 0.5 5e+06 0.05 2 0 0.005 0 9.81 35 35
0,250,2.3553,18.8618,0.237298,3.29182
0,250,2.567,19.3531,0.112844,3.73156
0,250,2.47209,19.8322,0.047111,3.50803
0,250,2.49183,20.3567,-0.187956,3.75772
0,250,2.50755,20.8141,0.105209,3.50185
0,250,2.49169,21.3398,-0.0615738,3.78823
0,250,2.50332,21.8146,0.0143493,3.63298
0,250,2.49329,22.3199,-0.0180278,3.76668
0,250,2.5121,22.8189,0.0846657,3.77886
0,250,2.484,23.3211,-0.264104,3.73593
0,250,2.49854,23.7906,-0.581719,2.73235
0,250,2.47815,24.2848,0.219348,2.6448
0,250,2.50437,24.7641,0.0560979,3.06675
0,250,2.48445,25.2552,-0.0195128,3.28508
0,250,2.50901,25.7337,-0.070264,3.16218
0,250,2.49994,26.2113,-0.230275,2.88863
0,250,2.51399,26.6861,-0.210387,2.47151
0,250,2.52241,27.1549,-0.00909716,2.21574
0,250,2.5119,27.6115,-0.107729,1.98982
0,250,2.54512,28.0629,0.542987,1.54549
0,250,2.53084,28.5089,0.558847,2.09509
0,250,2.5464,28.9601,0.426231,2.27505
0,250,2.568,29.3998,-0.283509,2.37333
0,250,2.49825,29.8406,-0.325062,2.02891
0,250,2.64547,30.2549,-0.0998625,1.6743
0,250,2.47288,30.6536,0.468231,1.33878
0,250,2.72453,30.9997,0.612778,0.631362
0,250,2.41147,31.3747,-0.0456485,1.15368
0,250,2.76524,31.6885,-0.00276004,0.484698
0,250,2.50153,32.0523,-1.04582,1.23339
0,250,3.00052,18.6898,0.0637394,3.05718
0,250,3.01866,19.1725,0.115386,3.02311
0,250,3.00742,19.716,0.116796,3.29714
0,250,3.02797,20.1976,0.107279,3.38608
0,250,3.04112,20.6857,0.230485,3.24748
0,250,3.02408,21.1682,0.0844355,3.30913
0,250,3.0481,21.6542,0.214543,3.27821
0,250,3.02542,22.1228,0.0741578,3.24151
0,250,3.05287,22.6161,0.193853,3.21669
0,250,3.03248,23.0623,-0.236651,2.85118
0,250,3.03738,23.5168,-0.268058,1.96784
0,250,3.02556,23.9604,-0.231757,2.31612
0,250,3.02809,24.4079,0.12288,1.71296
0,250,3.0349,24.8534,0.240162,1.95473
0,250,3.02083,25.2996,0.00615469,2.17488
0,250,3.0427,25.7388,0.124499,1.89475
0,250,3.02933,26.1936,-0.0884606,1.63791
0,250,3.04781,26.6311,0.131203,1.46607
0,250,3.0515,27.0853,0.168967,1.21555
0,250,3.05994,27.5347,0.280016,1.04432
0,250,3.07052,27.9833,0.266906,1.24564
0,250,3.08523,28.4478,0.452343,0.953889
0,250,3.07781,28.8846,0.141007,1.00611
0,250,3.11878,29.3605,0.373106,0.711847
0,250,3.09023,29.7864,-0.179711,1.12936
0,250,3.15179,30.2666,0.197166,1.00294
0,250,3.19526,30.6999,-0.299023,0.755554
0,250,3.1433,31.2181,-0.248043,0.378677
0,250,3.28914,31.655,-0.121458,0.255529
0,250,3.14803,32.0911,-1.35726,-1.41045
0,250,3.50599,18.6956,0.0238452,3.09138
0,250,3.51554,19.2088,0.0413342,3.30009
0,250,3.51594,19.7076,0.084469,3.3027
0,250,3.53462,20.1977,0.0814333,3.34818
0,250,3.53014,20.6956,0.0916648,3.31854
0,250,3.55024,21.1874,0.159469,3.40365
0,250,3.56063,21.6806,0.223327,3.3728
0,250,3.56959,22.1773,0.242851,3.49383
0,250,3.5781,22.6645,0.11025,2.97654
0,250,3.57641,23.1401,-0.255851,2.96598
0,250,3.582,23.6028,-0.0716847,2.79223
0,250,3.5862,24.0803,0.0107146,2.57335
0,250,3.59117,24.5259,-0.166481,2.15996
0,250,3.59354,24.9892,0.132888,2.34792
0,250,3.59802,25.4292,0.052633,2.15836
0,250,3.60576,25.8809,0.195721,1.82532
0,250,3.60365,26.3132,-0.0452784,1.73381
0,250,3.61656,26.752,0.159366,1.32111
0,250,3.60922,27.1886,0.125354,1.2054
0,250,3.63304,27.6116,0.392162,0.911652
0,250,3.60719,28.0499,0.238404,1.01449
0,250,3.65797,28.4806,0.558695,1.23796
0,250,3.6057,28.9213,0.0960481,1.3101
0,250,3.68,29.363,0.391215,1.5143
0,250,3.62642,29.8006,-0.0997522,0.901759
0,250,3.69043,30.2345,0.383271,0.363619
0,250,3.72996,30.7015,0.856814,0.7281
0,250,3.65551,31.1272,0.570331,0.587538
0,250,3.79444,31.6489,0.466994,0.626788
0,250,3.82259,32.0914,0.43805,-0.143666
0,250,4.00741,18.7083,0.0351009,3.11608
0,250,4.02731,19.223,0.120469,3.30206
0,250,4.02598,19.7142,0.109686,3.2634
0,250,4.05207,20.2199,0.172451,3.41778
0,250,4.05648,20.7042,0.221207,3.33241
0,250,4.06547,21.1994,0.179543,3.43874
0,250,4.08079,21.6819,0.287543,3.38531
0,250,4.08542,22.1699,0.212389,3.33051
0,250,4.09665,22.6455,0.0900054,2.72244
0,250,4.09478,23.1123,0.0919296,2.65285
0,250,4.10325,23.584,0.115169,2.88674
0,250,4.10957,24.0503,0.109264,2.46526
0,250,4.11439,24.5185,0.215676,2.5172
0,250,4.1281,24.9821,0.266583,2.76227
0,250,4.13781,25.4551,0.374976,2.63791
0,250,4.14808,25.9063,0.219421,2.15924
0,250,4.16009,26.373,0.360285,2.05527
0,250,4.17133,26.8282,0.385483,2.23855
0,250,4.18005,27.2741,0.37801,1.42069
0,250,4.18932,27.7299,0.30483,1.80641
0,250,4.19514,28.1584,0.5228,1.21914
0,250,4.20599,28.6065,0.615341,0.911145
0,250,4.20591,29.0219,0.460442,0.90933
0,250,4.22673,29.4625,0.579316,0.73713
0,250,4.23572,29.8965,0.17623,1.23378
0,250,4.23481,30.328,0.304245,1.57751
0,250,4.31202,30.7783,0.339789,0.882138
0,250,4.18342,31.1816,-0.401238,0.401783
0,250,4.28998,31.6478,1.15242,0.656005
0,250,4.46122,32.0699,0.125932,1.41546
0,250,4.50946,18.7236,0.045954,3.20878
0,250,4.53226,19.2427,0.134472,3.4353
0,250,4.54307,19.7302,0.164684,3.34191
0,250,4.56789,20.2331,0.266584,3.46752
0,250,4.56936,20.7205,0.233026,3.38847
0,250,4.59754,21.2135,0.340177,3.46737
0,250,4.59967,21.7103,0.273951,3.46843
0,250,4.62536,22.1911,0.251972,3.21054
0,250,4.62673,22.6657,0.215334,2.65759
0,250,4.63949,23.133,0.280031,2.87364
0,250,4.6472,23.6029,0.240534,2.61245
0,250,4.65769,24.0576,-0.0226921,2.30299
0,250,4.66533,24.5138,0.205334,2.12745
0,250,4.67563,24.9636,0.240613,2.41346
0,250,4.67712,25.4097,0.202453,1.9031
0,250,4.69046,25.856,0.221352,1.89465
0,250,4.69545,26.3048,0.46001,1.95195
0,250,4.71175,26.7479,0.450916,1.64089
0,250,4.71717,27.1958,0.413926,1.23982
0,250,4.74026,27.6379,0.811026,1.39493
0,250,4.74404,28.0851,0.628963,1.32201
0,250,4.76394,28.5276,0.53838,1.13391
0,250,4.77073,28.9732,0.573067,1.11047
0,250,4.77987,29.4133,0.59142,0.656801
0,250,4.80301,29.8471,0.988387,0.451747
0,250,4.7915,30.2771,0.54383,0.0542171
0,250,4.87295,30.722,1.42624,0.274854
0,250,4.78763,31.1667,0.0607032,0.467212
0,250,4.8199,31.5849,0.0590361,0.571446
0,250,5.03427,32.0367,0.823066,-0.684162
0,250,5.01236,18.7438,0.0498173,3.26017
0,250,5.03889,19.2495,0.140183,3.39757
0,250,5.04481,19.7466,0.147842,3.38558
0,250,5.07726,20.2442,0.248783,3.46929
0,250,5.08129,20.7317,0.244259,3.40499
0,250,5.10919,21.2229,0.320517,3.48007
0,250,5.1171,21.7162,0.271654,3.28446
0,250,5.13646,22.194,0.0529932,3.19025
0,250,5.14428,22.6665,0.18246,2.89017
0,250,5.16432,23.1406,0.340243,2.91244
0,250,5.17524,23.6147,0.268779,2.51283
0,250,5.19164,24.0843,0.393519,2.70564
0,250,5.20751,24.5517,0.531922,2.91874
0,250,5.22215,25.0121,0.527506,2.68482
0,250,5.23912,25.4738,0.457966,2.28698
0,250,5.25313,25.9257,0.607349,2.21763
0,250,5.26309,26.3733,0.35562,1.847
0,250,5.27674,26.8166,0.453322,1.61727
0,250,5.2835,27.2583,0.610828,1.75053
0,250,5.29605,27.6944,0.700126,1.61734
0,250,5.305,28.13,0.750881,0.93323
0,250,5.32424,28.5669,1.11905,0.992369
0,250,5.33537,28.9957,1.0191,0.829123
0,250,5.34386,29.4312,0.741722,0.819884
0,250,5.37586,29.871,0.825586,1.18347
0,250,5.35258,30.3002,0.711774,0.651809
0,250,5.40522,30.7536,1.42206,0.756011
0,250,5.37789,31.1714,0.99597,0.320369
0,250,5.37733,31.6054,1.1095,-0.318827
0,250,5.58377,32.0461,2.61822,0.341834
0,250,5.5145,18.7672,0.0677585,3.37683
0,250,5.54632,19.2788,0.18712,3.53903
0,250,5.55987,19.7699,0.188877,3.45978
0,250,5.58862,20.2706,0.304829,3.56549
0,250,5.60179,20.7565,0.303638,3.48354
0,250,5.63476,21.2519,0.446978,3.57689
0,250,5.64484,21.7396,0.326441,3.02334
0,250,5.66605,22.2121,0.0568129,2.97836
0,250,5.67755,22.6904,0.0473767,3.02022
0,250,5.69902,23.1547,0.20396,2.88168
0,250,5.71322,23.6226,0.313223,2.51828
0,250,5.72927,24.0795,0.51793,2.54728
0,250,5.74049,24.5402,0.296588,2.42441
0,250,5.75898,24.9923,0.383899,2.37612
0,250,5.77131,25.4515,0.410835,2.36863
0,250,5.79017,25.8995,0.511701,2.22373
0,250,5.80535,26.3593,0.633072,2.08738
0,250,5.82843,26.8087,0.940721,2.14424
0,250,5.84057,27.2518,0.856154,1.57945
0,250,5.86288,27.6991,0.723461,1.40887
0,250,5.87281,28.1414,0.814861,1.71212
0,250,5.88531,28.5768,0.785691,1.34622
0,250,5.90036,29.0182,0.853315,0.80254
0,250,5.90805,29.4483,1.26029,0.640679
0,250,5.94431,29.8798,1.4817,0.351969
0,250,5.92619,30.307,1.0597,0.572984
0,250,5.96337,30.7384,1.21368,0.687051
0,250,5.95831,31.1774,0.951084,0.500822
0,250,5.93783,31.6013,1.4311,0.813445
0,250,6.12617,32.0294,1.53665,0.626235
0,250,6.01602,18.7936,0.0585738,3.45989
0,250,6.04901,19.2909,0.14795,3.49882
0,250,6.06272,19.7914,0.177346,3.52581
0,250,6.09824,20.2848,0.282845,3.56717
0,250,6.11188,20.7787,0.305375,3.55913
0,250,6.14628,21.2664,0.405668,3.57953
0,250,6.15634,21.7505,0.415635,2.8723
0,250,6.18857,22.228,0.60411,2.93038
0,250,6.20237,22.7078,0.417189,3.15581
0,250,6.2293,23.1817,0.496756,3.12591
0,250,6.24776,23.6515,0.55348,2.84104
0,250,6.26996,24.1149,0.483896,2.62468
0,250,6.29025,24.5826,0.643629,2.74347
0,250,6.31117,25.0383,0.695,2.52422
0,250,6.32847,25.4911,0.554184,2.2086
0,250,6.34898,25.9399,0.65675,2.08332
0,250,6.36416,26.386,0.739042,2.19068
0,250,6.38049,26.8266,0.610411,1.83846
0,250,6.39417,27.2736,0.698378,1.73581
0,250,6.41685,27.7146,1.18942,1.83381
0,250,6.42848,28.1488,1.1442,1.16451
0,250,6.45096,28.5856,1.11053,0.890055
0,250,6.47261,29.0209,1.31344,1.3192
0,250,6.47096,29.4496,1.08994,1.13695
0,250,6.5084,29.8944,1.36737,1.05124
0,250,6.50175,30.3164,1.48194,0.554432
0,250,6.52247,30.7519,1.74531,0.158726
0,250,6.55006,31.1831,1.68462,0.493874
0,250,6.51779,31.591,0.991707,0.176227
0,250,6.67533,32.0319,1.85024,-0.429489
0,250,6.51745,18.8199,0.0631852,3.5455
0,250,6.55343,19.3258,0.160296,3.65163
0,250,6.57487,19.8198,0.221641,3.60246
0,250,6.60569,20.3181,0.294418,3.68206
0,250,6.63103,20.8087,0.375077,3.64597
0,250,6.66007,21.2968,0.38938,3.59911
0,250,6.68671,21.7808,0.322801,3.10785
0,250,6.71225,22.2535,0.523615,2.86101
0,250,6.73577,22.7278,0.53689,2.91765
0,250,6.75772,23.1948,0.580957,3.05906
0,250,6.77833,23.6622,0.379735,2.57765
0,250,6.804,24.1217,0.667963,2.73255
0,250,6.82612,24.5861,0.698231,2.76846
0,250,6.85074,25.0397,0.681616,2.33613
0,250,6.87166,25.4999,0.761005,2.52379
0,250,6.89743,25.9538,0.958307,2.59914
0,250,6.91474,26.4031,0.85462,2.03418
0,250,6.94371,26.8518,1.00704,1.94122
0,250,6.96032,27.2927,1.14847,2.01583
0,250,6.98121,27.7289,0.945775,1.68226
0,250,7.00011,28.1744,0.851477,1.49399
0,250,7.0135,28.6096,1.28278,1.61132
0,250,7.03879,29.0425,1.30818,0.896553
0,250,7.04362,29.4687,1.3222,0.530403
0,250,7.07769,29.8984,1.52459,0.831384
0,250,7.08243,30.3277,1.45444,0.988022
0,250,7.07002,30.7538,1.43308,0.812842
0,250,7.12252,31.1914,1.71583,0.386552
0,250,7.10991,31.6001,1.90414,-0.150616
0,250,7.19456,32.0311,2.92988,0.189565
0,250,7.01977,18.8488,0.0686745,3.61172
0,250,7.0609,19.3495,0.176757,3.66946
0,250,7.08225,19.8461,0.233545,3.66965
0,250,7.12413,20.3429,0.340436,3.72
0,250,7.14458,20.8348,0.329874,3.69264
0,250,7.1827,21.3216,0.319851,3.38105
0,250,7.19844,21.8033,0.146899,3.06721
0,250,7.23434,22.2818,0.396567,3.34018
0,250,7.25687,22.7587,0.763641,3.23764
0,250,7.29434,23.2287,0.698258,2.79934
0,250,7.31687,23.6967,0.713839,2.8805
0,250,7.34955,24.163,0.811898,2.89645
0,250,7.36966,24.6204,0.680987,2.6196
0,250,7.40096,25.0776,0.850086,2.4771
0,250,7.42038,25.5264,1.02621,2.47148
0,250,7.45074,25.9745,0.852454,2.13355
0,250,7.46991,26.4233,0.921413,2.22228
0,250,7.49853,26.8685,1.08063,2.30227
0,250,7.51529,27.31,0.920775,1.82642
0,250,7.54229,27.7526,1.07594,1.49997
0,250,7.56608,28.1856,1.37867,1.56955
0,250,7.57974,28.6154,1.19951,1.34482
0,250,7.61035,29.052,1.19993,1.27649
0,250,7.61829,29.4851,1.3741,1.41458
0,250,7.64076,29.9133,1.67774,1.02097
0,250,7.66867,30.3388,1.71672,0.513245
0,250,7.64215,30.7536,1.33163,0.362899
0,250,7.69945,31.1889,1.567,0.685763
0,250,7.71392,31.5956,1.54088,0.433607
0,250,7.72413,32.0306,1.39033,0.540457
0,250,7.52157,18.8813,0.0713716,3.70975
0,250,7.5626,19.3875,0.155189,3.81535
0,250,7.5887,19.8824,0.23552,3.76984
0,250,7.62911,20.3795,0.319527,3.79096
0,250,7.65786,20.869,0.390545,3.70062
0,250,7.69531,21.3521,0.494418,3.34185
0,250,7.72746,21.8324,0.584498,3.09529
0,250,7.76153,22.3099,0.567762,3.48192
0,250,7.78874,22.7843,0.38407,3.21576
0,250,7.82102,23.2537,0.62423,2.90976
0,250,7.84948,23.7184,0.849597,2.93959
0,250,7.88395,24.1813,0.918498,2.79851
0,250,7.91207,24.6431,1.00986,2.72927
0,250,7.94714,25.0986,1.09143,2.79388
0,250,7.97131,25.5539,0.892518,2.42812
0,250,8.00575,26.0066,1.07679,2.3996
0,250,8.02827,26.4516,1.16216,2.24737
0,250,8.05794,26.8923,1.09937,1.88913
0,250,8.08498,27.335,1.18358,1.87466
0,250,8.10848,27.7719,1.38715,2.17966
0,250,8.1354,28.2092,1.25719,1.64087
0,250,8.15272,28.6442,1.34971,1.29742
0,250,8.18378,29.0729,1.64044,1.12109
0,250,8.1985,29.4979,1.59504,1.1112
0,250,8.2137,29.9221,1.35158,0.928184
0,250,8.25857,30.358,1.62411,0.97805
0,250,8.21983,30.7686,1.32719,0.538037
0,250,8.2733,31.1979,1.61764,0.222717
0,250,8.32839,31.5991,2.17557,-0.0476099
0,250,8.25529,32.0257,1.43983,-0.314708
0,250,8.02356,18.9136,0.0770063,3.75626
0,250,8.07324,19.4199,0.19949,3.86177
0,250,8.09919,19.9162,0.264478,3.8493
0,250,8.14577,20.4132,0.356796,3.85407
0,250,8.17068,20.9032,0.279131,3.78722
0,250,8.21657,21.3917,0.356492,3.51248
0,250,8.24166,21.8699,0.560521,3.20467
0,250,8.28626,22.3467,0.577379,3.24034
0,250,8.3162,22.8219,0.743869,3.32388
0,250,8.36032,23.2924,0.874039,3.21413
0,250,8.38713,23.7561,0.845572,3.0454
0,250,8.43044,24.2225,0.94264,2.92333
0,250,8.45378,24.6758,0.966395,2.77196
0,250,8.49412,25.1326,0.929576,2.44211
0,250,8.52049,25.5819,1.13822,2.49115
0,250,8.56037,26.0317,1.3123,2.56996
0,250,8.58511,26.4758,1.13774,2.1577
0,250,8.62257,26.923,1.26435,2.25525
0,250,8.64788,27.3611,1.36032,2.0517
0,250,8.67487,27.795,1.24125,1.5531
0,250,8.70554,28.2287,1.29162,1.48954
0,250,8.72903,28.661,1.48133,1.81657
0,250,8.7522,29.0879,1.4979,1.47751
0,250,8.7819,29.5193,1.54073,1.08302
0,250,8.78738,29.9363,1.68385,0.85467
0,250,8.84217,30.3637,2.2766,0.876772
0,250,8.80563,30.7717,1.68625,0.654292
0,250,8.85822,31.2003,2.03161,0.487392
0,250,8.95128,31.6069,2.63416,0.176663
0,250,8.79595,32.0288,1.69435,0.365534
0,250,8.52747,18.9549,0.0963394,3.89094
0,250,8.57894,19.4606,0.210831,3.99591
0,250,8.60425,19.9551,0.259053,3.94004
0,250,8.65916,20.4508,0.386103,3.80562
0,250,8.689,20.94,0.367531,3.64229
0,250,8.73472,21.4219,0.435597,3.64752
0,250,8.76719,21.9028,0.488371,3.34383
0,250,8.81432,22.384,0.846882,3.62816
0,250,8.84651,22.8557,0.87031,3.43137
0,250,8.88934,23.3255,0.87049,3.11441
0,250,8.92423,23.793,1.04267,3.13091
0,250,8.96774,24.2535,1.11143,2.95769
0,250,9.00184,24.7124,1.02891,2.66783
0,250,9.04701,25.1691,1.23531,2.88315
0,250,9.07728,25.6202,1.27949,2.70989
0,250,9.11719,26.0657,1.21729,2.25942
0,250,9.14747,26.5109,1.31491,2.13192
0,250,9.18368,26.9487,1.54006,2.24831
0,250,9.21375,27.3868,1.39131,1.92124
0,250,9.24792,27.8255,1.53205,2.03215
0,250,9.27815,28.2579,1.77329,1.84258
0,250,9.30862,28.686,1.73429,1.47333
0,250,9.33174,29.1098,1.65428,1.15578
0,250,9.37363,29.5389,1.94256,1.30343
0,250,9.37402,29.9572,1.75348,1.30069
0,250,9.43819,30.3803,1.9888,0.834002
0,250,9.40058,30.7897,1.44874,0.286158
0,250,9.44184,31.2094,1.79601,0.567881
0,250,9.56698,31.6128,3.09393,0.4431
0,250,9.32766,32.0339,1.19625,-0.0802949
0,250,9.02699,18.9959,0.0856757,3.96018
0,250,9.08298,19.4992,0.197757,4.0327
0,250,9.11583,20.0016,0.2034,4.04388
0,250,9.1696,20.4971,0.337858,3.98131
0,250,9.19884,20.9821,0.414469,3.76384
0,250,9.25378,21.4717,0.453983,3.65219
0,250,9.2903,21.9526,0.826398,3.69773
0,250,9.34154,22.4284,0.866165,3.56136
0,250,9.37784,22.8995,0.851608,3.27708
0,250,9.43046,23.3711,1.12007,3.4149
0,250,9.46356,23.8318,1.03601,3.12247
0,250,9.51383,24.2962,1.05722,2.8983
0,250,9.54655,24.7507,1.29048,2.89483
0,250,9.59445,25.2053,1.45475,2.8203
0,250,9.62707,25.6536,1.34812,2.57332
0,250,9.67538,26.1034,1.56308,2.5924
0,250,9.70757,26.5454,1.63578,2.50603
0,250,9.75193,26.9863,1.57144,2.12345
0,250,9.78407,27.4211,1.59823,1.78078
0,250,9.8251,27.8534,1.81306,1.97752
0,250,9.85049,28.282,1.63683,1.75206
0,250,9.89375,28.7117,1.747,1.57592
0,250,9.90849,29.137,1.80169,1.52275
0,250,9.95881,29.5584,2.05258,1.26619
0,250,9.95753,29.972,1.85611,0.894577
0,250,10.0259,30.3944,2.4587,0.916415
0,250,10.0031,30.8062,2.14668,0.868527
0,250,10.0367,31.2212,2.43546,0.708056
0,250,10.1926,31.6204,3.13283,0.111979
0,250,9.8794,32.0276,1.27716,0.121226
0,250,9.53205,19.0408,0.11354,4.09849
0,250,9.59632,19.5458,0.271306,4.1088
0,250,9.62437,20.042,0.310333,4.05779
0,250,9.68505,20.5318,0.382959,3.96846
0,250,9.72031,21.0253,0.379915,3.69048
0,250,9.7785,21.5097,0.732445,4.08514
0,250,9.81383,21.9913,0.756198,3.77605
0,250,9.86919,22.4704,0.845122,3.68076
0,250,9.90912,22.9435,1.07703,3.6787
0,250,9.96082,23.4124,1.06746,3.33407
0,250,10.0039,23.8806,1.23328,3.1203
0,250,10.0559,24.3392,1.43072,3.18374
0,250,10.0964,24.7989,1.44936,3.08568
0,250,10.1489,25.2506,1.48622,2.77668
0,250,10.1869,25.7001,1.53462,2.64451
0,250,10.2366,26.1422,1.66192,2.47235
0,250,10.2713,26.582,1.55474,2.17289
0,250,10.3203,27.0207,1.69778,2.20078
0,250,10.3518,27.4588,1.91592,2.42835
0,250,10.3992,27.8886,1.98171,1.99874
0,250,10.4275,28.3184,1.99829,1.61732
0,250,10.4809,28.7431,2.39953,1.68257
0,250,10.4961,29.1583,2.21742,1.32701
0,250,10.5572,29.5852,2.39677,1.30236
0,250,10.556,29.9978,2.11007,1.08039
0,250,10.63,30.4138,2.71166,0.801975
0,250,10.6059,30.8198,2.1751,0.889351
0,250,10.6391,31.2277,2.26478,0.615137
0,250,10.8057,31.6416,3.45926,0.667049
0,250,10.4324,32.0433,1.67381,0.0664688
0,250,10.0318,19.0951,0.100386,4.21712
0,250,10.0956,19.5938,0.236351,4.2346
0,250,10.1316,20.0971,0.301924,4.14793
0,250,10.1944,20.5914,0.345314,4.06818
0,250,10.2336,21.0805,0.701534,4.13094
0,250,10.2944,21.567,0.809163,4.05027
0,250,10.3389,22.0479,0.914201,3.77885
0,250,10.3977,22.5251,1.02519,3.80114
0,250,10.442,22.9958,0.9548,3.47629
0,250,10.503,23.4664,1.15565,3.58342
0,250,10.543,23.9258,1.21856,3.3404
0,250,10.6025,24.3878,1.40876,3.12701
0,250,10.6441,24.8417,1.46242,3.08066
0,250,10.7002,25.2938,1.68986,2.88792
0,250,10.7409,25.7425,1.73434,2.87248
0,250,10.7974,26.1888,1.8426,2.68582
0,250,10.8361,26.6299,1.99261,2.42614
0,250,10.8934,27.0665,2.23311,2.32701
0,250,10.926,27.4937,2.07601,1.98929
0,250,10.9863,27.9249,2.21354,1.81101
0,250,11.0101,28.3512,2.19833,2.16983
0,250,11.0685,28.7736,2.27695,1.7599
0,250,11.0822,29.197,2.17521,1.31179
0,250,11.1486,29.6083,2.72524,1.26236
0,250,11.1522,30.0255,2.47934,1.16566
0,250,11.226,30.4364,3.13722,1.33152
0,250,11.2125,30.845,2.65536,0.580143
0,250,11.251,31.2498,2.71821,0.597718
0,250,11.4372,31.6409,3.74705,0.253902
0,250,11.0034,32.0376,1.67868,0.541595
0,250,10.5339,19.1411,0.1103,4.32242
0,250,10.604,19.6417,0.264326,4.32058
0,250,10.6392,20.1398,0.339348,4.11367
0,250,10.7137,20.6322,0.62166,4.26977
0,250,10.7503,21.1267,0.558924,4.19599
0,250,10.8222,21.6119,0.723025,4.30228
0,250,10.8619,22.0934,0.885173,3.92486
0,250,10.9292,22.5727,0.966125,3.82536
0,250,10.9758,23.0469,1.26066,3.84209
0,250,11.0364,23.5136,1.39114,3.51274
0,250,11.0877,23.982,1.48015,3.53013
0,250,11.1473,24.442,1.6572,3.42627
0,250,11.1965,24.8983,1.75964,3.26588
0,250,11.2578,25.3502,1.82651,2.93116
0,250,11.3034,25.796,1.86775,2.70431
0,250,11.3652,26.2358,1.99747,2.58285
0,250,11.4047,26.6735,2.04467,2.57802
0,250,11.4673,27.1079,2.14174,2.37158
0,250,11.5015,27.5446,2.24745,2.44194
0,250,11.5654,27.9702,2.61561,2.14189
0,250,11.5902,28.3916,2.45417,1.60883
0,250,11.6637,28.8125,2.86522,1.70391
0,250,11.6791,29.2249,2.78627,1.64735
0,250,11.7538,29.6408,3.09727,1.30153
0,250,11.757,30.0499,2.76284,1.05117
0,250,11.8357,30.4558,3.24321,0.797117
0,250,11.8275,30.862,2.83013,0.845374
0,250,11.8635,31.2621,3.21119,0.838327
0,250,12.0508,31.6668,3.9242,0.93972
0,250,11.5888,32.055,2.73396,-0.226045
0,250,11.0358,19.2033,0.114954,4.45877
0,250,11.1085,19.7016,0.22895,4.47471
0,250,11.15,20.2132,0.443451,4.46611
0,250,11.2218,20.7009,0.606378,4.33705
0,250,11.2691,21.1944,0.754832,4.26598
0,250,11.3373,21.6786,0.826342,4.37008
0,250,11.3919,22.1612,0.919461,4.02614
0,250,11.4552,22.6391,1.1958,4.11162
0,250,11.51,23.1096,1.28039,3.89366
0,250,11.5769,23.5803,1.42975,3.71705
0,250,11.6288,24.0387,1.49129,3.54995
0,250,11.6953,24.4988,1.65128,3.40995
0,250,11.7476,24.9527,1.72124,3.26944
0,250,11.8148,25.4009,2.00079,3.10575
0,250,11.8633,25.8484,2.08344,3.02842
0,250,11.9314,26.2918,2.29118,2.92633
0,250,11.9755,26.7297,2.38076,2.61625
0,250,12.0463,27.1629,2.66353,2.43432
0,250,12.0821,27.5882,2.61045,2.31553
0,250,12.1581,28.0113,2.72953,2.00499
0,250,12.1856,28.4361,2.71673,2.09222
0,250,12.2605,28.8508,3.01547,1.96457
0,250,12.2752,29.2668,2.71169,1.46222
0,250,12.3576,29.6747,3.38068,1.4849
0,250,12.3637,30.0836,3.14895,1.21672
0,250,12.4544,30.4889,3.95387,1.06495
0,250,12.435,30.8878,3.28979,0.749109
0,250,12.5028,31.2758,3.0885,0.170537
0,250,12.6937,31.6664,4.2184,-0.113065
0,250,12.1719,32.0592,2.46315,1.22948
0,250,11.5373,19.2541,0.110958,4.52482
0,250,11.6214,19.7515,0.323418,4.58956
0,250,11.6603,20.2518,0.401475,4.52774
0,250,11.7423,20.7494,0.552591,4.54467
0,250,11.7854,21.2433,0.770796,4.44003
0,250,11.8657,21.731,0.924857,4.39563
0,250,11.9134,22.2099,1.12272,4.27829
0,250,11.9926,22.6912,1.3868,4.23669
0,250,12.0449,23.1631,1.35117,3.94962
0,250,12.1176,23.6326,1.4846,3.76939
0,250,12.1754,24.0987,1.72088,3.87228
0,250,12.2469,24.5597,1.81256,3.60762
0,250,12.3047,25.0172,2.00479,3.63993
0,250,12.3739,25.4668,2.06166,3.14441
0,250,12.4302,25.9121,2.22744,2.99374
0,250,12.5027,26.3497,2.44332,2.92721
0,250,12.5511,26.7853,2.48872,2.80415
0,250,12.6287,27.2139,2.74489,2.64528
0,250,12.6678,27.6463,2.6711,2.36592
0,250,12.7486,28.0673,3.10515,2.31875
0,250,12.776,28.4825,2.97659,1.9151
0,250,12.8632,28.8992,3.35718,1.87623
0,250,12.8826,29.3082,3.28681,1.82783
0,250,12.9727,29.7124,3.71929,1.51831
0,250,12.9787,30.1147,3.3273,1.1801
0,250,13.0744,30.5158,4.06622,1.3521
0,250,13.0584,30.9084,3.68963,0.667932
0,250,13.1298,31.3123,4.5527,0.553695
0,250,13.341,31.6864,5.51603,0.234524
0,250,12.798,32.0513,3.40131,-0.384796
0,250,12.0398,19.3296,0.152879,4.73213
0,250,12.1196,19.8282,0.229328,4.80387
0,250,12.1694,20.3388,0.42711,4.68918
0,250,12.2518,20.8271,0.546422,4.72502
0,250,12.3056,21.3223,0.714014,4.68721
0,250,12.3835,21.808,0.949904,4.6262
0,250,12.4449,22.2939,1.12761,4.58448
0,250,12.5178,22.7701,1.18011,4.23909
0,250,12.583,23.2422,1.38784,4.06433
0,250,12.6578,23.7137,1.74959,4.15992
0,250,12.7202,24.1724,1.72709,3.70739
0,250,12.7991,24.6345,2.04493,3.75056
0,250,12.8568,25.0797,2.05098,3.45014
0,250,12.9393,25.5329,2.26341,3.45052
0,250,12.9967,25.9745,2.60679,3.46167
0,250,13.0782,26.4145,2.6257,2.99012
0,250,13.1325,26.8518,2.86935,3.12863
0,250,13.2137,27.2775,3.06771,2.59139
0,250,13.26,27.7058,3.19506,2.65256
0,250,13.3476,28.1204,3.44275,2.28108
0,250,13.3844,28.5385,3.31933,1.98678
0,250,13.4789,28.9445,3.79851,1.98338
0,250,13.4957,29.3484,3.35709,1.66457
0,250,13.599,29.753,4.02158,1.68359
0,250,13.6005,30.1498,3.66432,1.42994
0,250,13.7198,30.5416,4.60482,0.900692
0,250,13.6779,30.9321,3.28906,0.872416
0,250,13.8008,31.3132,4.06263,0.88758
0,250,14.0071,31.6883,5.3342,0.869151
0,250,13.4007,32.0634,4.36351,-0.532485
0,250,12.5375,19.3811,0.0925365,4.73745
0,250,12.6311,19.8783,0.371589,4.92825
0,250,12.6783,20.3823,0.482201,4.78597
0,250,12.7674,20.8821,0.600711,4.7933
0,250,12.8216,21.3754,0.710119,4.87303
0,250,12.911,21.8645,0.983788,4.80203
0,250,12.9686,22.3443,1.03411,4.54097
0,250,13.0557,22.8262,1.24073,4.47307
0,250,13.1173,23.2986,1.59976,4.50282
0,250,13.2027,23.7667,1.67969,4.06192
0,250,13.2693,24.2369,1.99289,4.24803
0,250,13.3495,24.6911,2.18321,3.94507
0,250,13.4209,25.1561,2.23931,3.65218
0,250,13.5008,25.6034,2.67228,3.93844
0,250,13.5689,26.0478,2.52372,3.16875
0,250,13.6528,26.4907,3.04604,3.52338
0,250,13.7153,26.9159,3.07129,3.05966
0,250,13.8059,27.3496,3.30385,2.88173
0,250,13.8604,27.7672,3.47261,2.66838
0,250,13.9539,28.1858,3.74788,2.30698
0,250,13.9938,28.5948,3.75157,2.33379
0,250,14.0966,29.0035,4.15368,2.01702
0,250,14.12,29.4057,3.97471,1.80261
0,250,14.2354,29.8017,4.63023,1.60883
0,250,14.2384,30.1932,4.01016,1.50042
0,250,14.3826,30.5838,5.35856,1.45312
0,250,14.318,30.9625,4.35637,0.932347
0,250,14.4735,31.3452,4.5386,0.0571748
0,250,14.7017,31.7033,6.44915,-0.540541
0,250,14.0298,32.0711,3.92152,0.942257
0,250,13.0437,19.4676,0.225815,5.05716
0,250,13.1303,19.9723,0.300657,5.15318
0,250,13.1895,20.4779,0.40123,4.89077
0,250,13.2815,20.9736,0.813236,5.07013
0,250,13.3425,21.4686,0.956587,5.06566
0,250,13.4351,21.9584,1.18377,4.97276
0,250,13.4979,22.4403,1.28798,4.69914
0,250,13.5875,22.9223,1.60287,4.81434
0,250,13.6576,23.3969,1.62101,4.56716
0,250,13.7444,23.8681,1.94016,4.44364
0,250,13.8157,24.3264,2.01547,4.28215
0,250,13.9059,24.7912,2.23357,3.88723
0,250,13.979,25.2388,2.69897,4.15987
0,250,14.0703,25.6888,2.73064,3.61317
0,250,14.1467,26.1311,3.09631,3.79505
0,250,14.2369,26.5644,3.19792,3.52335
0,250,14.3098,27.0001,3.28657,3.15239
0,250,14.4038,27.4233,3.77982,3.46177
0,250,14.4653,27.8447,3.72768,2.87131
0,250,14.5664,28.2616,4.11945,2.6343
0,250,14.6159,28.669,4.15782,2.29949
0,250,14.7285,29.0652,4.66596,1.98809
0,250,14.7542,29.4617,4.40641,1.88796
0,250,14.8909,29.8483,5.24166,1.54707
0,250,14.8775,30.2386,4.3726,1.52785
0,250,15.0562,30.618,5.84697,1.39113
0,250,14.9588,30.9896,3.90598,0.725532
0,250,15.1695,31.3786,5.80162,1.09516
0,250,15.3997,31.7333,7.48348,0.502547
0,250,14.711,32.0627,5.18754,-0.20154
0,250,13.5373,19.5212,0.0687622,5.0726
0,250,13.6455,20.0262,0.344455,5.14625
0,250,13.6966,20.5267,0.545905,5.29184
0,250,13.8005,21.034,0.924015,5.27562
0,250,13.8588,21.5234,0.976004,5.19213
0,250,13.9594,22.0141,1.22968,5.01308
0,250,14.024,22.4968,1.40103,4.90701
0,250,14.1226,22.9788,1.56975,4.84509
0,250,14.1928,23.4523,1.77228,4.70789
0,250,14.289,23.9234,2.04933,4.58403
0,250,14.3678,24.391,2.29149,4.5205
0,250,14.4625,24.8511,2.68465,4.51343
0,250,14.5458,25.3115,2.78147,4.24833
0,250,14.6396,25.764,3.09478,4.05481
0,250,14.7243,26.2083,3.28744,3.91913
0,250,14.8205,26.651,3.53995,3.70891
0,250,14.9051,27.0817,3.85576,3.81629
0,250,15.0017,27.5094,3.80141,3.068
0,250,15.0847,27.9262,4.07173,3.14271
0,250,15.1836,28.3335,4.49669,2.90601
0,250,15.2512,28.7338,4.40072,2.46625
0,250,15.369,29.1378,4.89061,2.5297
0,250,15.4033,29.5251,4.67404,1.9466
0,250,15.5541,29.9147,5.53406,1.9341
0,250,15.5367,30.2919,4.83955,1.6174
0,250,15.7557,30.6647,6.618,1.19239
0,250,15.6119,31.0308,4.38615,1.30572
0,250,15.8702,31.3734,4.90878,0.709714
0,250,16.153,31.7315,7.71728,0.49089
0,250,15.3696,32.0781,5.72869,-0.46208
0,250,14.0482,19.6218,0.257943,5.40447
0,250,14.1452,20.1338,0.444414,5.49174
0,250,14.2088,20.6358,0.660082,5.52746
0,250,14.3162,21.1368,0.822827,5.42729
0,250,14.3808,21.6322,0.959535,5.43053
0,250,14.4855,22.123,1.22269,5.3392
0,250,14.5565,22.6082,1.43926,5.13791
0,250,14.657,23.0922,1.75678,5.1615
0,250,14.7359,23.5688,1.96807,5.09016
0,250,14.8354,24.0421,2.31672,4.89108
0,250,14.9201,24.5068,2.47043,4.76577
0,250,15.0187,24.9717,2.79983,4.64627
0,250,15.1108,25.4229,3.07525,4.44006
0,250,15.2112,25.8784,3.46192,4.3638
0,250,15.3095,26.3176,3.66042,4.03931
0,250,15.4132,26.7573,3.95389,3.8574
0,250,15.5099,27.1803,4.05194,3.50778
0,250,15.6184,27.6073,4.46841,3.56789
0,250,15.7076,28.0147,4.54341,3.45197
0,250,15.8232,28.4316,4.59966,2.72916
0,250,15.8963,28.832,4.80811,2.947
0,250,16.0204,29.2227,5.15269,2.59288
0,250,16.0666,29.6155,4.9202,2.28563
0,250,16.2373,29.9881,5.84607,2.14149
0,250,16.2089,30.3668,4.66101,1.79378
0,250,16.4994,30.7074,7.22751,1.37498
0,250,16.2977,31.0696,4.79394,1.0832
0,250,16.61,31.3919,5.35178,0.409165
0,250,16.8399,31.7681,7.08655,0.528164
0,250,16.0921,32.0714,6.24549,1.00116
0,250,14.5364,19.6793,0.0708308,5.44267
0,250,14.6589,20.1896,0.398598,5.67095
0,250,14.7138,20.6936,0.456339,5.71754
0,250,14.8372,21.1985,0.822193,5.60275
0,250,14.8934,21.6905,0.965068,5.57695
0,250,15.0102,22.1839,1.32291,5.50473
0,250,15.0805,22.6682,1.52229,5.39021
0,250,15.1886,23.1511,1.97545,5.33248
0,250,15.2741,23.6284,2.14213,5.17158
0,250,15.3751,24.1028,2.4701,5.11349
0,250,15.4733,24.5712,2.73016,5.04471
0,250,15.5742,25.0377,3.01261,5.02389
0,250,15.6799,25.4973,3.37807,4.83338
0,250,15.7838,25.9497,3.62011,4.55875
0,250,15.8946,26.4019,4.01525,4.51797
0,250,16.0025,26.8399,4.32924,4.29921
0,250,16.118,27.2792,4.50793,3.99102
0,250,16.226,27.7075,4.59135,3.7403
0,250,16.3403,28.1235,4.84534,3.60489
0,250,16.4499,28.5313,5.20934,3.21819
0,250,16.5583,28.9261,5.29896,2.79029
0,250,16.6799,29.3122,5.62882,2.2145
0,250,16.7606,29.6907,5.54546,2.16411
0,250,16.9318,30.0586,6.90923,2.07677
0,250,16.9017,30.434,5.08338,1.85467
0,250,17.2439,30.7702,8.31199,1.37157
0,250,17.0508,31.1286,5.27767,1.06017
0,250,17.3211,31.4675,5.77071,0.723878
0,250,17.627,31.777,7.96329,0.0121547
0,250,16.909,32.1094,7.6208,0.299088
0,250,15.0515,19.7937,0.300672,5.82691
0,250,15.1572,20.3155,0.543128,5.89742
0,250,15.2328,20.8112,0.673786,5.91276
0,250,15.3518,21.3176,0.937915,5.89966
0,250,15.426,21.8086,1.23631,5.91148
0,250,15.535,22.306,1.48838,5.75788
0,250,15.6184,22.7944,1.82449,5.8673
0,250,15.7259,23.2831,2.11703,5.68779
0,250,15.8189,23.7592,2.40619,5.54022
0,250,15.9262,24.2401,2.61751,5.41085
0,250,16.0264,24.7088,3.02381,5.35235
0,250,16.138,25.1792,3.27951,5.33632
0,250,16.2474,25.6407,3.69512,5.20405
0,250,16.3648,26.1,4.06819,4.92467
0,250,16.4824,26.5474,4.27667,4.74298
0,250,16.602,26.9903,4.61281,4.14667
0,250,16.7302,27.4166,4.99967,4.06534
0,250,16.8535,27.8386,5.34063,3.77883
0,250,16.9871,28.2499,5.45704,3.52505
0,250,17.1167,28.6481,5.72536,3.31003
0,250,17.2311,29.0438,5.88667,3.11149
0,250,17.384,29.4182,6.34609,2.87761
0,250,17.4524,29.8069,6.06746,2.72811
0,250,17.6673,30.1518,7.34368,1.82918
0,250,17.6318,30.528,6.38159,2.05631
0,250,18.0348,30.8065,9.20928,1.04025
0,250,17.8113,31.1736,6.12918,0.591939
0,250,18.1034,31.4508,7.21686,0.0967441
0,250,18.4539,31.6941,8.0691,-0.662756
0,250,17.7512,32.0931,9.90062,-0.690385
0,250,15.5352,19.8536,0.0996483,6.01406
0,250,15.6676,20.373,0.429084,6.07532
0,250,15.7429,20.8808,0.862468,6.121
0,250,15.8677,21.3799,1.01471,6.04217
0,250,15.9356,21.8847,1.34753,6.20253
0,250,16.0632,22.3682,1.6644,5.93953
0,250,16.1365,22.8655,1.94006,6.08126
0,250,16.2636,23.3434,2.18911,5.78461
0,250,16.3459,23.8302,2.55464,5.71082
0,250,16.4744,24.3017,2.96831,5.74314
0,250,16.5694,24.7808,3.31878,5.60223
0,250,16.6977,25.2487,3.62911,5.60316
0,250,16.8086,25.7156,3.94327,5.43352
0,250,16.9374,26.1727,4.32067,5.1232
0,250,17.0636,26.6289,4.76483,5.14319
0,250,17.2024,27.0725,5.14021,4.72356
0,250,17.338,27.5194,5.42594,4.44523
0,250,17.4881,27.9412,5.87268,4.30979
0,250,17.6293,28.3674,6.45758,3.95365
0,250,17.7844,28.7715,6.53199,3.59793
0,250,17.93,29.1733,6.79711,3.22575
0,250,18.0728,29.5521,6.77292,2.69482
0,250,18.2061,29.9254,7.13995,2.97247
0,250,18.3994,30.2673,8.26737,1.87604
0,250,18.4492,30.6594,8.20558,2.89894
0,250,18.8361,30.9327,10.1022,1.66055
0,250,18.7071,31.2913,9.15629,1.41278
0,250,19.2011,31.4319,9.99674,0.807885
0,250,19.059,31.9178,7.86822,1.77502
0,250,18.546,32.0902,8.69818,0.0124035
0,250,16.0544,19.9879,0.210015,6.29029
0,250,16.1819,20.501,0.338619,6.67393
0,250,16.2571,21.0126,0.910712,6.42138
0,250,16.3927,21.508,1.19077,6.37626
0,250,16.4652,22.0117,1.39776,6.52391
0,250,16.5915,22.5071,1.83893,6.38628
0,250,16.6747,22.997,2.05512,6.35512
0,250,16.8019,23.4888,2.51352,6.34937
0,250,16.8948,23.9707,2.87173,6.13022
0,250,17.0226,24.4575,3.19828,6.16444
0,250,17.129,24.9309,3.55432,5.94432
0,250,17.2595,25.4142,3.87324,6.04511
0,250,17.3814,25.8796,4.40372,5.95215
0,250,17.5219,26.3529,4.74303,5.55507
0,250,17.6575,26.8091,5.24259,5.41299
0,250,17.8101,27.2621,5.67489,4.92665
0,250,17.9652,27.7109,6.47388,5.17163
0,250,18.1315,28.1459,6.69223,4.56265
0,250,18.3075,28.5718,7.17002,4.22698
0,250,18.4755,28.9711,7.63339,3.56861
0,250,18.6716,29.36,8.03531,3.32778
0,250,18.8249,29.7212,8.25231,2.64406
0,250,19.0168,30.0872,8.15498,2.65849
0,250,19.1981,30.3953,9.18778,2.43654
0,250,19.3456,30.7925,9.30309,2.76571
0,250,19.6514,31.0539,10.3786,1.94406
0,250,19.6954,31.5113,9.24396,2.56019
0,250,20.1672,31.6728,11.8866,1.0403
0,250,20.0223,32.0484,9.07453,-0.500302
0,250,19.4556,31.9955,8.03388,-0.455672
0,250,16.5405,20.064,0.0951299,6.28209
0,250,16.6913,20.5712,0.636553,7.06674
0,250,16.7743,21.0932,0.836543,6.76213
0,250,16.8998,21.5853,1.40139,6.56906
0,250,16.9861,22.089,1.56556,6.79664
0,250,17.1128,22.5774,2.05767,6.57892
0,250,17.204,23.0724,2.295,6.56687
0,250,17.3292,23.5575,2.7051,6.5158
0,250,17.4304,24.0478,3.00607,6.41316
0,250,17.5598,24.5283,3.49997,6.37275
0,250,17.674,25.0141,3.84488,6.20292
0,250,17.8135,25.4898,4.36299,6.29917
0,250,17.9379,25.9665,4.55988,6.0447
0,250,18.0913,26.434,5.18278,6.07521
0,250,18.2315,26.9036,5.62034,5.65679
0,250,18.4062,27.3595,6.30226,5.63111
0,250,18.5678,27.809,6.58336,5.07815
0,250,18.7595,28.251,7.32906,5.18913
0,250,18.9519,28.6851,7.99511,4.63699
0,250,19.181,29.1004,8.92197,4.50702
0,250,19.3889,29.5047,9.2751,3.675
0,250,19.6469,29.8746,9.99009,3.56599
0,250,19.8264,30.2746,9.69886,3.10345
0,250,20.0896,30.5605,9.90629,2.68929
0,250,20.2046,31.021,9.54954,2.98319
0,250,20.4879,31.2204,11.4279,1.92643
0,250,20.7393,31.614,12.4858,1.09729
0,250,21.1491,31.7277,14.0048,0.611176
0,250,21.4102,32.1449,12.1558,0.501427
0,250,20.7204,32.0623,11.8722,-1.14161
0,250,17.056,20.2218,0.509273,6.87369
0,250,17.2142,20.7332,0.882391,7.3633
0,250,17.3057,21.227,0.918582,7.04531
0,250,17.4324,21.7343,1.48972,7.17921
0,250,17.5214,22.2193,1.69659,7.10444
0,250,17.6445,22.7235,2.11357,7.07928
0,250,17.7414,23.2077,2.48222,7.0136
0,250,17.8678,23.7118,2.90874,6.99731
0,250,17.9739,24.1921,3.3094,6.90149
0,250,18.1089,24.6952,3.76758,6.88006
0,250,18.227,25.1729,4.22642,6.74626
0,250,18.3731,25.6703,4.67712,6.74532
0,250,18.5109,26.1458,5.21553,6.53768
0,250,18.6733,26.6319,5.6452,6.55486
0,250,18.836,27.109,6.32558,6.26886
0,250,19.016,27.5758,6.81356,6.1393
0,250,19.2169,28.0492,7.82673,5.86595
0,250,19.4228,28.4955,8.14662,5.66244
0,250,19.6605,28.9593,9.16261,5.5235
0,250,19.9013,29.3819,9.51856,4.84287
0,250,20.1823,29.8093,10.7027,4.77766
0,250,20.4848,30.211,11.4709,3.67765
0,250,20.7227,30.4829,11.2413,2.60498
0,250,20.9417,30.814,11.347,1.71272
0,250,21.2704,30.9449,11.7849,1.70446
0,250,21.4803,31.1974,11.6369,0.915629
0,250,22.0518,31.4083,14.5272,1.07235
0,250,22.4517,31.7334,13.9858,2.06003
0,250,22.8211,32.1564,12.6174,2.5011
0,250,21.7284,31.6676,13.3211,-0.0385228
1,250,1.5,1.5,0,0
1,250,1.5,2,0,0
1,250,32.5,1.5,0,0
1,250,33,1.5,0,0
1,250,2.5,32.5,0,0
1,250,2.5,33,0,0
1,250,1.5,2.5,0,0
1,250,2,2.5,0,0
1,250,2,1.5,0,0
1,250,2,2,0,0
1,250,32.5,2,0,0
1,250,33,2,0,0
1,250,3,32.5,0,0
1,250,3,33,0,0
1,250,1.5,3,0,0
1,250,2,3,0,0
1,250,2.5,1.5,0,0
1,250,2.5,2,0,0
1,250,32.5,2.5,0,0
1,250,33,2.5,0,0
1,250,3.5,32.5,0,0
1,250,3.5,33,0,0
1,250,1.5,3.5,0,0
1,250,2,3.5,0,0
1,250,3,1.5,0,0
1,250,3,2,0,0
1,250,32.5,3,0,0
1,250,33,3,0,0
1,250,4,32.5,0,0
1,250,4,33,0,0
1,250,1.5,4,0,0
1,250,2,4,0,0
1,250,3.5,1.5,0,0
1,250,3.5,2,0,0
1,250,32.5,3.5,0,0
1,250,33,3.5,0,0
1,250,4.5,32.5,0,0
1,250,4.5,33,0,0
1,250,1.5,4.5,0,0
1,250,2,4.5,0,0
1,250,4,1.5,0,0
1,250,4,2,0,0
1,250,32.5,4,0,0
1,250,33,4,0,0
1,250,5,32.5,0,0
1,250,5,33,0,0
1,250,1.5,5,0,0
1,250,2,5,0,0
1,250,4.5,1.5,0,0
1,250,4.5,2,0,0
1,250,32.5,4.5,0,0
1,250,33,4.5,0,0
1,250,5.5,32.5,0,0
1,250,5.5,33,0,0
1,250,1.5,5.5,0,0
1,250,2,5.5,0,0
1,250,5,1.5,0,0
1,250,5,2,0,0
1,250,32.5,5,0,0
1,250,33,5,0,0
1,250,6,32.5,0,0
1,250,6,33,0,0
1,250,1.5,6,0,0
1,250,2,6,0,0
1,250,5.5,1.5,0,0
1,250,5.5,2,0,0
1,250,32.5,5.5,0,0
1,250,33,5.5,0,0
1,250,6.5,32.5,0,0
1,250,6.5,33,0,0
1,250,1.5,6.5,0,0
1,250,2,6.5,0,0
1,250,6,1.5,0,0
1,250,6,2,0,0
1,250,32.5,6,0,0
1,250,33,6,0,0
1,250,7,32.5,0,0
1,250,7,33,0,0
1,250,1.5,7,0,0
1,250,2,7,0,0
1,250,6.5,1.5,0,0
1,250,6.5,2,0,0
1,250,32.5,6.5,0,0
1,250,33,6.5,0,0
1,250,7.5,32.5,0,0
1,250,7.5,33,0,0
1,250,1.5,7.5,0,0
1,250,2,7.5,0,0
1,250,7,1.5,0,0
1,250,7,2,0,0
1,250,32.5,7,0,0
1,250,33,7,0,0
1,250,8,32.5,0,0
1,250,8,33,0,0
1,250,1.5,8,0,0
1,250,2,8,0,0
1,250,7.5,1.5,0,0
1,250,7.5,2,0,0
1,250,32.5,7.5,0,0
1,250,33,7.5,0,0
1,250,8.5,32.5,0,0
1,250,8.5,33,0,0
1,250,1.5,8.5,0,0
1,250,2,8.5,0,0
1,250,8,1.5,0,0
1,250,8,2,0,0
1,250,32.5,8,0,0
1,250,33,8,0,0
1,250,9,32.5,0,0
1,250,9,33,0,0
1,250,1.5,9,0,0
1,250,2,9,0,0
1,250,8.5,1.5,0,0
1,250,8.5,2,0,0
1,250,32.5,8.5,0,0
1,250,33,8.5,0,0
1,250,9.5,32.5,0,0
1,250,9.5,33,0,0
1,250,1.5,9.5,0,0
1,250,2,9.5,0,0
1,250,9,1.5,0,0
1,250,9,2,0,0
1,250,32.5,9,0,0
1,250,33,9,0,0
1,250,10,32.5,0,0
1,250,10,33,0,0
1,250,1.5,10,0,0
1,250,2,10,0,0
1,250,9.5,1.5,0,0
1,250,9.5,2,0,0
1,250,32.5,9.5,0,0
1,250,33,9.5,0,0
1,250,10.5,32.5,0,0
1,250,10.5,33,0,0
1,250,1.5,10.5,0,0
1,250,2,10.5,0,0
1,250,10,1.5,0,0
1,250,10,2,0,0
1,250,32.5,10,0,0
1,250,33,10,0,0
1,250,11,32.5,0,0
1,250,11,33,0,0
1,250,1.5,11,0,0
1,250,2,11,0,0
1,250,10.5,1.5,0,0
1,250,10.5,2,0,0
1,250,32.5,10.5,0,0
1,250,33,10.5,0,0
1,250,11.5,32.5,0,0
1,250,11.5,33,0,0
1,250,1.5,11.5,0,0
1,250,2,11.5,0,0
1,250,11,1.5,0,0
1,250,11,2,0,0
1,250,32.5,11,0,0
1,250,33,11,0,0
1,250,12,32.5,0,0
1,250,12,33,0,0
1,250,1.5,12,0,0
1,250,2,12,0,0
1,250,11.5,1.5,0,0
1,250,11.5,2,0,0
1,250,32.5,11.5,0,0
1,250,33,11.5,0,0
1,250,12.5,32.5,0,0
1,250,12.5,33,0,0
1,250,1.5,12.5,0,0
1,250,2,12.5,0,0
1,250,12,1.5,0,0
1,250,12,2,0,0
1,250,32.5,12,0,0
1,250,33,12,0,0
1,250,13,32.5,0,0
1,250,13,33,0,0
1,250,1.5,13,0,0
1,250,2,13,0,0
1,250,12.5,1.5,0,0
1,250,12.5,2,0,0
1,250,32.5,12.5,0,0
1,250,33,12.5,0,0
1,250,13.5,32.5,0,0
1,250,13.5,33,0,0
1,250,1.5,13.5,0,0
1,250,2,13.5,0,0
1,250,13,1.5,0,0
1,250,13,2,0,0
1,250,32.5,13,0,0
1,250,33,13,0,0
1,250,14,32.5,0,0
1,250,14,33,0,0
1,250,1.5,14,0,0
1,250,2,14,0,0
1,250,13.5,1.5,0,0
1,250,13.5,2,0,0
1,250,32.5,13.5,0,0
1,250,33,13.5,0,0
1,250,14.5,32.5,0,0
1,250,14.5,33,0,0
1,250,1.5,14.5,0,0
1,250,2,14.5,0,0
1,250,14,1.5,0,0
1,250,14,2,0,0
1,250,32.5,14,0,0
1,250,33,14,0,0
1,250,15,32.5,0,0
1,250,15,33,0,0
1,250,1.5,15,0,0
1,250,2,15,0,0
1,250,14.5,1.5,0,0
1,250,14.5,2,0,0
1,250,32.5,14.5,0,0
1,250,33,14.5,0,0
1,250,15.5,32.5,0,0
1,250,15.5,33,0,0
1,250,1.5,15.5,0,0
1,250,2,15.5,0,0
1,250,15,1.5,0,0
1,250,15,2,0,0
1,250,32.5,15,0,0
1,250,33,15,0,0
1,250,16,32.5,0,0
1,250,16,33,0,0
1,250,1.5,16,0,0
1,250,2,16,0,0
1,250,15.5,1.5,0,0
1,250,15.5,2,0,0
1,250,32.5,15.5,0,0
1,250,33,15.5,0,0
1,250,16.5,32.5,0,0
1,250,16.5,33,0,0
1,250,1.5,16.5,0,0
1,250,2,16.5,0,0
1,250,16,1.5,0,0
1,250,16,2,0,0
1,250,32.5,16,0,0
1,250,33,16,0,0
1,250,17,32.5,0,0
1,250,17,33,0,0
1,250,1.5,17,0,0
1,250,2,17,0,0
1,250,16.5,1.5,0,0
1,250,16.5,2,0,0
1,250,32.5,16.5,0,0
1,250,33,16.5,0,0
1,250,17.5,32.5,0,0
1,250,17.5,33,0,0
1,250,1.5,17.5,0,0
1,250,2,17.5,0,0
1,250,17,1.5,0,0
1,250,17,2,0,0
1,250,32.5,17,0,0
1,250,33,17,0,0
1,250,18,32.5,0,0
1,250,18,33,0,0
1,250,1.5,18,0,0
1,250,2,18,0,0
1,250,17.5,1.5,0,0
1,250,17.5,2,0,0
1,250,32.5,17.5,0,0
1,250,33,17.5,0,0
1,250,18.5,32.5,0,0
1,250,18.5,33,0,0
1,250,1.5,18.5,0,0
1,250,2,18.5,0,0
1,250,18,1.5,0,0
1,250,18,2,0,0
1,250,32.5,18,0,0
1,250,33,18,0,0
1,250,19,32.5,0,0
1,250,19,33,0,0
1,250,1.5,19,0,0
1,250,2,19,0,0
1,250,18.5,1.5,0,0
1,250,18.5,2,0,0
1,250,32.5,18.5,0,0
1,250,33,18.5,0,0
1,250,19.5,32.5,0,0
1,250,19.5,33,0,0
1,250,1.5,19.5,0,0
1,250,2,19.5,0,0
1,250,19,1.5,0,0
1,250,19,2,0,0
1,250,32.5,19,0,0
1,250,33,19,0,0
1,250,20,32.5,0,0
1,250,20,33,0,0
1,250,1.5,20,0,0
1,250,2,20,0,0
1,250,19.5,1.5,0,0
1,250,19.5,2,0,0
1,250,32.5,19.5,0,0
1,250,33,19.5,0,0
1,250,20.5,32.5,0,0
1,250,20.5,33,0,0
1,250,1.5,20.5,0,0
1,250,2,20.5,0,0
1,250,20,1.5,0,0
1,250,20,2,0,0
1,250,32.5,20,0,0
1,250,33,20,0,0
1,250,21,32.5,0,0
1,250,21,33,0,0
1,250,1.5,21,0,0
1,250,2,21,0,0
1,250,20.5,1.5,0,0
1,250,20.5,2,0,0
1,250,32.5,20.5,0,0
1,250,33,20.5,0,0
1,250,21.5,32.5,0,0
1,250,21.5,33,0,0
1,250,1.5,21.5,0,0
1,250,2,21.5,0,0
1,250,21,1.5,0,0
1,250,21,2,0,0
1,250,32.5,21,0,0
1,250,33,21,0,0
1,250,22,32.5,0,0
1,250,22,33,0,0
1,250,1.5,22,0,0
1,250,2,22,0,0
1,250,21.5,1.5,0,0
1,250,21.5,2,0,0
1,250,32.5,21.5,0,0
1,250,33,21.5,0,0
1,250,22.5,32.5,0,0
1,250,22.5,33,0,0
1,250,1.5,22.5,0,0
1,250,2,22.5,0,0
1,250,22,1.5,0,0
1,250,22,2,0,0
1,250,32.5,22,0,0
1,250,33,22,0,0
1,250,23,32.5,0,0
1,250,23,33,0,0
1,250,1.5,23,0,0
1,250,2,23,0,0
1,250,22.5,1.5,0,0
1,250,22.5,2,0,0
1,250,32.5,22.5,0,0
1,250,33,22.5,0,0
1,250,23.5,32.5,0,0
1,250,23.5,33,0,0
1,250,1.5,23.5,0,0
1,250,2,23.5,0,0
1,250,23,1.5,0,0
1,250,23,2,0,0
1,250,32.5,23,0,0
1,250,33,23,0,0
1,250,24,32.5,0,0
1,250,24,33,0,0
1,250,1.5,24,0,0
1,250,2,24,0,0
1,250,23.5,1.5,0,0
1,250,23.5,2,0,0
1,250,32.5,23.5,0,0
1,250,33,23.5,0,0
1,250,24.5,32.5,0,0
1,250,24.5,33,0,0
1,250,1.5,24.5,0,0
1,250,2,24.5,0,0
1,250,24,1.5,0,0
1,250,24,2,0,0
1,250,32.5,24,0,0
1,250,33,24,0,0
1,250,25,32.5,0,0
1,250,25,33,0,0
1,250,1.5,25,0,0
1,250,2,25,0,0
1,250,24.5,1.5,0,0
1,250,24.5,2,0,0
1,250,32.5,24.5,0,0
1,250,33,24.5,0,0
1,250,25.5,32.5,0,0
1,250,25.5,33,0,0
1,250,1.5,25.5,0,0
1,250,2,25.5,0,0
1,250,25,1.5,0,0
1,250,25,2,0,0
1,250,32.5,25,0,0
1,250,33,25,0,0
1,250,26,32.5,0,0
1,250,26,33,0,0
1,250,1.5,26,0,0
1,250,2,26,0,0
1,250,25.5,1.5,0,0
1,250,25.5,2,0,0
1,250,32.5,25.5,0,0
1,250,33,25.5,0,0
1,250,26.5,32.5,0,0
1,250,26.5,33,0,0
1,250,1.5,26.5,0,0
1,250,2,26.5,0,0
1,250,26,1.5,0,0
1,250,26,2,0,0
1,250,32.5,26,0,0
1,250,33,26,0,0
1,250,27,32.5,0,0
1,250,27,33,0,0
1,250,1.5,27,0,0
1,250,2,27,0,0
1,250,26.5,1.5,0,0
1,250,26.5,2,0,0
1,250,32.5,26.5,0,0
1,250,33,26.5,0,0
1,250,27.5,32.5,0,0
1,250,27.5,33,0,0
1,250,1.5,27.5,0,0
1,250,2,27.5,0,0
1,250,27,1.5,0,0
1,250,27,2,0,0
1,250,32.5,27,0,0
1,250,33,27,0,0
1,250,28,32.5,0,0
1,250,28,33,0,0
1,250,1.5,28,0,0
1,250,2,28,0,0
1,250,27.5,1.5,0,0
1,250,27.5,2,0,0
1,250,32.5,27.5,0,0
1,250,33,27.5,0,0
1,250,28.5,32.5,0,0
1,250,28.5,33,0,0
1,250,1.5,28.5,0,0
1,250,2,28.5,0,0
1,250,28,1.5,0,0
1,250,28,2,0,0
1,250,32.5,28,0,0
1,250,33,28,0,0
1,250,29,32.5,0,0
1,250,29,33,0,0
1,250,1.5,29,0,0
1,250,2,29,0,0
1,250,28.5,1.5,0,0
1,250,28.5,2,0,0
1,250,32.5,28.5,0,0
1,250,33,28.5,0,0
1,250,29.5,32.5,0,0
1,250,29.5,33,0,0
1,250,1.5,29.5,0,0
1,250,2,29.5,0,0
1,250,29,1.5,0,0
1,250,29,2,0,0
1,250,32.5,29,0,0
1,250,33,29,0,0
1,250,30,32.5,0,0
1,250,30,33,0,0
1,250,1.5,30,0,0
1,250,2,30,0,0
1,250,29.5,1.5,0,0
1,250,29.5,2,0,0
1,250,32.5,29.5,0,0
1,250,33,29.5,0,0
1,250,30.5,32.5,0,0
1,250,30.5,33,0,0
1,250,1.5,30.5,0,0
1,250,2,30.5,0,0
1,250,30,1.5,0,0
1,250,30,2,0,0
1,250,32.5,30,0,0
1,250,33,30,0,0
1,250,31,32.5,0,0
1,250,31,33,0,0
1,250,1.5,31,0,0
1,250,2,31,0,0
1,250,30.5,1.5,0,0
1,250,30.5,2,0,0
1,250,32.5,30.5,0,0
1,250,33,30.5,0,0
1,250,31.5,32.5,0,0
1,250,31.5,33,0,0
1,250,1.5,31.5,0,0
1,250,2,31.5,0,0
1,250,31,1.5,0,0
1,250,31,2,0,0
1,250,32.5,31,0,0
1,250,33,31,0,0
1,250,32,32.5,0,0
1,250,32,33,0,0
1,250,1.5,32,0,0
1,250,2,32,0,0
1,250,31.5,1.5,0,0
1,250,31.5,2,0,0
1,250,32.5,31.5,0,0
1,250,33,31.5,0,0
1,250,32.5,32.5,0,0
1,250,32.5,33,0,0
1,250,1.5,32.5,0,0
1,250,2,32.5,0,0
1,250,32,1.5,0,0
1,250,32,2,0,0
1,250,32.5,32,0,0
1,250,33,32,0,0
1,250,33,32.5,0,0
1,250,33,33,0,0
1,250,1.5,33,0,0
1,250,2,33,0,0
