1396 2 0.5 5e+06 0.05 2 0 0.005 0 9.81 35 35
0,250,3.41002,30.3407,1.93229,-2.47213
0,250,9.12834,19.7132,11.0166,-3.91992
0,250,5.79119,23.3391,4.9296,2.4226
0,250,9.95717,27.2921,1.989,0.8762
0,250,11.1537,32.2113,8.46149,-2.39181
0,250,3.20719,31.0105,7.09403,-14.3701
0,250,2.557,32.0839,-2.5438,-0.079245
0,250,3.50214,31.336,-10.2115,-1.68324
0,250,7.96916,27.5287,3.21045,7.42871
0,250,6.53377,28.4038,-3.62814,-3.32187
0,250,8.5499,29.7467,3.47099,6.44958
0,250,6.09257,31.2467,3.20169,-10.5129
0,250,2.83273,20.626,-0.411669,0.183299
0,250,6.56913,29.6832,-5.88266,-6.8874
0,250,3.16336,28.1977,-3.27562,1.04273
0,250,10.766,29.6691,-1.97669,-0.840745
0,250,5.1781,29.4307,3.74699,-3.37259
0,250,5.24889,31.7545,8.93352,-5.25201
0,250,11.9997,24.6868,0.107777,-0.141503
0,250,15.3035,29.4469,8.0541,-7.89079
0,250,4.82647,28.9158,-3.87583,-0.680909
0,250,21.737,15.2559,9.04403,6.58161
0,250,15.8953,29.7364,6.7929,4.92855
0,250,7.73961,26.9256,3.69311,-2.3919
0,250,3.02019,26.8557,3.84416,7.95405
0,250,3.70805,31.4509,-4.22866,-2.60299
0,250,8.45607,28.4692,1.68525,0.367025
0,250,4.28963,30.1342,-2.10257,-10.6246
0,250,9.10861,29.2017,0.682672,-5.64659
0,250,3.026,32.0972,-5.93831,-3.2889
0,250,10.5775,6.64234,-24.2645,4.33604
0,250,4.78504,31.5444,1.92537,-15.7119
0,250,3.81146,19.5906,-2.52053,-3.48176
0,250,2.47844,26.1832,-2.25219,4.42433
0,250,5.27024,21.5282,-1.91761,-2.13158
0,250,7.25303,26.6953,2.7497,-4.34631
0,250,5.31578,18.3573,2.28948,0.570995
0,250,4.49667,30.6688,-2.40027,-4.62378
0,250,7.7707,29.1449,-2.96715,-9.21974
0,250,6.09482,19.9049,3.39026,0.415082
0,250,3.73922,22.3222,-4.04859,1.6392
0,250,6.05628,27.5073,1.04254,2.04288
0,250,3.59708,23.6056,-6.80258,0.00260932
0,250,5.97213,22.7203,0.510272,1.53003
0,250,2.40661,27.9514,-0.152594,0.842632
0,250,4.80926,29.2393,7.55463,6.00146
0,250,5.76959,22.151,0.225935,-0.45122
0,250,3.52173,22.1921,0.152556,3.48944
0,250,7.86433,30.012,-0.0144018,-3.13128
0,250,4.35338,29.6853,7.26847,0.623176
0,250,4.40696,31.8392,0.761467,-4.68967
0,250,5.91007,28.2764,2.52913,5.83605
0,250,5.80135,29.7424,-10.078,2.41082
0,250,5.87735,19.1521,5.68713,-5.15197
0,250,4.59198,30.1962,18.0071,7.61532
0,250,10.6388,28.7989,1.94006,-4.18259
0,250,12.313,27.955,0.892977,-3.29497
0,250,2.99623,30.9133,11.6798,1.10411
0,250,9.95954,30.2083,-3.21577,1.0062
0,250,6.66526,32.0742,2.10393,5.49449
0,250,5.23441,25.9484,-0.796377,3.39879
0,250,4.48947,27.1922,5.95455,-2.01745
0,250,3.85464,20.4187,2.79033,1.4708
0,250,5.00595,30.6411,0.809215,7.72593
0,250,5.0759,17.5798,-0.529886,5.7547
0,250,4.83854,25.4468,-4.68288,5.01354
0,250,4.94496,19.6796,-1.13955,-0.960909
0,250,4.73506,20.5521,2.48837,0.902165
0,250,13.965,18.5248,4.38291,10.2517
0,250,12.8964,11.3839,5.84661,3.48847
0,250,3.53326,26.2687,0.864036,-10.6109
0,250,3.02569,29.3286,3.47986,-0.1667
0,250,2.60969,30.158,0.285853,-11.8966
0,250,7.31261,30.1668,4.77526,5.53538
0,250,2.66718,21.9082,-1.95262,-10.1767
0,250,8.76235,31.4328,0.362938,0.519273
0,250,5.61419,29.8453,-0.653713,6.95522
0,250,3.90387,30.9511,1.57305,-4.50554
0,250,6.25774,30.4458,3.59973,0.931651
0,250,4.51687,25.1481,4.68274,2.39078
0,250,9.09062,32.2473,-4.85742,-6.89492
0,250,8.98118,28.9604,4.97004,0.362238
0,250,7.59805,26.4222,1.8727,-4.27436
0,250,5.80083,20.7721,1.04883,4.39826
0,250,7.55788,29.3747,4.5381,-5.10763
0,250,14.2299,29.6714,11.8966,-6.78652
0,250,11.231,31.4547,-4.32323,-3.70787
0,250,3.25845,24.7124,3.80309,5.9146
0,250,4.23691,30.7961,-1.71929,-10.5965
0,250,10.481,26.8556,1.57551,-3.12445
0,250,10.7948,27.3903,-0.838122,1.65447
0,250,6.7037,27.7691,-0.339875,3.82804
0,250,9.00256,28.3694,3.259,1.62516
0,250,8.22512,27.9907,3.46119,9.15879
0,250,2.27249,25.1944,-4.74262,1.00239
0,250,8.25246,13.3863,2.31481,1.6373
0,250,4.54779,22.3544,3.41515,5.4693
0,250,11.8396,28.1149,2.52531,-1.1462
0,250,12.7638,15.8121,6.86023,8.31043
0,250,8.1866,26.3379,-1.23886,0.56876
0,250,26.6831,27.5915,0.218784,0.844797
0,250,6.33624,20.8272,0.89078,0.985823
0,250,10.9619,31.2364,-7.97163,-10.6968
0,250,2.6996,30.1043,-1.85346,-3.12579
0,250,7.10852,28.9919,1.6526,-1.17055
0,250,9.70984,27.6927,8.97878,1.67006
0,250,17.2345,21.4564,5.63475,8.89938
0,250,6.76359,26.6907,5.07078,3.47086
0,250,11.641,29.1591,-0.0848952,-4.64488
0,250,7.3386,23.4785,1.09469,1.33714
0,250,5.52299,30.959,1.55923,-2.80174
0,250,2.86206,25.9363,16.0711,-1.23907
0,250,10.0205,25.5304,0.844882,-0.873255
0,250,12.9776,28.2084,1.04294,-2.68494
0,250,7.90674,31.4716,-9.12654,-0.154352
0,250,9.08117,29.8806,10.6174,-2.55257
0,250,6.98842,26.0604,-2.07168,4.9576
0,250,9.00075,30.5372,4.78967,-6.50119
0,250,4.26682,31.4282,-8.42034,0.246006
0,250,4.97433,31.364,6.01307,-8.97652
0,250,10.5165,28.7208,-5.05606,-1.32207
0,250,3.19377,26.4406,4.52394,1.13755
0,250,3.05077,19.0696,-0.602976,-3.4989
0,250,5.78578,26.8626,2.74537,9.51198
0,250,8.08841,31.8053,-5.39285,-3.6047
0,250,8.19938,20.7882,3.95807,2.07936
0,250,4.70152,17.289,-1.05299,5.24251
0,250,5.1275,29.8468,-2.55246,4.2936
0,250,9.11895,21.314,0.95638,0.443529
0,250,13.3258,28.9585,-0.647906,-8.25474
0,250,5.194,30.5105,-0.905145,6.43126
0,250,3.16712,21.6036,-3.67589,11.8184
0,250,3.70453,26.514,-4.58694,1.76829
0,250,9.91257,28.0687,-1.42961,4.91383
0,250,4.84837,26.2819,6.09073,0.112393
0,250,5.20909,28.0489,-5.99464,0.594765
0,250,9.56742,30.6107,-3.54386,1.02379
0,250,7.71923,28.8326,-1.78759,-14.3416
0,250,24.9404,19.133,9.66018,20.2014
0,250,9.71321,28.9794,-0.864146,-0.421256
0,250,14.4333,29.1583,0.953759,-5.90843
0,250,19.4086,31.9521,6.13177,-1.79549
0,250,16.3333,30.7991,12.5022,4.15263
0,250,9.08995,26.7472,-8.71116,-2.82927
0,250,11.8384,25.7228,-3.98545,0.275203
0,250,6.03244,31.4614,-5.21093,0.124648
0,250,13.2703,26.2682,3.55325,-2.05486
0,250,10.5918,25.8274,-4.64434,4.6014
0,250,7.86754,31.225,-10.9029,-10.6003
0,250,13.919,29.0556,1.98619,-2.98049
0,250,9.61989,26.3799,0.57695,-2.69716
0,250,5.33092,20.6188,-1.7213,-0.163128
0,250,10.5499,29.9472,1.97006,-6.37833
0,250,4.70921,28.0435,-7.39149,-5.34035
0,250,4.22629,28.2156,-6.61669,3.47119
0,250,17.8963,26.684,4.96184,4.83045
0,250,14.2402,31.5823,9.69414,6.65148
0,250,12.6083,29.1969,11.0969,0.278389
0,250,7.18213,31.5007,7.02081,-5.34554
0,250,15.9655,20.0967,5.80525,7.22362
0,250,11.6855,28.6123,2.474,2.4686
0,250,7.00472,31.0219,1.26837,0.481171
0,250,7.0887,27.7698,-0.00271641,-0.461841
0,250,5.74915,25.2755,-1.5892,4.67532
0,250,9.18335,26.0149,2.7694,2.67648
0,250,14.4871,26.8466,1.80329,-1.83338
0,250,6.41757,29.3868,-7.66111,3.67969
0,250,5.11275,27.4617,-1.54163,10.2591
0,250,9.4009,28.677,-1.46291,3.46689
0,250,7.44517,31.1795,-10.5631,-6.2444
0,250,7.00798,28.6549,4.41802,-7.64057
0,250,4.24359,29.0487,-5.08635,-8.2681
0,250,7.64412,27.2655,-0.865767,1.67012
0,250,11.0821,30.3623,-4.15775,-2.44097
0,250,8.87481,20.1925,8.43365,-2.12557
0,250,13.3119,30.0284,9.28453,-3.29828
0,250,12.049,25.0251,-3.22422,-1.6974
0,250,13.5142,25.0375,1.19396,0.472511
0,250,8.67529,24.3541,-2.25737,7.31737
0,250,9.91367,24.3477,-6.22256,2.34219
0,250,8.61582,11.963,2.28123,6.48335
0,250,14.507,23.5137,-1.21391,-0.730923
0,250,7.53508,28.1152,1.32237,1.90612
0,250,6.33103,27.0019,-1.15193,-0.295234
0,250,29.9113,24.6118,3.6924,-2.16054
0,250,3.55852,24.0709,4.97744,-1.29923
0,250,6.60088,18.5568,0.936704,-2.00603
0,250,12.7628,26.774,2.94781,4.20359
0,250,6.79845,26.9822,1.17048,2.15155
0,250,11.5572,27.2701,4.00145,-0.356312
0,250,8.54452,25.7475,-0.201309,0.825253
0,250,5.96948,18.5965,0.626311,5.75302
0,250,6.39364,31.2326,9.05282,0.387031
0,250,11.9001,30.0899,-3.79656,-5.73083
0,250,12.5525,25.2466,0.474439,0.97817
0,250,7.96569,30.0848,-3.11925,3.16073
0,250,14.1178,25.59,1.81424,-3.29072
0,250,8.68675,26.8718,4.64178,3.73462
0,250,12.5922,28.0614,1.06412,3.02514
0,250,14.5731,28.4997,4.744,-4.56799
0,250,10.9118,29.2883,1.3986,-1.33093
0,250,16.4794,29.2305,6.88386,-6.39411
0,250,19.0185,31.6521,6.69725,4.96097
0,250,10.4686,31.0672,-2.05015,-0.26877
0,250,3.44798,30.0183,-10.4308,-1.01151
0,250,12.2584,30.9149,0.270052,-4.785
0,250,11.7285,27.6844,-4.13126,-2.72641
0,250,10.0019,31.5721,-9.42495,4.25273
0,250,16.8462,32.2492,8.76234,11.4821
0,250,13.2855,30.8072,3.54614,-5.1971
0,250,15.7526,25.1103,-1.68242,0.425495
0,250,5.94848,28.3746,-7.85081,8.05867
0,250,8.04346,25.5722,-3.40758,-1.99854
0,250,5.37911,15.5141,1.82535,6.15498
0,250,10.4652,27.7397,5.03311,-0.275753
0,250,10.01,23.0333,-2.67633,5.56876
0,250,5.60834,13.8116,2.61849,4.62806
0,250,4.46159,10.1397,1.13094,5.98203
0,250,20.3739,16.4996,-17.2782,10.4317
0,250,15.494,31.9196,1.76943,-9.52748
0,250,11.9076,21.8836,-0.275411,1.62903
0,250,8.83957,25.1753,-0.431025,-0.914698
0,250,18.2748,28.1365,2.9304,2.32441
0,250,25.3216,24.7788,10.8913,7.55389
0,250,5.13484,21.8632,3.24086,-2.56587
0,250,7.41102,26.0156,-0.451159,1.25259
0,250,14.9151,30.1068,-3.15237,2.28192
0,250,13.7962,28.7195,3.28483,-2.60405
0,250,21.1825,31.1475,4.6781,4.38617
0,250,25.4028,31.1502,3.0319,-3.88321
0,250,13.7642,27.2578,4.78329,-3.82789
0,250,8.99221,24.5818,-0.619983,-2.51172
0,250,10.4083,28.1614,-3.04666,-2.55303
0,250,17.1781,31.617,-1.78746,-12.3069
0,250,13.5214,31.9082,13.3801,-0.933269
0,250,12.1916,31.9257,-7.39241,2.68159
0,250,12.0913,27.2443,5.04251,1.78607
0,250,15.9119,30.8321,-4.12605,-0.159666
0,250,3.93674,24.0121,-2.95801,0.344413
0,250,15.0787,26.9366,-2.45532,0.0627351
0,250,9.4573,29.5701,-0.727502,0.701497
0,250,13.3793,14.0598,5.71954,6.71471
0,250,16.2225,31.8625,8.42316,3.3618
0,250,8.79475,18.0938,5.83774,4.19241
0,250,3.98744,24.7439,-2.27996,0.743966
0,250,14.9225,31.7048,6.34203,5.87746
0,250,16.4904,30.0915,11.5291,0.498994
0,250,9.68806,25.5583,1.31852,-2.40702
0,250,4.61572,18.6648,0.636597,-2.05355
0,250,8.56129,23.9074,1.2537,5.01002
0,250,11.8583,26.3265,4.14575,-6.04436
0,250,14.0943,27.9215,1.64586,-1.86438
0,250,5.27692,25.5539,1.91946,2.74478
0,250,14.1385,31.5468,-3.21693,-4.73651
0,250,4.58388,18.3174,1.27298,8.08594
0,250,13.3617,28.2142,4.05953,0.10065
0,250,6.524,18.5382,4.37368,5.3517
0,250,20.0929,30.4439,3.86173,2.52104
0,250,14.9307,26.4715,-0.454128,-3.37716
0,250,20.9382,31.9367,0.343723,-8.64898
0,250,11.1114,28.2742,-7.48027,-6.52981
0,250,13.4574,27.3343,-1.18124,0.235405
0,250,9.64569,29.9804,-4.4559,15.4896
0,250,11.22,29.4272,3.43108,-3.31228
0,250,15.6063,26.1863,1.62027,1.19612
0,250,9.70664,28.2995,-1.62909,-3.60258
0,250,13.1446,31.6127,-2.34825,6.80224
0,250,15.3022,30.9752,3.52893,6.88875
0,250,8.47222,30.3599,-10.0786,1.19793
0,250,17.3591,31.5634,-1.98503,-4.07183
0,250,3.24986,23.7367,-2.9221,0.185836
0,250,8.64669,24.8909,1.96327,-1.27812
0,250,11.406,26.709,2.49985,-7.0141
0,250,11.3567,30.8166,-1.58486,4.83925
0,250,14.1534,24.8145,-1.77819,-2.4452
0,250,4.66893,19.2995,6.78638,2.70137
0,250,13.7657,22.1859,1.72787,0.237858
0,250,5.55901,24.6614,0.199702,5.21913
0,250,13.7613,26.0371,3.00568,-0.0915553
0,250,9.03841,20.8973,3.81813,-8.65585
0,250,16.0873,29.324,-1.65042,0.496704
0,250,12.4151,32.0648,9.75817,-4.86865
0,250,11.6258,30.5911,1.46058,-8.56531
0,250,18.3167,31.4278,-6.04594,-7.19705
0,250,13.1545,29.0621,-5.07781,1.44648
0,250,13.7004,26.6323,1.71819,1.04625
0,250,16.8806,31.4515,-3.75606,-2.41356
0,250,15.5059,25.437,-1.35486,0.704087
0,250,13.5483,29.5308,4.94932,3.95125
0,250,22.1783,28.1424,0.0721005,1.59987
0,250,13.8414,28.1232,2.49111,-3.00276
0,250,15.2297,30.0707,3.83426,0.134119
0,250,20.3372,30.9305,2.28161,2.47322
0,250,11.3487,25.8313,1.76055,0.156469
0,250,9.39414,22.1771,-1.71735,-6.46507
0,250,16.9238,28.6195,1.02532,-2.15168
0,250,14.973,27.2664,-0.464095,-3.13268
0,250,12.1774,30.1725,3.06094,0.783825
0,250,15.1653,28.9398,5.40625,-3.27848
0,250,9.85882,23.7966,-0.52033,-0.679564
0,250,4.93017,19.1816,0.348139,-4.4556
0,250,13.1129,26.3618,1.35363,-0.328423
0,250,3.96146,27.6668,-7.17632,2.47938
0,250,17.8177,31.0358,4.6774,-4.55279
0,250,12.0136,28.8558,4.04421,-1.09018
0,250,5.79084,24.7222,-1.56608,1.43082
0,250,14.1655,21.6726,4.69769,6.33916
0,250,18.9831,8.91552,9.89027,1.19474
0,250,12.1222,21.4292,0.490322,-4.99232
0,250,10.7403,25.1338,3.11251,7.54502
0,250,19.6381,28.4405,3.65992,-1.01087
0,250,18.9886,31.3719,10.1524,-2.67001
0,250,26.4384,27.565,-2.86991,-3.39139
0,250,4.46094,21.0881,-5.62756,-0.399538
0,250,18.6087,30.7338,-0.558426,-14.1953
0,250,5.49816,26.958,-4.44954,-1.16395
0,250,21.088,28.5822,-0.343372,-2.11529
0,250,28.4422,27.6256,4.7849,0.359411
0,250,21.5042,29.293,-6.02912,-4.46063
0,250,12.4029,27.0674,-2.23649,0.279392
0,250,16.3139,26.2308,3.01969,1.55164
0,250,15.1314,24.5802,5.31637,-1.13748
0,250,28.3626,30.5182,1.78084,6.32387
0,250,16.102,25.1919,0.718879,4.72466
0,250,17.8146,28.3365,1.37258,-3.12364
0,250,30.805,31.634,-3.21628,9.39096
0,250,9.26033,27.219,3.50431,4.47963
0,250,29.1505,30.5693,11.075,-0.251771
0,250,22.5012,30.2702,0.815532,-1.82555
0,250,16.9794,22.1476,2.87839,-6.32791
0,250,7.92656,24.3036,2.02031,1.80408
0,250,10.9028,25.8506,2.47248,1.17427
0,250,11.8869,20.1022,2.57497,1.8779
0,250,5.26171,22.7931,-0.14914,-0.816913
0,250,9.54928,22.8833,-0.677845,6.73113
0,250,12.9408,14.0063,5.89473,7.46737
0,250,7.98996,20.2837,-0.923009,4.92223
0,250,8.21808,23.616,2.21288,7.89834
0,250,24.9419,30.7627,4.60805,5.35624
0,250,3.4482,25.3119,-5.93064,0.796711
0,250,15.1455,32.0072,-2.3207,10.7719
0,250,10.025,23.2815,-1.90931,-3.71932
0,250,13.4923,25.4695,2.65312,-1.09447
0,250,12.8386,24.3081,4.16846,-0.414136
0,250,15.9469,23.3898,0.789927,-2.73597
0,250,8.86123,26.2327,2.87279,1.1243
0,250,8.3332,26.9103,-5.97007,7.63362
0,250,15.8655,28.253,1.92333,0.215748
0,250,26.4208,29.8479,-4.166,-3.09508
0,250,15.0815,26.0937,-3.27876,-0.82014
0,250,23.5563,31.0156,-2.21206,4.60718
0,250,4.14492,26.7771,0.407372,7.7801
0,250,22.1092,29.3718,2.72835,-4.32747
0,250,20.447,31.3313,2.3288,-0.961442
0,250,19.1918,25.1668,9.45993,-2.25089
0,250,16.7272,28.7494,-1.69581,-1.81804
0,250,20.9075,31.8145,0.554205,2.97897
0,250,23.1892,30.2375,4.50875,3.83914
0,250,14.0731,30.7478,-1.14404,6.25552
0,250,30.1034,32.2658,1.57469,12.0608
0,250,14.5457,15.3094,5.07595,7.43705
0,250,3.09103,25.5871,3.0152,4.6896
0,250,18.9472,28.6307,4.11098,4.43486
0,250,9.80479,22.1182,0.0992217,1.85166
0,250,28.0684,26.0414,1.298,-4.68332
0,250,11.4153,24.5083,-2.01881,-1.2575
0,250,13.3215,24.8009,3.44072,0.833875
0,250,8.3821,23.1089,3.88005,1.58677
0,250,20.6808,29.5513,1.8408,-1.1484
0,250,12.6316,22.8249,4.61153,-4.59491
0,250,16.441,27.9973,-0.306065,-0.529103
0,250,28.968,28.925,5.27891,3.51541
0,250,20.322,32.0332,5.28604,7.80014
0,250,21.5735,29.5294,1.87104,-0.122916
0,250,16.1265,31.7734,-0.622689,-2.50958
0,250,30.0099,30.017,10.726,-0.839
0,250,27.6775,23.1821,-6.8815,-3.516
0,250,31.9303,23.0734,6.1986,-6.86245
0,250,18.1691,31.8738,-12.5455,1.00316
0,250,24.6501,31.998,-2.00923,-0.134988
0,250,20.0401,29.807,1.05797,1.42414
0,250,15.728,29.7909,3.64069,-2.57672
0,250,22.6372,28.5283,-2.06524,-2.9672
0,250,24.9555,31.5219,-11.3668,-17.5427
0,250,17.3007,29.7876,0.413877,-1.96995
0,250,12.6946,30.6081,1.66118,6.33424
0,250,11.156,28.5078,-1.91604,-4.59868
0,250,20.5633,30.2994,-0.874443,1.96324
0,250,30.4185,28.6404,-1.47744,-2.96844
0,250,21.5792,30.9938,-4.03271,1.30104
0,250,8.59396,32.0336,10.633,7.91215
0,250,9.04209,22.9772,-0.456846,3.50626
0,250,10.8294,19.3729,2.75389,4.13545
0,250,12.5922,27.4432,0.832947,-5.60992
0,250,11.1724,24.2762,3.81781,0.295657
0,250,9.76937,26.2465,2.3811,-2.23006
0,250,9.07011,21.6849,0.194126,-1.28224
0,250,26.7451,28.3695,-0.746217,-2.42838
0,250,14.8885,29.676,3.9107,1.48488
0,250,9.52617,10.787,5.84329,4.47203
0,250,25.6388,31.6468,3.27284,-5.60408
0,250,14.0872,26.3174,1.89624,-1.60246
0,250,31.1362,21.2674,-4.50288,-13.5046
0,250,27.7549,30.6874,5.37155,-4.20289
0,250,21.9762,26.7754,-1.33998,2.14511
0,250,12.8061,30.1769,3.2624,1.43769
0,250,27.3929,28.1276,7.81229,-6.20265
0,250,23.184,28.8325,11.2635,-2.94916
0,250,11.2869,26.5289,2.75219,-4.37842
0,250,19.4166,30.9932,3.04147,1.1672
0,250,22.4492,27.4029,1.8664,-2.01826
0,250,31.6178,29.8189,2.40194,4.84646
0,250,28.7838,25.0521,-0.0792893,-4.95964
0,250,26.5006,24.1143,-3.17056,2.13141
0,250,31.6921,27.5531,2.66511,11.9322
0,250,32.2139,27.4452,-4.88049,-1.17313
0,250,26.7217,30.9475,-3.62113,3.73474
0,250,27.3399,30.3777,8.52602,5.01609
0,250,21.8506,28.5757,3.4664,-1.5616
0,250,30.9289,28.9847,3.96137,-6.91697
0,250,4.75774,28.3942,4.03092,0.490718
0,250,23.1565,28.1995,-1.5394,-0.810905
0,250,15.4984,23.5519,2.92293,-1.27465
0,250,26.5211,29.3867,-4.88712,3.52719
0,250,16.0694,28.3941,0.78599,2.73236
0,250,19.5518,30.532,-0.934484,6.47541
0,250,13.569,23.2142,6.08647,-4.12422
0,250,12.2487,21.7968,-4.19328,-3.60216
0,250,24.6536,23.8168,-6.92455,-4.61717
0,250,24.4508,29.3617,8.86285,-2.20283
0,250,14.7807,28.8675,-1.53248,-2.01157
0,250,30.9405,30.5058,-2.08575,6.66145
0,250,30.654,27.5852,-2.47503,3.66818
0,250,27.8777,26.0232,-0.754769,-5.24457
0,250,30.9489,29.7838,-0.849079,-19.9149
0,250,28.575,20.7564,3.62929,-5.92421
0,250,16.5948,29.8239,7.34778,0.744651
0,250,31.0183,31.4664,-2.24619,9.33515
0,250,26.9055,29.0207,-0.245158,-7.22934
0,250,20.3588,29.3137,2.85087,6.29758
0,250,9.41664,31.6268,-9.35733,12.4027
0,250,26.9647,31.3346,-1.25758,0.262037
0,250,32.1654,28.5145,-3.93416,-1.13899
0,250,28.338,27.1379,-4.90454,-1.62905
0,250,18.3582,26.0773,-2.15098,-1.16024
0,250,29.1737,32.2866,0.616117,0.109927
0,250,29.837,28.7627,5.97359,0.121785
0,250,16.6048,23.3125,-0.558257,0.0955897
0,250,26.5674,25.1771,-8.65055,-2.96326
0,250,25.6712,28.7925,1.59725,-10.7901
0,250,17.5312,29.5343,0.846491,-1.19087
0,250,16.7389,27.8113,-1.31677,-6.39918
0,250,6.27332,26.4517,-1.89205,5.972
0,250,7.95205,25.0877,-3.99451,3.44721
0,250,19.6899,30.1124,0.33608,-0.0342309
0,250,11.7223,21.4723,-1.4236,-8.12379
0,250,24.3196,30.132,10.1374,0.647172
0,250,31.669,28.825,13.9678,0.170697
0,250,8.95392,27.5852,0.381145,-0.735804
0,250,25.7843,31.8352,8.77785,-5.5726
0,250,17.9948,28.3789,7.41461,-8.0789
0,250,14.8632,27.7487,-1.99156,-3.33807
0,250,25.0053,25.1573,-5.2268,-1.47228
0,250,29.683,31.452,0.540313,-2.40118
0,250,28.2929,29.5766,13.8859,-2.21289
0,250,30.8279,30.6399,-3.18926,-13.3045
0,250,27.4556,28.7755,1.50039,-8.55861
0,250,20.5255,27.9817,-0.352025,-1.53306
0,250,28.6579,27.4635,1.16671,0.545063
0,250,25.9269,30.2644,3.14471,-9.28888
0,250,32.0731,32.0232,12.4915,3.17602
0,250,22.739,26.3447,-5.34492,-4.15361
0,250,25.9425,30.6634,1.16081,3.30493
0,250,30.1723,24.0476,-3.83801,-2.11335
0,250,24.949,25.4181,2.02744,-3.69898
0,250,32.3371,29.9085,0.353672,2.59177
0,250,14.5369,22.7783,-0.351768,-0.915253
0,250,26.539,28.1827,4.26422,-7.30419
0,250,30.7884,28.3523,-1.3094,-4.56026
0,250,28.2634,21.0419,-7.8105,0.475889
0,250,3.94192,17.9114,3.29006,0.181864
0,250,4.46033,12.8526,0.329284,2.87876
0,250,12.3475,25.9824,-2.0035,3.51257
0,250,7.24475,18.7639,9.11328,0.746778
0,250,17.9643,32.0283,8.80736,4.2849
0,250,25.6016,30.8807,1.99723,-9.10984
0,250,6.45319,25.8597,-1.03463,-1.37148
0,250,23.6627,32.2984,5.3746,6.96726
0,250,24.6704,31.7655,4.60376,-5.12148
0,250,25.2781,28.3063,9.17006,-1.78708
0,250,22.5906,24.8386,-1.98124,-3.79
0,250,30.6977,29.4295,2.22596,2.14245
0,250,20.5141,26.0471,-0.441927,-5.27688
0,250,26.115,31.2287,5.56826,-16.0363
0,250,13.6652,24.441,-0.75517,-3.14373
0,250,21.7742,25.7227,-5.24598,-4.62706
0,250,14.2644,24.118,3.88797,-6.87804
0,250,7.25051,11.6994,1.58206,5.80057
0,250,13.4692,22.8275,-2.59664,-1.4384
0,250,20.3941,24.5407,-2.30097,1.94052
0,250,24.7256,26.9132,-2.15971,-1.35329
0,250,29.5989,22.8775,3.1117,-6.4432
0,250,29.4289,25.1937,1.17404,-7.83812
0,250,32.0806,25.3985,2.53799,-0.0961556
0,250,26.8314,30.309,7.83082,-2.16164
0,250,17.2771,27.2168,2.50629,-2.83607
0,250,28.4507,21.772,-12.7146,-9.31263
0,250,27.3196,31.7961,-0.135762,-5.12899
0,250,21.753,30.9852,0.295139,-1.43327
0,250,30.3037,31.7594,-12.4512,5.32621
0,250,5.79598,26.0402,1.41161,2.32048
0,250,26.6904,31.7149,-4.77548,-5.31819
0,250,28.2743,32.2328,-0.879974,-4.11109
0,250,12.6385,25.5701,-3.91978,0.427947
0,250,28.7279,29.8566,-2.9256,-11.0704
0,250,18.5515,24.0285,0.731028,-1.01629
0,250,5.64733,10.7367,1.7923,7.46959
0,250,19.8834,32.1165,11.4405,-8.29333
0,250,28.2163,25.2238,-5.55238,-9.35034
0,250,22.1103,25.3166,-5.79152,-2.02013
0,250,28.8469,30.7613,-0.950088,5.57526
0,250,25.6409,29.876,3.7825,1.06125
0,250,21.827,31.6368,-3.8973,6.43559
0,250,22.7393,29.378,1.35524,-3.9317
0,250,22.8229,26.6201,0.872609,-6.06667
0,250,8.80203,21.0999,5.03051,-0.242712
0,250,23.5978,27.1808,-4.69339,-6.64407
0,250,29.6482,25.925,-11.8516,-2.96717
0,250,20.8047,26.813,2.37347,-3.19623
0,250,30.3215,22.2517,-4.32583,-14.8891
0,250,24.8499,27.1437,3.92128,-0.649854
0,250,20.6877,28.8478,2.12712,-2.26983
0,250,28.0695,30.5799,-2.35966,-9.3075
0,250,17.8508,23.5566,-6.59834,-5.94828
0,250,25.95,26.5388,-2.21421,-0.0841215
0,250,31.43,28.2855,-6.44524,0.814994
0,250,27.5084,31.1899,6.78904,4.31544
0,250,26.1505,25.6586,-5.90746,-2.48122
0,250,23.4687,30.6288,-1.81456,-11.2817
0,250,31.6957,25.9431,0.350559,-2.11556
0,250,18.4977,31.0446,-0.348421,-0.327294
0,250,7.65478,25.4079,-3.83899,2.39004
0,250,11.4216,18.0425,3.95059,3.70494
0,250,22.3488,27.8219,-3.30391,-2.16062
0,250,8.29208,22.1282,5.02691,2.4187
0,250,6.90616,22.5553,2.46127,-2.58592
0,250,18.8566,27.883,1.7125,3.48571
0,250,17.4692,30.0918,-0.0312325,-2.37099
0,250,22.6906,29.1976,3.61307,-5.42914
0,250,23.6631,30.0178,9.27538,-2.82821
0,250,25.9057,27.7333,5.83323,-1.80495
0,250,9.03216,22.5228,-1.08164,1.10198
0,250,29.2776,29.386,-0.390625,-6.14877
0,250,30.381,21.7233,-3.0696,-9.302
0,250,22.1965,31.1936,6.83976,-6.18592
0,250,20.4307,27.2182,-2.18253,-4.09319
0,250,17.9922,27.1304,-5.51144,-1.39693
0,250,30.33,29.8324,-5.86497,-11.5931
0,250,29.4725,31.7391,-1.88754,2.65255
0,250,24.1514,25.8957,4.29336,-5.86449
0,250,9.29099,23.3069,0.335187,-1.31139
0,250,31.8001,30.2833,1.96893,-6.31942
0,250,19.6094,26.0864,2.70433,-1.89835
0,250,31.9963,26.5759,4.76654,2.42129
0,250,26.4256,25.9565,2.59679,-3.3833
0,250,28.4477,29.9251,-6.84059,4.01024
0,250,19.2387,26.8817,2.5424,-1.68078
0,250,30.1692,27.9182,-8.33166,6.67607
0,250,26.4292,31.9391,-4.83805,-6.02003
0,250,28.4306,29.1805,-7.73788,-7.23111
0,250,5.15017,8.12009,0.835916,4.24193
0,250,7.34611,30.1794,3.00494,12.7262
0,250,18.1989,27.4987,-1.32306,2.77235
0,250,3.72074,18.1939,1.45634,-0.118378
0,250,12.8026,22.1358,3.28726,-5.37085
0,250,23.1245,31.7967,0.148349,-9.78093
0,250,21.3647,30.182,-0.064722,5.4218
0,250,21.1563,30.2693,1.81688,-5.39236
0,250,22.0709,27.2366,0.55417,-0.415189
0,250,7.01787,19.9224,0.736976,-8.15212
0,250,22.0001,22.9227,-3.17353,0.89953
0,250,14.1499,27.3961,-5.72802,3.08337
0,250,30.1933,29.2674,-1.62117,-4.47487
0,250,28.6052,28.6139,3.38108,5.58015
0,250,18.3545,25.0793,1.49888,-1.83359
0,250,30.829,24.8653,2.88235,-6.6149
0,250,20.6613,23.6588,-5.09155,-6.90592
0,250,26.9893,25.9801,0.15351,-5.25472
0,250,31.081,24.0803,-2.16859,2.85424
0,250,28.9071,23.7034,-4.42629,-3.69089
0,250,27.0852,29.128,-0.621969,1.22227
0,250,30.1007,25.3328,-5.16927,-8.23713
0,250,19.8653,22.5103,2.29326,-9.27859
0,250,30.2873,23.6667,1.18434,-0.50536
0,250,29.4775,30.7388,1.67888,-3.52805
0,250,20.0707,26.4103,-7.7348,0.683883
0,250,19.0137,30.5717,0.462076,-0.44327
0,250,23.7639,24.3587,4.17882,3.72793
0,250,32.0741,26.7821,1.71947,-3.45338
0,250,28.6198,23.5899,-0.068369,-6.93633
0,250,16.3443,27.4458,-1.22501,0.93215
0,250,18.9072,26.4046,0.264541,2.72111
0,250,8.93965,25.6681,-1.85599,-8.38767
0,250,24.7845,30.7393,12.6803,1.33999
0,250,7.77059,23.9987,-1.59507,-4.50969
0,250,10.872,27.9349,0.519551,0.716463
0,250,20.266,28.4601,5.7152,3.11413
0,250,10.3567,24.8321,-8.25788,5.0395
0,250,14.6597,19.2659,5.67843,-1.25036
0,250,5.67943,20.5597,-0.830031,1.06368
0,250,29.8175,26.7613,-4.48858,1.83069
0,250,12.8912,29.6936,3.22931,1.32049
0,250,23.0512,28.012,-4.24629,-4.79377
0,250,27.842,26.7318,0.309588,-2.73294
0,250,9.51035,20.5317,-4.96083,2.95466
0,250,29.0867,29.9305,-4.62201,-3.76291
0,250,30.9598,30.1825,-11.294,3.71437
0,250,20.5538,28.0432,0.96053,1.54739
0,250,6.5494,24.8878,3.00596,4.78148
0,250,6.75486,23.8257,-5.63018,2.31362
0,250,19.2399,26.2465,-3.49371,-2.27672
0,250,29.054,31.6103,9.03801,3.10596
0,250,15.915,26.4863,-4.41753,2.9452
0,250,24.2929,26.412,2.26955,-4.04601
0,250,23.109,22.8448,-2.39927,0.717888
0,250,25.9829,29.0552,6.45845,1.87812
0,250,30.2798,30.5268,8.60019,-4.37322
0,250,22.2254,23.3727,-2.83729,-4.88574
0,250,24.9887,29.9937,5.8343,4.59862
0,250,30.271,24.8842,-5.34144,3.90918
0,250,2.81553,27.1731,2.50005,6.84819
0,250,11.4126,21.0637,5.10228,6.45149
0,250,7.42109,24.2139,3.14702,2.73486
0,250,10.7865,25.3469,-2.98178,1.11712
0,250,11.151,10.353,5.87803,5.44477
0,250,9.62451,23.7766,0.117312,4.84929
0,250,2.56978,19.28,-0.567239,2.35103
0,250,24.938,29.4668,9.12391,-0.177168
0,250,16.7918,25.9885,-0.0614736,0.702935
0,250,19.0018,28.5727,0.929596,7.5047
0,250,7.66674,22.0732,1.67803,1.28713
0,250,18.9408,29.4727,3.88238,3.74464
0,250,25.6958,27.5934,-1.57015,-1.34975
0,250,19.0387,30.1531,-3.79667,7.26488
0,250,16.1949,21.9151,1.9748,-3.72947
0,250,13.2812,27.8472,1.03961,6.44041
0,250,15.544,27.2737,-4.51229,1.17946
0,250,10.4721,24.327,-1.5001,-3.24523
0,250,19.8667,29.4462,2.59636,3.42903
0,250,30.0093,30.6517,-11.7195,-1.51234
0,250,24.8697,28.6666,-2.12167,1.05894
0,250,29.494,25.4497,-4.16927,4.67861
0,250,11.0662,23.3454,-3.50853,-4.71634
0,250,29.205,22.9081,-4.37098,-5.74358
0,250,17.0337,26.38,6.43749,0.0968194
0,250,17.2256,27.7732,1.29025,-2.60101
0,250,17.4568,23.7878,-4.89616,12.1183
0,250,25.7103,25.8762,3.95515,0.985251
0,250,30.3375,26.9875,0.105415,-3.46356
0,250,20.6253,26.2064,-6.61726,1.50326
0,250,29.2152,12.2987,-12.5982,8.30502
0,250,7.26232,21.6833,-0.352943,2.3157
0,250,18.4131,21.1485,2.86257,-5.15031
0,250,24.0891,29.0641,-4.48112,-2.53751
0,250,17.2317,21.7399,1.06603,0.607872
0,250,16.2544,22.1767,1.18113,-1.38319
0,250,12.2377,24.3756,-2.99063,-3.05341
0,250,28.7364,28.3635,4.02721,-2.65762
0,250,22.3656,30.0119,-2.12396,-5.38984
0,250,6.87052,28.1829,0.492732,2.42628
0,250,31.7316,22.1693,-4.77974,-9.05974
0,250,11.4299,17.3624,7.60333,3.28856
0,250,29.4867,21.7831,-6.46549,-0.20226
0,250,17.4712,26.9681,-0.460408,0.246329
0,250,9.70637,24.6804,-2.94844,2.43326
0,250,18.655,27.5602,3.53591,1.34815
0,250,10.4063,20.1047,-0.117692,0.517067
0,250,13.1603,24.1382,0.67752,-2.72096
0,250,28.1038,28.952,1.17584,3.70704
0,250,21.4657,27.4382,-1.31779,-8.04771
0,250,21.4377,24.3202,0.239541,-3.75705
0,250,14.6177,23.765,0.539977,-5.14714
0,250,29.8533,29.5677,4.39486,-7.53595
0,250,27.6802,29.86,3.42917,-2.91552
0,250,8.46734,22.9261,2.60637,0.212383
0,250,31.4202,29.1583,-2.80201,-9.38729
0,250,7.1327,22.7653,-3.17129,-5.62117
0,250,23.9759,26.5349,0.691401,-0.453128
0,250,25.221,29.2554,4.54243,4.21724
0,250,23.855,28.1514,3.33478,2.04614
0,250,12.656,23.4659,4.22339,7.3087
0,250,6.57645,21.4896,2.5085,-4.78611
0,250,23.8956,27.2904,0.335431,-0.526209
0,250,23.762,29.1517,2.77216,0.171142
0,250,17.9959,24.5261,3.42106,-4.22445
0,250,27.4936,31.0397,6.30945,-7.0187
0,250,23.1425,27.1089,3.50484,-4.91256
0,250,17.6702,26.1886,-3.34943,-4.98745
0,250,30.8733,26.4786,-6.66882,-3.40613
0,250,12.7254,24.7983,3.37635,-2.47836
0,250,27.6414,25.6162,2.08218,0.2486
0,250,15.2043,27.776,-7.49262,-6.78236
0,250,8.13275,24.6737,-3.24559,-1.21603
0,250,31.356,31.8911,-8.50238,3.6121
0,250,28.455,25.1973,-4.19413,0.885277
0,250,26.6544,30.2234,4.39776,2.39709
0,250,29.3546,27.775,-5.61222,2.89826
0,250,18.0825,25.3467,2.5044,4.807
0,250,27.5673,28.5967,11.244,2.18984
0,250,13.9968,22.7516,-5.76144,4.2535
0,250,32.2274,31.2268,10.6783,-1.24627
0,250,18.4221,26.0337,-5.67459,1.99385
0,250,3.56576,18.8359,4.242,-6.28099
0,250,24.3653,28.0457,-7.93566,4.95559
0,250,6.59164,24.3213,4.43951,1.64192
0,250,24.2516,29.9959,-0.849181,3.63494
0,250,20.6122,22.5507,-2.84589,-4.57397
0,250,26.742,26.7033,6.42217,-3.07681
0,250,26.4387,23.7325,-4.66411,0.729351
0,250,19.6111,21.9331,-6.30552,0.0212162
0,250,6.26027,25.359,-1.19645,4.69799
0,250,17.1046,28.4973,-4.9842,6.35239
0,250,5.65669,21.4473,2.23796,-6.36487
0,250,6.95679,25.0851,-4.3343,4.17668
0,250,12.2729,23.0421,7.75004,4.7856
0,250,10.875,21.2937,10.3101,9.38421
0,250,23.7043,28.4705,-5.5275,3.54016
0,250,2.28978,7.44096,-0.00775516,5.09896
0,250,17.2773,24.2686,-3.84403,0.107946
0,250,24.1137,25.3869,-6.50667,0.360141
0,250,5.60508,28.9675,8.44674,2.69964
0,250,19.1038,25.039,4.2764,-3.6403
0,250,21.2734,28.3364,8.2836,7.40833
0,250,15.7677,24.1936,-1.1426,-0.140597
0,250,5.18392,19.9588,2.39464,4.78433
0,250,6.08576,21.9519,3.01603,1.38293
0,250,19.1769,23.4421,-4.69118,-3.36399
0,250,7.65754,19.2451,-3.36321,-2.44672
0,250,10.711,21.5595,6.56085,-0.320233
0,250,7.6414,23.3573,5.02214,-1.02125
0,250,15.993,25.6714,2.7743,-4.13255
0,250,10.5182,22.9714,0.520298,2.45757
0,250,10.9476,23.9039,5.38342,0.444732
0,250,26.2907,24.7677,-1.19821,3.33369
0,250,19.5565,27.3045,-4.04091,-0.698909
0,250,25.5561,25.2468,-0.482437,0.134768
0,250,19.7011,26.6754,1.41936,-2.28817
0,250,23.158,24.3622,1.37769,-1.49602
0,250,31.5658,27.8403,-1.42097,6.82096
0,250,23.3505,26.1738,-3.62093,-6.00703
0,250,7.82705,22.9794,-2.67513,1.62199
0,250,7.05319,25.7673,-1.23179,0.957701
0,250,10.1654,21.4164,2.27002,1.16264
0,250,21.378,26.7967,1.56461,1.44605
0,250,8.94383,23.6707,0.702773,2.02486
0,250,5.10203,23.1857,6.80198,7.27542
0,250,16.3668,24.5276,-1.10584,-4.0349
0,250,29.7787,30.3433,0.652832,8.24668
0,250,6.59458,20.5318,3.41335,2.40066
0,250,11.6334,23.7116,-3.45791,0.056723
0,250,23.5787,23.7301,-1.7002,-3.33806
0,250,19.9047,31.2036,0.994878,8.0005
0,250,12.4568,23.9456,0.970759,-0.975778
0,250,14.2053,22.6764,3.48802,-4.2008
0,250,8.28003,14.3499,-9.55627,7.01262
0,250,7.89281,18.5869,1.14922,2.09168
0,250,25.6754,24.6813,-6.48495,-6.41442
0,250,15.7602,26.7699,2.88106,-2.20468
0,250,17.6367,25.5839,-1.39478,4.85546
0,250,18.9017,27.042,-1.25115,-5.2143
0,250,8.6542,31.0727,10.8009,4.48298
0,250,17.5046,25.3733,1.60592,-0.743057
0,250,14.5908,28.0605,0.301659,-0.132491
0,250,22.7973,25.6055,-0.843372,1.15296
0,250,13.9482,21.2139,-2.25045,-3.57217
0,250,7.27869,20.5071,0.423955,0.515749
0,250,32.2094,22.5687,-5.68862,-7.03749
0,250,6.7149,21.6451,3.93511,-2.07
0,250,19.4174,23.3023,-0.518279,6.06799
0,250,29.686,26.2246,-6.14896,0.955426
0,250,4.2301,15.6763,-0.0926797,2.24758
0,250,5.7374,6.26242,-1.02542,9.73093
0,250,8.09998,19.4949,1.7205,3.68029
0,250,6.37671,30.3444,-4.66029,2.49198
0,250,16.2798,23.7901,1.51878,-4.46512
0,250,30.655,24.0074,-3.34633,-5.30012
0,250,30.2122,27.2974,-8.29185,15.4121
0,250,2.93975,20.5439,-5.83552,4.60097
0,250,15.2372,24.8848,-0.0897209,1.79075
0,250,3.95568,28.1824,3.44603,2.85555
0,250,22.3329,26.825,0.347543,1.10216
0,250,18.1632,20.7856,8.46388,7.39479
0,250,10.0802,21.9123,0.901118,3.3624
0,250,4.70528,7.86315,2.91993,4.57607
0,250,14.9308,22.564,-4.34772,-4.12065
0,250,7.28117,20.7622,1.97699,-0.455071
0,250,8.56274,18.7613,3.30842,4.95432
0,250,9.76354,18.979,3.02605,-7.90074
0,250,18.0161,24.4797,2.69734,-2.26786
0,250,4.89026,21.0224,2.73784,0.0514172
0,250,2.24872,12.8467,0.178116,6.40671
0,250,16.4798,24.8089,-0.210746,2.71985
0,250,28.5357,20.6668,-0.625524,2.84233
0,250,4.43063,25.0567,-8.85057,4.24633
0,250,24.929,24.7295,-3.78921,-4.79052
0,250,14.6369,24.4512,1.56785,-1.22263
0,250,29.1254,26.7455,4.59411,0.143725
0,250,11.4799,25.0108,1.86096,0.702708
0,250,18.877,24.6037,8.15354,-1.88868
0,250,18.3986,21.3976,-2.97019,-2.12374
0,250,7.87849,20.0134,5.48072,-0.510867
0,250,9.91521,29.5785,1.79361,3.91554
0,250,2.22592,21.3449,-3.57347,-3.11357
0,250,5.83461,28.9764,-5.12802,2.43269
0,250,2.33968,27.6796,-0.156111,12.8363
0,250,4.25865,19.7392,-0.472834,0.890437
0,250,11.1344,20.455,0.493655,-7.65802
0,250,11.1211,21.8955,1.85851,-0.819987
0,250,9.54533,19.8345,-0.350252,-1.49448
0,250,9.09079,2.45099,1.24598,1.06915
0,250,7.87449,12.6679,0.0924655,-1.28331
0,250,6.06641,23.2256,1.81816,-0.40606
0,250,4.05363,21.6372,8.18441,0.176133
0,250,20.0649,28.879,3.0648,6.63621
0,250,19.7823,27.5554,3.44037,1.61343
0,250,23.7585,23.7589,-7.61534,-3.36475
0,250,17.8641,31.0249,-7.27704,6.17982
0,250,6.49057,22.3321,1.06592,-5.64088
0,250,2.40302,22.2279,5.98625,-5.77903
0,250,12.1039,22.4858,-1.14842,1.28405
0,250,8.61177,27.4682,-0.814303,-8.65176
0,250,6.7781,19.4218,5.18976,-1.84115
0,250,17.2206,24.7754,-5.24466,4.26331
0,250,18.1411,28.9996,0.33626,0.139572
0,250,23.3695,23.3309,-3.52922,-4.97457
0,250,19.3302,22.8556,-1.70296,-1.43511
0,250,20.9757,27.3254,1.53397,-0.129708
0,250,16.0148,27.613,-4.3439,-0.953139
0,250,21.7348,25.4675,-4.09065,0.543643
0,250,20.2692,25.4919,-0.899978,-6.09415
0,250,10.0255,31.1517,-1.08974,-1.64903
0,250,8.17616,14.4243,0.934806,3.01083
0,250,17.3078,26.1645,0.498476,7.01758
0,250,11.5778,13.9836,3.06533,-1.66735
0,250,18.746,29.8811,-1.29878,5.67895
0,250,9.59324,26.9806,1.80659,1.68867
0,250,13.2874,21.3742,-1.14018,-3.60132
0,250,12.3223,29.8128,-5.18319,1.77652
0,250,19.5195,27.9901,3.48973,0.845658
0,250,5.8683,26.2695,-3.26506,7.0802
0,250,16.471,25.6566,0.101026,0.57777
0,250,8.07534,26.0917,0.726012,-4.42194
0,250,7.77146,28.1337,-1.27301,-1.64722
0,250,22.071,28.8585,3.11989,-4.97512
0,250,3.53356,15.3519,-1.00014,6.50717
0,250,24.6664,26.0396,0.981216,-1.16176
0,250,6.53358,23.2913,6.68417,3.26282
0,250,14.593,26.3107,-2.16405,2.42235
0,250,15.2757,21.8237,6.11487,5.37951
0,250,7.79971,20.8904,-0.717087,-1.3737
0,250,2.54312,19.8906,3.31624,4.6955
0,250,16.5452,27.0523,-2.43047,2.24492
0,250,13.9133,23.9664,1.68327,-1.85223
0,250,4.37571,21.9336,7.40701,-3.7275
0,250,18.4568,26.759,-0.55775,1.56366
0,250,11.8707,23.6074,-2.69867,0.656016
0,250,7.1065,24.5475,1.97453,0.792143
0,250,31.5295,31.386,-1.72015,11.0096
0,250,5.94957,31.8974,10.2681,-1.51798
0,250,4.42962,20.1223,-0.642197,3.47932
0,250,15.5586,28.764,6.53881,-1.24893
0,250,7.49654,21.3962,6.38463,-4.91198
0,250,2.9222,28.4333,2.25215,-9.54539
0,250,7.82139,21.8093,-0.619408,-3.04023
0,250,6.75151,23.2395,-1.73836,0.71945
0,250,7.22602,24.9304,2.2988,9.53274
0,250,8.76966,22.2371,4.71851,1.88319
0,250,9.37739,24.5581,-4.07557,1.93133
0,250,18.8478,6.08394,8.24624,3.60823
0,250,11.5855,15.344,6.62672,0.44673
0,250,10.6295,23.7175,-1.62784,1.46673
0,250,21.9504,24.0225,-3.46276,9.719
0,250,10.0217,32.1344,2.30241,6.32319
0,250,3.29415,21.6818,0.570542,-2.13304
0,250,4.81486,26.3944,-9.65413,5.81642
0,250,2.54909,29.0138,-0.69936,-4.57662
0,250,13.7424,30.5262,4.44554,-1.67269
0,250,11.6124,25.5104,2.55112,1.36068
0,250,6.69046,29.18,-0.0266879,1.25893
0,250,13.0696,31.311,10.1981,-5.76713
0,250,13.0063,23.166,7.38412,1.20993
0,250,9.67722,18.4698,-3.92756,3.71774
0,250,10.517,26.8624,2.01817,-0.912937
0,250,4.20266,29.2857,14.3085,-2.19812
0,250,5.43036,31.628,-0.622638,-1.31919
0,250,-148.56,-4.11135,-24.2882,31.3371
0,250,21.0294,29.2981,4.50548,0.116656
0,250,16.8897,25.0046,1.15167,-2.95701
0,250,-63.2973,-17.2536,-13.0709,29.6818
0,250,4.79751,21.5495,0.0753689,-0.304949
1,250,1.5,1.5,0,0
1,250,1.5,2,0,0
1,250,32.5,1.5,0,0
1,250,33,1.5,0,0
1,250,2.5,32.5,0,0
1,250,2.5,33,0,0
1,250,1.5,2.5,0,0
1,250,2,2.5,0,0
1,250,2,1.5,0,0
1,250,2,2,0,0
1,250,32.5,2,0,0
1,250,33,2,0,0
1,250,3,32.5,0,0
1,250,3,33,0,0
1,250,1.5,3,0,0
1,250,2,3,0,0
1,250,2.5,1.5,0,0
1,250,2.5,2,0,0
1,250,32.5,2.5,0,0
1,250,33,2.5,0,0
1,250,3.5,32.5,0,0
1,250,3.5,33,0,0
1,250,1.5,3.5,0,0
1,250,2,3.5,0,0
1,250,3,1.5,0,0
1,250,3,2,0,0
1,250,32.5,3,0,0
1,250,33,3,0,0
1,250,4,32.5,0,0
1,250,4,33,0,0
1,250,1.5,4,0,0
1,250,2,4,0,0
1,250,3.5,1.5,0,0
1,250,3.5,2,0,0
1,250,32.5,3.5,0,0
1,250,33,3.5,0,0
1,250,4.5,32.5,0,0
1,250,4.5,33,0,0
1,250,1.5,4.5,0,0
1,250,2,4.5,0,0
1,250,4,1.5,0,0
1,250,4,2,0,0
1,250,32.5,4,0,0
1,250,33,4,0,0
1,250,5,32.5,0,0
1,250,5,33,0,0
1,250,1.5,5,0,0
1,250,2,5,0,0
1,250,4.5,1.5,0,0
1,250,4.5,2,0,0
1,250,32.5,4.5,0,0
1,250,33,4.5,0,0
1,250,5.5,32.5,0,0
1,250,5.5,33,0,0
1,250,1.5,5.5,0,0
1,250,2,5.5,0,0
1,250,5,1.5,0,0
1,250,5,2,0,0
1,250,32.5,5,0,0
1,250,33,5,0,0
1,250,6,32.5,0,0
1,250,6,33,0,0
1,250,1.5,6,0,0
1,250,2,6,0,0
1,250,5.5,1.5,0,0
1,250,5.5,2,0,0
1,250,32.5,5.5,0,0
1,250,33,5.5,0,0
1,250,6.5,32.5,0,0
1,250,6.5,33,0,0
1,250,1.5,6.5,0,0
1,250,2,6.5,0,0
1,250,6,1.5,0,0
1,250,6,2,0,0
1,250,32.5,6,0,0
1,250,33,6,0,0
1,250,7,32.5,0,0
1,250,7,33,0,0
1,250,1.5,7,0,0
1,250,2,7,0,0
1,250,6.5,1.5,0,0
1,250,6.5,2,0,0
1,250,32.5,6.5,0,0
1,250,33,6.5,0,0
1,250,7.5,32.5,0,0
1,250,7.5,33,0,0
1,250,1.5,7.5,0,0
1,250,2,7.5,0,0
1,250,7,1.5,0,0
1,250,7,2,0,0
1,250,32.5,7,0,0
1,250,33,7,0,0
1,250,8,32.5,0,0
1,250,8,33,0,0
1,250,1.5,8,0,0
1,250,2,8,0,0
1,250,7.5,1.5,0,0
1,250,7.5,2,0,0
1,250,32.5,7.5,0,0
1,250,33,7.5,0,0
1,250,8.5,32.5,0,0
1,250,8.5,33,0,0
1,250,1.5,8.5,0,0
1,250,2,8.5,0,0
1,250,8,1.5,0,0
1,250,8,2,0,0
1,250,32.5,8,0,0
1,250,33,8,0,0
1,250,9,32.5,0,0
1,250,9,33,0,0
1,250,1.5,9,0,0
1,250,2,9,0,0
1,250,8.5,1.5,0,0
1,250,8.5,2,0,0
1,250,32.5,8.5,0,0
1,250,33,8.5,0,0
1,250,9.5,32.5,0,0
1,250,9.5,33,0,0
1,250,1.5,9.5,0,0
1,250,2,9.5,0,0
1,250,9,1.5,0,0
1,250,9,2,0,0
1,250,32.5,9,0,0
1,250,33,9,0,0
1,250,10,32.5,0,0
1,250,10,33,0,0
1,250,1.5,10,0,0
1,250,2,10,0,0
1,250,9.5,1.5,0,0
1,250,9.5,2,0,0
1,250,32.5,9.5,0,0
1,250,33,9.5,0,0
1,250,10.5,32.5,0,0
1,250,10.5,33,0,0
1,250,1.5,10.5,0,0
1,250,2,10.5,0,0
1,250,10,1.5,0,0
1,250,10,2,0,0
1,250,32.5,10,0,0
1,250,33,10,0,0
1,250,11,32.5,0,0
1,250,11,33,0,0
1,250,1.5,11,0,0
1,250,2,11,0,0
1,250,10.5,1.5,0,0
1,250,10.5,2,0,0
1,250,32.5,10.5,0,0
1,250,33,10.5,0,0
1,250,11.5,32.5,0,0
1,250,11.5,33,0,0
1,250,1.5,11.5,0,0
1,250,2,11.5,0,0
1,250,11,1.5,0,0
1,250,11,2,0,0
1,250,32.5,11,0,0
1,250,33,11,0,0
1,250,12,32.5,0,0
1,250,12,33,0,0
1,250,1.5,12,0,0
1,250,2,12,0,0
1,250,11.5,1.5,0,0
1,250,11.5,2,0,0
1,250,32.5,11.5,0,0
1,250,33,11.5,0,0
1,250,12.5,32.5,0,0
1,250,12.5,33,0,0
1,250,1.5,12.5,0,0
1,250,2,12.5,0,0
1,250,12,1.5,0,0
1,250,12,2,0,0
1,250,32.5,12,0,0
1,250,33,12,0,0
1,250,13,32.5,0,0
1,250,13,33,0,0
1,250,1.5,13,0,0
1,250,2,13,0,0
1,250,12.5,1.5,0,0
1,250,12.5,2,0,0
1,250,32.5,12.5,0,0
1,250,33,12.5,0,0
1,250,13.5,32.5,0,0
1,250,13.5,33,0,0
1,250,1.5,13.5,0,0
1,250,2,13.5,0,0
1,250,13,1.5,0,0
1,250,13,2,0,0
1,250,32.5,13,0,0
1,250,33,13,0,0
1,250,14,32.5,0,0
1,250,14,33,0,0
1,250,1.5,14,0,0
1,250,2,14,0,0
1,250,13.5,1.5,0,0
1,250,13.5,2,0,0
1,250,32.5,13.5,0,0
1,250,33,13.5,0,0
1,250,14.5,32.5,0,0
1,250,14.5,33,0,0
1,250,1.5,14.5,0,0
1,250,2,14.5,0,0
1,250,14,1.5,0,0
1,250,14,2,0,0
1,250,32.5,14,0,0
1,250,33,14,0,0
1,250,15,32.5,0,0
1,250,15,33,0,0
1,250,1.5,15,0,0
1,250,2,15,0,0
1,250,14.5,1.5,0,0
1,250,14.5,2,0,0
1,250,32.5,14.5,0,0
1,250,33,14.5,0,0
1,250,15.5,32.5,0,0
1,250,15.5,33,0,0
1,250,1.5,15.5,0,0
1,250,2,15.5,0,0
1,250,15,1.5,0,0
1,250,15,2,0,0
1,250,32.5,15,0,0
1,250,33,15,0,0
1,250,16,32.5,0,0
1,250,16,33,0,0
1,250,1.5,16,0,0
1,250,2,16,0,0
1,250,15.5,1.5,0,0
1,250,15.5,2,0,0
1,250,32.5,15.5,0,0
1,250,33,15.5,0,0
1,250,16.5,32.5,0,0
1,250,16.5,33,0,0
1,250,1.5,16.5,0,0
1,250,2,16.5,0,0
1,250,16,1.5,0,0
1,250,16,2,0,0
1,250,32.5,16,0,0
1,250,33,16,0,0
1,250,17,32.5,0,0
1,250,17,33,0,0
1,250,1.5,17,0,0
1,250,2,17,0,0
1,250,16.5,1.5,0,0
1,250,16.5,2,0,0
1,250,32.5,16.5,0,0
1,250,33,16.5,0,0
1,250,17.5,32.5,0,0
1,250,17.5,33,0,0
1,250,1.5,17.5,0,0
1,250,2,17.5,0,0
1,250,17,1.5,0,0
1,250,17,2,0,0
1,250,32.5,17,0,0
1,250,33,17,0,0
1,250,18,32.5,0,0
1,250,18,33,0,0
1,250,1.5,18,0,0
1,250,2,18,0,0
1,250,17.5,1.5,0,0
1,250,17.5,2,0,0
1,250,32.5,17.5,0,0
1,250,33,17.5,0,0
1,250,18.5,32.5,0,0
1,250,18.5,33,0,0
1,250,1.5,18.5,0,0
1,250,2,18.5,0,0
1,250,18,1.5,0,0
1,250,18,2,0,0
1,250,32.5,18,0,0
1,250,33,18,0,0
1,250,19,32.5,0,0
1,250,19,33,0,0
1,250,1.5,19,0,0
1,250,2,19,0,0
1,250,18.5,1.5,0,0
1,250,18.5,2,0,0
1,250,32.5,18.5,0,0
1,250,33,18.5,0,0
1,250,19.5,32.5,0,0
1,250,19.5,33,0,0
1,250,1.5,19.5,0,0
1,250,2,19.5,0,0
1,250,19,1.5,0,0
1,250,19,2,0,0
1,250,32.5,19,0,0
1,250,33,19,0,0
1,250,20,32.5,0,0
1,250,20,33,0,0
1,250,1.5,20,0,0
1,250,2,20,0,0
1,250,19.5,1.5,0,0
1,250,19.5,2,0,0
1,250,32.5,19.5,0,0
1,250,33,19.5,0,0
1,250,20.5,32.5,0,0
1,250,20.5,33,0,0
1,250,1.5,20.5,0,0
1,250,2,20.5,0,0
1,250,20,1.5,0,0
1,250,20,2,0,0
1,250,32.5,20,0,0
1,250,33,20,0,0
1,250,21,32.5,0,0
1,250,21,33,0,0
1,250,1.5,21,0,0
1,250,2,21,0,0
1,250,20.5,1.5,0,0
1,250,20.5,2,0,0
1,250,32.5,20.5,0,0
1,250,33,20.5,0,0
1,250,21.5,32.5,0,0
1,250,21.5,33,0,0
1,250,1.5,21.5,0,0
1,250,2,21.5,0,0
1,250,21,1.5,0,0
1,250,21,2,0,0
1,250,32.5,21,0,0
1,250,33,21,0,0
1,250,22,32.5,0,0
1,250,22,33,0,0
1,250,1.5,22,0,0
1,250,2,22,0,0
1,250,21.5,1.5,0,0
1,250,21.5,2,0,0
1,250,32.5,21.5,0,0
1,250,33,21.5,0,0
1,250,22.5,32.5,0,0
1,250,22.5,33,0,0
1,250,1.5,22.5,0,0
1,250,2,22.5,0,0
1,250,22,1.5,0,0
1,250,22,2,0,0
1,250,32.5,22,0,0
1,250,33,22,0,0
1,250,23,32.5,0,0
1,250,23,33,0,0
1,250,1.5,23,0,0
1,250,2,23,0,0
1,250,22.5,1.5,0,0
1,250,22.5,2,0,0
1,250,32.5,22.5,0,0
1,250,33,22.5,0,0
1,250,23.5,32.5,0,0
1,250,23.5,33,0,0
1,250,1.5,23.5,0,0
1,250,2,23.5,0,0
1,250,23,1.5,0,0
1,250,23,2,0,0
1,250,32.5,23,0,0
1,250,33,23,0,0
1,250,24,32.5,0,0
1,250,24,33,0,0
1,250,1.5,24,0,0
1,250,2,24,0,0
1,250,23.5,1.5,0,0
1,250,23.5,2,0,0
1,250,32.5,23.5,0,0
1,250,33,23.5,0,0
1,250,24.5,32.5,0,0
1,250,24.5,33,0,0
1,250,1.5,24.5,0,0
1,250,2,24.5,0,0
1,250,24,1.5,0,0
1,250,24,2,0,0
1,250,32.5,24,0,0
1,250,33,24,0,0
1,250,25,32.5,0,0
1,250,25,33,0,0
1,250,1.5,25,0,0
1,250,2,25,0,0
1,250,24.5,1.5,0,0
1,250,24.5,2,0,0
1,250,32.5,24.5,0,0
1,250,33,24.5,0,0
1,250,25.5,32.5,0,0
1,250,25.5,33,0,0
1,250,1.5,25.5,0,0
1,250,2,25.5,0,0
1,250,25,1.5,0,0
1,250,25,2,0,0
1,250,32.5,25,0,0
1,250,33,25,0,0
1,250,26,32.5,0,0
1,250,26,33,0,0
1,250,1.5,26,0,0
1,250,2,26,0,0
1,250,25.5,1.5,0,0
1,250,25.5,2,0,0
1,250,32.5,25.5,0,0
1,250,33,25.5,0,0
1,250,26.5,32.5,0,0
1,250,26.5,33,0,0
1,250,1.5,26.5,0,0
1,250,2,26.5,0,0
1,250,26,1.5,0,0
1,250,26,2,0,0
1,250,32.5,26,0,0
1,250,33,26,0,0
1,250,27,32.5,0,0
1,250,27,33,0,0
1,250,1.5,27,0,0
1,250,2,27,0,0
1,250,26.5,1.5,0,0
1,250,26.5,2,0,0
1,250,32.5,26.5,0,0
1,250,33,26.5,0,0
1,250,27.5,32.5,0,0
1,250,27.5,33,0,0
1,250,1.5,27.5,0,0
1,250,2,27.5,0,0
1,250,27,1.5,0,0
1,250,27,2,0,0
1,250,32.5,27,0,0
1,250,33,27,0,0
1,250,28,32.5,0,0
1,250,28,33,0,0
1,250,1.5,28,0,0
1,250,2,28,0,0
1,250,27.5,1.5,0,0
1,250,27.5,2,0,0
1,250,32.5,27.5,0,0
1,250,33,27.5,0,0
1,250,28.5,32.5,0,0
1,250,28.5,33,0,0
1,250,1.5,28.5,0,0
1,250,2,28.5,0,0
1,250,28,1.5,0,0
1,250,28,2,0,0
1,250,32.5,28,0,0
1,250,33,28,0,0
1,250,29,32.5,0,0
1,250,29,33,0,0
1,250,1.5,29,0,0
1,250,2,29,0,0
1,250,28.5,1.5,0,0
1,250,28.5,2,0,0
1,250,32.5,28.5,0,0
1,250,33,28.5,0,0
1,250,29.5,32.5,0,0
1,250,29.5,33,0,0
1,250,1.5,29.5,0,0
1,250,2,29.5,0,0
1,250,29,1.5,0,0
1,250,29,2,0,0
1,250,32.5,29,0,0
1,250,33,29,0,0
1,250,30,32.5,0,0
1,250,30,33,0,0
1,250,1.5,30,0,0
1,250,2,30,0,0
1,250,29.5,1.5,0,0
1,250,29.5,2,0,0
1,250,32.5,29.5,0,0
1,250,33,29.5,0,0
1,250,30.5,32.5,0,0
1,250,30.5,33,0,0
1,250,1.5,30.5,0,0
1,250,2,30.5,0,0
1,250,30,1.5,0,0
1,250,30,2,0,0
1,250,32.5,30,0,0
1,250,33,30,0,0
1,250,31,32.5,0,0
1,250,31,33,0,0
1,250,1.5,31,0,0
1,250,2,31,0,0
1,250,30.5,1.5,0,0
1,250,30.5,2,0,0
1,250,32.5,30.5,0,0
1,250,33,30.5,0,0
1,250,31.5,32.5,0,0
1,250,31.5,33,0,0
1,250,1.5,31.5,0,0
1,250,2,31.5,0,0
1,250,31,1.5,0,0
1,250,31,2,0,0
1,250,32.5,31,0,0
1,250,33,31,0,0
1,250,32,32.5,0,0
1,250,32,33,0,0
1,250,1.5,32,0,0
1,250,2,32,0,0
1,250,31.5,1.5,0,0
1,250,31.5,2,0,0
1,250,32.5,31.5,0,0
1,250,33,31.5,0,0
1,250,32.5,32.5,0,0
1,250,32.5,33,0,0
1,250,1.5,32.5,0,0
1,250,2,32.5,0,0
1,250,32,1.5,0,0
1,250,32,2,0,0
1,250,32.5,32,0,0
1,250,33,32,0,0
1,250,33,32.5,0,0
1,250,33,33,0,0
1,250,1.5,33,0,0
1,250,2,33,0,0
