1396 2 0.5 5e+06 0.05 2 0 0.005 0 9.81 35 35
0,250,2.36119,18.9473,0.234181,3.50695
0,250,2.56981,19.4498,0.112604,3.95978
0,250,2.47327,19.9233,0.0472153,3.73482
0,250,2.48717,20.454,-0.1854,3.98188
0,250,2.51017,20.9051,0.104778,3.73221
0,250,2.49017,21.4379,-0.0603956,4.01156
0,250,2.50369,21.9088,0.014807,3.86075
0,250,2.49254,22.417,-0.0413366,3.95604
0,250,2.50417,22.9018,-0.613714,2.7816
0,250,2.47713,23.3968,0.119794,2.51531
0,250,2.49612,23.8644,0.276973,3.2727
0,250,2.48232,24.3653,0.0322768,3.56532
0,250,2.49886,24.8396,-0.371652,3.05198
0,250,2.48459,25.3265,0.0077208,2.60318
0,250,2.50662,25.8058,-0.19848,2.61074
0,250,2.49848,26.2813,0.124377,2.59562
0,250,2.50662,26.7495,-0.187779,2.5977
0,250,2.5269,27.2063,0.291123,2.31242
0,250,2.51892,27.6686,0.377607,2.71013
0,250,2.55532,28.1207,0.128419,2.83747
0,250,2.53285,28.5717,-0.371771,2.5521
0,250,2.5435,29.0196,-0.371253,1.99279
0,250,2.55955,29.4506,0.00757911,1.52918
0,250,2.49462,29.8792,0.262379,1.34901
0,250,2.65717,30.2827,0.810546,1.0016
0,250,2.48359,30.6828,-0.0483614,1.23098
0,250,2.75422,31.0136,1.01834,0.726379
0,250,2.42061,31.4099,0.133945,1.32426
0,250,2.76392,31.7043,-0.101189,0.266373
0,250,2.48071,32.0711,-0.346647,-0.113902
0,250,3.00212,18.7699,0.0638175,3.30296
0,250,3.02154,19.2518,0.115032,3.27257
0,250,3.01033,19.8021,0.116341,3.54358
0,250,3.03064,20.2859,0.106452,3.6313
0,250,3.04686,20.7706,0.228756,3.49501
0,250,3.02619,21.2546,0.0845782,3.55552
0,250,3.05344,21.7399,0.213397,3.52506
0,250,3.02678,22.2068,0.0216314,3.41539
0,250,3.05423,22.6798,-0.10056,2.05585
0,250,3.02142,23.1196,-0.378702,1.9851
0,250,3.03776,23.5707,0.333317,2.2435
0,250,3.02614,24.0213,0.147473,2.29587
0,250,3.02607,24.4575,-0.152067,2.27782
0,250,3.03655,24.9013,-0.0594323,2.00075
0,250,3.02104,25.3451,-0.115076,1.47069
0,250,3.04803,25.7829,0.197971,1.65164
0,250,3.03098,26.2285,0.12942,1.28125
0,250,3.05282,26.6691,0.226866,1.51276
0,250,3.05575,27.1187,0.237348,1.56902
0,250,3.0678,27.5628,0.339777,1.33992
0,250,3.07757,28.0158,0.219172,1.30793
0,250,3.09506,28.4737,0.265353,1.11157
0,250,3.07917,28.9171,-0.0273979,1.3869
0,250,3.12396,29.3858,0.147076,1.20639
0,250,3.08193,29.8112,-0.289621,0.711207
0,250,3.16436,30.2929,0.744562,0.7311
0,250,3.20091,30.7097,0.753449,0.171808
0,250,3.15865,31.2159,1.10896,-0.212439
0,250,3.3144,31.6664,1.59341,0.604049
0,250,3.12936,32.0613,-0.196137,-0.741616
0,250,3.50659,18.7766,0.0242205,3.33735
0,250,3.51658,19.295,0.0419674,3.54378
0,250,3.51806,19.7938,0.0847812,3.54806
0,250,3.53667,20.2851,0.0820875,3.59298
0,250,3.53245,20.7822,0.0927058,3.56439
0,250,3.55423,21.2761,0.159523,3.64811
0,250,3.56598,21.7684,0.18449,3.58096
0,250,3.57209,22.2624,-0.0941096,3.21099
0,250,3.57541,22.7284,-0.267865,2.49974
0,250,3.57754,23.2141,0.310273,2.95339
0,250,3.58502,23.6745,0.114559,2.59817
0,250,3.58782,24.1363,0.163677,2.23968
0,250,3.58946,24.5861,0.0846893,2.53095
0,250,3.6002,25.0445,0.20116,1.89465
0,250,3.59743,25.4747,-0.0492837,1.72746
0,250,3.60822,25.9218,0.117385,1.4485
0,250,3.60688,26.3542,0.194581,1.45785
0,250,3.62265,26.7783,0.318703,1.14582
0,250,3.61157,27.2172,0.118373,1.43409
0,250,3.64371,27.6449,0.371766,1.65257
0,250,3.61162,28.0869,0.117121,1.76218
0,250,3.66599,28.5242,0.219382,1.96731
0,250,3.60877,28.9586,0.189861,1.37423
0,250,3.69145,29.394,0.568458,0.900774
0,250,3.62951,29.8246,0.186642,0.951433
0,250,3.70654,30.2454,0.879997,0.653654
0,250,3.74868,30.7176,0.696416,0.574918
0,250,3.67319,31.1499,0.75981,0.828817
0,250,3.80944,31.6639,0.698275,0.60383
0,250,3.82826,32.0872,-0.0218193,0.0886687
0,250,4.00829,18.7899,0.0352009,3.36228
0,250,4.03031,19.3092,0.120065,3.54632
0,250,4.02873,19.7995,0.109851,3.5097
0,250,4.05638,20.309,0.172339,3.66193
0,250,4.06201,20.7912,0.220831,3.57864
0,250,4.06992,21.289,0.172218,3.67468
0,250,4.08681,21.7682,0.170383,3.38045
0,250,4.08519,22.2435,-0.158392,2.64954
0,250,4.09458,22.7117,-0.0324493,2.8434
0,250,4.10043,23.1842,0.137761,2.89002
0,250,4.10418,23.6517,-0.059424,2.43893
0,250,4.11316,24.1142,0.191147,2.82631
0,250,4.12549,24.5888,0.481844,2.79799
0,250,4.13257,25.0426,0.195097,2.17639
0,250,4.14642,25.5091,0.394906,2.06262
0,250,4.15735,25.9691,0.437878,2.55043
0,250,4.16966,26.4208,0.414708,1.83244
0,250,4.1786,26.878,0.266084,1.98684
0,250,4.19259,27.3165,0.528983,1.8935
0,250,4.19882,27.7678,0.392068,1.289
0,250,4.20504,28.1867,0.236652,1.26969
0,250,4.21863,28.6346,0.350011,1.41002
0,250,4.20984,29.0602,-0.0258161,1.80185
0,250,4.23554,29.5005,0.37892,1.95949
0,250,4.23517,29.9302,0.130207,1.17009
0,250,4.24512,30.3615,0.585994,0.969472
0,250,4.34112,30.7977,1.88731,0.713198
0,250,4.17987,31.2007,0.12628,1.00721
0,250,4.3202,31.6601,1.34912,0.247546
0,250,4.47709,32.0852,0.985347,-0.291597
0,250,4.51061,18.8075,0.0460986,3.4549
0,250,4.53562,19.3322,0.134216,3.67871
0,250,4.54719,19.8175,0.164527,3.58808
0,250,4.57454,20.3234,0.265896,3.71169
0,250,4.57518,20.8089,0.233083,3.63443
0,250,4.60596,21.3036,0.325917,3.65711
0,250,4.60382,21.7928,0.110363,3.1098
0,250,4.62235,22.2608,-0.140161,2.73792
0,250,4.62855,22.7379,0.134873,2.98745
0,250,4.64286,23.2067,-0.129695,2.60251
0,250,4.65229,23.6609,0.0924492,2.25129
0,250,4.66085,24.1213,0.248797,2.82959
0,250,4.66857,24.5647,0.16164,1.9322
0,250,4.67682,25.0139,0.0427693,1.76127
0,250,4.68576,25.4583,0.392826,1.95406
0,250,4.69925,25.9034,0.385529,1.74687
0,250,4.7041,26.3439,0.274911,1.32311
0,250,4.72773,26.7856,0.734293,1.60998
0,250,4.72998,27.2315,0.583972,1.72283
0,250,4.75463,27.6723,0.386857,1.38088
0,250,4.75863,28.1233,0.531739,1.5968
0,250,4.77751,28.562,0.57157,1.47838
0,250,4.78464,28.998,0.546494,0.889089
0,250,4.79323,29.4268,0.464343,0.674332
0,250,4.82267,29.8651,0.539595,0.907861
0,250,4.79843,30.2951,0.227404,1.092
0,250,4.89247,30.7412,0.712519,1.13037
0,250,4.78661,31.1752,0.23801,0.0415522
0,250,4.83215,31.603,1.04846,0.63138
0,250,5.0522,32.0481,1.12727,1.28085
0,250,5.01361,18.829,0.0500926,3.50624
0,250,5.04239,19.3381,0.140131,3.6422
0,250,5.04851,19.8349,0.148362,3.63155
0,250,5.08348,20.3346,0.248796,3.71393
0,250,5.0874,20.8205,0.244532,3.65081
0,250,5.11631,21.3123,0.245499,3.57189
0,250,5.12039,21.7886,-0.00677525,2.74562
0,250,5.1415,22.2663,0.253001,2.92894
0,250,5.15301,22.7446,0.244445,2.98073
0,250,5.16948,23.2171,0.131528,2.82216
0,250,5.18347,23.6843,0.480177,3.18108
0,250,5.20175,24.1532,0.436686,2.9933
0,250,5.21693,24.6168,0.296007,2.33033
0,250,5.2359,25.0773,0.586582,2.43635
0,250,5.24843,25.5277,0.372758,2.04029
0,250,5.26504,25.9767,0.394282,1.84251
0,250,5.27556,26.4199,0.601291,1.92261
0,250,5.2892,26.8578,0.578799,1.81974
0,250,5.29873,27.2926,0.502569,1.05434
0,250,5.31844,27.7293,0.853634,1.1874
0,250,5.32394,28.1557,0.720486,1.39799
0,250,5.34403,28.593,0.532533,1.25716
0,250,5.35255,29.0323,0.476054,1.79805
0,250,5.35729,29.4626,0.490731,1.38496
0,250,5.39428,29.9011,0.799805,1.05179
0,250,5.36633,30.3115,0.461787,0.643307
0,250,5.43657,30.765,0.928447,0.424544
0,250,5.38939,31.1948,-0.00288503,1.14001
0,250,5.38083,31.6117,-0.282366,0.755467
0,250,5.62211,32.0425,0.628754,-0.138242
0,250,5.5162,18.8553,0.0678864,3.62266
0,250,5.55099,19.3709,0.18641,3.78283
0,250,5.56459,19.8601,0.188006,3.70491
0,250,5.59617,20.3634,0.293161,3.80307
0,250,5.608,20.8461,0.175041,3.63663
0,250,5.63799,21.338,-0.160338,3.24122
0,250,5.64665,21.8149,-0.139256,3.03409
0,250,5.67531,22.2899,0.386141,3.20888
0,250,5.68664,22.7596,0.334763,2.50773
0,250,5.70573,23.2237,0.433612,2.78457
0,250,5.71634,23.6879,0.231653,2.735
0,250,5.73813,24.1427,0.221505,2.4794
0,250,5.74995,24.5985,0.308408,2.30455
0,250,5.77009,25.0508,0.476049,2.39201
0,250,5.78398,25.5079,0.573432,2.07893
0,250,5.80921,25.9608,0.939431,2.41265
0,250,5.82336,26.4057,0.862987,1.83988
0,250,5.8494,26.8529,0.718308,1.5387
0,250,5.86281,27.2989,0.805903,1.9636
0,250,5.8812,27.7344,0.808876,1.60252
0,250,5.89108,28.1761,0.681066,1.18639
0,250,5.9114,28.6098,1.07499,1.1965
0,250,5.92597,29.0366,1.0396,0.931258
0,250,5.93312,29.4661,0.726487,0.997232
0,250,5.97331,29.8995,0.872313,1.09925
0,250,5.94303,30.3288,0.436169,0.825639
0,250,5.99396,30.7626,1.1898,0.888899
0,250,5.98148,31.1851,0.884224,0.306478
0,250,5.96625,31.6057,0.628533,-0.181024
0,250,6.17629,32.0431,2.10569,0.106603
0,250,6.01749,18.8838,0.0589154,3.70546
0,250,6.05271,19.3821,0.147925,3.74418
0,250,6.06716,19.8832,0.177463,3.76664
0,250,6.10517,20.3774,0.259304,3.7571
0,250,6.11767,20.8639,0.0819728,3.19229
0,250,6.15199,21.3484,-0.0271415,3.08726
0,250,6.16058,21.8299,0.0703538,3.49474
0,250,6.19459,22.3119,0.14485,3.49515
0,250,6.20918,22.7833,0.371782,2.95717
0,250,6.24046,23.2513,0.53587,2.8356
0,250,6.25954,23.7253,0.438458,2.93761
0,250,6.28351,24.188,0.565877,2.89064
0,250,6.30455,24.6456,0.515607,2.4166
0,250,6.32709,25.0985,0.568176,2.36439
0,250,6.34628,25.5475,0.764216,2.22407
0,250,6.36445,25.988,0.633168,1.89388
0,250,6.37974,26.4345,0.547388,1.75835
0,250,6.4038,26.8754,1.11131,1.88774
0,250,6.4151,27.3116,1.01544,1.44606
0,250,6.44514,27.7487,0.986966,1.09851
0,250,6.46049,28.1841,1.13264,1.61478
0,250,6.47689,28.6149,1.00488,1.55258
0,250,6.49891,29.0536,0.932081,1.22853
0,250,6.49884,29.4785,1.01665,0.984557
0,250,6.54411,29.9123,1.32689,0.586563
0,250,6.5309,30.3291,0.8547,0.713527
0,250,6.54773,30.759,0.666495,0.603556
0,250,6.57226,31.1972,0.565498,0.472419
0,250,6.53431,31.6046,0.803331,0.528003
0,250,6.70987,32.0346,1.60876,0.570491
0,250,6.51903,18.9122,0.0634566,3.79109
0,250,6.55743,19.4207,0.160088,3.89584
0,250,6.58042,19.9135,0.223079,3.84654
0,250,6.61257,20.4125,0.248724,3.73716
0,250,6.63865,20.8962,0.192413,3.20042
0,250,6.6698,21.3782,0.405773,3.1383
0,250,6.6935,21.8568,0.288111,3.2743
0,250,6.72088,22.3322,0.309995,3.36057
0,250,6.74012,22.802,0.061784,2.9728
0,250,6.76848,23.2687,0.33716,2.87655
0,250,6.79136,23.7317,0.513222,2.80886
0,250,6.81871,24.1903,0.531638,2.68486
0,250,6.83953,24.6505,0.521457,2.51957
0,250,6.86926,25.1068,0.870654,2.91357
0,250,6.88881,25.5622,0.716988,2.38197
0,250,6.92069,26.0121,0.869091,2.06501
0,250,6.94072,26.457,1.08148,2.23246
0,250,6.96769,26.897,0.950191,1.851
0,250,6.98451,27.3362,0.81537,1.45486
0,250,7.00932,27.7763,1.21369,1.78374
0,250,7.02533,28.2063,1.22247,1.2993
0,250,7.04542,28.6354,1.21033,0.861679
0,250,7.07609,29.0664,1.38516,1.00322
0,250,7.07564,29.4905,1.20651,1.15819
0,250,7.11218,29.92,1.3452,0.900706
0,250,7.11921,30.3447,1.42807,0.44965
0,250,7.10896,30.7657,1.36803,0.303513
0,250,7.16885,31.1982,1.61632,0.385506
0,250,7.14819,31.5959,1.05395,0.0957677
0,250,7.2564,32.0271,1.72421,-0.240502
0,250,7.02149,18.9428,0.0689595,3.85735
0,250,7.0653,19.4449,0.172208,3.91045
0,250,7.08788,19.9415,0.196149,3.8992
0,250,7.13083,20.4352,0.181866,3.5559
0,250,7.14548,20.9212,-0.0461381,3.22985
0,250,7.18581,21.4048,0.226453,3.45247
0,250,7.20885,21.8859,0.658173,3.54242
0,250,7.2496,22.3631,0.595402,3.13095
0,250,7.27414,22.8352,0.460934,3.00111
0,250,7.31029,23.3062,0.581882,3.30076
0,250,7.33317,23.7722,0.616316,2.97119
0,250,7.36738,24.231,0.630863,2.63849
0,250,7.38898,24.6869,0.877,2.81639
0,250,7.42069,25.1382,0.752914,2.36239
0,250,7.44222,25.5861,0.70058,2.16999
0,250,7.47378,26.033,0.971906,2.40816
0,250,7.49168,26.4757,0.92496,2.05859
0,250,7.52539,26.919,1.02826,1.74673
0,250,7.54664,27.3561,1.40412,1.81682
0,250,7.5726,27.7881,1.39971,1.57486
0,250,7.5993,28.2225,1.29897,1.44076
0,250,7.6153,28.6559,1.46557,1.54481
0,250,7.64752,29.0854,1.69432,1.34098
0,250,7.65572,29.5062,1.53943,0.619624
0,250,7.6857,29.9307,1.67418,0.515993
0,250,7.71584,30.3554,1.88041,0.788054
0,250,7.67714,30.7654,1.45887,0.554565
0,250,7.74445,31.203,1.97598,0.381121
0,250,7.76485,31.5985,2.15081,-0.211145
0,250,7.77607,32.0315,2.21067,-0.43171
0,250,7.52336,18.9777,0.0716806,3.9553
0,250,7.56648,19.4864,0.153915,4.03508
0,250,7.59452,19.9798,0.223271,3.91868
0,250,7.63704,20.469,0.310134,3.40636
0,250,7.66878,20.9533,0.473597,3.25335
0,250,7.7085,21.4407,0.583713,3.80455
0,250,7.73715,21.9175,0.29579,3.48571
0,250,7.77364,22.3931,0.408512,3.01651
0,250,7.80255,22.8607,0.648381,3.11791
0,250,7.83773,23.3288,0.674942,3.16354
0,250,7.86792,23.7942,0.633756,2.91794
0,250,7.90526,24.2532,0.846187,3.00723
0,250,7.933,24.711,0.72163,2.78777
0,250,7.97195,25.1686,0.810802,2.60885
0,250,7.99637,25.6177,1.03382,2.57341
0,250,8.03198,26.0635,1.06516,2.29126
0,250,8.05613,26.5056,1.02149,2.03704
0,250,8.08947,26.947,1.33876,2.30378
0,250,8.11313,27.3806,1.19839,1.88034
0,250,8.14106,27.8186,1.25115,1.54329
0,250,8.17184,28.2482,1.5027,1.38971
0,250,8.18841,28.6737,1.53769,1.32068
0,250,8.221,29.0989,1.4886,1.13073
0,250,8.23906,29.5286,1.62893,1.06179
0,250,8.25525,29.9483,1.86937,1.04064
0,250,8.30772,30.3739,2.29026,0.66813
0,250,8.25653,30.7786,1.5862,0.429628
0,250,8.32243,31.2079,2.09725,0.312531
0,250,8.39365,31.6043,2.90632,0.174789
0,250,8.30142,32.0219,2.20533,-0.114199
0,250,8.02549,19.0112,0.0773998,4.00216
0,250,8.07796,19.5198,0.171785,4.0641
0,250,8.10402,20.0152,0.0714381,3.97459
0,250,8.15342,20.5084,0.195212,3.71493
0,250,8.17978,20.9926,0.453163,3.54167
0,250,8.22633,21.4756,0.413671,3.40156
0,250,8.25788,21.9562,0.589612,3.50287
0,250,8.3047,22.4324,0.829839,3.43824
0,250,8.33596,22.901,0.807343,3.14464
0,250,8.38284,23.3718,0.781476,3.12361
0,250,8.40908,23.8324,0.860347,3.0404
0,250,8.45142,24.2914,0.791613,2.74996
0,250,8.47904,24.7468,0.939449,2.7831
0,250,8.52102,25.1988,1.14716,2.72816
0,250,8.54617,25.6441,1.04194,2.54929
0,250,8.58908,26.0947,1.07265,2.38766
0,250,8.61486,26.5336,1.29722,2.36227
0,250,8.65208,26.9733,1.29384,1.95595
0,250,8.68059,27.4062,1.30177,1.6742
0,250,8.71148,27.8413,1.58259,1.957
0,250,8.74147,28.2705,1.64954,1.8361
0,250,8.76791,28.7001,1.66577,1.37342
0,250,8.79652,29.1234,1.82804,1.22912
0,250,8.82884,29.5463,2.05296,1.08297
0,250,8.83168,29.9579,1.90987,1.05453
0,250,8.9019,30.384,2.42611,0.789135
0,250,8.85177,30.7911,1.79784,0.633128
0,250,8.91294,31.2129,2.22916,0.4364
0,250,9.02042,31.6071,2.94134,0.0694976
0,250,8.82891,32.0354,1.17787,0.264413
0,250,8.52988,19.0559,0.0965829,4.13634
0,250,8.58411,19.5624,0.199211,4.02917
0,250,8.6101,20.0542,0.214574,3.85735
0,250,8.66598,20.5435,0.261751,3.77212
0,250,8.69678,21.0283,0.326815,3.61162
0,250,8.75188,21.5183,0.704447,3.85035
0,250,8.78451,21.9926,0.679263,3.66787
0,250,8.83066,22.469,0.533185,3.27562
0,250,8.86605,22.939,0.73478,3.25214
0,250,8.91133,23.4054,0.893603,3.26966
0,250,8.94776,23.8684,0.879291,3.00848
0,250,8.99665,24.3298,1.12746,3.09594
0,250,9.02934,24.7847,1.14866,2.99493
0,250,9.07463,25.2357,1.11655,2.58825
0,250,9.10577,25.6822,1.0938,2.33862
0,250,9.14879,26.1269,1.36174,2.59323
0,250,9.1777,26.5663,1.25325,2.37241
0,250,9.21945,27.0069,1.35246,2.25281
0,250,9.25175,27.4423,1.57953,2.21965
0,250,9.28728,27.8725,1.68562,1.79874
0,250,9.31882,28.296,1.56388,1.40682
0,250,9.35325,28.7247,1.78712,1.50484
0,250,9.37481,29.1455,1.83238,1.56568
0,250,9.42157,29.5691,2.05755,1.23724
0,250,9.41727,29.9819,1.77945,0.757555
0,250,9.49677,30.4033,2.551,0.889631
0,250,9.44234,30.804,1.84115,0.866341
0,250,9.49066,31.2234,2.18441,0.554739
0,250,9.65224,31.6247,3.57801,0.359434
0,250,9.36531,32.0243,1.62543,-0.513443
0,250,9.02914,19.0986,0.0862324,4.20577
0,250,9.08818,19.6028,0.250733,4.19501
0,250,9.12061,20.1018,0.339279,3.95126
0,250,9.17814,20.5957,0.401117,3.89606
0,250,9.21641,21.0809,0.777557,4.01454
0,250,9.26922,21.5634,0.689247,3.61413
0,250,9.30715,22.039,0.630725,3.38291
0,250,9.36185,22.5167,0.853105,3.57103
0,250,9.39873,22.9829,0.876446,3.33998
0,250,9.45462,23.4531,0.856922,3.15339
0,250,9.48871,23.9113,0.995599,3.21867
0,250,9.54074,24.3706,1.12536,3.05837
0,250,9.57517,24.8219,1.07195,2.87127
0,250,9.62724,25.2753,1.20999,2.81342
0,250,9.66144,25.7221,1.41409,2.83689
0,250,9.71145,26.167,1.43199,2.51762
0,250,9.74499,26.6041,1.38053,2.14314
0,250,9.79312,27.041,1.69409,2.20403
0,250,9.82162,27.4689,1.58068,2.15926
0,250,9.86596,27.9019,1.59316,1.87934
0,250,9.89335,28.3309,1.79002,1.96771
0,250,9.93959,28.7534,2.01522,1.70645
0,250,9.95394,29.1712,1.95276,1.34336
0,250,10.0141,29.5903,2.30869,1.31761
0,250,10.0096,30.0023,2.18721,1.25639
0,250,10.0942,30.4228,3.01701,1.15203
0,250,10.0574,30.8202,2.21535,0.424988
0,250,10.0958,31.2315,2.2278,0.234145
0,250,10.2722,31.6265,3.25558,0.404677
0,250,9.91054,32.0403,1.31966,0.699804
0,250,9.53472,19.1467,0.101266,4.33114
0,250,9.60145,19.6498,0.152577,4.22428
0,250,9.63118,20.142,0.210857,3.91853
0,250,9.6973,20.6358,0.515603,4.20615
0,250,9.73024,21.1211,0.451003,3.93906
0,250,9.79313,21.6075,0.539539,3.764
0,250,9.83296,22.0844,0.780632,3.74445
0,250,9.891,22.5599,0.824449,3.52474
0,250,9.93518,23.0326,0.93242,3.39602
0,250,9.98904,23.4965,1.182,3.43578
0,250,10.0334,23.9605,1.17202,3.30745
0,250,10.0893,24.4195,1.26769,3.1786
0,250,10.1299,24.872,1.27406,2.81397
0,250,10.1847,25.3193,1.40875,2.81092
0,250,10.2224,25.7642,1.35649,2.62464
0,250,10.2764,26.2041,1.51847,2.48773
0,250,10.3121,26.6473,1.70112,2.8271
0,250,10.3631,27.0797,1.82106,2.50577
0,250,10.3976,27.514,1.75437,1.946
0,250,10.4516,27.9405,2.12509,2.02317
0,250,10.477,28.3576,2.04164,1.72824
0,250,10.5364,28.7845,2.14638,1.6615
0,250,10.5481,29.1992,1.99585,1.65851
0,250,10.6173,29.6191,2.4333,1.27716
0,250,10.6071,30.0251,2.07326,1.2739
0,250,10.6951,30.4335,2.66736,0.914324
0,250,10.6572,30.8454,2.08405,0.867507
0,250,10.701,31.2468,2.70185,0.746097
0,250,10.8952,31.6548,3.75091,0.50011
0,250,10.4759,32.0393,1.82028,-0.182933
0,250,10.034,19.2027,0.0694602,4.3456
0,250,10.1009,19.7016,0.122263,4.34604
0,250,10.1421,20.204,0.438256,4.32149
0,250,10.2058,20.6955,0.542708,4.23148
0,250,10.2515,21.1816,0.719108,3.9856
0,250,10.3134,21.6649,0.723661,3.78636
0,250,10.3598,22.1418,0.716301,3.72795
0,250,10.4232,22.6195,0.939077,3.74643
0,250,10.4669,23.0826,1.10062,3.55947
0,250,10.5314,23.5522,1.2078,3.35834
0,250,10.5748,24.0094,1.30376,3.30982
0,250,10.6371,24.4652,1.40143,3.13149
0,250,10.6802,24.9184,1.46995,3.08167
0,250,10.7429,25.3688,1.68174,3.04998
0,250,10.7851,25.8148,1.72029,2.8983
0,250,10.8456,26.2562,1.95337,2.70352
0,250,10.8835,26.6891,1.83251,2.41113
0,250,10.9455,27.1215,1.93649,2.13309
0,250,10.9773,27.5503,2.03869,2.41096
0,250,11.0382,27.9742,2.1218,2.15164
0,250,11.0614,28.4018,2.01122,1.89189
0,250,11.1289,28.818,2.52986,1.76187
0,250,11.137,29.2333,2.27883,1.55261
0,250,11.2174,29.6483,2.84412,1.76847
0,250,11.2126,30.0526,2.38295,1.03796
0,250,11.3075,30.467,3.28087,1.05922
0,250,11.2794,30.8607,2.70715,0.685774
0,250,11.3122,31.2636,2.40189,0.578181
0,250,11.5267,31.6484,3.50094,0.403157
0,250,11.0489,32.0555,2.06554,0.771251
0,250,10.537,19.2509,0.127886,4.37925
0,250,10.6122,19.7531,0.382196,4.52246
0,250,10.6485,20.2459,0.422171,4.33949
0,250,10.7268,20.7412,0.412938,4.39666
0,250,10.7644,21.229,0.53873,4.05539
0,250,10.8401,21.7139,0.735523,3.845
0,250,10.8857,22.1936,0.983925,3.99368
0,250,10.9548,22.6664,1.07732,3.8237
0,250,11.006,23.1406,1.14489,3.77187
0,250,11.0712,23.604,1.32143,3.6553
0,250,11.1233,24.0692,1.3735,3.45943
0,250,11.1875,24.5245,1.49261,3.21172
0,250,11.2389,24.9783,1.57145,3.12583
0,250,11.3011,25.423,1.70281,2.93527
0,250,11.3488,25.865,1.83776,2.90147
0,250,11.4149,26.3022,2.00836,2.74117
0,250,11.4566,26.7422,2.07304,2.76788
0,250,11.5242,27.171,2.36832,2.63471
0,250,11.557,27.5991,2.22761,2.09879
0,250,11.6313,28.0228,2.58828,2.07312
0,250,11.6545,28.4383,2.60487,2.06386
0,250,11.7347,28.855,2.83578,1.73741
0,250,11.745,29.2659,2.54287,1.54289
0,250,11.8288,29.6749,2.95202,1.31699
0,250,11.8225,30.0797,2.50564,1.32857
0,250,11.9175,30.4827,3.41443,1.40808
0,250,11.894,30.8836,2.75522,0.880241
0,250,11.9486,31.2837,3.54017,0.639872
0,250,12.1586,31.6801,4.61921,0.0339048
0,250,11.6528,32.0455,2.32219,-0.211476
0,250,11.039,19.3175,0.160741,4.6189
0,250,11.1128,19.817,0.224046,4.71049
0,250,11.1601,20.3246,0.390269,4.33698
0,250,11.2361,20.8118,0.498423,4.44164
0,250,11.2884,21.3004,0.734035,4.33406
0,250,11.3594,21.7845,0.931684,4.10618
0,250,11.4155,22.2637,1.01258,4.07614
0,250,11.4849,22.738,1.16903,3.87933
0,250,11.5414,23.2044,1.16403,3.74776
0,250,11.6133,23.6715,1.43463,3.65312
0,250,11.6673,24.1271,1.49696,3.45916
0,250,11.7409,24.5836,1.83732,3.40159
0,250,11.7937,25.032,1.95285,3.28377
0,250,11.8671,25.4822,2.14817,3.35215
0,250,11.9181,25.9263,2.21373,3.15435
0,250,11.9905,26.3632,2.36942,2.80067
0,250,12.0349,26.7954,2.37251,2.66965
0,250,12.1112,27.2227,2.51576,2.41617
0,250,12.1488,27.6483,2.61886,2.43028
0,250,12.229,28.067,2.93178,2.39672
0,250,12.2516,28.4843,2.61304,1.86991
0,250,12.3397,28.8978,3.2132,1.88508
0,250,12.3462,29.3061,2.91236,1.66674
0,250,12.4459,29.7148,3.60896,1.47925
0,250,12.4418,30.1141,3.0926,1.32011
0,250,12.5533,30.5064,3.89705,0.857699
0,250,12.5111,30.9086,2.8548,0.893756
0,250,12.5763,31.2989,3.05351,1.36135
0,250,12.7928,31.6814,4.04259,1.1189
0,250,12.255,32.0719,3.99069,-0.281373
0,250,11.5395,19.368,0.0775487,4.59683
0,250,11.6283,19.8699,0.248484,4.82032
0,250,11.6709,20.3675,0.453807,4.54682
0,250,11.7551,20.8649,0.593143,4.61245
0,250,11.8023,21.3526,0.637393,4.39434
0,250,11.888,21.838,0.82539,4.19977
0,250,11.9394,22.3175,0.97849,4.2805
0,250,12.0217,22.7921,1.03159,3.89573
0,250,12.0793,23.2663,1.42678,4.27615
0,250,12.1565,23.7276,1.56019,3.79291
0,250,12.2192,24.1969,1.71501,3.87823
0,250,12.2917,24.6479,1.92883,3.63689
0,250,12.3541,25.1033,1.99423,3.33377
0,250,12.4288,25.5478,2.27964,3.32029
0,250,12.4859,25.987,2.28503,3.07281
0,250,12.5661,26.4248,2.62386,3.04905
0,250,12.6162,26.8552,2.70569,2.70999
0,250,12.701,27.2838,2.95471,2.81198
0,250,12.7382,27.7029,2.92084,2.42502
0,250,12.8282,28.1239,3.21974,2.28565
0,250,12.8561,28.5387,3.2909,2.29198
0,250,12.9529,28.946,3.72737,1.90008
0,250,12.9672,29.348,3.3709,1.43854
0,250,13.0725,29.7509,4.10776,1.47425
0,250,13.0639,30.1426,3.37675,1.10299
0,250,13.1867,30.5453,4.61018,0.999921
0,250,13.1572,30.9278,3.84301,0.994845
0,250,13.2404,31.3167,3.94754,0.188574
0,250,13.489,31.6762,5.73259,-0.491234
0,250,12.873,32.0651,2.97858,1.0853
0,250,12.0446,19.449,0.210606,4.82401
0,250,12.1257,19.9521,0.278663,5.04744
0,250,12.1798,20.4558,0.458087,4.62323
0,250,12.2673,20.946,0.722927,4.7136
0,250,12.3254,21.4389,0.803226,4.57058
0,250,12.4093,21.9211,1.05391,4.4601
0,250,12.472,22.403,1.07051,4.22946
0,250,12.553,22.8779,1.58357,4.38349
0,250,12.6187,23.3455,1.44376,4.13018
0,250,12.7008,23.8151,1.71329,3.92801
0,250,12.7643,24.2656,2.00521,3.97659
0,250,12.8495,24.7252,2.05522,3.57351
0,250,12.9166,25.1739,2.54654,3.9006
0,250,12.9996,25.6158,2.52742,3.30153
0,250,13.0651,26.0624,2.74497,3.4885
0,250,13.1481,26.4908,2.91382,3.20278
0,250,13.2048,26.9269,2.9086,2.8219
0,250,13.2933,27.3481,3.21657,2.9018
0,250,13.3409,27.7697,3.19422,2.56704
0,250,13.4371,28.1815,3.62098,2.56238
0,250,13.4668,28.5885,3.35892,2.11697
0,250,13.5759,28.9949,3.99286,2.0193
0,250,13.5849,29.3968,3.69523,1.94959
0,250,13.7071,29.7931,4.49479,1.41263
0,250,13.6981,30.187,3.97171,1.51322
0,250,13.844,30.567,5.23394,1.26379
0,250,13.7641,30.9536,3.63858,0.826345
0,250,13.9153,31.3428,4.89935,1.04488
0,250,14.1559,31.7164,6.5476,0.986105
0,250,13.5154,32.0449,4.30023,-0.304672
0,250,12.5397,19.5001,0.0875091,4.82242
0,250,12.6401,20.005,0.313239,5.12697
0,250,12.6915,20.5061,0.470041,4.99326
0,250,12.7872,21.0038,0.852966,4.85371
0,250,12.842,21.4935,0.880087,4.59008
0,250,12.9369,21.9796,1.12415,4.52681
0,250,12.9986,22.4598,1.34042,4.64989
0,250,13.0914,22.9363,1.49812,4.34824
0,250,13.1578,23.4081,1.63475,4.31003
0,250,13.2467,23.8723,1.99594,4.51143
0,250,13.3189,24.3393,1.98597,3.95546
0,250,13.4098,24.7982,2.38205,4.3171
0,250,13.4787,25.2461,2.3321,3.72476
0,250,13.5698,25.6986,2.74238,3.68729
0,250,13.6387,26.1323,2.995,3.64018
0,250,13.7308,26.5719,3.10862,3.06482
0,250,13.799,26.9968,3.39588,3.14853
0,250,13.8917,27.4193,3.51886,2.78302
0,250,13.9479,27.8322,3.46406,2.69029
0,250,14.0498,28.2481,3.81118,2.78461
0,250,14.0884,28.6564,3.7732,2.5739
0,250,14.2021,29.0593,4.26682,2.25061
0,250,14.2183,29.4529,3.92114,1.79044
0,250,14.3541,29.8445,4.86502,1.59101
0,250,14.337,30.2272,3.89605,1.31279
0,250,14.5216,30.6063,5.69073,0.694919
0,250,14.4176,30.9863,3.65263,0.996774
0,250,14.584,31.3653,4.65835,1.60017
0,250,14.8558,31.7112,6.19935,1.08103
0,250,14.1519,32.0824,5.60142,-0.258935
0,250,13.0505,19.5955,0.275142,5.14007
0,250,13.1402,20.1045,0.424169,5.29946
0,250,13.2001,20.6046,0.46391,5.16958
0,250,13.3009,21.1015,0.747294,5.09227
0,250,13.3636,21.5908,0.824063,4.82195
0,250,13.4639,22.0808,1.19732,4.8523
0,250,13.5301,22.5612,1.26862,4.80074
0,250,13.6271,23.039,1.57507,4.60668
0,250,13.6999,23.509,1.81865,4.62094
0,250,13.7946,23.9781,2.02078,4.39575
0,250,13.8728,24.4371,2.38565,4.2974
0,250,13.9652,24.8916,2.53557,4.14591
0,250,14.0495,25.3421,2.85439,4.11535
0,250,14.1442,25.7836,3.10667,4.0054
0,250,14.2253,26.2228,3.14916,3.58805
0,250,14.3239,26.6556,3.55486,3.57884
0,250,14.3958,27.0776,3.54667,3.15279
0,250,14.4999,27.5041,3.76321,2.93949
0,250,14.5634,27.9187,3.9542,3.0109
0,250,14.6698,28.3231,4.14466,2.61941
0,250,14.7181,28.7272,3.95766,2.5491
0,250,14.8467,29.1194,4.64076,2.29555
0,250,14.8608,29.516,4.11998,2.17795
0,250,15.0225,29.8951,5.29715,1.98993
0,250,14.984,30.2744,4.21123,1.3534
0,250,15.2069,30.6555,6.25702,1.52357
0,250,15.0572,31.0094,4.02213,1.10118
0,250,15.2951,31.3865,4.2699,0.0315372
0,250,15.6131,31.7293,8.79269,-0.364804
0,250,14.8282,32.0852,4.64579,1.3964
0,250,13.5393,19.651,0.109962,5.26107
0,250,13.6543,20.1579,0.427773,5.32827
0,250,13.7071,20.6612,0.347284,5.32989
0,250,13.8199,21.1645,0.611533,5.16411
0,250,13.8798,21.6492,0.796563,5.0782
0,250,13.9889,22.1419,1.15549,5.0884
0,250,14.0582,22.6214,1.39979,4.94096
0,250,14.1624,23.0993,1.71105,4.89055
0,250,14.2414,23.5721,2.03729,4.91664
0,250,14.3437,24.0411,2.22627,4.76756
0,250,14.4272,24.507,2.50865,4.66761
0,250,14.5297,24.9643,2.7433,4.44985
0,250,14.6169,25.4202,2.92854,4.41223
0,250,14.7182,25.8655,3.16572,4.15327
0,250,14.8103,26.3108,3.45066,4.12531
0,250,14.9094,26.7432,3.59343,3.63157
0,250,15.0019,27.1735,3.84058,3.41869
0,250,15.102,27.5874,4.25079,3.27986
0,250,15.1859,27.9975,4.17022,2.79313
0,250,15.2993,28.4065,4.5995,2.77292
0,250,15.3651,28.7985,4.55321,2.67125
0,250,15.4931,29.1966,5.0508,2.32279
0,250,15.5194,29.5775,4.56606,2.2246
0,250,15.6976,29.966,5.81547,2.11175
0,250,15.6522,30.3354,4.4101,1.90031
0,250,15.9311,30.6928,7.15259,1.29531
0,250,15.7182,31.061,4.01481,0.998029
0,250,16.0155,31.4115,6.25833,1.74155
0,250,16.3416,31.7675,7.66398,1.80431
0,250,15.5164,32.0586,5.56395,-0.443969
0,250,14.0547,19.7597,0.256975,5.6143
0,250,14.1559,20.271,0.399036,5.41726
0,250,14.224,20.7754,0.569049,5.46488
0,250,14.3377,21.272,0.884254,5.46826
0,250,14.4088,21.7653,1.14776,5.36627
0,250,14.5194,22.2579,1.40201,5.38927
0,250,14.5949,22.7385,1.64096,5.28193
0,250,14.7035,23.2228,1.92285,5.25347
0,250,14.7866,23.6946,2.09328,5.02019
0,250,14.8944,24.1658,2.4415,5.02072
0,250,14.9846,24.6279,2.67496,4.86028
0,250,15.0927,25.0892,3.10317,4.67156
0,250,15.1904,25.5371,3.25554,4.59324
0,250,15.2994,25.9877,3.49475,4.28732
0,250,15.4009,26.418,3.6908,4.09613
0,250,15.5112,26.8526,3.99122,3.74893
0,250,15.6131,27.2722,4.2795,3.77346
0,250,15.7288,27.6898,4.42193,3.16878
0,250,15.8229,28.1029,4.61402,3.36876
0,250,15.939,28.5014,4.77852,3.02781
0,250,16.0154,28.9051,4.88643,3.04362
0,250,16.1523,29.2923,5.38473,2.63496
0,250,16.1941,29.6771,5.26189,2.43857
0,250,16.3927,30.0382,6.70925,1.93688
0,250,16.3247,30.4102,4.79679,1.80788
0,250,16.6871,30.7466,7.90669,1.62452
0,250,16.4066,31.0959,4.20642,0.843262
0,250,16.727,31.4002,4.5593,0.19136
0,250,17.0154,31.7724,7.07662,-0.138041
0,250,16.2565,32.1075,6.77492,1.1839
0,250,14.5384,19.8187,0.0843821,5.67052
0,250,14.6689,20.3313,0.449134,5.63714
0,250,14.7262,20.8381,0.654481,5.69034
0,250,14.8589,21.3403,0.989188,5.67182
0,250,14.921,21.8291,1.195,5.57896
0,250,15.0461,22.3214,1.50244,5.51195
0,250,15.1227,22.8038,1.76902,5.47257
0,250,15.2386,23.2843,2.04022,5.39115
0,250,15.3292,23.7604,2.33475,5.41165
0,250,15.4415,24.2345,2.76939,5.29291
0,250,15.5458,24.7003,2.97938,5.20012
0,250,15.654,25.1622,3.27972,4.91261
0,250,15.7667,25.6174,3.49582,4.69497
0,250,15.8771,26.0666,3.84782,4.81756
0,250,15.9952,26.5114,4.06341,4.40813
0,250,16.1102,26.9506,4.29997,4.39007
0,250,16.2297,27.3809,4.52931,4.1478
0,250,16.3435,27.7973,4.8669,3.49686
0,250,16.4652,28.212,5.19062,3.41533
0,250,16.5833,28.607,5.46371,2.98905
0,250,16.6936,28.9959,5.48644,2.82298
0,250,16.8258,29.376,6.04829,2.84097
0,250,16.8973,29.7516,5.53426,2.68642
0,250,17.1092,30.1122,7.21421,2.19212
0,250,17.0334,30.4823,5.45799,1.94003
0,250,17.4557,30.809,8.52136,1.6549
0,250,17.1935,31.1518,5.99135,0.818083
0,250,17.4817,31.481,7.00821,0.494626
0,250,17.8199,31.7741,7.65086,0.078029
0,250,17.1106,32.0948,8.55906,-1.01951
0,250,15.0587,19.9414,0.285346,5.99598
0,250,15.1713,20.4631,0.589437,5.94161
0,250,15.2512,20.9616,0.807963,5.98681
0,250,15.375,21.4665,1.04507,5.95661
0,250,15.4585,21.9569,1.41517,5.88798
0,250,15.5727,22.4529,1.55931,5.93457
0,250,15.6651,22.9396,1.95438,5.80628
0,250,15.7792,23.4238,2.19208,5.7123
0,250,15.8815,23.9035,2.59171,5.8821
0,250,15.995,24.3786,2.88295,5.52208
0,250,16.106,24.8461,3.27485,5.52153
0,250,16.2253,25.3115,3.5977,5.20561
0,250,16.3428,25.7689,3.94396,5.05764
0,250,16.4673,26.2198,4.15301,4.7554
0,250,16.5931,26.6615,4.5557,4.52884
0,250,16.7212,27.0952,4.95226,4.29503
0,250,16.859,27.5213,5.2618,4.25175
0,250,16.9913,27.9356,5.66779,3.88931
0,250,17.1263,28.3371,5.76442,3.49212
0,250,17.2656,28.7309,6.12591,3.27861
0,250,17.3836,29.1213,6.21209,3.05017
0,250,17.546,29.4862,6.57641,2.61785
0,250,17.6055,29.8768,6.19485,2.99067
0,250,17.8658,30.1917,8.31788,1.59463
0,250,17.8011,30.5857,7.20221,2.39269
0,250,18.2762,30.8389,9.77708,1.43685
0,250,17.959,31.1889,5.87893,0.571562
0,250,18.2851,31.4473,7.20062,-0.265766
0,250,18.6457,31.6751,7.24241,-0.91725
0,250,18.009,32.0888,10.4113,0.272429
0,250,15.5385,20.0067,0.138386,6.21528
0,250,15.6809,20.5265,0.53338,6.15902
0,250,15.7641,21.0334,0.766556,6.11472
0,250,15.8924,21.535,1.00072,6.35793
0,250,15.9712,22.0388,1.50849,6.04115
0,250,16.1057,22.5184,1.76309,6.06865
0,250,16.1871,23.0171,2.11317,6.09731
0,250,16.3246,23.4903,2.56283,6.0124
0,250,16.4148,23.9785,2.85506,6.07808
0,250,16.5517,24.4492,3.19048,5.87354
0,250,16.6551,24.9239,3.47283,5.67626
0,250,16.7919,25.3859,3.8803,5.48356
0,250,16.9111,25.8484,4.23631,5.24028
0,250,17.0512,26.3031,4.68758,5.33779
0,250,17.1867,26.7539,5.03991,4.96246
0,250,17.3337,27.1946,5.31405,4.9703
0,250,17.48,27.6289,5.89794,4.46936
0,250,17.6377,28.0482,6.0407,4.26405
0,250,17.7946,28.4706,6.59403,4.16496
0,250,17.9469,28.8626,6.5354,3.69546
0,250,18.1046,29.2587,7.22658,3.60484
0,250,18.2501,29.6217,7.33131,2.77498
0,250,18.3929,30.0038,7.5082,3.03026
0,250,18.6181,30.3128,8.94888,1.81064
0,250,18.6615,30.7248,8.3582,2.62026
0,250,19.0942,30.9624,10.2147,0.879772
0,250,18.943,31.3283,9.40585,1.62497
0,250,19.4498,31.4478,9.59884,0.615804
0,250,19.2464,31.9538,7.23436,1.26207
0,250,18.7549,32.0761,7.98801,-0.987177
0,250,16.0597,20.1488,0.211684,6.53295
0,250,16.1906,20.6676,0.357657,6.5868
0,250,16.2817,21.1724,1.00314,6.44938
0,250,16.4235,21.6732,1.22256,6.80023
0,250,16.5044,22.1748,1.6781,6.46385
0,250,16.6412,22.6685,2.04655,6.52627
0,250,16.7309,23.1574,2.32708,6.46583
0,250,16.8688,23.6494,2.7097,6.51499
0,250,16.9691,24.126,3.01659,6.32669
0,250,17.1054,24.615,3.39983,6.24196
0,250,17.2232,25.0846,3.95218,6.23822
0,250,17.3625,25.5614,4.30086,5.79403
0,250,17.4984,26.0265,4.8606,5.78544
0,250,17.6446,26.4856,5.0159,5.28644
0,250,17.7985,26.9457,5.7993,5.5353
0,250,17.9591,27.3904,6.05966,5.31534
0,250,18.1305,27.8368,6.55011,4.8896
0,250,18.3032,28.2567,6.94515,4.44048
0,250,18.4914,28.6768,7.46998,4.38424
0,250,18.6731,29.0692,8.03228,4.25268
0,250,18.8693,29.446,7.84361,3.45178
0,250,19.0324,29.798,8.34434,3.0308
0,250,19.2227,30.1649,8.31436,3.20072
0,250,19.4247,30.4437,8.97129,1.44149
0,250,19.5882,30.855,9.94658,2.12496
0,250,19.9211,31.1026,11.4049,1.74989
0,250,19.9439,31.5648,10.6611,2.11685
0,250,20.4724,31.7086,12.5814,1.77839
0,250,20.2718,32.0455,10.5881,0.485747
0,250,19.6681,31.9699,8.89319,-1.01522
0,250,16.543,20.2248,0.0990877,6.53174
0,250,16.7085,20.7495,0.742747,7.10118
0,250,16.799,21.2627,1.1108,6.82371
0,250,16.9381,21.7541,1.59179,6.8884
0,250,17.0273,22.2594,1.70343,6.78072
0,250,17.1676,22.7436,2.28132,6.69714
0,250,17.2645,23.2394,2.5077,6.76417
0,250,17.401,23.7223,3.00204,6.70714
0,250,17.5107,24.2117,3.32446,6.66716
0,250,17.6527,24.6919,3.84701,6.53304
0,250,17.7729,25.1722,4.07916,6.42506
0,250,17.9257,25.6452,4.62467,6.15078
0,250,18.0581,26.1184,5.03078,6.05145
0,250,18.2309,26.5846,5.80806,5.90388
0,250,18.38,27.0428,6.12722,5.581
0,250,18.5672,27.4959,6.57767,5.42236
0,250,18.743,27.9407,7.32375,5.29788
0,250,18.9552,28.3784,8.1033,5.01731
0,250,19.16,28.7962,8.51967,4.52358
0,250,19.4084,29.2087,9.25512,4.4455
0,250,19.6259,29.6019,9.58927,3.87954
0,250,19.8984,29.9688,10.0052,3.61283
0,250,20.0717,30.3575,9.92522,3.40992
0,250,20.3449,30.6276,10.6579,2.81119
0,250,20.4465,31.0958,10.1056,2.97227
0,250,20.7756,31.2665,11.4797,1.67468
0,250,21.0565,31.6389,12.8006,0.865516
0,250,21.5076,31.7335,14.5444,-0.0245701
0,250,21.7255,32.1139,12.9117,-2.30191
0,250,21.0096,32.0528,11.3766,0.210732
0,250,17.0687,20.3973,0.510554,7.11638
0,250,17.2367,20.9205,0.939524,7.55235
0,250,17.3308,21.4055,1.10069,7.21521
0,250,17.4717,21.9177,1.63237,7.43315
0,250,17.567,22.3981,1.94447,7.1583
0,250,17.7021,22.904,2.47241,7.30979
0,250,17.8081,23.3847,2.81514,7.11393
0,250,17.9457,23.8898,3.23869,7.22343
0,250,18.0609,24.3672,3.58082,7.04445
0,250,18.2063,24.8704,4.02988,7.0754
0,250,18.3366,25.3429,4.52896,6.839
0,250,18.496,25.8405,5.09448,6.83187
0,250,18.6483,26.3103,5.73795,6.56159
0,250,18.821,26.7965,6.20941,6.54778
0,250,19.0062,27.2625,7.17751,6.07424
0,250,19.1986,27.7294,7.64038,6.12581
0,250,19.4219,28.1955,8.50315,5.79925
0,250,19.6361,28.6337,8.85446,5.45991
0,250,19.9046,29.093,10.0415,5.3299
0,250,20.1529,29.4979,10.2906,4.52299
0,250,20.462,29.9266,11.5357,4.57521
0,250,20.7775,30.3011,11.8908,3.57482
0,250,21.004,30.5424,11.2413,2.29827
0,250,21.2294,30.8563,11.5494,1.71686
0,250,21.5739,30.9929,12.3425,2.05058
0,250,21.7752,31.2246,11.8928,1.19346
0,250,22.4148,31.4387,14.5165,1.31222
0,250,22.8012,31.7885,13.9716,2.29879
0,250,23.1348,32.2222,12.5091,2.71392
0,250,22.069,31.6594,13.8212,-0.501642
1,250,1.5,1.5,0,0
1,250,1.5,2,0,0
1,250,32.5,1.5,0,0
1,250,33,1.5,0,0
1,250,2.5,32.5,0,0
1,250,2.5,33,0,0
1,250,1.5,2.5,0,0
1,250,2,2.5,0,0
1,250,2,1.5,0,0
1,250,2,2,0,0
1,250,32.5,2,0,0
1,250,33,2,0,0
1,250,3,32.5,0,0
1,250,3,33,0,0
1,250,1.5,3,0,0
1,250,2,3,0,0
1,250,2.5,1.5,0,0
1,250,2.5,2,0,0
1,250,32.5,2.5,0,0
1,250,33,2.5,0,0
1,250,3.5,32.5,0,0
1,250,3.5,33,0,0
1,250,1.5,3.5,0,0
1,250,2,3.5,0,0
1,250,3,1.5,0,0
1,250,3,2,0,0
1,250,32.5,3,0,0
1,250,33,3,0,0
1,250,4,32.5,0,0
1,250,4,33,0,0
1,250,1.5,4,0,0
1,250,2,4,0,0
1,250,3.5,1.5,0,0
1,250,3.5,2,0,0
1,250,32.5,3.5,0,0
1,250,33,3.5,0,0
1,250,4.5,32.5,0,0
1,250,4.5,33,0,0
1,250,1.5,4.5,0,0
1,250,2,4.5,0,0
1,250,4,1.5,0,0
1,250,4,2,0,0
1,250,32.5,4,0,0
1,250,33,4,0,0
1,250,5,32.5,0,0
1,250,5,33,0,0
1,250,1.5,5,0,0
1,250,2,5,0,0
1,250,4.5,1.5,0,0
1,250,4.5,2,0,0
1,250,32.5,4.5,0,0
1,250,33,4.5,0,0
1,250,5.5,32.5,0,0
1,250,5.5,33,0,0
1,250,1.5,5.5,0,0
1,250,2,5.5,0,0
1,250,5,1.5,0,0
1,250,5,2,0,0
1,250,32.5,5,0,0
1,250,33,5,0,0
1,250,6,32.5,0,0
1,250,6,33,0,0
1,250,1.5,6,0,0
1,250,2,6,0,0
1,250,5.5,1.5,0,0
1,250,5.5,2,0,0
1,250,32.5,5.5,0,0
1,250,33,5.5,0,0
1,250,6.5,32.5,0,0
1,250,6.5,33,0,0
1,250,1.5,6.5,0,0
1,250,2,6.5,0,0
1,250,6,1.5,0,0
1,250,6,2,0,0
1,250,32.5,6,0,0
1,250,33,6,0,0
1,250,7,32.5,0,0
1,250,7,33,0,0
1,250,1.5,7,0,0
1,250,2,7,0,0
1,250,6.5,1.5,0,0
1,250,6.5,2,0,0
1,250,32.5,6.5,0,0
1,250,33,6.5,0,0
1,250,7.5,32.5,0,0
1,250,7.5,33,0,0
1,250,1.5,7.5,0,0
1,250,2,7.5,0,0
1,250,7,1.5,0,0
1,250,7,2,0,0
1,250,32.5,7,0,0
1,250,33,7,0,0
1,250,8,32.5,0,0
1,250,8,33,0,0
1,250,1.5,8,0,0
1,250,2,8,0,0
1,250,7.5,1.5,0,0
1,250,7.5,2,0,0
1,250,32.5,7.5,0,0
1,250,33,7.5,0,0
1,250,8.5,32.5,0,0
1,250,8.5,33,0,0
1,250,1.5,8.5,0,0
1,250,2,8.5,0,0
1,250,8,1.5,0,0
1,250,8,2,0,0
1,250,32.5,8,0,0
1,250,33,8,0,0
1,250,9,32.5,0,0
1,250,9,33,0,0
1,250,1.5,9,0,0
1,250,2,9,0,0
1,250,8.5,1.5,0,0
1,250,8.5,2,0,0
1,250,32.5,8.5,0,0
1,250,33,8.5,0,0
1,250,9.5,32.5,0,0
1,250,9.5,33,0,0
1,250,1.5,9.5,0,0
1,250,2,9.5,0,0
1,250,9,1.5,0,0
1,250,9,2,0,0
1,250,32.5,9,0,0
1,250,33,9,0,0
1,250,10,32.5,0,0
1,250,10,33,0,0
1,250,1.5,10,0,0
1,250,2,10,0,0
1,250,9.5,1.5,0,0
1,250,9.5,2,0,0
1,250,32.5,9.5,0,0
1,250,33,9.5,0,0
1,250,10.5,32.5,0,0
1,250,10.5,33,0,0
1,250,1.5,10.5,0,0
1,250,2,10.5,0,0
1,250,10,1.5,0,0
1,250,10,2,0,0
1,250,32.5,10,0,0
1,250,33,10,0,0
1,250,11,32.5,0,0
1,250,11,33,0,0
1,250,1.5,11,0,0
1,250,2,11,0,0
1,250,10.5,1.5,0,0
1,250,10.5,2,0,0
1,250,32.5,10.5,0,0
1,250,33,10.5,0,0
1,250,11.5,32.5,0,0
1,250,11.5,33,0,0
1,250,1.5,11.5,0,0
1,250,2,11.5,0,0
1,250,11,1.5,0,0
1,250,11,2,0,0
1,250,32.5,11,0,0
1,250,33,11,0,0
1,250,12,32.5,0,0
1,250,12,33,0,0
1,250,1.5,12,0,0
1,250,2,12,0,0
1,250,11.5,1.5,0,0
1,250,11.5,2,0,0
1,250,32.5,11.5,0,0
1,250,33,11.5,0,0
1,250,12.5,32.5,0,0
1,250,12.5,33,0,0
1,250,1.5,12.5,0,0
1,250,2,12.5,0,0
1,250,12,1.5,0,0
1,250,12,2,0,0
1,250,32.5,12,0,0
1,250,33,12,0,0
1,250,13,32.5,0,0
1,250,13,33,0,0
1,250,1.5,13,0,0
1,250,2,13,0,0
1,250,12.5,1.5,0,0
1,250,12.5,2,0,0
1,250,32.5,12.5,0,0
1,250,33,12.5,0,0
1,250,13.5,32.5,0,0
1,250,13.5,33,0,0
1,250,1.5,13.5,0,0
1,250,2,13.5,0,0
1,250,13,1.5,0,0
1,250,13,2,0,0
1,250,32.5,13,0,0
1,250,33,13,0,0
1,250,14,32.5,0,0
1,250,14,33,0,0
1,250,1.5,14,0,0
1,250,2,14,0,0
1,250,13.5,1.5,0,0
1,250,13.5,2,0,0
1,250,32.5,13.5,0,0
1,250,33,13.5,0,0
1,250,14.5,32.5,0,0
1,250,14.5,33,0,0
1,250,1.5,14.5,0,0
1,250,2,14.5,0,0
1,250,14,1.5,0,0
1,250,14,2,0,0
1,250,32.5,14,0,0
1,250,33,14,0,0
1,250,15,32.5,0,0
1,250,15,33,0,0
1,250,1.5,15,0,0
1,250,2,15,0,0
1,250,14.5,1.5,0,0
1,250,14.5,2,0,0
1,250,32.5,14.5,0,0
1,250,33,14.5,0,0
1,250,15.5,32.5,0,0
1,250,15.5,33,0,0
1,250,1.5,15.5,0,0
1,250,2,15.5,0,0
1,250,15,1.5,0,0
1,250,15,2,0,0
1,250,32.5,15,0,0
1,250,33,15,0,0
1,250,16,32.5,0,0
1,250,16,33,0,0
1,250,1.5,16,0,0
1,250,2,16,0,0
1,250,15.5,1.5,0,0
1,250,15.5,2,0,0
1,250,32.5,15.5,0,0
1,250,33,15.5,0,0
1,250,16.5,32.5,0,0
1,250,16.5,33,0,0
1,250,1.5,16.5,0,0
1,250,2,16.5,0,0
1,250,16,1.5,0,0
1,250,16,2,0,0
1,250,32.5,16,0,0
1,250,33,16,0,0
1,250,17,32.5,0,0
1,250,17,33,0,0
1,250,1.5,17,0,0
1,250,2,17,0,0
1,250,16.5,1.5,0,0
1,250,16.5,2,0,0
1,250,32.5,16.5,0,0
1,250,33,16.5,0,0
1,250,17.5,32.5,0,0
1,250,17.5,33,0,0
1,250,1.5,17.5,0,0
1,250,2,17.5,0,0
1,250,17,1.5,0,0
1,250,17,2,0,0
1,250,32.5,17,0,0
1,250,33,17,0,0
1,250,18,32.5,0,0
1,250,18,33,0,0
1,250,1.5,18,0,0
1,250,2,18,0,0
1,250,17.5,1.5,0,0
1,250,17.5,2,0,0
1,250,32.5,17.5,0,0
1,250,33,17.5,0,0
1,250,18.5,32.5,0,0
1,250,18.5,33,0,0
1,250,1.5,18.5,0,0
1,250,2,18.5,0,0
1,250,18,1.5,0,0
1,250,18,2,0,0
1,250,32.5,18,0,0
1,250,33,18,0,0
1,250,19,32.5,0,0
1,250,19,33,0,0
1,250,1.5,19,0,0
1,250,2,19,0,0
1,250,18.5,1.5,0,0
1,250,18.5,2,0,0
1,250,32.5,18.5,0,0
1,250,33,18.5,0,0
1,250,19.5,32.5,0,0
1,250,19.5,33,0,0
1,250,1.5,19.5,0,0
1,250,2,19.5,0,0
1,250,19,1.5,0,0
1,250,19,2,0,0
1,250,32.5,19,0,0
1,250,33,19,0,0
1,250,20,32.5,0,0
1,250,20,33,0,0
1,250,1.5,20,0,0
1,250,2,20,0,0
1,250,19.5,1.5,0,0
1,250,19.5,2,0,0
1,250,32.5,19.5,0,0
1,250,33,19.5,0,0
1,250,20.5,32.5,0,0
1,250,20.5,33,0,0
1,250,1.5,20.5,0,0
1,250,2,20.5,0,0
1,250,20,1.5,0,0
1,250,20,2,0,0
1,250,32.5,20,0,0
1,250,33,20,0,0
1,250,21,32.5,0,0
1,250,21,33,0,0
1,250,1.5,21,0,0
1,250,2,21,0,0
1,250,20.5,1.5,0,0
1,250,20.5,2,0,0
1,250,32.5,20.5,0,0
1,250,33,20.5,0,0
1,250,21.5,32.5,0,0
1,250,21.5,33,0,0
1,250,1.5,21.5,0,0
1,250,2,21.5,0,0
1,250,21,1.5,0,0
1,250,21,2,0,0
1,250,32.5,21,0,0
1,250,33,21,0,0
1,250,22,32.5,0,0
1,250,22,33,0,0
1,250,1.5,22,0,0
1,250,2,22,0,0
1,250,21.5,1.5,0,0
1,250,21.5,2,0,0
1,250,32.5,21.5,0,0
1,250,33,21.5,0,0
1,250,22.5,32.5,0,0
1,250,22.5,33,0,0
1,250,1.5,22.5,0,0
1,250,2,22.5,0,0
1,250,22,1.5,0,0
1,250,22,2,0,0
1,250,32.5,22,0,0
1,250,33,22,0,0
1,250,23,32.5,0,0
1,250,23,33,0,0
1,250,1.5,23,0,0
1,250,2,23,0,0
1,250,22.5,1.5,0,0
1,250,22.5,2,0,0
1,250,32.5,22.5,0,0
1,250,33,22.5,0,0
1,250,23.5,32.5,0,0
1,250,23.5,33,0,0
1,250,1.5,23.5,0,0
1,250,2,23.5,0,0
1,250,23,1.5,0,0
1,250,23,2,0,0
1,250,32.5,23,0,0
1,250,33,23,0,0
1,250,24,32.5,0,0
1,250,24,33,0,0
1,250,1.5,24,0,0
1,250,2,24,0,0
1,250,23.5,1.5,0,0
1,250,23.5,2,0,0
1,250,32.5,23.5,0,0
1,250,33,23.5,0,0
1,250,24.5,32.5,0,0
1,250,24.5,33,0,0
1,250,1.5,24.5,0,0
1,250,2,24.5,0,0
1,250,24,1.5,0,0
1,250,24,2,0,0
1,250,32.5,24,0,0
1,250,33,24,0,0
1,250,25,32.5,0,0
1,250,25,33,0,0
1,250,1.5,25,0,0
1,250,2,25,0,0
1,250,24.5,1.5,0,0
1,250,24.5,2,0,0
1,250,32.5,24.5,0,0
1,250,33,24.5,0,0
1,250,25.5,32.5,0,0
1,250,25.5,33,0,0
1,250,1.5,25.5,0,0
1,250,2,25.5,0,0
1,250,25,1.5,0,0
1,250,25,2,0,0
1,250,32.5,25,0,0
1,250,33,25,0,0
1,250,26,32.5,0,0
1,250,26,33,0,0
1,250,1.5,26,0,0
1,250,2,26,0,0
1,250,25.5,1.5,0,0
1,250,25.5,2,0,0
1,250,32.5,25.5,0,0
1,250,33,25.5,0,0
1,250,26.5,32.5,0,0
1,250,26.5,33,0,0
1,250,1.5,26.5,0,0
1,250,2,26.5,0,0
1,250,26,1.5,0,0
1,250,26,2,0,0
1,250,32.5,26,0,0
1,250,33,26,0,0
1,250,27,32.5,0,0
1,250,27,33,0,0
1,250,1.5,27,0,0
1,250,2,27,0,0
1,250,26.5,1.5,0,0
1,250,26.5,2,0,0
1,250,32.5,26.5,0,0
1,250,33,26.5,0,0
1,250,27.5,32.5,0,0
1,250,27.5,33,0,0
1,250,1.5,27.5,0,0
1,250,2,27.5,0,0
1,250,27,1.5,0,0
1,250,27,2,0,0
1,250,32.5,27,0,0
1,250,33,27,0,0
1,250,28,32.5,0,0
1,250,28,33,0,0
1,250,1.5,28,0,0
1,250,2,28,0,0
1,250,27.5,1.5,0,0
1,250,27.5,2,0,0
1,250,32.5,27.5,0,0
1,250,33,27.5,0,0
1,250,28.5,32.5,0,0
1,250,28.5,33,0,0
1,250,1.5,28.5,0,0
1,250,2,28.5,0,0
1,250,28,1.5,0,0
1,250,28,2,0,0
1,250,32.5,28,0,0
1,250,33,28,0,0
1,250,29,32.5,0,0
1,250,29,33,0,0
1,250,1.5,29,0,0
1,250,2,29,0,0
1,250,28.5,1.5,0,0
1,250,28.5,2,0,0
1,250,32.5,28.5,0,0
1,250,33,28.5,0,0
1,250,29.5,32.5,0,0
1,250,29.5,33,0,0
1,250,1.5,29.5,0,0
1,250,2,29.5,0,0
1,250,29,1.5,0,0
1,250,29,2,0,0
1,250,32.5,29,0,0
1,250,33,29,0,0
1,250,30,32.5,0,0
1,250,30,33,0,0
1,250,1.5,30,0,0
1,250,2,30,0,0
1,250,29.5,1.5,0,0
1,250,29.5,2,0,0
1,250,32.5,29.5,0,0
1,250,33,29.5,0,0
1,250,30.5,32.5,0,0
1,250,30.5,33,0,0
1,250,1.5,30.5,0,0
1,250,2,30.5,0,0
1,250,30,1.5,0,0
1,250,30,2,0,0
1,250,32.5,30,0,0
1,250,33,30,0,0
1,250,31,32.5,0,0
1,250,31,33,0,0
1,250,1.5,31,0,0
1,250,2,31,0,0
1,250,30.5,1.5,0,0
1,250,30.5,2,0,0
1,250,32.5,30.5,0,0
1,250,33,30.5,0,0
1,250,31.5,32.5,0,0
1,250,31.5,33,0,0
1,250,1.5,31.5,0,0
1,250,2,31.5,0,0
1,250,31,1.5,0,0
1,250,31,2,0,0
1,250,32.5,31,0,0
1,250,33,31,0,0
1,250,32,32.5,0,0
1,250,32,33,0,0
1,250,1.5,32,0,0
1,250,2,32,0,0
1,250,31.5,1.5,0,0
1,250,31.5,2,0,0
1,250,32.5,31.5,0,0
1,250,33,31.5,0,0
1,250,32.5,32.5,0,0
1,250,32.5,33,0,0
1,250,1.5,32.5,0,0
1,250,2,32.5,0,0
1,250,32,1.5,0,0
1,250,32,2,0,0
1,250,32.5,32,0,0
1,250,33,32,0,0
1,250,33,32.5,0,0
1,250,33,33,0,0
1,250,1.5,33,0,0
1,250,2,33,0,0
