1396 2 0.5 5e+06 0.05 2 0 0.005 0 9.81 35 35
0,250,2.37365,23.5727,-0.647146,2.767
0,250,2.81795,24.2248,-0.0198033,3.68329
0,250,2.63509,25.0067,1.93545,5.52456
0,250,2.53156,25.3152,-1.9354,3.09108
0,250,2.60497,26.0845,1.90516,4.3427
0,250,2.6663,26.508,0.285175,4.01317
0,250,3.12299,26.7018,-1.18382,3.74405
0,250,2.50106,26.9955,-1.07057,2.86828
0,250,2.38009,27.4251,1.11927,1.42691
0,250,2.74567,27.8088,0.575784,2.34137
0,250,3.13164,27.6917,4.37977,0.0317904
0,250,2.37412,28.2142,3.44724,3.94627
0,250,2.72993,28.6336,-1.03492,1.98376
0,250,2.92806,29.5814,1.01255,6.18135
0,250,2.36613,29.8582,-4.04058,-1.88008
0,250,2.4721,30.3419,0.726731,0.518845
0,250,3.43221,29.7422,1.53854,2.38874
0,250,2.96389,29.9477,-0.615327,-1.32287
0,250,3.46852,30.3268,1.79489,0.805161
0,250,3.00773,30.4295,3.29672,-0.669136
0,250,2.55607,30.749,-2.27322,-4.13908
0,250,2.71828,31.1453,1.79408,-2.28434
0,250,2.58535,31.4769,-1.42893,-3.82473
0,250,3.08201,31.9877,3.8684,6.75197
0,250,3.32234,30.821,3.48376,-3.33939
0,250,3.22933,31.2862,-0.921891,-5.02831
0,250,4.35697,31.4142,-0.284668,2.9768
0,250,2.68019,32.0076,6.18902,0.693744
0,250,3.79884,31.9723,2.01293,4.57915
0,250,3.4882,31.7509,1.58723,-1.4921
0,250,3.38395,23.3601,0.541113,3.55992
0,250,2.9264,23.2339,0.425353,3.54268
0,250,2.41291,24.4291,-1.82806,1.47491
0,250,3.32806,23.824,-0.749182,1.92137
0,250,3.02293,24.6476,-1.01592,-0.18
0,250,3.82824,24.6597,3.11501,-0.0280615
0,250,3.4007,24.9121,0.793212,1.45431
0,250,2.88176,25.8324,-0.323059,1.41515
0,250,3.31234,25.9462,1.85283,2.04999
0,250,3.8811,26.1218,0.81695,2.25834
0,250,3.00606,27.1494,-1.31419,2.12686
0,250,3.49612,27.393,1.39583,4.22089
0,250,3.65651,26.8071,-0.333203,2.11903
0,250,3.8797,27.266,1.02328,2.31412
0,250,2.93377,28.2312,-3.12249,2.02689
0,250,3.33997,28.5162,3.08225,1.7824
0,250,2.46175,29.0184,3.64437,6.50534
0,250,2.818,29.1535,-2.86186,2.14865
0,250,3.65955,29.4018,-0.604125,1.19074
0,250,3.81844,30.0778,0.621712,-0.439216
0,250,4.28203,30.0006,0.184368,-1.07882
0,250,4.65448,30.4012,1.68254,-2.57034
0,250,4.11122,30.5029,1.61316,1.98334
0,250,3.69326,30.9331,0.0956277,3.09711
0,250,3.88241,31.4296,2.29107,0.181865
0,250,4.81691,31.3086,2.96482,1.561
0,250,4.85628,30.8155,0.92052,-0.681355
0,250,5.27899,31.1409,1.53328,-1.85459
0,250,4.85702,31.8353,3.06784,1.51481
0,250,4.32863,31.9146,1.93774,1.80723
0,250,4.34085,23.5091,0.098759,3.55425
0,250,2.7402,23.7935,0.344032,3.45016
0,250,4.14191,24.3918,0.386555,2.56217
0,250,3.36182,24.335,-0.370404,1.49528
0,250,4.10023,24.975,-0.786917,2.00146
0,250,3.20147,25.3821,-2.0545,2.56773
0,250,4.70102,25.8105,3.01078,0.940097
0,250,3.99632,25.6666,-0.0959446,1.30298
0,250,4.6959,26.2282,-2.40516,1.93222
0,250,4.25703,26.42,1.29468,-0.0358262
0,250,3.4819,26.3298,-0.636634,2.78524
0,250,4.15607,26.8477,0.437226,2.59983
0,250,4.45234,27.4129,1.62959,4.01316
0,250,3.5873,28.0617,-0.399645,2.23466
0,250,3.91695,28.3504,-0.268287,3.06944
0,250,3.8061,28.8747,-0.271784,0.544632
0,250,4.26623,28.7911,-0.742334,2.40885
0,250,3.25992,28.9319,3.01085,2.32727
0,250,4.05406,29.3094,1.98753,0.719266
0,250,4.55813,29.7264,0.589148,2.12324
0,250,5.00873,29.7143,1.58359,0.414156
0,250,5.07179,30.2067,0.0815153,-1.14628
0,250,4.34183,30.8888,0.309906,-1.50655
0,250,6.08522,30.4356,2.44028,0.811894
0,250,5.40308,30.6067,0.53564,1.80383
0,250,5.76304,31.0954,2.2768,-0.622085
0,250,5.92443,31.6316,1.26956,3.19363
0,250,5.16541,31.9737,0.214924,-2.76428
0,250,5.7076,32.1369,1.44987,-1.18773
0,250,5.53358,31.5731,4.73876,-1.39331
0,250,3.81016,23.6747,0.257057,2.09711
0,250,4.00932,23.9712,-0.0408679,3.97406
0,250,5.00732,24.1943,-0.180136,1.58343
0,250,4.61083,24.4588,0.292938,2.04973
0,250,3.64164,25.4715,1.61763,4.10845
0,250,4.42954,25.4953,3.11758,2.34558
0,250,5.18116,25.5751,-0.776731,3.31047
0,250,5.29954,26.0675,1.87217,2.60975
0,250,4.98106,26.6134,2.79371,4.03176
0,250,4.6469,26.9038,-0.372513,2.12612
0,250,5.4181,27.0814,3.69776,1.05826
0,250,4.88509,27.3833,-0.0584392,3.05445
0,250,4.87197,27.8553,1.23454,3.61027
0,250,3.92501,27.84,-0.723056,1.16596
0,250,4.41215,27.9194,1.02825,0.134125
0,250,4.57247,28.483,1.02609,2.1957
0,250,4.95777,28.8347,-0.825021,1.59323
0,250,4.60351,29.2266,0.141208,-1.04148
0,250,5.14041,29.2449,1.25456,-1.03992
0,250,5.5027,29.6988,1.713,0.726386
0,250,5.63126,30.2504,1.10556,0.554891
0,250,5.94606,29.8548,0.983659,0.73258
0,250,6.52927,29.9707,1.7769,1.66899
0,250,7.02994,30.4291,1.57002,-0.734282
0,250,6.55333,30.3754,-0.0726293,0.824198
0,250,6.10077,30.8832,2.2711,-2.23986
0,250,6.89666,31.2257,1.03433,2.49007
0,250,6.47339,31.5396,5.49731,-3.65201
0,250,6.79241,31.7578,3.19689,-2.25237
0,250,6.37126,32.0277,2.77693,-2.82439
0,250,5.49903,23.2983,0.302212,4.45024
0,250,4.80303,23.428,0.720201,2.81907
0,250,4.67411,23.7883,1.18324,4.68539
0,250,5.40969,24.1818,1.32175,1.38474
0,250,5.6016,24.6546,1.24354,3.14799
0,250,4.55683,25.0755,1.44641,1.94757
0,250,5.75263,24.9508,1.64812,1.95545
0,250,5.10541,25.1456,-0.033818,-0.319779
0,250,5.65087,25.5516,-0.158446,0.843932
0,250,5.67631,26.1465,-0.852873,1.31125
0,250,5.51369,26.6586,0.858924,1.81716
0,250,5.79863,27.2302,0.0654915,1.42585
0,250,5.40247,27.6939,-0.0660798,1.64429
0,250,5.9804,27.6757,2.04838,2.44401
0,250,5.42036,28.0707,1.15539,1.43588
0,250,5.99427,28.2226,1.67874,2.60527
0,250,5.0499,28.3927,-0.275132,1.67256
0,250,5.67666,28.5972,-0.522928,0.554637
0,250,5.6196,29.0063,-0.204024,2.44648
0,250,6.4812,29.5463,1.16515,-0.996114
0,250,5.92316,29.4075,1.23211,1.77152
0,250,7.38627,29.7658,0.166812,-0.26453
0,250,8.02333,29.7491,3.6401,0.0582258
0,250,7.01626,29.7241,-0.0115986,-1.62143
0,250,7.17518,30.9425,0.38951,0.789913
0,250,6.51371,30.9617,3.75334,1.97231
0,250,7.55069,31.3505,1.77212,1.09784
0,250,7.39131,31.7684,2.23029,-0.019871
0,250,7.12436,32.0791,1.3661,0.392935
0,250,7.79499,32.1063,2.94823,0.202375
0,250,5.70573,23.4188,1.35159,2.60115
0,250,5.69438,23.9009,0.907887,2.42393
0,250,6.12561,24.2497,1.25892,4.40192
0,250,6.17041,24.6098,1.9614,3.08961
0,250,5.01999,24.7752,-0.0758761,-0.276943
0,250,6.48172,25.0159,2.32498,1.63937
0,250,6.07611,25.4137,1.23938,0.61935
0,250,6.63717,25.9258,2.25836,1.96032
0,250,6.11281,25.9379,1.62842,1.20046
0,250,6.4757,26.3929,2.49279,2.57949
0,250,6.00262,26.6666,2.5023,3.25033
0,250,6.42817,26.8779,0.694701,2.45644
0,250,6.35698,27.3527,1.58268,1.50241
0,250,6.86319,27.7035,0.893081,3.87331
0,250,6.38068,27.9751,2.10337,1.55616
0,250,6.61886,28.3916,0.869,-0.020683
0,250,6.13736,28.7172,1.27419,0.35007
0,250,6.75723,28.8439,0.264621,2.76307
0,250,6.3716,29.122,0.674689,0.142409
0,250,7.07525,29.2711,3.65935,-1.852
0,250,7.91101,29.36,-0.470267,-0.134886
0,250,8.56528,29.6195,4.93691,1.00077
0,250,8.07439,30.4278,4.50814,0.385381
0,250,7.66604,30.0824,1.29388,-0.158196
0,250,7.41066,30.4788,1.92915,0.577082
0,250,7.75173,30.9786,3.29035,-2.71062
0,250,9.13235,31.134,3.37245,-0.196532
0,250,8.47604,31.3202,2.21336,3.60846
0,250,8.073,31.4882,2.25818,2.44407
0,250,8.20698,31.9591,-0.68621,-2.01472
0,250,6.26166,23.6047,1.00847,1.99548
0,250,6.98863,23.346,1.37074,4.19727
0,250,6.50864,23.8859,2.24338,0.825277
0,250,6.77615,24.3009,1.52436,3.24471
0,250,6.82247,24.6929,1.25668,3.09137
0,250,7.07421,25.1564,1.46723,2.06131
0,250,6.53592,25.4412,1.10272,0.953672
0,250,7.12167,25.6957,1.19,0.253436
0,250,6.94822,26.3539,0.347589,1.49421
0,250,7.50013,26.673,1.54167,1.12243
0,250,7.0384,26.7858,0.324115,0.564787
0,250,7.4142,27.1981,0.545408,0.823839
0,250,6.83746,27.2412,1.72932,3.85409
0,250,7.47076,27.6061,1.35649,1.86592
0,250,7.06783,28.0423,-0.358876,2.16811
0,250,7.55193,28.0835,1.26172,1.41641
0,250,7.15457,28.5875,-0.752766,1.57934
0,250,7.62834,28.5527,0.85777,0.458608
0,250,7.4539,29.0929,1.83269,1.85281
0,250,8.68569,29.3083,-0.113,0.555115
0,250,7.99038,28.9293,2.07069,0.154892
0,250,8.96126,30.1451,1.60037,1.41499
0,250,9.47812,29.9256,3.4761,0.622685
0,250,8.4425,30.0739,1.76096,-0.238779
0,250,8.84497,30.4677,1.11725,0.0737477
0,250,8.15106,30.7652,3.13787,2.75619
0,250,8.74261,30.9854,1.28857,3.79534
0,250,9.58864,31.0887,4.88031,0.598183
0,250,8.68568,31.9132,3.20569,1.86731
0,250,9.19708,32.0461,2.89146,0.639974
0,250,7.30661,23.4574,1.65649,2.96623
0,250,7.06301,23.9224,0.778381,2.67665
0,250,7.5017,24.0309,2.53389,2.15561
0,250,7.56799,24.4862,1.51928,2.43875
0,250,7.3848,24.922,1.20215,3.3391
0,250,7.53521,25.4915,2.3075,2.115
0,250,7.95615,25.7612,1.27082,1.09042
0,250,8.33463,25.9553,1.73803,1.15177
0,250,7.37988,26.0373,3.23353,0.75503
0,250,7.85584,26.2542,1.5628,0.0856404
0,250,7.90837,26.9108,3.38664,2.16777
0,250,8.41383,27.1662,1.7179,1.49835
0,250,8.02915,27.4698,1.60387,1.61389
0,250,8.48445,27.6967,2.91816,3.23634
0,250,8.09301,27.9491,0.075321,-0.163773
0,250,8.60156,28.2343,2.71527,0.958028
0,250,8.12834,28.459,1.817,1.95586
0,250,9.12666,29.1618,1.62575,1.02255
0,250,8.4857,28.8586,2.31447,0.422777
0,250,10.1951,29.804,4.65502,1.55581
0,250,9.82536,29.4489,4.59569,-1.00029
0,250,9.85818,30.2717,5.29034,0.982096
0,250,10.3601,30.8292,5.90968,1.23866
0,250,9.40605,30.5205,3.21827,2.73105
0,250,11.3653,31.2305,6.07346,1.47337
0,250,9.96123,30.7212,5.63932,0.732629
0,250,9.82354,31.537,2.50652,3.4481
0,250,10.5023,31.6781,0.504239,-0.0199882
0,250,9.02542,31.6324,3.51333,1.56155
0,250,9.67457,31.883,3.42167,1.98785
0,250,7.96113,23.581,1.00028,2.89668
0,250,8.17503,23.7602,1.62082,1.83066
0,250,7.97557,24.2832,1.34583,2.70418
0,250,8.14549,24.7111,1.15455,3.6811
0,250,8.00481,25.1359,2.05297,2.41339
0,250,8.30636,25.2582,3.02949,2.68629
0,250,8.73308,25.7452,2.07952,2.10684
0,250,8.69195,26.4227,1.69099,2.08485
0,250,8.76213,26.8701,2.81316,-0.790591
0,250,9.39444,26.9985,2.17126,1.70448
0,250,8.19947,26.539,1.7429,2.51547
0,250,8.95179,27.3482,2.18543,2.35899
0,250,9.30252,27.5859,3.6711,1.03265
0,250,9.89117,27.8451,2.8812,1.01888
0,250,8.94028,27.9879,1.54805,1.55038
0,250,9.45187,28.098,2.84467,0.612624
0,250,8.97033,28.6191,3.50083,-1.23472
0,250,10.729,28.9823,4.00239,-0.00353808
0,250,9.36675,29.576,2.12535,2.44907
0,250,10.6621,29.5115,3.64187,0.997272
0,250,11.1718,29.5401,4.40198,-1.3887
0,250,10.3824,30.2662,5.66277,1.30841
0,250,11.2926,30.1201,2.97571,-0.127488
0,250,10.8581,30.846,3.82686,-0.27447
0,250,11.0372,30.4592,2.61357,0.164252
0,250,10.2184,31.3226,4.84667,2.99403
0,250,10.8408,31.2507,3.18209,0.758349
0,250,11.7415,31.1884,5.61601,0.818644
0,250,10.1909,32.2599,7.04034,4.78659
0,250,10.8035,31.868,-0.617115,-1.49925
0,250,8.74228,23.7136,1.30096,1.89382
0,250,8.62907,24.1425,1.84611,2.34663
0,250,8.7371,24.5954,1.87008,1.86342
0,250,8.93198,24.8737,2.20079,2.16425
0,250,8.88641,25.3556,1.08994,3.53566
0,250,9.25504,25.7556,3.08354,1.60335
0,250,9.16954,26.1669,2.11159,3.97284
0,250,9.75413,26.106,2.98199,1.97009
0,250,9.26489,26.6109,3.79367,3.2446
0,250,9.82445,26.5595,3.44353,-0.161499
0,250,10.0709,27.0315,3.38728,1.34413
0,250,10.3422,28.0238,3.92433,2.36415
0,250,9.76873,27.3768,3.32106,0.244676
0,250,9.96665,28.3524,3.44034,1.47671
0,250,9.41225,28.5328,2.17292,1.3987
0,250,10.0705,28.7597,1.97782,2.24827
0,250,9.61452,28.9859,2.91071,1.04463
0,250,11.2387,28.7286,5.45486,-0.570382
0,250,10.2434,29.1739,3.15915,1.29282
0,250,11.2984,29.1649,3.71772,-1.38665
0,250,11.6171,29.7882,4.54882,0.0624491
0,250,10.7084,29.9517,2.71689,1.52216
0,250,11.933,30.1081,5.02459,2.43325
0,250,12.7766,30.5452,5.0485,-0.0281779
0,250,12.4088,30.9222,4.71064,1.99031
0,250,12.29,31.2316,4.20171,1.4159
0,250,11.9086,30.6152,2.76697,1.1099
0,250,11.5632,30.637,3.22466,-1.29341
0,250,11.9467,31.6951,3.85938,-3.52728
0,250,11.2259,31.667,3.61998,-4.98201
0,250,9.11592,23.7884,1.86363,1.77825
0,250,9.47495,23.9642,3.66855,3.21647
0,250,9.32061,24.4279,1.57116,2.2641
0,250,9.62489,24.8049,2.97624,1.68333
0,250,9.48208,25.1114,2.98296,2.77204
0,250,9.76734,25.6017,2.36915,2.92902
0,250,10.2432,25.9191,2.60137,3.77911
0,250,10.2421,26.414,2.1344,2.16874
0,250,10.5904,26.8225,2.422,2.10605
0,250,11.0068,27.1167,3.34815,2.31384
0,250,10.2987,27.4016,3.24608,1.93315
0,250,10.7711,27.4696,2.45918,2.28362
0,250,10.7513,28.1382,4.43793,3.31086
0,250,11.7024,28.1472,2.95473,3.44413
0,250,10.6379,28.5673,3.8986,2.01684
0,250,11.3119,28.2838,4.60501,1.95374
0,250,11.8885,28.5921,2.30718,0.430352
0,250,12.3857,28.9764,4.76888,2.15268
0,250,11.7993,29.0488,3.451,2.13968
0,250,12.4049,29.4916,4.00988,1.57086
0,250,11.9703,29.4412,5.4566,2.52501
0,250,12.6274,29.8658,5.034,1.87597
0,250,12.3588,30.2795,3.31216,0.73953
0,250,12.9521,30.9914,4.4443,2.4673
0,250,12.6342,31.5773,2.77598,1.88615
0,250,13.2368,31.3258,4.81911,1.28105
0,250,12.643,32.1248,5.07504,-0.306404
0,250,11.9789,31.9063,4.41463,1.3811
0,250,12.9565,31.7924,4.93601,0.187601
0,250,11.398,32.0524,5.23314,-3.46223
0,250,10.0596,23.8471,3.66661,2.61336
0,250,9.84685,24.2628,2.15896,2.64735
0,250,10.1572,24.7274,2.53461,3.06123
0,250,10.4239,25.1159,2.27645,2.27119
0,250,10.1564,25.4216,1.8303,1.38103
0,250,10.7845,25.5533,2.73124,3.91971
0,250,10.7127,26.0551,1.74949,1.2937
0,250,10.9151,26.5407,3.36205,3.67805
0,250,11.4557,26.6922,4.51784,0.710087
0,250,11.5425,27.2133,4.15301,2.4064
0,250,11.5698,27.6287,3.06191,2.71193
0,250,12.2395,27.919,3.1499,0.332553
0,250,11.1338,27.7885,3.65645,0.525366
0,250,12.8692,28.1652,3.15199,3.12252
0,250,12.2755,28.3749,6.17121,0.826689
0,250,12.8598,29.1565,4.81083,2.04513
0,250,12.7149,28.6525,6.72325,1.92596
0,250,13.2935,29.2188,3.63863,-0.0753425
0,250,12.9896,29.6868,6.45453,0.595893
0,250,13.3224,30.0113,1.62566,2.2016
0,250,13.1938,30.4126,4.45529,0.784731
0,250,13.521,30.751,7.55986,0.319726
0,250,13.7025,31.1559,5.28675,2.67631
0,250,14.7889,31.2855,4.32148,-0.287115
0,250,14.1642,31.2894,3.04105,4.56539
0,250,13.6038,31.7039,2.35873,0.726748
0,250,13.5426,32.0283,4.04282,1.17796
0,250,14.1127,32.0898,6.82233,5.01236
0,250,16.2048,32.1209,2.87576,-0.509944
0,250,15.5454,32.0798,5.35724,3.42842
0,250,10.5085,24.0321,2.72487,2.81408
0,250,10.5997,24.4141,2.6885,1.66446
0,250,10.9947,24.5925,3.0637,1.25088
0,250,10.9432,25.1753,3.9001,2.41825
0,250,11.4296,25.5819,2.30495,2.18474
0,250,11.1756,26.0287,4.05945,1.92992
0,250,11.5726,26.1644,3.35955,2.14448
0,250,11.8974,26.5207,3.36855,4.28036
0,250,11.9947,26.9963,4.18237,1.48179
0,250,12.6228,27.1894,4.42432,3.44271
0,250,12.1594,27.4859,2.454,2.34773
0,250,12.7314,27.7241,2.92977,1.3662
0,250,13.3653,27.9099,4.77807,1.91541
0,250,13.5118,28.7269,3.94833,1.97608
0,250,13.2344,28.5158,2.91124,2.31459
0,250,14.5418,29.0293,4.22986,1.30926
0,250,13.8053,29.2487,5.32492,3.26632
0,250,14.6512,30.0589,4.97984,1.86486
0,250,13.7153,29.7178,4.83441,0.313447
0,250,14.2379,30.1001,5.71889,0.82061
0,250,13.8341,30.2382,4.01151,0.267395
0,250,14.4965,30.8276,4.45752,0.821207
0,250,14.0493,30.6544,5.94523,-0.0394546
0,250,15.4631,31.231,4.93248,0.404108
0,250,14.2914,31.6963,2.58184,-0.642172
0,250,15.1473,31.7101,5.06232,-0.894192
0,250,14.9387,31.9106,6.33222,-1.08261
0,250,15.9137,31.1259,4.77502,-2.71426
0,250,16.9337,31.8391,7.1186,5.14549
0,250,15.8044,31.6471,2.7374,-0.180854
0,250,11.2768,24.1816,3.22541,2.81827
0,250,11.5502,24.402,2.8313,1.71812
0,250,11.3876,25.0766,3.08821,3.62027
0,250,11.8085,25.0632,2.04616,2.08544
0,250,11.9502,25.5149,2.80749,2.93512
0,250,12.0537,25.9577,2.17868,2.8483
0,250,12.4818,26.3183,2.97886,2.49397
0,250,12.5069,26.7611,2.41796,2.34943
0,250,13.2528,26.9408,3.59576,2.98393
0,250,13.0707,27.395,4.6959,2.39732
0,250,13.6386,27.6085,5.46648,2.21176
0,250,14.1333,27.8843,4.17728,2.41415
0,250,13.8287,28.2246,5.61866,3.19182
0,250,14.4043,28.3679,4.18112,3.21807
0,250,14.0608,28.6568,3.36927,0.455749
0,250,14.6173,29.3993,6.09692,3.03624
0,250,14.1341,29.4509,5.20608,1.10645
0,250,15.0239,29.5974,3.40849,2.34798
0,250,14.9228,30.2529,6.92882,3.09583
0,250,15.3614,29.7588,4.58913,1.71319
0,250,15.3404,30.4076,6.26276,-0.53473
0,250,17.0282,30.667,4.93971,0.590343
0,250,14.9315,30.9033,4.98798,1.8789
0,250,16.2533,30.5751,4.72167,-2.02432
0,250,15.5059,30.7826,6.40547,-0.644846
0,250,17.41,30.7869,5.83881,-1.84628
0,250,16.859,31.0644,1.30025,-3.79552
0,250,17.3752,32.0048,4.35183,-1.36482
0,250,17.8248,31.834,11.5682,-2.82339
0,250,17.6209,31.4587,4.15181,-6.54473
0,250,11.9702,24.201,2.23963,1.19397
0,250,12.0952,24.6343,2.73122,1.42202
0,250,12.5454,25.0156,5.50817,1.3479
0,250,12.5262,25.4837,3.06299,2.20856
0,250,12.6124,25.8205,3.41121,3.22399
0,250,13.0639,26.1077,5.44144,2.77146
0,250,12.9812,26.5444,3.8011,1.08793
0,250,13.6565,26.5789,4.12566,0.461021
0,250,13.6753,27.1121,4.5668,1.03533
0,250,14.2566,27.3607,5.60891,2.17455
0,250,15.0885,28.146,4.92658,2.3056
0,250,14.7559,28.6112,4.64678,2.25066
0,250,15.3944,28.6112,6.37415,1.7201
0,250,15.9786,29.0241,5.06218,3.22108
0,250,15.2029,29.0254,5.79307,1.07658
0,250,15.5975,29.158,5.57117,3.41734
0,250,15.8214,29.8067,7.73894,2.54469
0,250,17.3036,29.6032,8.16239,1.79861
0,250,16.2924,29.4582,5.87914,0.806481
0,250,16.2409,29.9759,6.36507,-0.0611336
0,250,15.8162,30.2841,3.68205,1.02558
0,250,16.29,31.3813,7.19307,-3.13228
0,250,16.3828,30.8603,6.67004,2.1647
0,250,17.7293,30.2954,7.35372,-1.06974
0,250,16.4378,31.7537,5.60479,1.54466
0,250,18.3594,31.7648,9.25587,3.67884
0,250,17.0922,31.4893,7.66578,-2.69301
0,250,19.1301,32.1363,3.32968,-1.08928
0,250,19.35,31.7881,6.58818,0.17855
0,250,18.1228,31.2855,13.4577,0.367664
0,250,12.6333,24.4506,6.02631,2.75707
0,250,12.9623,24.7266,4.51735,1.06175
0,250,13.106,25.2369,2.30298,1.67918
0,250,13.2886,25.6217,2.64885,2.27271
0,250,14.0106,25.7774,4.22213,2.1234
0,250,13.5676,26.1326,5.18814,3.63825
0,250,14.1636,26.4783,4.91068,1.62939
0,250,14.2122,26.8778,5.25538,2.3072
0,250,14.8394,27.3926,5.12716,2.81123
0,250,14.5962,27.7704,3.04829,2.72047
0,250,15.4022,27.9747,4.95046,0.306404
0,250,15.8911,28.4872,5.72431,2.25121
0,250,16.3042,28.6491,4.58539,3.34864
0,250,16.609,29.1631,5.45066,2.27735
0,250,16.7567,29.7702,5.90602,2.78711
0,250,18.3472,29.694,9.19955,1.62248
0,250,17.6661,29.0504,5.95704,2.03793
0,250,18.0997,29.8416,6.73507,0.927057
0,250,17.6402,29.7483,5.86756,2.56024
0,250,18.1479,30.6088,6.437,0.855329
0,250,17.2241,30.1651,4.92948,-1.22003
0,250,19.2616,30.4076,6.18463,1.39558
0,250,16.7618,30.196,5.07677,-0.0662691
0,250,18.8166,30.8474,8.36068,-1.7671
0,250,17.7703,30.9927,6.8526,-2.87357
0,250,19.8851,30.823,7.21562,1.31357
0,250,18.5358,31.111,5.38388,3.69759
0,250,19.8395,31.5816,5.26986,-0.946793
0,250,20.4936,31.4765,6.37546,0.397577
0,250,19.9684,31.1138,8.43011,0.425781
0,250,13.953,24.7772,5.4817,2.57277
0,250,13.5075,24.9213,2.50286,1.47776
0,250,13.8829,25.3656,5.08421,0.390503
0,250,14.5311,25.5739,3.12582,2.29816
0,250,14.4315,25.9479,4.50836,2.03767
0,250,14.7171,26.3615,4.37438,3.00445
0,250,14.7695,26.8338,6.22928,2.60577
0,250,15.1692,27.0468,4.86475,1.45161
0,250,15.358,27.5654,4.80907,2.07724
0,250,15.9342,27.6992,5.5097,2.10852
0,250,16.203,28.1836,5.00761,2.74415
0,250,16.9305,28.1678,6.32402,3.27544
0,250,16.8737,28.612,8.5294,3.5278
0,250,17.0088,29.26,5.71517,0.86478
0,250,18.3533,29.0259,5.98802,2.09235
0,250,18.6892,29.3095,6.46838,0.994061
0,250,18.8504,29.8087,6.09147,2.43527
0,250,19.5739,29.4606,6.71083,-1.08364
0,250,18.9696,30.1899,5.31926,0.150826
0,250,19.7574,30.3484,4.62999,-4.10863
0,250,19.4702,29.7973,4.88598,-0.256099
0,250,19.2945,30.92,7.06799,0.388629
0,250,18.3576,30.4602,4.28198,-0.617279
0,250,18.838,31.5494,5.03378,2.52431
0,250,18.4006,32.1055,8.21214,1.98013
0,250,21.26,31.1168,6.30198,-3.63502
0,250,20.8565,31.4695,7.07819,1.02561
0,250,20.7552,30.7214,5.49278,0.636543
0,250,20.6729,31.9489,1.97398,1.7615
0,250,20.0109,31.923,4.24794,0.720907
0,250,14.176,24.9029,5.10379,4.71151
0,250,14.6868,25.0848,3.12845,0.545174
0,250,15.0903,25.6959,4.96105,2.13866
0,250,15.2293,26.0734,6.32233,2.83135
0,250,15.343,26.4494,4.4906,3.03719
0,250,15.7064,26.7962,5.54004,2.46424
0,250,16.1921,26.9222,5.12392,2.56268
0,250,15.8336,27.3342,5.49847,2.66148
0,250,16.5405,27.7622,6.07718,3.3296
0,250,17.1078,27.8133,7.20129,2.74039
0,250,17.5762,28.349,5.44057,2.29641
0,250,17.2986,28.6843,5.404,1.68433
0,250,17.9312,28.9297,5.75493,3.18564
0,250,18.9384,28.8325,7.50611,0.906034
0,250,19.271,29.0421,4.74914,0.767442
0,250,20.1443,29.4138,8.4579,0.430708
0,250,20.5451,30.0839,7.23751,0.880992
0,250,22.0587,29.8894,7.3391,1.9393
0,250,19.9591,29.8973,6.9933,2.22295
0,250,21.2483,30.4808,6.85853,-0.0540033
0,250,20.5708,30.8371,6.27001,-1.38468
0,250,20.2788,30.3534,6.21398,1.98172
0,250,21.7549,30.4119,7.71917,0.334288
0,250,22.443,30.4926,6.19631,0.422478
0,250,21.6286,30.8988,9.26989,1.64804
0,250,22.6094,30.785,5.87275,3.41558
0,250,21.5123,31.5659,6.33302,-4.75254
0,250,21.6724,31.8925,5.74747,-2.12285
0,250,22.2489,32.186,9.72298,-0.669219
0,250,19.1876,31.3584,4.51774,0.212163
0,250,14.9406,25.0354,5.5572,3.178
0,250,15.5749,25.3413,5.89748,0.970683
0,250,15.8803,25.8006,5.65785,2.82456
0,250,15.8337,26.3619,5.4941,2.37454
0,250,16.2675,26.4218,5.23584,2.14783
0,250,16.8735,26.8725,5.1559,3.4229
0,250,16.4548,27.3323,5.12893,2.56545
0,250,17.0262,27.3344,4.42362,0.763627
0,250,17.5859,27.7228,7.23992,2.69136
0,250,18.0256,28.1349,5.62624,2.37669
0,250,18.3941,28.5209,6.32599,2.47506
0,250,19.1242,28.4102,7.34056,1.48029
0,250,19.9463,28.9595,8.12384,0.0546767
0,250,20.7135,28.9248,8.57384,-0.327261
0,250,20.508,29.3616,6.03741,0.946832
0,250,20.972,29.8589,8.04217,2.82674
0,250,23.1107,29.7815,8.27701,-0.431657
0,250,23.1745,30.5578,5.90398,2.5377
0,250,21.4865,30.038,6.97639,2.40904
0,250,24.7059,30.6057,8.50253,-1.39357
0,250,22.912,30.2941,6.42829,-2.43747
0,250,23.601,31.2077,4.30202,-3.59483
0,250,23.2872,30.9439,5.17384,2.55706
0,250,22.7749,31.2394,6.34294,-2.68757
0,250,22.0033,30.8648,8.53279,-0.131577
0,250,22.9209,31.991,6.10908,-7.46916
0,250,22.1247,31.6273,11.6192,2.43588
0,250,25.449,31.9832,1.30869,3.38933
0,250,22.2146,31.3463,6.80151,-2.73523
0,250,21.1085,31.9551,5.94398,-0.524202
0,250,15.9764,25.2805,5.35004,3.40247
0,250,16.4457,25.7644,4.35729,3.66656
0,250,17.1331,26.1215,7.71456,3.34131
0,250,16.7627,26.536,4.71589,2.05947
0,250,17.4378,26.8868,5.95791,2.11011
0,250,17.6983,27.3607,6.89986,3.28451
0,250,18.4011,27.2405,5.6348,2.01744
0,250,18.1699,27.7457,5.67981,2.15567
0,250,18.6076,28.1826,7.44354,2.60599
0,250,19.6018,28.157,7.16569,1.81758
0,250,19.5893,28.675,7.32784,1.94166
0,250,20.3301,28.6843,5.8002,1.57052
0,250,21.0727,29.5448,8.0264,0.244663
0,250,21.6501,29.5457,6.85252,1.27961
0,250,22.538,29.5067,7.60001,0.715765
0,250,22.4129,30.0035,8.7481,2.44359
0,250,23.7788,30.2518,6.57235,0.224956
0,250,23.7583,30.7249,6.22965,0.419478
0,250,24.2832,30.3514,7.38843,-0.326869
0,250,24.7321,31.6085,8.49489,0.439665
0,250,24.592,31.2402,4.76196,0.857905
0,250,25.1256,30.9173,5.27163,-0.306962
0,250,24.202,30.8745,8.61749,-1.36127
0,250,24.3673,31.9945,12.3333,-6.16707
0,250,23.2802,31.8688,5.86336,5.6753
0,250,23.9669,31.9124,1.93251,-0.815201
0,250,25.8613,31.9699,7.60892,-4.66385
0,250,25.3575,30.9742,9.65055,0.790043
0,250,24.1598,31.3754,7.98898,0.895904
0,250,22.8386,31.6212,4.86717,-2.97478
0,250,16.5476,25.69,5.15615,2.96035
0,250,17.2625,25.7499,6.5997,3.50086
0,250,17.4093,26.3896,5.2051,2.56718
0,250,17.849,26.8419,6.25259,1.53614
0,250,18.6672,26.8785,6.40634,2.56404
0,250,18.8697,27.2804,7.61019,2.41116
0,250,18.7159,27.7042,6.86328,1.96181
0,250,19.2329,27.9056,4.25663,2.30522
0,250,19.9813,27.7019,8.65707,1.83483
0,250,20.0867,28.2249,6.17084,-0.0408011
0,250,21.1986,29.0003,7.39549,1.53255
0,250,21.8774,28.8231,7.00536,0.215046
0,250,21.8783,29.2604,7.62106,-0.333791
0,250,23.2652,29.4205,9.05871,0.167933
0,250,23.6868,29.7917,7.38217,1.80132
0,250,24.6281,29.7724,7.30784,-1.88491
0,250,24.8895,30.2783,7.37529,3.42534
0,250,25.7776,30.5083,6.06584,-3.16108
0,250,25.9708,30.0653,5.2587,-3.02708
0,250,26.5071,29.6904,4.92141,-2.87863
0,250,26.0142,31.4943,7.70961,-2.05994
0,250,25.9959,30.8175,6.23804,3.82658
0,250,26.4755,30.1105,6.38362,-2.00556
0,250,26.808,31.9547,15.8579,-1.79586
0,250,25.4893,31.4373,0.390598,0.291435
0,250,26.7228,31.2568,10.1143,1.26037
0,250,25.0014,31.8773,6.31583,-0.637857
0,250,27.6964,32.2891,3.38176,-7.18262
0,250,27.2878,31.6548,11.9062,-2.59974
0,250,23.6862,31.7086,-0.216114,0.512025
0,250,17.793,26.0266,5.93416,2.29155
0,250,18.3493,26.3946,6.37022,3.38908
0,250,19.1289,26.5298,6.56784,2.8665
0,250,19.4005,26.969,7.18534,2.42281
0,250,19.6635,27.4628,6.8681,2.14737
0,250,20.4712,27.554,7.19463,2.83757
0,250,20.6758,27.912,6.48283,3.23691
0,250,20.7917,28.355,6.73468,1.89168
0,250,21.3212,28.6122,7.25727,1.79692
0,250,22.4666,29.0695,7.88708,-0.508175
0,250,23.2048,28.9384,7.29409,-0.605624
0,250,23.6505,29.1886,7.79619,-0.264544
0,250,24.1198,29.843,11.8146,-0.703356
0,250,24.7133,29.4093,8.52844,0.875868
0,250,25.1888,29.8073,8.9197,-2.93746
0,250,25.34,30.1504,7.36394,-2.57367
0,250,26.9944,29.4835,7.37272,-6.76267
0,250,27.5747,29.4526,9.28912,-4.10617
0,250,26.7179,30.9475,3.09798,-0.590454
0,250,27.1406,30.312,7.97046,-0.38026
0,250,26.3662,30.6213,5.61913,-1.19631
0,250,27.2306,30.9261,4.82957,0.245144
0,250,26.9932,31.7264,5.30274,-2.22
0,250,28.9425,29.6445,5.54003,-5.47605
0,250,27.8658,31.1125,11.8787,-3.41896
0,250,28.7255,30.1798,5.65248,-0.160557
0,250,28.5114,30.6429,5.11451,-4.72177
0,250,28.8122,32.1047,9.06214,4.00748
0,250,27.9113,30.7467,2.78695,2.2376
0,250,26.3407,31.6212,4.05034,-0.295398
0,250,18.3564,26.1379,6.52433,4.1118
0,250,18.9704,26.0001,6.13544,1.91451
0,250,19.8203,26.8592,7.48765,2.43572
0,250,20.2813,27.0682,7.83538,2.04851
0,250,21.5742,27.7801,9.43429,2.20582
0,250,21.3852,28.1462,9.21741,2.32733
0,250,22.2401,28.0766,8.34959,-1.90267
0,250,22.0946,28.5297,5.55401,0.0527261
0,250,22.7714,28.7641,7.41344,-0.449274
0,250,23.5807,28.6223,9.12721,0.550149
0,250,24.1496,29.3407,7.87717,-2.06148
0,250,24.7167,28.8017,8.44104,-3.16598
0,250,25.1149,29.2057,5.17527,-3.24741
0,250,25.807,29.7312,12.5569,1.03497
0,250,26.2147,29.3082,4.7095,-7.11326
0,250,27.2252,28.9988,8.46247,-4.80677
0,250,27.0683,29.8831,6.65643,-3.11221
0,250,28.1856,30.4198,5.91875,0.40576
0,250,28.7471,29.2692,6.92558,0.307232
0,250,28.8478,31.053,6.99501,2.65868
0,250,27.7451,31.5396,1.46437,0.607248
0,250,29.5837,29.3015,8.22308,-6.29342
0,250,29.1627,30.3144,5.64218,-1.56166
0,250,29.3335,31.0808,11.9843,3.40762
0,250,28.3254,31.1533,1.24449,-3.47197
0,250,30.0314,32.1939,11.3542,4.0134
0,250,29.6551,30.0345,13.1758,0.701343
0,250,29.0676,31.8955,1.84592,4.38002
0,250,29.6235,30.4037,5.77663,2.00065
0,250,28.544,31.5504,9.60578,-4.23374
0,250,19.4471,26.4075,7.70049,2.07181
0,250,21.0165,26.8139,8.13606,2.2341
0,250,20.9718,27.5516,7.61153,2.80086
0,250,21.9734,27.7747,9.618,3.00563
0,250,22.9382,27.8313,5.62547,-0.512015
0,250,22.6198,28.3392,5.21314,0.997475
0,250,24.0723,28.528,9.74016,-0.825878
0,250,24.5869,28.1842,9.33485,0.132791
0,250,24.3183,28.8815,9.09074,1.45777
0,250,25.6033,28.8991,11.5887,-2.57437
0,250,25.8023,28.3488,8.92511,-3.7643
0,250,25.6729,29.3243,8.61447,-1.04044
0,250,26.6695,29.0048,5.81263,-1.01261
0,250,27.7457,29.8253,6.81331,-6.87417
0,250,27.5504,30.196,3.6724,0.108907
0,250,28.3192,29.8142,10.2621,-7.55809
0,250,28.9996,28.8391,6.94962,-2.53048
0,250,29.2173,28.3126,6.46115,-1.74675
0,250,29.2737,29.6196,0.23097,-0.528265
0,250,29.162,27.3582,1.38946,-12.9076
0,250,30.625,31.9349,0.700329,7.47488
0,250,30.9754,30.6139,-0.476,-11.7454
0,250,29.9923,29.4102,6.86157,-2.67692
0,250,30.1066,31.5757,-9.72803,-2.49917
0,250,29.978,28.8457,3.54903,-7.5402
0,250,31.4669,30.1794,-5.58281,2.23434
0,250,29.5582,30.9058,12.4551,-1.23006
0,250,30.3755,30.8254,-16.8698,-10.8441
0,250,30.1802,30.4335,-9.07548,-0.161844
0,250,29.4891,31.8824,3.29439,5.17752
0,250,20.5168,26.5631,9.15461,2.73454
0,250,21.1447,27.0981,7.01224,3.85374
0,250,22.5493,27.4701,8.19953,1.92228
0,250,22.7524,27.4001,7.11167,-0.769981
0,250,23.2098,28.284,7.68315,-0.0914945
0,250,25.0123,27.8561,9.36892,-2.53934
0,250,25.0153,28.4667,7.37528,-0.0854709
0,250,25.4532,28.1971,8.9158,-2.10401
0,250,26.1761,28.8004,6.82547,-2.76655
0,250,26.9797,28.6679,8.35473,-6.10064
0,250,27.6131,28.6503,8.54839,-2.82178
0,250,28.4102,28.7379,4.43446,-2.80597
0,250,27.9073,29.1156,8.89405,-7.39731
0,250,28.7787,28.5681,5.69089,-4.04529
0,250,29.2952,27.0519,4.24594,-9.6853
0,250,29.0046,27.8575,6.48891,-9.2993
0,250,29.7428,27.3989,5.1716,-8.95784
0,250,29.5671,28.5657,0.536791,-7.99412
0,250,29.5876,27.8969,4.88162,-7.08313
0,250,29.9655,28.229,2.61436,-9.43239
0,250,30.5907,28.9146,-1.98573,-2.33789
0,250,30.7871,27.0848,1.58382,-9.367
0,250,31.1855,28.6004,8.04516,-7.51487
0,250,31.6682,28.1727,8.12375,-9.97968
0,250,30.4602,30.4836,9.30321,-0.889874
0,250,31.3281,29.4092,-8.68815,-2.18054
0,250,30.9951,27.6602,1.62832,-11.7009
0,250,29.7048,31.5577,-8.41358,-0.110547
0,250,31.7819,31.7413,-6.27179,6.52113
0,250,30.056,31.1577,-1.09616,-12.8518
0,250,21.7033,27.2501,8.50737,2.39926
0,250,23.3708,27.3991,10.2064,0.0681171
0,250,23.5496,27.7958,11.5077,-0.487162
0,250,24.092,28.0162,7.64292,-0.512054
0,250,26.0228,27.6343,10.472,-5.26508
0,250,26.2966,28.0988,9.90009,-3.98682
0,250,27.4445,27.7841,8.83806,-5.08366
0,250,27.6358,28.0807,7.65223,-4.32274
0,250,28.1392,27.949,7.4427,-5.95687
0,250,28.0602,28.3454,3.24281,-6.33358
0,250,28.2321,29.3103,4.36452,2.15281
0,250,28.6616,27.6859,4.88294,-3.61967
0,250,29.7039,26.667,1.51148,-13.563
0,250,30.1888,26.9836,7.20211,-7.5291
0,250,30.0996,27.7626,4.71252,-8.89638
0,250,30.8344,28.4402,6.6011,-3.70657
0,250,30.5714,29.8492,7.20742,-0.294478
0,250,30.7221,27.9445,0.147164,3.61407
0,250,30.1031,26.6043,0.00774986,-7.183
0,250,31.3295,21.9686,-3.24993,-11.2198
0,250,32.078,24.3903,4.97197,-16.1907
0,250,31.4231,27.5134,-2.90625,-5.20455
0,250,32.004,23.8798,4.56124,-7.63547
0,250,31.251,29.0545,3.95694,-3.8259
0,250,31.3123,30.8593,8.05122,-13.2074
0,250,31.2613,25.3749,4.02679,-13.7959
0,250,31.7285,31.8152,4.43336,1.16493
0,250,32.219,25.6301,5.84516,-10.1423
0,250,30.3005,28.7644,6.86425,-8.20966
0,250,31.5711,29.7003,-18.0951,0.327224
0,250,21.9391,27.147,8.67299,2.60923
0,250,23.9227,27.6748,8.87692,-0.656939
0,250,24.7585,27.5112,6.83172,-3.82785
0,250,26.2708,27.378,10.9521,-1.2392
0,250,26.5552,28.36,7.47045,-3.06079
0,250,27.8892,27.4752,6.58169,-5.23149
0,250,28.732,26.8314,3.7173,-10.9927
0,250,29.4777,26.3864,4.49347,-16.3458
0,250,30.0333,25.7753,2.618,-10.9343
0,250,30.5591,25.5891,6.79277,-13.0956
0,250,30.5,27.2855,0.499792,-10.3783
0,250,31.1013,25.7767,1.0549,-9.15194
0,250,30.4105,26.1748,2.19052,-12.4668
0,250,30.1604,24.4065,-2.98559,-12.7571
0,250,30.7099,26.2876,2.96254,-9.86698
0,250,31.0952,26.0897,-2.13492,-9.49066
0,250,31.2267,27.1205,4.70195,-10.524
0,250,31.2637,23.7558,4.13544,-16.1291
0,250,31.5139,25.3194,-1.90788,-7.64826
0,250,29.7894,18.7509,-5.56608,-14.1692
0,250,31.5428,20.2063,-3.09939,-18.3946
0,250,30.9408,24.0313,-1.66831,-20.1028
0,250,31.9735,30.1136,1.21047,-6.96896
0,250,30.5878,21.1833,1.35867,-16.9634
0,250,31.2487,30.2642,-3.23788,-12.9876
0,250,31.4363,20.9503,-3.62151,-18.5564
0,250,30.4203,31.7847,-6.85278,1.74419
0,250,31.731,27.4522,-6.44068,-9.48014
0,250,30.8397,29.952,-2.44763,3.17557
0,250,31.6835,30.8454,-7.78384,5.02448
0,250,24.4387,27.5896,9.45569,-0.0417728
0,250,26.8224,27.5825,7.44422,-6.20841
0,250,27.0519,27.4333,7.10825,-8.90038
0,250,28.0847,26.9681,4.87894,-7.87956
0,250,28.458,27.3318,1.50473,-14.4638
0,250,29.0502,25.7652,2.37514,-8.98714
0,250,29.4319,25.4637,1.44411,-10.3908
0,250,30.4732,25.021,-4.95503,-14.4229
0,250,29.995,25.4373,1.30971,-10.9925
0,250,30.6999,23.2866,0.341896,-12.8026
0,250,29.5736,22.6928,-2.91362,-14.5332
0,250,30.5958,24.8528,0.540303,-10.2307
0,250,31.8184,21.2306,3.49004,-17.2874
0,250,30.9078,20.8794,-4.42291,-15.0728
0,250,31.8581,19.238,1.58851,-16.8711
0,250,31.6234,19.6369,-0.459791,-21.5371
0,250,30.3951,18.4668,-2.39734,-16.8502
0,250,32.1544,18.5687,-0.426293,-14.4783
0,250,31.1083,19.3939,-1.93954,-14.7172
0,250,30.8394,21.3623,-2.81374,-19.655
0,250,31.1575,24.6457,-3.02123,-12.2794
0,250,31.007,22.8336,-3.36659,-16.2244
0,250,31.3246,18.8014,-0.28917,-12.9657
0,250,29.9956,15.2011,-3.397,-18.4406
0,250,31.6736,15.4474,1.70217,-21.2179
0,250,31.8974,27.0099,-1.38073,-17.4446
0,250,31.9971,30.5368,-1.74101,-8.07167
0,250,31.9361,29.0281,-21.449,2.70257
0,250,31.8548,29.2104,0.623232,-9.07505
0,250,31.8141,31.2251,-0.176258,2.79305
0,250,25.5057,27.549,12.3335,-3.8239
0,250,26.895,28.0435,7.37572,-3.66889
0,250,28.4364,26.5821,6.40816,-12.8792
0,250,29.3081,25.9525,6.52366,-8.55514
0,250,30.3255,24.2695,2.5116,-17.2644
0,250,30.0222,23.5486,-1.20735,-14.0142
0,250,31.2616,21.8395,3.01688,-14.4239
0,250,30.1132,21.7523,-2.51579,-13.775
0,250,30.3123,19.8852,0.00268062,-19.1762
0,250,31.9353,21.9278,-5.06752,-8.46548
0,250,29.7228,20.4315,-1.37219,-12.4305
0,250,29.4507,18.3003,-3.13492,-13.9718
0,250,29.6184,15.2402,-3.2579,-19.487
0,250,29.9411,19.1228,-1.26549,-16.0367
0,250,28.8012,17.3916,-6.04044,-16.0514
0,250,32.1357,19.9266,1.99377,-14.9495
0,250,31.094,15.0568,-3.77056,-23.2371
0,250,27.8547,13.0643,-6.83314,-23.1945
0,250,31.3345,13.1126,-0.346943,-20.2744
0,250,30.1961,17.4738,-2.34524,-15.5986
0,250,31.6869,24.6584,-5.95826,-14.3785
0,250,31.2965,15.8654,-0.779212,-16.0275
0,250,31.6945,26.2886,0.560797,-7.80548
0,250,24.316,13.2045,-10.7792,-17.5642
0,250,32.1317,28.4429,8.35221,-3.30327
0,250,31.5271,23.467,-0.730098,-9.06493
0,250,30.157,15.5316,-3.24009,-18.9616
0,250,30.7685,29.415,5.95083,-6.68147
0,250,27.0658,8.64994,-6.45267,-21.7917
0,250,31.3304,24.2248,0.528704,-12.75
0,250,27.5568,27.1768,7.26729,-5.65045
0,250,28.7702,26.4382,8.93375,-11.5676
0,250,29.6725,25.0675,1.86409,-11.565
0,250,30.4696,23.5479,3.33642,-9.89546
0,250,30.3038,22.9559,2.49425,-15.3016
0,250,29.8285,21.2251,-5.17474,-14.6599
0,250,29.3014,20.7612,-2.15296,-12.9946
0,250,31.2409,20.4372,-1.27749,-15.8407
0,250,28.9813,17.7441,-4.7897,-18.3678
0,250,30.2309,16.1772,-3.29429,-21.6316
0,250,30.8323,16.7774,-2.13215,-21.2543
0,250,31.5282,15.2777,-2.23998,-18.9214
0,250,29.4167,13.6557,-2.69632,-19.0615
0,250,30.8796,9.42593,-0.741407,-26.6433
0,250,30.0482,13.7597,-1.33227,-17.108
0,250,25.6902,16.9101,-7.64954,-13.0385
0,250,25.204,10.621,-8.19362,-20.6861
0,250,30.3242,14.7421,-1.52244,-14.9399
0,250,24.3499,12.4256,-9.87179,-18.5935
0,250,24.5957,11.4884,-9.23955,-18.3311
0,250,24.9463,6.86663,-9.50231,-23.057
0,250,30.4524,12.8268,-3.04964,-19.2946
0,250,24.2556,4.48771,-8.21526,-24.2948
0,250,27.3878,14.4149,-9.75156,-20.6446
0,250,27.5036,15.457,-6.54622,-15.4025
0,250,9.31309,-0.725822,-24.2882,-32.4279
0,250,31.5764,26.5314,1.9559,-4.54658
0,250,28.8462,5.43368,-4.07094,-27.5822
0,250,21.6637,-3.10848,-13.0709,-34.0832
0,250,22.4882,11.7349,-10.3593,-16.2045
1,250,1.5,1.5,0,0
1,250,1.5,2,0,0
1,250,32.5,1.5,0,0
1,250,33,1.5,0,0
1,250,2.5,32.5,0,0
1,250,2.5,33,0,0
1,250,1.5,2.5,0,0
1,250,2,2.5,0,0
1,250,2,1.5,0,0
1,250,2,2,0,0
1,250,32.5,2,0,0
1,250,33,2,0,0
1,250,3,32.5,0,0
1,250,3,33,0,0
1,250,1.5,3,0,0
1,250,2,3,0,0
1,250,2.5,1.5,0,0
1,250,2.5,2,0,0
1,250,32.5,2.5,0,0
1,250,33,2.5,0,0
1,250,3.5,32.5,0,0
1,250,3.5,33,0,0
1,250,1.5,3.5,0,0
1,250,2,3.5,0,0
1,250,3,1.5,0,0
1,250,3,2,0,0
1,250,32.5,3,0,0
1,250,33,3,0,0
1,250,4,32.5,0,0
1,250,4,33,0,0
1,250,1.5,4,0,0
1,250,2,4,0,0
1,250,3.5,1.5,0,0
1,250,3.5,2,0,0
1,250,32.5,3.5,0,0
1,250,33,3.5,0,0
1,250,4.5,32.5,0,0
1,250,4.5,33,0,0
1,250,1.5,4.5,0,0
1,250,2,4.5,0,0
1,250,4,1.5,0,0
1,250,4,2,0,0
1,250,32.5,4,0,0
1,250,33,4,0,0
1,250,5,32.5,0,0
1,250,5,33,0,0
1,250,1.5,5,0,0
1,250,2,5,0,0
1,250,4.5,1.5,0,0
1,250,4.5,2,0,0
1,250,32.5,4.5,0,0
1,250,33,4.5,0,0
1,250,5.5,32.5,0,0
1,250,5.5,33,0,0
1,250,1.5,5.5,0,0
1,250,2,5.5,0,0
1,250,5,1.5,0,0
1,250,5,2,0,0
1,250,32.5,5,0,0
1,250,33,5,0,0
1,250,6,32.5,0,0
1,250,6,33,0,0
1,250,1.5,6,0,0
1,250,2,6,0,0
1,250,5.5,1.5,0,0
1,250,5.5,2,0,0
1,250,32.5,5.5,0,0
1,250,33,5.5,0,0
1,250,6.5,32.5,0,0
1,250,6.5,33,0,0
1,250,1.5,6.5,0,0
1,250,2,6.5,0,0
1,250,6,1.5,0,0
1,250,6,2,0,0
1,250,32.5,6,0,0
1,250,33,6,0,0
1,250,7,32.5,0,0
1,250,7,33,0,0
1,250,1.5,7,0,0
1,250,2,7,0,0
1,250,6.5,1.5,0,0
1,250,6.5,2,0,0
1,250,32.5,6.5,0,0
1,250,33,6.5,0,0
1,250,7.5,32.5,0,0
1,250,7.5,33,0,0
1,250,1.5,7.5,0,0
1,250,2,7.5,0,0
1,250,7,1.5,0,0
1,250,7,2,0,0
1,250,32.5,7,0,0
1,250,33,7,0,0
1,250,8,32.5,0,0
1,250,8,33,0,0
1,250,1.5,8,0,0
1,250,2,8,0,0
1,250,7.5,1.5,0,0
1,250,7.5,2,0,0
1,250,32.5,7.5,0,0
1,250,33,7.5,0,0
1,250,8.5,32.5,0,0
1,250,8.5,33,0,0
1,250,1.5,8.5,0,0
1,250,2,8.5,0,0
1,250,8,1.5,0,0
1,250,8,2,0,0
1,250,32.5,8,0,0
1,250,33,8,0,0
1,250,9,32.5,0,0
1,250,9,33,0,0
1,250,1.5,9,0,0
1,250,2,9,0,0
1,250,8.5,1.5,0,0
1,250,8.5,2,0,0
1,250,32.5,8.5,0,0
1,250,33,8.5,0,0
1,250,9.5,32.5,0,0
1,250,9.5,33,0,0
1,250,1.5,9.5,0,0
1,250,2,9.5,0,0
1,250,9,1.5,0,0
1,250,9,2,0,0
1,250,32.5,9,0,0
1,250,33,9,0,0
1,250,10,32.5,0,0
1,250,10,33,0,0
1,250,1.5,10,0,0
1,250,2,10,0,0
1,250,9.5,1.5,0,0
1,250,9.5,2,0,0
1,250,32.5,9.5,0,0
1,250,33,9.5,0,0
1,250,10.5,32.5,0,0
1,250,10.5,33,0,0
1,250,1.5,10.5,0,0
1,250,2,10.5,0,0
1,250,10,1.5,0,0
1,250,10,2,0,0
1,250,32.5,10,0,0
1,250,33,10,0,0
1,250,11,32.5,0,0
1,250,11,33,0,0
1,250,1.5,11,0,0
1,250,2,11,0,0
1,250,10.5,1.5,0,0
1,250,10.5,2,0,0
1,250,32.5,10.5,0,0
1,250,33,10.5,0,0
1,250,11.5,32.5,0,0
1,250,11.5,33,0,0
1,250,1.5,11.5,0,0
1,250,2,11.5,0,0
1,250,11,1.5,0,0
1,250,11,2,0,0
1,250,32.5,11,0,0
1,250,33,11,0,0
1,250,12,32.5,0,0
1,250,12,33,0,0
1,250,1.5,12,0,0
1,250,2,12,0,0
1,250,11.5,1.5,0,0
1,250,11.5,2,0,0
1,250,32.5,11.5,0,0
1,250,33,11.5,0,0
1,250,12.5,32.5,0,0
1,250,12.5,33,0,0
1,250,1.5,12.5,0,0
1,250,2,12.5,0,0
1,250,12,1.5,0,0
1,250,12,2,0,0
1,250,32.5,12,0,0
1,250,33,12,0,0
1,250,13,32.5,0,0
1,250,13,33,0,0
1,250,1.5,13,0,0
1,250,2,13,0,0
1,250,12.5,1.5,0,0
1,250,12.5,2,0,0
1,250,32.5,12.5,0,0
1,250,33,12.5,0,0
1,250,13.5,32.5,0,0
1,250,13.5,33,0,0
1,250,1.5,13.5,0,0
1,250,2,13.5,0,0
1,250,13,1.5,0,0
1,250,13,2,0,0
1,250,32.5,13,0,0
1,250,33,13,0,0
1,250,14,32.5,0,0
1,250,14,33,0,0
1,250,1.5,14,0,0
1,250,2,14,0,0
1,250,13.5,1.5,0,0
1,250,13.5,2,0,0
1,250,32.5,13.5,0,0
1,250,33,13.5,0,0
1,250,14.5,32.5,0,0
1,250,14.5,33,0,0
1,250,1.5,14.5,0,0
1,250,2,14.5,0,0
1,250,14,1.5,0,0
1,250,14,2,0,0
1,250,32.5,14,0,0
1,250,33,14,0,0
1,250,15,32.5,0,0
1,250,15,33,0,0
1,250,1.5,15,0,0
1,250,2,15,0,0
1,250,14.5,1.5,0,0
1,250,14.5,2,0,0
1,250,32.5,14.5,0,0
1,250,33,14.5,0,0
1,250,15.5,32.5,0,0
1,250,15.5,33,0,0
1,250,1.5,15.5,0,0
1,250,2,15.5,0,0
1,250,15,1.5,0,0
1,250,15,2,0,0
1,250,32.5,15,0,0
1,250,33,15,0,0
1,250,16,32.5,0,0
1,250,16,33,0,0
1,250,1.5,16,0,0
1,250,2,16,0,0
1,250,15.5,1.5,0,0
1,250,15.5,2,0,0
1,250,32.5,15.5,0,0
1,250,33,15.5,0,0
1,250,16.5,32.5,0,0
1,250,16.5,33,0,0
1,250,1.5,16.5,0,0
1,250,2,16.5,0,0
1,250,16,1.5,0,0
1,250,16,2,0,0
1,250,32.5,16,0,0
1,250,33,16,0,0
1,250,17,32.5,0,0
1,250,17,33,0,0
1,250,1.5,17,0,0
1,250,2,17,0,0
1,250,16.5,1.5,0,0
1,250,16.5,2,0,0
1,250,32.5,16.5,0,0
1,250,33,16.5,0,0
1,250,17.5,32.5,0,0
1,250,17.5,33,0,0
1,250,1.5,17.5,0,0
1,250,2,17.5,0,0
1,250,17,1.5,0,0
1,250,17,2,0,0
1,250,32.5,17,0,0
1,250,33,17,0,0
1,250,18,32.5,0,0
1,250,18,33,0,0
1,250,1.5,18,0,0
1,250,2,18,0,0
1,250,17.5,1.5,0,0
1,250,17.5,2,0,0
1,250,32.5,17.5,0,0
1,250,33,17.5,0,0
1,250,18.5,32.5,0,0
1,250,18.5,33,0,0
1,250,1.5,18.5,0,0
1,250,2,18.5,0,0
1,250,18,1.5,0,0
1,250,18,2,0,0
1,250,32.5,18,0,0
1,250,33,18,0,0
1,250,19,32.5,0,0
1,250,19,33,0,0
1,250,1.5,19,0,0
1,250,2,19,0,0
1,250,18.5,1.5,0,0
1,250,18.5,2,0,0
1,250,32.5,18.5,0,0
1,250,33,18.5,0,0
1,250,19.5,32.5,0,0
1,250,19.5,33,0,0
1,250,1.5,19.5,0,0
1,250,2,19.5,0,0
1,250,19,1.5,0,0
1,250,19,2,0,0
1,250,32.5,19,0,0
1,250,33,19,0,0
1,250,20,32.5,0,0
1,250,20,33,0,0
1,250,1.5,20,0,0
1,250,2,20,0,0
1,250,19.5,1.5,0,0
1,250,19.5,2,0,0
1,250,32.5,19.5,0,0
1,250,33,19.5,0,0
1,250,20.5,32.5,0,0
1,250,20.5,33,0,0
1,250,1.5,20.5,0,0
1,250,2,20.5,0,0
1,250,20,1.5,0,0
1,250,20,2,0,0
1,250,32.5,20,0,0
1,250,33,20,0,0
1,250,21,32.5,0,0
1,250,21,33,0,0
1,250,1.5,21,0,0
1,250,2,21,0,0
1,250,20.5,1.5,0,0
1,250,20.5,2,0,0
1,250,32.5,20.5,0,0
1,250,33,20.5,0,0
1,250,21.5,32.5,0,0
1,250,21.5,33,0,0
1,250,1.5,21.5,0,0
1,250,2,21.5,0,0
1,250,21,1.5,0,0
1,250,21,2,0,0
1,250,32.5,21,0,0
1,250,33,21,0,0
1,250,22,32.5,0,0
1,250,22,33,0,0
1,250,1.5,22,0,0
1,250,2,22,0,0
1,250,21.5,1.5,0,0
1,250,21.5,2,0,0
1,250,32.5,21.5,0,0
1,250,33,21.5,0,0
1,250,22.5,32.5,0,0
1,250,22.5,33,0,0
1,250,1.5,22.5,0,0
1,250,2,22.5,0,0
1,250,22,1.5,0,0
1,250,22,2,0,0
1,250,32.5,22,0,0
1,250,33,22,0,0
1,250,23,32.5,0,0
1,250,23,33,0,0
1,250,1.5,23,0,0
1,250,2,23,0,0
1,250,22.5,1.5,0,0
1,250,22.5,2,0,0
1,250,32.5,22.5,0,0
1,250,33,22.5,0,0
1,250,23.5,32.5,0,0
1,250,23.5,33,0,0
1,250,1.5,23.5,0,0
1,250,2,23.5,0,0
1,250,23,1.5,0,0
1,250,23,2,0,0
1,250,32.5,23,0,0
1,250,33,23,0,0
1,250,24,32.5,0,0
1,250,24,33,0,0
1,250,1.5,24,0,0
1,250,2,24,0,0
1,250,23.5,1.5,0,0
1,250,23.5,2,0,0
1,250,32.5,23.5,0,0
1,250,33,23.5,0,0
1,250,24.5,32.5,0,0
1,250,24.5,33,0,0
1,250,1.5,24.5,0,0
1,250,2,24.5,0,0
1,250,24,1.5,0,0
1,250,24,2,0,0
1,250,32.5,24,0,0
1,250,33,24,0,0
1,250,25,32.5,0,0
1,250,25,33,0,0
1,250,1.5,25,0,0
1,250,2,25,0,0
1,250,24.5,1.5,0,0
1,250,24.5,2,0,0
1,250,32.5,24.5,0,0
1,250,33,24.5,0,0
1,250,25.5,32.5,0,0
1,250,25.5,33,0,0
1,250,1.5,25.5,0,0
1,250,2,25.5,0,0
1,250,25,1.5,0,0
1,250,25,2,0,0
1,250,32.5,25,0,0
1,250,33,25,0,0
1,250,26,32.5,0,0
1,250,26,33,0,0
1,250,1.5,26,0,0
1,250,2,26,0,0
1,250,25.5,1.5,0,0
1,250,25.5,2,0,0
1,250,32.5,25.5,0,0
1,250,33,25.5,0,0
1,250,26.5,32.5,0,0
1,250,26.5,33,0,0
1,250,1.5,26.5,0,0
1,250,2,26.5,0,0
1,250,26,1.5,0,0
1,250,26,2,0,0
1,250,32.5,26,0,0
1,250,33,26,0,0
1,250,27,32.5,0,0
1,250,27,33,0,0
1,250,1.5,27,0,0
1,250,2,27,0,0
1,250,26.5,1.5,0,0
1,250,26.5,2,0,0
1,250,32.5,26.5,0,0
1,250,33,26.5,0,0
1,250,27.5,32.5,0,0
1,250,27.5,33,0,0
1,250,1.5,27.5,0,0
1,250,2,27.5,0,0
1,250,27,1.5,0,0
1,250,27,2,0,0
1,250,32.5,27,0,0
1,250,33,27,0,0
1,250,28,32.5,0,0
1,250,28,33,0,0
1,250,1.5,28,0,0
1,250,2,28,0,0
1,250,27.5,1.5,0,0
1,250,27.5,2,0,0
1,250,32.5,27.5,0,0
1,250,33,27.5,0,0
1,250,28.5,32.5,0,0
1,250,28.5,33,0,0
1,250,1.5,28.5,0,0
1,250,2,28.5,0,0
1,250,28,1.5,0,0
1,250,28,2,0,0
1,250,32.5,28,0,0
1,250,33,28,0,0
1,250,29,32.5,0,0
1,250,29,33,0,0
1,250,1.5,29,0,0
1,250,2,29,0,0
1,250,28.5,1.5,0,0
1,250,28.5,2,0,0
1,250,32.5,28.5,0,0
1,250,33,28.5,0,0
1,250,29.5,32.5,0,0
1,250,29.5,33,0,0
1,250,1.5,29.5,0,0
1,250,2,29.5,0,0
1,250,29,1.5,0,0
1,250,29,2,0,0
1,250,32.5,29,0,0
1,250,33,29,0,0
1,250,30,32.5,0,0
1,250,30,33,0,0
1,250,1.5,30,0,0
1,250,2,30,0,0
1,250,29.5,1.5,0,0
1,250,29.5,2,0,0
1,250,32.5,29.5,0,0
1,250,33,29.5,0,0
1,250,30.5,32.5,0,0
1,250,30.5,33,0,0
1,250,1.5,30.5,0,0
1,250,2,30.5,0,0
1,250,30,1.5,0,0
1,250,30,2,0,0
1,250,32.5,30,0,0
1,250,33,30,0,0
1,250,31,32.5,0,0
1,250,31,33,0,0
1,250,1.5,31,0,0
1,250,2,31,0,0
1,250,30.5,1.5,0,0
1,250,30.5,2,0,0
1,250,32.5,30.5,0,0
1,250,33,30.5,0,0
1,250,31.5,32.5,0,0
1,250,31.5,33,0,0
1,250,1.5,31.5,0,0
1,250,2,31.5,0,0
1,250,31,1.5,0,0
1,250,31,2,0,0
1,250,32.5,31,0,0
1,250,33,31,0,0
1,250,32,32.5,0,0
1,250,32,33,0,0
1,250,1.5,32,0,0
1,250,2,32,0,0
1,250,31.5,1.5,0,0
1,250,31.5,2,0,0
1,250,32.5,31.5,0,0
1,250,33,31.5,0,0
1,250,32.5,32.5,0,0
1,250,32.5,33,0,0
1,250,1.5,32.5,0,0
1,250,2,32.5,0,0
1,250,32,1.5,0,0
1,250,32,2,0,0
1,250,32.5,32,0,0
1,250,33,32,0,0
1,250,33,32.5,0,0
1,250,33,33,0,0
1,250,1.5,33,0,0
1,250,2,33,0,0
