50,0.626983,4.43255
100,2.96208,10.2234
150,6.72069,15.6661
200,11.3483,17.7142
250,16.7298,23.125
300,22.6801,33.7986
350,29.008,38.3187
400,35.8211,40.2808
450,42.9465,49.0488
500,50.2184,55.4805
550,57.1751,53.4266
600,64.7404,64.6268
650,73.3555,64.8626
700,81.6567,78.7717
750,90.0841,81.1405
800,95.8906,84.9016
850,99.9438,88.9842
900,103.669,92.5355
950,105.823,96.7677
1000,107.881,98.1875
1050,109.648,101.722
1100,110.862,103.261
1150,111.446,104.405
1200,112.467,109.429
1250,113.198,105.086
1300,113.329,104.928
1350,113.903,109.967
1400,114.153,106.893
1450,115.053,103.298
1500,115.059,101.303
1550,115.252,103.912
1600,115.63,99.8154
1650,115.302,100.469
1700,114.925,98.4386
1750,113.075,100.494
1800,110.706,100.198
1850,107.649,97.7054
1900,104.223,97.9438
1950,100.091,98.6814
2000,97.2884,92.7879
2050,94.737,91.9542
2100,92.6227,85.3188
2150,90.463,85.424
2200,89.5597,85.5789
2250,89.2049,80.1542
2300,88.0829,80.6155
2350,87.8485,79.8072
2400,87.0105,78.4296
2450,85.6559,77.7686
2500,84.1402,83.1324
2550,82.2914,87.6528
2600,80.3154,90.2959
2650,79.4648,85.4986
2700,79.3943,85.7524
2750,79.3126,96.5892
2800,81.0226,90.8845
2850,83.1995,99.0818
2900,85.752,94.6054
2950,87.5784,85.5016
3000,89.6665,99.147
3050,92.978,95.7596
3100,95.3335,96.7181
3150,94.6639,89.647
3200,93.1426,93.2377
3250,89.7213,94.3179
3300,85.5655,83.792
3350,82.3453,87.8722
3400,81.5182,86.9996
3450,79.9016,80.4231
3500,79.1928,80.8488
3550,78.6812,78.472
3600,78.7641,82.9051
3650,80.3592,74.5233
3700,79.0251,82.6867
3750,78.9461,75.029
3800,77.229,75.8452
3850,74.6672,78.5901
3900,71.4664,73.2539
3950,68.9148,70.9429
4000,66.27,70.8092
4050,63.5865,73.2457
4100,64.5012,66.6391
4150,65.0918,73.7552
4200,66.5163,76.3859
4250,67.6382,69.7729
4300,68.2114,77.9652
4350,66.313,72.2684
4400,64.7449,70.8101
4450,64.1231,76.5761
4500,64.2383,70.3514
4550,63.0303,73.1973
4600,61.6133,83.1438
4650,61.474,80.171
4700,61.9141,80.5325
4750,62.2935,68.3593
4800,62.2136,66.2862
4850,62.0515,63.3552
4900,60.1118,69.2426
4950,58.4064,68.7438
5000,57.688,61.9077
5050,55.1633,65.9749
5100,53.6384,63.5346
5150,53.006,63.0352
5200,52.5819,57.7024
5250,51.1162,56.5124
5300,50.6535,52.9639
5350,48.9091,54.7683
5400,48.0482,59.0323
5450,47.9285,55.6384
5500,47.5608,58.2212
5550,47.4683,61.7434
5600,49.3407,52.8672
5650,49.9303,59.9967
5700,50.3045,56.384
5750,49.0817,59.8439
5800,48.0972,59.1149
5850,46.6907,55.2266
5900,45.0259,53.5431
5950,44.2042,53.1638
6000,45.0908,51.8727
6050,45.294,51.9729
6100,45.3909,53.1311
6150,42.7362,54.0227
6200,40.6974,52.6726
6250,40.8747,55.7224
6300,43.1715,53.5927
6350,43.3824,61.6816
6400,42.9119,52.1078
6450,41.7593,54.6545
6500,40.7506,45.608
6550,38.4607,47.4204
6600,38.3768,44.847
6650,39.6769,51.2257
6700,41.7601,54.5582
6750,43.4891,47.9878
6800,43.2718,53.0349
6850,42.3325,45.298
6900,40.1807,45.5208
6950,39.0573,46.5705
7000,38.2037,49.6069
7050,37.7087,45.1995
7100,36.6464,47.058
7150,36.5421,44.274
7200,36.9097,51.0866
7250,39.3534,51.227
7300,40.7147,57.7391
7350,42.5475,47.8923
7400,42.5788,48.1622
7450,41.3269,55.748
7500,39.453,50.493
7550,38.2895,47.9099
7600,39.503,51.9336
7650,39.1338,54.8871
7700,39.8963,51.9048
7750,41.951,47.4739
7800,41.0973,45.668
7850,39.7663,46.601
7900,38.9441,54.1742
7950,39.2217,54.2258
8000,40.3189,54.8993
8050,39.9377,47.2224
8100,39.0002,56.7966
8150,40.2932,56.3691
8200,40.3261,52.4801
8250,40.7699,56.1213
8300,41.199,48.1639
8350,42.0533,52.302
8400,41.3363,55.9232
8450,42.2932,45.4595
8500,42.1612,53.7632
8550,42.4739,48.6491
8600,42.2952,53.0351
8650,44.9591,61.358
8700,48.3479,58.4213
8750,51.8258,70.8987
8800,56.6189,65.8782
8850,57.72,73.9094
8900,60.902,76.1051
8950,62.514,72.9016
9000,62.9959,77.1509
9050,62.2306,75.2887
9100,61.5276,75.6877
9150,61.7192,89.9274
9200,64.3953,91.8861
9250,66.9207,81.4308
9300,68.1434,77.5189
9350,66.4957,85.7901
9400,69.1768,83.4562
9450,74.7076,85.1605
9500,78.0839,100.884
9550,83.4574,114.325
9600,88.313,99.0403
9650,90.9945,106.784
9700,94.3462,120.924
9750,95.5635,108.837
9800,94.3122,113.054
9850,92.959,101.41
9900,88.5094,105.624
9950,82.7043,96.6411
10000,75.9828,89.3357
10050,67.379,89.2424
10100,60.3444,85.3358
10150,56.554,71.8806
10200,53.6874,71.0389
10250,52.0045,67.8213
10300,49.4803,66.6285
10350,45.9633,70.6417
10400,47.887,59.3865
10450,45.62,68.357
10500,44.8264,65.2479
10550,44.3009,64.2903
10600,42.7748,66.8391
10650,42.7474,65.5151
10700,40.4537,61.2045
10750,40.2545,69.1953
10800,41.0257,65.5068
10850,41.4785,58.8336
10900,40.0386,58.8541
10950,37.9062,62.4812
11000,37.6885,54.0136
11050,36.028,56.9329
11100,36.1879,62.9978
11150,37.3932,60.7464
11200,37.3693,56.2703
11250,38.5611,59.0265
11300,38.3422,63.3539
11350,38.7914,58.8822
11400,36.1521,56.7012
11450,34.8675,56.1079
11500,34.154,50.2022
11550,33.3441,53.7757
11600,34.9938,54.794
11650,35.0679,58.5589
11700,35.7397,59.5406
11750,36.5632,55.8537
11800,37.5767,52.5871
11850,38.3788,55.2598
11900,37.6324,57.5022
11950,37.4143,53.1658
12000,37.3514,47.0781
12050,37.1303,51.9731
12100,37.3941,57.5753
12150,36.2078,52.9115
12200,36.1711,49.1373
12250,36.4324,44.688
12300,36.4763,45.6001
12350,38.1857,49.4277
12400,39.422,51.2343
12450,41.2219,46.9873
12500,43.9504,56.8358
12550,47.5604,52.7922
12600,51.7548,53.0725
12650,53.7691,66.9336
12700,52.5549,66.6569
12750,51.9288,57.9137
12800,48.0561,61.8992
12850,48.1214,70.0936
12900,47.9939,67.9735
12950,50.6618,70.0249
13000,54.149,56.6695
13050,57.5062,66.8509
13100,59.9818,64.8888
13150,60.1902,73.2429
13200,63.4955,71.9591
13250,66.8202,79.2237
13300,67.5079,83.3934
13350,68.4894,95.8295
13400,63.2548,70.5108
13450,55.7765,68.0808
13500,49.251,59.3582
13550,45.2181,57.0562
13600,45.0954,70.3197
13650,43.2637,62.2409
13700,43.3913,53.3192
13750,45.1335,54.6125
13800,46.8849,51.6255
13850,48.1745,48.656
13900,49.3875,51.8012
13950,48.6529,54.793
14000,48.112,62.4902
14050,48.5656,66.5803
14100,48.7659,59.3426
14150,45.7682,57.84
14200,45.17,55.8419
14250,44.072,54.8772
14300,44.1154,53.0219
14350,42.7954,55.1058
14400,42.2061,51.02
14450,42.4086,50.3186
14500,41.8539,53.0809
14550,43.4345,52.3644
14600,42.5007,50.6669
14650,42.5809,51.0774
14700,41.6034,60.6215
14750,43.1604,59.2689
14800,43.5433,47.028
14850,46.7342,55.592
14900,49.7476,55.249
14950,51.359,58.27
15000,56.3221,60.4441
15050,60.8984,64.3479
15100,63.8371,75.4158
15150,68.3086,79.8925
15200,71.3557,86.3423
15250,73.9411,80.0224
15300,73.0413,78.2911
15350,69.7875,81.7436
15400,67.4145,75.234
15450,64.283,67.6461
15500,60.816,69.9218
15550,55.0049,68.9598
15600,51.3295,64.7545
15650,48.7502,58.0953
15700,49.0049,55.2189
15750,48.7521,57.1411
15800,48.5759,54.648
15850,49.0644,56.1124
15900,48.5463,57.648
15950,48.8495,59.7671
16000,47.2612,60.7957
16050,44.2994,57.1696
16100,42.5296,55.0302
16150,41.7379,49.1355
16200,39.7137,51.3509
16250,39.7192,48.6642
16300,39.7245,49.0645
16350,40.049,48.0099
16400,39.4757,52.0895
16450,39.0931,52.2392
16500,38.3589,55.276
16550,38.2518,48.1483
16600,37.3869,50.0249
16650,37.2932,52.0142
16700,37.4127,54.366
16750,38.5875,51.3132
16800,39.8597,52.9669
16850,40.2921,53.213
16900,39.5759,52.8319
16950,39.8787,54.7788
17000,41.0359,50.3538
17050,41.653,55.0218
17100,42.4291,55.0076
17150,44.4275,55.7782
17200,47.0722,59.1963
17250,50.1381,54.3264
17300,51.2922,64.23
17350,53.3805,67.1777
17400,53.3465,74.5902
17450,53.835,74.7162
17500,54.1456,63.904
17550,53.8231,64.2628
17600,53.0124,68.4302
17650,52.141,60.9027
17700,49.8363,60.5072
17750,48.2753,60.1415
17800,46.7995,58.2156
17850,44.6771,63.0568
17900,44.7261,53.2821
17950,43.1886,59.4116
18000,44.0021,54.2101
18050,44.0895,58.3139
18100,44.9477,56.3064
18150,46.6397,55.8493
18200,48.4508,64.1877
18250,48.6795,56.3374
18300,47.862,60.3512
18350,48.0814,67.6768
18400,47.9702,63.5678
18450,48.8794,63.532
18500,50.7151,64.3555
18550,51.3077,60.7578
18600,51.37,67.5682
18650,52.4673,67.8091
18700,52.0334,71.886
18750,53.4327,67.8677
18800,54.3294,68.5897
18850,54.7505,69.4437
18900,53.4363,68.562
18950,52.4743,63.904
19000,49.8566,62.9888
19050,47.1925,61.9357
19100,45.7716,61.0631
19150,43.8376,58.791
19200,42.2853,54.3758
19250,40.9175,53.0747
19300,40.1479,52.2476
19350,39.6221,56.9706
19400,39.094,53.9272
19450,39.7418,54.8751
19500,40.1646,53.1229
19550,40.1703,51.542
19600,40.8809,57.2016
19650,41.4203,59.6775
19700,42.2369,58.8535
19750,44.7417,60.1211
19800,46.2557,62.8476
19850,47.6525,67.7711
19900,49.2376,64.5702
19950,50.883,67.3446
20000,52.013,72.287
